2018-12-04T06:35:30,32.0,178.3,224.8,1.0,290.0,239.6
2018-12-04T06:36:02,32.0,155.9,223.6,1.0,290.0,239.6
2018-12-04T06:36:33,32.0,160.6,232.4,0.9,300.0,241.5
2018-12-04T06:37:04,32.0,180.7,231.3,0.8,300.0,239.6
2018-12-04T06:37:35,32.2,170.1,232.4,0.9,300.0,238.6
2018-12-04T06:38:06,32.2,191.3,232.4,0.9,310.0,238.6
2018-12-04T06:38:37,32.0,213.2,217.7,0.7,310.0,241.5
2018-12-04T06:39:08,32.0,214.4,230.7,0.6,310.0,240.6
2018-12-04T06:39:39,32.2,204.3,228.9,0.7,310.0,242.5
2018-12-04T06:40:10,32.2,212.6,218.3,0.7,320.0,241.5
2018-12-04T06:40:41,32.2,191.9,241.3,0.8,320.0,241.5
2018-12-04T06:41:13,32.3,169.5,222.4,0.9,320.0,240.6
2018-12-04T06:41:44,32.3,157.1,213.5,1.0,320.0,242.5
2018-12-04T06:42:15,32.3,177.2,234.2,1.0,330.0,240.6
2018-12-04T06:42:46,32.4,187.8,231.3,0.7,330.0,240.6
2018-12-04T06:43:17,32.4,185.4,224.2,0.6,330.0,240.6
2018-12-04T06:43:48,32.4,182.5,223.6,0.6,330.0,239.6
2018-12-04T06:44:19,32.4,168.3,227.7,0.6,340.0,242.5
2018-12-04T06:44:50,32.5,189.6,228.9,0.6,340.0,241.5
2018-12-04T06:45:21,32.5,210.8,234.2,0.5,340.0,242.5
2018-12-04T06:45:53,32.5,199.6,219.4,0.5,340.0,240.6
2018-12-04T06:46:24,32.6,209.7,212.3,0.4,340.0,240.6
2018-12-04T06:46:55,32.6,204.3,233.6,0.5,350.0,241.5
2018-12-04T06:47:26,32.6,209.1,225.9,0.5,350.0,241.5
2018-12-04T06:47:57,32.6,213.8,222.4,0.5,350.0,240.6
2018-12-04T06:48:28,32.6,204.3,228.3,0.4,350.0,241.5
2018-12-04T06:48:59,32.6,210.2,229.5,0.4,350.0,241.5
2018-12-04T06:49:30,32.7,202.6,221.8,0.4,350.0,240.6
2018-12-04T06:50:01,32.7,181.9,201.7,0.4,360.0,240.6
2018-12-04T06:50:33,32.7,161.2,222.4,0.5,360.0,242.5
2018-12-04T06:51:04,32.7,168.3,235.4,0.5,360.0,240.6
2018-12-04T06:51:35,32.7,190.2,213.5,0.5,360.0,240.6
2018-12-04T06:52:06,32.9,213.2,220.6,0.5,360.0,239.6
2018-12-04T06:52:37,32.9,197.3,205.8,0.5,360.0,239.6
2018-12-04T06:53:08,32.9,171.3,183.3,0.9,370.0,240.6
2018-12-04T06:53:39,32.9,176.6,190.4,0.8,370.0,240.6
2018-12-04T06:54:10,32.9,152.4,218.3,1.0,370.0,242.5
2018-12-04T06:54:41,32.9,170.1,240.1,1.1,370.0,240.6
2018-12-04T06:55:12,33.0,173.6,234.2,1.2,380.0,240.6
2018-12-04T06:55:44,33.0,188.4,220.0,1.0,380.0,239.6
2018-12-04T06:56:15,33.0,184.3,241.3,1.0,380.0,238.6
2018-12-04T06:56:46,33.1,194.9,228.3,0.9,390.0,237.7
2018-12-04T06:57:17,33.0,203.7,223.6,0.9,390.0,238.6
2018-12-04T06:57:48,33.0,213.8,241.9,0.9,390.0,237.7
2018-12-04T06:58:19,33.0,209.7,224.8,0.8,400.0,239.6
2018-12-04T06:58:50,33.1,213.2,229.5,0.8,400.0,238.6
2018-12-04T06:59:21,33.1,209.7,214.7,0.8,400.0,237.7
2018-12-04T06:59:52,33.1,204.3,211.7,0.7,400.0,238.6
2018-12-04T07:00:23,33.1,191.3,200.5,0.9,410.0,238.6
2018-12-04T07:00:55,33.2,206.7,220.0,0.7,410.0,238.6
2018-12-04T07:01:27,33.2,209.7,245.5,0.9,410.0,238.6
2018-12-04T07:01:58,33.2,210.2,226.5,1.0,420.0,238.6
2018-12-04T07:02:29,33.2,202.0,229.5,0.9,420.0,238.6
2018-12-04T07:03:00,33.2,217.3,235.4,0.9,420.0,239.6
2018-12-04T07:03:31,33.3,216.2,230.7,0.8,430.0,239.6
2018-12-04T07:04:02,33.3,201.4,248.4,1.0,430.0,240.6
2018-12-04T07:04:33,33.3,217.9,222.4,1.0,430.0,239.6
2018-12-04T07:05:04,33.3,213.8,231.3,1.0,440.0,240.6
2018-12-04T07:05:35,33.3,206.1,238.4,1.0,440.0,241.5
2018-12-04T07:06:07,33.4,185.4,218.3,1.1,440.0,241.5
2018-12-04T07:06:38,33.4,168.9,237.2,1.3,450.0,242.5
2018-12-04T07:07:09,33.4,191.3,224.2,1.2,450.0,241.5
2018-12-04T07:07:40,33.3,214.4,235.4,1.1,450.0,239.6
2018-12-04T07:08:11,33.3,207.9,228.3,1.1,460.0,239.6
2018-12-04T07:08:42,33.3,205.5,225.9,1.1,460.0,239.6
2018-12-04T07:09:13,33.3,207.9,240.1,1.1,470.0,240.6
2018-12-04T07:09:44,33.3,204.3,221.2,1.2,470.0,238.6
2018-12-04T07:10:15,33.3,195.5,224.2,1.1,470.0,240.6
2018-12-04T07:10:46,33.3,213.2,244.3,1.1,480.0,238.6
2018-12-04T07:11:18,33.3,215.6,221.2,1.1,480.0,240.6
2018-12-04T07:11:49,33.2,195.5,234.8,1.2,490.0,240.6
2018-12-04T07:12:20,33.3,187.8,234.2,1.1,490.0,241.5
2018-12-04T07:12:51,33.2,210.2,227.1,1.1,500.0,241.5
2018-12-04T07:13:22,33.2,212.6,236.0,1.1,500.0,241.5
2018-12-04T07:13:53,33.2,191.3,211.7,1.2,500.0,240.6
2018-12-04T07:14:24,33.3,210.2,232.4,1.2,510.0,239.6
2018-12-04T07:14:55,33.3,203.7,234.2,1.3,510.0,241.5
2018-12-04T07:15:26,33.4,218.5,223.6,1.0,520.0,240.6
2018-12-04T07:15:57,33.4,199.0,208.2,1.0,520.0,240.6
2018-12-04T07:16:29,33.4,176.6,192.2,1.3,530.0,239.6
2018-12-04T07:17:00,33.5,181.3,221.2,1.3,530.0,240.6
2018-12-04T07:17:31,33.5,188.4,222.4,1.4,530.0,242.5
2018-12-04T07:18:02,33.5,189.6,229.5,1.4,540.0,241.5
2018-12-04T07:18:33,33.5,192.5,239.0,1.3,540.0,242.5
2018-12-04T07:19:04,33.7,186.6,216.5,1.4,550.0,243.5
2018-12-04T07:19:35,33.7,185.4,242.5,1.5,550.0,243.5
2018-12-04T07:20:06,33.5,189.6,237.8,1.3,560.0,240.6
2018-12-04T07:20:37,33.4,178.3,228.3,1.6,560.0,240.6
2018-12-04T07:21:09,33.4,179.5,234.8,1.5,570.0,241.5
2018-12-04T07:21:40,33.5,185.4,231.3,1.6,580.0,240.6
2018-12-04T07:22:11,33.5,187.2,234.2,1.6,580.0,241.5
2018-12-04T07:22:42,33.5,184.8,235.4,1.6,590.0,241.5
2018-12-04T07:23:13,33.5,208.5,219.4,1.5,590.0,242.5
2018-12-04T07:23:44,33.5,218.5,241.9,1.5,600.0,242.5
2018-12-04T07:24:15,33.7,206.7,229.5,1.6,610.0,243.5
2018-12-04T07:24:46,33.7,220.3,236.6,1.5,610.0,240.6
2018-12-04T07:25:17,33.5,203.2,227.7,1.7,620.0,242.5
2018-12-04T07:25:49,33.7,224.4,226.5,1.5,630.0,243.5
2018-12-04T07:26:20,33.8,218.5,230.7,1.7,640.0,243.5
2018-12-04T07:26:51,33.9,208.5,239.5,1.7,640.0,242.5
2018-12-04T07:27:22,33.9,198.4,223.6,1.8,650.0,244.4
2018-12-04T07:27:53,34.0,213.8,223.6,1.7,660.0,244.4
2018-12-04T07:28:24,34.0,216.7,239.5,1.9,660.0,243.5
2018-12-04T07:28:55,34.1,217.9,234.8,1.8,670.0,243.5
2018-12-04T07:29:26,34.1,210.2,247.2,1.9,680.0,243.5
2018-12-04T07:29:57,34.2,216.7,231.3,1.6,690.0,243.5
2018-12-04T07:30:28,34.2,208.5,243.1,1.8,690.0,243.5
2018-12-04T07:31:00,34.4,212.0,232.4,2.0,700.0,243.5
2018-12-04T07:31:31,34.4,214.4,219.4,1.8,710.0,242.5
2018-12-04T07:32:02,34.5,216.2,220.6,1.7,720.0,243.5
2018-12-04T07:32:33,34.5,215.6,221.2,1.4,720.0,242.5
2018-12-04T07:33:04,34.6,217.3,236.6,1.4,730.0,240.6
2018-12-04T07:33:35,34.6,219.1,228.3,1.2,730.0,240.6
2018-12-04T07:34:06,34.6,213.2,227.1,1.1,740.0,241.5
2018-12-04T07:34:37,34.7,189.6,204.6,1.3,740.0,241.5
2018-12-04T07:35:08,34.7,191.9,218.8,1.1,750.0,240.6
2018-12-04T07:35:39,34.7,190.2,227.1,1.1,750.0,241.5
2018-12-04T07:36:11,34.7,191.3,235.4,1.1,760.0,242.5
2018-12-04T07:36:42,34.8,169.5,228.3,1.3,760.0,243.5
2018-12-04T07:37:13,34.8,165.9,232.4,1.3,770.0,242.5
2018-12-04T07:37:44,34.8,192.5,225.4,1.3,770.0,243.5
2018-12-04T07:38:15,34.8,216.2,221.8,1.3,780.0,243.5
2018-12-04T07:38:46,34.9,215.0,228.9,1.2,780.0,242.5
2018-12-04T07:39:17,34.8,198.4,225.4,1.3,790.0,244.4
2018-12-04T07:39:48,34.9,216.2,217.1,1.3,790.0,243.5
2018-12-04T07:40:19,34.9,216.7,222.4,1.2,800.0,244.4
2018-12-04T07:40:50,34.9,207.3,233.0,1.2,800.0,243.5
2018-12-04T07:41:22,35.0,187.2,230.7,1.5,810.0,242.5
2018-12-04T07:41:53,35.0,177.2,245.5,1.8,810.0,245.4
2018-12-04T07:42:24,35.0,183.7,223.0,1.6,820.0,244.4
2018-12-04T07:42:55,35.0,185.4,225.9,1.8,820.0,246.4
2018-12-04T07:43:26,35.2,190.8,226.5,1.7,830.0,244.4
2018-12-04T07:43:57,35.2,210.8,233.6,1.5,840.0,245.4
2018-12-04T07:44:28,35.2,216.2,227.7,1.4,840.0,245.4
2018-12-04T07:44:59,35.3,219.1,221.8,1.5,850.0,244.4
2018-12-04T07:45:30,35.3,215.6,231.3,1.6,860.0,244.4
2018-12-04T07:46:01,35.3,207.9,224.2,1.7,860.0,245.4
2018-12-04T07:46:32,35.3,200.2,210.6,1.6,870.0,243.5
2018-12-04T07:47:03,35.3,202.6,214.1,1.7,870.0,244.4
2018-12-04T07:47:34,35.4,219.7,233.6,1.5,880.0,245.4
2018-12-04T07:48:05,35.4,215.6,229.5,1.6,890.0,245.4
2018-12-04T07:48:36,35.4,219.7,233.6,1.7,890.0,242.5
2018-12-04T07:49:07,35.4,208.5,235.4,1.8,900.0,245.4
2018-12-04T07:49:38,35.5,215.6,222.4,1.8,910.0,244.4
2018-12-04T07:50:09,35.5,197.3,234.8,2.1,920.0,246.4
2018-12-04T07:50:41,35.5,194.3,219.4,1.8,920.0,243.5
2018-12-04T07:51:13,35.6,185.4,234.8,2.2,930.0,244.4
2018-12-04T07:51:44,35.6,188.4,227.1,2.0,940.0,245.4
2018-12-04T07:52:15,35.6,180.7,220.0,2.1,950.0,245.4
2018-12-04T07:52:46,35.6,194.3,230.7,1.9,950.0,244.4
2018-12-04T07:53:17,35.7,168.3,224.8,2.2,960.0,245.4
2018-12-04T07:53:48,35.7,177.2,224.8,2.3,970.0,245.4
2018-12-04T07:54:19,35.7,198.4,229.5,2.0,980.0,244.4
2018-12-04T07:54:50,35.7,176.0,215.9,2.4,980.0,245.4
2018-12-04T07:55:21,35.7,183.1,218.8,2.1,990.0,245.4
2018-12-04T07:55:52,35.9,177.2,228.9,2.2,1000.0,244.4
2018-12-04T07:56:24,35.9,191.9,215.9,2.1,1010.0,244.4
2018-12-04T07:56:55,36.0,187.8,228.3,1.9,1020.0,245.4
2018-12-04T07:57:26,36.0,170.1,207.6,2.3,1020.0,247.3
2018-12-04T07:57:57,36.0,170.1,227.1,2.1,1030.0,248.3
2018-12-04T07:58:28,36.1,182.5,236.0,2.0,1040.0,245.4
2018-12-04T07:58:59,36.1,173.0,223.0,2.0,1040.0,245.4
2018-12-04T07:59:30,36.1,176.6,215.3,1.9,1050.0,245.4
2018-12-04T08:00:01,36.2,187.2,225.9,1.9,1060.0,244.4
2018-12-04T08:00:32,36.2,183.1,234.2,1.8,1060.0,244.4
2018-12-04T08:01:04,36.2,181.9,226.5,2.0,1070.0,245.4
2018-12-04T08:01:35,36.3,192.5,229.5,1.9,1080.0,246.4
2018-12-04T08:02:06,36.3,203.2,233.0,1.7,1090.0,247.3
2018-12-04T08:02:37,36.3,208.5,216.5,2.0,1090.0,245.4
2018-12-04T08:03:08,36.4,212.0,221.2,2.0,1100.0,245.4
2018-12-04T08:03:39,36.4,214.4,224.2,2.0,1110.0,246.4
2018-12-04T08:04:10,36.4,217.3,228.3,2.1,1120.0,246.4
2018-12-04T08:04:41,36.3,216.2,234.2,1.8,1120.0,246.4
2018-12-04T08:05:12,36.3,209.7,224.2,1.9,1130.0,247.3
2018-12-04T08:05:43,36.3,211.4,231.3,1.6,1140.0,246.4
2018-12-04T08:06:15,36.4,215.0,233.6,1.6,1150.0,246.4
2018-12-04T08:06:46,36.4,211.4,232.4,2.0,1150.0,246.4
2018-12-04T08:07:17,36.5,217.3,234.2,2.2,1160.0,248.3
2018-12-04T08:07:48,36.5,202.6,240.7,2.3,1170.0,247.3
2018-12-04T08:08:19,36.7,215.6,223.6,2.1,1180.0,247.3
2018-12-04T08:08:50,36.7,209.1,228.3,2.0,1190.0,245.4
2018-12-04T08:09:21,36.7,215.6,235.4,1.7,1200.0,246.4
2018-12-04T08:09:52,36.8,214.4,231.3,1.8,1200.0,245.4
2018-12-04T08:10:23,36.8,213.8,216.5,1.7,1210.0,246.4
2018-12-04T08:10:55,36.8,215.0,228.3,1.6,1220.0,246.4
2018-12-04T08:11:26,36.9,206.1,231.9,1.7,1220.0,247.3
2018-12-04T08:11:57,36.9,213.2,214.7,1.8,1230.0,246.4
2018-12-04T08:12:28,36.9,219.7,221.8,1.7,1240.0,247.3
2018-12-04T08:12:59,36.9,213.8,220.0,1.7,1250.0,248.3
2018-12-04T08:13:30,36.8,205.5,236.0,1.8,1250.0,246.4
2018-12-04T08:14:01,36.9,216.7,236.6,1.6,1260.0,246.4
2018-12-04T08:14:32,36.9,217.3,224.8,1.7,1270.0,249.3
2018-12-04T08:15:03,36.9,202.0,229.5,1.7,1270.0,247.3
2018-12-04T08:15:35,36.9,212.0,224.2,1.6,1280.0,248.3
2018-12-04T08:16:07,37.0,217.3,224.2,1.6,1290.0,248.3
2018-12-04T08:16:38,37.0,206.7,232.4,1.6,1300.0,248.3
2018-12-04T08:17:09,37.0,193.7,228.9,1.7,1300.0,248.3
2018-12-04T08:17:40,36.9,202.0,217.7,1.5,1310.0,248.3
2018-12-04T08:18:11,36.8,217.9,228.9,1.4,1320.0,248.3
2018-12-04T08:18:42,36.9,215.6,231.3,1.4,1320.0,248.3
2018-12-04T08:19:13,36.9,211.4,228.9,1.4,1330.0,247.3
2018-12-04T08:19:44,36.9,217.3,229.5,1.3,1330.0,248.3
2018-12-04T08:20:15,36.9,212.6,216.5,1.4,1340.0,248.3
2018-12-04T08:20:46,36.9,213.2,230.7,1.4,1350.0,247.3
2018-12-04T08:21:18,36.9,206.7,218.8,1.5,1350.0,248.3
2018-12-04T08:21:49,36.9,214.4,237.2,1.5,1360.0,247.3
2018-12-04T08:22:20,36.9,212.6,213.5,1.4,1370.0,247.3
2018-12-04T08:22:51,37.0,189.6,237.2,1.8,1370.0,248.3
2018-12-04T08:23:22,36.9,191.9,221.2,1.9,1380.0,247.3
2018-12-04T08:23:53,36.9,191.9,227.1,1.7,1390.0,248.3
2018-12-04T08:24:24,36.9,197.3,233.0,1.8,1390.0,248.3
2018-12-04T08:24:55,36.9,174.2,226.5,1.9,1400.0,246.4
2018-12-04T08:25:26,36.9,196.1,221.2,1.8,1410.0,248.3
2018-12-04T08:25:57,37.0,180.1,230.7,2.0,1420.0,247.3
2018-12-04T08:26:29,36.9,194.3,228.3,1.9,1420.0,248.3
2018-12-04T08:27:00,36.9,197.8,235.4,1.8,1430.0,247.3
2018-12-04T08:27:31,37.0,195.5,232.4,1.9,1440.0,248.3
2018-12-04T08:28:02,37.0,191.9,222.4,1.9,1440.0,247.3
2018-12-04T08:28:33,37.0,190.2,219.4,1.8,1450.0,248.3
2018-12-04T08:29:04,37.0,187.2,223.0,2.0,1460.0,248.3
2018-12-04T08:29:35,37.1,171.3,214.1,2.1,1470.0,248.3
2018-12-04T08:30:06,37.2,194.3,227.1,1.9,1470.0,247.3
2018-12-04T08:30:37,37.1,192.5,232.4,2.1,1480.0,248.3
2018-12-04T08:31:09,37.2,196.1,239.0,2.0,1490.0,248.3
2018-12-04T08:31:40,37.0,193.7,223.6,2.0,1500.0,248.3
2018-12-04T08:32:11,36.9,189.0,233.6,1.9,1510.0,248.3
2018-12-04T08:32:42,36.9,194.3,232.4,1.9,1510.0,248.3
2018-12-04T08:33:13,37.0,187.2,224.8,1.9,1520.0,248.3
2018-12-04T08:33:44,37.1,194.3,228.3,1.8,1530.0,247.3
2018-12-04T08:34:15,37.1,194.3,229.5,2.0,1540.0,247.3
2018-12-04T08:34:46,37.2,191.3,228.9,1.8,1540.0,250.2
2018-12-04T08:35:17,37.2,195.5,225.9,1.7,1550.0,248.3
2018-12-04T08:35:48,37.4,192.5,223.0,1.8,1560.0,248.3
2018-12-04T08:36:20,37.4,187.2,225.9,1.9,1570.0,248.3
2018-12-04T08:36:51,37.5,190.2,223.6,1.8,1570.0,248.3
2018-12-04T08:37:22,37.5,194.3,225.9,1.7,1580.0,247.3
2018-12-04T08:37:53,37.5,189.0,228.3,1.9,1590.0,247.3
2018-12-04T08:38:24,37.6,196.1,227.7,1.6,1590.0,246.4
2018-12-04T08:38:55,37.6,191.3,223.6,1.9,1600.0,247.3
2018-12-04T08:39:26,37.6,191.9,225.9,1.9,1610.0,248.3
2018-12-04T08:39:57,37.6,190.2,236.0,1.8,1620.0,247.3
2018-12-04T08:40:28,37.7,194.3,229.5,1.8,1620.0,247.3
2018-12-04T08:41:00,37.7,195.5,223.6,1.8,1630.0,248.3
2018-12-04T08:41:31,37.7,187.2,224.8,1.8,1640.0,246.4
2018-12-04T08:42:02,37.8,189.6,223.6,1.6,1640.0,247.3
2018-12-04T08:42:33,37.8,190.2,225.4,1.7,1650.0,247.3
2018-12-04T08:43:04,37.8,193.7,227.7,1.6,1660.0,246.4
2018-12-04T08:43:35,37.8,192.5,225.4,1.5,1660.0,248.3
2018-12-04T08:44:06,37.8,188.4,228.9,1.5,1670.0,246.4
2018-12-04T08:44:37,37.9,194.9,232.4,1.6,1680.0,246.4
2018-12-04T08:45:08,37.9,189.6,225.9,1.6,1680.0,247.3
2018-12-04T08:45:39,37.9,193.7,226.5,1.6,1690.0,247.3
2018-12-04T08:46:11,37.9,178.9,235.4,1.8,1700.0,247.3
2018-12-04T08:46:42,37.9,194.3,230.1,1.7,1700.0,246.4
2018-12-04T08:47:13,37.9,193.7,231.9,1.6,1710.0,245.4
2018-12-04T08:47:44,37.8,197.8,218.8,1.6,1720.0,246.4
2018-12-04T08:48:15,37.9,190.8,230.7,1.7,1720.0,246.4
2018-12-04T08:48:46,37.9,187.8,234.2,1.8,1730.0,245.4
2018-12-04T08:49:17,37.9,188.4,230.1,1.7,1740.0,246.4
2018-12-04T08:49:48,37.9,197.8,223.6,1.7,1750.0,246.4
2018-12-04T08:50:19,37.9,175.4,233.0,1.9,1750.0,246.4
2018-12-04T08:50:50,38.0,153.5,232.4,2.2,1760.0,245.4
2018-12-04T08:51:22,38.0,174.2,232.4,2.0,1770.0,244.4
2018-12-04T08:51:53,38.0,196.7,233.6,1.8,1780.0,245.4
2018-12-04T08:52:24,38.0,196.1,229.5,1.8,1780.0,244.4
2018-12-04T08:52:55,38.0,176.0,220.0,2.1,1790.0,246.4
2018-12-04T08:53:26,37.9,188.4,226.5,1.9,1800.0,245.4
2018-12-04T08:53:57,38.0,174.2,220.0,2.2,1810.0,247.3
2018-12-04T08:54:28,38.0,189.6,229.5,2.1,1820.0,246.4
2018-12-04T08:54:59,38.0,194.9,227.1,1.9,1820.0,247.3
2018-12-04T08:55:30,37.9,191.9,225.4,2.0,1830.0,246.4
2018-12-04T08:56:01,37.8,192.5,227.7,1.9,1840.0,246.4
2018-12-04T08:56:32,37.9,180.7,221.2,2.0,1850.0,245.4
2018-12-04T08:57:03,37.9,190.2,225.4,2.0,1860.0,246.4
2018-12-04T08:57:34,37.9,188.4,233.0,2.0,1870.0,246.4
2018-12-04T08:58:05,37.9,195.5,228.3,2.0,1870.0,246.4
2018-12-04T08:58:36,37.9,189.6,220.6,2.0,1880.0,246.4
2018-12-04T08:59:07,38.0,194.3,234.2,2.0,1890.0,246.4
2018-12-04T08:59:38,38.2,196.1,222.4,2.1,1900.0,245.4
2018-12-04T09:00:09,38.2,191.9,230.7,2.1,1910.0,246.4
2018-12-04T09:00:41,38.3,194.3,221.8,2.1,1920.0,245.4
2018-12-04T09:01:13,38.3,193.1,223.0,2.1,1920.0,246.4
2018-12-04T09:01:44,38.4,194.3,221.2,2.0,1930.0,246.4
2018-12-04T09:02:15,38.4,186.0,229.5,2.0,1940.0,246.4
2018-12-04T09:02:46,38.4,193.7,231.3,2.1,1950.0,246.4
2018-12-04T09:03:17,38.5,192.5,224.2,2.0,1960.0,246.4
2018-12-04T09:03:48,38.5,194.3,221.8,1.9,1960.0,245.4
2018-12-04T09:04:19,38.5,189.6,223.0,2.0,1970.0,246.4
2018-12-04T09:04:50,38.6,194.3,223.6,2.0,1980.0,244.4
2018-12-04T09:05:21,38.6,188.4,228.3,1.9,1990.0,244.4
2018-12-04T09:05:52,38.6,189.0,228.9,1.9,2000.0,244.4
2018-12-04T09:06:24,38.6,184.8,230.1,2.0,2000.0,243.5
2018-12-04T09:06:55,38.6,180.7,229.5,2.0,2010.0,245.4
2018-12-04T09:07:26,38.7,189.6,229.5,2.0,2020.0,244.4
2018-12-04T09:07:57,38.7,192.5,231.9,2.0,2030.0,244.4
2018-12-04T09:08:28,38.7,184.8,217.7,2.1,2040.0,244.4
2018-12-04T09:08:59,38.7,195.5,226.5,2.0,2040.0,246.4
2018-12-04T09:09:30,38.9,189.6,226.5,2.1,2050.0,243.5
2018-12-04T09:10:01,38.9,193.7,233.6,2.0,2060.0,243.5
2018-12-04T09:10:32,38.9,189.6,224.8,2.0,2070.0,243.5
2018-12-04T09:11:04,38.9,190.2,225.4,1.9,2080.0,244.4
2018-12-04T09:11:35,38.9,190.8,225.4,2.0,2090.0,244.4
2018-12-04T09:12:06,38.9,184.8,224.2,1.9,2090.0,244.4
2018-12-04T09:12:37,38.9,187.8,216.5,2.0,2100.0,243.5
2018-12-04T09:13:08,38.9,192.5,221.2,1.9,2110.0,241.5
2018-12-04T09:13:39,38.9,184.8,223.0,1.9,2120.0,241.5
2018-12-04T09:14:10,38.9,186.6,232.4,2.0,2120.0,241.5
2018-12-04T09:14:41,39.0,191.3,232.4,1.9,2130.0,241.5
2018-12-04T09:15:12,39.0,192.5,233.0,1.8,2140.0,241.5
2018-12-04T09:15:43,39.1,191.3,231.3,1.9,2150.0,242.5
2018-12-04T09:16:15,39.1,189.6,230.7,1.8,2160.0,241.5
2018-12-04T09:16:46,39.1,189.6,230.7,1.9,2160.0,242.5
2018-12-04T09:17:17,39.1,191.3,231.3,1.9,2170.0,242.5
2018-12-04T09:17:48,39.1,191.3,228.3,1.9,2180.0,243.5
2018-12-04T09:18:19,39.0,187.2,222.4,1.8,2180.0,243.5
2018-12-04T09:18:50,39.1,188.4,237.2,1.9,2190.0,244.4
2018-12-04T09:19:21,39.0,193.1,230.7,1.9,2200.0,244.4
2018-12-04T09:19:52,39.0,188.4,220.6,1.9,2210.0,244.4
2018-12-04T09:20:23,39.0,193.7,230.1,2.1,2220.0,244.4
2018-12-04T09:20:55,39.0,194.3,230.1,2.2,2230.0,244.4
2018-12-04T09:21:26,38.9,194.3,234.2,2.1,2230.0,244.4
2018-12-04T09:21:57,39.0,173.6,231.3,2.5,2240.0,244.4
2018-12-04T09:22:28,39.0,165.4,220.6,2.9,2250.0,246.4
2018-12-04T09:22:59,39.0,194.3,217.1,2.8,2260.0,245.4
2018-12-04T09:23:30,39.0,189.6,219.4,2.8,2270.0,246.4
2018-12-04T09:24:01,38.9,176.0,223.0,3.1,2290.0,246.4
2018-12-04T09:24:32,38.9,176.6,230.1,3.0,2300.0,246.4
2018-12-04T09:25:03,38.9,191.9,239.0,3.2,2310.0,246.4
2018-12-04T09:25:35,38.7,190.2,234.2,3.2,2320.0,246.4
2018-12-04T09:26:06,38.7,191.9,220.0,3.3,2330.0,246.4
2018-12-04T09:26:37,38.9,191.3,232.4,3.6,2350.0,246.4
2018-12-04T09:27:08,38.9,193.7,228.9,3.2,2360.0,247.3
2018-12-04T09:27:39,38.9,184.3,211.7,3.5,2370.0,247.3
2018-12-04T09:28:10,39.0,186.6,232.4,3.6,2380.0,247.3
2018-12-04T09:28:41,39.1,191.3,221.2,3.1,2400.0,248.3
2018-12-04T09:29:12,39.1,189.6,220.6,2.6,2410.0,246.4
2018-12-04T09:29:43,39.2,193.7,220.0,2.6,2420.0,246.4
2018-12-04T09:30:14,39.2,184.8,233.0,2.5,2430.0,246.4
2018-12-04T09:30:46,39.3,193.7,223.6,2.5,2440.0,247.3
2018-12-04T09:31:17,39.4,190.2,224.8,2.1,2450.0,245.4
2018-12-04T09:31:48,39.3,194.3,225.9,2.0,2460.0,246.4
2018-12-04T09:32:19,39.3,176.6,207.6,2.7,2470.0,246.4
2018-12-04T09:32:50,39.4,185.4,226.5,2.7,2480.0,247.3
2018-12-04T09:33:21,39.4,190.8,223.0,2.4,2490.0,246.4
2018-12-04T09:33:52,39.4,190.2,227.1,2.2,2490.0,246.4
2018-12-04T09:34:23,39.5,181.3,235.4,2.5,2500.0,246.4
2018-12-04T09:34:54,39.5,158.9,226.5,3.4,2510.0,248.3
2018-12-04T09:35:25,39.5,191.3,210.6,3.4,2530.0,248.3
2018-12-04T09:35:57,39.7,192.5,211.7,3.7,2540.0,248.3
2018-12-04T09:36:29,39.7,176.6,228.9,4.0,2550.0,248.3
2018-12-04T09:37:00,39.8,180.1,215.3,3.8,2570.0,248.3
2018-12-04T09:37:31,39.8,193.1,217.1,3.5,2580.0,249.3
2018-12-04T09:38:02,39.9,189.6,217.7,3.7,2600.0,247.3
2018-12-04T09:38:33,39.9,191.3,216.5,3.6,2610.0,247.3
2018-12-04T09:39:04,40.0,192.5,219.4,3.6,2620.0,249.3
2018-12-04T09:39:35,40.0,183.1,231.3,4.0,2640.0,249.3
2018-12-04T09:40:06,40.1,189.6,221.2,3.9,2650.0,249.3
2018-12-04T09:40:37,40.1,191.9,224.2,3.8,2670.0,248.3
2018-12-04T09:41:09,40.1,189.6,219.4,3.4,2680.0,247.3
2018-12-04T09:41:40,40.2,183.7,211.7,3.2,2690.0,247.3
2018-12-04T09:42:11,40.2,190.2,231.3,3.2,2710.0,248.3
2018-12-04T09:42:42,40.2,192.5,223.0,3.3,2720.0,248.3
2018-12-04T09:43:13,40.4,188.4,225.9,3.2,2730.0,248.3
2018-12-04T09:43:44,40.2,191.9,213.5,3.1,2740.0,248.3
2018-12-04T09:44:15,40.2,187.2,218.3,3.3,2760.0,247.3
2018-12-04T09:44:46,40.4,190.8,223.6,3.1,2770.0,249.3
2018-12-04T09:45:17,40.4,190.2,217.1,2.9,2780.0,247.3
2018-12-04T09:45:48,40.4,184.8,224.2,3.0,2790.0,247.3
2018-12-04T09:46:20,40.2,177.2,217.1,3.0,2800.0,247.3
2018-12-04T09:46:51,39.9,174.8,218.3,2.9,2810.0,247.3
2018-12-04T09:47:22,39.8,180.7,224.2,2.7,2830.0,248.3
2018-12-04T09:47:53,39.8,187.2,220.0,2.7,2840.0,247.3
2018-12-04T09:48:24,39.8,187.2,218.8,2.7,2850.0,246.4
2018-12-04T09:48:55,39.9,189.0,221.2,2.7,2860.0,247.3
2018-12-04T09:49:26,40.0,191.9,223.6,2.5,2870.0,245.4
2018-12-04T09:49:57,40.0,191.3,218.8,2.4,2880.0,246.4
2018-12-04T09:50:28,40.1,189.6,221.8,2.5,2890.0,245.4
2018-12-04T09:50:59,40.1,186.6,222.4,2.4,2900.0,245.4
2018-12-04T09:51:31,40.1,192.5,225.9,2.3,2910.0,244.4
2018-12-04T09:52:02,40.1,186.0,218.3,2.3,2910.0,246.4
2018-12-04T09:52:33,40.2,189.6,222.4,2.2,2920.0,245.4
2018-12-04T09:53:04,40.2,188.4,224.2,2.1,2930.0,244.4
2018-12-04T09:53:35,40.2,187.2,220.6,2.2,2940.0,246.4
2018-12-04T09:54:06,40.2,187.2,215.9,2.1,2950.0,245.4
2018-12-04T09:54:37,40.2,193.7,220.0,1.9,2960.0,245.4
2018-12-04T09:55:08,40.2,187.8,220.6,2.1,2970.0,245.4
2018-12-04T09:55:40,40.2,189.0,222.4,2.0,2980.0,244.4
2018-12-04T09:56:11,40.4,190.2,221.8,2.0,2980.0,244.4
2018-12-04T09:56:42,40.4,194.3,223.6,1.9,2990.0,244.4
2018-12-04T09:57:13,40.4,189.6,225.4,2.0,3000.0,244.4
2018-12-04T09:57:44,40.4,191.3,223.0,2.1,3010.0,245.4
2018-12-04T09:58:15,40.2,192.5,227.1,1.9,3020.0,246.4
2018-12-04T09:58:46,40.2,191.3,230.1,2.0,3030.0,245.4
2018-12-04T09:59:17,40.1,194.3,231.3,1.9,3030.0,246.4
2018-12-04T09:59:48,40.1,186.6,225.4,2.0,3040.0,245.4
2018-12-04T10:00:19,40.1,193.1,223.0,1.9,3050.0,245.4
2018-12-04T10:00:51,40.1,189.6,219.4,2.0,3060.0,243.5
2018-12-04T10:01:22,40.1,190.8,223.0,1.9,3070.0,244.4
2018-12-04T10:01:53,40.2,193.7,229.5,1.8,3080.0,244.4
2018-12-04T10:02:24,40.2,194.9,232.4,2.0,3080.0,245.4
2018-12-04T10:02:55,40.2,189.6,221.2,1.9,3090.0,245.4
2018-12-04T10:03:26,40.2,188.4,223.0,1.9,3100.0,244.4
2018-12-04T10:03:57,40.4,193.7,221.2,2.0,3110.0,243.5
2018-12-04T10:04:28,40.4,190.8,225.9,2.0,3110.0,245.4
2018-12-04T10:04:59,40.4,194.3,232.4,1.9,3120.0,245.4
2018-12-04T10:05:30,40.4,188.4,223.6,1.9,3130.0,244.4
2018-12-04T10:06:02,40.4,188.4,218.8,2.0,3140.0,244.4
2018-12-04T10:06:33,40.5,196.1,224.8,1.8,3150.0,244.4
2018-12-04T10:07:04,40.5,187.8,233.0,1.9,3150.0,244.4
2018-12-04T10:07:35,40.4,193.7,230.1,1.9,3160.0,244.4
2018-12-04T10:08:06,40.5,187.8,227.7,2.0,3170.0,244.4
2018-12-04T10:08:37,40.5,181.9,218.3,2.1,3180.0,244.4
2018-12-04T10:09:08,40.5,160.6,225.4,2.4,3190.0,243.5
2018-12-04T10:09:39,40.5,183.1,223.0,2.2,3200.0,246.4
2018-12-04T10:10:10,40.5,189.6,225.4,2.2,3200.0,244.4
2018-12-04T10:10:41,40.5,196.7,225.9,2.2,3210.0,243.5
2018-12-04T10:11:13,40.5,173.0,220.6,2.6,3220.0,243.5
2018-12-04T10:11:44,40.6,170.7,228.3,2.7,3230.0,243.5
2018-12-04T10:12:15,40.6,165.9,222.4,2.9,3240.0,243.5
2018-12-04T10:12:46,40.6,179.5,218.8,2.8,3250.0,246.4
2018-12-04T10:13:17,40.4,181.3,224.2,2.8,3260.0,244.4
2018-12-04T10:13:48,40.2,180.1,222.4,2.9,3270.0,244.4
2018-12-04T10:14:19,40.2,176.6,218.8,3.1,3290.0,243.5
2018-12-04T10:14:50,40.2,175.4,233.0,3.2,3300.0,243.5
2018-12-04T10:15:21,40.2,174.2,221.8,3.3,3310.0,245.4
2018-12-04T10:15:53,40.4,163.6,220.6,3.8,3320.0,243.5
2018-12-04T10:16:24,40.5,162.4,225.4,3.9,3330.0,246.4
2018-12-04T10:16:55,40.5,165.9,227.1,3.9,3350.0,245.4
2018-12-04T10:17:26,40.5,170.7,216.5,3.9,3360.0,245.4
2018-12-04T10:17:57,40.6,183.1,213.5,3.7,3370.0,247.3
2018-12-04T10:18:28,40.6,178.9,220.0,3.7,3390.0,244.4
2018-12-04T10:18:59,40.6,177.2,220.6,4.0,3400.0,245.4
2018-12-04T10:19:30,40.7,177.2,224.2,3.9,3410.0,245.4
2018-12-04T10:20:01,40.7,158.3,218.8,4.4,3430.0,245.4
2018-12-04T10:20:33,40.8,177.2,217.1,4.1,3440.0,245.4
2018-12-04T10:21:04,40.8,178.9,224.2,4.3,3460.0,244.4
2018-12-04T10:21:35,40.8,165.9,231.3,4.7,3470.0,245.4
2018-12-04T10:22:06,40.9,177.2,215.9,4.5,3490.0,245.4
2018-12-04T10:22:37,40.9,176.6,221.8,4.3,3500.0,245.4
2018-12-04T10:23:08,40.9,173.0,211.2,4.4,3520.0,245.4
2018-12-04T10:23:39,40.9,176.6,216.5,4.3,3530.0,246.4
2018-12-04T10:24:10,41.0,179.5,215.3,4.5,3550.0,246.4
2018-12-04T10:24:41,41.0,180.7,214.7,4.3,3570.0,246.4
2018-12-04T10:25:12,41.2,177.2,215.3,5.0,3580.0,246.4
2018-12-04T10:25:44,41.2,171.3,223.6,5.5,3600.0,246.4
2018-12-04T10:26:15,41.2,156.5,218.3,5.8,3620.0,248.3
2018-12-04T10:26:46,41.3,155.3,209.4,6.1,3640.0,248.3
2018-12-04T10:27:17,41.3,162.4,210.6,5.7,3650.0,248.3
2018-12-04T10:27:48,41.4,160.6,205.2,6.1,3670.0,249.3
2018-12-04T10:28:19,41.5,150.6,212.3,6.3,3690.0,249.3
2018-12-04T10:28:50,41.5,152.9,215.3,6.3,3710.0,249.3
2018-12-04T10:29:21,41.6,161.8,213.5,5.9,3730.0,249.3
2018-12-04T10:29:52,41.6,161.8,206.4,6.3,3750.0,248.3
2018-12-04T10:30:23,41.7,164.8,210.0,6.3,3770.0,249.3
2018-12-04T10:30:55,41.7,168.3,215.3,5.7,3790.0,249.3
2018-12-04T10:31:27,41.9,167.1,210.6,6.3,3810.0,249.3
2018-12-04T10:31:58,41.9,173.6,212.3,6.0,3830.0,249.3
2018-12-04T10:32:29,42.0,160.0,195.8,6.7,3850.0,249.3
2018-12-04T10:33:00,42.0,155.3,210.6,7.1,3870.0,250.2
2018-12-04T10:33:31,42.1,146.4,220.0,7.4,3890.0,249.3
2018-12-04T10:34:02,42.2,140.0,225.4,6.6,3910.0,248.3
2018-12-04T10:34:33,42.2,143.5,212.9,7.7,3930.0,250.2
2018-12-04T10:35:04,42.3,144.1,209.4,7.5,3950.0,250.2
2018-12-04T10:35:35,42.3,151.2,208.2,7.2,3970.0,249.3
2018-12-04T10:36:07,42.4,150.6,208.8,6.9,4000.0,250.2
2018-12-04T10:36:38,42.4,143.5,206.4,6.6,4020.0,249.3
2018-12-04T10:37:09,42.5,151.8,212.3,7.2,4040.0,248.3
2018-12-04T10:37:40,42.5,159.4,208.2,6.1,4060.0,249.3
2018-12-04T10:38:11,42.5,157.7,213.5,4.1,4070.0,247.3
2018-12-04T10:38:42,42.5,142.3,199.9,4.3,4090.0,245.4
2018-12-04T10:39:13,42.5,150.0,195.2,4.9,4100.0,245.4
2018-12-04T10:39:44,42.4,161.8,212.9,3.6,4120.0,245.4
2018-12-04T10:40:15,42.5,124.6,174.5,7.3,4130.0,248.3
2018-12-04T10:40:46,42.5,144.7,204.6,7.0,4150.0,248.3
2018-12-04T10:41:18,42.7,144.7,205.2,4.8,4170.0,246.4
2018-12-04T10:41:49,42.8,165.4,203.5,4.6,4180.0,247.3
2018-12-04T10:42:20,42.8,164.8,202.9,2.9,4200.0,245.4
2018-12-04T10:42:51,42.8,175.4,216.5,2.3,4210.0,244.4
2018-12-04T10:43:22,42.9,180.1,212.3,2.7,4220.0,244.4
2018-12-04T10:43:53,42.8,184.8,208.2,2.4,4230.0,244.4
2018-12-04T10:44:24,42.9,182.5,210.0,2.3,4240.0,243.5
2018-12-04T10:44:55,42.9,180.1,216.5,2.3,4250.0,243.5
2018-12-04T10:45:26,42.8,186.0,221.2,2.4,4260.0,244.4
2018-12-04T10:45:57,42.9,173.6,218.3,2.7,4270.0,244.4
2018-12-04T10:46:29,42.9,178.3,208.2,3.1,4280.0,245.4
2018-12-04T10:47:00,42.9,173.6,213.5,3.1,4290.0,245.4
2018-12-04T10:47:31,42.8,181.9,217.7,2.6,4300.0,245.4
2018-12-04T10:48:02,42.8,185.4,220.6,2.4,4310.0,244.4
2018-12-04T10:48:33,42.8,183.1,221.2,2.4,4320.0,243.5
2018-12-04T10:49:04,42.8,177.8,197.0,2.6,4330.0,245.4
2018-12-04T10:49:35,42.8,158.9,191.6,3.3,4340.0,247.3
2018-12-04T10:50:06,42.8,144.7,206.4,3.9,4350.0,248.3
2018-12-04T10:50:37,42.8,148.2,212.9,4.0,4370.0,249.3
2018-12-04T10:51:09,42.8,162.4,228.9,3.8,4380.0,248.3
2018-12-04T10:51:40,42.9,147.6,221.8,4.2,4390.0,248.3
2018-12-04T10:52:11,42.9,149.4,220.0,4.2,4410.0,248.3
2018-12-04T10:52:42,42.9,154.1,208.8,4.2,4420.0,247.3
2018-12-04T10:53:13,42.9,153.5,214.7,4.2,4430.0,247.3
2018-12-04T10:53:44,42.9,152.4,212.9,4.2,4450.0,248.3
2018-12-04T10:54:15,43.0,148.2,218.3,4.1,4460.0,247.3
2018-12-04T10:54:46,43.0,150.6,213.5,4.2,4470.0,248.3
2018-12-04T10:55:17,43.0,149.4,220.6,4.2,4490.0,246.4
2018-12-04T10:55:49,42.9,158.3,222.4,3.9,4500.0,246.4
2018-12-04T10:56:20,43.0,151.8,217.7,4.2,4520.0,246.4
2018-12-04T10:56:51,42.9,149.4,205.2,4.5,4530.0,247.3
2018-12-04T10:57:22,43.0,150.6,212.3,4.1,4540.0,246.4
2018-12-04T10:57:53,42.8,150.6,216.5,4.0,4560.0,246.4
2018-12-04T10:58:24,42.8,146.4,220.0,3.6,4570.0,245.4
2018-12-04T10:58:55,42.9,157.7,216.5,3.0,4580.0,246.4
2018-12-04T10:59:26,42.9,159.4,211.7,3.0,4590.0,245.4
2018-12-04T10:59:57,42.9,162.4,214.1,2.7,4600.0,246.4
2018-12-04T11:00:28,42.9,165.4,222.4,2.5,4610.0,245.4
2018-12-04T11:01:00,43.0,168.9,225.9,2.4,4620.0,246.4
2018-12-04T11:01:31,42.9,176.6,218.8,2.3,4630.0,245.4
2018-12-04T11:02:02,42.9,180.7,208.8,2.7,4640.0,245.4
2018-12-04T11:02:33,42.9,180.1,225.4,2.7,4650.0,246.4
2018-12-04T11:03:04,42.9,178.3,216.5,2.6,4660.0,246.4
2018-12-04T11:03:35,42.9,177.2,217.7,2.3,4670.0,245.4
2018-12-04T11:04:06,42.9,177.8,218.3,2.3,4680.0,246.4
2018-12-04T11:04:37,42.9,186.6,220.6,2.1,4690.0,244.4
2018-12-04T11:05:08,42.9,187.2,214.1,2.1,4690.0,245.4
2018-12-04T11:05:39,42.9,189.6,220.0,1.9,4700.0,244.4
2018-12-04T11:06:11,42.9,187.2,219.4,2.0,4710.0,245.4
2018-12-04T11:06:42,42.9,186.6,221.2,1.9,4720.0,246.4
2018-12-04T11:07:13,42.9,192.5,221.2,1.8,4730.0,245.4
2018-12-04T11:07:44,42.9,189.6,224.2,2.0,4730.0,245.4
2018-12-04T11:08:15,42.9,189.0,221.2,1.8,4740.0,245.4
2018-12-04T11:08:46,42.9,186.6,215.3,1.9,4750.0,246.4
2018-12-04T11:09:17,42.8,188.4,218.8,2.0,4760.0,245.4
2018-12-04T11:09:48,42.8,186.0,215.3,2.0,4760.0,246.4
2018-12-04T11:10:19,42.8,187.2,219.4,2.0,4770.0,245.4
2018-12-04T11:10:50,42.8,190.8,225.4,1.9,4780.0,246.4
2018-12-04T11:11:22,42.8,173.6,224.2,2.2,4790.0,247.3
2018-12-04T11:11:53,42.8,191.9,225.4,2.1,4800.0,245.4
2018-12-04T11:12:24,42.8,187.2,222.4,2.1,4810.0,247.3
2018-12-04T11:12:55,42.8,191.3,216.5,2.2,4820.0,246.4
2018-12-04T11:13:26,42.5,174.2,216.5,2.8,4820.0,248.3
2018-12-04T11:13:57,42.5,169.5,221.8,2.9,4840.0,248.3
2018-12-04T11:14:28,42.5,169.5,235.4,2.9,4850.0,246.4
2018-12-04T11:14:59,42.7,180.1,208.2,2.7,4860.0,249.3
2018-12-04T11:15:30,42.7,197.8,208.2,3.1,4870.0,248.3
2018-12-04T11:16:01,42.7,190.8,205.8,2.3,4880.0,246.4
2018-12-04T11:16:32,42.8,189.0,228.3,2.9,4890.0,246.4
2018-12-04T11:17:03,42.8,184.8,224.8,2.4,4900.0,246.4
2018-12-04T11:17:34,42.8,206.1,233.0,2.7,4910.0,249.3
2018-12-04T11:18:05,42.8,195.5,216.5,3.6,4930.0,251.2
2018-12-04T11:18:36,42.9,201.4,224.2,3.5,4950.0,251.2
2018-12-04T11:19:07,42.9,192.5,219.4,3.8,4960.0,252.2
2018-12-04T11:19:38,42.9,203.2,212.9,3.9,4980.0,251.2
2018-12-04T11:20:09,43.0,192.5,216.5,4.4,5000.0,252.2
2018-12-04T11:20:41,42.9,199.6,210.6,4.1,5020.0,253.1
2018-12-04T11:21:13,42.9,212.0,211.2,3.6,5040.0,252.2
2018-12-04T11:21:44,43.0,207.3,207.0,3.9,5070.0,253.1
2018-12-04T11:22:15,42.9,202.6,192.8,3.6,5090.0,252.2
2018-12-04T11:22:46,42.8,199.6,188.1,3.1,5100.0,250.2
2018-12-04T11:23:17,42.9,211.4,197.5,2.3,5120.0,250.2
2018-12-04T11:23:48,43.0,208.5,220.6,2.3,5130.0,249.3
2018-12-04T11:24:19,43.0,212.6,205.8,2.1,5140.0,248.3
2018-12-04T11:24:50,43.0,211.4,191.6,2.1,5150.0,248.3
2018-12-04T11:25:21,43.0,212.6,209.4,1.9,5160.0,249.3
2018-12-04T11:25:52,42.9,198.4,234.2,2.3,5170.0,248.3
2018-12-04T11:26:24,43.0,185.4,235.4,3.1,5190.0,251.2
2018-12-04T11:26:55,43.0,193.7,210.6,3.3,5200.0,250.2
2018-12-04T11:27:26,43.0,197.8,193.4,3.9,5220.0,252.2
2018-12-04T11:27:57,43.1,182.5,209.4,3.8,5230.0,250.2
2018-12-04T11:28:28,43.1,183.1,198.7,3.5,5250.0,250.2
2018-12-04T11:28:59,43.1,192.5,197.5,2.9,5260.0,249.3
2018-12-04T11:29:30,43.1,194.9,201.7,2.7,5280.0,249.3
2018-12-04T11:30:01,43.2,194.3,211.2,2.6,5290.0,250.2
2018-12-04T11:30:32,43.2,192.5,224.2,2.5,5300.0,250.2
2018-12-04T11:31:04,43.2,187.2,216.5,2.6,5310.0,249.3
2018-12-04T11:31:35,43.1,192.5,213.5,2.4,5320.0,247.3
2018-12-04T11:32:06,43.2,199.6,218.3,1.9,5330.0,247.3
2018-12-04T11:32:37,43.1,201.4,221.8,2.0,5340.0,246.4
2018-12-04T11:33:08,43.1,197.8,222.4,1.9,5350.0,245.4
2018-12-04T11:33:39,43.1,209.7,222.4,1.7,5360.0,246.4
2018-12-04T11:34:10,43.1,208.5,218.3,1.8,5360.0,246.4
2018-12-04T11:34:41,43.1,201.4,218.3,1.9,5370.0,247.3
2018-12-04T11:35:12,43.1,203.7,220.6,1.7,5380.0,246.4
2018-12-04T11:35:43,43.1,200.2,217.1,1.8,5390.0,244.4
2018-12-04T11:36:15,43.1,206.1,220.6,1.8,5400.0,245.4
2018-12-04T11:36:46,43.1,209.1,219.4,1.7,5400.0,245.4
2018-12-04T11:37:17,43.1,208.5,214.1,1.8,5410.0,246.4
2018-12-04T11:37:48,43.1,207.3,232.4,1.8,5420.0,246.4
2018-12-04T11:38:19,43.1,210.8,212.3,1.8,5430.0,246.4
2018-12-04T11:38:50,43.1,208.5,221.8,1.8,5440.0,245.4
2018-12-04T11:39:21,43.1,197.3,194.6,2.5,5450.0,247.3
2018-12-04T11:39:52,43.0,208.5,215.3,2.4,5460.0,246.4
2018-12-04T11:40:23,43.0,208.5,206.4,2.3,5470.0,246.4
2018-12-04T11:40:55,43.0,205.5,220.6,2.3,5480.0,247.3
2018-12-04T11:41:26,43.0,201.4,211.7,2.3,5490.0,247.3
2018-12-04T11:41:57,42.9,175.4,199.9,3.0,5500.0,247.3
2018-12-04T11:42:28,42.9,173.6,220.6,2.7,5510.0,247.3
2018-12-04T11:42:59,43.0,184.8,217.1,2.9,5530.0,247.3
2018-12-04T11:43:30,43.0,176.6,237.2,3.0,5540.0,248.3
2018-12-04T11:44:01,43.0,178.9,228.3,3.0,5550.0,248.3
2018-12-04T11:44:32,43.0,181.3,220.0,2.6,5560.0,247.3
2018-12-04T11:45:03,43.0,186.6,220.6,2.3,5570.0,246.4
2018-12-04T11:45:35,43.0,191.3,215.3,2.2,5580.0,246.4
2018-12-04T11:46:06,43.0,187.2,214.7,2.2,5590.0,247.3
2018-12-04T11:46:37,43.0,187.2,215.9,2.2,5600.0,246.4
2018-12-04T11:47:08,43.0,184.3,217.7,2.3,5610.0,247.3
2018-12-04T11:47:39,43.0,182.5,222.4,2.2,5620.0,247.3
2018-12-04T11:48:10,43.0,179.5,204.6,2.5,5630.0,246.4
2018-12-04T11:48:41,43.0,190.8,214.7,2.1,5640.0,247.3
2018-12-04T11:49:12,43.0,185.4,216.5,2.1,5640.0,248.3
2018-12-04T11:49:43,43.0,189.6,227.1,2.1,5650.0,246.4
2018-12-04T11:50:14,43.0,192.5,225.4,2.4,5660.0,246.4
2018-12-04T11:50:46,43.0,209.7,204.1,2.1,5670.0,247.3
2018-12-04T11:51:17,43.0,204.3,221.8,2.8,5690.0,251.2
2018-12-04T11:51:48,43.0,186.6,229.5,3.1,5700.0,250.2
2018-12-04T11:52:19,43.0,187.2,225.9,2.6,5710.0,248.3
2018-12-04T11:52:50,42.9,194.9,222.4,2.5,5720.0,249.3
2018-12-04T11:53:21,43.0,203.7,214.7,2.3,5740.0,247.3
2018-12-04T11:53:52,42.9,189.0,202.9,2.4,5750.0,247.3
2018-12-04T11:54:23,42.9,203.2,224.2,2.8,5760.0,249.3
2018-12-04T11:54:54,42.9,198.4,199.3,2.9,5770.0,247.3
2018-12-04T11:55:25,43.0,193.1,216.5,2.9,5790.0,248.3
2018-12-04T11:55:57,43.0,212.0,201.7,3.1,5800.0,249.3
2018-12-04T11:56:29,43.1,206.1,213.5,2.8,5820.0,247.3
2018-12-04T11:57:00,43.1,211.4,227.7,2.5,5830.0,249.3
2018-12-04T11:57:31,43.0,207.9,217.1,3.3,5840.0,250.2
2018-12-04T11:58:02,43.1,204.3,204.6,2.7,5860.0,248.3
2018-12-04T11:58:33,43.1,200.8,221.2,2.8,5870.0,248.3
2018-12-04T11:59:04,43.0,212.0,214.7,2.2,5880.0,247.3
2018-12-04T11:59:35,43.0,208.5,217.7,2.1,5890.0,250.2
2018-12-04T12:00:06,42.7,205.5,223.6,2.2,5900.0,248.3
2018-12-04T12:00:37,42.7,202.6,219.4,2.3,5910.0,247.3
2018-12-04T12:01:09,42.5,176.6,231.3,3.1,5930.0,247.3
2018-12-04T12:01:40,42.8,178.9,217.7,3.2,5940.0,249.3
2018-12-04T12:02:11,42.8,171.3,198.7,3.4,5950.0,249.3
2018-12-04T12:02:42,42.9,180.1,217.7,3.1,5970.0,248.3
2018-12-04T12:03:13,42.9,184.8,234.8,3.3,5980.0,249.3
2018-12-04T12:03:44,43.0,192.5,211.7,2.9,5990.0,248.3
2018-12-04T12:04:15,43.1,212.0,221.2,2.7,6010.0,248.3
2018-12-04T12:04:46,43.1,207.3,216.5,2.3,6020.0,248.3
2018-12-04T12:05:17,43.2,206.1,216.5,2.4,6030.0,248.3
2018-12-04T12:05:48,43.2,209.7,218.3,2.5,6040.0,250.2
2018-12-04T12:06:20,43.2,208.5,221.2,2.7,6060.0,250.2
2018-12-04T12:06:51,43.4,215.6,214.7,2.4,6070.0,248.3
2018-12-04T12:07:22,43.4,213.2,219.4,2.5,6080.0,247.3
2018-12-04T12:07:53,43.4,211.4,212.3,2.5,6100.0,248.3
2018-12-04T12:08:24,43.4,193.1,234.8,2.8,6110.0,248.3
2018-12-04T12:08:55,43.4,189.6,218.8,2.8,6120.0,248.3
2018-12-04T12:09:26,43.4,190.2,221.2,2.6,6130.0,249.3
2018-12-04T12:09:57,43.4,170.1,215.3,3.2,6140.0,250.2
2018-12-04T12:10:28,43.5,152.4,204.1,3.5,6160.0,248.3
2018-12-04T12:10:59,43.5,164.2,211.7,3.2,6170.0,249.3
2018-12-04T12:11:31,43.6,136.4,216.5,7.2,6190.0,252.2
2018-12-04T12:12:02,43.6,128.1,210.6,4.8,6210.0,250.2
2018-12-04T12:12:33,43.6,141.7,211.2,3.9,6230.0,248.3
2018-12-04T12:13:04,43.6,134.6,218.3,3.5,6240.0,247.3
2018-12-04T12:13:35,43.7,150.0,218.3,3.0,6250.0,247.3
2018-12-04T12:14:06,43.7,163.6,213.5,2.8,6260.0,245.4
2018-12-04T12:14:37,43.7,167.1,217.7,2.7,6270.0,246.4
2018-12-04T12:15:08,43.7,157.7,208.8,2.8,6280.0,246.4
2018-12-04T12:15:39,43.7,164.8,219.4,2.8,6290.0,246.4
2018-12-04T12:16:11,43.7,162.4,213.5,2.8,6300.0,246.4
2018-12-04T12:16:42,43.7,159.4,220.0,2.8,6310.0,247.3
2018-12-04T12:17:13,43.7,161.2,224.8,2.9,6320.0,247.3
2018-12-04T12:17:44,43.8,166.5,213.5,2.8,6330.0,247.3
2018-12-04T12:18:15,43.8,158.3,223.6,3.3,6340.0,247.3
2018-12-04T12:18:46,43.8,154.1,217.7,3.0,6360.0,246.4
2018-12-04T12:19:17,43.8,171.3,225.4,2.8,6370.0,247.3
2018-12-04T12:19:48,43.8,186.6,236.0,2.9,6380.0,248.3
2018-12-04T12:20:19,43.8,209.1,206.4,3.1,6400.0,250.2
2018-12-04T12:20:51,43.8,207.3,221.2,3.1,6420.0,250.2
2018-12-04T12:21:22,43.9,195.5,218.3,3.1,6440.0,250.2
2018-12-04T12:21:53,43.9,184.3,204.6,3.1,6450.0,249.3
2018-12-04T12:22:24,43.9,178.3,182.2,3.7,6460.0,250.2
2018-12-04T12:22:55,43.9,170.1,201.7,3.2,6480.0,249.3
2018-12-04T12:23:26,43.9,163.6,226.5,3.8,6490.0,251.2
2018-12-04T12:23:57,43.9,150.6,214.1,3.4,6510.0,248.3
2018-12-04T12:24:28,43.9,165.4,208.2,3.1,6520.0,247.3
2018-12-04T12:24:59,44.0,177.8,234.2,3.3,6540.0,250.2
2018-12-04T12:25:30,44.0,188.4,223.0,2.9,6550.0,249.3
2018-12-04T12:26:02,44.0,187.8,211.2,2.9,6560.0,248.3
2018-12-04T12:26:33,44.0,181.3,182.8,3.0,6580.0,249.3
2018-12-04T12:27:04,43.9,180.1,210.6,2.8,6590.0,248.3
2018-12-04T12:27:35,43.9,183.1,223.6,2.6,6600.0,248.3
2018-12-04T12:28:06,43.9,176.6,219.4,3.2,6610.0,250.2
2018-12-04T12:28:37,43.9,167.1,201.1,3.1,6630.0,249.3
2018-12-04T12:29:08,43.9,189.0,225.4,2.9,6640.0,248.3
2018-12-04T12:29:39,43.9,209.1,212.9,2.8,6660.0,249.3
2018-12-04T12:30:10,43.9,209.1,210.6,2.5,6670.0,249.3
2018-12-04T12:30:41,43.9,212.0,221.2,2.7,6680.0,249.3
2018-12-04T12:31:13,44.0,202.6,225.9,3.0,6700.0,250.2
2018-12-04T12:31:44,44.0,209.7,204.1,2.9,6720.0,251.2
2018-12-04T12:32:15,44.0,222.1,213.5,2.9,6740.0,251.2
2018-12-04T12:32:46,44.0,223.2,196.4,2.8,6760.0,251.2
2018-12-04T12:33:17,44.0,223.2,210.6,2.8,6780.0,252.2
2018-12-04T12:33:48,44.2,218.5,201.7,2.8,6800.0,249.3
2018-12-04T12:34:19,44.2,217.9,207.6,2.5,6810.0,249.3
2018-12-04T12:34:50,44.3,203.2,212.3,2.4,6830.0,246.4
2018-12-04T12:35:21,44.3,205.5,215.3,2.3,6840.0,245.4
2018-12-04T12:35:53,44.3,207.9,212.3,2.1,6850.0,246.4
2018-12-04T12:36:24,44.4,205.5,211.7,2.2,6860.0,244.4
2018-12-04T12:36:55,44.4,201.4,214.1,2.2,6870.0,246.4
2018-12-04T12:37:26,44.4,201.4,220.6,2.3,6880.0,246.4
2018-12-04T12:37:57,44.4,208.5,223.6,2.4,6890.0,246.4
2018-12-04T12:38:28,44.4,195.5,215.9,2.5,6900.0,246.4
2018-12-04T12:38:59,44.4,184.3,207.6,2.5,6910.0,246.4
2018-12-04T12:39:30,44.4,188.4,217.1,2.5,6930.0,246.4
2018-12-04T12:40:01,44.4,167.1,201.1,2.9,6940.0,247.3
2018-12-04T12:40:33,44.4,161.2,195.2,2.9,6950.0,246.4
2018-12-04T12:41:04,44.4,161.8,211.7,2.8,6960.0,246.4
2018-12-04T12:41:35,44.5,155.9,228.3,2.9,6970.0,246.4
2018-12-04T12:42:06,44.4,164.2,225.4,2.5,6990.0,244.4
2018-12-04T12:42:37,44.5,161.2,215.3,2.3,6990.0,244.4
2018-12-04T12:43:08,44.4,159.4,213.5,2.2,7000.0,245.4
2018-12-04T12:43:39,44.4,161.2,216.5,2.2,7010.0,244.4
2018-12-04T12:44:10,44.4,160.0,214.7,2.1,7020.0,244.4
2018-12-04T12:44:41,44.4,164.2,220.6,2.0,7030.0,242.5
2018-12-04T12:45:12,44.4,157.1,213.5,1.9,7030.0,242.5
2018-12-04T12:45:44,44.4,178.9,215.3,1.7,7040.0,243.5
2018-12-04T12:46:15,44.4,183.1,213.5,1.7,7050.0,242.5
2018-12-04T12:46:46,44.3,187.2,215.3,1.7,7060.0,244.4
2018-12-04T12:47:17,44.3,168.9,224.2,1.9,7060.0,244.4
2018-12-04T12:47:48,44.3,184.3,222.4,1.9,7070.0,244.4
2018-12-04T12:48:19,44.3,184.8,214.7,1.8,7080.0,243.5
2018-12-04T12:48:50,44.2,186.6,215.3,1.8,7090.0,244.4
2018-12-04T12:49:21,44.2,187.8,227.1,1.8,7090.0,243.5
2018-12-04T12:49:52,44.2,188.4,223.6,2.0,7100.0,244.4
2018-12-04T12:50:23,44.2,188.4,215.9,2.1,7110.0,244.4
2018-12-04T12:50:55,44.2,187.2,215.9,2.1,7120.0,243.5
2018-12-04T12:51:27,44.0,184.8,220.6,2.2,7130.0,244.4
2018-12-04T12:51:58,44.0,187.2,224.2,2.2,7140.0,245.4
2018-12-04T12:52:29,44.0,192.5,219.4,2.2,7150.0,245.4
2018-12-04T12:53:00,44.0,186.6,215.3,2.3,7160.0,245.4
2018-12-04T12:53:31,44.0,187.2,218.3,2.3,7170.0,244.4
2018-12-04T12:54:02,44.0,195.5,231.3,2.2,7180.0,245.4
2018-12-04T12:54:33,44.0,199.0,227.1,2.5,7190.0,247.3
2018-12-04T12:55:04,44.2,198.4,211.2,2.5,7200.0,246.4
2018-12-04T12:55:35,44.2,193.7,221.2,2.5,7210.0,248.3
2018-12-04T12:56:07,44.2,194.9,218.3,2.6,7230.0,247.3
2018-12-04T12:56:38,44.2,193.1,223.6,2.6,7240.0,248.3
2018-12-04T12:57:09,44.2,188.4,220.0,2.6,7250.0,249.3
2018-12-04T12:57:40,44.2,193.1,217.7,2.6,7270.0,249.3
2018-12-04T12:58:11,44.2,190.2,215.9,2.7,7280.0,248.3
2018-12-04T12:58:42,44.2,196.1,211.7,2.5,7290.0,247.3
2018-12-04T12:59:13,44.2,193.1,212.9,2.3,7300.0,247.3
2018-12-04T12:59:44,44.2,184.8,214.7,2.4,7310.0,245.4
2018-12-04T13:00:15,44.2,186.0,218.3,2.3,7320.0,246.4
2018-12-04T13:00:46,44.2,190.2,216.5,2.3,7330.0,247.3
2018-12-04T13:01:18,44.2,189.6,216.5,2.2,7340.0,247.3
2018-12-04T13:01:49,44.2,186.6,217.7,2.1,7350.0,245.4
2018-12-04T13:02:20,44.2,188.4,221.2,1.9,7360.0,245.4
2018-12-04T13:02:51,44.2,184.3,220.0,1.9,7370.0,244.4
2018-12-04T13:03:22,44.2,186.6,219.4,1.8,7380.0,244.4
2018-12-04T13:03:53,44.2,190.8,218.8,1.7,7380.0,244.4
2018-12-04T13:04:24,44.2,184.8,222.4,1.6,7390.0,243.5
2018-12-04T13:04:55,44.0,188.4,224.2,1.6,7400.0,244.4
2018-12-04T13:05:26,44.0,189.6,220.6,1.5,7400.0,244.4
2018-12-04T13:05:57,44.0,183.7,221.2,1.4,7410.0,243.5
2018-12-04T13:06:29,43.9,187.2,221.2,1.4,7420.0,244.4
2018-12-04T13:07:00,43.9,189.0,215.9,1.4,7420.0,244.4
2018-12-04T13:07:31,43.9,191.3,221.2,1.6,7430.0,245.4
2018-12-04T13:08:02,43.8,191.9,216.5,1.5,7440.0,244.4
2018-12-04T13:08:33,43.8,170.1,230.1,1.8,7440.0,244.4
2018-12-04T13:09:04,43.8,189.6,225.9,1.8,7450.0,245.4
2018-12-04T13:09:35,43.8,190.2,216.5,1.7,7460.0,245.4
2018-12-04T13:10:06,43.7,187.2,231.9,1.8,7460.0,247.3
2018-12-04T13:10:37,43.7,190.2,217.7,1.9,7470.0,247.3
2018-12-04T13:11:09,43.7,191.3,225.4,1.9,7480.0,246.4
2018-12-04T13:11:40,43.7,186.6,224.2,2.0,7490.0,247.3
2018-12-04T13:12:11,43.6,187.2,224.2,1.8,7500.0,246.4
2018-12-04T13:12:42,43.6,188.4,224.8,1.9,7500.0,246.4
2018-12-04T13:13:13,43.6,191.9,225.4,1.8,7510.0,247.3
2018-12-04T13:13:44,43.6,192.5,223.6,1.8,7520.0,247.3
2018-12-04T13:14:15,43.6,184.3,222.4,1.7,7530.0,247.3
2018-12-04T13:14:46,43.6,189.6,225.4,1.7,7530.0,247.3
2018-12-04T13:15:17,43.6,191.3,223.6,1.6,7540.0,247.3
2018-12-04T13:15:48,43.6,187.8,225.4,1.6,7550.0,247.3
2018-12-04T13:16:20,43.6,190.8,227.7,1.6,7550.0,246.4
2018-12-04T13:16:51,43.5,186.6,220.0,1.6,7560.0,246.4
2018-12-04T13:17:22,43.5,186.6,219.4,1.4,7560.0,247.3
2018-12-04T13:17:53,43.5,191.3,215.3,1.5,7570.0,246.4
2018-12-04T13:18:24,43.5,191.3,223.0,1.4,7580.0,246.4
2018-12-04T13:18:55,43.5,191.9,228.9,1.4,7580.0,246.4
2018-12-04T13:19:26,43.4,172.4,223.6,1.5,7590.0,247.3
2018-12-04T13:19:57,43.4,191.3,217.7,1.4,7590.0,247.3
2018-12-04T13:20:28,43.4,183.1,227.1,1.5,7600.0,248.3
2018-12-04T13:20:59,43.2,180.1,230.7,1.5,7610.0,248.3
2018-12-04T13:21:31,43.2,164.2,227.7,1.7,7610.0,247.3
2018-12-04T13:22:02,43.2,167.7,220.0,1.8,7620.0,248.3
2018-12-04T13:22:33,43.2,174.2,223.6,1.7,7630.0,248.3
2018-12-04T13:23:04,43.2,192.5,228.3,1.6,7630.0,246.4
2018-12-04T13:23:35,43.2,185.4,215.3,1.7,7640.0,248.3
2018-12-04T13:24:06,43.1,187.8,232.4,1.9,7650.0,248.3
2018-12-04T13:24:37,43.1,193.7,220.0,1.8,7650.0,248.3
2018-12-04T13:25:08,43.0,191.9,223.6,1.9,7660.0,249.3
2018-12-04T13:25:39,43.0,191.3,230.1,2.0,7670.0,247.3
2018-12-04T13:26:11,42.9,190.8,214.7,1.8,7680.0,249.3
2018-12-04T13:26:42,42.9,185.4,235.4,1.8,7680.0,248.3
2018-12-04T13:27:13,42.9,192.5,222.4,1.7,7690.0,249.3
2018-12-04T13:27:44,42.9,194.9,220.6,1.7,7700.0,250.2
2018-12-04T13:28:15,42.9,188.4,220.0,1.8,7710.0,250.2
2018-12-04T13:28:46,42.9,187.2,225.9,1.7,7710.0,249.3
2018-12-04T13:29:17,42.8,191.9,223.0,1.7,7720.0,249.3
2018-12-04T13:29:48,42.8,186.6,218.8,1.8,7730.0,249.3
2018-12-04T13:30:19,42.7,194.3,226.5,1.7,7740.0,249.3
2018-12-04T13:30:50,42.7,186.0,223.6,1.8,7740.0,248.3
2018-12-04T13:31:22,42.7,188.4,225.9,1.6,7750.0,247.3
2018-12-04T13:31:53,42.5,188.4,222.4,1.6,7760.0,248.3
2018-12-04T13:32:24,42.5,187.8,225.9,1.6,7770.0,247.3
2018-12-04T13:32:55,42.7,194.3,229.5,1.6,7770.0,248.3
2018-12-04T13:33:26,42.4,190.2,222.4,1.8,7780.0,248.3
2018-12-04T13:33:57,42.4,193.1,220.6,1.6,7790.0,248.3
2018-12-04T13:34:28,42.4,186.6,220.6,1.8,7790.0,248.3
2018-12-04T13:34:59,42.4,190.2,230.7,1.8,7800.0,249.3
2018-12-04T13:35:30,42.4,193.7,233.6,1.8,7810.0,249.3
2018-12-04T13:36:01,42.4,191.3,230.7,1.9,7820.0,247.3
2018-12-04T13:36:32,42.3,190.8,228.9,1.8,7830.0,248.3
2018-12-04T13:37:03,42.3,184.8,221.2,1.8,7830.0,248.3
2018-12-04T13:37:34,42.3,191.3,224.8,1.7,7840.0,249.3
2018-12-04T13:38:05,42.3,191.9,226.5,1.8,7850.0,248.3
2018-12-04T13:38:36,42.3,184.8,231.3,1.8,7860.0,248.3
2018-12-04T13:39:07,42.3,190.2,232.4,1.7,7870.0,248.3
2018-12-04T13:39:38,42.2,194.3,231.9,1.6,7870.0,249.3
2018-12-04T13:40:09,42.2,190.8,231.9,1.8,7880.0,249.3
2018-12-04T13:40:41,42.2,186.0,227.1,1.8,7890.0,248.3
2018-12-04T13:41:12,42.2,192.5,230.7,1.6,7900.0,248.3
2018-12-04T13:41:43,42.2,194.3,222.4,1.6,7900.0,248.3
2018-12-04T13:42:14,42.1,189.6,233.6,1.7,7910.0,248.3
2018-12-04T13:42:45,42.1,192.5,230.7,1.5,7920.0,248.3
2018-12-04T13:43:16,42.1,190.2,225.9,1.6,7930.0,248.3
2018-12-04T13:43:47,42.1,184.3,227.7,1.5,7930.0,248.3
2018-12-04T13:44:18,42.1,189.6,228.3,1.5,7940.0,247.3
2018-12-04T13:44:49,42.1,196.7,226.5,1.3,7950.0,248.3
2018-12-04T13:45:20,42.1,195.5,227.1,1.3,7950.0,247.3
2018-12-04T13:45:52,42.1,192.5,232.4,1.4,7960.0,248.3
2018-12-04T13:46:23,42.1,190.2,225.4,1.4,7960.0,247.3
2018-12-04T13:46:54,42.1,193.1,228.9,1.2,7970.0,247.3
2018-12-04T13:47:25,42.1,186.0,234.2,1.3,7980.0,248.3
2018-12-04T13:47:56,42.0,185.4,230.7,1.2,7980.0,247.3
2018-12-04T13:48:27,42.0,181.3,225.4,1.2,7990.0,248.3
2018-12-04T13:48:58,42.0,184.8,223.6,1.2,7990.0,247.3
2018-12-04T13:49:29,42.0,184.8,225.4,1.2,8000.0,248.3
2018-12-04T13:50:00,42.0,185.4,223.6,1.2,8000.0,247.3
2018-12-04T13:50:32,42.0,182.5,228.3,1.1,8010.0,247.3
2018-12-04T13:51:03,41.9,184.8,228.3,1.2,8010.0,247.3
2018-12-04T13:51:34,42.0,183.1,233.6,1.1,8020.0,247.3
2018-12-04T13:52:05,41.9,186.6,222.4,1.1,8020.0,247.3
2018-12-04T13:52:36,41.9,178.3,225.4,1.3,8030.0,247.3
2018-12-04T13:53:07,41.9,187.8,232.4,1.2,8030.0,248.3
2018-12-04T13:53:38,41.9,192.5,217.7,1.1,8040.0,248.3
2018-12-04T13:54:09,41.9,191.9,229.5,1.2,8040.0,248.3
2018-12-04T13:54:40,41.9,183.1,234.2,1.2,8050.0,248.3
2018-12-04T13:55:11,41.9,188.4,220.6,1.3,8050.0,249.3
2018-12-04T13:55:43,41.9,184.3,228.3,1.2,8060.0,249.3
2018-12-04T13:56:14,41.9,184.8,233.0,1.3,8060.0,250.2
2018-12-04T13:56:45,41.7,194.9,228.3,1.1,8070.0,249.3
2018-12-04T13:57:16,41.7,192.5,225.9,1.2,8070.0,249.3
2018-12-04T13:57:47,41.7,187.2,222.4,1.2,8080.0,248.3
2018-12-04T13:58:18,41.7,186.0,225.4,1.2,8080.0,246.4
2018-12-04T13:58:49,41.7,189.0,225.4,1.1,8090.0,247.3
2018-12-04T13:59:20,41.7,179.5,225.4,1.2,8090.0,246.4
2018-12-04T13:59:51,41.7,194.9,231.9,1.1,8100.0,248.3
2018-12-04T14:00:22,41.6,183.1,219.4,1.1,8100.0,247.3
2018-12-04T14:00:55,41.6,195.5,221.8,1.0,8100.0,248.3
2018-12-04T14:01:26,41.6,190.2,220.0,1.1,8110.0,247.3
2018-12-04T14:01:57,41.6,184.3,228.3,1.1,8110.0,246.4
2018-12-04T14:02:28,41.6,184.3,232.4,1.1,8120.0,248.3
2018-12-04T14:02:59,41.5,189.6,225.4,1.1,8120.0,248.3
2018-12-04T14:03:30,41.5,193.7,224.8,1.0,8130.0,248.3
2018-12-04T14:04:01,41.5,187.2,234.2,1.1,8130.0,248.3
2018-12-04T14:04:32,41.5,184.3,223.6,1.1,8140.0,247.3
2018-12-04T14:05:03,41.4,188.4,221.2,1.1,8140.0,246.4
2018-12-04T14:05:35,41.4,189.6,234.2,1.1,8150.0,247.3
2018-12-04T14:06:06,41.5,188.4,227.7,1.0,8150.0,247.3
2018-12-04T14:06:37,41.4,187.2,222.4,1.1,8150.0,247.3
2018-12-04T14:07:08,41.4,184.3,231.3,1.0,8160.0,246.4
2018-12-04T14:07:39,41.4,189.6,235.4,1.0,8160.0,246.4
2018-12-04T14:08:10,41.4,190.2,224.2,0.9,8170.0,246.4
2018-12-04T14:08:41,41.4,193.1,226.5,0.9,8170.0,246.4
2018-12-04T14:09:12,41.3,178.3,231.9,0.9,8170.0,245.4
2018-12-04T14:09:43,41.3,187.2,219.4,0.9,8180.0,245.4
2018-12-04T14:10:14,41.3,199.6,233.0,0.8,8180.0,245.4
2018-12-04T14:10:46,41.3,213.2,220.6,0.8,8190.0,246.4
2018-12-04T14:11:17,41.3,206.1,225.4,0.8,8190.0,245.4
2018-12-04T14:11:48,41.3,207.3,230.7,0.7,8190.0,247.3
2018-12-04T14:12:19,41.2,189.0,218.8,0.9,8200.0,247.3
2018-12-04T14:12:50,41.2,179.5,234.2,0.9,8200.0,245.4
2018-12-04T14:13:21,41.2,186.0,228.3,0.9,8200.0,244.4
2018-12-04T14:13:52,41.2,189.6,224.2,0.9,8210.0,246.4
2018-12-04T14:14:23,41.2,192.5,227.7,0.9,8210.0,245.4
2018-12-04T14:14:54,41.2,179.5,224.8,0.8,8210.0,245.4
2018-12-04T14:15:25,41.2,186.6,221.2,0.8,8220.0,245.4
2018-12-04T14:15:57,41.2,184.8,225.4,0.8,8220.0,245.4
2018-12-04T14:16:28,41.0,198.4,221.8,0.7,8220.0,246.4
2018-12-04T14:16:59,41.0,213.8,229.5,0.7,8230.0,246.4
2018-12-04T14:17:30,41.0,193.1,217.7,0.7,8230.0,246.4
2018-12-04T14:18:01,41.0,171.9,234.2,0.9,8230.0,246.4
2018-12-04T14:18:32,41.0,191.3,220.6,0.8,8240.0,247.3
2018-12-04T14:19:03,41.0,189.6,226.5,0.7,8240.0,245.4
2018-12-04T14:19:34,41.0,210.2,225.9,0.7,8240.0,247.3
2018-12-04T14:20:05,40.9,213.2,221.8,0.6,8250.0,247.3
2018-12-04T14:20:37,40.9,206.1,232.4,0.7,8250.0,247.3
2018-12-04T14:21:08,40.9,204.9,220.6,0.7,8250.0,246.4
2018-12-04T14:21:39,40.9,206.7,223.6,0.6,8260.0,246.4
2018-12-04T14:22:10,40.8,208.5,219.4,0.6,8260.0,246.4
2018-12-04T14:22:41,40.9,209.7,219.4,0.6,8260.0,247.3
2018-12-04T14:23:12,40.8,197.3,225.4,0.6,8270.0,246.4
2018-12-04T14:23:43,40.8,176.6,225.9,0.7,8270.0,247.3
2018-12-04T14:24:14,40.8,190.8,218.8,0.7,8270.0,248.3
2018-12-04T14:24:45,40.8,169.5,229.5,0.7,8270.0,246.4
2018-12-04T14:25:16,40.8,170.7,227.7,0.7,8280.0,247.3
2018-12-04T14:25:48,40.7,187.2,228.3,0.7,8280.0,247.3
2018-12-04T14:26:19,40.7,208.5,219.4,0.6,8280.0,246.4
2018-12-04T14:26:50,40.7,202.6,218.8,0.6,8290.0,246.4
2018-12-04T14:27:21,40.6,208.5,233.0,0.6,8290.0,247.3
2018-12-04T14:27:52,40.6,201.4,218.3,0.6,8290.0,247.3
2018-12-04T14:28:23,40.6,208.5,230.7,0.5,8290.0,247.3
2018-12-04T14:28:54,40.6,202.6,223.0,0.6,8300.0,245.4
2018-12-04T14:29:25,40.6,193.7,218.3,0.5,8300.0,246.4
2018-12-04T14:29:56,40.5,173.6,229.5,0.6,8300.0,246.4
2018-12-04T14:30:27,40.5,168.3,227.7,0.6,8300.0,246.4
2018-12-04T14:30:59,40.5,189.6,221.2,0.6,8300.0,246.4
2018-12-04T14:31:30,40.4,210.2,221.2,0.5,8310.0,249.3
2018-12-04T14:32:01,40.4,197.3,224.2,0.5,8310.0,247.3
2018-12-04T14:32:32,40.4,212.6,220.6,0.5,8310.0,247.3
2018-12-04T14:33:03,40.4,192.5,225.4,0.5,8310.0,247.3
2018-12-04T14:33:34,40.2,209.7,227.7,0.5,8320.0,244.4
2018-12-04T14:34:05,40.2,189.6,223.6,0.5,8320.0,244.4
2018-12-04T14:34:36,40.2,168.3,214.1,0.6,8320.0,244.4
2018-12-04T14:35:07,40.1,165.9,235.4,0.6,8320.0,244.4
2018-12-04T14:35:39,40.1,187.8,215.3,0.5,8330.0,244.4
2018-12-04T14:36:10,40.1,209.1,223.0,0.5,8330.0,245.4
2018-12-04T14:36:41,39.9,197.3,224.8,0.5,8330.0,244.4
2018-12-04T14:37:12,39.9,210.8,204.6,0.4,8330.0,245.4
2018-12-04T14:37:43,39.9,196.1,224.2,0.5,8330.0,245.4
2018-12-04T14:38:14,39.9,174.8,223.6,0.6,8340.0,244.4
2018-12-04T14:38:45,39.9,187.2,223.6,0.5,8340.0,245.4
2018-12-04T14:39:16,39.9,166.5,219.4,0.6,8340.0,243.5
2018-12-04T14:39:47,39.9,155.3,234.2,0.6,8340.0,244.4
2018-12-04T14:40:18,39.9,176.0,235.4,0.5,8340.0,245.4
2018-12-04T14:40:50,39.9,197.3,215.9,0.4,8350.0,244.4
2018-12-04T14:41:21,39.8,193.1,217.7,0.4,8350.0,243.5
2018-12-04T14:41:52,39.8,176.0,215.9,0.5,8350.0,244.4
2018-12-04T14:42:23,39.8,187.8,223.6,0.5,8350.0,245.4
2018-12-04T14:42:54,39.8,168.3,209.4,0.5,8350.0,244.4
2018-12-04T14:43:25,39.8,189.6,231.3,0.5,8360.0,245.4
2018-12-04T14:43:56,39.7,171.9,213.5,0.5,8360.0,245.4
2018-12-04T14:44:27,39.7,163.6,224.2,0.5,8360.0,245.4
2018-12-04T14:44:58,39.7,185.4,223.6,0.5,8360.0,244.4
2018-12-04T14:45:29,39.7,206.7,213.5,0.5,8360.0,244.4
2018-12-04T14:46:01,39.7,204.3,235.4,0.5,8370.0,245.4
2018-12-04T14:46:32,39.5,213.2,230.1,0.4,8370.0,241.5
2018-12-04T14:47:03,39.5,199.6,209.4,0.4,8370.0,242.5
2018-12-04T14:47:34,39.4,178.3,225.4,0.5,8370.0,242.5
2018-12-04T14:48:05,39.4,157.7,221.8,0.5,8370.0,241.5
2018-12-04T14:48:36,39.3,165.4,209.4,0.5,8370.0,241.5
2018-12-04T14:49:07,39.3,186.6,231.3,0.5,8380.0,240.6
2018-12-04T14:49:38,39.3,206.7,220.0,0.4,8380.0,241.5
2018-12-04T14:50:09,39.3,203.2,211.2,0.4,8380.0,240.6
2018-12-04T14:50:40,39.3,181.9,233.0,0.4,8380.0,241.5
2018-12-04T14:51:12,39.3,171.3,216.5,0.5,8380.0,241.5
2018-12-04T14:51:43,39.3,187.2,218.3,0.5,8390.0,241.5
2018-12-04T14:52:14,39.2,166.5,230.7,0.5,8390.0,241.5
2018-12-04T14:52:45,39.2,158.3,211.2,0.5,8390.0,242.5
2018-12-04T14:53:16,39.2,179.5,232.4,0.4,8390.0,241.5
2018-12-04T14:53:47,39.2,201.4,220.0,0.4,8390.0,243.5
2018-12-04T14:54:18,39.1,211.4,211.2,0.4,8390.0,245.4
2018-12-04T14:54:49,39.1,189.0,232.4,0.5,8400.0,243.5
2018-12-04T14:55:20,39.1,206.7,212.9,0.4,8400.0,244.4
2018-12-04T14:55:51,39.0,199.0,221.2,0.4,8400.0,243.5
2018-12-04T14:56:23,39.0,211.4,215.3,0.4,8400.0,244.4
2018-12-04T14:56:54,39.0,189.6,224.2,0.4,8400.0,244.4
2018-12-04T14:57:25,39.0,168.3,225.9,0.4,8410.0,245.4
2018-12-04T14:57:56,39.0,168.3,206.4,0.4,8410.0,244.4
2018-12-04T14:58:27,39.0,189.0,222.4,0.4,8410.0,245.4
2018-12-04T14:58:58,39.0,210.2,225.4,0.4,8410.0,245.4
2018-12-04T14:59:29,38.9,201.4,211.7,0.4,8410.0,245.4
2018-12-04T15:00:00,38.9,179.5,233.0,0.4,8410.0,244.4
2018-12-04T15:00:31,38.9,158.9,218.8,0.5,8410.0,245.4
2018-12-04T15:01:03,38.7,147.0,217.7,0.5,8420.0,244.4
2018-12-04T15:01:34,38.7,169.5,214.7,0.5,8420.0,245.4
2018-12-04T15:02:05,38.7,189.6,229.5,0.4,8420.0,244.4
2018-12-04T15:02:36,38.7,171.3,215.3,0.5,8420.0,246.4
2018-12-04T15:03:07,38.7,154.7,230.1,0.5,8420.0,245.4
2018-12-04T15:03:38,38.7,175.4,220.6,0.5,8420.0,245.4
2018-12-04T15:04:09,38.7,197.3,204.6,0.3,8430.0,244.4
2018-12-04T15:04:40,38.6,213.2,227.7,0.3,8430.0,244.4
2018-12-04T15:05:11,38.6,192.5,220.0,0.4,8430.0,244.4
2018-12-04T15:05:42,38.6,194.3,204.6,0.4,8430.0,245.4
2018-12-04T15:06:14,38.6,213.2,212.3,0.3,8430.0,244.4
2018-12-04T15:06:45,38.6,190.8,232.4,0.4,8430.0,244.4
2018-12-04T15:07:16,38.5,178.9,211.2,0.4,8440.0,245.4
2018-12-04T15:07:47,38.5,158.3,218.3,0.5,8440.0,245.4
2018-12-04T15:08:18,38.5,162.4,232.4,0.4,8440.0,244.4
2018-12-04T15:08:49,38.5,151.2,211.2,0.5,8440.0,246.4
2018-12-04T15:09:20,38.4,172.4,227.7,0.4,8440.0,244.4
2018-12-04T15:09:51,38.4,194.3,219.4,0.4,8440.0,244.4
2018-12-04T15:10:22,38.4,213.2,213.5,0.3,8440.0,244.4
2018-12-04T15:10:54,38.4,190.8,235.4,0.4,8450.0,244.4
2018-12-04T15:11:26,38.4,169.5,218.8,0.4,8450.0,243.5
2018-12-04T15:11:57,38.4,182.5,215.3,0.4,8450.0,245.4
2018-12-04T15:12:28,38.3,203.2,230.7,0.4,8450.0,245.4
2018-12-04T15:12:59,38.3,199.6,208.8,0.4,8450.0,244.4
2018-12-04T15:13:30,38.3,178.9,208.2,0.4,8450.0,246.4
2018-12-04T15:14:01,38.3,181.3,229.5,0.4,8450.0,245.4
2018-12-04T15:14:32,38.2,203.2,221.2,0.4,8460.0,245.4
2018-12-04T15:15:03,38.2,204.3,202.9,0.3,8460.0,245.4
2018-12-04T15:15:34,38.2,184.8,224.8,0.4,8460.0,245.4
2018-12-04T15:16:05,38.2,166.5,224.2,0.4,8460.0,243.5
2018-12-04T15:16:37,38.2,186.6,204.6,0.4,8460.0,245.4
2018-12-04T15:17:08,38.2,208.5,222.4,0.3,8460.0,244.4
2018-12-04T15:17:39,38.2,199.6,223.6,0.3,8460.0,245.4
2018-12-04T15:18:10,38.2,178.9,202.9,0.4,8470.0,245.4
2018-12-04T15:18:41,38.0,158.9,224.2,0.4,8470.0,244.4
2018-12-04T15:19:12,38.0,152.9,221.2,0.4,8470.0,244.4
2018-12-04T15:19:43,38.0,174.2,199.9,0.4,8470.0,245.4
2018-12-04T15:20:14,38.0,194.3,215.3,0.3,8470.0,245.4
2018-12-04T15:20:45,37.9,211.4,230.1,0.3,8470.0,246.4
2018-12-04T15:21:17,37.9,189.0,208.2,0.3,8470.0,245.4
2018-12-04T15:21:48,37.9,167.7,208.2,0.3,8480.0,245.4
2018-12-04T15:22:19,37.9,179.5,230.7,0.3,8480.0,245.4
2018-12-04T15:22:50,37.9,199.6,214.1,0.3,8480.0,245.4
2018-12-04T15:23:21,37.8,204.9,216.5,0.3,8480.0,245.4
2018-12-04T15:23:52,37.8,185.4,233.0,0.3,8480.0,245.4
2018-12-04T15:24:23,37.8,163.0,211.7,0.4,8480.0,245.4
2018-12-04T15:24:54,37.8,178.3,214.7,0.3,8480.0,244.4
2018-12-04T15:25:25,37.8,199.6,235.4,0.3,8480.0,246.4
2018-12-04T15:25:56,37.8,200.2,224.8,0.3,8490.0,245.4
2018-12-04T15:26:28,37.7,180.7,204.6,0.3,8490.0,246.4
2018-12-04T15:26:59,37.7,159.4,205.8,0.4,8490.0,246.4
2018-12-04T15:27:30,37.7,176.6,225.9,0.3,8490.0,245.4
2018-12-04T15:28:01,37.7,199.6,223.6,0.3,8490.0,246.4
2018-12-04T15:28:32,37.7,208.5,202.9,0.3,8490.0,247.3
2018-12-04T15:29:03,37.7,187.2,207.0,0.3,8490.0,246.4
2018-12-04T15:29:34,37.6,166.5,228.3,0.3,8490.0,246.4
2018-12-04T15:30:05,37.6,157.1,227.1,0.4,8490.0,244.4
2018-12-04T15:30:36,37.6,177.8,204.6,0.3,8500.0,247.3
2018-12-04T15:31:08,37.6,201.4,218.3,0.3,8500.0,245.4
2018-12-04T15:31:39,37.6,206.7,231.3,0.3,8500.0,245.4
2018-12-04T15:32:10,37.6,186.6,208.8,0.3,8500.0,245.4
2018-12-04T15:32:41,37.6,164.8,213.5,0.4,8500.0,245.4
2018-12-04T15:33:12,37.5,148.2,233.6,0.4,8500.0,245.4
2018-12-04T15:33:43,37.6,170.1,215.9,0.3,8500.0,246.4
2018-12-04T15:34:14,37.5,190.2,219.4,0.3,8500.0,245.4
2018-12-04T15:34:45,37.5,210.2,235.4,0.3,8510.0,244.4
2018-12-04T15:35:16,37.5,209.7,217.7,0.3,8510.0,243.5
2018-12-04T15:35:47,37.5,195.5,224.2,0.3,8510.0,245.4
2018-12-04T15:36:19,37.5,173.6,208.2,0.3,8510.0,244.4
2018-12-04T15:36:50,37.4,157.1,228.3,0.4,8510.0,241.5
2018-12-04T15:37:21,37.4,178.3,217.7,0.3,8510.0,242.5
2018-12-04T15:37:52,37.4,176.6,231.3,0.3,8510.0,242.5
2018-12-04T15:38:23,37.4,197.3,211.7,0.3,8510.0,241.5
2018-12-04T15:38:54,37.4,213.2,199.9,0.3,8520.0,241.5
2018-12-04T15:39:25,37.4,190.2,222.4,0.3,8520.0,242.5
2018-12-04T15:39:56,37.4,169.5,233.6,0.3,8520.0,242.5
2018-12-04T15:40:27,37.4,152.9,211.7,0.4,8520.0,242.5
2018-12-04T15:40:58,37.4,173.6,195.2,0.3,8520.0,241.5
2018-12-04T15:41:30,37.2,196.7,210.6,0.3,8520.0,242.5
2018-12-04T15:42:01,37.2,211.4,228.3,0.2,8520.0,240.6
2018-12-04T15:42:32,37.2,189.6,218.8,0.3,8520.0,240.6
2018-12-04T15:43:03,37.2,169.5,211.2,0.3,8530.0,240.6
2018-12-04T15:43:34,37.2,150.6,230.7,0.4,8530.0,240.6
2018-12-04T15:44:05,37.2,170.7,224.2,0.3,8530.0,241.5
2018-12-04T15:44:36,37.1,192.5,203.5,0.3,8530.0,241.5
2018-12-04T15:45:07,37.1,213.2,215.3,0.3,8530.0,242.5
2018-12-04T15:45:38,37.1,190.8,222.4,0.3,8530.0,242.5
2018-12-04T15:46:10,37.1,171.3,221.2,0.3,8530.0,242.5
2018-12-04T15:46:41,37.1,150.6,218.3,0.4,8530.0,242.5
2018-12-04T15:47:12,37.1,163.6,223.6,0.4,8530.0,243.5
2018-12-04T15:47:43,37.1,183.7,204.1,0.3,8540.0,242.5
2018-12-04T15:48:14,37.0,204.9,209.4,0.3,8540.0,242.5
2018-12-04T15:48:45,37.1,203.2,230.7,0.2,8540.0,241.5
2018-12-04T15:49:16,37.0,182.5,213.5,0.3,8540.0,242.5
2018-12-04T15:49:47,37.0,161.8,194.6,0.3,8540.0,242.5
2018-12-04T15:50:18,37.0,179.5,217.1,0.3,8540.0,242.5
2018-12-04T15:50:49,37.0,200.2,233.6,0.2,8540.0,242.5
2018-12-04T15:51:21,36.9,205.5,211.7,0.2,8540.0,241.5
2018-12-04T15:51:52,37.0,186.0,207.6,0.2,8540.0,242.5
2018-12-04T15:52:23,36.9,165.4,229.5,0.3,8540.0,242.5
2018-12-04T15:52:54,36.9,148.2,213.5,0.3,8550.0,241.5
2018-12-04T15:53:25,36.9,168.3,194.6,0.3,8550.0,242.5
2018-12-04T15:53:56,36.9,191.3,208.2,0.2,8550.0,242.5
2018-12-04T15:54:27,36.9,207.9,229.5,0.2,8550.0,242.5
2018-12-04T15:54:58,36.9,186.0,225.9,0.2,8550.0,242.5
2018-12-04T15:55:29,36.8,166.5,216.5,0.2,8550.0,242.5
2018-12-04T15:56:00,36.8,144.7,220.6,0.3,8550.0,243.5
2018-12-04T15:56:31,36.8,158.9,224.2,0.3,8550.0,242.5
2018-12-04T15:57:02,36.8,180.1,204.1,0.2,8550.0,242.5
2018-12-04T15:57:33,36.8,200.2,189.9,0.2,8550.0,242.5
2018-12-04T15:58:04,36.8,199.0,211.7,0.2,8550.0,241.5
2018-12-04T15:58:35,36.7,178.3,231.9,0.2,8560.0,242.5
2018-12-04T15:59:06,36.7,157.7,211.2,0.2,8560.0,241.5
2018-12-04T15:59:37,36.7,137.0,191.0,0.3,8560.0,241.5
2018-12-04T16:00:08,36.7,147.6,197.0,0.2,8560.0,241.5
2018-12-04T16:00:40,36.7,169.5,218.3,0.2,8560.0,242.5
2018-12-04T16:01:11,36.7,191.3,224.8,0.2,8560.0,241.5
2018-12-04T16:01:42,36.5,209.1,225.9,0.2,8560.0,242.5
2018-12-04T16:02:13,36.5,186.6,204.6,0.2,8560.0,241.5
2018-12-04T16:02:44,36.5,165.9,210.0,0.2,8560.0,241.5
2018-12-04T16:03:15,36.5,145.9,230.1,0.3,8560.0,242.5
2018-12-04T16:03:46,36.4,157.7,214.1,0.2,8560.0,241.5
2018-12-04T16:04:17,36.5,179.5,193.4,0.2,8560.0,241.5
2018-12-04T16:04:48,36.4,200.2,204.6,0.2,8560.0,242.5
2018-12-04T16:05:19,36.4,194.3,226.5,0.2,8560.0,242.5
2018-12-04T16:05:51,36.4,173.6,223.6,0.2,8570.0,241.5
2018-12-04T16:06:22,36.4,153.5,201.7,0.2,8570.0,242.5
2018-12-04T16:06:53,36.4,169.5,187.5,0.2,8570.0,240.6
2018-12-04T16:07:24,36.3,189.6,208.2,0.2,8570.0,241.5
2018-12-04T16:07:55,36.3,209.1,230.1,0.1,8570.0,241.5
2018-12-04T16:08:26,36.3,187.2,213.5,0.2,8570.0,241.5
2018-12-04T16:08:57,36.3,167.1,192.2,0.2,8570.0,241.5
2018-12-04T16:09:28,36.2,146.4,205.8,0.2,8570.0,241.5
2018-12-04T16:09:59,36.2,157.1,221.8,0.2,8570.0,242.5
2018-12-04T16:10:30,36.2,177.8,201.7,0.2,8570.0,243.5
2018-12-04T16:11:02,36.2,199.6,190.4,0.2,8570.0,242.5
2018-12-04T16:11:33,36.2,192.5,211.2,0.2,8570.0,242.5
2018-12-04T16:12:04,36.2,173.0,199.9,0.2,8570.0,242.5
2018-12-04T16:12:35,36.1,192.5,213.5,0.2,8570.0,242.5
2018-12-04T16:13:06,36.1,209.1,192.2,0.1,8570.0,242.5
2018-12-04T16:13:37,36.1,187.8,195.2,0.2,8570.0,242.5
2018-12-04T16:14:08,36.1,166.5,217.1,0.2,8570.0,242.5
2018-12-04T16:14:39,36.1,146.4,232.4,0.2,8580.0,242.5
2018-12-04T16:15:10,36.1,125.2,210.0,0.2,8580.0,242.5
2018-12-04T16:15:41,36.0,142.3,197.0,0.2,8580.0,242.5
2018-12-04T16:16:13,36.0,164.2,218.8,0.2,8580.0,243.5
2018-12-04T16:16:44,36.0,184.3,229.5,0.2,8580.0,242.5
2018-12-04T16:17:15,36.0,204.3,207.6,0.1,8580.0,243.5
2018-12-04T16:17:46,36.0,195.5,187.5,0.1,8580.0,243.5
2018-12-04T16:18:17,35.9,174.2,188.1,0.2,8580.0,243.5
2018-12-04T16:18:48,35.9,173.6,209.4,0.2,8580.0,242.5
2018-12-04T16:19:19,35.9,193.7,230.1,0.1,8580.0,243.5
2018-12-04T16:19:50,35.9,204.3,213.5,0.1,8580.0,243.5
2018-12-04T16:20:21,35.9,181.9,191.6,0.1,8580.0,242.5
2018-12-04T16:20:52,35.9,161.8,188.1,0.2,8580.0,243.5
2018-12-04T16:21:24,35.7,140.0,209.4,0.2,8580.0,242.5
2018-12-04T16:21:55,35.7,139.4,229.5,0.2,8580.0,243.5
2018-12-04T16:22:26,35.7,160.0,209.4,0.2,8580.0,243.5
2018-12-04T16:22:57,35.7,181.9,188.1,0.1,8580.0,242.5
2018-12-04T16:23:28,35.7,201.4,168.6,0.1,8580.0,241.5
2018-12-04T16:23:59,35.7,194.9,170.9,0.1,8580.0,243.5
2018-12-04T16:24:30,35.6,173.6,192.2,0.2,8580.0,242.5
2018-12-04T16:25:01,35.6,154.1,213.5,0.2,8580.0,242.5
2018-12-04T16:25:32,35.6,133.5,233.6,0.2,8590.0,242.5
2018-12-04T16:26:04,35.6,140.5,210.6,0.2,8590.0,243.5
2018-12-04T16:26:35,35.6,161.2,189.3,0.1,8590.0,243.5
2018-12-04T16:27:06,35.6,184.8,168.6,0.1,8590.0,243.5
2018-12-04T16:27:37,35.6,204.3,191.0,0.1,8590.0,242.5
2018-12-04T16:28:08,35.5,192.5,211.2,0.1,8590.0,243.5
2018-12-04T16:28:39,35.5,171.3,233.0,0.2,8590.0,242.5
2018-12-04T16:29:10,35.5,150.6,209.4,0.2,8590.0,243.5
2018-12-04T16:29:41,35.5,131.1,189.9,0.2,8590.0,242.5
2018-12-04T16:30:12,35.5,144.7,176.2,0.1,8590.0,242.5
2018-12-04T16:30:43,35.5,166.5,197.5,0.2,8590.0,242.5
2018-12-04T16:31:15,35.5,187.8,218.3,0.1,8590.0,241.5
2018-12-04T16:31:46,35.5,210.2,220.6,0.0,8590.0,243.5
2018-12-04T16:32:17,35.4,186.0,199.9,0.1,8590.0,243.5
2018-12-04T16:32:48,35.4,165.9,178.6,0.1,8590.0,242.5
2018-12-04T16:33:19,35.4,144.7,192.8,0.2,8590.0,243.5
2018-12-04T16:33:50,35.4,138.2,213.5,0.2,8590.0,243.5
2018-12-04T16:34:21,35.4,158.3,233.6,0.1,8590.0,244.4
2018-12-04T16:34:52,35.4,180.1,214.7,0.1,8590.0,243.5
2018-12-04T16:35:23,35.4,201.4,194.0,0.1,8590.0,243.5
2018-12-04T16:35:55,35.4,189.6,172.1,0.1,8590.0,242.5
2018-12-04T16:36:26,35.3,169.5,169.1,0.1,8590.0,243.5
2018-12-04T16:36:57,35.3,150.0,189.3,0.2,8590.0,242.5
2018-12-04T16:37:28,35.3,142.3,211.7,0.2,8590.0,243.5
2018-12-04T16:37:59,35.3,162.4,213.5,0.1,8600.0,243.5
2018-12-04T16:38:30,35.3,183.1,194.6,0.1,8600.0,242.5
2018-12-04T16:39:01,35.3,202.0,172.7,0.1,8600.0,242.5
2018-12-04T16:39:32,35.2,192.5,192.2,0.1,8600.0,242.5
2018-12-04T16:40:03,35.2,173.0,213.5,0.1,8600.0,242.5
2018-12-04T16:40:35,35.2,151.8,223.6,0.1,8600.0,244.4
2018-12-04T16:41:06,35.2,130.5,202.9,0.1,8600.0,243.5
2018-12-04T16:41:37,35.0,119.3,181.0,0.1,8600.0,243.5
2018-12-04T16:42:08,35.0,140.0,159.7,0.1,8600.0,242.5
2018-12-04T16:42:39,35.0,161.2,155.5,0.1,8600.0,242.5
2018-12-04T16:43:10,35.0,182.5,177.4,0.1,8600.0,241.5
2018-12-04T16:43:41,35.0,202.0,199.3,0.1,8600.0,241.5
2018-12-04T16:44:12,35.0,191.9,219.4,0.1,8600.0,241.5
2018-12-04T16:44:43,35.0,171.3,225.9,0.1,8600.0,240.6
2018-12-04T16:45:14,35.0,150.6,204.1,0.1,8600.0,241.5
2018-12-04T16:45:46,34.9,129.9,183.3,0.1,8600.0,241.5
2018-12-04T16:46:17,35.0,138.2,161.5,0.1,8600.0,241.5
2018-12-04T16:46:48,34.9,157.1,183.9,0.1,8600.0,241.5
2018-12-04T16:47:19,34.9,179.5,205.2,0.1,8600.0,242.5
2018-12-04T16:47:50,34.9,199.6,226.5,0.1,8600.0,241.5
2018-12-04T16:48:21,34.9,189.6,211.2,0.1,8600.0,242.5
2018-12-04T16:48:52,34.9,168.9,190.4,0.1,8600.0,242.5
2018-12-04T16:49:23,34.9,148.8,168.6,0.1,8600.0,242.5
2018-12-04T16:49:54,34.8,128.1,149.0,0.1,8600.0,242.5
2018-12-04T16:50:25,34.8,148.2,153.2,0.1,8600.0,240.6
2018-12-04T16:50:57,34.8,170.1,175.7,0.1,8600.0,241.5
2018-12-04T16:51:28,34.8,192.5,197.5,0.1,8600.0,240.6
2018-12-04T16:51:59,34.8,196.1,219.4,0.1,8600.0,241.5
2018-12-04T16:52:30,34.8,176.0,215.3,0.1,8600.0,242.5
2018-12-04T16:53:01,34.8,155.9,194.6,0.1,8600.0,241.5
2018-12-04T16:53:32,34.8,170.1,179.2,0.1,8600.0,241.5
2018-12-04T16:54:03,34.8,190.2,199.9,0.1,8600.0,241.5
2018-12-04T16:54:34,34.8,195.5,221.2,0.1,8610.0,241.5
2018-12-04T16:55:05,34.7,174.8,216.5,0.1,8610.0,240.6
2018-12-04T16:55:37,34.7,153.5,195.8,0.1,8610.0,241.5
2018-12-04T16:56:08,34.7,138.2,174.5,0.1,8610.0,241.5
2018-12-04T16:56:39,34.7,159.4,162.0,0.1,8610.0,243.5
2018-12-04T16:57:10,34.7,180.7,182.2,0.1,8610.0,241.5
2018-12-04T16:57:41,34.7,202.6,204.1,0.1,8610.0,241.5
2018-12-04T16:58:12,34.7,187.2,224.8,0.1,8610.0,243.5
2018-12-04T16:58:43,34.7,165.9,217.1,0.1,8610.0,243.5
2018-12-04T16:59:14,34.7,145.3,197.5,0.1,8610.0,243.5
2018-12-04T16:59:45,34.7,137.6,175.7,0.1,8610.0,243.5
2018-12-04T17:00:16,34.6,157.7,159.7,0.1,8610.0,243.5
2018-12-04T17:00:48,34.6,177.8,181.6,0.1,8610.0,243.5
2018-12-04T17:01:19,34.6,197.8,203.5,0.1,8610.0,242.5
2018-12-04T17:01:50,34.6,189.0,223.6,0.1,8610.0,242.5
2018-12-04T17:02:21,34.6,168.9,216.5,0.1,8610.0,241.5
2018-12-04T17:02:52,34.6,148.2,197.0,0.1,8610.0,241.5
2018-12-04T17:03:23,34.6,132.3,175.7,0.1,8610.0,242.5
2018-12-04T17:03:54,34.5,153.5,186.3,0.1,8610.0,242.5
2018-12-04T17:04:25,34.5,173.6,205.8,0.1,8610.0,243.5
2018-12-04T17:04:56,34.5,194.9,225.9,0.1,8610.0,243.5
2018-12-04T17:05:27,34.5,190.2,222.4,0.1,8610.0,239.6
2018-12-04T17:05:59,34.5,170.7,201.7,0.1,8610.0,241.5
2018-12-04T17:06:30,34.5,149.4,181.0,0.1,8610.0,239.6
2018-12-04T17:07:01,34.5,140.5,160.3,0.1,8610.0,240.6
2018-12-04T17:07:32,34.4,160.0,144.3,0.1,8610.0,240.6
2018-12-04T17:08:03,34.4,180.1,164.4,0.1,8610.0,240.6
2018-12-04T17:08:34,34.4,202.6,186.3,0.0,8610.0,240.6
2018-12-04T17:09:05,34.4,188.4,207.6,0.1,8610.0,239.6
2018-12-04T17:09:36,34.4,165.4,227.7,0.1,8610.0,239.6
2018-12-04T17:10:07,34.2,144.7,223.0,0.1,8610.0,240.6
2018-12-04T17:10:39,34.4,133.5,201.7,0.1,8610.0,239.6
2018-12-04T17:11:10,34.2,153.5,181.0,0.1,8610.0,238.6
2018-12-04T17:11:41,34.2,174.8,160.9,0.1,8610.0,239.6
2018-12-04T17:12:12,34.2,197.8,139.0,0.1,8610.0,240.6
2018-12-04T17:12:43,34.2,195.5,157.3,0.0,8610.0,240.6
2018-12-04T17:13:14,34.2,173.0,178.6,0.1,8610.0,238.6
2018-12-04T17:13:45,34.1,152.9,199.9,0.1,8610.0,238.6
2018-12-04T17:14:16,34.1,145.3,220.0,0.1,8610.0,238.6
2018-12-04T17:14:47,34.1,166.5,223.0,0.1,8610.0,239.6
2018-12-04T17:15:18,34.1,187.8,199.3,0.0,8620.0,238.6
2018-12-04T17:15:50,34.1,208.5,178.0,0.0,8620.0,240.6
2018-12-04T17:16:21,34.1,187.2,157.9,0.1,8620.0,239.6
2018-12-04T17:16:52,34.1,165.4,136.0,0.1,8620.0,241.5
2018-12-04T17:17:23,34.1,144.7,157.9,0.1,8620.0,240.6
2018-12-04T17:17:54,34.1,125.2,176.8,0.1,8620.0,238.6
2018-12-04T17:18:25,34.0,116.3,198.7,0.1,8620.0,240.6
2018-12-04T17:18:56,34.0,137.6,217.1,0.1,8620.0,240.6
2018-12-04T17:19:27,34.0,158.9,223.0,0.1,8620.0,241.5
2018-12-04T17:19:58,34.0,182.5,202.3,0.0,8620.0,239.6
2018-12-04T17:20:29,34.0,201.4,181.0,0.1,8620.0,238.6
2018-12-04T17:21:01,34.0,190.2,159.7,0.0,8620.0,239.6
2018-12-04T17:21:32,34.0,170.7,169.1,0.1,8620.0,239.6
2018-12-04T17:22:03,34.0,150.6,192.2,0.1,8620.0,240.6
2018-12-04T17:22:34,33.9,129.9,212.9,0.1,8620.0,237.7
2018-12-04T17:23:05,34.0,109.2,228.3,0.1,8620.0,238.6
2018-12-04T17:23:36,33.9,131.7,207.0,0.1,8620.0,241.5
2018-12-04T17:24:07,33.9,153.5,186.3,0.1,8620.0,240.6
2018-12-04T17:24:38,33.9,175.4,166.8,0.0,8620.0,239.6
2018-12-04T17:25:09,33.9,192.5,150.8,0.1,8620.0,239.6
2018-12-04T17:25:40,33.9,195.5,170.9,0.0,8620.0,239.6
2018-12-04T17:26:12,33.8,175.4,192.2,0.1,8620.0,239.6
2018-12-04T17:26:43,33.8,152.9,211.7,0.1,8620.0,239.6
2018-12-04T17:27:14,33.8,134.0,231.9,0.1,8620.0,240.6
2018-12-04T17:27:45,33.8,119.3,214.1,0.1,8620.0,240.6
2018-12-04T17:28:16,33.8,140.0,193.4,0.1,8620.0,241.5
2018-12-04T17:28:47,33.8,161.2,174.5,0.1,8620.0,240.6
2018-12-04T17:29:18,33.8,180.7,153.8,0.1,8620.0,237.7
2018-12-04T17:29:49,33.8,204.9,131.3,0.0,8620.0,238.6
2018-12-04T17:30:20,33.7,183.1,132.5,0.0,8620.0,237.7
2018-12-04T17:30:51,33.7,165.9,153.2,0.0,8620.0,238.6
2018-12-04T17:31:23,33.7,142.9,175.1,0.1,8620.0,238.6
2018-12-04T17:31:54,33.7,124.6,198.7,0.1,8620.0,238.6
2018-12-04T17:32:25,33.7,147.0,216.5,0.1,8620.0,237.7
2018-12-04T17:32:56,33.7,167.7,227.7,0.1,8620.0,238.6
2018-12-04T17:33:27,33.5,185.4,204.1,0.1,8620.0,238.6
2018-12-04T17:33:58,33.5,196.7,185.7,0.1,8620.0,238.6
2018-12-04T17:34:29,33.5,177.2,165.6,0.0,8620.0,238.6
2018-12-04T17:35:00,33.5,155.9,144.9,0.1,8620.0,239.6
2018-12-04T17:35:31,33.5,134.0,139.0,0.1,8620.0,238.6
2018-12-04T17:36:03,33.5,114.0,160.3,0.1,8620.0,238.6
2018-12-04T17:36:34,33.5,110.4,179.8,0.1,8620.0,239.6
2018-12-04T17:37:05,33.5,129.3,204.1,0.1,8620.0,239.6
2018-12-04T17:37:36,33.5,151.8,225.4,0.1,8620.0,239.6
2018-12-04T17:38:07,33.4,168.9,209.4,0.1,8620.0,240.6
2018-12-04T17:38:38,33.4,190.2,191.0,0.0,8620.0,240.6
2018-12-04T17:39:09,33.4,206.1,167.4,0.0,8620.0,239.6
2018-12-04T17:39:40,33.4,205.5,146.7,0.0,8620.0,240.6
2018-12-04T17:40:11,33.4,184.3,126.6,0.1,8620.0,240.6
2018-12-04T17:40:42,33.4,161.2,105.3,0.1,8620.0,240.6
2018-12-04T17:41:14,33.4,141.1,117.7,0.0,8620.0,240.6
2018-12-04T17:41:45,33.3,119.3,139.6,0.0,8620.0,240.6
2018-12-04T17:42:16,33.3,102.7,160.3,0.0,8620.0,240.6
2018-12-04T17:42:47,33.3,123.4,182.2,0.0,8620.0,241.5
2018-12-04T17:43:18,33.3,145.9,198.7,0.0,8620.0,240.6
2018-12-04T17:43:49,33.3,167.7,224.8,0.1,8620.0,241.5
2018-12-04T17:44:20,33.3,187.2,211.7,0.0,8620.0,241.5
2018-12-04T17:44:51,33.2,200.2,191.0,0.0,8620.0,241.5
2018-12-04T17:45:22,33.2,200.2,172.1,0.0,8620.0,241.5
2018-12-04T17:45:54,33.2,179.5,147.9,0.0,8620.0,241.5
2018-12-04T17:46:25,33.2,155.3,128.3,0.1,8620.0,239.6
2018-12-04T17:46:56,33.2,134.6,107.6,0.0,8620.0,239.6
2018-12-04T17:47:27,33.2,121.0,115.9,0.0,8620.0,239.6
2018-12-04T17:47:58,33.2,139.4,137.2,0.0,8620.0,240.6
2018-12-04T17:48:29,33.1,161.2,157.3,0.0,8620.0,240.6
2018-12-04T17:49:00,33.1,185.4,178.0,0.0,8620.0,240.6
2018-12-04T17:49:32,33.1,200.8,199.9,0.0,8620.0,239.6
2018-12-04T17:50:03,33.0,200.2,222.4,0.0,8620.0,238.6
2018-12-04T17:50:34,33.0,176.0,215.9,0.0,8620.0,239.6
2018-12-04T17:51:05,33.1,158.9,191.6,0.0,8620.0,240.6
2018-12-04T17:51:37,33.1,135.2,170.3,0.0,8620.0,240.6
2018-12-04T17:52:08,33.0,118.1,149.6,0.0,8620.0,239.6
2018-12-04T17:52:39,33.0,137.0,157.3,0.0,8620.0,238.6
2018-12-04T17:53:10,33.0,161.8,181.6,0.0,8620.0,239.6
2018-12-04T17:53:41,32.9,177.8,201.7,0.1,8620.0,239.6
2018-12-04T17:54:12,32.9,191.9,225.9,0.0,8620.0,237.7
2018-12-04T17:54:43,32.9,190.8,211.2,0.0,8620.0,238.6
2018-12-04T17:55:14,32.7,189.6,204.6,0.0,8620.0,237.7
2018-12-04T17:55:45,32.7,188.4,199.9,0.0,8620.0,238.6
2018-12-04T17:56:17,32.7,187.2,194.6,0.0,8620.0,238.6
2018-12-04T17:56:48,32.7,180.1,194.6,0.0,8620.0,236.7
2018-12-04T17:57:19,32.7,86.8,191.6,0.0,8620.0,235.7
2018-12-04T17:57:50,32.6,179.5,179.8,0.0,8620.0,237.7
2018-12-04T17:58:21,32.6,177.2,177.4,0.0,8620.0,235.7
2018-12-04T17:58:52,32.6,165.9,174.5,0.0,8620.0,235.7
2018-12-04T17:59:23,32.6,88.6,173.3,0.0,8620.0,236.7
2018-12-04T17:59:54,32.5,161.8,162.0,0.0,8620.0,236.7
2018-12-04T18:00:25,32.5,155.3,155.5,0.0,8620.0,235.7
2018-12-04T18:00:56,32.5,147.6,147.9,0.0,8620.0,236.7
2018-12-04T18:01:28,32.5,138.8,139.0,0.0,8620.0,236.7
2018-12-04T18:01:59,32.4,125.2,125.4,0.0,8620.0,234.8
2018-12-04T18:02:30,32.4,89.7,89.9,0.0,8620.0,235.7
