2018-12-07T06:35:29,28.6,192.5,225.4,1.0,250.0,244.4
2018-12-07T06:36:00,28.6,214.4,239.5,0.8,250.0,244.4
2018-12-07T06:36:31,29.0,216.2,236.0,0.8,260.0,243.5
2018-12-07T06:37:02,29.0,220.9,214.1,0.9,260.0,244.4
2018-12-07T06:37:33,29.0,220.9,235.4,0.9,270.0,244.4
2018-12-07T06:38:04,29.0,219.1,237.2,0.7,270.0,244.4
2018-12-07T06:38:35,29.0,215.6,240.7,0.8,270.0,244.4
2018-12-07T06:39:06,29.0,211.4,239.5,0.7,280.0,244.4
2018-12-07T06:39:37,29.4,217.9,227.7,0.7,280.0,244.4
2018-12-07T06:40:08,29.0,221.5,239.5,0.7,280.0,244.4
2018-12-07T06:40:40,29.0,203.7,230.1,0.8,280.0,244.4
2018-12-07T06:41:11,29.0,224.4,238.4,0.7,290.0,243.5
2018-12-07T06:41:42,29.0,219.1,217.1,0.8,290.0,245.4
2018-12-07T06:42:13,29.0,209.1,236.0,0.8,290.0,243.5
2018-12-07T06:42:44,29.0,218.5,227.7,0.8,300.0,243.5
2018-12-07T06:43:15,29.0,211.4,249.0,0.9,300.0,242.5
2018-12-07T06:43:46,29.0,220.3,237.8,0.9,300.0,241.5
2018-12-07T06:44:17,29.4,206.1,218.8,0.9,310.0,243.5
2018-12-07T06:44:48,29.4,184.3,240.7,1.1,310.0,244.4
2018-12-07T06:45:19,29.4,165.9,234.8,1.1,320.0,243.5
2018-12-07T06:45:51,29.7,174.8,243.7,1.1,320.0,243.5
2018-12-07T06:46:22,29.7,190.2,227.1,1.0,320.0,241.5
2018-12-07T06:46:53,29.7,190.8,241.9,1.1,330.0,242.5
2018-12-07T06:47:24,29.4,170.7,231.9,1.3,330.0,243.5
2018-12-07T06:47:55,29.7,170.1,246.6,1.2,340.0,242.5
2018-12-07T06:48:26,29.4,196.7,223.6,1.2,340.0,244.4
2018-12-07T06:48:57,29.4,189.6,236.6,1.4,340.0,244.4
2018-12-07T06:49:28,29.4,202.0,233.6,1.1,350.0,243.5
2018-12-07T06:49:59,29.4,178.3,218.8,1.4,350.0,243.5
2018-12-07T06:50:30,29.7,200.2,243.1,1.2,360.0,246.4
2018-12-07T06:51:02,29.7,193.1,231.9,1.4,360.0,244.4
2018-12-07T06:51:33,30.1,192.5,243.7,1.3,370.0,244.4
2018-12-07T06:52:04,30.1,194.9,227.7,1.3,370.0,244.4
2018-12-07T06:52:35,29.7,197.3,239.0,1.2,380.0,244.4
2018-12-07T06:53:06,29.7,193.7,222.4,1.1,380.0,243.5
2018-12-07T06:53:37,30.1,178.3,228.3,1.1,390.0,242.5
2018-12-07T06:54:08,29.7,193.7,244.9,1.1,390.0,243.5
2018-12-07T06:54:39,29.7,195.5,237.2,0.9,390.0,245.4
2018-12-07T06:55:10,29.7,176.6,228.9,1.1,400.0,242.5
2018-12-07T06:55:41,30.1,160.6,220.6,1.1,400.0,242.5
2018-12-07T06:56:13,30.1,184.3,243.1,1.0,400.0,242.5
2018-12-07T06:56:44,30.2,209.1,231.3,1.0,410.0,241.5
2018-12-07T06:57:15,30.2,226.2,207.6,1.1,410.0,244.4
2018-12-07T06:57:46,30.2,222.1,211.7,1.3,420.0,244.4
2018-12-07T06:58:17,30.2,219.7,230.1,1.1,420.0,243.5
2018-12-07T06:58:48,30.2,219.7,229.5,1.1,430.0,243.5
2018-12-07T06:59:19,30.2,223.8,230.7,1.0,430.0,242.5
2018-12-07T06:59:50,30.2,223.2,242.5,1.1,440.0,243.5
2018-12-07T07:00:21,30.2,209.7,249.6,1.4,440.0,243.5
2018-12-07T07:00:53,30.3,220.9,229.5,1.4,450.0,244.4
2018-12-07T07:01:24,30.3,217.9,236.6,1.5,450.0,243.5
2018-12-07T07:01:55,30.3,217.9,236.6,1.4,460.0,245.4
2018-12-07T07:02:26,30.4,209.1,237.8,1.4,460.0,243.5
2018-12-07T07:02:57,30.5,220.9,243.7,1.4,470.0,243.5
2018-12-07T07:03:28,30.4,221.5,223.6,1.3,470.0,242.5
2018-12-07T07:03:59,30.4,222.7,230.7,1.0,480.0,243.5
2018-12-07T07:04:30,30.5,211.4,242.5,1.1,480.0,243.5
2018-12-07T07:05:01,30.5,222.1,230.1,1.2,490.0,244.4
2018-12-07T07:05:33,30.7,215.0,241.9,1.0,490.0,241.5
2018-12-07T07:06:04,30.7,214.4,236.6,1.0,500.0,241.5
2018-12-07T07:06:35,30.7,217.3,234.2,0.9,500.0,242.5
2018-12-07T07:07:06,30.8,209.7,238.4,1.0,500.0,241.5
2018-12-07T07:07:37,30.8,212.0,223.6,1.0,510.0,242.5
2018-12-07T07:08:08,30.8,213.2,224.2,1.0,510.0,241.5
2018-12-07T07:08:39,30.9,222.1,239.0,0.9,520.0,242.5
2018-12-07T07:09:10,30.9,222.7,216.5,0.9,520.0,241.5
2018-12-07T07:09:41,30.8,203.2,237.8,1.0,520.0,242.5
2018-12-07T07:10:12,30.8,220.3,247.8,1.2,530.0,244.4
2018-12-07T07:10:44,30.8,219.1,233.0,1.1,530.0,245.4
2018-12-07T07:11:15,30.9,203.7,249.6,1.5,540.0,244.4
2018-12-07T07:11:46,30.9,194.3,240.7,1.4,540.0,245.4
2018-12-07T07:12:17,31.0,191.9,236.0,1.3,550.0,247.3
2018-12-07T07:12:48,30.9,211.4,236.0,1.2,550.0,247.3
2018-12-07T07:13:19,30.8,219.7,241.3,1.1,560.0,246.4
2018-12-07T07:13:50,30.8,215.6,224.2,1.2,560.0,246.4
2018-12-07T07:14:21,30.8,212.0,244.9,1.1,570.0,247.3
2018-12-07T07:14:52,30.8,191.9,222.4,1.4,570.0,246.4
2018-12-07T07:15:23,30.9,167.7,232.4,1.8,580.0,246.4
2018-12-07T07:15:55,30.9,186.0,249.0,1.5,580.0,247.3
2018-12-07T07:16:26,30.9,180.1,230.7,1.6,590.0,245.4
2018-12-07T07:16:57,30.9,183.1,246.1,1.6,600.0,245.4
2018-12-07T07:17:28,30.9,158.9,237.2,1.9,600.0,245.4
2018-12-07T07:17:59,30.9,169.5,239.5,1.8,610.0,245.4
2018-12-07T07:18:30,30.9,186.0,241.9,1.8,610.0,244.4
2018-12-07T07:19:01,31.0,173.6,225.9,1.9,620.0,246.4
2018-12-07T07:19:32,31.0,186.0,239.5,1.8,630.0,245.4
2018-12-07T07:20:03,31.0,185.4,233.6,1.6,630.0,245.4
2018-12-07T07:20:35,31.0,196.1,224.2,1.6,640.0,244.4
2018-12-07T07:21:06,31.1,191.3,233.0,1.7,650.0,247.3
2018-12-07T07:21:37,31.1,199.0,232.4,1.5,650.0,245.4
2018-12-07T07:22:08,31.1,199.0,241.9,1.5,660.0,245.4
2018-12-07T07:22:39,31.2,192.5,233.0,1.5,660.0,244.4
2018-12-07T07:23:10,31.2,192.5,237.8,1.6,670.0,243.5
2018-12-07T07:23:41,31.1,196.1,232.4,1.4,680.0,243.5
2018-12-07T07:24:12,31.1,182.5,221.8,1.6,680.0,246.4
2018-12-07T07:24:43,31.2,193.7,234.2,1.4,690.0,246.4
2018-12-07T07:25:14,31.2,183.1,222.4,1.7,690.0,242.5
2018-12-07T07:25:46,31.1,199.6,237.8,1.6,700.0,244.4
2018-12-07T07:26:17,31.2,181.9,221.8,1.6,710.0,245.4
2018-12-07T07:26:48,31.2,170.7,244.3,1.8,710.0,244.4
2018-12-07T07:27:19,31.4,173.0,226.5,1.6,720.0,244.4
2018-12-07T07:27:50,31.4,196.7,233.6,1.5,720.0,247.3
2018-12-07T07:28:21,31.5,178.3,247.2,1.8,730.0,244.4
2018-12-07T07:28:52,31.5,181.9,228.3,1.8,740.0,247.3
2018-12-07T07:29:23,31.5,186.0,233.6,1.8,740.0,246.4
2018-12-07T07:29:54,31.5,171.9,216.5,1.8,750.0,246.4
2018-12-07T07:30:25,31.6,198.4,210.6,1.8,760.0,245.4
2018-12-07T07:30:57,31.6,200.8,239.0,1.7,760.0,246.4
2018-12-07T07:31:28,31.7,195.5,225.9,1.8,770.0,247.3
2018-12-07T07:31:59,31.6,196.7,240.1,1.8,780.0,247.3
2018-12-07T07:32:30,31.6,200.8,236.6,1.8,780.0,247.3
2018-12-07T07:33:01,31.7,200.8,225.4,1.9,790.0,246.4
2018-12-07T07:33:32,31.7,199.0,233.6,1.9,800.0,247.3
2018-12-07T07:34:03,31.8,198.4,239.5,1.8,800.0,246.4
2018-12-07T07:34:34,31.7,193.7,230.7,1.9,810.0,247.3
2018-12-07T07:35:05,31.8,192.5,240.7,1.8,820.0,246.4
2018-12-07T07:35:37,31.9,193.1,227.1,1.8,830.0,247.3
2018-12-07T07:36:08,32.0,194.9,231.9,1.7,830.0,248.3
2018-12-07T07:36:39,32.0,199.0,228.9,1.7,840.0,247.3
2018-12-07T07:37:10,32.2,196.1,241.3,1.7,850.0,246.4
2018-12-07T07:37:41,32.0,197.3,231.9,1.6,850.0,246.4
2018-12-07T07:38:12,32.0,199.0,233.6,1.5,860.0,244.4
2018-12-07T07:38:43,32.0,177.8,220.6,1.8,870.0,245.4
2018-12-07T07:39:14,32.2,199.6,239.0,1.7,870.0,244.4
2018-12-07T07:39:45,32.2,199.0,233.0,1.8,880.0,244.4
2018-12-07T07:40:16,32.3,194.9,223.6,1.8,890.0,244.4
2018-12-07T07:40:48,32.3,194.9,236.0,1.7,890.0,243.5
2018-12-07T07:41:19,32.4,193.7,237.8,1.8,900.0,243.5
2018-12-07T07:41:50,32.4,193.7,233.0,1.6,910.0,243.5
2018-12-07T07:42:21,32.4,196.1,235.4,1.6,910.0,243.5
2018-12-07T07:42:52,32.5,196.7,230.7,1.3,920.0,244.4
2018-12-07T07:43:23,32.5,199.0,234.8,1.3,930.0,244.4
2018-12-07T07:43:54,32.5,196.1,240.1,1.4,930.0,247.3
2018-12-07T07:44:25,32.5,194.3,232.4,1.4,940.0,246.4
2018-12-07T07:44:56,32.5,186.0,229.5,1.4,940.0,246.4
2018-12-07T07:45:27,32.5,190.8,235.4,1.5,950.0,246.4
2018-12-07T07:45:59,32.5,182.5,231.3,1.6,960.0,246.4
2018-12-07T07:46:30,32.6,160.6,243.1,1.9,960.0,247.3
2018-12-07T07:47:01,32.6,174.2,225.4,1.9,970.0,244.4
2018-12-07T07:47:32,32.7,204.3,222.4,1.9,980.0,244.4
2018-12-07T07:48:03,32.7,187.8,247.8,2.5,980.0,246.4
2018-12-07T07:48:34,32.9,187.2,230.1,2.5,990.0,246.4
2018-12-07T07:49:05,32.9,189.6,236.6,2.4,1000.0,246.4
2018-12-07T07:49:36,33.0,186.0,236.0,2.5,1010.0,245.4
2018-12-07T07:50:07,32.9,193.7,227.7,1.9,1020.0,244.4
2018-12-07T07:50:39,33.0,196.1,239.5,2.0,1030.0,244.4
2018-12-07T07:51:10,33.0,187.2,239.5,2.3,1040.0,244.4
2018-12-07T07:51:41,32.9,186.6,227.7,2.2,1050.0,244.4
2018-12-07T07:52:12,32.9,186.0,237.8,1.8,1050.0,242.5
2018-12-07T07:52:43,32.7,176.6,232.4,2.0,1060.0,244.4
2018-12-07T07:53:14,32.9,185.4,223.6,2.0,1070.0,246.4
2018-12-07T07:53:45,32.9,184.8,234.8,1.8,1080.0,243.5
2018-12-07T07:54:16,33.0,184.3,238.4,1.7,1080.0,243.5
2018-12-07T07:54:47,33.1,189.6,234.8,1.6,1090.0,242.5
2018-12-07T07:55:18,33.1,193.7,231.3,1.7,1100.0,244.4
2018-12-07T07:55:50,33.2,199.6,225.4,1.5,1100.0,243.5
2018-12-07T07:56:21,33.2,197.8,228.9,1.6,1110.0,243.5
2018-12-07T07:56:52,33.2,195.5,239.5,1.6,1120.0,241.5
2018-12-07T07:57:23,33.2,197.3,236.6,1.5,1120.0,242.5
2018-12-07T07:57:54,33.2,199.0,230.1,1.5,1130.0,242.5
2018-12-07T07:58:25,33.2,197.8,237.2,1.5,1140.0,243.5
2018-12-07T07:58:56,33.3,201.4,239.0,1.4,1140.0,243.5
2018-12-07T07:59:27,33.2,199.6,233.0,1.4,1150.0,241.5
2018-12-07T07:59:58,33.0,201.4,230.1,1.4,1160.0,245.4
2018-12-07T08:00:29,33.0,194.3,236.0,1.4,1160.0,244.4
2018-12-07T08:01:01,33.1,191.3,237.2,1.5,1170.0,244.4
2018-12-07T08:01:32,33.1,199.6,227.7,1.4,1170.0,244.4
2018-12-07T08:02:03,33.1,199.0,231.9,1.5,1180.0,243.5
2018-12-07T08:02:34,33.2,198.4,228.9,1.3,1190.0,243.5
2018-12-07T08:03:05,33.2,196.7,233.0,1.3,1190.0,243.5
2018-12-07T08:03:36,33.2,192.5,227.7,1.4,1200.0,242.5
2018-12-07T08:04:07,33.3,199.0,229.5,1.4,1200.0,243.5
2018-12-07T08:04:38,33.4,199.0,232.4,1.4,1210.0,244.4
2018-12-07T08:05:09,33.4,184.8,233.6,1.6,1220.0,245.4
2018-12-07T08:05:40,33.5,199.6,236.6,1.4,1220.0,243.5
2018-12-07T08:06:12,33.5,219.1,224.8,1.4,1230.0,243.5
2018-12-07T08:06:43,33.5,209.1,233.6,1.3,1230.0,242.5
2018-12-07T08:07:14,33.5,220.9,230.7,1.3,1240.0,243.5
2018-12-07T08:07:45,33.5,216.7,239.0,1.3,1250.0,243.5
2018-12-07T08:08:16,33.5,223.2,233.0,1.2,1250.0,243.5
2018-12-07T08:08:47,33.5,210.2,239.0,1.2,1260.0,243.5
2018-12-07T08:09:18,33.5,216.7,220.6,1.2,1260.0,244.4
2018-12-07T08:09:49,33.5,220.9,237.8,1.4,1270.0,245.4
2018-12-07T08:10:20,33.5,223.2,229.5,1.2,1280.0,244.4
2018-12-07T08:10:51,33.5,216.7,230.1,1.2,1280.0,244.4
2018-12-07T08:11:23,33.7,220.9,233.6,1.3,1290.0,245.4
2018-12-07T08:11:54,33.7,219.1,232.4,1.2,1300.0,244.4
2018-12-07T08:12:25,33.8,217.3,228.9,1.2,1300.0,243.5
2018-12-07T08:12:56,33.8,220.9,234.8,1.2,1310.0,243.5
2018-12-07T08:13:27,33.8,220.3,227.7,1.0,1310.0,241.5
2018-12-07T08:13:58,33.8,221.5,230.1,1.0,1320.0,242.5
2018-12-07T08:14:29,33.9,217.9,231.9,1.0,1320.0,242.5
2018-12-07T08:15:00,33.9,217.9,226.5,0.9,1330.0,244.4
2018-12-07T08:15:31,33.9,207.9,227.7,0.9,1330.0,243.5
2018-12-07T08:16:03,33.8,213.2,225.9,1.0,1330.0,242.5
2018-12-07T08:16:34,33.9,216.2,230.1,0.9,1340.0,243.5
2018-12-07T08:17:05,33.9,210.2,246.6,1.0,1340.0,245.4
2018-12-07T08:17:36,33.9,217.3,243.1,1.2,1350.0,244.4
2018-12-07T08:18:07,34.0,220.3,238.4,1.4,1350.0,244.4
2018-12-07T08:18:38,34.0,196.7,215.9,1.7,1360.0,245.4
2018-12-07T08:19:09,34.0,172.4,236.6,2.0,1370.0,244.4
2018-12-07T08:19:40,34.0,187.8,241.9,1.7,1370.0,245.4
2018-12-07T08:20:11,34.0,168.3,217.1,2.1,1380.0,245.4
2018-12-07T08:20:42,34.0,178.9,231.9,2.2,1390.0,245.4
2018-12-07T08:21:14,33.9,176.0,229.5,2.1,1400.0,245.4
2018-12-07T08:21:45,34.0,170.1,221.2,2.5,1400.0,246.4
2018-12-07T08:22:16,34.0,185.4,235.4,2.3,1410.0,246.4
2018-12-07T08:22:47,34.0,179.5,237.2,2.4,1420.0,245.4
2018-12-07T08:23:18,34.1,170.7,233.6,2.7,1430.0,246.4
2018-12-07T08:23:49,34.1,189.0,234.8,2.5,1440.0,247.3
2018-12-07T08:24:20,34.1,193.7,233.6,2.5,1450.0,247.3
2018-12-07T08:24:51,34.2,200.2,225.9,2.4,1460.0,247.3
2018-12-07T08:25:22,34.2,194.9,230.7,2.4,1470.0,247.3
2018-12-07T08:25:54,34.2,184.8,237.2,2.7,1480.0,246.4
2018-12-07T08:26:27,34.4,169.5,234.8,2.6,1490.0,247.3
2018-12-07T08:26:58,34.4,194.3,240.7,2.4,1500.0,247.3
2018-12-07T08:27:29,34.5,199.6,233.0,2.4,1510.0,248.3
2018-12-07T08:28:00,34.5,196.7,239.0,2.4,1520.0,249.3
2018-12-07T08:28:31,34.5,196.7,233.6,2.0,1530.0,249.3
2018-12-07T08:29:02,34.5,200.8,237.2,1.9,1540.0,250.2
2018-12-07T08:29:33,34.5,189.6,231.9,1.9,1540.0,247.3
2018-12-07T08:30:04,34.5,200.8,220.0,2.1,1550.0,248.3
2018-12-07T08:30:35,34.6,194.9,230.7,1.9,1560.0,247.3
2018-12-07T08:31:07,34.6,174.8,241.3,2.2,1570.0,247.3
2018-12-07T08:31:38,34.6,170.1,228.9,2.1,1580.0,247.3
2018-12-07T08:32:09,34.6,170.7,233.0,2.2,1590.0,248.3
2018-12-07T08:32:40,34.6,194.9,231.9,2.3,1600.0,248.3
2018-12-07T08:33:11,34.6,197.3,233.0,2.0,1610.0,248.3
2018-12-07T08:33:42,34.6,196.1,232.4,1.9,1610.0,248.3
2018-12-07T08:34:13,34.7,192.5,233.6,1.8,1620.0,247.3
2018-12-07T08:34:44,34.7,198.4,236.6,1.9,1630.0,248.3
2018-12-07T08:35:15,34.6,178.9,223.0,2.0,1640.0,248.3
2018-12-07T08:35:46,34.6,167.7,235.4,2.5,1650.0,249.3
2018-12-07T08:36:18,34.6,182.5,241.3,2.3,1660.0,249.3
2018-12-07T08:36:49,34.7,171.9,237.8,2.7,1670.0,249.3
2018-12-07T08:37:20,34.7,171.9,227.7,2.4,1680.0,249.3
2018-12-07T08:37:51,34.7,177.2,237.2,2.5,1680.0,248.3
2018-12-07T08:38:22,34.7,199.6,230.1,2.5,1690.0,249.3
2018-12-07T08:38:53,34.7,191.3,226.5,2.4,1700.0,248.3
2018-12-07T08:39:24,34.8,200.2,237.8,2.4,1710.0,250.2
2018-12-07T08:39:55,34.8,191.9,236.0,2.5,1720.0,249.3
2018-12-07T08:40:26,34.8,196.1,231.9,2.4,1730.0,249.3
2018-12-07T08:40:57,34.8,196.7,230.7,2.4,1740.0,249.3
2018-12-07T08:41:29,34.8,193.1,239.5,2.7,1760.0,249.3
2018-12-07T08:42:00,34.9,188.4,234.2,2.8,1770.0,249.3
2018-12-07T08:42:31,34.9,165.9,227.7,3.3,1780.0,249.3
2018-12-07T08:43:02,34.9,185.4,231.9,3.0,1790.0,250.2
2018-12-07T08:43:33,34.8,198.4,231.9,2.9,1800.0,251.2
2018-12-07T08:44:04,34.9,200.2,225.9,2.8,1810.0,249.3
2018-12-07T08:44:35,34.9,196.7,228.9,2.9,1820.0,248.3
2018-12-07T08:45:06,34.9,193.7,226.5,3.0,1840.0,250.2
2018-12-07T08:45:37,34.8,199.6,230.1,2.9,1850.0,250.2
2018-12-07T08:46:09,34.8,199.6,227.1,2.8,1860.0,249.3
2018-12-07T08:46:40,34.8,194.3,230.1,2.8,1870.0,249.3
2018-12-07T08:47:11,34.8,194.3,227.7,2.4,1880.0,249.3
2018-12-07T08:47:42,34.8,195.5,231.9,2.1,1890.0,248.3
2018-12-07T08:48:13,34.6,196.7,230.1,1.9,1900.0,249.3
2018-12-07T08:48:44,34.6,200.8,228.9,1.8,1910.0,246.4
2018-12-07T08:49:15,34.6,194.3,223.6,1.9,1920.0,247.3
2018-12-07T08:49:46,34.5,191.9,234.8,2.0,1930.0,246.4
2018-12-07T08:50:17,34.4,211.4,214.7,1.9,1930.0,247.3
2018-12-07T08:50:48,34.5,225.0,234.8,1.6,1940.0,247.3
2018-12-07T08:51:20,34.6,213.2,236.6,1.9,1950.0,247.3
2018-12-07T08:51:51,34.6,221.5,231.3,1.9,1960.0,247.3
2018-12-07T08:52:22,34.7,220.9,228.3,2.0,1970.0,248.3
2018-12-07T08:52:53,34.7,220.9,235.4,2.0,1980.0,246.4
2018-12-07T08:53:24,34.7,220.9,231.9,1.7,1990.0,247.3
2018-12-07T08:53:55,34.7,220.3,232.4,1.9,2000.0,246.4
2018-12-07T08:54:26,34.8,222.7,230.7,1.7,2010.0,247.3
2018-12-07T08:54:57,34.7,223.8,239.0,1.4,2020.0,249.3
2018-12-07T08:55:28,34.7,206.1,234.8,1.6,2020.0,246.4
2018-12-07T08:55:59,34.6,218.5,234.2,1.5,2030.0,248.3
2018-12-07T08:56:31,34.5,215.6,236.6,1.4,2040.0,247.3
2018-12-07T08:57:02,34.5,223.2,233.6,1.4,2050.0,246.4
2018-12-07T08:57:33,34.4,222.7,234.8,1.3,2050.0,245.4
2018-12-07T08:58:04,34.4,218.5,231.9,1.2,2060.0,245.4
2018-12-07T08:58:35,34.5,223.8,233.6,1.1,2070.0,246.4
2018-12-07T08:59:06,34.6,217.3,231.9,1.2,2070.0,247.3
2018-12-07T08:59:37,34.6,214.4,233.0,1.1,2080.0,245.4
2018-12-07T09:00:08,34.5,216.2,235.4,1.1,2090.0,244.4
2018-12-07T09:00:39,34.6,217.3,234.2,1.1,2090.0,243.5
2018-12-07T09:01:11,34.5,208.5,237.8,1.1,2100.0,244.4
2018-12-07T09:01:42,34.4,220.9,228.3,1.0,2100.0,242.5
2018-12-07T09:02:13,34.4,211.4,232.4,1.0,2110.0,242.5
2018-12-07T09:02:44,34.2,216.2,227.1,1.0,2110.0,242.5
2018-12-07T09:03:15,33.9,220.9,228.9,0.9,2120.0,242.5
2018-12-07T09:03:46,34.0,219.1,234.8,1.0,2120.0,242.5
2018-12-07T09:04:17,34.1,202.6,236.6,1.0,2130.0,242.5
2018-12-07T09:04:48,34.1,217.9,240.7,1.0,2130.0,242.5
2018-12-07T09:05:19,34.0,215.0,233.0,1.0,2130.0,244.4
2018-12-07T09:05:50,33.9,198.4,223.0,1.1,2140.0,243.5
2018-12-07T09:06:22,33.9,173.6,240.7,1.4,2140.0,243.5
2018-12-07T09:06:53,33.9,152.9,217.7,1.6,2150.0,244.4
2018-12-07T09:07:24,33.9,131.1,194.6,1.9,2160.0,243.5
2018-12-07T09:07:55,33.9,148.8,173.9,2.1,2160.0,245.4
2018-12-07T09:08:26,33.9,178.9,190.4,2.1,2170.0,244.4
2018-12-07T09:08:57,34.0,193.7,228.9,2.6,2180.0,245.4
2018-12-07T09:09:28,34.1,172.4,224.2,3.3,2190.0,246.4
2018-12-07T09:09:59,34.2,171.3,236.0,2.6,2200.0,245.4
2018-12-07T09:10:30,34.2,187.8,231.3,2.8,2210.0,247.3
2018-12-07T09:11:01,34.1,180.7,243.1,2.6,2220.0,246.4
2018-12-07T09:11:32,34.1,189.6,236.0,2.2,2230.0,247.3
2018-12-07T09:12:03,34.1,183.1,239.5,2.2,2240.0,247.3
2018-12-07T09:12:34,34.0,187.2,233.0,1.9,2250.0,247.3
2018-12-07T09:13:05,34.0,184.8,232.4,1.9,2250.0,246.4
2018-12-07T09:13:36,34.0,184.3,231.3,1.7,2260.0,245.4
2018-12-07T09:14:07,34.0,200.8,231.9,1.5,2270.0,245.4
2018-12-07T09:14:38,34.1,193.1,233.0,1.5,2270.0,245.4
2018-12-07T09:15:09,34.2,199.0,233.0,1.3,2280.0,245.4
2018-12-07T09:15:41,34.2,199.6,231.9,1.2,2290.0,245.4
2018-12-07T09:16:12,34.4,194.9,231.3,1.2,2290.0,245.4
2018-12-07T09:16:43,34.5,191.9,226.5,1.2,2300.0,245.4
2018-12-07T09:17:14,34.5,197.3,233.0,1.1,2300.0,245.4
2018-12-07T09:17:45,34.5,191.9,233.0,1.2,2310.0,246.4
2018-12-07T09:18:16,34.5,193.1,224.8,1.1,2310.0,244.4
2018-12-07T09:18:47,34.6,192.5,233.0,1.3,2320.0,245.4
2018-12-07T09:19:18,34.5,178.3,237.2,1.2,2320.0,246.4
2018-12-07T09:19:49,34.5,191.9,231.9,1.2,2330.0,245.4
2018-12-07T09:20:20,34.5,191.9,237.8,1.1,2330.0,246.4
2018-12-07T09:20:52,34.4,196.1,239.0,1.1,2340.0,246.4
2018-12-07T09:21:23,34.2,199.0,234.8,1.2,2340.0,246.4
2018-12-07T09:21:54,34.2,178.3,224.8,1.3,2350.0,246.4
2018-12-07T09:22:25,34.2,171.3,230.7,1.5,2350.0,245.4
2018-12-07T09:22:56,34.2,169.5,230.7,1.4,2360.0,246.4
2018-12-07T09:23:27,34.1,176.0,240.7,1.5,2370.0,245.4
2018-12-07T09:23:58,34.2,197.8,234.8,1.3,2370.0,247.3
2018-12-07T09:24:29,34.2,198.4,227.1,1.3,2380.0,246.4
2018-12-07T09:25:00,34.1,194.3,232.4,1.2,2380.0,246.4
2018-12-07T09:25:32,34.0,199.0,235.4,1.2,2390.0,245.4
2018-12-07T09:26:03,33.9,196.7,235.4,1.4,2390.0,246.4
2018-12-07T09:26:34,33.8,191.9,239.0,1.3,2400.0,246.4
2018-12-07T09:27:05,33.9,196.1,233.0,1.3,2400.0,246.4
2018-12-07T09:27:36,34.0,174.8,235.4,1.5,2410.0,246.4
2018-12-07T09:28:07,33.9,161.8,236.0,1.6,2420.0,246.4
2018-12-07T09:28:38,34.0,187.8,236.0,1.7,2420.0,247.3
2018-12-07T09:29:09,33.9,189.6,227.7,1.7,2430.0,247.3
2018-12-07T09:29:40,34.0,168.3,234.2,1.9,2440.0,247.3
2018-12-07T09:30:11,34.0,176.0,236.6,1.9,2440.0,245.4
2018-12-07T09:30:43,34.1,174.2,225.9,2.0,2450.0,246.4
2018-12-07T09:31:14,34.2,163.6,233.6,2.0,2460.0,247.3
2018-12-07T09:31:45,34.2,171.3,233.0,1.9,2460.0,246.4
2018-12-07T09:32:16,34.4,177.8,228.9,1.9,2470.0,246.4
2018-12-07T09:32:47,34.4,159.4,243.1,2.1,2480.0,246.4
2018-12-07T09:33:18,34.5,183.1,233.0,2.2,2490.0,248.3
2018-12-07T09:33:49,34.5,202.0,231.9,1.7,2500.0,247.3
2018-12-07T09:34:20,34.4,202.0,236.6,1.8,2500.0,248.3
2018-12-07T09:34:51,34.5,198.4,234.2,1.7,2510.0,248.3
2018-12-07T09:35:22,34.5,200.2,234.8,1.5,2520.0,248.3
2018-12-07T09:35:54,34.6,198.4,234.8,1.5,2530.0,248.3
2018-12-07T09:36:26,34.6,197.3,233.0,1.4,2530.0,246.4
2018-12-07T09:36:57,34.6,200.2,233.6,1.3,2540.0,247.3
2018-12-07T09:37:28,34.5,200.2,238.4,1.3,2550.0,247.3
2018-12-07T09:37:59,34.4,199.0,237.2,1.3,2550.0,246.4
2018-12-07T09:38:30,34.2,196.1,237.8,1.2,2560.0,246.4
2018-12-07T09:39:01,34.1,194.9,239.0,1.2,2560.0,246.4
2018-12-07T09:39:32,34.2,193.1,237.2,1.1,2570.0,246.4
2018-12-07T09:40:03,34.2,190.2,236.0,1.0,2570.0,245.4
2018-12-07T09:40:34,34.2,190.2,234.8,1.1,2580.0,245.4
2018-12-07T09:41:06,34.4,192.5,233.0,1.0,2580.0,244.4
2018-12-07T09:41:37,34.2,192.5,236.6,0.9,2590.0,246.4
2018-12-07T09:42:08,34.4,190.8,233.0,1.0,2590.0,245.4
2018-12-07T09:42:39,34.4,186.6,231.9,1.0,2600.0,245.4
2018-12-07T09:43:10,34.4,196.1,236.6,0.9,2600.0,245.4
2018-12-07T09:43:41,34.2,194.3,236.6,1.0,2600.0,244.4
2018-12-07T09:44:12,34.4,183.1,225.9,0.9,2610.0,243.5
2018-12-07T09:44:43,34.2,187.8,240.1,1.0,2610.0,244.4
2018-12-07T09:45:14,34.4,167.1,218.8,1.1,2620.0,244.4
2018-12-07T09:45:45,34.5,146.4,240.7,1.2,2620.0,244.4
2018-12-07T09:46:17,34.4,168.3,218.3,1.3,2620.0,244.4
2018-12-07T09:46:48,34.4,192.5,197.5,1.2,2630.0,243.5
2018-12-07T09:47:19,34.5,194.3,222.4,1.2,2630.0,245.4
2018-12-07T09:47:50,34.5,187.8,241.9,1.2,2640.0,245.4
2018-12-07T09:48:21,34.4,167.1,220.6,1.4,2640.0,245.4
2018-12-07T09:48:52,34.1,177.8,239.5,1.3,2650.0,245.4
2018-12-07T09:49:23,34.1,199.0,234.8,1.1,2650.0,246.4
2018-12-07T09:49:54,34.0,197.3,228.3,1.1,2660.0,246.4
2018-12-07T09:50:25,34.0,194.9,231.3,1.2,2660.0,245.4
2018-12-07T09:50:56,34.0,196.1,232.4,1.2,2670.0,245.4
2018-12-07T09:51:28,34.1,196.1,228.9,1.1,2670.0,245.4
2018-12-07T09:51:59,34.1,184.8,239.5,1.2,2680.0,244.4
2018-12-07T09:52:30,34.1,184.8,233.6,1.3,2680.0,245.4
2018-12-07T09:53:01,34.1,193.7,225.9,1.3,2690.0,245.4
2018-12-07T09:53:32,34.2,172.4,232.4,1.3,2690.0,246.4
2018-12-07T09:54:03,34.4,167.7,228.9,1.5,2700.0,245.4
2018-12-07T09:54:34,34.4,190.8,222.4,1.4,2700.0,245.4
2018-12-07T09:55:05,34.4,190.8,236.6,1.3,2710.0,244.4
2018-12-07T09:55:36,34.5,206.7,230.1,1.3,2710.0,245.4
2018-12-07T09:56:08,34.6,194.3,241.3,1.5,2720.0,245.4
2018-12-07T09:56:39,34.6,189.0,223.6,1.4,2730.0,245.4
2018-12-07T09:57:10,34.7,167.7,233.6,1.8,2730.0,247.3
2018-12-07T09:57:41,34.7,170.7,233.6,1.7,2740.0,247.3
2018-12-07T09:58:12,34.7,193.1,231.9,1.7,2740.0,245.4
2018-12-07T09:58:43,34.8,196.1,231.3,1.8,2750.0,245.4
2018-12-07T09:59:14,34.7,174.8,229.5,2.0,2760.0,245.4
2018-12-07T09:59:45,34.8,164.2,231.9,2.3,2770.0,245.4
2018-12-07T10:00:16,34.8,189.0,232.4,2.0,2770.0,246.4
2018-12-07T10:00:47,34.9,173.0,228.3,2.5,2780.0,246.4
2018-12-07T10:01:19,34.9,182.5,243.7,2.4,2790.0,246.4
2018-12-07T10:01:50,34.9,203.2,233.0,2.2,2800.0,248.3
2018-12-07T10:02:21,34.8,199.0,232.4,2.2,2810.0,246.4
2018-12-07T10:02:52,34.9,199.6,231.9,2.0,2820.0,247.3
2018-12-07T10:03:23,34.9,200.8,237.8,1.8,2830.0,247.3
2018-12-07T10:03:54,34.9,201.4,237.2,1.8,2840.0,246.4
2018-12-07T10:04:25,35.0,199.0,231.3,1.9,2850.0,246.4
2018-12-07T10:04:56,35.2,196.7,236.0,1.9,2850.0,246.4
2018-12-07T10:05:27,35.2,203.2,231.3,1.6,2860.0,247.3
2018-12-07T10:05:58,35.3,197.3,232.4,1.9,2870.0,247.3
2018-12-07T10:06:30,35.3,200.8,230.7,1.8,2880.0,247.3
2018-12-07T10:07:01,35.3,199.0,236.0,1.9,2890.0,246.4
2018-12-07T10:07:32,35.4,182.5,237.2,2.0,2900.0,247.3
2018-12-07T10:08:03,35.4,194.9,232.4,2.0,2900.0,248.3
2018-12-07T10:08:34,35.4,197.8,225.9,2.0,2910.0,247.3
2018-12-07T10:09:05,35.5,183.1,235.4,2.3,2920.0,247.3
2018-12-07T10:09:36,35.5,202.0,227.7,2.2,2930.0,248.3
2018-12-07T10:10:07,35.5,177.8,225.9,2.7,2940.0,246.4
2018-12-07T10:10:39,35.6,150.6,202.9,3.5,2950.0,250.2
2018-12-07T10:11:10,35.7,166.5,228.9,5.2,2960.0,251.2
2018-12-07T10:11:41,35.7,176.0,231.3,4.4,2980.0,251.2
2018-12-07T10:12:12,35.7,181.9,225.4,3.9,3000.0,250.2
2018-12-07T10:12:43,35.7,188.4,224.8,3.5,3010.0,248.3
2018-12-07T10:13:14,35.7,175.4,237.8,3.9,3030.0,249.3
2018-12-07T10:13:45,35.9,189.6,232.4,3.4,3040.0,248.3
2018-12-07T10:14:16,35.9,186.6,225.4,2.6,3050.0,247.3
2018-12-07T10:14:47,35.9,194.9,227.7,2.7,3060.0,247.3
2018-12-07T10:15:18,36.0,195.5,221.2,2.7,3070.0,247.3
2018-12-07T10:15:50,36.1,196.1,225.9,2.7,3090.0,249.3
2018-12-07T10:16:21,36.1,195.5,230.7,2.9,3100.0,247.3
2018-12-07T10:16:52,36.1,194.9,213.5,3.3,3110.0,248.3
2018-12-07T10:17:23,36.2,202.0,231.3,2.9,3120.0,246.4
2018-12-07T10:17:54,36.2,197.8,230.7,2.7,3140.0,247.3
2018-12-07T10:18:25,36.2,191.9,224.8,2.8,3150.0,247.3
2018-12-07T10:18:56,36.3,187.2,223.0,2.7,3160.0,245.4
2018-12-07T10:19:27,36.3,183.1,224.2,2.7,3170.0,245.4
2018-12-07T10:19:58,36.3,198.4,225.4,2.7,3180.0,246.4
2018-12-07T10:20:29,36.4,194.3,225.4,3.0,3190.0,247.3
2018-12-07T10:21:01,36.4,174.2,237.2,3.5,3210.0,246.4
2018-12-07T10:21:32,36.4,173.0,233.6,3.3,3220.0,246.4
2018-12-07T10:22:03,36.4,177.8,216.5,3.6,3230.0,247.3
2018-12-07T10:22:34,36.4,165.9,231.9,3.3,3240.0,248.3
2018-12-07T10:23:05,36.3,168.9,227.7,3.1,3260.0,246.4
2018-12-07T10:23:36,36.3,173.0,230.7,2.8,3270.0,246.4
2018-12-07T10:24:07,36.3,167.7,230.7,2.9,3280.0,245.4
2018-12-07T10:24:38,36.3,173.6,230.1,2.6,3290.0,247.3
2018-12-07T10:25:09,36.4,168.9,228.3,2.8,3300.0,246.4
2018-12-07T10:25:40,36.5,191.3,229.5,2.4,3310.0,246.4
2018-12-07T10:26:12,36.4,196.7,225.9,2.3,3320.0,246.4
2018-12-07T10:26:43,36.4,196.1,231.9,2.4,3330.0,246.4
2018-12-07T10:27:14,36.4,189.0,225.9,2.3,3340.0,246.4
2018-12-07T10:27:45,36.4,189.0,233.6,2.3,3350.0,246.4
2018-12-07T10:28:16,36.4,196.1,234.8,2.3,3360.0,246.4
2018-12-07T10:28:47,36.5,191.9,235.4,2.4,3370.0,246.4
2018-12-07T10:29:18,36.5,197.8,233.6,2.4,3380.0,245.4
2018-12-07T10:29:49,36.5,196.1,236.6,2.4,3390.0,246.4
2018-12-07T10:30:20,36.7,194.3,210.0,2.7,3400.0,247.3
2018-12-07T10:30:51,36.7,197.8,225.9,2.7,3410.0,247.3
2018-12-07T10:31:23,36.8,199.0,232.4,2.5,3420.0,246.4
2018-12-07T10:31:54,36.8,196.1,230.7,2.4,3440.0,245.4
2018-12-07T10:32:25,36.8,195.5,228.3,2.3,3450.0,244.4
2018-12-07T10:32:56,36.8,199.0,228.9,2.1,3460.0,246.4
2018-12-07T10:33:27,36.8,196.7,227.1,2.3,3460.0,246.4
2018-12-07T10:33:58,36.9,192.5,231.9,2.3,3470.0,246.4
2018-12-07T10:34:29,36.9,196.1,234.2,2.3,3480.0,244.4
2018-12-07T10:35:00,36.9,194.3,231.9,2.2,3490.0,244.4
2018-12-07T10:35:31,36.9,198.4,226.5,2.2,3500.0,245.4
2018-12-07T10:36:03,36.9,196.7,227.1,2.2,3510.0,246.4
2018-12-07T10:36:34,36.8,199.0,230.7,2.1,3520.0,244.4
2018-12-07T10:37:05,36.9,197.8,227.7,2.0,3530.0,245.4
2018-12-07T10:37:36,36.9,196.1,233.0,2.0,3540.0,245.4
2018-12-07T10:38:07,37.0,197.3,230.7,1.9,3550.0,244.4
2018-12-07T10:38:38,36.9,196.7,233.6,1.8,3560.0,245.4
2018-12-07T10:39:09,36.9,196.7,234.8,1.8,3570.0,245.4
2018-12-07T10:39:40,37.0,193.1,232.4,1.8,3570.0,245.4
2018-12-07T10:40:11,36.9,199.0,229.5,1.6,3580.0,245.4
2018-12-07T10:40:42,37.0,196.7,225.4,1.7,3590.0,244.4
2018-12-07T10:41:14,37.0,196.7,225.9,1.6,3600.0,243.5
2018-12-07T10:41:45,37.0,191.9,231.9,1.6,3600.0,245.4
2018-12-07T10:42:16,37.0,196.7,228.9,1.4,3610.0,244.4
2018-12-07T10:42:47,37.0,196.1,225.9,1.5,3620.0,243.5
2018-12-07T10:43:18,36.9,196.1,228.9,1.5,3620.0,243.5
2018-12-07T10:43:49,36.8,194.3,229.5,1.5,3630.0,244.4
2018-12-07T10:44:20,36.9,215.6,228.3,1.3,3630.0,243.5
2018-12-07T10:44:51,36.9,218.5,227.1,1.2,3640.0,242.5
2018-12-07T10:45:22,36.9,219.1,234.8,1.2,3650.0,244.4
2018-12-07T10:45:54,36.9,213.8,231.3,1.1,3650.0,243.5
2018-12-07T10:46:25,36.9,213.8,233.0,1.0,3660.0,246.4
2018-12-07T10:46:56,36.9,219.7,234.8,0.9,3660.0,246.4
2018-12-07T10:47:27,36.9,210.8,229.5,1.0,3670.0,245.4
2018-12-07T10:47:58,36.9,208.5,233.0,0.9,3670.0,245.4
2018-12-07T10:48:29,36.9,207.9,234.8,0.8,3670.0,247.3
2018-12-07T10:49:00,36.9,213.8,237.2,0.8,3680.0,246.4
2018-12-07T10:49:31,36.9,200.8,230.1,0.8,3680.0,245.4
2018-12-07T10:50:02,36.8,222.1,228.9,0.7,3690.0,246.4
2018-12-07T10:50:34,36.8,216.2,237.2,0.9,3690.0,246.4
2018-12-07T10:51:05,36.7,201.4,227.7,0.9,3690.0,247.3
2018-12-07T10:51:36,36.7,194.3,230.7,1.0,3700.0,247.3
2018-12-07T10:52:07,36.7,194.9,226.5,1.0,3700.0,246.4
2018-12-07T10:52:38,36.5,200.8,236.0,0.9,3710.0,246.4
2018-12-07T10:53:09,36.5,178.9,231.9,1.1,3710.0,247.3
2018-12-07T10:53:40,36.5,157.7,230.7,1.3,3710.0,246.4
2018-12-07T10:54:11,36.4,150.0,238.4,1.3,3720.0,246.4
2018-12-07T10:54:42,36.4,174.8,231.9,1.2,3720.0,245.4
2018-12-07T10:55:13,36.1,167.1,237.2,1.4,3730.0,246.4
2018-12-07T10:55:45,36.2,178.3,225.4,1.5,3730.0,246.4
2018-12-07T10:56:16,36.1,203.2,237.8,1.4,3740.0,246.4
2018-12-07T10:56:47,36.1,205.5,237.8,1.4,3750.0,247.3
2018-12-07T10:57:18,36.1,203.7,245.5,1.5,3750.0,245.4
2018-12-07T10:57:49,36.1,206.1,231.9,1.4,3760.0,246.4
2018-12-07T10:58:20,36.2,200.8,240.7,1.7,3760.0,246.4
2018-12-07T10:58:51,36.2,196.7,234.8,1.6,3770.0,247.3
2018-12-07T10:59:22,36.2,174.8,243.1,2.0,3780.0,246.4
2018-12-07T10:59:53,36.2,175.4,232.4,1.9,3780.0,246.4
2018-12-07T11:00:24,35.9,187.2,246.6,2.1,3790.0,247.3
2018-12-07T11:00:56,36.0,194.3,246.1,1.9,3800.0,247.3
2018-12-07T11:01:27,36.0,170.7,222.4,2.4,3810.0,246.4
2018-12-07T11:01:58,36.1,169.5,246.6,2.4,3820.0,248.3
2018-12-07T11:02:29,36.1,176.6,229.5,2.4,3830.0,248.3
2018-12-07T11:03:00,36.1,177.8,237.2,2.2,3830.0,247.3
2018-12-07T11:03:31,36.1,170.1,239.0,2.3,3840.0,248.3
2018-12-07T11:04:02,36.2,176.0,239.0,2.2,3850.0,248.3
2018-12-07T11:04:33,36.2,176.0,237.8,2.1,3860.0,247.3
2018-12-07T11:05:04,36.2,175.4,236.0,2.1,3870.0,247.3
2018-12-07T11:05:36,36.2,176.0,241.3,1.8,3880.0,246.4
2018-12-07T11:06:07,36.2,175.4,232.4,1.8,3880.0,247.3
2018-12-07T11:06:38,36.2,167.7,242.5,1.9,3890.0,248.3
2018-12-07T11:07:09,36.2,185.4,244.3,1.6,3900.0,247.3
2018-12-07T11:07:40,36.2,215.0,220.0,2.2,3900.0,250.2
2018-12-07T11:08:11,36.2,206.1,236.6,1.6,3910.0,248.3
2018-12-07T11:08:42,36.2,222.1,232.4,1.7,3920.0,249.3
2018-12-07T11:09:13,36.2,210.8,229.5,1.6,3930.0,249.3
2018-12-07T11:09:44,36.2,199.6,230.1,2.0,3930.0,248.3
2018-12-07T11:10:15,36.2,177.8,236.6,2.4,3940.0,249.3
2018-12-07T11:10:47,36.3,168.3,244.3,2.6,3950.0,248.3
2018-12-07T11:11:18,36.3,180.1,237.2,2.6,3960.0,250.2
2018-12-07T11:11:49,36.4,196.1,233.6,2.4,3970.0,249.3
2018-12-07T11:12:20,36.3,199.0,239.5,2.2,3980.0,249.3
2018-12-07T11:12:51,36.3,199.6,237.8,2.3,3990.0,249.3
2018-12-07T11:13:22,36.4,198.4,236.0,2.1,4000.0,249.3
2018-12-07T11:13:53,36.4,202.6,239.5,2.0,4010.0,249.3
2018-12-07T11:14:24,36.4,196.1,236.6,2.0,4020.0,249.3
2018-12-07T11:14:55,36.4,200.8,237.8,1.9,4030.0,249.3
2018-12-07T11:15:26,36.4,199.6,233.6,1.8,4040.0,248.3
2018-12-07T11:15:58,36.5,196.1,236.6,1.8,4050.0,250.2
2018-12-07T11:16:29,36.5,192.5,233.6,1.9,4050.0,248.3
2018-12-07T11:17:00,36.4,196.7,232.4,1.7,4060.0,249.3
2018-12-07T11:17:31,36.5,198.4,233.0,1.8,4070.0,249.3
2018-12-07T11:18:02,36.5,199.6,237.2,1.5,4080.0,248.3
2018-12-07T11:18:33,36.5,183.1,234.8,1.6,4080.0,247.3
2018-12-07T11:19:04,36.5,195.5,236.6,1.6,4090.0,249.3
2018-12-07T11:19:35,36.4,194.3,234.8,1.6,4100.0,248.3
2018-12-07T11:20:06,36.5,197.3,241.9,1.5,4100.0,248.3
2018-12-07T11:20:38,36.5,199.0,239.5,1.6,4110.0,248.3
2018-12-07T11:21:09,36.5,200.8,239.5,1.6,4120.0,249.3
2018-12-07T11:21:40,36.5,201.4,239.0,1.4,4130.0,248.3
2018-12-07T11:22:11,36.5,194.3,236.6,1.6,4130.0,248.3
2018-12-07T11:22:42,36.5,193.1,231.9,1.5,4140.0,248.3
2018-12-07T11:23:13,36.5,187.8,228.9,1.7,4150.0,247.3
2018-12-07T11:23:44,36.5,167.1,231.9,1.9,4150.0,247.3
2018-12-07T11:24:15,36.5,171.9,239.5,1.9,4160.0,248.3
2018-12-07T11:24:46,36.5,196.1,227.7,1.9,4170.0,249.3
2018-12-07T11:25:17,36.7,201.4,230.7,1.7,4170.0,247.3
2018-12-07T11:25:49,36.7,193.1,240.1,1.9,4180.0,248.3
2018-12-07T11:26:20,36.7,198.4,228.3,2.0,4190.0,247.3
2018-12-07T11:26:51,36.7,196.7,231.9,2.0,4200.0,249.3
2018-12-07T11:27:22,36.7,196.7,227.7,2.0,4210.0,248.3
2018-12-07T11:27:53,36.7,199.0,232.4,1.9,4220.0,248.3
2018-12-07T11:28:24,36.7,200.2,228.9,1.9,4220.0,249.3
2018-12-07T11:28:55,36.7,196.1,231.3,2.0,4230.0,249.3
2018-12-07T11:29:26,36.7,197.8,233.0,2.0,4240.0,248.3
2018-12-07T11:29:57,36.8,197.8,236.0,1.9,4250.0,249.3
2018-12-07T11:30:28,36.8,192.5,232.4,2.1,4260.0,251.2
2018-12-07T11:31:00,36.8,201.4,233.6,2.1,4270.0,250.2
2018-12-07T11:31:31,36.8,194.9,237.2,2.0,4280.0,250.2
2018-12-07T11:32:02,36.9,198.4,235.4,2.0,4290.0,250.2
2018-12-07T11:32:33,36.9,196.7,230.1,2.1,4300.0,250.2
2018-12-07T11:33:04,36.9,199.0,230.1,2.2,4310.0,249.3
2018-12-07T11:33:35,36.9,196.7,233.6,2.2,4320.0,250.2
2018-12-07T11:34:06,36.9,195.5,231.9,2.1,4330.0,249.3
2018-12-07T11:34:37,37.0,199.6,234.8,2.1,4340.0,251.2
2018-12-07T11:35:08,37.0,196.7,236.6,2.1,4350.0,250.2
2018-12-07T11:35:39,37.0,196.7,227.7,1.9,4350.0,249.3
2018-12-07T11:36:11,37.0,200.8,228.9,2.0,4360.0,250.2
2018-12-07T11:36:42,37.0,194.9,236.6,2.1,4370.0,249.3
2018-12-07T11:37:13,37.0,199.0,234.2,1.9,4380.0,249.3
2018-12-07T11:37:44,37.0,193.1,234.8,2.0,4390.0,249.3
2018-12-07T11:38:15,37.0,197.3,233.0,2.0,4400.0,248.3
2018-12-07T11:38:46,37.0,193.7,230.1,1.8,4410.0,248.3
2018-12-07T11:39:17,37.0,197.8,230.1,1.9,4420.0,249.3
2018-12-07T11:39:48,37.1,194.3,231.3,1.7,4420.0,249.3
2018-12-07T11:40:19,37.1,193.1,232.4,1.8,4430.0,249.3
2018-12-07T11:40:50,37.0,197.3,231.9,1.7,4440.0,248.3
2018-12-07T11:41:22,37.0,197.3,234.8,1.7,4450.0,248.3
2018-12-07T11:41:53,37.0,191.9,230.1,1.6,4450.0,248.3
2018-12-07T11:42:24,37.0,194.9,231.9,1.6,4460.0,248.3
2018-12-07T11:42:55,37.0,197.8,230.1,1.5,4470.0,249.3
2018-12-07T11:43:26,37.0,192.5,232.4,1.5,4470.0,249.3
2018-12-07T11:43:57,37.0,195.5,232.4,1.5,4480.0,249.3
2018-12-07T11:44:28,37.0,191.3,236.6,1.4,4490.0,251.2
2018-12-07T11:44:59,37.0,192.5,235.4,1.5,4490.0,249.3
2018-12-07T11:45:30,36.9,183.7,239.5,1.5,4500.0,250.2
2018-12-07T11:46:01,36.9,196.7,237.2,1.5,4510.0,249.3
2018-12-07T11:46:32,36.9,194.9,228.9,1.5,4510.0,247.3
2018-12-07T11:47:03,36.9,194.9,225.9,1.5,4520.0,247.3
2018-12-07T11:47:35,36.9,197.3,237.2,1.6,4530.0,248.3
2018-12-07T11:48:06,36.9,199.0,230.1,1.6,4530.0,247.3
2018-12-07T11:48:37,36.9,199.6,226.5,1.6,4540.0,247.3
2018-12-07T11:49:08,36.9,197.3,236.6,1.5,4550.0,247.3
2018-12-07T11:49:39,36.9,199.0,231.9,1.5,4550.0,246.4
2018-12-07T11:50:10,36.9,183.1,224.8,1.6,4560.0,246.4
2018-12-07T11:50:41,36.9,193.7,234.8,1.6,4570.0,248.3
2018-12-07T11:51:13,36.9,193.1,239.5,1.7,4570.0,247.3
2018-12-07T11:51:44,36.9,200.2,230.1,1.6,4580.0,246.4
2018-12-07T11:52:15,36.9,199.6,224.8,1.6,4590.0,246.4
2018-12-07T11:52:46,36.9,198.4,232.4,1.8,4590.0,247.3
2018-12-07T11:53:17,36.9,189.6,236.6,1.7,4600.0,246.4
2018-12-07T11:53:48,36.9,199.0,231.9,1.6,4610.0,247.3
2018-12-07T11:54:19,36.9,201.4,236.6,1.6,4620.0,247.3
2018-12-07T11:54:50,36.9,196.7,236.0,1.5,4620.0,247.3
2018-12-07T11:55:21,36.9,200.8,239.5,1.5,4630.0,247.3
2018-12-07T11:55:52,36.9,192.5,230.7,1.7,4640.0,247.3
2018-12-07T11:56:24,36.9,199.6,231.9,1.7,4650.0,246.4
2018-12-07T11:56:55,36.8,201.4,227.1,1.6,4650.0,245.4
2018-12-07T11:57:26,36.7,200.2,230.1,1.6,4660.0,247.3
2018-12-07T11:57:57,36.9,197.8,230.7,1.5,4670.0,246.4
2018-12-07T11:58:28,36.9,192.5,236.0,1.6,4670.0,246.4
2018-12-07T11:58:59,36.9,197.8,236.0,1.5,4680.0,247.3
2018-12-07T11:59:30,36.9,193.7,233.0,1.5,4690.0,246.4
2018-12-07T12:00:01,36.9,196.1,232.4,1.5,4690.0,246.4
2018-12-07T12:00:32,36.9,192.5,230.1,1.5,4700.0,247.3
2018-12-07T12:01:04,36.9,190.2,228.9,1.5,4710.0,244.4
2018-12-07T12:01:35,36.9,196.1,231.9,1.5,4710.0,244.4
2018-12-07T12:02:06,36.9,195.5,234.8,1.5,4720.0,246.4
2018-12-07T12:02:37,36.9,192.5,224.8,1.6,4730.0,245.4
2018-12-07T12:03:08,36.9,192.5,225.9,1.6,4730.0,246.4
2018-12-07T12:03:39,36.9,196.7,233.6,1.6,4740.0,247.3
2018-12-07T12:04:10,36.9,201.4,228.9,1.6,4750.0,247.3
2018-12-07T12:04:41,36.9,193.1,231.9,1.5,4750.0,246.4
2018-12-07T12:05:12,36.9,198.4,231.9,1.5,4760.0,247.3
2018-12-07T12:05:43,36.9,186.0,235.4,1.5,4770.0,246.4
2018-12-07T12:06:15,36.9,198.4,236.0,1.3,4770.0,247.3
2018-12-07T12:06:46,36.9,196.1,236.0,1.4,4780.0,246.4
2018-12-07T12:07:17,37.0,193.7,234.2,1.4,4780.0,246.4
2018-12-07T12:07:48,37.0,190.8,234.8,1.4,4790.0,246.4
2018-12-07T12:08:19,37.0,192.5,236.6,1.2,4800.0,245.4
2018-12-07T12:08:50,37.0,198.4,236.0,1.2,4800.0,246.4
2018-12-07T12:09:21,37.0,199.6,237.8,1.2,4810.0,245.4
2018-12-07T12:09:52,37.0,192.5,231.3,1.3,4810.0,245.4
2018-12-07T12:10:23,37.0,199.6,235.4,1.1,4820.0,244.4
2018-12-07T12:10:54,37.0,196.1,230.1,1.2,4820.0,244.4
2018-12-07T12:11:26,37.0,199.0,230.1,1.2,4830.0,245.4
2018-12-07T12:11:57,36.9,197.8,227.7,1.2,4830.0,245.4
2018-12-07T12:12:28,36.9,176.0,225.9,1.3,4840.0,244.4
2018-12-07T12:12:59,36.9,169.5,236.6,1.4,4840.0,244.4
2018-12-07T12:13:30,36.9,194.3,221.8,1.2,4850.0,244.4
2018-12-07T12:14:01,36.9,188.4,236.0,1.4,4850.0,244.4
2018-12-07T12:14:32,36.7,166.5,220.6,1.6,4860.0,244.4
2018-12-07T12:15:03,36.4,176.0,240.1,1.4,4860.0,245.4
2018-12-07T12:15:34,36.4,174.2,236.0,1.5,4870.0,244.4
2018-12-07T12:16:06,36.2,196.7,241.3,1.5,4880.0,245.4
2018-12-07T12:16:37,36.3,197.3,230.1,1.6,4880.0,246.4
2018-12-07T12:17:08,36.3,184.8,223.6,1.7,4890.0,247.3
2018-12-07T12:17:39,36.4,202.0,233.0,1.6,4900.0,246.4
2018-12-07T12:18:10,36.4,194.9,239.0,1.6,4900.0,245.4
2018-12-07T12:18:41,36.5,187.8,239.0,1.9,4910.0,245.4
2018-12-07T12:19:12,36.5,196.7,234.2,1.6,4920.0,246.4
2018-12-07T12:19:43,36.5,199.0,229.5,1.8,4930.0,246.4
2018-12-07T12:20:14,36.7,202.0,226.5,1.6,4940.0,247.3
2018-12-07T12:20:46,36.7,195.5,228.3,1.8,4940.0,246.4
2018-12-07T12:21:17,36.8,203.7,230.1,1.6,4950.0,246.4
2018-12-07T12:21:48,36.8,194.9,237.8,1.6,4960.0,246.4
2018-12-07T12:22:19,36.8,194.9,236.0,1.8,4970.0,246.4
2018-12-07T12:22:50,36.8,194.9,232.4,1.7,4970.0,246.4
2018-12-07T12:23:21,36.9,200.2,228.9,1.8,4980.0,245.4
2018-12-07T12:23:52,36.9,196.1,232.4,1.8,4990.0,247.3
2018-12-07T12:24:23,36.9,189.6,225.9,1.8,5000.0,247.3
2018-12-07T12:24:54,36.9,189.6,228.9,1.9,5010.0,245.4
2018-12-07T12:25:25,36.9,191.9,229.5,1.9,5010.0,245.4
2018-12-07T12:25:57,36.9,200.8,232.4,1.8,5020.0,246.4
2018-12-07T12:26:28,37.0,200.8,236.0,1.9,5030.0,247.3
2018-12-07T12:26:59,37.0,199.0,232.4,1.9,5040.0,248.3
2018-12-07T12:27:30,37.0,199.0,240.7,1.9,5050.0,247.3
2018-12-07T12:28:01,36.9,193.1,233.6,1.9,5060.0,248.3
2018-12-07T12:28:32,36.8,194.3,230.1,1.9,5060.0,248.3
2018-12-07T12:29:03,36.5,200.8,227.7,1.8,5070.0,247.3
2018-12-07T12:29:34,36.7,194.9,227.7,1.9,5080.0,250.2
2018-12-07T12:30:05,36.7,193.1,234.8,1.9,5090.0,249.3
2018-12-07T12:30:37,36.7,197.8,231.3,2.0,5100.0,248.3
2018-12-07T12:31:08,36.8,199.6,229.5,2.0,5110.0,248.3
2018-12-07T12:31:39,36.9,194.3,233.0,2.1,5120.0,248.3
2018-12-07T12:32:10,36.9,196.1,239.0,2.1,5120.0,248.3
2018-12-07T12:32:41,37.0,195.5,237.2,2.2,5130.0,250.2
2018-12-07T12:33:12,37.0,200.2,236.0,2.2,5140.0,247.3
2018-12-07T12:33:43,37.0,189.0,233.6,2.2,5150.0,248.3
2018-12-07T12:34:14,37.0,195.5,228.9,2.2,5160.0,249.3
2018-12-07T12:34:45,37.1,197.8,235.4,2.3,5170.0,248.3
2018-12-07T12:35:16,37.1,200.2,237.8,2.2,5180.0,248.3
2018-12-07T12:35:48,37.1,198.4,237.8,2.2,5190.0,248.3
2018-12-07T12:36:19,37.2,200.8,236.0,2.3,5200.0,249.3
2018-12-07T12:36:50,37.1,194.3,237.8,2.3,5210.0,249.3
2018-12-07T12:37:21,37.0,189.0,234.8,2.3,5220.0,249.3
2018-12-07T12:37:52,37.1,194.3,231.9,2.3,5230.0,248.3
2018-12-07T12:38:23,37.2,196.1,239.0,2.4,5250.0,248.3
2018-12-07T12:38:54,37.2,205.5,229.5,2.3,5260.0,248.3
2018-12-07T12:39:25,37.2,216.7,224.8,2.3,5270.0,248.3
2018-12-07T12:39:56,37.1,223.8,234.8,2.2,5280.0,248.3
2018-12-07T12:40:27,37.2,220.9,231.9,2.3,5290.0,248.3
2018-12-07T12:40:59,37.2,222.1,228.9,2.3,5300.0,248.3
2018-12-07T12:41:30,37.4,222.1,233.6,2.4,5320.0,247.3
2018-12-07T12:42:01,37.4,223.2,229.5,2.2,5330.0,247.3
2018-12-07T12:42:32,37.5,220.9,230.1,2.3,5340.0,247.3
2018-12-07T12:43:03,37.4,215.6,230.1,2.1,5350.0,247.3
2018-12-07T12:43:34,37.4,216.2,236.0,2.2,5360.0,246.4
2018-12-07T12:44:05,37.5,222.7,228.9,2.2,5380.0,247.3
2018-12-07T12:44:36,37.5,219.1,231.3,2.2,5390.0,246.4
2018-12-07T12:45:07,37.5,222.1,226.5,2.0,5400.0,246.4
2018-12-07T12:45:39,37.6,222.7,226.5,2.0,5410.0,246.4
2018-12-07T12:46:10,37.6,224.4,229.5,1.9,5420.0,246.4
2018-12-07T12:46:41,37.6,216.2,227.1,2.1,5430.0,247.3
2018-12-07T12:47:12,37.5,220.3,231.9,2.0,5440.0,247.3
2018-12-07T12:47:43,37.6,215.6,234.8,2.0,5450.0,246.4
2018-12-07T12:48:14,37.5,217.3,232.4,2.1,5460.0,246.4
2018-12-07T12:48:45,37.5,225.0,230.7,1.9,5470.0,246.4
2018-12-07T12:49:16,37.5,225.0,227.1,2.0,5480.0,246.4
2018-12-07T12:49:47,37.6,217.9,230.7,2.0,5490.0,246.4
2018-12-07T12:50:18,37.5,220.3,231.9,1.9,5500.0,247.3
2018-12-07T12:50:50,37.4,223.2,227.7,1.9,5510.0,247.3
2018-12-07T12:51:21,37.5,220.9,228.9,1.8,5520.0,246.4
2018-12-07T12:51:52,37.5,223.2,227.7,1.8,5530.0,246.4
2018-12-07T12:52:23,37.6,220.3,232.4,1.9,5540.0,246.4
2018-12-07T12:52:54,37.5,218.5,224.2,1.9,5550.0,246.4
2018-12-07T12:53:25,37.5,219.7,233.0,1.8,5550.0,246.4
2018-12-07T12:53:56,37.6,215.0,223.0,1.8,5560.0,247.3
2018-12-07T12:54:27,37.6,203.7,222.4,2.0,5570.0,246.4
2018-12-07T12:54:58,37.6,199.0,231.3,2.1,5580.0,245.4
2018-12-07T12:55:29,37.7,198.4,227.7,2.1,5590.0,247.3
2018-12-07T12:56:01,37.7,194.3,230.1,2.2,5600.0,246.4
2018-12-07T12:56:32,37.7,197.3,226.5,2.3,5610.0,246.4
2018-12-07T12:57:03,37.8,198.4,231.3,2.3,5620.0,247.3
2018-12-07T12:57:34,37.8,199.0,233.0,2.2,5630.0,247.3
2018-12-07T12:58:05,37.8,191.3,233.6,2.2,5640.0,246.4
2018-12-07T12:58:36,37.9,193.1,227.7,2.3,5650.0,247.3
2018-12-07T12:59:07,37.9,191.9,227.7,2.3,5660.0,248.3
2018-12-07T12:59:38,37.9,197.3,226.5,2.3,5670.0,248.3
2018-12-07T13:00:09,38.0,193.7,228.3,2.4,5680.0,248.3
2018-12-07T13:00:40,38.0,201.4,231.9,2.4,5690.0,248.3
2018-12-07T13:01:12,38.0,200.8,232.4,2.5,5700.0,248.3
2018-12-07T13:01:43,37.9,199.0,234.2,2.5,5720.0,250.2
2018-12-07T13:02:14,37.9,196.7,218.8,2.7,5730.0,250.2
2018-12-07T13:02:45,38.0,196.1,233.0,2.7,5740.0,249.3
2018-12-07T13:03:16,38.0,202.0,233.0,2.5,5750.0,250.2
2018-12-07T13:03:47,37.9,200.8,209.4,2.7,5770.0,250.2
2018-12-07T13:04:18,37.7,200.8,230.7,2.7,5780.0,250.2
2018-12-07T13:04:49,37.7,197.8,221.8,2.6,5790.0,249.3
2018-12-07T13:05:20,37.8,200.8,220.6,2.5,5810.0,250.2
2018-12-07T13:05:51,37.8,202.0,227.1,2.4,5820.0,250.2
2018-12-07T13:06:23,37.7,200.2,228.3,2.6,5830.0,250.2
2018-12-07T13:06:54,37.8,197.8,221.8,2.3,5850.0,248.3
2018-12-07T13:07:25,37.8,197.3,232.4,2.2,5860.0,248.3
2018-12-07T13:07:56,37.9,194.3,230.1,2.1,5870.0,247.3
2018-12-07T13:08:27,38.0,193.7,224.8,2.1,5880.0,246.4
2018-12-07T13:08:58,38.0,194.9,220.6,2.1,5890.0,248.3
2018-12-07T13:09:29,38.2,195.5,223.0,1.9,5900.0,247.3
2018-12-07T13:10:00,38.2,193.7,222.4,2.1,5900.0,247.3
2018-12-07T13:10:31,38.2,194.3,228.9,2.0,5910.0,246.4
2018-12-07T13:11:03,37.9,196.1,228.9,2.1,5920.0,248.3
2018-12-07T13:11:34,38.0,196.7,220.6,2.2,5930.0,248.3
2018-12-07T13:12:05,38.0,196.7,223.0,2.1,5940.0,247.3
2018-12-07T13:12:36,38.0,194.3,220.6,2.2,5950.0,248.3
2018-12-07T13:13:07,37.9,194.3,238.4,2.2,5960.0,249.3
2018-12-07T13:13:38,37.9,187.8,234.2,2.3,5970.0,248.3
2018-12-07T13:14:09,37.9,194.9,232.4,2.2,5980.0,249.3
2018-12-07T13:14:40,37.9,202.0,218.8,2.1,5990.0,247.3
2018-12-07T13:15:11,37.9,196.7,227.7,2.1,6000.0,247.3
2018-12-07T13:15:42,38.0,195.5,231.9,2.1,6010.0,246.4
2018-12-07T13:16:14,38.0,193.7,227.7,2.0,6020.0,247.3
2018-12-07T13:16:45,38.0,196.1,229.5,2.0,6030.0,246.4
2018-12-07T13:17:16,38.2,194.9,225.9,2.0,6040.0,246.4
2018-12-07T13:17:47,38.2,189.6,223.6,2.0,6050.0,246.4
2018-12-07T13:18:18,38.0,196.7,226.5,2.0,6060.0,247.3
2018-12-07T13:18:49,38.2,197.8,225.9,2.0,6060.0,247.3
2018-12-07T13:19:20,38.2,192.5,231.9,2.0,6070.0,247.3
2018-12-07T13:19:51,38.2,191.3,230.7,2.1,6080.0,247.3
2018-12-07T13:20:22,38.3,197.8,227.7,1.9,6090.0,247.3
2018-12-07T13:20:54,38.3,197.3,236.0,2.1,6100.0,247.3
2018-12-07T13:21:25,38.3,189.0,227.1,2.1,6110.0,248.3
2018-12-07T13:21:56,38.3,189.6,224.8,2.0,6120.0,248.3
2018-12-07T13:22:27,38.3,196.1,228.9,1.9,6130.0,248.3
2018-12-07T13:22:58,38.3,200.2,234.8,1.9,6140.0,249.3
2018-12-07T13:23:29,38.3,193.7,234.2,2.0,6140.0,248.3
2018-12-07T13:24:00,38.4,196.7,230.7,2.1,6150.0,248.3
2018-12-07T13:24:31,38.3,192.5,227.7,2.1,6160.0,249.3
2018-12-07T13:25:02,38.3,196.1,240.1,2.1,6170.0,247.3
2018-12-07T13:25:34,38.3,197.3,230.7,2.0,6180.0,248.3
2018-12-07T13:26:05,38.3,191.9,228.9,2.1,6190.0,248.3
2018-12-07T13:26:36,38.3,193.7,233.6,2.0,6200.0,248.3
2018-12-07T13:27:07,38.2,194.3,231.3,2.1,6210.0,249.3
2018-12-07T13:27:38,38.2,196.7,234.8,2.1,6220.0,248.3
2018-12-07T13:28:09,38.2,199.0,236.6,2.0,6230.0,249.3
2018-12-07T13:28:40,38.2,183.1,236.6,2.2,6240.0,248.3
2018-12-07T13:29:11,38.0,194.9,235.4,2.2,6250.0,249.3
2018-12-07T13:29:42,38.0,201.4,227.1,2.1,6260.0,248.3
2018-12-07T13:30:13,37.9,200.2,224.8,2.3,6270.0,249.3
2018-12-07T13:30:45,38.0,180.1,227.1,2.4,6280.0,248.3
2018-12-07T13:31:16,38.0,190.8,231.9,2.4,6290.0,248.3
2018-12-07T13:31:47,38.0,190.8,239.5,2.4,6300.0,249.3
2018-12-07T13:32:18,38.0,190.2,231.3,2.5,6310.0,249.3
2018-12-07T13:32:49,38.0,190.8,233.6,2.6,6320.0,248.3
2018-12-07T13:33:20,38.0,196.1,233.0,2.5,6330.0,249.3
2018-12-07T13:33:51,38.0,196.7,227.1,2.5,6350.0,248.3
2018-12-07T13:34:22,38.0,196.7,233.0,2.5,6360.0,248.3
2018-12-07T13:34:53,38.0,199.0,231.9,2.5,6370.0,248.3
2018-12-07T13:35:24,37.9,196.7,233.6,2.5,6380.0,248.3
2018-12-07T13:35:56,37.7,196.1,225.9,2.5,6390.0,249.3
2018-12-07T13:36:27,37.6,198.4,230.1,2.5,6400.0,249.3
2018-12-07T13:36:58,37.6,193.7,232.4,2.6,6410.0,248.3
2018-12-07T13:37:29,37.7,199.0,232.4,2.5,6430.0,248.3
2018-12-07T13:38:00,37.7,190.2,228.3,2.5,6440.0,248.3
2018-12-07T13:38:31,37.7,193.1,227.7,2.5,6450.0,249.3
2018-12-07T13:39:02,37.7,194.9,228.9,2.5,6460.0,249.3
2018-12-07T13:39:33,37.7,199.6,223.6,2.3,6470.0,250.2
2018-12-07T13:40:04,37.6,191.9,224.8,2.4,6480.0,248.3
2018-12-07T13:40:36,37.7,199.0,227.7,2.4,6490.0,247.3
2018-12-07T13:41:07,37.7,196.7,228.3,2.4,6500.0,248.3
2018-12-07T13:41:38,37.7,197.8,228.3,2.3,6520.0,247.3
2018-12-07T13:42:09,37.8,194.3,225.9,2.3,6530.0,247.3
2018-12-07T13:42:40,37.8,194.9,233.6,2.1,6540.0,247.3
2018-12-07T13:43:11,37.8,199.6,232.4,2.0,6550.0,247.3
2018-12-07T13:43:42,37.8,192.5,231.9,2.0,6560.0,246.4
2018-12-07T13:44:13,37.8,193.7,230.1,1.9,6560.0,247.3
2018-12-07T13:44:44,37.8,195.5,234.2,1.9,6570.0,247.3
2018-12-07T13:45:15,37.8,196.7,229.5,1.9,6580.0,246.4
2018-12-07T13:45:47,37.8,191.9,233.0,1.9,6590.0,245.4
2018-12-07T13:46:18,37.8,196.7,231.9,1.8,6600.0,246.4
2018-12-07T13:46:49,37.8,192.5,234.2,1.8,6610.0,244.4
2018-12-07T13:47:21,37.8,189.6,233.6,1.8,6610.0,244.4
2018-12-07T13:47:52,37.8,197.3,233.6,1.7,6620.0,243.5
2018-12-07T13:48:23,37.8,192.5,233.6,1.7,6630.0,244.4
2018-12-07T13:48:54,37.8,191.3,231.9,1.7,6630.0,243.5
2018-12-07T13:49:25,37.8,193.7,236.6,1.7,6640.0,244.4
2018-12-07T13:49:56,37.7,188.4,231.9,1.7,6650.0,244.4
2018-12-07T13:50:27,37.7,193.7,231.9,1.6,6650.0,244.4
2018-12-07T13:50:58,37.7,196.1,233.0,1.6,6660.0,243.5
2018-12-07T13:51:30,37.7,197.8,230.1,1.5,6670.0,244.4
2018-12-07T13:52:01,37.7,191.3,225.4,1.5,6670.0,244.4
2018-12-07T13:52:32,37.7,193.1,233.0,1.5,6680.0,243.5
2018-12-07T13:53:03,37.6,193.7,236.6,1.5,6690.0,244.4
2018-12-07T13:53:34,37.6,198.4,234.2,1.3,6690.0,244.4
2018-12-07T13:54:05,37.6,196.1,228.3,1.4,6700.0,243.5
2018-12-07T13:54:36,37.5,199.0,227.1,1.3,6700.0,244.4
2018-12-07T13:55:07,37.6,196.7,236.0,1.5,6710.0,245.4
2018-12-07T13:55:38,37.5,186.6,224.8,1.5,6720.0,245.4
2018-12-07T13:56:10,37.5,198.4,234.2,1.4,6720.0,245.4
2018-12-07T13:56:41,37.5,196.7,230.1,1.4,6730.0,245.4
2018-12-07T13:57:12,37.5,196.7,231.9,1.5,6730.0,244.4
2018-12-07T13:57:43,37.5,194.9,242.5,1.4,6740.0,245.4
2018-12-07T13:58:14,37.5,173.6,237.8,1.7,6750.0,246.4
2018-12-07T13:58:45,37.4,174.8,227.7,1.8,6750.0,246.4
2018-12-07T13:59:16,37.4,196.7,231.9,1.5,6760.0,246.4
2018-12-07T13:59:47,37.4,201.4,233.6,1.6,6770.0,247.3
2018-12-07T14:00:18,37.5,200.2,232.4,1.7,6780.0,247.3
2018-12-07T14:00:49,37.5,202.0,229.5,1.7,6780.0,248.3
2018-12-07T14:01:21,37.4,197.3,218.3,1.8,6790.0,247.3
2018-12-07T14:01:52,37.4,197.3,233.6,1.7,6800.0,247.3
2018-12-07T14:02:23,37.4,197.3,236.6,1.9,6810.0,248.3
2018-12-07T14:02:54,37.4,202.0,233.6,1.8,6820.0,248.3
2018-12-07T14:03:25,37.5,200.8,239.5,1.7,6830.0,247.3
2018-12-07T14:03:56,37.5,200.8,231.9,1.8,6840.0,248.3
2018-12-07T14:04:27,37.6,194.9,241.3,1.9,6840.0,248.3
2018-12-07T14:04:58,37.6,194.3,236.6,1.8,6850.0,248.3
2018-12-07T14:05:29,37.5,192.5,236.0,1.9,6860.0,249.3
2018-12-07T14:06:00,37.5,200.2,236.6,1.8,6870.0,248.3
2018-12-07T14:06:31,37.5,197.8,231.3,1.9,6880.0,246.4
2018-12-07T14:07:02,37.6,196.7,232.4,1.9,6890.0,246.4
2018-12-07T14:07:33,37.6,197.8,228.9,1.8,6900.0,246.4
2018-12-07T14:08:04,37.7,191.3,224.8,1.9,6910.0,246.4
2018-12-07T14:08:35,37.7,191.9,223.6,1.9,6920.0,246.4
2018-12-07T14:09:06,37.8,191.9,229.5,1.8,6930.0,245.4
2018-12-07T14:09:37,37.8,193.7,232.4,1.7,6940.0,245.4
2018-12-07T14:10:08,37.8,195.5,231.3,1.7,6940.0,245.4
2018-12-07T14:10:40,37.8,195.5,233.0,1.7,6950.0,245.4
2018-12-07T14:11:11,37.8,200.8,230.7,1.6,6960.0,244.4
2018-12-07T14:11:42,37.9,178.9,223.0,1.9,6970.0,244.4
2018-12-07T14:12:13,37.8,175.4,238.4,1.9,6970.0,246.4
2018-12-07T14:12:44,37.8,168.9,228.9,2.0,6980.0,246.4
2018-12-07T14:13:15,37.9,174.8,233.0,1.9,6990.0,245.4
2018-12-07T14:13:46,37.9,170.1,234.8,1.9,7000.0,246.4
2018-12-07T14:14:17,37.8,176.0,226.5,1.7,7010.0,246.4
2018-12-07T14:14:48,37.8,171.3,234.8,1.8,7020.0,246.4
2018-12-07T14:15:19,37.7,174.8,231.9,1.6,7020.0,246.4
2018-12-07T14:15:51,37.8,197.3,225.9,1.4,7030.0,247.3
2018-12-07T14:16:22,37.8,189.0,225.4,1.5,7040.0,246.4
2018-12-07T14:16:53,37.8,187.8,225.9,1.5,7040.0,246.4
2018-12-07T14:17:24,37.8,186.0,236.0,1.5,7050.0,248.3
2018-12-07T14:17:55,37.9,194.3,213.5,1.6,7060.0,247.3
2018-12-07T14:18:26,37.9,194.3,230.1,1.8,7060.0,247.3
2018-12-07T14:18:57,37.8,200.2,227.7,1.7,7070.0,248.3
2018-12-07T14:19:28,37.8,197.3,230.1,1.8,7080.0,247.3
2018-12-07T14:19:59,37.8,187.8,221.2,1.9,7090.0,248.3
2018-12-07T14:20:30,37.8,200.8,231.9,1.9,7090.0,248.3
2018-12-07T14:21:02,37.8,193.7,231.9,2.0,7100.0,248.3
2018-12-07T14:21:33,37.8,198.4,230.1,1.9,7110.0,248.3
2018-12-07T14:22:04,37.8,196.1,233.0,1.9,7120.0,248.3
2018-12-07T14:22:35,37.9,197.8,231.9,1.8,7130.0,248.3
2018-12-07T14:23:06,37.9,196.7,233.0,1.9,7140.0,248.3
2018-12-07T14:23:37,37.9,196.1,230.1,1.8,7150.0,247.3
2018-12-07T14:24:08,37.9,199.0,230.7,1.7,7160.0,247.3
2018-12-07T14:24:39,37.9,193.1,234.8,1.7,7160.0,249.3
2018-12-07T14:25:10,37.8,195.5,234.8,1.8,7170.0,248.3
2018-12-07T14:25:41,37.8,197.8,225.9,1.7,7180.0,247.3
2018-12-07T14:26:13,37.8,188.4,230.1,1.7,7190.0,248.3
2018-12-07T14:26:44,37.8,189.6,227.7,1.6,7190.0,246.4
2018-12-07T14:27:15,37.7,196.1,231.9,1.8,7200.0,247.3
2018-12-07T14:27:46,37.7,199.0,229.5,1.8,7210.0,247.3
2018-12-07T14:28:17,37.8,195.5,237.2,1.7,7220.0,248.3
2018-12-07T14:28:48,37.8,196.7,236.6,1.9,7230.0,248.3
2018-12-07T14:29:19,37.8,198.4,231.9,1.8,7230.0,247.3
2018-12-07T14:29:50,37.8,198.4,228.3,1.8,7240.0,246.4
2018-12-07T14:30:21,37.7,196.1,223.6,1.9,7250.0,245.4
2018-12-07T14:30:53,37.7,191.9,233.6,2.0,7260.0,246.4
2018-12-07T14:31:24,37.7,200.8,230.7,1.9,7270.0,247.3
2018-12-07T14:31:55,37.6,199.0,235.4,2.0,7280.0,246.4
2018-12-07T14:32:26,37.5,198.4,234.8,2.1,7290.0,248.3
2018-12-07T14:32:57,37.5,200.8,236.0,2.0,7300.0,248.3
2018-12-07T14:33:28,37.4,191.9,237.8,2.1,7310.0,249.3
2018-12-07T14:33:59,37.2,196.7,237.8,2.1,7320.0,250.2
2018-12-07T14:34:30,37.4,196.1,233.6,2.1,7320.0,249.3
2018-12-07T14:35:01,37.5,200.8,236.0,2.1,7330.0,249.3
2018-12-07T14:35:33,37.4,194.3,236.0,2.1,7340.0,249.3
2018-12-07T14:36:04,37.2,200.2,229.5,1.9,7350.0,251.2
2018-12-07T14:36:35,37.1,194.9,228.9,1.9,7360.0,250.2
2018-12-07T14:37:06,37.1,200.8,230.7,1.8,7370.0,250.2
2018-12-07T14:37:37,37.0,199.0,230.7,1.7,7380.0,249.3
2018-12-07T14:38:08,36.9,196.1,232.4,1.7,7390.0,249.3
2018-12-07T14:38:39,37.0,194.3,231.3,1.7,7400.0,249.3
2018-12-07T14:39:10,37.1,194.9,230.7,1.6,7400.0,250.2
2018-12-07T14:39:41,37.1,194.9,234.2,1.6,7410.0,249.3
2018-12-07T14:40:12,37.0,197.8,233.0,1.6,7420.0,248.3
2018-12-07T14:40:44,36.8,194.3,233.6,1.5,7430.0,247.3
2018-12-07T14:41:15,36.7,193.7,236.6,1.5,7430.0,249.3
2018-12-07T14:41:46,36.8,194.3,233.6,1.5,7440.0,248.3
2018-12-07T14:42:17,36.9,197.3,236.6,1.4,7440.0,247.3
2018-12-07T14:42:48,36.9,190.8,223.0,1.6,7450.0,248.3
2018-12-07T14:43:19,37.0,188.4,235.4,1.5,7460.0,248.3
2018-12-07T14:43:50,37.0,191.3,227.1,1.6,7460.0,248.3
2018-12-07T14:44:21,36.9,191.9,239.0,1.6,7470.0,247.3
2018-12-07T14:44:52,36.8,191.9,220.0,1.6,7480.0,248.3
2018-12-07T14:45:23,36.9,191.9,211.2,1.7,7490.0,248.3
2018-12-07T14:45:55,36.9,197.3,227.1,1.6,7490.0,248.3
2018-12-07T14:46:26,36.8,180.1,236.6,1.9,7500.0,247.3
2018-12-07T14:46:57,36.9,177.2,252.0,2.0,7510.0,247.3
2018-12-07T14:47:28,36.9,189.6,238.4,1.8,7520.0,246.4
2018-12-07T14:47:59,36.9,196.1,237.8,1.8,7530.0,247.3
2018-12-07T14:48:30,36.9,186.0,231.9,1.9,7540.0,248.3
2018-12-07T14:49:01,36.9,196.1,239.0,1.9,7550.0,246.4
2018-12-07T14:49:32,36.9,199.0,237.8,1.9,7550.0,246.4
2018-12-07T14:50:03,36.9,200.2,234.8,1.9,7560.0,245.4
2018-12-07T14:50:35,37.0,200.2,234.8,1.8,7570.0,246.4
2018-12-07T14:51:06,37.0,200.2,231.9,2.0,7580.0,248.3
2018-12-07T14:51:37,37.0,199.0,237.8,2.0,7590.0,246.4
2018-12-07T14:52:08,36.7,191.9,233.0,2.0,7600.0,246.4
2018-12-07T14:52:39,36.7,200.2,233.6,1.9,7610.0,247.3
2018-12-07T14:53:10,36.7,198.4,233.0,1.9,7610.0,246.4
2018-12-07T14:53:41,36.8,199.0,232.4,1.9,7620.0,246.4
2018-12-07T14:54:12,36.9,196.1,236.6,1.9,7630.0,247.3
2018-12-07T14:54:43,36.9,200.2,239.0,1.8,7640.0,246.4
2018-12-07T14:55:14,37.0,193.1,232.4,1.8,7650.0,246.4
2018-12-07T14:55:46,37.0,199.0,225.9,1.7,7660.0,246.4
2018-12-07T14:56:17,37.0,200.2,234.2,1.7,7660.0,246.4
2018-12-07T14:56:48,37.1,196.1,234.8,1.8,7670.0,246.4
2018-12-07T14:57:19,37.1,196.1,231.9,1.7,7680.0,244.4
2018-12-07T14:57:50,37.1,191.9,234.2,1.8,7690.0,245.4
2018-12-07T14:58:21,37.1,196.7,239.0,1.6,7700.0,246.4
2018-12-07T14:58:52,37.1,196.1,232.4,1.7,7700.0,246.4
2018-12-07T14:59:23,37.1,197.8,233.6,1.7,7710.0,245.4
2018-12-07T14:59:54,37.1,193.1,234.2,1.7,7720.0,245.4
2018-12-07T15:00:25,37.2,199.0,239.0,1.7,7730.0,245.4
2018-12-07T15:00:57,37.2,196.7,239.5,1.7,7730.0,246.4
2018-12-07T15:01:28,37.4,194.9,233.6,1.6,7740.0,246.4
2018-12-07T15:01:59,37.4,191.9,229.5,1.7,7750.0,249.3
2018-12-07T15:02:30,37.4,194.3,230.7,1.6,7760.0,249.3
2018-12-07T15:03:01,37.4,194.3,230.7,1.6,7760.0,248.3
2018-12-07T15:03:32,37.5,191.9,232.4,1.7,7770.0,248.3
2018-12-07T15:04:03,37.5,193.7,236.6,1.6,7780.0,248.3
2018-12-07T15:04:34,37.5,190.8,233.0,1.6,7790.0,248.3
2018-12-07T15:05:05,37.6,194.9,229.5,1.6,7790.0,247.3
2018-12-07T15:05:37,37.6,189.6,227.1,1.6,7800.0,248.3
2018-12-07T15:06:08,37.6,193.1,232.4,1.6,7810.0,248.3
2018-12-07T15:06:39,37.7,197.3,236.6,1.5,7810.0,247.3
2018-12-07T15:07:10,37.6,191.3,239.5,1.5,7820.0,248.3
2018-12-07T15:07:41,37.6,191.9,239.0,1.4,7830.0,248.3
2018-12-07T15:08:12,37.6,196.1,235.4,1.4,7830.0,248.3
2018-12-07T15:08:43,37.6,180.7,235.4,1.6,7840.0,249.3
2018-12-07T15:09:14,37.6,199.0,234.8,1.4,7850.0,247.3
2018-12-07T15:09:45,37.7,192.5,230.7,1.6,7860.0,245.4
2018-12-07T15:10:16,37.7,199.0,231.9,1.4,7860.0,244.4
2018-12-07T15:10:48,37.7,198.4,231.9,1.4,7870.0,245.4
2018-12-07T15:11:19,37.7,193.7,232.4,1.4,7880.0,244.4
2018-12-07T15:11:50,37.7,199.0,231.3,1.5,7880.0,245.4
2018-12-07T15:12:21,37.6,193.1,225.9,1.5,7890.0,246.4
2018-12-07T15:12:52,37.6,194.9,230.7,1.5,7900.0,246.4
2018-12-07T15:13:23,37.7,197.8,233.0,1.4,7900.0,246.4
2018-12-07T15:13:54,37.7,200.2,239.0,1.5,7910.0,245.4
2018-12-07T15:14:25,37.7,198.4,234.2,1.5,7920.0,245.4
2018-12-07T15:14:56,37.6,191.9,236.6,1.6,7920.0,245.4
2018-12-07T15:15:28,37.7,190.8,243.1,1.6,7930.0,247.3
2018-12-07T15:15:59,37.7,199.0,239.0,1.5,7940.0,246.4
2018-12-07T15:16:31,37.7,196.7,235.4,1.6,7940.0,244.4
2018-12-07T15:17:02,37.7,200.2,237.2,1.5,7950.0,243.5
2018-12-07T15:17:33,37.7,193.1,238.4,1.5,7960.0,245.4
2018-12-07T15:18:04,37.7,191.9,240.7,1.6,7960.0,244.4
2018-12-07T15:18:35,37.7,196.7,245.5,1.6,7970.0,245.4
2018-12-07T15:19:06,37.7,194.3,244.3,1.5,7980.0,245.4
2018-12-07T15:19:37,37.7,193.1,241.9,1.4,7990.0,245.4
2018-12-07T15:20:08,37.8,192.5,240.7,1.5,7990.0,244.4
2018-12-07T15:20:39,37.8,177.8,239.5,1.6,8000.0,246.4
2018-12-07T15:21:11,37.8,181.3,240.7,1.5,8010.0,244.4
2018-12-07T15:21:42,37.7,193.7,235.4,1.3,8010.0,244.4
2018-12-07T15:22:13,37.7,173.0,225.9,1.6,8020.0,244.4
2018-12-07T15:22:44,37.8,179.5,213.5,1.7,8030.0,244.4
2018-12-07T15:23:15,37.8,187.2,222.4,1.4,8030.0,244.4
2018-12-07T15:23:46,37.8,193.7,228.3,1.4,8040.0,243.5
2018-12-07T15:24:17,37.7,189.6,236.6,1.3,8040.0,244.4
2018-12-07T15:24:48,37.7,191.9,234.8,1.3,8050.0,244.4
2018-12-07T15:25:19,37.7,199.0,225.9,1.3,8050.0,245.4
2018-12-07T15:25:50,37.7,199.6,227.1,1.2,8060.0,245.4
2018-12-07T15:26:22,37.7,199.0,236.6,1.2,8070.0,244.4
2018-12-07T15:26:53,37.7,199.6,228.3,1.2,8070.0,243.5
2018-12-07T15:27:24,37.6,199.6,231.3,1.1,8080.0,244.4
2018-12-07T15:27:55,37.6,196.1,227.1,1.1,8080.0,244.4
2018-12-07T15:28:26,37.6,192.5,232.4,1.2,8090.0,245.4
2018-12-07T15:28:57,37.6,185.4,229.5,1.1,8090.0,243.5
2018-12-07T15:29:28,37.6,189.6,226.5,1.1,8100.0,244.4
2018-12-07T15:29:59,37.6,196.1,228.3,1.1,8100.0,245.4
2018-12-07T15:30:30,37.6,195.5,236.6,1.1,8110.0,244.4
2018-12-07T15:31:01,37.6,190.2,227.1,1.1,8110.0,245.4
2018-12-07T15:31:32,37.6,183.1,227.7,1.1,8110.0,244.4
2018-12-07T15:32:03,37.6,196.7,231.9,1.1,8120.0,245.4
2018-12-07T15:32:34,37.6,196.1,227.1,1.1,8120.0,244.4
2018-12-07T15:33:05,37.6,193.1,236.6,1.1,8130.0,244.4
2018-12-07T15:33:36,37.6,187.2,227.7,1.1,8130.0,244.4
2018-12-07T15:34:07,37.6,189.0,228.3,1.0,8140.0,245.4
2018-12-07T15:34:38,37.5,191.9,231.9,1.1,8140.0,242.5
2018-12-07T15:35:09,37.4,189.6,234.8,1.1,8140.0,244.4
2018-12-07T15:35:41,37.4,196.1,233.6,0.9,8150.0,243.5
2018-12-07T15:36:12,37.2,190.2,225.4,1.0,8150.0,243.5
2018-12-07T15:36:43,37.2,194.9,236.6,1.0,8160.0,243.5
2018-12-07T15:37:14,37.2,216.2,243.1,0.9,8160.0,243.5
2018-12-07T15:37:45,37.2,220.3,239.0,0.7,8160.0,242.5
2018-12-07T15:38:16,37.2,212.0,230.1,0.8,8170.0,242.5
2018-12-07T15:38:47,37.1,209.1,242.5,0.8,8170.0,242.5
2018-12-07T15:39:18,37.1,186.6,220.6,1.0,8170.0,241.5
2018-12-07T15:39:49,37.1,164.8,189.3,1.1,8180.0,242.5
2018-12-07T15:40:20,37.1,163.0,185.7,1.2,8180.0,243.5
2018-12-07T15:40:52,36.9,184.3,197.0,1.1,8190.0,242.5
2018-12-07T15:41:23,36.9,194.9,223.0,1.1,8190.0,243.5
2018-12-07T15:41:54,36.8,173.6,249.0,1.1,8200.0,243.5
2018-12-07T15:42:25,36.8,194.3,241.9,1.0,8200.0,243.5
2018-12-07T15:42:56,36.9,216.2,230.7,0.9,8210.0,242.5
2018-12-07T15:43:27,36.9,213.8,242.5,1.0,8210.0,241.5
2018-12-07T15:43:58,36.9,214.4,231.9,1.0,8220.0,242.5
2018-12-07T15:44:29,36.9,218.5,238.4,1.0,8220.0,241.5
2018-12-07T15:45:00,36.9,197.8,240.1,1.0,8230.0,244.4
2018-12-07T15:45:32,36.9,176.0,239.5,1.2,8230.0,241.5
2018-12-07T15:46:03,36.8,155.3,217.7,1.3,8240.0,241.5
2018-12-07T15:46:34,36.9,176.0,198.1,1.3,8240.0,244.4
2018-12-07T15:47:05,36.9,197.8,202.9,1.2,8250.0,242.5
2018-12-07T15:47:36,36.9,184.8,212.3,1.2,8260.0,242.5
2018-12-07T15:48:07,36.7,199.6,239.5,1.2,8260.0,242.5
2018-12-07T15:48:38,36.5,193.1,237.8,1.3,8270.0,242.5
2018-12-07T15:49:09,36.7,192.5,234.2,1.3,8270.0,241.5
2018-12-07T15:49:40,36.8,190.2,245.5,1.3,8280.0,241.5
2018-12-07T15:50:11,36.8,199.0,240.1,1.3,8290.0,244.4
2018-12-07T15:50:43,36.7,196.7,240.1,1.3,8290.0,243.5
2018-12-07T15:51:14,36.7,192.5,233.0,1.1,8300.0,242.5
2018-12-07T15:51:45,36.7,193.7,240.1,1.2,8300.0,242.5
2018-12-07T15:52:16,36.8,192.5,239.5,1.2,8310.0,243.5
2018-12-07T15:52:47,36.8,192.5,239.0,1.1,8320.0,241.5
2018-12-07T15:53:18,36.5,199.6,240.7,1.0,8320.0,242.5
2018-12-07T15:53:49,36.4,183.1,236.0,1.1,8330.0,242.5
2018-12-07T15:54:20,36.5,193.1,236.6,0.9,8330.0,242.5
2018-12-07T15:54:51,36.4,196.7,243.7,0.9,8330.0,241.5
2018-12-07T15:55:22,36.3,186.0,243.1,1.0,8340.0,242.5
2018-12-07T15:55:54,36.3,193.7,254.3,1.1,8340.0,242.5
2018-12-07T15:56:26,36.3,186.6,239.0,1.1,8350.0,242.5
2018-12-07T15:56:57,36.3,165.9,243.7,1.2,8350.0,242.5
2018-12-07T15:57:28,36.3,181.9,230.1,1.3,8360.0,243.5
2018-12-07T15:57:59,36.4,168.3,247.2,1.4,8370.0,242.5
2018-12-07T15:58:30,36.4,177.2,243.7,1.5,8370.0,243.5
2018-12-07T15:59:01,36.4,196.1,231.3,1.5,8380.0,244.4
2018-12-07T15:59:32,36.4,200.8,253.7,1.4,8380.0,243.5
2018-12-07T16:00:03,36.4,193.1,250.8,1.3,8390.0,242.5
2018-12-07T16:00:34,36.4,197.8,244.3,1.3,8400.0,242.5
2018-12-07T16:01:06,36.4,199.6,242.5,1.4,8400.0,244.4
2018-12-07T16:01:37,36.4,201.4,249.6,1.3,8410.0,243.5
2018-12-07T16:02:08,36.4,191.3,252.0,1.4,8420.0,244.4
2018-12-07T16:02:39,36.4,193.1,245.5,1.3,8420.0,243.5
2018-12-07T16:03:10,36.3,193.1,247.8,1.2,8430.0,242.5
2018-12-07T16:03:41,36.1,196.7,241.9,1.2,8430.0,243.5
2018-12-07T16:04:12,36.2,191.3,242.5,1.2,8440.0,243.5
2018-12-07T16:04:43,36.0,191.9,239.0,1.2,8440.0,241.5
2018-12-07T16:05:14,36.0,192.5,242.5,1.1,8450.0,244.4
2018-12-07T16:05:45,36.0,194.9,242.5,1.1,8460.0,243.5
2018-12-07T16:06:17,36.1,193.7,234.8,1.1,8460.0,244.4
2018-12-07T16:06:48,36.1,200.2,243.7,1.0,8460.0,243.5
2018-12-07T16:07:19,36.2,194.9,236.0,1.1,8470.0,243.5
2018-12-07T16:07:50,36.2,190.2,235.4,1.1,8470.0,242.5
2018-12-07T16:08:21,36.2,189.6,234.8,1.1,8480.0,243.5
2018-12-07T16:08:52,36.2,187.8,227.7,1.0,8480.0,243.5
2018-12-07T16:09:23,36.2,190.8,235.4,1.0,8490.0,242.5
2018-12-07T16:09:54,36.2,192.5,239.5,1.0,8490.0,242.5
2018-12-07T16:10:25,36.2,206.1,225.4,1.0,8500.0,242.5
2018-12-07T16:10:56,36.2,213.2,234.8,0.9,8500.0,243.5
2018-12-07T16:11:28,36.2,217.9,241.9,0.9,8500.0,243.5
2018-12-07T16:11:59,36.2,220.9,237.8,0.8,8510.0,242.5
2018-12-07T16:12:30,36.2,217.9,237.2,0.9,8510.0,244.4
2018-12-07T16:13:01,36.2,216.7,239.5,0.8,8520.0,243.5
2018-12-07T16:13:32,36.2,201.4,232.4,0.8,8520.0,243.5
2018-12-07T16:14:03,36.3,179.5,243.7,0.9,8530.0,243.5
2018-12-07T16:14:34,36.2,196.7,230.7,1.0,8530.0,242.5
2018-12-07T16:15:05,36.2,183.7,236.6,1.0,8530.0,241.5
2018-12-07T16:15:36,36.2,206.1,246.1,0.9,8540.0,242.5
2018-12-07T16:16:08,36.2,217.9,241.9,0.9,8540.0,242.5
2018-12-07T16:16:39,36.3,209.1,243.1,0.9,8550.0,242.5
2018-12-07T16:17:10,36.3,212.6,237.8,0.9,8550.0,242.5
2018-12-07T16:17:41,36.3,222.7,241.9,0.8,8560.0,241.5
2018-12-07T16:18:12,36.3,217.9,236.6,0.8,8560.0,241.5
2018-12-07T16:18:43,36.3,213.8,235.4,0.7,8560.0,240.6
2018-12-07T16:19:14,36.3,207.9,240.7,0.9,8570.0,241.5
2018-12-07T16:19:45,36.3,212.0,241.3,0.8,8570.0,242.5
2018-12-07T16:20:16,36.4,215.0,239.5,0.7,8580.0,240.6
2018-12-07T16:20:47,36.2,216.7,237.2,0.7,8580.0,242.5
2018-12-07T16:21:19,36.3,212.0,240.1,0.7,8580.0,243.5
2018-12-07T16:21:50,36.3,216.2,231.3,0.6,8590.0,241.5
2018-12-07T16:22:21,36.3,216.7,236.0,0.6,8590.0,240.6
2018-12-07T16:22:52,36.3,202.0,234.2,0.6,8590.0,241.5
2018-12-07T16:23:23,36.3,217.9,231.9,0.5,8590.0,240.6
2018-12-07T16:23:54,36.2,216.2,239.0,0.6,8600.0,240.6
2018-12-07T16:24:25,36.1,206.1,228.9,0.6,8600.0,241.5
2018-12-07T16:24:56,36.1,211.4,227.1,0.5,8600.0,242.5
2018-12-07T16:25:27,36.1,210.8,228.9,0.5,8600.0,243.5
2018-12-07T16:25:58,36.1,189.6,240.1,0.6,8600.0,242.5
2018-12-07T16:26:30,36.1,168.9,217.1,0.7,8610.0,242.5
2018-12-07T16:27:01,36.1,161.2,218.8,0.8,8610.0,244.4
2018-12-07T16:27:32,36.1,184.3,241.9,0.6,8610.0,243.5
2018-12-07T16:28:03,36.0,206.1,228.9,0.6,8610.0,243.5
2018-12-07T16:28:34,36.0,223.2,209.4,0.5,8620.0,243.5
2018-12-07T16:29:05,36.0,200.8,227.7,0.6,8620.0,241.5
2018-12-07T16:29:36,36.0,178.3,243.1,0.8,8620.0,243.5
2018-12-07T16:30:07,36.0,165.4,220.0,0.8,8620.0,243.5
2018-12-07T16:30:38,36.0,187.8,228.3,0.7,8630.0,243.5
2018-12-07T16:31:10,36.0,209.1,246.6,0.6,8630.0,242.5
2018-12-07T16:31:41,35.9,225.6,223.6,0.6,8630.0,242.5
2018-12-07T16:32:12,35.9,203.7,244.9,0.7,8640.0,241.5
2018-12-07T16:32:43,35.9,200.8,237.8,0.8,8640.0,240.6
2018-12-07T16:33:14,35.9,200.8,227.7,0.7,8640.0,241.5
2018-12-07T16:33:45,35.9,183.1,249.0,0.9,8650.0,240.6
2018-12-07T16:34:16,35.9,202.0,225.4,0.8,8650.0,241.5
2018-12-07T16:34:47,35.9,183.1,230.7,0.8,8650.0,239.6
2018-12-07T16:35:18,35.9,176.0,247.8,0.9,8660.0,241.5
2018-12-07T16:35:49,35.9,174.8,236.0,0.9,8660.0,241.5
2018-12-07T16:36:21,35.9,171.9,242.5,0.9,8660.0,243.5
2018-12-07T16:36:52,35.9,164.8,234.8,0.8,8670.0,242.5
2018-12-07T16:37:23,35.7,186.0,235.4,0.7,8670.0,241.5
2018-12-07T16:37:54,35.7,174.2,231.9,0.7,8670.0,240.6
2018-12-07T16:38:25,35.7,178.3,240.1,0.7,8670.0,241.5
2018-12-07T16:38:56,35.7,193.1,237.2,0.6,8680.0,240.6
2018-12-07T16:39:27,35.7,182.5,232.4,0.6,8680.0,239.6
2018-12-07T16:39:58,35.7,190.8,239.5,0.6,8680.0,242.5
2018-12-07T16:40:29,35.7,187.8,241.9,0.5,8690.0,240.6
2018-12-07T16:41:00,35.7,166.5,230.1,0.6,8690.0,241.5
2018-12-07T16:41:31,35.7,186.0,246.6,0.5,8690.0,241.5
2018-12-07T16:42:02,35.7,206.7,230.7,0.4,8690.0,241.5
2018-12-07T16:42:33,35.6,219.1,247.2,0.5,8690.0,240.6
2018-12-07T16:43:04,35.6,199.0,230.7,0.5,8700.0,242.5
2018-12-07T16:43:35,35.6,219.7,243.7,0.4,8700.0,241.5
2018-12-07T16:44:06,35.6,206.7,239.0,0.4,8700.0,241.5
2018-12-07T16:44:37,35.6,185.4,229.5,0.5,8700.0,241.5
2018-12-07T16:45:08,35.6,178.9,240.1,0.5,8700.0,241.5
2018-12-07T16:45:40,35.6,200.2,232.4,0.4,8710.0,240.6
2018-12-07T16:46:11,35.5,216.7,228.3,0.4,8710.0,240.6
2018-12-07T16:46:42,35.5,196.1,240.1,0.4,8710.0,239.6
2018-12-07T16:47:13,35.5,177.8,220.6,0.4,8710.0,241.5
2018-12-07T16:47:44,35.5,199.6,239.0,0.4,8710.0,241.5
2018-12-07T16:48:15,35.5,218.5,220.6,0.3,8720.0,243.5
2018-12-07T16:48:46,35.4,197.8,239.0,0.4,8720.0,242.5
2018-12-07T16:49:17,35.4,215.0,234.2,0.3,8720.0,242.5
2018-12-07T16:49:48,35.4,195.5,228.9,0.3,8720.0,241.5
2018-12-07T16:50:19,35.3,175.4,220.0,0.4,8720.0,239.6
2018-12-07T16:50:51,35.3,193.7,240.1,0.3,8720.0,241.5
2018-12-07T16:51:22,35.3,213.2,222.4,0.3,8720.0,241.5
2018-12-07T16:51:53,35.2,199.0,234.8,0.4,8730.0,240.6
2018-12-07T16:52:24,35.2,187.8,240.1,0.3,8730.0,241.5
2018-12-07T16:52:55,35.2,210.2,218.8,0.3,8730.0,242.5
2018-12-07T16:53:26,35.2,203.2,198.1,0.4,8730.0,241.5
2018-12-07T16:53:57,35.2,182.5,200.5,0.4,8730.0,241.5
2018-12-07T16:54:28,35.2,172.4,223.6,0.4,8730.0,241.5
2018-12-07T16:54:59,35.2,193.1,242.5,0.4,8730.0,241.5
2018-12-07T16:55:30,35.0,213.2,221.8,0.3,8740.0,241.5
2018-12-07T16:56:02,35.0,202.0,230.7,0.4,8740.0,241.5
2018-12-07T16:56:33,35.0,180.1,231.3,0.4,8740.0,241.5
2018-12-07T16:57:04,35.0,159.4,210.0,0.5,8740.0,241.5
2018-12-07T16:57:35,35.0,139.4,210.0,0.5,8740.0,241.5
2018-12-07T16:58:06,35.0,155.9,233.6,0.5,8740.0,240.6
2018-12-07T16:58:37,35.0,178.9,236.6,0.5,8740.0,241.5
2018-12-07T16:59:08,35.0,200.8,216.5,0.5,8750.0,242.5
2018-12-07T16:59:39,35.0,216.2,228.3,0.4,8750.0,241.5
2018-12-07T17:00:10,34.9,192.5,249.6,0.5,8750.0,243.5
2018-12-07T17:00:41,34.9,171.3,225.9,0.6,8750.0,243.5
2018-12-07T17:01:13,34.9,150.0,205.2,0.7,8750.0,242.5
2018-12-07T17:01:44,34.9,161.2,230.1,0.7,8760.0,243.5
2018-12-07T17:02:15,34.9,183.1,241.3,0.7,8760.0,241.5
2018-12-07T17:02:46,34.9,194.3,241.9,0.6,8760.0,242.5
2018-12-07T17:03:17,34.9,210.8,224.2,0.5,8760.0,244.4
2018-12-07T17:03:48,34.9,219.7,236.0,0.6,8770.0,241.5
2018-12-07T17:04:19,34.9,207.9,224.2,0.6,8770.0,243.5
2018-12-07T17:04:50,34.9,212.0,237.2,0.5,8770.0,242.5
2018-12-07T17:05:21,34.9,217.3,231.9,0.5,8770.0,242.5
2018-12-07T17:05:52,34.9,201.4,233.0,0.5,8780.0,243.5
2018-12-07T17:06:24,34.9,217.9,239.0,0.5,8780.0,243.5
2018-12-07T17:06:55,34.8,206.1,228.3,0.5,8780.0,242.5
2018-12-07T17:07:26,34.8,212.0,241.9,0.5,8780.0,241.5
2018-12-07T17:07:57,34.8,206.1,234.2,0.5,8790.0,242.5
2018-12-07T17:08:28,34.8,202.0,240.1,0.5,8790.0,241.5
2018-12-07T17:08:59,34.8,181.3,224.8,0.6,8790.0,242.5
2018-12-07T17:09:30,34.8,187.2,236.6,0.5,8790.0,242.5
2018-12-07T17:10:01,34.8,209.1,241.9,0.5,8790.0,241.5
2018-12-07T17:10:32,34.8,204.9,228.9,0.5,8800.0,242.5
2018-12-07T17:11:04,34.8,209.7,231.9,0.5,8800.0,242.5
2018-12-07T17:11:35,34.8,206.1,229.5,0.5,8800.0,243.5
2018-12-07T17:12:06,34.7,203.7,228.3,0.4,8800.0,243.5
2018-12-07T17:12:37,34.7,192.5,225.9,0.4,8800.0,243.5
2018-12-07T17:13:08,34.6,213.2,228.9,0.3,8810.0,244.4
2018-12-07T17:13:39,34.5,202.6,236.6,0.4,8810.0,245.4
2018-12-07T17:14:10,34.4,194.9,213.5,0.4,8810.0,245.4
2018-12-07T17:14:41,34.4,215.6,232.4,0.4,8810.0,245.4
2018-12-07T17:15:12,34.4,199.6,228.9,0.4,8810.0,242.5
2018-12-07T17:15:43,34.2,178.9,218.8,0.5,8810.0,243.5
2018-12-07T17:16:15,34.2,157.1,240.1,0.5,8820.0,244.4
2018-12-07T17:16:46,34.2,179.5,228.3,0.5,8820.0,243.5
2018-12-07T17:17:17,34.0,178.3,218.8,0.5,8820.0,243.5
2018-12-07T17:17:48,33.9,198.4,242.5,0.4,8820.0,243.5
2018-12-07T17:18:19,34.0,213.8,233.6,0.4,8820.0,244.4
2018-12-07T17:18:50,34.0,207.9,222.4,0.4,8830.0,243.5
2018-12-07T17:19:21,34.0,186.6,242.5,0.5,8830.0,242.5
2018-12-07T17:19:52,34.0,180.7,221.2,0.5,8830.0,242.5
2018-12-07T17:20:23,33.9,193.7,234.8,0.4,8830.0,243.5
2018-12-07T17:20:55,33.9,188.4,230.7,0.4,8830.0,243.5
2018-12-07T17:21:26,33.9,209.1,225.9,0.4,8840.0,242.5
2018-12-07T17:21:57,33.9,206.1,225.4,0.3,8840.0,244.4
2018-12-07T17:22:28,33.9,206.7,230.7,0.3,8840.0,242.5
2018-12-07T17:22:59,34.0,210.2,223.0,0.3,8840.0,242.5
2018-12-07T17:23:30,34.0,206.7,234.8,0.3,8840.0,243.5
2018-12-07T17:24:01,33.9,212.0,218.8,0.3,8840.0,244.4
2018-12-07T17:24:32,33.9,201.4,236.0,0.3,8850.0,243.5
2018-12-07T17:25:03,33.9,181.9,215.9,0.3,8850.0,242.5
2018-12-07T17:25:35,33.9,160.0,222.4,0.4,8850.0,243.5
2018-12-07T17:26:06,33.9,161.8,234.2,0.4,8850.0,243.5
2018-12-07T17:26:37,33.9,183.1,212.9,0.3,8850.0,242.5
2018-12-07T17:27:08,33.9,206.1,224.8,0.3,8850.0,243.5
2018-12-07T17:27:39,33.8,211.4,239.0,0.3,8850.0,243.5
2018-12-07T17:28:10,33.8,191.3,215.9,0.3,8850.0,244.4
2018-12-07T17:28:41,33.8,169.5,208.2,0.4,8860.0,243.5
2018-12-07T17:29:12,33.7,148.8,230.7,0.4,8860.0,244.4
2018-12-07T17:29:43,33.7,144.7,235.4,0.5,8860.0,243.5
2018-12-07T17:30:14,33.7,167.1,213.5,0.4,8860.0,243.5
2018-12-07T17:30:46,33.7,189.0,232.4,0.4,8860.0,242.5
2018-12-07T17:31:17,33.7,211.4,230.7,0.3,8860.0,244.4
2018-12-07T17:31:48,33.7,206.7,214.7,0.3,8870.0,244.4
2018-12-07T17:32:19,33.7,185.4,236.0,0.4,8870.0,244.4
2018-12-07T17:32:50,33.7,165.9,232.4,0.4,8870.0,244.4
2018-12-07T17:33:21,33.7,157.1,211.7,0.5,8870.0,243.5
2018-12-07T17:33:52,33.7,177.8,231.9,0.4,8870.0,244.4
2018-12-07T17:34:23,33.7,199.0,231.3,0.4,8870.0,244.4
2018-12-07T17:34:54,33.5,219.7,210.0,0.3,8880.0,244.4
2018-12-07T17:35:25,33.5,199.0,232.4,0.4,8880.0,245.4
2018-12-07T17:35:57,33.5,178.3,228.3,0.4,8880.0,244.4
2018-12-07T17:36:28,33.4,157.1,230.1,0.5,8880.0,245.4
2018-12-07T17:36:59,33.3,174.8,237.8,0.4,8880.0,244.4
2018-12-07T17:37:30,33.3,197.3,216.5,0.4,8880.0,244.4
2018-12-07T17:38:01,33.3,216.2,233.6,0.3,8890.0,244.4
2018-12-07T17:38:32,33.3,202.0,224.8,0.4,8890.0,243.5
2018-12-07T17:39:03,33.3,213.2,228.3,0.4,8890.0,245.4
2018-12-07T17:39:34,33.4,204.9,235.4,0.3,8890.0,244.4
2018-12-07T17:40:05,33.3,184.8,214.7,0.4,8890.0,244.4
2018-12-07T17:40:37,33.3,194.9,231.3,0.3,8890.0,244.4
2018-12-07T17:41:08,33.3,216.2,227.1,0.3,8900.0,244.4
2018-12-07T17:41:39,33.3,199.0,222.4,0.3,8900.0,243.5
2018-12-07T17:42:10,33.3,177.8,236.0,0.4,8900.0,244.4
2018-12-07T17:42:41,33.3,187.2,243.1,0.3,8900.0,244.4
2018-12-07T17:43:12,33.3,208.5,220.6,0.3,8900.0,244.4
2018-12-07T17:43:43,33.3,210.8,212.9,0.3,8900.0,244.4
2018-12-07T17:44:14,33.3,190.2,234.8,0.3,8900.0,244.4
2018-12-07T17:44:45,33.3,168.3,225.9,0.4,8910.0,244.4
2018-12-07T17:45:16,33.3,167.1,217.1,0.4,8910.0,244.4
2018-12-07T17:45:48,33.3,187.8,237.8,0.4,8910.0,244.4
2018-12-07T17:46:19,33.2,209.7,220.0,0.3,8910.0,245.4
2018-12-07T17:46:50,33.1,203.7,217.7,0.3,8910.0,244.4
2018-12-07T17:47:21,33.1,202.0,236.0,0.3,8910.0,244.4
2018-12-07T17:47:52,33.1,210.8,217.7,0.2,8910.0,245.4
2018-12-07T17:48:23,33.1,206.7,216.5,0.3,8910.0,243.5
2018-12-07T17:48:54,33.1,207.9,227.7,0.2,8910.0,244.4
2018-12-07T17:49:25,33.2,187.8,225.9,0.3,8920.0,245.4
2018-12-07T17:49:56,33.1,167.1,205.2,0.3,8920.0,245.4
2018-12-07T17:50:27,33.1,157.7,211.2,0.3,8920.0,244.4
2018-12-07T17:50:59,33.1,178.3,231.9,0.3,8920.0,244.4
2018-12-07T17:51:30,33.2,199.0,227.1,0.3,8920.0,244.4
2018-12-07T17:52:01,33.1,206.7,207.0,0.2,8920.0,245.4
2018-12-07T17:52:32,33.1,194.9,227.7,0.3,8920.0,245.4
2018-12-07T17:53:03,33.0,202.0,219.4,0.3,8920.0,245.4
2018-12-07T17:53:34,33.0,207.9,207.0,0.3,8920.0,246.4
2018-12-07T17:54:05,33.0,202.6,203.5,0.2,8920.0,244.4
2018-12-07T17:54:36,33.1,183.1,202.9,0.2,8930.0,244.4
2018-12-07T17:55:07,33.0,161.8,225.4,0.3,8930.0,244.4
2018-12-07T17:55:39,33.0,165.9,220.6,0.3,8930.0,245.4
2018-12-07T17:56:10,33.0,188.4,220.0,0.3,8930.0,245.4
2018-12-07T17:56:41,33.0,207.3,233.0,0.2,8930.0,245.4
2018-12-07T17:57:12,32.9,199.6,210.6,0.2,8930.0,243.5
2018-12-07T17:57:43,32.9,178.3,212.3,0.3,8930.0,245.4
2018-12-07T17:58:14,32.9,158.3,233.0,0.3,8930.0,243.5
2018-12-07T17:58:45,32.9,154.1,220.0,0.3,8930.0,242.5
2018-12-07T17:59:16,32.9,176.0,221.8,0.2,8930.0,244.4
2018-12-07T17:59:47,32.9,196.1,235.4,0.2,8930.0,244.4
2018-12-07T18:00:18,32.9,213.2,213.5,0.2,8940.0,244.4
2018-12-07T18:00:50,32.9,189.6,214.7,0.2,8940.0,244.4
2018-12-07T18:01:21,32.9,169.5,236.0,0.2,8940.0,243.5
2018-12-07T18:01:52,32.9,191.3,219.4,0.2,8940.0,244.4
2018-12-07T18:02:23,32.7,210.8,205.8,0.2,8940.0,245.4
2018-12-07T18:02:54,32.7,196.1,227.1,0.2,8940.0,244.4
2018-12-07T18:03:25,32.7,176.0,235.4,0.2,8940.0,244.4
2018-12-07T18:03:56,32.6,155.3,213.5,0.2,8940.0,244.4
2018-12-07T18:04:27,32.6,152.9,199.9,0.2,8940.0,243.5
2018-12-07T18:04:58,32.6,174.8,220.0,0.2,8940.0,244.4
2018-12-07T18:05:29,32.6,194.9,240.7,0.2,8940.0,244.4
2018-12-07T18:06:01,32.6,216.2,225.4,0.2,8940.0,244.4
2018-12-07T18:06:32,32.6,193.7,225.4,0.2,8940.0,243.5
2018-12-07T18:07:03,32.6,173.0,237.2,0.2,8950.0,244.4
2018-12-07T18:07:34,32.6,152.9,217.7,0.2,8950.0,244.4
2018-12-07T18:08:05,32.6,168.9,223.6,0.2,8950.0,245.4
2018-12-07T18:08:36,32.6,190.8,225.4,0.2,8950.0,244.4
2018-12-07T18:09:07,32.5,210.8,204.1,0.1,8950.0,244.4
2018-12-07T18:09:38,32.5,192.5,216.5,0.2,8950.0,244.4
2018-12-07T18:10:09,32.5,171.9,236.0,0.2,8950.0,242.5
2018-12-07T18:10:40,32.5,157.1,217.1,0.2,8950.0,241.5
2018-12-07T18:11:12,32.5,179.5,199.3,0.1,8950.0,240.6
2018-12-07T18:11:43,32.5,200.2,220.0,0.1,8950.0,240.6
2018-12-07T18:12:14,32.5,198.4,218.3,0.1,8950.0,240.6
2018-12-07T18:12:45,32.5,177.2,197.0,0.1,8950.0,242.5
2018-12-07T18:13:16,32.5,157.1,211.7,0.1,8950.0,240.6
2018-12-07T18:13:47,32.5,151.8,220.0,0.1,8950.0,239.6
2018-12-07T18:14:18,32.5,171.9,199.3,0.1,8950.0,239.6
2018-12-07T18:14:49,32.4,192.5,195.2,0.1,8950.0,240.6
2018-12-07T18:15:20,32.4,204.3,216.5,0.1,8950.0,240.6
2018-12-07T18:15:51,32.3,182.5,217.1,0.0,8950.0,239.6
2018-12-07T18:16:23,32.3,159.4,196.4,0.1,8950.0,240.6
2018-12-07T18:16:54,32.3,147.0,174.5,0.1,8950.0,240.6
2018-12-07T18:17:25,32.3,166.5,162.0,0.1,8950.0,239.6
2018-12-07T18:17:56,32.3,186.6,182.8,0.0,8950.0,239.6
2018-12-07T18:18:27,32.2,205.5,207.0,0.0,8950.0,239.6
2018-12-07T18:18:58,32.3,184.8,225.9,0.1,8950.0,240.6
2018-12-07T18:19:29,32.2,161.2,218.3,0.1,8950.0,239.6
2018-12-07T18:20:00,32.2,141.1,197.0,0.1,8950.0,239.6
2018-12-07T18:20:31,32.0,119.9,173.3,0.1,8950.0,239.6
2018-12-07T18:21:03,32.0,138.2,154.4,0.1,8950.0,238.6
2018-12-07T18:21:34,31.8,158.3,153.8,0.0,8950.0,238.6
2018-12-07T18:22:05,31.9,181.3,173.9,0.0,8950.0,239.6
2018-12-07T18:22:36,31.9,200.8,197.0,0.0,8950.0,239.6
2018-12-07T18:23:07,31.9,187.8,212.9,0.0,8950.0,239.6
2018-12-07T18:23:38,31.9,168.9,233.0,0.0,8950.0,239.6
2018-12-07T18:24:09,31.9,144.1,210.6,0.0,8950.0,239.6
2018-12-07T18:24:40,31.9,138.8,189.3,0.0,8950.0,237.7
2018-12-07T18:25:11,31.9,157.7,166.2,0.0,8950.0,239.6
2018-12-07T18:25:42,31.8,178.9,147.9,0.0,8950.0,239.6
2018-12-07T18:26:14,31.8,197.3,149.6,0.0,8950.0,239.6
2018-12-07T18:26:45,31.8,196.1,169.7,0.0,8950.0,238.6
2018-12-07T18:27:16,31.7,194.9,219.4,0.0,8950.0,239.6
2018-12-07T18:27:47,31.7,193.7,212.9,0.0,8950.0,236.7
2018-12-07T18:28:18,31.6,192.5,209.4,0.0,8950.0,238.6
2018-12-07T18:28:49,31.6,190.8,204.6,0.0,8950.0,236.7
2018-12-07T18:29:20,31.6,189.0,199.3,0.0,8950.0,238.6
2018-12-07T18:29:51,31.6,187.2,194.0,0.0,8950.0,237.7
2018-12-07T18:30:22,31.5,184.3,188.1,0.0,8950.0,238.6
2018-12-07T18:30:54,31.5,165.4,179.2,0.0,8950.0,239.6
2018-12-07T18:31:25,31.5,81.5,170.9,0.0,8950.0,238.6
2018-12-07T18:31:56,31.5,147.6,147.9,0.0,8950.0,240.6
2018-12-07T18:32:27,31.5,115.1,115.3,0.0,8950.0,239.6
2018-12-07T21:39:11,0.0,0.0,0.0,0.0,0.0,0.0
