2018-12-12T06:35:28,30.2,207.9,233.0,0.5,130.0,242.5
2018-12-12T06:36:00,30.2,187.2,238.4,0.5,130.0,243.5
2018-12-12T06:36:31,30.2,189.6,215.9,0.5,130.0,242.5
2018-12-12T06:37:02,30.2,211.4,214.1,0.4,130.0,244.4
2018-12-12T06:37:33,30.2,207.9,236.0,0.5,130.0,243.5
2018-12-12T06:38:04,30.2,206.1,237.2,0.5,130.0,245.4
2018-12-12T06:38:35,30.3,210.8,216.5,0.4,140.0,242.5
2018-12-12T06:39:06,30.3,196.7,204.1,0.5,140.0,244.4
2018-12-12T06:39:37,30.3,218.5,227.7,0.4,140.0,241.5
2018-12-12T06:40:08,30.3,200.8,242.5,0.5,140.0,240.6
2018-12-12T06:40:40,30.3,189.0,220.0,0.5,140.0,239.6
2018-12-12T06:41:11,30.4,211.4,199.3,0.5,140.0,240.6
2018-12-12T06:41:42,30.4,210.8,218.8,0.5,150.0,240.6
2018-12-12T06:42:13,30.4,203.7,241.3,0.5,150.0,239.6
2018-12-12T06:42:44,30.4,218.5,228.9,0.5,150.0,241.5
2018-12-12T06:43:15,30.4,197.3,208.2,0.5,150.0,240.6
2018-12-12T06:43:46,30.5,176.0,224.2,0.7,150.0,244.4
2018-12-12T06:44:17,30.5,164.8,246.1,0.6,150.0,242.5
2018-12-12T06:44:48,30.5,185.4,226.5,0.6,160.0,242.5
2018-12-12T06:45:19,30.5,207.3,205.2,0.6,160.0,241.5
2018-12-12T06:45:51,30.5,215.6,228.9,0.5,160.0,241.5
2018-12-12T06:46:22,30.7,194.9,246.6,0.6,160.0,242.5
2018-12-12T06:46:53,30.7,194.3,223.0,0.6,160.0,241.5
2018-12-12T06:47:24,30.7,184.3,232.4,0.6,160.0,239.6
2018-12-12T06:47:55,30.7,163.0,246.6,0.7,170.0,240.6
2018-12-12T06:48:26,30.8,172.4,232.4,0.7,170.0,240.6
2018-12-12T06:48:57,30.8,191.9,240.7,0.6,170.0,240.6
2018-12-12T06:49:28,30.8,213.8,220.0,0.5,170.0,241.5
2018-12-12T06:49:59,30.8,210.2,231.9,0.6,170.0,239.6
2018-12-12T06:50:30,30.8,190.2,241.3,0.6,180.0,239.6
2018-12-12T06:51:02,30.9,168.3,243.7,0.8,180.0,238.6
2018-12-12T06:51:33,30.9,161.2,230.7,0.8,180.0,239.6
2018-12-12T06:52:04,30.9,181.9,219.4,0.7,180.0,239.6
2018-12-12T06:52:35,30.9,194.9,221.8,0.7,180.0,239.6
2018-12-12T06:53:06,31.0,217.9,218.3,0.6,190.0,239.6
2018-12-12T06:53:37,31.0,206.7,240.7,0.7,190.0,240.6
2018-12-12T06:54:08,31.0,186.0,238.4,0.8,190.0,239.6
2018-12-12T06:54:39,31.0,164.2,217.1,0.9,190.0,241.5
2018-12-12T06:55:10,31.0,175.4,205.8,1.0,200.0,240.6
2018-12-12T06:55:41,31.0,184.3,211.7,0.9,200.0,241.5
2018-12-12T06:56:13,31.1,189.0,218.8,0.7,200.0,242.5
2018-12-12T06:56:44,31.1,210.2,242.5,0.7,200.0,242.5
2018-12-12T06:57:15,31.1,217.3,234.2,0.7,210.0,241.5
2018-12-12T06:57:46,31.2,202.0,225.4,0.7,210.0,239.6
2018-12-12T06:58:17,31.2,220.9,244.9,0.7,210.0,241.5
2018-12-12T06:58:48,31.2,215.0,237.2,0.7,220.0,242.5
2018-12-12T06:59:19,31.2,213.8,240.7,0.7,220.0,241.5
2018-12-12T06:59:50,31.4,217.9,225.9,0.7,220.0,242.5
2018-12-12T07:00:21,31.4,207.9,246.6,0.8,220.0,241.5
2018-12-12T07:00:52,31.4,216.2,227.1,0.7,230.0,242.5
2018-12-12T07:01:24,31.5,195.5,227.1,0.8,230.0,240.6
2018-12-12T07:01:55,31.5,174.8,246.1,0.9,230.0,242.5
2018-12-12T07:02:26,31.5,179.5,223.6,1.0,230.0,239.6
2018-12-12T07:02:57,31.5,199.6,233.0,0.8,240.0,240.6
2018-12-12T07:03:28,31.6,222.1,240.1,0.7,240.0,238.6
2018-12-12T07:03:59,31.6,200.2,219.4,0.9,240.0,241.5
2018-12-12T07:04:30,31.6,219.1,236.0,0.8,250.0,240.6
2018-12-12T07:05:01,31.6,212.0,236.0,0.9,250.0,241.5
2018-12-12T07:05:32,31.7,216.7,235.4,0.8,250.0,240.6
2018-12-12T07:06:04,31.7,213.2,237.2,0.9,250.0,240.6
2018-12-12T07:06:35,31.7,215.6,232.4,0.9,260.0,240.6
2018-12-12T07:07:06,31.7,207.9,243.1,0.9,260.0,239.6
2018-12-12T07:07:37,31.7,220.3,227.7,0.9,260.0,241.5
2018-12-12T07:08:08,31.8,211.4,229.5,1.0,270.0,241.5
2018-12-12T07:08:39,31.8,209.1,225.9,0.9,270.0,241.5
2018-12-12T07:09:10,31.8,213.2,230.7,1.0,270.0,242.5
2018-12-12T07:09:41,31.8,191.9,234.8,1.1,280.0,243.5
2018-12-12T07:10:12,31.9,171.3,243.1,1.2,280.0,242.5
2018-12-12T07:10:43,31.9,175.4,218.8,1.2,280.0,243.5
2018-12-12T07:11:15,31.9,178.3,245.5,1.3,290.0,243.5
2018-12-12T07:11:46,31.9,184.8,228.3,1.2,290.0,242.5
2018-12-12T07:12:17,32.0,182.5,235.4,1.3,300.0,244.4
2018-12-12T07:12:48,32.0,178.9,230.1,1.3,300.0,243.5
2018-12-12T07:13:19,32.2,199.0,221.2,1.1,300.0,244.4
2018-12-12T07:13:50,32.2,213.2,235.4,0.6,310.0,242.5
2018-12-12T07:14:21,32.2,219.1,237.2,0.6,310.0,243.5
2018-12-12T07:14:52,32.2,198.4,225.4,0.7,310.0,243.5
2018-12-12T07:15:23,32.2,217.3,234.8,0.7,320.0,243.5
2018-12-12T07:15:55,32.3,216.2,221.2,1.0,320.0,243.5
2018-12-12T07:16:26,32.3,191.3,245.5,1.1,320.0,243.5
2018-12-12T07:16:57,32.3,204.3,235.4,0.9,330.0,242.5
2018-12-12T07:17:28,32.3,180.1,215.9,1.3,330.0,243.5
2018-12-12T07:17:59,32.4,155.3,195.2,1.7,340.0,244.4
2018-12-12T07:18:30,32.4,159.4,223.6,1.7,340.0,244.4
2018-12-12T07:19:01,32.4,181.9,249.0,1.4,350.0,244.4
2018-12-12T07:19:32,32.4,205.5,225.4,1.4,350.0,244.4
2018-12-12T07:20:03,32.4,224.4,239.0,1.4,360.0,244.4
2018-12-12T07:20:35,32.5,224.4,230.7,1.3,360.0,245.4
2018-12-12T07:21:06,32.5,218.5,246.1,1.3,370.0,243.5
2018-12-12T07:21:37,32.6,217.3,230.1,1.3,380.0,245.4
2018-12-12T07:22:08,32.6,216.2,237.2,1.3,380.0,245.4
2018-12-12T07:22:39,32.6,224.4,237.8,1.2,390.0,245.4
2018-12-12T07:23:10,32.7,223.8,237.2,1.2,390.0,244.4
2018-12-12T07:23:41,32.7,223.2,237.8,1.2,400.0,244.4
2018-12-12T07:24:12,32.7,228.0,241.3,1.2,400.0,245.4
2018-12-12T07:24:43,32.7,213.2,236.0,0.6,410.0,245.4
2018-12-12T07:25:14,32.7,216.2,239.0,0.5,410.0,243.5
2018-12-12T07:25:46,32.9,208.5,219.4,0.7,410.0,242.5
2018-12-12T07:26:17,32.9,194.9,207.0,0.9,420.0,241.5
2018-12-12T07:26:48,32.9,226.2,204.1,1.1,420.0,244.4
2018-12-12T07:27:19,32.9,204.3,236.0,1.4,430.0,245.4
2018-12-12T07:27:50,33.0,213.8,230.1,1.2,430.0,245.4
2018-12-12T07:28:21,33.0,201.4,218.3,1.6,440.0,244.4
2018-12-12T07:28:52,33.0,194.9,228.9,1.6,440.0,245.4
2018-12-12T07:29:23,33.1,207.3,232.4,1.6,450.0,246.4
2018-12-12T07:29:54,33.1,205.5,231.3,1.6,460.0,246.4
2018-12-12T07:30:25,33.1,213.2,238.4,1.4,460.0,247.3
2018-12-12T07:30:57,33.1,212.0,230.1,1.5,470.0,246.4
2018-12-12T07:31:28,33.2,223.8,239.5,1.3,480.0,246.4
2018-12-12T07:31:59,33.2,217.9,239.5,1.4,480.0,244.4
2018-12-12T07:32:30,33.3,220.3,231.9,1.1,490.0,245.4
2018-12-12T07:33:01,33.3,220.3,237.2,1.1,500.0,245.4
2018-12-12T07:33:32,33.3,197.8,232.4,1.3,500.0,245.4
2018-12-12T07:34:03,33.3,176.0,228.9,1.5,510.0,247.3
2018-12-12T07:34:34,33.3,171.9,228.3,1.7,510.0,246.4
2018-12-12T07:35:05,33.4,173.0,235.4,1.6,520.0,246.4
2018-12-12T07:35:37,33.4,184.8,228.9,1.6,520.0,245.4
2018-12-12T07:36:08,33.4,190.2,226.5,0.8,530.0,245.4
2018-12-12T07:36:39,33.5,219.7,228.9,1.2,530.0,245.4
2018-12-12T07:37:10,33.5,209.1,231.3,0.7,530.0,244.4
2018-12-12T07:37:41,33.5,200.2,234.8,0.6,540.0,244.4
2018-12-12T07:38:12,33.5,206.1,223.0,0.5,540.0,245.4
2018-12-12T07:38:43,33.5,194.3,230.7,0.5,540.0,242.5
2018-12-12T07:39:14,33.5,212.6,236.0,0.4,540.0,243.5
2018-12-12T07:39:45,33.7,191.9,216.5,0.5,540.0,242.5
2018-12-12T07:40:16,33.7,171.3,196.4,0.6,550.0,243.5
2018-12-12T07:40:48,33.7,150.0,213.5,0.6,550.0,242.5
2018-12-12T07:41:19,33.5,133.5,234.8,0.7,550.0,244.4
2018-12-12T07:41:50,33.7,157.1,211.7,0.7,550.0,245.4
2018-12-12T07:42:21,33.7,178.3,215.9,0.7,550.0,244.4
2018-12-12T07:42:52,33.8,193.1,231.3,0.6,560.0,244.4
2018-12-12T07:43:23,33.7,190.2,217.1,0.7,560.0,245.4
2018-12-12T07:43:54,33.7,170.1,220.6,0.7,560.0,243.5
2018-12-12T07:44:25,33.8,158.9,237.8,0.8,560.0,242.5
2018-12-12T07:44:56,33.8,180.1,215.9,0.7,560.0,244.4
2018-12-12T07:45:27,33.8,200.2,214.7,0.6,570.0,246.4
2018-12-12T07:45:59,33.8,216.2,225.9,0.6,570.0,244.4
2018-12-12T07:46:30,33.8,194.9,237.2,0.6,570.0,244.4
2018-12-12T07:47:01,33.8,172.4,216.5,0.7,570.0,243.5
2018-12-12T07:47:32,33.8,175.4,220.6,0.7,580.0,245.4
2018-12-12T07:48:03,33.8,197.3,242.5,0.6,580.0,245.4
2018-12-12T07:48:34,33.8,217.3,218.8,0.6,580.0,245.4
2018-12-12T07:49:05,33.8,195.5,211.2,0.7,580.0,245.4
2018-12-12T07:49:36,33.9,175.4,235.4,0.8,590.0,244.4
2018-12-12T07:50:07,33.9,158.9,225.4,0.8,590.0,244.4
2018-12-12T07:50:39,33.9,152.4,219.4,0.9,590.0,243.5
2018-12-12T07:51:10,33.8,176.0,237.8,0.9,590.0,244.4
2018-12-12T07:51:41,33.9,174.8,241.9,0.9,600.0,244.4
2018-12-12T07:52:12,33.9,154.1,223.6,0.9,600.0,244.4
2018-12-12T07:52:43,33.9,171.3,217.7,0.9,600.0,244.4
2018-12-12T07:53:14,33.9,194.3,240.1,0.9,610.0,244.4
2018-12-12T07:53:45,33.9,218.5,231.3,0.9,610.0,244.4
2018-12-12T07:54:16,34.0,225.6,222.4,1.7,620.0,244.4
2018-12-12T07:54:47,34.0,213.2,236.0,1.0,620.0,243.5
2018-12-12T07:55:18,34.0,226.8,249.6,1.3,630.0,242.5
2018-12-12T07:55:50,34.0,207.9,228.3,1.1,630.0,243.5
2018-12-12T07:56:21,34.0,194.3,217.7,1.2,630.0,241.5
2018-12-12T07:56:52,34.0,196.1,239.5,1.1,640.0,241.5
2018-12-12T07:57:23,34.0,196.1,231.3,1.0,640.0,241.5
2018-12-12T07:57:54,34.1,196.1,225.9,1.1,650.0,241.5
2018-12-12T07:58:25,34.1,202.6,225.9,1.0,650.0,245.4
2018-12-12T07:58:56,34.1,222.7,232.4,1.0,660.0,244.4
2018-12-12T07:59:27,34.1,220.9,228.3,1.0,660.0,245.4
2018-12-12T07:59:58,34.1,222.1,239.5,0.9,670.0,243.5
2018-12-12T08:00:29,34.1,213.8,223.0,0.9,670.0,243.5
2018-12-12T08:01:01,34.1,214.4,237.8,1.0,680.0,243.5
2018-12-12T08:01:32,34.2,209.7,230.7,1.1,680.0,244.4
2018-12-12T08:02:03,34.2,216.2,232.4,0.9,680.0,243.5
2018-12-12T08:02:34,34.2,219.1,232.4,0.8,690.0,243.5
2018-12-12T08:03:05,34.2,220.3,237.2,0.8,690.0,244.4
2018-12-12T08:03:36,34.2,219.7,236.0,0.8,700.0,242.5
2018-12-12T08:04:07,34.2,214.4,232.4,0.8,700.0,244.4
2018-12-12T08:04:38,34.2,212.0,234.2,0.8,700.0,244.4
2018-12-12T08:05:09,34.2,207.3,224.8,0.8,710.0,244.4
2018-12-12T08:05:40,34.4,210.8,232.4,0.8,710.0,245.4
2018-12-12T08:06:12,34.4,211.4,229.5,0.7,710.0,244.4
2018-12-12T08:06:43,34.4,204.9,235.4,0.7,720.0,245.4
2018-12-12T08:07:14,34.4,216.2,228.3,0.7,720.0,245.4
2018-12-12T08:07:45,34.4,203.2,234.2,0.8,720.0,243.5
2018-12-12T08:08:16,34.4,181.3,230.1,0.9,730.0,245.4
2018-12-12T08:08:47,34.4,165.4,232.4,1.0,730.0,247.3
2018-12-12T08:09:18,34.5,186.6,222.4,0.8,730.0,246.4
2018-12-12T08:09:49,34.5,209.1,240.1,0.9,740.0,245.4
2018-12-12T08:10:20,34.5,197.3,235.4,0.9,740.0,245.4
2018-12-12T08:10:51,34.5,175.4,224.8,1.1,750.0,245.4
2018-12-12T08:11:23,34.5,153.5,239.5,1.3,750.0,245.4
2018-12-12T08:11:54,34.5,173.6,217.1,1.2,750.0,246.4
2018-12-12T08:12:25,34.5,198.4,210.0,1.2,760.0,247.3
2018-12-12T08:12:56,34.5,175.4,238.4,1.4,760.0,245.4
2018-12-12T08:13:27,34.5,152.4,234.8,1.7,770.0,247.3
2018-12-12T08:13:58,34.6,131.1,215.3,2.8,770.0,248.3
2018-12-12T08:14:29,34.6,151.8,234.2,2.5,780.0,247.3
2018-12-12T08:15:00,34.6,164.2,236.6,1.7,790.0,246.4
2018-12-12T08:15:31,34.6,177.2,232.4,1.5,800.0,245.4
2018-12-12T08:16:03,34.7,174.2,241.3,1.5,800.0,245.4
2018-12-12T08:16:34,34.7,154.1,218.3,1.7,810.0,245.4
2018-12-12T08:17:05,34.7,178.3,231.9,1.7,810.0,247.3
2018-12-12T08:17:36,34.7,215.6,254.9,3.2,820.0,251.2
2018-12-12T08:18:07,34.8,225.6,230.1,3.6,840.0,251.2
2018-12-12T08:18:38,34.8,224.4,229.5,3.5,850.0,251.2
2018-12-12T08:19:09,34.8,223.2,236.0,1.2,860.0,248.3
2018-12-12T08:19:40,34.9,198.4,235.4,1.5,870.0,247.3
2018-12-12T08:20:11,34.9,220.9,228.9,3.6,880.0,251.2
2018-12-12T08:20:42,34.9,215.6,230.1,1.2,890.0,248.3
2018-12-12T08:21:14,34.9,217.3,225.4,1.1,890.0,246.4
2018-12-12T08:21:45,34.9,215.0,226.5,1.1,900.0,247.3
2018-12-12T08:22:16,34.9,212.6,230.1,1.3,900.0,247.3
2018-12-12T08:22:47,34.9,212.6,224.2,1.2,910.0,246.4
2018-12-12T08:23:18,35.0,213.8,227.7,1.1,910.0,247.3
2018-12-12T08:23:49,35.0,204.3,219.4,1.1,920.0,246.4
2018-12-12T08:24:20,35.0,218.5,239.0,1.1,920.0,246.4
2018-12-12T08:24:51,35.2,217.3,218.8,1.1,930.0,245.4
2018-12-12T08:25:22,35.2,213.8,235.4,1.1,930.0,245.4
2018-12-12T08:25:54,35.2,218.5,233.6,1.2,940.0,245.4
2018-12-12T08:26:25,35.2,213.8,222.4,1.1,940.0,245.4
2018-12-12T08:26:56,35.2,210.8,243.1,1.3,950.0,245.4
2018-12-12T08:27:27,35.2,207.3,228.3,1.1,960.0,247.3
2018-12-12T08:27:58,35.2,190.8,202.3,3.0,960.0,247.3
2018-12-12T08:28:29,35.0,171.3,228.9,4.4,970.0,247.3
2018-12-12T08:29:00,35.0,175.4,230.1,4.4,990.0,247.3
2018-12-12T08:29:31,35.2,173.6,225.4,4.4,1000.0,246.4
2018-12-12T08:30:02,35.3,178.3,230.7,4.3,1020.0,248.3
2018-12-12T08:30:34,35.3,179.5,232.4,4.1,1030.0,246.4
2018-12-12T08:31:05,35.4,182.5,228.3,1.1,1040.0,244.4
2018-12-12T08:31:36,35.5,185.4,225.9,1.0,1050.0,244.4
2018-12-12T08:32:07,35.5,207.9,221.2,0.9,1050.0,245.4
2018-12-12T08:32:38,35.5,209.7,228.3,0.9,1050.0,244.4
2018-12-12T08:33:09,35.6,207.9,232.4,0.9,1060.0,243.5
2018-12-12T08:33:40,35.6,206.7,218.8,0.9,1060.0,243.5
2018-12-12T08:34:11,35.6,213.8,233.0,0.9,1060.0,243.5
2018-12-12T08:34:42,35.6,200.2,224.2,0.8,1070.0,244.4
2018-12-12T08:35:13,35.6,217.3,230.1,0.8,1070.0,244.4
2018-12-12T08:35:45,35.6,195.5,217.7,0.9,1080.0,244.4
2018-12-12T08:36:16,35.6,187.8,234.8,1.0,1080.0,244.4
2018-12-12T08:36:47,35.7,180.7,228.3,0.9,1080.0,245.4
2018-12-12T08:37:18,35.7,187.8,230.7,0.9,1090.0,245.4
2018-12-12T08:37:49,35.7,187.2,221.2,1.0,1090.0,245.4
2018-12-12T08:38:20,35.7,188.4,225.9,0.8,1090.0,243.5
2018-12-12T08:38:51,35.7,181.9,220.6,0.9,1100.0,242.5
2018-12-12T08:39:22,35.7,190.8,230.1,0.8,1100.0,244.4
2018-12-12T08:39:53,35.7,171.3,225.4,0.9,1100.0,244.4
2018-12-12T08:40:24,35.7,162.4,232.4,1.0,1110.0,244.4
2018-12-12T08:40:56,35.7,184.3,222.4,0.9,1110.0,243.5
2018-12-12T08:41:27,35.7,206.1,237.8,0.8,1110.0,243.5
2018-12-12T08:41:58,35.7,207.3,223.0,0.9,1120.0,243.5
2018-12-12T08:42:29,35.7,195.5,232.4,1.0,1120.0,242.5
2018-12-12T08:43:00,35.9,171.9,221.2,1.0,1130.0,241.5
2018-12-12T08:43:31,35.9,183.1,233.0,1.1,1130.0,240.6
2018-12-12T08:44:02,35.9,160.0,209.4,1.4,1130.0,242.5
2018-12-12T08:44:33,35.9,139.4,237.8,1.5,1140.0,241.5
2018-12-12T08:45:04,35.9,142.3,226.5,1.9,1140.0,244.4
2018-12-12T08:45:36,35.9,178.3,220.0,3.1,1150.0,244.4
2018-12-12T08:46:07,35.9,184.8,225.4,2.0,1160.0,242.5
2018-12-12T08:46:38,36.0,198.4,237.2,1.7,1170.0,240.6
2018-12-12T08:47:09,36.0,205.5,247.2,1.9,1180.0,240.6
2018-12-12T08:47:40,36.0,191.9,223.6,3.3,1190.0,242.5
2018-12-12T08:48:11,36.0,183.7,234.8,2.5,1190.0,242.5
2018-12-12T08:48:42,36.1,154.7,246.6,5.5,1210.0,244.4
2018-12-12T08:49:13,36.1,164.2,236.0,3.3,1220.0,241.5
2018-12-12T08:49:44,36.2,161.2,230.7,4.9,1230.0,243.5
2018-12-12T08:50:15,36.2,165.4,228.3,2.6,1250.0,241.5
2018-12-12T08:50:47,36.3,191.3,241.3,2.8,1260.0,243.5
2018-12-12T08:51:18,36.3,191.3,230.7,1.4,1260.0,242.5
2018-12-12T08:51:49,36.3,209.1,204.1,3.1,1270.0,244.4
2018-12-12T08:52:20,36.3,214.4,214.7,2.6,1280.0,244.4
2018-12-12T08:52:51,36.3,199.0,224.8,4.1,1300.0,244.4
2018-12-12T08:53:22,36.4,190.8,227.7,3.1,1310.0,243.5
2018-12-12T08:53:53,36.5,174.8,238.4,1.8,1320.0,243.5
2018-12-12T08:54:24,36.5,154.1,205.2,5.5,1330.0,245.4
2018-12-12T08:54:55,36.5,161.8,228.3,5.2,1350.0,244.4
2018-12-12T08:55:26,36.7,173.6,215.9,5.1,1360.0,245.4
2018-12-12T08:55:58,36.8,171.9,225.4,5.0,1380.0,247.3
2018-12-12T08:56:29,36.8,173.6,223.6,4.8,1400.0,245.4
2018-12-12T08:57:00,36.9,170.1,228.3,4.9,1410.0,247.3
2018-12-12T08:57:31,36.9,173.0,226.5,4.9,1430.0,248.3
2018-12-12T08:58:02,37.0,168.3,220.0,5.0,1440.0,247.3
2018-12-12T08:58:33,37.0,183.7,227.1,4.6,1460.0,246.4
2018-12-12T08:59:04,37.1,186.0,225.4,4.6,1470.0,247.3
2018-12-12T08:59:35,37.1,185.4,222.4,4.6,1490.0,246.4
2018-12-12T09:00:06,37.2,182.5,215.3,4.7,1500.0,247.3
2018-12-12T09:00:38,37.2,180.1,218.8,4.7,1520.0,247.3
2018-12-12T09:01:09,37.2,183.7,215.9,4.8,1530.0,247.3
2018-12-12T09:01:40,37.4,184.3,218.8,4.8,1550.0,249.3
2018-12-12T09:02:11,37.5,178.9,211.2,1.5,1560.0,245.4
2018-12-12T09:02:42,37.5,154.7,231.9,2.9,1570.0,246.4
2018-12-12T09:03:13,37.5,163.0,223.0,1.5,1570.0,244.4
2018-12-12T09:03:44,37.5,184.3,190.4,4.9,1580.0,247.3
2018-12-12T09:04:15,37.6,183.1,225.4,4.9,1600.0,248.3
2018-12-12T09:04:46,37.6,184.8,225.9,4.7,1620.0,248.3
2018-12-12T09:05:17,37.6,183.1,227.1,4.7,1630.0,247.3
2018-12-12T09:05:49,37.7,186.0,222.4,4.8,1650.0,248.3
2018-12-12T09:06:20,37.7,181.3,215.9,5.0,1660.0,249.3
2018-12-12T09:06:51,37.8,188.4,218.8,1.7,1680.0,247.3
2018-12-12T09:07:22,37.8,179.5,208.2,1.2,1690.0,243.5
2018-12-12T09:07:53,37.9,159.4,228.3,1.5,1690.0,244.4
2018-12-12T09:08:24,37.9,150.6,206.4,1.8,1700.0,244.4
2018-12-12T09:08:55,37.9,157.1,202.3,1.3,1700.0,243.5
2018-12-12T09:09:26,37.9,177.8,217.7,1.0,1710.0,243.5
2018-12-12T09:09:57,37.9,187.8,211.7,0.9,1710.0,243.5
2018-12-12T09:10:28,37.9,164.2,225.9,1.2,1710.0,243.5
2018-12-12T09:11:00,37.9,140.5,227.1,1.4,1720.0,243.5
2018-12-12T09:11:31,37.8,168.9,201.1,3.6,1720.0,245.4
2018-12-12T09:12:02,37.8,158.9,214.1,4.6,1730.0,247.3
2018-12-12T09:12:33,37.8,172.4,223.0,5.6,1750.0,248.3
2018-12-12T09:13:04,37.8,171.3,225.4,5.4,1760.0,248.3
2018-12-12T09:13:35,37.9,176.0,225.4,5.2,1780.0,249.3
2018-12-12T09:14:06,37.9,170.1,225.4,5.5,1800.0,250.2
2018-12-12T09:14:37,38.0,171.3,225.4,5.4,1820.0,248.3
2018-12-12T09:15:08,38.0,179.5,225.4,5.4,1830.0,248.3
2018-12-12T09:15:39,38.2,180.1,224.2,5.5,1850.0,248.3
2018-12-12T09:16:11,38.3,182.5,215.9,5.5,1870.0,250.2
2018-12-12T09:16:42,38.3,180.7,228.9,5.7,1890.0,249.3
2018-12-12T09:17:13,38.3,186.6,207.6,5.0,1910.0,248.3
2018-12-12T09:17:44,38.3,172.4,215.3,1.6,1910.0,245.4
2018-12-12T09:18:15,38.4,184.8,205.8,1.4,1920.0,245.4
2018-12-12T09:18:46,38.4,175.4,198.7,2.9,1920.0,247.3
2018-12-12T09:19:17,38.4,159.4,188.1,4.1,1940.0,247.3
2018-12-12T09:19:48,38.4,147.6,191.6,2.4,1950.0,243.5
2018-12-12T09:20:19,38.4,152.9,215.3,3.4,1960.0,246.4
2018-12-12T09:20:50,38.4,149.4,209.4,2.8,1970.0,245.4
2018-12-12T09:21:22,38.5,148.8,221.8,2.0,1970.0,245.4
2018-12-12T09:21:53,38.5,178.3,239.5,2.2,1980.0,245.4
2018-12-12T09:22:24,38.4,164.2,239.0,4.7,1990.0,248.3
2018-12-12T09:22:55,38.4,170.7,233.0,4.5,2010.0,248.3
2018-12-12T09:23:26,38.5,160.0,228.3,2.4,2020.0,246.4
2018-12-12T09:23:57,38.5,161.8,220.0,1.9,2020.0,245.4
2018-12-12T09:24:28,38.5,157.1,220.6,1.9,2030.0,245.4
2018-12-12T09:24:59,38.5,165.9,225.9,1.8,2040.0,244.4
2018-12-12T09:25:30,38.5,192.5,227.1,1.8,2040.0,244.4
2018-12-12T09:26:01,38.5,163.0,215.3,5.9,2050.0,249.3
2018-12-12T09:26:32,38.6,142.3,200.5,6.6,2070.0,248.3
2018-12-12T09:27:04,38.6,145.9,222.4,4.4,2090.0,248.3
2018-12-12T09:27:35,38.6,129.9,241.9,4.0,2100.0,249.3
2018-12-12T09:28:06,38.7,116.9,233.0,5.0,2110.0,248.3
2018-12-12T09:28:37,38.6,137.6,214.1,3.8,2130.0,248.3
2018-12-12T09:29:08,38.7,154.1,215.9,2.6,2140.0,246.4
2018-12-12T09:29:39,38.7,157.7,220.0,2.4,2150.0,246.4
2018-12-12T09:30:10,38.9,168.9,211.2,5.7,2160.0,249.3
2018-12-12T09:30:41,38.9,165.4,220.0,6.8,2180.0,249.3
2018-12-12T09:31:13,39.0,168.3,220.6,6.7,2200.0,249.3
2018-12-12T09:31:44,39.0,168.3,222.4,6.7,2220.0,249.3
2018-12-12T09:32:15,39.1,165.4,216.5,6.6,2240.0,248.3
2018-12-12T09:32:46,39.1,187.8,209.4,5.9,2260.0,247.3
2018-12-12T09:33:17,39.0,183.1,220.0,1.7,2270.0,244.4
2018-12-12T09:33:48,39.1,203.7,198.1,3.2,2280.0,246.4
2018-12-12T09:34:19,39.2,187.2,196.4,3.8,2300.0,245.4
2018-12-12T09:34:50,39.2,165.4,216.5,2.7,2310.0,244.4
2018-12-12T09:35:21,39.3,165.4,199.9,6.8,2320.0,248.3
2018-12-12T09:35:52,39.3,159.4,219.4,6.4,2340.0,247.3
2018-12-12T09:36:24,39.4,176.0,239.0,4.4,2350.0,246.4
2018-12-12T09:36:55,39.4,164.2,219.4,2.2,2360.0,244.4
2018-12-12T09:37:26,39.5,173.0,217.1,2.1,2370.0,244.4
2018-12-12T09:37:57,39.5,167.1,218.3,2.1,2380.0,243.5
2018-12-12T09:38:28,39.5,152.4,235.4,2.3,2380.0,242.5
2018-12-12T09:38:59,39.5,124.0,247.8,3.9,2390.0,245.4
2018-12-12T09:39:30,39.5,140.0,227.7,2.0,2400.0,244.4
2018-12-12T09:40:01,39.5,159.4,209.4,1.9,2410.0,243.5
2018-12-12T09:40:32,39.5,163.0,237.2,3.0,2420.0,244.4
2018-12-12T09:41:04,39.5,158.3,221.8,7.0,2430.0,247.3
2018-12-12T09:41:35,39.5,171.9,217.1,6.7,2460.0,248.3
2018-12-12T09:42:06,39.7,168.9,212.9,6.7,2480.0,249.3
2018-12-12T09:42:37,39.7,167.1,215.3,6.6,2500.0,247.3
2018-12-12T09:43:08,39.7,168.3,217.1,6.5,2520.0,248.3
2018-12-12T09:43:39,39.8,180.1,212.9,6.1,2540.0,248.3
2018-12-12T09:44:10,39.9,176.6,211.7,6.2,2560.0,246.4
2018-12-12T09:44:41,39.9,180.7,211.2,6.2,2580.0,247.3
2018-12-12T09:45:12,40.0,174.8,216.5,6.3,2600.0,248.3
2018-12-12T09:45:43,40.0,182.5,219.4,5.9,2620.0,247.3
2018-12-12T09:46:15,40.1,177.2,219.4,6.3,2640.0,246.4
2018-12-12T09:46:46,40.1,178.9,210.6,6.1,2660.0,246.4
2018-12-12T09:47:17,40.2,183.1,216.5,5.6,2680.0,247.3
2018-12-12T09:47:48,40.2,182.5,216.5,5.9,2700.0,247.3
2018-12-12T09:48:19,40.4,180.1,217.1,6.1,2720.0,248.3
2018-12-12T09:48:50,40.4,180.1,219.4,6.2,2740.0,247.3
2018-12-12T09:49:21,40.5,176.0,218.3,2.1,2750.0,245.4
2018-12-12T09:49:52,40.5,177.2,216.5,5.0,2770.0,246.4
2018-12-12T09:50:23,40.5,181.3,223.0,1.3,2770.0,245.4
2018-12-12T09:50:54,40.5,209.1,244.9,1.6,2780.0,246.4
2018-12-12T09:51:26,40.6,182.5,210.0,5.6,2800.0,247.3
2018-12-12T09:51:57,40.6,166.5,215.9,7.0,2820.0,248.3
2018-12-12T09:52:28,40.6,163.6,211.2,7.2,2840.0,248.3
2018-12-12T09:52:59,40.5,158.9,221.2,7.3,2860.0,248.3
2018-12-12T09:53:30,40.6,163.6,216.5,6.2,2890.0,246.4
2018-12-12T09:54:01,40.6,181.3,214.1,6.0,2910.0,248.3
2018-12-12T09:54:32,40.7,163.6,201.7,4.2,2930.0,242.5
2018-12-12T09:55:03,40.7,177.8,186.3,3.5,2940.0,242.5
2018-12-12T09:55:34,40.7,177.2,197.0,1.7,2940.0,242.5
2018-12-12T09:56:06,40.7,180.1,225.4,1.9,2950.0,242.5
2018-12-12T09:56:37,40.7,170.7,230.7,2.0,2960.0,243.5
2018-12-12T09:57:08,40.7,186.0,194.6,6.6,2970.0,247.3
2018-12-12T09:57:39,40.7,174.2,221.2,7.1,2990.0,246.4
2018-12-12T09:58:10,40.7,168.3,220.6,1.6,3000.0,243.5
2018-12-12T09:58:41,40.7,164.2,217.1,1.4,3010.0,242.5
2018-12-12T09:59:12,40.7,142.9,204.1,1.8,3010.0,242.5
2018-12-12T09:59:43,40.7,130.5,222.4,2.0,3020.0,242.5
2018-12-12T10:00:14,40.7,161.2,211.2,1.9,3020.0,243.5
2018-12-12T10:00:45,40.7,190.8,202.3,2.0,3030.0,245.4
2018-12-12T10:01:17,40.7,161.2,234.2,7.9,3040.0,248.3
2018-12-12T10:01:48,40.7,166.5,209.4,7.9,3070.0,248.3
2018-12-12T10:02:19,40.8,173.6,224.2,7.3,3090.0,246.4
2018-12-12T10:02:50,40.8,161.2,217.1,6.5,3110.0,246.4
2018-12-12T10:03:21,40.9,153.5,225.9,2.1,3130.0,242.5
2018-12-12T10:03:52,40.8,153.5,206.4,2.2,3130.0,242.5
2018-12-12T10:04:23,40.9,125.2,177.4,3.7,3140.0,243.5
2018-12-12T10:04:54,40.9,142.9,197.0,3.2,3150.0,242.5
2018-12-12T10:05:25,40.9,158.9,218.3,2.9,3160.0,243.5
2018-12-12T10:05:56,40.9,168.3,218.8,5.2,3170.0,246.4
2018-12-12T10:06:28,40.9,162.4,219.4,8.4,3190.0,248.3
2018-12-12T10:06:59,40.9,166.5,215.3,8.2,3220.0,248.3
2018-12-12T10:07:30,40.9,164.2,212.3,8.1,3240.0,248.3
2018-12-12T10:08:01,41.0,165.4,214.1,7.9,3270.0,246.4
2018-12-12T10:08:32,41.2,165.9,218.8,7.9,3290.0,248.3
2018-12-12T10:09:03,41.2,165.4,214.7,7.9,3320.0,248.3
2018-12-12T10:09:34,41.2,165.4,212.9,7.8,3340.0,247.3
2018-12-12T10:10:05,41.2,164.2,205.2,7.8,3360.0,247.3
2018-12-12T10:10:36,41.3,161.2,206.4,7.7,3390.0,248.3
2018-12-12T10:11:08,41.4,162.4,210.0,7.5,3410.0,247.3
2018-12-12T10:11:39,41.4,155.3,203.5,7.8,3430.0,248.3
2018-12-12T10:12:10,41.5,157.7,208.2,7.2,3450.0,248.3
2018-12-12T10:12:41,41.6,159.4,204.6,4.7,3470.0,244.4
2018-12-12T10:13:12,41.7,154.7,200.5,7.8,3490.0,247.3
2018-12-12T10:13:43,41.9,159.4,195.8,7.4,3520.0,248.3
2018-12-12T10:14:14,42.0,160.0,214.1,7.2,3540.0,247.3
2018-12-12T10:14:45,42.0,172.4,212.9,6.4,3560.0,246.4
2018-12-12T10:15:16,42.1,158.3,199.3,4.7,3580.0,245.4
2018-12-12T10:15:47,42.2,161.2,211.7,7.4,3600.0,247.3
2018-12-12T10:16:19,42.3,161.2,205.8,7.6,3620.0,247.3
2018-12-12T10:16:50,42.3,161.8,205.2,7.4,3650.0,246.4
2018-12-12T10:17:21,42.3,155.9,211.2,7.2,3670.0,242.5
2018-12-12T10:17:52,42.4,155.3,206.4,2.0,3680.0,241.5
2018-12-12T10:18:23,42.3,155.9,212.9,1.7,3690.0,242.5
2018-12-12T10:18:54,42.3,154.1,208.2,1.9,3690.0,242.5
2018-12-12T10:19:25,42.3,152.4,205.8,1.9,3700.0,244.4
2018-12-12T10:19:56,42.3,160.6,222.4,1.8,3700.0,243.5
2018-12-12T10:20:27,42.2,154.7,222.4,3.2,3710.0,245.4
2018-12-12T10:20:58,42.2,158.9,228.9,2.8,3720.0,247.3
2018-12-12T10:21:30,42.2,154.1,219.4,8.4,3740.0,249.3
2018-12-12T10:22:01,42.2,136.4,198.1,5.1,3760.0,248.3
2018-12-12T10:22:32,42.3,111.0,193.4,5.9,3780.0,248.3
2018-12-12T10:23:03,42.3,144.1,205.2,8.3,3800.0,250.2
2018-12-12T10:23:34,42.3,163.0,208.8,7.7,3820.0,251.2
2018-12-12T10:24:05,42.3,159.4,212.9,7.7,3840.0,250.2
2018-12-12T10:24:36,42.4,152.4,210.0,7.6,3870.0,249.3
2018-12-12T10:25:07,42.4,149.4,205.2,7.7,3890.0,248.3
2018-12-12T10:25:39,42.5,147.0,205.2,7.9,3910.0,249.3
2018-12-12T10:26:10,42.5,163.0,207.0,7.3,3930.0,248.3
2018-12-12T10:26:41,42.7,163.0,210.0,7.5,3960.0,250.2
2018-12-12T10:27:12,42.7,151.8,211.2,7.9,3980.0,250.2
2018-12-12T10:27:43,42.8,160.6,209.4,7.3,4000.0,249.3
2018-12-12T10:28:14,42.9,157.7,207.0,7.2,4020.0,249.3
2018-12-12T10:28:45,42.9,163.6,204.6,1.7,4040.0,244.4
2018-12-12T10:29:16,42.9,163.0,204.6,1.3,4040.0,244.4
2018-12-12T10:29:47,42.9,165.9,206.4,1.3,4050.0,244.4
2018-12-12T10:30:18,42.9,176.0,211.2,1.2,4050.0,242.5
2018-12-12T10:30:50,42.8,142.9,182.2,2.3,4060.0,244.4
2018-12-12T10:31:21,42.8,141.7,179.8,1.6,4060.0,243.5
2018-12-12T10:31:52,42.8,152.9,209.4,1.6,4070.0,243.5
2018-12-12T10:32:23,42.7,170.7,216.5,1.4,4070.0,244.4
2018-12-12T10:32:54,42.7,183.1,194.6,1.4,4080.0,243.5
2018-12-12T10:33:25,42.5,178.3,222.4,1.5,4080.0,245.4
2018-12-12T10:33:56,42.5,159.4,232.4,7.5,4100.0,249.3
2018-12-12T10:34:27,42.4,167.1,215.3,8.1,4120.0,251.2
2018-12-12T10:34:58,42.5,154.1,225.9,2.7,4140.0,246.4
2018-12-12T10:35:29,42.5,163.0,226.5,5.2,4150.0,248.3
2018-12-12T10:36:01,42.5,160.0,222.4,7.4,4170.0,248.3
2018-12-12T10:36:32,42.5,160.6,231.3,3.2,4190.0,245.4
2018-12-12T10:37:03,42.5,165.4,206.4,4.0,4200.0,246.4
2018-12-12T10:37:34,42.5,152.4,208.2,3.3,4220.0,245.4
2018-12-12T10:38:05,42.5,168.3,219.4,3.7,4230.0,247.3
2018-12-12T10:38:36,42.5,168.3,224.8,3.3,4250.0,244.4
2018-12-12T10:39:07,42.4,149.4,207.0,2.9,4260.0,244.4
2018-12-12T10:39:38,42.5,158.9,216.5,2.3,4260.0,244.4
2018-12-12T10:40:09,42.4,165.4,215.3,2.1,4270.0,244.4
2018-12-12T10:40:40,42.4,158.3,227.1,2.4,4280.0,244.4
2018-12-12T10:41:12,42.4,151.8,202.3,2.5,4290.0,244.4
2018-12-12T10:41:43,42.3,165.9,217.7,2.5,4300.0,244.4
2018-12-12T10:42:14,42.3,158.9,228.9,2.4,4300.0,243.5
2018-12-12T10:42:45,42.3,162.4,222.4,2.1,4310.0,243.5
2018-12-12T10:43:16,42.2,160.0,222.4,1.9,4320.0,243.5
2018-12-12T10:43:47,42.2,164.2,215.3,1.9,4330.0,243.5
2018-12-12T10:44:18,42.1,161.2,224.2,1.9,4330.0,243.5
2018-12-12T10:44:49,42.1,159.4,222.4,2.0,4340.0,243.5
2018-12-12T10:45:20,42.1,155.3,215.9,2.0,4350.0,243.5
2018-12-12T10:45:51,42.1,174.2,221.2,1.8,4350.0,243.5
2018-12-12T10:46:23,42.1,188.4,244.3,2.1,4360.0,242.5
2018-12-12T10:46:54,42.1,168.9,223.6,2.7,4380.0,245.4
2018-12-12T10:47:25,42.1,162.4,220.0,2.1,4390.0,243.5
2018-12-12T10:47:56,42.1,167.1,223.0,2.0,4390.0,243.5
2018-12-12T10:48:27,42.1,165.9,220.0,1.8,4400.0,242.5
2018-12-12T10:48:58,42.1,161.2,222.4,1.9,4410.0,243.5
2018-12-12T10:49:29,42.1,158.9,223.0,1.9,4420.0,243.5
2018-12-12T10:50:00,42.0,154.7,229.5,1.9,4420.0,243.5
2018-12-12T10:50:31,42.0,180.1,210.0,1.8,4430.0,244.4
2018-12-12T10:51:03,42.0,181.9,187.5,2.0,4440.0,244.4
2018-12-12T10:51:34,42.0,199.0,167.4,3.2,4450.0,245.4
2018-12-12T10:52:05,42.0,211.4,192.8,2.7,4460.0,248.3
2018-12-12T10:52:36,42.1,209.1,215.3,2.3,4480.0,247.3
2018-12-12T10:53:07,42.1,190.2,234.8,3.6,4500.0,246.4
2018-12-12T10:53:38,42.1,183.1,224.2,2.7,4510.0,245.4
2018-12-12T10:54:09,42.1,183.1,199.3,3.1,4520.0,246.4
2018-12-12T10:54:40,42.1,184.3,225.4,4.8,4540.0,248.3
2018-12-12T10:55:11,42.2,167.7,211.2,8.6,4570.0,247.3
2018-12-12T10:55:42,42.2,168.3,218.8,7.1,4590.0,246.4
2018-12-12T10:56:14,42.2,155.3,213.5,7.6,4620.0,249.3
2018-12-12T10:56:45,42.3,157.7,207.6,5.9,4640.0,249.3
2018-12-12T10:57:16,42.4,142.3,209.4,8.4,4660.0,248.3
2018-12-12T10:57:47,42.4,140.5,207.0,8.4,4690.0,247.3
2018-12-12T10:58:18,42.5,143.5,202.3,8.6,4710.0,248.3
2018-12-12T10:58:49,42.7,142.3,209.4,8.1,4740.0,247.3
2018-12-12T10:59:20,42.7,135.8,204.6,8.5,4760.0,247.3
2018-12-12T10:59:51,42.8,135.2,207.0,8.5,4780.0,248.3
2018-12-12T11:00:22,42.9,135.2,200.5,8.5,4810.0,246.4
2018-12-12T11:00:54,42.9,139.4,199.3,8.3,4830.0,247.3
2018-12-12T11:01:26,43.0,141.7,188.1,7.8,4850.0,246.4
2018-12-12T11:01:57,43.0,137.0,189.3,8.4,4870.0,247.3
2018-12-12T11:02:28,43.1,137.6,212.3,8.5,4890.0,248.3
2018-12-12T11:02:59,43.1,137.6,205.8,8.7,4920.0,247.3
2018-12-12T11:03:30,43.2,132.9,201.1,2.5,4940.0,243.5
2018-12-12T11:04:01,43.2,143.5,181.6,3.8,4940.0,244.4
2018-12-12T11:04:32,43.2,137.6,191.0,9.3,4960.0,246.4
2018-12-12T11:05:03,43.2,141.7,210.6,7.5,4980.0,246.4
2018-12-12T11:05:34,43.4,148.8,203.5,7.9,5010.0,245.4
2018-12-12T11:06:06,43.4,140.0,202.9,5.8,5020.0,246.4
2018-12-12T11:06:37,43.4,149.4,208.8,5.8,5040.0,246.4
2018-12-12T11:07:08,43.4,154.7,218.3,2.2,5060.0,242.5
2018-12-12T11:07:39,43.4,154.7,211.7,2.0,5070.0,242.5
2018-12-12T11:08:10,43.4,158.9,215.9,1.8,5070.0,242.5
2018-12-12T11:08:41,43.2,151.8,212.3,1.8,5080.0,244.4
2018-12-12T11:09:12,43.2,144.1,183.3,2.8,5090.0,245.4
2018-12-12T11:09:43,43.1,121.6,204.6,3.8,5100.0,246.4
2018-12-12T11:10:14,43.1,118.7,223.6,8.1,5120.0,249.3
2018-12-12T11:10:45,43.1,145.9,214.7,8.0,5140.0,250.2
2018-12-12T11:11:17,43.1,139.4,208.2,8.6,5160.0,249.3
2018-12-12T11:11:48,43.2,145.3,207.6,8.2,5190.0,249.3
2018-12-12T11:12:19,43.2,144.1,214.1,7.8,5210.0,249.3
2018-12-12T11:12:50,43.4,137.0,207.0,8.4,5230.0,249.3
2018-12-12T11:13:21,43.4,135.2,207.6,8.5,5260.0,250.2
2018-12-12T11:13:52,43.4,140.5,209.4,8.1,5280.0,249.3
2018-12-12T11:14:23,43.5,140.0,207.6,8.2,5300.0,249.3
2018-12-12T11:14:54,43.5,140.0,211.7,8.3,5320.0,249.3
2018-12-12T11:15:25,43.5,142.3,210.0,7.7,5350.0,250.2
2018-12-12T11:15:56,43.5,162.4,200.5,7.6,5370.0,250.2
2018-12-12T11:16:28,43.5,153.5,208.8,7.9,5390.0,250.2
2018-12-12T11:16:59,43.5,132.3,213.5,9.1,5410.0,250.2
2018-12-12T11:17:30,43.5,138.8,208.2,8.6,5440.0,250.2
2018-12-12T11:18:01,43.6,141.1,207.6,8.5,5460.0,250.2
2018-12-12T11:18:32,43.6,142.9,202.3,8.2,5480.0,250.2
2018-12-12T11:19:03,43.7,134.6,204.1,8.9,5510.0,249.3
2018-12-12T11:19:34,43.7,133.5,206.4,9.3,5530.0,248.3
2018-12-12T11:20:05,43.8,131.7,210.6,9.1,5560.0,249.3
2018-12-12T11:20:37,43.8,137.6,191.0,9.1,5580.0,249.3
2018-12-12T11:21:08,43.8,137.6,182.2,2.4,5600.0,244.4
2018-12-12T11:21:39,43.8,147.0,207.6,2.4,5600.0,244.4
2018-12-12T11:22:10,43.8,149.4,228.3,5.7,5610.0,246.4
2018-12-12T11:22:41,43.9,151.2,224.8,5.7,5630.0,247.3
2018-12-12T11:23:12,43.8,135.2,199.9,3.0,5640.0,245.4
2018-12-12T11:23:43,43.8,116.3,204.6,4.2,5660.0,245.4
2018-12-12T11:24:14,43.8,125.8,208.2,2.3,5670.0,244.4
2018-12-12T11:24:45,43.8,140.0,224.2,2.4,5670.0,244.4
2018-12-12T11:25:16,43.7,151.8,216.5,2.3,5680.0,247.3
2018-12-12T11:25:48,43.7,163.6,199.3,5.4,5690.0,249.3
2018-12-12T11:26:19,43.7,142.9,212.9,8.8,5720.0,248.3
2018-12-12T11:26:50,43.7,146.4,211.2,8.3,5740.0,249.3
2018-12-12T11:27:21,43.8,135.2,213.5,9.1,5770.0,249.3
2018-12-12T11:27:52,43.8,140.0,204.6,8.7,5790.0,249.3
2018-12-12T11:28:23,43.9,140.0,211.2,8.6,5810.0,249.3
2018-12-12T11:28:54,43.9,134.6,208.2,8.4,5840.0,249.3
2018-12-12T11:29:25,44.0,135.8,209.4,5.3,5850.0,248.3
2018-12-12T11:29:56,44.0,139.4,204.1,8.4,5870.0,249.3
2018-12-12T11:30:27,44.0,140.5,210.6,8.2,5900.0,247.3
2018-12-12T11:30:59,44.2,139.4,205.8,8.2,5920.0,248.3
2018-12-12T11:31:30,44.2,138.8,208.2,8.2,5940.0,249.3
2018-12-12T11:32:01,44.2,141.7,210.6,8.0,5970.0,249.3
2018-12-12T11:32:32,44.3,140.5,206.4,8.0,5990.0,250.2
2018-12-12T11:33:03,44.3,137.6,205.8,8.4,6010.0,250.2
2018-12-12T11:33:34,44.3,140.5,205.8,8.2,6030.0,249.3
2018-12-12T11:34:05,44.3,135.8,205.2,1.9,6050.0,244.4
2018-12-12T11:34:36,44.3,138.8,199.3,3.7,6060.0,246.4
2018-12-12T11:35:07,44.3,131.7,192.8,9.0,6080.0,248.3
2018-12-12T11:35:39,44.3,142.3,182.2,6.3,6100.0,248.3
2018-12-12T11:36:10,44.3,146.4,207.0,7.9,6120.0,250.2
2018-12-12T11:36:41,44.3,135.2,208.8,8.5,6140.0,250.2
2018-12-12T11:37:12,44.3,140.0,204.6,8.2,6160.0,250.2
2018-12-12T11:37:43,44.3,132.9,202.3,8.5,6180.0,250.2
2018-12-12T11:38:14,44.4,134.6,205.8,8.5,6210.0,250.2
2018-12-12T11:38:45,44.4,138.2,206.4,8.3,6230.0,250.2
2018-12-12T11:39:16,44.4,135.2,210.0,8.8,6250.0,249.3
2018-12-12T11:39:47,44.5,144.7,211.7,3.3,6270.0,248.3
2018-12-12T11:40:18,44.4,151.8,194.0,5.5,6280.0,248.3
2018-12-12T11:40:50,44.5,142.3,201.7,3.8,6300.0,247.3
2018-12-12T11:41:21,44.5,134.0,204.1,9.3,6310.0,249.3
2018-12-12T11:41:52,44.4,144.1,219.4,8.8,6330.0,249.3
2018-12-12T11:42:23,44.3,165.9,233.0,7.2,6350.0,249.3
2018-12-12T11:42:54,44.3,154.1,208.2,7.3,6370.0,249.3
2018-12-12T11:43:25,44.4,142.9,212.9,8.3,6390.0,250.2
2018-12-12T11:43:56,44.4,139.4,211.7,8.7,6420.0,250.2
2018-12-12T11:44:27,44.4,134.6,210.0,9.0,6440.0,250.2
2018-12-12T11:44:58,44.4,140.0,205.8,8.7,6470.0,249.3
2018-12-12T11:45:29,44.4,147.0,216.5,7.4,6490.0,249.3
2018-12-12T11:46:01,44.5,134.6,207.6,8.9,6510.0,249.3
2018-12-12T11:46:32,44.5,132.3,209.4,8.9,6530.0,249.3
2018-12-12T11:47:03,44.6,131.7,210.0,9.0,6560.0,250.2
2018-12-12T11:47:34,44.6,142.9,218.3,2.1,6570.0,248.3
2018-12-12T11:48:05,44.6,148.2,189.9,6.6,6590.0,249.3
2018-12-12T11:48:36,44.6,139.4,205.8,7.6,6610.0,249.3
2018-12-12T11:49:07,44.6,134.0,209.4,8.9,6630.0,250.2
2018-12-12T11:49:38,44.7,140.0,208.2,8.4,6660.0,250.2
2018-12-12T11:50:09,44.7,146.4,201.7,6.9,6680.0,249.3
2018-12-12T11:50:40,44.9,142.3,181.6,8.8,6700.0,248.3
2018-12-12T11:51:12,44.9,147.0,207.0,8.3,6720.0,251.2
2018-12-12T11:51:43,44.9,140.0,199.9,8.7,6740.0,249.3
2018-12-12T11:52:14,44.9,136.4,211.7,9.2,6770.0,249.3
2018-12-12T11:52:45,44.9,127.5,201.1,9.2,6790.0,250.2
2018-12-12T11:53:16,45.0,121.6,200.5,9.5,6820.0,249.3
2018-12-12T11:53:47,45.0,128.1,197.0,8.1,6840.0,247.3
2018-12-12T11:54:18,45.0,122.8,190.4,8.4,6870.0,249.3
2018-12-12T11:54:49,45.1,127.0,205.2,9.2,6890.0,249.3
2018-12-12T11:55:20,45.1,122.2,198.7,9.4,6910.0,249.3
2018-12-12T11:55:51,45.1,129.9,205.2,8.7,6940.0,249.3
2018-12-12T11:56:23,45.1,123.4,208.2,9.3,6960.0,249.3
2018-12-12T11:56:54,45.2,121.0,198.7,8.9,6990.0,249.3
2018-12-12T11:57:25,45.2,123.4,188.7,9.4,7010.0,249.3
2018-12-12T11:57:56,45.2,116.9,198.7,7.0,7030.0,247.3
2018-12-12T11:58:27,45.3,120.5,193.4,2.3,7040.0,244.4
2018-12-12T11:58:58,45.3,131.1,203.5,2.0,7050.0,243.5
2018-12-12T11:59:29,45.3,147.0,211.7,1.9,7060.0,243.5
2018-12-12T12:00:00,45.2,171.3,189.9,1.5,7060.0,242.5
2018-12-12T12:00:31,45.2,195.5,217.1,1.4,7070.0,243.5
2018-12-12T12:01:03,45.2,225.6,187.5,2.0,7080.0,247.3
2018-12-12T12:01:34,45.1,231.5,201.7,2.0,7100.0,247.3
2018-12-12T12:02:05,45.1,226.8,198.1,2.0,7120.0,248.3
2018-12-12T12:02:36,45.1,225.0,209.4,2.0,7140.0,249.3
2018-12-12T12:03:07,45.1,208.5,202.9,2.4,7160.0,247.3
2018-12-12T12:03:38,45.1,198.4,202.3,2.6,7180.0,250.2
2018-12-12T12:04:09,45.1,191.3,205.2,2.8,7200.0,248.3
2018-12-12T12:04:40,45.1,199.0,200.5,2.5,7220.0,248.3
2018-12-12T12:05:11,45.1,196.1,198.7,2.4,7240.0,248.3
2018-12-12T12:05:42,45.1,198.4,202.3,2.7,7260.0,249.3
2018-12-12T12:06:14,45.1,191.9,186.9,2.5,7270.0,248.3
2018-12-12T12:06:45,45.1,204.3,204.6,2.3,7290.0,247.3
2018-12-12T12:07:16,45.0,210.2,216.5,2.3,7310.0,247.3
2018-12-12T12:07:47,45.0,206.7,202.9,2.5,7330.0,248.3
2018-12-12T12:08:18,45.1,198.4,198.7,2.8,7350.0,248.3
2018-12-12T12:08:49,45.0,197.3,202.3,1.7,7360.0,244.4
2018-12-12T12:09:20,45.1,195.5,201.7,1.6,7370.0,244.4
2018-12-12T12:09:51,45.0,202.0,204.6,1.5,7380.0,244.4
2018-12-12T12:10:22,45.0,189.0,220.0,1.5,7380.0,244.4
2018-12-12T12:10:54,44.9,206.1,202.3,1.6,7390.0,246.4
2018-12-12T12:11:25,44.9,215.6,201.1,2.0,7410.0,247.3
2018-12-12T12:11:56,44.9,216.2,211.2,1.3,7430.0,246.4
2018-12-12T12:12:27,44.7,205.5,185.1,1.9,7440.0,248.3
2018-12-12T12:12:58,44.7,206.7,195.2,1.9,7460.0,248.3
2018-12-12T12:13:29,44.7,206.1,188.7,1.7,7480.0,247.3
2018-12-12T12:14:00,44.7,199.0,199.9,1.8,7490.0,247.3
2018-12-12T12:14:31,44.7,203.7,196.4,1.6,7510.0,247.3
2018-12-12T12:15:02,44.7,199.0,202.3,1.8,7530.0,247.3
2018-12-12T12:15:34,44.7,195.5,210.6,1.6,7550.0,247.3
2018-12-12T12:16:05,44.7,199.0,202.9,1.8,7560.0,247.3
2018-12-12T12:16:36,44.7,189.0,200.5,1.9,7580.0,246.4
2018-12-12T12:17:07,44.7,177.2,173.3,1.4,7590.0,243.5
2018-12-12T12:17:38,44.7,194.3,195.2,1.2,7600.0,243.5
2018-12-12T12:18:09,44.6,191.3,208.8,1.2,7610.0,243.5
2018-12-12T12:18:40,44.6,200.2,211.7,1.1,7610.0,242.5
2018-12-12T12:19:11,44.5,190.8,205.2,1.1,7620.0,240.6
2018-12-12T12:19:42,44.4,203.7,199.3,1.0,7620.0,241.5
2018-12-12T12:20:13,44.4,207.9,236.6,1.5,7630.0,244.4
2018-12-12T12:20:45,44.4,216.7,204.1,1.6,7650.0,244.4
2018-12-12T12:21:16,44.4,204.3,201.7,1.6,7660.0,246.4
2018-12-12T12:21:47,44.4,189.0,204.6,1.4,7680.0,245.4
2018-12-12T12:22:18,44.4,164.8,188.1,2.0,7690.0,244.4
2018-12-12T12:22:49,44.4,156.5,205.8,1.3,7700.0,242.5
2018-12-12T12:23:20,44.4,147.6,212.3,1.9,7710.0,243.5
2018-12-12T12:23:51,44.3,127.5,189.9,2.5,7710.0,242.5
2018-12-12T12:24:22,44.3,134.0,183.3,2.1,7720.0,244.4
2018-12-12T12:24:53,44.3,132.9,212.3,2.9,7730.0,246.4
2018-12-12T12:25:24,44.3,129.3,206.4,5.5,7750.0,248.3
2018-12-12T12:25:56,44.3,124.0,206.4,4.7,7770.0,248.3
2018-12-12T12:26:27,44.3,118.1,211.7,5.5,7790.0,248.3
2018-12-12T12:26:58,44.3,111.6,209.4,4.3,7810.0,248.3
2018-12-12T12:27:29,44.3,103.9,222.4,2.6,7820.0,246.4
2018-12-12T12:28:00,44.3,103.3,214.1,7.5,7830.0,249.3
2018-12-12T12:28:31,44.3,102.1,208.8,7.0,7850.0,247.3
2018-12-12T12:29:02,44.3,109.2,208.8,5.5,7880.0,248.3
2018-12-12T12:29:33,44.3,104.5,204.1,7.4,7890.0,249.3
2018-12-12T12:30:04,44.3,104.5,205.8,5.9,7910.0,249.3
2018-12-12T12:30:36,44.3,108.6,206.4,5.5,7940.0,248.3
2018-12-12T12:31:07,44.4,108.1,202.9,5.3,7960.0,249.3
2018-12-12T12:31:38,44.4,103.3,203.5,4.2,7980.0,248.3
2018-12-12T12:32:09,44.4,105.1,209.4,6.3,7990.0,248.3
2018-12-12T12:32:40,44.5,105.1,200.5,6.3,8010.0,248.3
2018-12-12T12:33:11,44.5,102.7,201.1,5.1,8030.0,249.3
2018-12-12T12:33:42,44.6,111.0,198.1,4.0,8050.0,249.3
2018-12-12T12:34:13,44.6,104.5,199.3,5.0,8070.0,250.2
2018-12-12T12:34:44,44.6,103.9,203.5,5.2,8090.0,250.2
2018-12-12T12:35:15,44.6,108.6,204.1,4.8,8110.0,248.3
2018-12-12T12:35:47,44.6,104.5,204.1,4.5,8130.0,249.3
2018-12-12T12:36:18,44.6,103.9,204.1,5.0,8140.0,249.3
2018-12-12T12:36:49,44.7,106.9,199.3,5.3,8160.0,248.3
2018-12-12T12:37:20,44.7,101.6,204.1,4.1,8180.0,248.3
2018-12-12T12:37:51,44.7,105.7,206.4,5.6,8200.0,248.3
2018-12-12T12:38:22,44.7,103.9,206.4,4.4,8220.0,247.3
2018-12-12T12:38:53,44.7,104.5,205.2,3.5,8230.0,248.3
2018-12-12T12:39:24,44.7,114.0,199.9,2.7,8250.0,249.3
2018-12-12T12:39:55,44.7,112.2,197.5,3.0,8270.0,249.3
2018-12-12T12:40:26,44.9,116.3,201.1,2.4,8280.0,249.3
2018-12-12T12:40:58,44.9,110.4,204.1,3.2,8300.0,250.2
2018-12-12T12:41:29,44.9,110.4,198.1,3.9,8320.0,249.3
2018-12-12T12:42:00,44.7,104.5,200.5,4.8,8330.0,247.3
2018-12-12T12:42:31,44.7,103.3,195.8,5.3,8350.0,249.3
2018-12-12T12:43:02,44.7,104.5,204.1,4.1,8370.0,248.3
2018-12-12T12:43:33,44.7,108.1,206.4,2.8,8380.0,248.3
2018-12-12T12:44:04,44.7,106.9,208.8,3.9,8400.0,247.3
2018-12-12T12:44:35,44.7,115.1,207.6,2.2,8410.0,247.3
2018-12-12T12:45:06,44.6,106.3,204.1,3.3,8430.0,248.3
2018-12-12T12:45:38,44.7,107.5,199.3,3.6,8450.0,248.3
2018-12-12T12:46:09,44.6,102.7,207.0,4.0,8460.0,250.2
2018-12-12T12:46:40,44.6,108.1,204.1,3.6,8480.0,249.3
2018-12-12T12:47:11,44.6,102.7,202.9,3.7,8500.0,249.3
2018-12-12T12:47:42,44.6,102.7,199.3,2.9,8510.0,249.3
2018-12-12T12:48:13,44.6,102.1,199.9,3.1,8530.0,250.2
2018-12-12T12:48:44,44.6,105.7,204.1,3.9,8540.0,250.2
2018-12-12T12:49:15,44.6,110.4,202.9,1.9,8560.0,250.2
2018-12-12T12:49:47,44.6,107.5,204.1,1.9,8580.0,250.2
2018-12-12T12:50:18,44.6,104.5,199.3,2.3,8590.0,250.2
2018-12-12T12:50:49,44.6,103.9,206.4,3.6,8610.0,251.2
2018-12-12T12:51:20,44.6,102.7,199.3,3.1,8620.0,250.2
2018-12-12T12:51:51,44.6,102.7,199.3,2.7,8640.0,250.2
2018-12-12T12:52:23,44.6,105.7,198.7,2.5,8660.0,249.3
2018-12-12T12:52:54,44.6,110.4,202.9,1.7,8670.0,248.3
2018-12-12T12:53:25,44.6,104.5,207.0,2.2,8690.0,248.3
2018-12-12T12:53:56,44.6,119.3,204.6,3.6,8700.0,249.3
2018-12-12T12:54:27,44.6,109.8,206.4,1.9,8720.0,249.3
2018-12-12T12:54:58,44.6,109.2,208.8,2.5,8730.0,249.3
2018-12-12T12:55:29,44.6,113.4,205.2,1.6,8750.0,250.2
2018-12-12T12:56:00,44.6,108.1,198.1,2.8,8760.0,250.2
2018-12-12T12:56:31,44.6,115.1,199.3,1.4,8780.0,250.2
2018-12-12T12:57:02,44.6,107.5,197.5,2.0,8790.0,252.2
2018-12-12T12:57:33,44.6,107.5,198.7,2.4,8810.0,250.2
2018-12-12T12:58:04,44.6,102.1,196.4,2.3,8820.0,250.2
2018-12-12T12:58:35,44.6,103.9,197.0,2.2,8840.0,250.2
2018-12-12T12:59:06,44.6,101.6,198.1,1.8,8850.0,250.2
2018-12-12T12:59:37,44.5,102.7,200.5,1.8,8870.0,250.2
2018-12-12T13:00:08,44.6,103.9,201.1,1.5,8880.0,250.2
2018-12-12T13:00:40,44.6,102.7,192.8,1.7,8900.0,250.2
2018-12-12T13:01:11,44.6,103.9,199.3,2.2,8910.0,249.3
2018-12-12T13:01:42,44.6,102.7,198.7,2.1,8930.0,250.2
2018-12-12T13:02:13,44.6,102.1,201.1,2.0,8940.0,249.3
2018-12-12T13:02:44,44.6,101.6,207.6,1.8,8960.0,250.2
2018-12-12T13:03:15,44.6,102.7,201.7,2.0,8970.0,249.3
2018-12-12T13:03:46,44.7,102.7,197.0,2.1,8990.0,249.3
2018-12-12T13:04:17,44.7,103.3,197.0,1.9,9000.0,248.3
2018-12-12T13:04:48,44.7,109.8,192.2,1.6,9020.0,248.3
2018-12-12T13:05:19,44.7,103.9,195.2,1.8,9040.0,248.3
2018-12-12T13:05:51,44.7,112.8,197.0,1.7,9050.0,249.3
2018-12-12T13:06:22,44.6,115.7,199.3,1.4,9070.0,249.3
2018-12-12T13:06:53,44.6,121.0,196.4,1.4,9080.0,249.3
2018-12-12T13:07:24,44.7,141.1,198.1,1.3,9100.0,249.3
2018-12-12T13:07:55,44.7,165.9,197.0,1.1,9110.0,248.3
2018-12-12T13:08:26,44.7,183.1,200.5,1.2,9130.0,248.3
2018-12-12T13:08:57,44.7,199.0,195.8,1.1,9140.0,250.2
2018-12-12T13:09:28,44.6,196.7,201.1,1.2,9160.0,248.3
2018-12-12T13:09:59,44.6,189.0,201.7,1.2,9170.0,249.3
2018-12-12T13:10:30,44.6,194.3,204.1,1.2,9190.0,249.3
2018-12-12T13:11:02,44.6,190.8,201.7,1.2,9200.0,248.3
2018-12-12T13:11:33,44.6,180.1,200.5,1.2,9220.0,247.3
2018-12-12T13:12:04,44.6,173.0,198.7,1.2,9230.0,248.3
2018-12-12T13:12:35,44.6,180.7,204.6,1.0,9250.0,247.3
2018-12-12T13:13:06,44.6,186.6,203.5,1.0,9270.0,248.3
2018-12-12T13:13:37,44.6,193.7,192.2,0.9,9280.0,249.3
2018-12-12T13:14:08,44.6,200.8,204.1,0.8,9290.0,249.3
2018-12-12T13:14:39,44.6,205.5,199.3,0.9,9310.0,248.3
2018-12-12T13:15:10,44.5,215.0,200.5,0.7,9320.0,249.3
2018-12-12T13:15:41,44.5,220.3,197.5,0.7,9340.0,249.3
2018-12-12T13:16:13,44.5,222.7,198.1,0.8,9350.0,248.3
2018-12-12T13:16:44,44.5,209.1,202.3,0.7,9370.0,248.3
2018-12-12T13:17:15,44.5,197.3,201.7,0.9,9380.0,248.3
2018-12-12T13:17:46,44.5,199.6,200.5,0.9,9390.0,248.3
2018-12-12T13:18:17,44.5,182.5,207.0,0.9,9410.0,248.3
2018-12-12T13:18:48,44.5,187.2,204.6,0.9,9420.0,248.3
2018-12-12T13:19:19,44.5,210.2,195.2,0.9,9440.0,248.3
2018-12-12T13:19:50,44.5,204.3,205.2,0.9,9450.0,248.3
2018-12-12T13:20:21,44.4,202.0,198.7,0.9,9470.0,249.3
2018-12-12T13:20:52,44.5,220.3,204.1,0.9,9480.0,248.3
2018-12-12T13:21:24,44.4,209.7,202.3,0.9,9500.0,249.3
2018-12-12T13:21:55,44.4,215.6,199.3,0.7,9510.0,248.3
2018-12-12T13:22:26,44.4,211.4,200.5,0.9,9530.0,249.3
2018-12-12T13:22:57,44.4,214.4,200.5,0.9,9540.0,248.3
2018-12-12T13:23:28,44.4,223.2,198.7,0.6,9560.0,248.3
2018-12-12T13:23:59,44.4,206.1,204.1,0.8,9570.0,248.3
2018-12-12T13:24:30,44.4,217.3,199.3,0.9,9580.0,248.3
2018-12-12T13:25:01,44.4,218.5,199.9,0.8,9600.0,248.3
2018-12-12T13:25:32,44.3,217.9,199.3,0.9,9610.0,249.3
2018-12-12T13:26:04,44.3,222.7,199.3,0.8,9630.0,248.3
2018-12-12T13:26:35,44.3,216.7,198.7,0.9,9640.0,248.3
2018-12-12T13:27:06,44.3,221.5,204.6,0.8,9660.0,248.3
2018-12-12T13:27:37,44.3,216.2,203.5,0.8,9670.0,249.3
2018-12-12T13:28:08,44.3,216.2,204.1,0.9,9690.0,247.3
2018-12-12T13:28:39,44.2,210.8,202.9,0.9,9700.0,248.3
2018-12-12T13:29:10,44.2,197.3,201.7,0.9,9720.0,248.3
2018-12-12T13:29:41,44.3,201.4,193.4,0.9,9730.0,248.3
2018-12-12T13:30:12,44.3,192.5,205.2,1.0,9750.0,248.3
2018-12-12T13:30:43,44.2,207.9,203.5,0.9,9760.0,247.3
2018-12-12T13:31:15,44.2,217.9,203.5,0.8,9780.0,247.3
2018-12-12T13:31:46,0.0,0.0,0.0,0.0,0.0,0.0
2018-12-12T13:32:17,44.3,219.7,199.9,0.9,9810.0,247.3
2018-12-12T13:32:48,44.3,215.0,199.3,1.0,9820.0,245.4
2018-12-12T13:33:19,44.2,210.2,206.4,1.0,9840.0,244.4
2018-12-12T13:33:50,44.2,204.3,210.6,0.7,9850.0,240.6
2018-12-12T13:34:21,44.2,208.5,192.2,0.7,9850.0,241.5
2018-12-12T13:34:52,44.2,220.9,219.4,0.9,9860.0,244.4
2018-12-12T13:35:23,44.2,217.9,204.6,1.0,9870.0,246.4
2018-12-12T13:35:54,44.0,219.7,192.2,0.4,9890.0,241.5
2018-12-12T13:36:26,44.0,200.8,205.2,0.7,9890.0,240.6
2018-12-12T13:36:57,44.0,202.0,206.4,0.8,9900.0,241.5
2018-12-12T13:37:28,44.0,181.9,199.9,1.0,9910.0,244.4
2018-12-12T13:37:59,0.0,0.0,0.0,0.0,0.0,0.0
2018-12-12T13:38:30,43.9,163.6,210.6,1.1,9930.0,245.4
2018-12-12T13:39:01,43.9,168.3,204.1,1.2,9950.0,245.4
2018-12-12T13:39:32,43.8,157.7,207.0,1.2,9970.0,245.4
2018-12-12T13:40:03,43.8,178.3,207.0,1.2,9980.0,245.4
2018-12-12T13:40:34,43.8,166.5,208.8,1.2,10000.0,245.4
2018-12-12T13:41:06,43.8,169.5,202.9,1.0,10010.0,246.4
2018-12-12T13:41:37,43.8,171.3,205.8,0.8,10030.0,243.5
2018-12-12T13:42:08,43.8,178.3,218.3,0.7,10030.0,242.5
2018-12-12T13:42:39,43.8,172.4,190.4,1.1,10040.0,246.4
2018-12-12T13:43:10,43.7,173.6,211.7,0.9,10060.0,246.4
2018-12-12T13:43:41,43.7,175.4,208.8,0.9,10070.0,244.4
2018-12-12T13:44:12,43.6,177.2,208.2,0.6,10080.0,240.6
2018-12-12T13:44:43,43.6,180.7,215.9,0.6,10080.0,240.6
2018-12-12T13:45:14,43.5,196.7,216.5,0.5,10080.0,240.6
2018-12-12T13:45:45,43.4,205.5,215.9,0.6,10090.0,240.6
2018-12-12T13:46:17,43.4,187.2,182.2,0.7,10090.0,243.5
2018-12-12T13:46:48,0.0,0.0,0.0,0.0,0.0,0.0
2018-12-12T13:47:19,43.2,167.1,210.6,0.9,10110.0,247.3
2018-12-12T13:47:50,43.2,189.6,214.1,0.9,10130.0,246.4
2018-12-12T13:48:21,43.2,213.8,210.6,0.8,10140.0,247.3
2018-12-12T13:48:52,43.2,214.4,210.0,0.9,10160.0,247.3
2018-12-12T13:49:23,43.2,225.6,207.0,0.8,10170.0,246.4
2018-12-12T13:49:54,43.2,220.3,209.4,0.7,10190.0,245.4
2018-12-12T13:50:25,43.2,207.3,208.2,0.9,10210.0,246.4
2018-12-12T13:50:56,43.2,213.2,207.0,0.8,10220.0,245.4
2018-12-12T13:51:28,43.2,193.7,207.0,0.9,10240.0,248.3
2018-12-12T13:51:59,43.4,212.6,211.7,0.8,10250.0,248.3
2018-12-12T13:52:30,43.4,210.8,213.5,0.8,10270.0,248.3
2018-12-12T13:53:01,43.4,197.3,210.6,0.9,10280.0,248.3
2018-12-12T13:53:32,43.4,197.3,211.2,1.0,10300.0,247.3
2018-12-12T13:54:03,43.4,199.0,210.0,1.2,10310.0,246.4
2018-12-12T13:54:34,43.4,198.4,208.2,1.1,10330.0,247.3
2018-12-12T13:55:05,43.2,200.2,207.0,1.1,10340.0,246.4
2018-12-12T13:55:36,43.2,212.0,208.8,1.2,10360.0,246.4
2018-12-12T13:56:08,43.2,204.9,205.2,1.1,10370.0,245.4
2018-12-12T13:56:39,43.2,193.7,199.3,1.0,10390.0,247.3
2018-12-12T13:57:10,43.2,194.9,192.2,0.7,10400.0,244.4
2018-12-12T13:57:41,43.2,203.7,208.2,0.7,10410.0,242.5
2018-12-12T13:58:12,43.1,207.3,229.5,0.7,10410.0,246.4
2018-12-12T13:58:43,43.1,215.0,208.8,0.8,10430.0,246.4
2018-12-12T13:59:14,43.1,215.0,204.1,0.8,10440.0,246.4
2018-12-12T13:59:45,43.1,203.7,205.2,0.7,10460.0,246.4
2018-12-12T14:00:16,43.2,206.7,209.4,0.7,10470.0,246.4
2018-12-12T14:00:47,43.2,212.6,207.0,0.7,10490.0,246.4
2018-12-12T14:01:19,43.2,207.3,199.3,0.6,10500.0,247.3
2018-12-12T14:01:50,43.2,220.3,208.8,0.6,10520.0,248.3
2018-12-12T14:02:21,43.2,218.5,207.6,0.6,10530.0,248.3
2018-12-12T14:02:52,43.2,212.0,204.1,0.6,10540.0,248.3
2018-12-12T14:03:23,43.2,218.5,209.4,0.6,10560.0,249.3
2018-12-12T14:03:54,43.2,212.6,209.4,0.6,10570.0,246.4
2018-12-12T14:04:25,43.4,206.7,205.8,0.6,10590.0,246.4
2018-12-12T14:04:56,43.4,185.4,203.5,0.7,10600.0,244.4
2018-12-12T14:05:27,43.4,188.4,206.4,0.6,10610.0,246.4
2018-12-12T14:05:58,43.4,210.2,204.1,0.7,10630.0,245.4
2018-12-12T14:06:30,43.2,213.2,204.1,0.6,10640.0,246.4
2018-12-12T14:07:01,43.2,220.3,208.2,0.6,10660.0,245.4
2018-12-12T14:07:32,43.2,214.4,207.0,0.6,10670.0,246.4
2018-12-12T14:08:03,43.4,217.9,208.2,0.6,10680.0,245.4
2018-12-12T14:08:34,43.4,212.0,204.1,0.6,10700.0,246.4
2018-12-12T14:09:05,43.4,204.9,204.6,0.6,10710.0,245.4
2018-12-12T14:09:36,43.4,210.2,208.8,0.6,10720.0,247.3
2018-12-12T14:10:07,43.4,210.2,201.1,0.6,10740.0,245.4
2018-12-12T14:10:38,43.4,218.5,200.5,0.5,10750.0,247.3
2018-12-12T14:11:10,43.2,217.9,206.4,0.6,10770.0,245.4
2018-12-12T14:11:41,43.4,219.7,207.0,0.5,10780.0,246.4
2018-12-12T14:12:12,43.4,200.2,206.4,0.6,10790.0,245.4
2018-12-12T14:12:43,43.4,194.9,207.6,0.6,10810.0,246.4
2018-12-12T14:13:14,43.4,216.7,206.4,0.6,10820.0,249.3
2018-12-12T14:13:45,43.4,203.2,210.0,0.6,10830.0,248.3
2018-12-12T14:14:16,43.4,206.7,206.4,0.6,10850.0,249.3
2018-12-12T14:14:47,43.4,211.4,208.2,0.6,10860.0,249.3
2018-12-12T14:15:18,43.4,199.6,209.4,0.6,10870.0,249.3
2018-12-12T14:15:50,43.4,217.9,210.6,0.6,10890.0,248.3
2018-12-12T14:16:21,43.2,209.7,199.9,0.6,10900.0,249.3
2018-12-12T14:16:52,43.4,211.4,210.0,0.6,10910.0,249.3
2018-12-12T14:17:23,43.2,191.3,211.2,0.6,10930.0,248.3
2018-12-12T14:17:54,43.2,204.9,210.0,0.5,10940.0,248.3
2018-12-12T14:18:25,43.2,213.8,205.2,0.5,10950.0,250.2
2018-12-12T14:18:56,43.1,219.1,207.0,0.5,10970.0,248.3
2018-12-12T14:19:27,43.2,196.7,207.6,0.6,10980.0,248.3
2018-12-12T14:19:58,43.1,182.5,210.6,0.7,10990.0,248.3
2018-12-12T14:20:29,43.1,199.6,205.8,0.6,11010.0,248.3
2018-12-12T14:21:01,43.1,211.4,202.9,0.6,11020.0,247.3
2018-12-12T14:21:32,43.1,220.9,204.1,0.5,11030.0,247.3
2018-12-12T14:22:03,43.1,197.8,211.7,0.6,11050.0,248.3
2018-12-12T14:22:34,43.1,210.8,212.3,0.6,11060.0,246.4
2018-12-12T14:23:05,43.1,204.3,211.2,0.6,11070.0,248.3
2018-12-12T14:23:36,43.1,196.1,211.2,0.6,11090.0,248.3
2018-12-12T14:24:07,43.1,217.9,210.0,0.6,11100.0,248.3
2018-12-12T14:24:38,43.2,199.6,208.2,0.7,11110.0,247.3
2018-12-12T14:25:09,43.2,211.4,210.6,0.6,11130.0,247.3
2018-12-12T14:25:40,43.2,196.7,202.3,0.7,11140.0,249.3
2018-12-12T14:26:12,43.2,216.7,204.6,0.5,11150.0,247.3
2018-12-12T14:26:43,43.2,194.9,201.7,0.6,11170.0,247.3
2018-12-12T14:27:14,43.2,181.3,205.2,0.6,11180.0,247.3
2018-12-12T14:27:45,43.2,204.3,207.6,0.6,11190.0,248.3
2018-12-12T14:28:16,43.2,208.5,208.2,0.6,11210.0,248.3
2018-12-12T14:28:47,43.2,213.8,210.0,0.6,11220.0,247.3
2018-12-12T14:29:18,43.2,199.0,208.2,0.6,11230.0,248.3
2018-12-12T14:29:49,43.2,213.2,207.0,0.6,11250.0,246.4
2018-12-12T14:30:20,43.2,197.3,210.0,0.6,11260.0,247.3
2018-12-12T14:30:51,43.2,213.8,202.3,0.6,11270.0,246.4
2018-12-12T14:31:23,43.2,196.1,202.3,0.6,11290.0,247.3
2018-12-12T14:31:54,43.2,217.3,200.5,0.5,11300.0,248.3
2018-12-12T14:32:25,43.2,196.1,207.0,0.6,11310.0,247.3
2018-12-12T14:32:56,43.2,210.2,207.6,0.6,11330.0,248.3
2018-12-12T14:33:27,43.2,203.2,204.1,0.6,11340.0,248.3
2018-12-12T14:33:58,43.2,214.4,210.0,0.5,11350.0,247.3
2018-12-12T14:34:29,43.2,201.4,211.2,0.6,11360.0,248.3
2018-12-12T14:35:00,43.2,210.8,209.4,0.6,11380.0,247.3
2018-12-12T14:35:31,43.2,213.2,206.4,0.6,11390.0,247.3
2018-12-12T14:36:03,43.2,192.5,209.4,0.6,11400.0,248.3
2018-12-12T14:36:34,43.2,207.3,204.1,0.6,11420.0,248.3
2018-12-12T14:37:05,43.2,204.3,208.2,0.6,11430.0,248.3
2018-12-12T14:37:36,43.2,214.4,208.2,0.6,11440.0,248.3
2018-12-12T14:38:07,43.2,201.4,207.0,0.5,11450.0,247.3
2018-12-12T14:38:38,43.2,215.6,203.5,0.6,11470.0,248.3
2018-12-12T14:39:09,43.2,207.9,200.5,0.6,11480.0,247.3
2018-12-12T14:39:40,43.2,206.7,200.5,0.6,11490.0,247.3
2018-12-12T14:40:11,43.2,185.4,199.3,0.6,11500.0,247.3
2018-12-12T14:40:42,43.2,194.3,197.0,0.5,11520.0,246.4
2018-12-12T14:41:14,43.2,216.7,198.7,0.6,11530.0,248.3
2018-12-12T14:41:45,43.2,197.3,199.9,0.6,11540.0,247.3
2018-12-12T14:42:16,43.2,204.3,194.0,0.6,11550.0,247.3
2018-12-12T14:42:47,43.2,207.9,199.3,0.6,11560.0,247.3
2018-12-12T14:43:18,43.2,203.2,195.8,0.5,11580.0,247.3
2018-12-12T14:43:49,43.2,193.1,201.1,0.6,11590.0,247.3
2018-12-12T14:44:20,43.2,195.5,198.7,0.5,11600.0,247.3
2018-12-12T14:44:51,43.4,197.8,197.0,0.6,11610.0,247.3
2018-12-12T14:45:22,43.4,215.6,198.7,0.5,11630.0,247.3
2018-12-12T14:45:54,43.4,193.1,192.8,0.6,11640.0,246.4
2018-12-12T14:46:25,43.4,207.3,188.7,0.5,11650.0,244.4
2018-12-12T14:46:56,43.4,203.7,196.4,0.6,11660.0,244.4
2018-12-12T14:47:27,43.4,198.4,202.9,0.6,11670.0,245.4
2018-12-12T14:47:58,43.4,215.0,196.4,0.6,11690.0,244.4
2018-12-12T14:48:29,0.0,0.0,0.0,0.0,0.0,0.0
2018-12-12T14:49:00,43.4,210.2,197.0,0.6,11710.0,244.4
2018-12-12T14:49:31,43.4,197.3,197.5,0.5,11720.0,244.4
2018-12-12T14:50:02,43.4,215.6,198.1,0.5,11730.0,245.4
2018-12-12T14:50:34,43.4,205.5,198.1,0.6,11750.0,244.4
2018-12-12T14:51:05,43.4,207.9,197.0,0.5,11760.0,244.4
2018-12-12T14:51:36,0.0,0.0,0.0,0.0,0.0,0.0
2018-12-12T14:52:07,43.5,210.2,208.2,0.5,11780.0,244.4
2018-12-12T14:52:38,43.4,204.9,199.9,0.5,11790.0,244.4
2018-12-12T14:53:09,43.5,215.6,203.5,0.5,11810.0,244.4
2018-12-12T14:53:40,0.0,0.0,0.0,0.0,0.0,0.0
2018-12-12T14:54:11,43.5,212.6,204.6,0.6,11830.0,244.4
2018-12-12T14:54:42,43.6,203.7,197.0,0.6,11840.0,244.4
2018-12-12T14:55:13,43.5,199.0,199.3,0.5,11850.0,245.4
2018-12-12T14:55:45,43.6,200.8,191.0,0.6,11870.0,244.4
2018-12-12T14:56:16,43.6,213.8,197.5,0.6,11880.0,245.4
2018-12-12T14:56:47,0.0,0.0,0.0,0.0,0.0,0.0
2018-12-12T14:57:18,43.6,211.4,191.6,0.6,11900.0,245.4
2018-12-12T14:57:49,43.7,211.4,198.1,0.5,11910.0,245.4
2018-12-12T14:58:20,43.7,199.6,187.5,0.6,11920.0,244.4
2018-12-12T14:58:51,43.7,213.8,191.0,0.5,11930.0,246.4
2018-12-12T14:59:22,43.7,207.9,195.8,0.6,11950.0,245.4
2018-12-12T14:59:53,43.7,190.8,188.1,0.5,11960.0,244.4
2018-12-12T15:00:24,43.8,200.8,196.4,0.5,11970.0,244.4
2018-12-12T15:00:56,43.8,214.4,195.8,0.5,11980.0,245.4
2018-12-12T15:01:27,43.9,206.7,186.9,0.6,11990.0,244.4
2018-12-12T15:01:58,44.0,210.8,191.6,0.5,12000.0,245.4
2018-12-12T15:02:29,44.0,210.8,194.0,0.6,12010.0,245.4
2018-12-12T15:03:00,44.2,201.4,205.8,0.5,12030.0,245.4
2018-12-12T15:03:31,44.2,210.8,198.1,0.6,12040.0,245.4
2018-12-12T15:04:02,44.3,204.3,191.0,0.6,12050.0,246.4
2018-12-12T15:04:33,44.3,202.6,187.5,0.5,12060.0,246.4
2018-12-12T15:05:04,44.4,207.9,192.8,0.6,12070.0,246.4
2018-12-12T15:05:36,44.5,204.9,183.9,0.5,12080.0,247.3
2018-12-12T15:06:07,44.5,207.9,185.7,0.6,12090.0,245.4
2018-12-12T15:06:38,44.5,215.6,204.6,0.5,12100.0,245.4
2018-12-12T15:07:09,44.6,200.8,204.6,0.6,12120.0,246.4
2018-12-12T15:07:40,44.6,209.1,204.1,0.6,12130.0,245.4
2018-12-12T15:08:11,44.7,208.5,196.4,0.5,12140.0,246.4
2018-12-12T15:08:42,44.9,207.9,203.5,0.6,12150.0,246.4
2018-12-12T15:09:13,44.9,209.7,205.8,0.5,12160.0,247.3
2018-12-12T15:09:44,45.0,204.3,193.4,0.6,12170.0,246.4
2018-12-12T15:10:15,45.1,209.1,195.8,0.5,12180.0,246.4
2018-12-12T15:10:47,45.2,208.5,188.1,0.6,12190.0,245.4
2018-12-12T15:11:18,45.2,205.5,186.9,0.5,12210.0,246.4
2018-12-12T15:11:49,45.3,210.8,187.5,0.6,12220.0,245.4
2018-12-12T15:12:20,45.4,203.7,197.5,0.6,12230.0,248.3
2018-12-12T15:12:51,45.4,203.2,197.5,0.5,12240.0,245.4
2018-12-12T15:13:22,0.0,0.0,0.0,0.0,0.0,0.0
2018-12-12T15:13:53,45.5,202.0,192.2,0.6,12260.0,245.4
2018-12-12T15:14:24,45.5,212.6,186.9,0.5,12270.0,246.4
2018-12-12T15:14:55,45.5,203.2,192.8,0.5,12280.0,245.4
2018-12-12T15:15:26,45.7,217.3,192.2,0.5,12290.0,247.3
2018-12-12T15:15:58,45.7,195.5,194.0,0.6,12300.0,246.4
2018-12-12T15:16:29,45.8,199.0,195.2,0.5,12310.0,246.4
2018-12-12T15:17:00,45.8,216.7,189.3,0.5,12320.0,247.3
2018-12-12T15:17:31,45.8,194.9,180.4,0.6,12330.0,246.4
2018-12-12T15:18:02,45.9,199.6,194.0,0.6,12340.0,248.3
2018-12-12T15:18:33,45.9,219.7,189.9,0.4,12360.0,247.3
2018-12-12T15:19:04,45.9,207.3,192.8,0.5,12370.0,247.3
2018-12-12T15:19:35,45.9,220.3,187.5,0.4,12380.0,246.4
2018-12-12T15:20:06,45.9,197.3,186.9,0.6,12390.0,247.3
2018-12-12T15:20:38,46.0,213.2,190.4,0.5,12400.0,247.3
2018-12-12T15:21:09,46.0,202.0,189.3,0.5,12410.0,245.4
2018-12-12T15:21:40,46.1,191.9,197.0,0.5,12420.0,245.4
2018-12-12T15:22:11,46.1,210.8,191.6,0.6,12430.0,245.4
2018-12-12T15:22:42,46.1,207.9,196.4,0.6,12440.0,245.4
2018-12-12T15:23:13,46.2,203.7,187.5,0.6,12450.0,246.4
2018-12-12T15:23:44,46.2,218.5,187.5,0.5,12460.0,246.4
2018-12-12T15:24:15,46.2,207.3,182.2,0.5,12470.0,246.4
2018-12-12T15:24:46,46.2,210.2,186.3,0.5,12480.0,247.3
2018-12-12T15:25:17,46.4,189.6,182.2,0.5,12490.0,246.4
2018-12-12T15:25:49,46.4,209.1,183.3,0.5,12500.0,247.3
2018-12-12T15:26:20,0.0,0.0,0.0,0.0,0.0,0.0
2018-12-12T15:26:51,46.5,185.4,183.9,0.6,12520.0,247.3
2018-12-12T15:27:22,46.5,202.0,185.7,0.5,12530.0,247.3
2018-12-12T15:27:53,46.5,201.4,182.8,0.6,12540.0,247.3
2018-12-12T15:28:24,46.5,185.4,181.0,0.6,12550.0,248.3
2018-12-12T15:28:55,0.0,0.0,0.0,0.0,0.0,0.0
2018-12-12T15:29:26,46.5,212.0,186.9,0.5,12570.0,246.4
2018-12-12T15:29:57,46.6,202.6,193.4,0.5,12580.0,247.3
2018-12-12T15:30:28,46.6,219.7,183.3,0.5,12590.0,248.3
2018-12-12T15:31:00,46.7,220.9,184.5,0.5,12600.0,246.4
2018-12-12T15:31:31,46.6,210.8,182.8,0.6,12610.0,246.4
2018-12-12T15:32:02,0.0,0.0,0.0,0.0,0.0,0.0
2018-12-12T15:32:33,46.7,211.4,174.5,0.5,12630.0,245.4
2018-12-12T15:33:04,46.7,206.1,175.1,0.6,12640.0,246.4
2018-12-12T15:33:35,46.7,219.1,175.7,0.4,12650.0,245.4
2018-12-12T15:34:06,46.7,213.2,171.5,0.5,12650.0,244.4
2018-12-12T15:34:37,46.8,192.5,170.3,0.5,12660.0,245.4
2018-12-12T15:35:08,46.8,213.8,172.1,0.5,12670.0,245.4
2018-12-12T15:35:39,46.7,206.1,176.2,0.5,12680.0,244.4
2018-12-12T15:36:11,0.0,0.0,0.0,0.0,0.0,0.0
2018-12-12T15:36:42,46.8,193.1,180.4,0.5,12700.0,245.4
2018-12-12T15:37:13,46.8,215.0,182.8,0.5,12710.0,245.4
2018-12-12T15:37:44,46.8,204.3,169.7,0.5,12720.0,246.4
2018-12-12T15:38:15,0.0,0.0,0.0,0.0,0.0,0.0
2018-12-12T15:38:46,46.8,201.4,177.4,0.5,12740.0,245.4
2018-12-12T15:39:17,0.0,0.0,0.0,0.0,0.0,0.0
2018-12-12T15:39:48,46.8,204.3,183.9,0.5,12750.0,245.4
2018-12-12T15:40:19,0.0,0.0,0.0,0.0,0.0,0.0
2018-12-12T15:40:50,46.8,208.5,183.9,0.5,12770.0,245.4
2018-12-12T15:41:22,46.8,202.0,173.3,0.6,12780.0,244.4
2018-12-12T15:41:53,46.8,210.2,180.4,0.5,12790.0,245.4
2018-12-12T15:42:24,46.8,209.7,170.3,0.5,12800.0,245.4
2018-12-12T15:42:55,0.0,0.0,0.0,0.0,0.0,0.0
2018-12-12T15:43:26,46.8,199.0,178.0,0.5,12820.0,244.4
2018-12-12T15:43:57,46.8,195.5,184.5,0.5,12830.0,244.4
2018-12-12T15:44:28,46.8,215.0,169.1,0.5,12830.0,245.4
2018-12-12T15:44:59,46.8,197.3,165.6,0.5,12840.0,247.3
2018-12-12T15:45:30,46.8,217.3,162.6,0.5,12850.0,246.4
2018-12-12T15:46:01,46.8,194.3,170.9,0.5,12860.0,245.4
2018-12-12T15:46:32,46.7,212.0,168.6,0.5,12870.0,245.4
2018-12-12T15:47:03,46.7,200.8,166.8,0.5,12880.0,245.4
2018-12-12T15:47:34,46.6,203.2,178.0,0.5,12890.0,245.4
2018-12-12T15:48:05,0.0,0.0,0.0,0.0,0.0,0.0
2018-12-12T15:48:36,46.5,204.3,171.5,0.5,12900.0,246.4
2018-12-12T15:49:07,0.0,0.0,0.0,0.0,0.0,0.0
2018-12-12T15:49:38,46.4,212.0,175.7,0.5,12920.0,246.4
2018-12-12T15:50:09,46.2,199.0,164.4,0.5,12930.0,246.4
2018-12-12T15:50:41,46.1,215.6,169.1,0.5,12940.0,246.4
2018-12-12T15:51:12,46.1,198.4,166.2,0.5,12940.0,246.4
2018-12-12T15:51:43,46.0,217.9,167.4,0.5,12950.0,246.4
2018-12-12T15:52:14,45.9,195.5,170.9,0.5,12960.0,245.4
2018-12-12T15:52:45,45.9,201.4,163.8,0.5,12970.0,246.4
2018-12-12T15:53:16,45.8,219.7,171.5,0.4,12980.0,245.4
2018-12-12T15:53:47,0.0,0.0,0.0,0.0,0.0,0.0
2018-12-12T15:54:18,45.7,190.2,169.7,0.5,12990.0,245.4
2018-12-12T15:54:49,45.5,211.4,169.1,0.5,13000.0,244.4
2018-12-12T15:55:20,45.5,210.8,169.1,0.5,13010.0,244.4
2018-12-12T15:55:52,45.5,204.3,170.3,0.5,13020.0,244.4
2018-12-12T15:56:23,45.4,206.7,169.1,0.5,13020.0,245.4
2018-12-12T15:56:54,45.4,215.0,176.2,0.5,13030.0,245.4
2018-12-12T15:57:25,45.4,194.3,166.8,0.5,13040.0,246.4
2018-12-12T15:57:56,45.4,193.7,159.1,0.5,13050.0,245.4
2018-12-12T15:58:27,45.5,215.6,161.5,0.5,13060.0,244.4
2018-12-12T15:58:58,45.5,204.9,157.3,0.5,13060.0,245.4
2018-12-12T15:59:29,45.5,183.7,157.9,0.5,13070.0,245.4
2018-12-12T16:00:00,45.7,202.0,156.7,0.5,13080.0,244.4
2018-12-12T16:00:32,45.7,217.9,162.0,0.5,13090.0,244.4
2018-12-12T16:01:03,45.7,213.8,164.4,0.5,13090.0,245.4
2018-12-12T16:01:34,45.7,203.2,160.3,0.5,13100.0,245.4
2018-12-12T16:02:05,0.0,0.0,0.0,0.0,0.0,0.0
2018-12-12T16:02:36,45.7,212.6,160.3,0.5,13120.0,245.4
2018-12-12T16:03:07,45.8,208.5,156.7,0.5,13120.0,246.4
2018-12-12T16:03:38,45.8,204.3,161.5,0.5,13130.0,245.4
2018-12-12T16:04:09,45.8,206.1,166.2,0.5,13140.0,244.4
2018-12-12T16:04:40,45.8,212.0,165.0,0.4,13150.0,245.4
2018-12-12T16:05:11,45.9,215.0,156.7,0.5,13150.0,245.4
2018-12-12T16:05:43,45.9,210.8,158.5,0.5,13160.0,244.4
2018-12-12T16:06:14,45.9,215.6,153.2,0.5,13170.0,245.4
2018-12-12T16:06:45,0.0,0.0,0.0,0.0,0.0,0.0
2018-12-12T16:07:16,45.9,214.4,157.3,0.5,13180.0,246.4
2018-12-12T16:07:47,45.8,199.6,156.7,0.5,13190.0,245.4
2018-12-12T16:08:19,45.8,190.2,154.9,0.5,13190.0,243.5
2018-12-12T16:08:50,0.0,0.0,0.0,0.0,0.0,0.0
2018-12-12T16:09:21,45.8,215.6,151.4,0.5,13210.0,243.5
2018-12-12T16:09:52,45.8,206.1,152.0,0.4,13210.0,243.5
2018-12-12T16:10:23,45.8,215.0,146.1,0.5,13220.0,243.5
2018-12-12T16:10:54,45.8,204.3,149.0,0.5,13230.0,242.5
2018-12-12T16:11:26,45.7,219.1,152.6,0.4,13240.0,243.5
2018-12-12T16:11:57,0.0,0.0,0.0,0.0,0.0,0.0
2018-12-12T16:12:28,45.5,207.9,148.4,0.5,13250.0,244.4
2018-12-12T16:12:59,45.4,212.6,156.1,0.4,13250.0,244.4
2018-12-12T16:13:30,45.4,194.9,141.3,0.5,13260.0,244.4
2018-12-12T16:14:01,45.3,183.1,141.9,0.5,13270.0,243.5
2018-12-12T16:14:32,45.2,193.1,145.5,0.5,13270.0,243.5
2018-12-12T16:15:03,45.2,202.6,140.2,0.5,13280.0,243.5
2018-12-12T16:15:34,0.0,0.0,0.0,0.0,0.0,0.0
2018-12-12T16:16:06,45.1,197.8,149.0,0.5,13290.0,242.5
2018-12-12T16:16:37,45.0,219.7,150.8,0.5,13300.0,243.5
2018-12-12T16:17:08,45.0,200.8,136.6,0.5,13300.0,244.4
2018-12-12T16:17:39,45.0,186.0,138.4,0.6,13310.0,243.5
2018-12-12T16:18:10,44.9,207.9,136.6,0.5,13320.0,243.5
2018-12-12T16:18:41,44.9,211.4,133.7,0.6,13320.0,243.5
2018-12-12T16:19:12,44.9,204.3,137.2,0.5,13330.0,243.5
2018-12-12T16:19:43,0.0,0.0,0.0,0.0,0.0,0.0
2018-12-12T16:20:14,44.9,191.9,130.1,0.5,13340.0,243.5
2018-12-12T16:20:45,44.9,208.5,138.4,0.5,13350.0,244.4
2018-12-12T16:21:17,44.9,210.8,139.0,0.5,13350.0,243.5
2018-12-12T16:21:48,45.0,196.1,138.4,0.6,13360.0,243.5
2018-12-12T16:22:19,45.0,216.2,138.4,0.5,13360.0,244.4
2018-12-12T16:22:50,45.0,202.6,137.8,0.5,13370.0,244.4
2018-12-12T16:23:21,45.0,194.3,140.8,0.6,13370.0,245.4
2018-12-12T16:23:52,45.0,216.2,140.2,0.5,13380.0,246.4
2018-12-12T16:24:23,45.0,200.8,136.0,0.5,13390.0,244.4
2018-12-12T16:24:54,45.1,202.0,130.1,0.6,13390.0,244.4
2018-12-12T16:25:25,45.1,206.1,134.2,0.5,13400.0,246.4
2018-12-12T16:25:56,45.1,219.7,131.3,0.5,13400.0,245.4
2018-12-12T16:26:28,45.1,197.3,121.8,0.6,13410.0,245.4
2018-12-12T16:26:59,45.1,197.3,124.2,0.5,13410.0,246.4
2018-12-12T16:27:30,45.1,219.1,126.6,0.5,13420.0,245.4
2018-12-12T16:28:01,45.0,200.8,124.8,0.6,13420.0,246.4
2018-12-12T16:28:32,0.0,0.0,0.0,0.0,0.0,0.0
2018-12-12T16:29:03,45.0,199.0,128.3,0.5,13430.0,246.4
2018-12-12T16:29:34,45.0,212.0,131.3,0.5,13440.0,248.3
2018-12-12T16:30:05,45.0,211.4,124.8,0.5,13440.0,246.4
2018-12-12T16:30:36,44.9,205.5,129.5,0.5,13450.0,246.4
2018-12-12T16:31:08,44.9,215.0,128.9,0.5,13450.0,247.3
2018-12-12T16:31:39,44.7,194.3,118.9,0.5,13460.0,246.4
2018-12-12T16:32:10,44.7,213.2,123.0,0.5,13460.0,247.3
2018-12-12T16:32:41,44.6,209.7,131.3,0.5,13470.0,246.4
2018-12-12T16:33:12,44.5,203.2,136.0,0.5,13470.0,246.4
2018-12-12T16:33:43,44.4,215.0,130.7,0.5,13480.0,247.3
2018-12-12T16:34:14,44.3,194.9,132.5,0.6,13480.0,246.4
2018-12-12T16:34:45,44.2,216.2,115.3,0.6,13490.0,247.3
2018-12-12T16:35:16,44.0,202.6,121.8,0.6,13490.0,247.3
2018-12-12T16:35:47,43.9,213.8,119.5,0.5,13500.0,247.3
2018-12-12T16:36:19,43.9,213.2,118.9,0.5,13500.0,247.3
2018-12-12T16:36:50,43.8,209.1,121.8,0.5,13510.0,247.3
2018-12-12T16:37:21,43.7,199.0,118.9,0.5,13510.0,247.3
2018-12-12T16:37:52,43.6,220.3,120.0,0.5,13510.0,248.3
2018-12-12T16:38:23,43.6,202.0,121.2,0.5,13520.0,247.3
2018-12-12T16:38:54,43.5,217.9,115.3,0.5,13520.0,247.3
2018-12-12T16:39:25,43.5,202.0,108.2,0.5,13530.0,246.4
2018-12-12T16:39:56,43.4,221.5,111.2,0.5,13530.0,246.4
2018-12-12T16:40:27,43.2,201.4,111.2,0.6,13540.0,247.3
2018-12-12T16:40:58,43.2,219.7,105.8,0.5,13540.0,246.4
2018-12-12T16:41:30,43.2,209.7,110.0,0.5,13540.0,245.4
2018-12-12T16:42:01,43.1,209.1,106.4,0.5,13550.0,246.4
2018-12-12T16:42:32,43.1,189.0,109.4,0.5,13550.0,246.4
2018-12-12T16:43:03,43.0,209.7,107.6,0.5,13560.0,245.4
2018-12-12T16:43:34,43.0,207.9,109.4,0.5,13560.0,246.4
2018-12-12T16:44:05,43.0,187.2,110.0,0.6,13560.0,247.3
2018-12-12T16:44:36,43.0,210.2,104.1,0.5,13570.0,248.3
2018-12-12T16:45:07,42.9,213.8,105.3,0.5,13570.0,246.4
2018-12-12T16:45:38,42.9,192.5,107.0,0.5,13570.0,246.4
2018-12-12T16:46:10,42.9,202.0,111.8,0.5,13580.0,246.4
2018-12-12T16:46:41,42.8,222.1,111.2,0.5,13580.0,246.4
2018-12-12T16:47:12,42.9,202.0,108.8,0.5,13590.0,246.4
2018-12-12T16:47:43,42.8,220.9,103.5,0.5,13590.0,246.4
2018-12-12T16:48:14,42.8,211.4,102.3,0.5,13590.0,246.4
2018-12-12T16:48:45,42.8,205.5,105.8,0.5,13600.0,246.4
2018-12-12T16:49:16,42.8,190.8,102.9,0.5,13600.0,245.4
2018-12-12T16:49:47,42.8,212.0,104.7,0.5,13600.0,246.4
2018-12-12T16:50:18,42.8,208.5,102.3,0.5,13610.0,247.3
2018-12-12T16:50:49,42.8,214.4,102.3,0.5,13610.0,246.4
2018-12-12T16:51:21,42.8,209.7,102.9,0.5,13610.0,245.4
2018-12-12T16:51:52,42.7,207.9,102.9,0.5,13610.0,245.4
2018-12-12T16:52:23,42.7,200.2,114.1,0.6,13620.0,244.4
2018-12-12T16:52:54,42.7,202.6,106.4,0.5,13620.0,244.4
2018-12-12T16:53:25,42.7,213.2,107.6,0.5,13620.0,245.4
2018-12-12T16:53:56,42.7,205.5,105.3,0.5,13630.0,246.4
2018-12-12T16:54:27,42.7,205.5,104.1,0.5,13630.0,244.4
2018-12-12T16:54:58,42.5,213.8,102.9,0.5,13630.0,245.4
2018-12-12T16:55:29,42.5,203.7,102.3,0.5,13630.0,246.4
2018-12-12T16:56:00,42.5,214.4,102.3,0.5,13640.0,246.4
2018-12-12T16:56:32,42.4,193.1,102.9,0.5,13640.0,245.4
2018-12-12T16:57:03,42.4,202.0,104.1,0.5,13640.0,246.4
2018-12-12T16:57:34,42.5,217.3,102.9,0.5,13640.0,246.4
2018-12-12T16:58:05,0.0,0.0,0.0,0.0,0.0,0.0
2018-12-12T16:58:36,42.4,187.2,102.9,0.5,13650.0,245.4
2018-12-12T16:59:07,42.4,209.7,103.5,0.5,13650.0,246.4
2018-12-12T16:59:38,42.3,211.4,102.3,0.5,13650.0,245.4
2018-12-12T17:00:09,42.3,191.9,104.7,0.6,13650.0,246.4
2018-12-12T17:00:40,42.2,210.2,104.1,0.5,13650.0,247.3
2018-12-12T17:01:12,42.2,212.6,104.1,0.5,13660.0,247.3
2018-12-12T17:01:43,42.2,197.3,104.1,0.5,13660.0,246.4
2018-12-12T17:02:14,42.2,218.5,107.0,0.5,13660.0,246.4
2018-12-12T17:02:45,42.1,208.5,102.9,0.5,13660.0,246.4
2018-12-12T17:03:16,42.1,215.0,105.3,0.5,13660.0,245.4
2018-12-12T17:03:47,42.1,212.6,102.3,0.5,13660.0,247.3
2018-12-12T17:04:18,42.1,203.7,106.4,0.5,13660.0,246.4
2018-12-12T17:04:49,42.0,220.9,104.7,0.5,13670.0,246.4
2018-12-12T17:05:20,42.0,199.0,121.2,0.5,13670.0,245.4
2018-12-12T17:05:51,42.0,215.0,143.7,0.5,13670.0,248.3
2018-12-12T17:06:23,42.0,207.9,166.2,0.5,13670.0,243.5
2018-12-12T17:06:54,41.9,193.1,190.4,0.5,13670.0,244.4
2018-12-12T17:07:25,41.9,213.8,213.5,0.5,13670.0,243.5
2018-12-12T17:07:56,41.9,210.8,234.8,0.5,13680.0,242.5
2018-12-12T17:08:27,41.7,207.9,240.1,0.5,13680.0,242.5
2018-12-12T17:08:58,41.7,215.0,228.3,0.5,13680.0,241.5
2018-12-12T17:09:29,41.7,215.0,213.5,0.5,13680.0,242.5
2018-12-12T17:10:00,41.7,204.3,223.0,0.5,13680.0,241.5
2018-12-12T17:10:31,41.6,187.8,246.1,0.5,13680.0,241.5
2018-12-12T17:11:03,41.6,210.8,228.9,0.5,13690.0,241.5
2018-12-12T17:11:34,41.6,215.0,223.0,0.5,13690.0,242.5
2018-12-12T17:12:05,41.5,194.9,244.9,0.5,13690.0,242.5
2018-12-12T17:12:36,41.5,217.9,230.7,0.5,13690.0,242.5
2018-12-12T17:13:07,41.5,215.0,233.6,0.5,13690.0,242.5
2018-12-12T17:13:38,41.4,193.1,242.5,0.5,13690.0,240.6
2018-12-12T17:14:09,41.4,215.0,221.8,0.5,13700.0,242.5
2018-12-12T17:14:40,41.4,218.5,242.5,0.5,13700.0,239.6
2018-12-12T17:15:11,41.4,197.8,234.8,0.5,13700.0,242.5
2018-12-12T17:15:42,41.3,216.7,239.5,0.5,13700.0,242.5
2018-12-12T17:16:14,41.3,212.6,227.7,0.5,13700.0,242.5
2018-12-12T17:16:45,41.3,192.5,225.9,0.5,13700.0,243.5
2018-12-12T17:17:16,41.2,209.7,247.2,0.5,13710.0,241.5
2018-12-12T17:17:47,41.2,220.9,227.7,0.4,13710.0,242.5
2018-12-12T17:18:18,41.2,199.6,227.7,0.5,13710.0,242.5
2018-12-12T17:18:49,41.2,197.8,247.8,0.5,13710.0,243.5
2018-12-12T17:19:20,41.2,219.1,230.1,0.5,13710.0,242.5
2018-12-12T17:19:51,41.0,212.0,236.0,0.4,13710.0,241.5
2018-12-12T17:20:22,41.0,196.7,233.0,0.4,13720.0,243.5
2018-12-12T17:20:54,41.0,219.1,232.4,0.4,13720.0,243.5
2018-12-12T17:21:25,40.9,210.8,234.2,0.4,13720.0,243.5
2018-12-12T17:21:56,40.9,189.0,236.0,0.5,13720.0,242.5
2018-12-12T17:22:27,40.8,196.7,237.8,0.5,13720.0,241.5
2018-12-12T17:22:58,40.8,218.5,220.6,0.4,13720.0,241.5
2018-12-12T17:23:29,40.8,217.9,244.3,0.5,13730.0,243.5
2018-12-12T17:24:00,40.8,196.1,228.9,0.4,13730.0,242.5
2018-12-12T17:24:31,40.8,212.6,233.6,0.4,13730.0,241.5
2018-12-12T17:25:02,40.8,224.4,240.1,0.4,13730.0,240.6
2018-12-12T17:25:34,40.7,201.4,225.9,0.5,13730.0,240.6
2018-12-12T17:26:05,40.7,200.8,241.9,0.4,13730.0,241.5
2018-12-12T17:26:36,40.7,220.3,233.0,0.4,13730.0,241.5
2018-12-12T17:27:07,40.7,207.3,233.0,0.4,13740.0,241.5
2018-12-12T17:27:38,40.7,194.9,231.9,0.4,13740.0,241.5
2018-12-12T17:28:09,40.6,215.6,240.1,0.4,13740.0,241.5
2018-12-12T17:28:40,40.6,213.2,218.8,0.4,13740.0,242.5
2018-12-12T17:29:11,40.6,193.1,236.0,0.4,13740.0,241.5
2018-12-12T17:29:43,40.5,186.6,240.1,0.4,13740.0,241.5
2018-12-12T17:30:14,40.5,209.1,219.4,0.4,13750.0,243.5
2018-12-12T17:30:45,40.5,214.4,231.9,0.4,13750.0,243.5
2018-12-12T17:31:17,40.5,196.7,233.6,0.4,13750.0,241.5
2018-12-12T17:31:48,40.4,215.6,241.9,0.4,13750.0,242.5
2018-12-12T17:32:19,40.4,210.8,221.2,0.4,13750.0,241.5
2018-12-12T17:32:50,40.4,203.7,238.4,0.4,13750.0,240.6
2018-12-12T17:33:21,40.4,222.1,233.0,0.4,13750.0,240.6
2018-12-12T17:33:52,40.2,214.4,224.2,0.4,13760.0,240.6
2018-12-12T17:34:23,40.2,202.0,241.9,0.4,13760.0,239.6
2018-12-12T17:34:54,40.2,220.3,236.6,0.3,13760.0,240.6
2018-12-12T17:35:25,40.2,201.4,233.0,0.4,13760.0,241.5
2018-12-12T17:35:56,40.2,199.0,233.0,0.3,13760.0,240.6
2018-12-12T17:36:28,40.1,219.1,232.4,0.3,13760.0,238.6
2018-12-12T17:36:59,40.1,201.4,234.8,0.3,13760.0,239.6
2018-12-12T17:37:30,40.1,210.2,227.7,0.3,13770.0,238.6
2018-12-12T17:38:01,40.0,210.2,218.8,0.4,13770.0,239.6
2018-12-12T17:38:32,40.0,195.5,233.0,0.4,13770.0,241.5
2018-12-12T17:39:03,39.9,215.6,221.2,0.3,13770.0,240.6
2018-12-12T17:39:34,39.9,200.2,239.5,0.3,13770.0,241.5
2018-12-12T17:40:05,39.9,194.3,218.3,0.3,13770.0,243.5
2018-12-12T17:40:36,39.9,215.0,230.7,0.3,13770.0,242.5
2018-12-12T17:41:08,39.8,199.6,239.0,0.3,13780.0,241.5
2018-12-12T17:41:39,39.7,203.7,230.7,0.3,13780.0,243.5
2018-12-12T17:42:10,39.7,204.3,231.3,0.3,13780.0,242.5
2018-12-12T17:42:41,39.7,185.4,230.7,0.3,13780.0,240.6
2018-12-12T17:43:12,39.5,196.1,234.2,0.3,13780.0,239.6
2018-12-12T17:43:43,39.5,216.7,227.7,0.2,13780.0,238.6
2018-12-12T17:44:14,39.4,194.9,227.7,0.3,13780.0,237.7
2018-12-12T17:44:45,39.4,199.6,224.2,0.3,13780.0,235.7
2018-12-12T17:45:16,39.4,202.6,217.7,0.3,13780.0,237.7
2018-12-12T17:45:48,39.3,180.7,233.6,0.3,13790.0,237.7
2018-12-12T17:46:20,39.3,193.1,239.5,0.3,13790.0,237.7
2018-12-12T17:46:51,39.2,183.7,223.6,0.3,13790.0,238.6
2018-12-12T17:47:22,39.2,180.1,214.1,0.3,13790.0,239.6
2018-12-12T17:47:53,39.2,160.0,234.8,0.3,13790.0,238.6
2018-12-12T17:48:24,39.2,183.7,239.5,0.3,13790.0,239.6
2018-12-12T17:48:55,39.1,203.2,217.1,0.2,13790.0,239.6
2018-12-12T17:49:26,39.1,195.5,229.5,0.2,13790.0,240.6
2018-12-12T17:49:57,39.1,207.9,218.8,0.2,13790.0,238.6
2018-12-12T17:50:28,39.1,186.0,201.1,0.3,13800.0,239.6
2018-12-12T17:50:59,39.1,200.8,224.8,0.2,13800.0,237.7
2018-12-12T17:51:31,39.0,189.6,202.9,0.2,13800.0,238.6
2018-12-12T17:52:02,39.0,168.3,218.8,0.2,13800.0,238.6
2018-12-12T17:52:33,38.9,182.5,226.5,0.2,13800.0,236.7
2018-12-12T17:53:04,38.9,196.1,207.0,0.2,13800.0,236.7
2018-12-12T17:53:35,38.9,176.0,223.0,0.2,13800.0,237.7
2018-12-12T17:54:06,38.7,159.4,222.4,0.2,13800.0,236.7
2018-12-12T17:54:37,38.7,179.5,202.3,0.2,13800.0,237.7
2018-12-12T17:55:08,38.6,171.9,186.3,0.2,13800.0,237.7
2018-12-12T17:55:39,38.6,151.8,165.6,0.2,13800.0,237.7
2018-12-12T17:56:11,38.6,140.5,163.2,0.2,13800.0,240.6
2018-12-12T17:56:42,38.5,162.4,185.7,0.2,13800.0,239.6
2018-12-12T17:57:13,38.5,184.3,207.0,0.2,13800.0,239.6
2018-12-12T17:57:44,38.5,204.3,229.5,0.2,13810.0,240.6
2018-12-12T17:58:15,38.4,200.2,235.4,0.2,13810.0,237.7
2018-12-12T17:58:46,38.4,178.9,214.1,0.2,13810.0,239.6
2018-12-12T17:59:17,38.4,176.0,194.6,0.3,13810.0,238.6
2018-12-12T17:59:48,38.4,196.7,203.5,0.3,13810.0,239.6
2018-12-12T18:00:19,38.3,211.4,224.8,0.2,13810.0,239.6
2018-12-12T18:00:50,38.3,187.8,244.9,0.3,13810.0,239.6
2018-12-12T18:01:22,38.3,181.9,223.0,0.2,13810.0,239.6
2018-12-12T18:01:53,38.2,204.3,213.5,0.3,13810.0,239.6
2018-12-12T18:02:24,38.2,199.6,234.8,0.2,13810.0,240.6
2018-12-12T18:02:55,38.2,192.5,228.3,0.2,13810.0,240.6
2018-12-12T18:03:26,38.2,204.9,230.7,0.2,13810.0,240.6
2018-12-12T18:03:57,38.0,183.1,220.6,0.2,13810.0,240.6
2018-12-12T18:04:28,38.0,181.9,220.0,0.2,13820.0,241.5
2018-12-12T18:04:59,37.9,202.6,220.6,0.1,13820.0,242.5
2018-12-12T18:05:30,37.9,189.6,201.1,0.2,13820.0,242.5
2018-12-12T18:06:01,37.8,168.9,203.5,0.2,13820.0,241.5
2018-12-12T18:06:32,37.7,152.4,218.8,0.2,13820.0,240.6
2018-12-12T18:07:03,37.7,175.4,197.5,0.1,13820.0,241.5
2018-12-12T18:07:34,37.7,195.5,199.9,0.1,13820.0,238.6
2018-12-12T18:08:05,37.6,196.1,221.2,0.1,13820.0,238.6
2018-12-12T18:08:36,37.6,175.4,225.9,0.1,13820.0,241.5
2018-12-12T18:09:07,37.6,155.3,204.6,0.1,13820.0,240.6
2018-12-12T18:09:38,37.5,161.2,183.3,0.1,13820.0,241.5
2018-12-12T18:10:09,37.5,182.5,198.7,0.1,13820.0,242.5
2018-12-12T18:10:41,37.4,206.7,220.0,0.0,13820.0,241.5
2018-12-12T18:11:12,37.2,181.3,230.1,0.1,13820.0,242.5
2018-12-12T18:11:43,37.2,161.8,209.4,0.1,13820.0,243.5
2018-12-12T18:12:14,37.2,140.5,188.7,0.1,13820.0,243.5
2018-12-12T18:12:45,37.2,120.5,166.2,0.1,13820.0,242.5
2018-12-12T18:13:16,37.1,139.4,157.9,0.1,13820.0,242.5
2018-12-12T18:13:47,37.1,161.2,179.8,0.1,13820.0,242.5
2018-12-12T18:14:18,37.1,181.9,202.3,0.1,13820.0,243.5
2018-12-12T18:14:49,37.0,200.8,220.6,0.1,13820.0,241.5
2018-12-12T18:15:20,37.0,192.5,227.1,0.1,13820.0,241.5
2018-12-12T18:15:52,37.0,171.3,205.2,0.1,13820.0,243.5
2018-12-12T18:16:23,36.9,150.0,183.9,0.1,13820.0,241.5
2018-12-12T18:16:54,36.9,134.6,197.5,0.1,13820.0,242.5
2018-12-12T18:17:25,36.9,155.9,217.7,0.1,13820.0,243.5
2018-12-12T18:17:56,36.8,176.6,232.4,0.1,13820.0,244.4
2018-12-12T18:18:27,36.8,199.0,211.7,0.1,13830.0,242.5
2018-12-12T18:18:58,36.7,187.2,191.6,0.1,13830.0,244.4
2018-12-12T18:19:29,36.7,168.3,178.0,0.1,13830.0,243.5
2018-12-12T18:20:00,36.7,147.6,199.9,0.1,13830.0,242.5
2018-12-12T18:20:32,36.5,127.0,220.0,0.1,13830.0,241.5
2018-12-12T18:21:03,36.5,131.7,218.3,0.1,13830.0,243.5
2018-12-12T18:21:34,36.4,152.4,199.3,0.1,13830.0,242.5
2018-12-12T18:22:05,36.4,176.6,177.4,0.1,13830.0,242.5
2018-12-12T18:22:36,36.4,194.9,166.2,0.0,13830.0,241.5
2018-12-12T18:23:07,36.3,191.9,186.9,0.1,13830.0,243.5
2018-12-12T18:23:38,36.3,168.3,207.0,0.1,13830.0,242.5
2018-12-12T18:24:09,36.3,148.8,231.3,0.1,13830.0,241.5
2018-12-12T18:24:40,36.2,135.8,213.5,0.1,13830.0,239.6
2018-12-12T18:25:11,36.2,157.7,192.2,0.1,13830.0,244.4
2018-12-12T18:25:43,36.2,178.3,172.1,0.0,13830.0,243.5
2018-12-12T18:26:14,36.1,199.6,160.3,0.0,13830.0,241.5
2018-12-12T18:26:45,36.1,204.3,182.2,0.0,13830.0,241.5
2018-12-12T18:27:16,36.0,189.6,201.7,0.1,13830.0,243.5
2018-12-12T18:27:47,36.0,170.7,223.6,0.1,13830.0,242.5
2018-12-12T18:28:18,36.0,150.0,205.8,0.0,13830.0,242.5
2018-12-12T18:28:49,35.9,130.5,185.1,0.0,13830.0,243.5
2018-12-12T18:29:20,35.9,126.4,168.0,0.0,13830.0,242.5
2018-12-12T18:29:51,35.9,148.2,163.8,0.0,13830.0,243.5
2018-12-12T18:30:22,35.7,166.5,184.5,0.0,13830.0,243.5
2018-12-12T18:30:54,35.6,187.8,206.4,0.0,13830.0,243.5
2018-12-12T18:31:26,35.6,166.5,206.4,0.0,13830.0,242.5
2018-12-12T18:31:57,35.5,152.9,169.7,0.0,13830.0,241.5
2018-12-12T18:32:28,35.5,145.3,154.9,0.0,13830.0,241.5
2018-12-12T18:32:59,35.4,181.3,184.5,0.0,13830.0,240.6
2018-12-12T18:33:30,35.4,172.4,172.7,0.0,13830.0,241.5
2018-12-12T18:34:01,35.4,157.7,157.9,0.0,13830.0,240.6
2018-12-12T18:34:32,35.3,133.5,133.7,0.0,13830.0,240.6
2018-12-12T18:35:03,35.3,66.1,66.2,0.0,13830.0,239.6
