2018-12-23T06:35:30,26.4,193.7,197.0,0.4,130.0,246.4
2018-12-23T06:36:02,26.4,194.3,217.7,0.4,130.0,246.4
2018-12-23T06:36:33,26.8,215.6,239.0,0.4,130.0,246.4
2018-12-23T06:37:04,26.8,194.3,227.7,0.5,130.0,247.3
2018-12-23T06:37:35,26.8,183.1,207.0,0.5,130.0,246.4
2018-12-23T06:38:06,26.8,204.3,197.0,0.5,140.0,247.3
2018-12-23T06:38:37,26.8,208.5,220.6,0.4,140.0,245.4
2018-12-23T06:39:08,26.8,188.4,240.7,0.5,140.0,246.4
2018-12-23T06:39:39,26.8,185.4,220.0,0.5,140.0,246.4
2018-12-23T06:40:10,26.8,208.5,203.5,0.5,140.0,246.4
2018-12-23T06:40:41,26.8,198.4,225.9,0.5,140.0,245.4
2018-12-23T06:41:13,26.8,189.6,244.3,0.5,140.0,246.4
2018-12-23T06:41:44,26.8,210.2,221.2,0.4,140.0,246.4
2018-12-23T06:42:15,26.8,202.6,205.2,0.5,150.0,245.4
2018-12-23T06:42:46,26.8,181.3,228.3,0.5,150.0,246.4
2018-12-23T06:43:17,26.8,196.7,239.5,0.5,150.0,245.4
2018-12-23T06:43:48,26.8,212.6,216.5,0.4,150.0,245.4
2018-12-23T06:44:19,27.2,190.2,195.8,0.5,150.0,246.4
2018-12-23T06:44:50,27.2,206.1,211.7,0.5,150.0,245.4
2018-12-23T06:45:21,26.8,205.5,233.6,0.5,150.0,244.4
2018-12-23T06:45:52,27.2,186.6,233.6,0.5,160.0,246.4
2018-12-23T06:46:24,26.8,208.5,211.7,0.5,160.0,245.4
2018-12-23T06:46:55,26.8,205.5,201.7,0.5,160.0,245.4
2018-12-23T06:47:26,26.8,192.5,224.2,0.5,160.0,245.4
2018-12-23T06:47:57,26.8,212.6,243.7,0.5,160.0,247.3
2018-12-23T06:48:28,26.8,210.8,237.2,0.6,160.0,245.4
2018-12-23T06:48:59,26.8,197.3,225.9,0.6,170.0,245.4
2018-12-23T06:49:30,27.2,206.7,205.8,0.5,170.0,245.4
2018-12-23T06:50:01,27.2,206.1,216.5,0.6,170.0,244.4
2018-12-23T06:50:32,27.2,193.7,238.4,0.5,170.0,244.4
2018-12-23T06:51:04,27.2,211.4,230.7,0.6,170.0,244.4
2018-12-23T06:51:35,27.2,202.0,209.4,0.6,170.0,246.4
2018-12-23T06:52:06,27.2,181.3,228.3,0.6,180.0,245.4
2018-12-23T06:52:37,27.2,201.4,240.7,0.6,180.0,246.4
2018-12-23T06:53:08,27.2,210.8,218.3,0.5,180.0,245.4
2018-12-23T06:53:39,27.2,194.3,219.4,0.6,180.0,245.4
2018-12-23T06:54:10,27.2,215.6,235.4,0.6,180.0,242.5
2018-12-23T06:54:41,27.5,194.9,213.5,0.6,180.0,243.5
2018-12-23T06:55:12,27.2,216.7,232.4,0.6,190.0,242.5
2018-12-23T06:55:43,27.5,198.4,236.0,0.6,190.0,243.5
2018-12-23T06:56:15,27.5,206.7,214.1,0.6,190.0,244.4
2018-12-23T06:56:46,27.5,204.9,226.5,0.6,190.0,245.4
2018-12-23T06:57:17,27.5,209.7,245.5,0.6,190.0,245.4
2018-12-23T06:57:48,27.5,206.7,223.0,0.6,200.0,244.4
2018-12-23T06:58:19,27.5,213.8,207.0,0.7,200.0,243.5
2018-12-23T06:58:50,27.5,203.7,207.0,0.7,200.0,243.5
2018-12-23T06:59:21,27.5,212.6,214.7,0.6,200.0,242.5
2018-12-23T06:59:52,27.9,201.4,230.7,0.6,200.0,241.5
2018-12-23T07:00:23,27.9,218.5,228.9,0.6,210.0,240.6
2018-12-23T07:00:54,27.9,197.3,210.0,0.7,210.0,242.5
2018-12-23T07:01:26,27.9,187.8,233.6,0.8,210.0,241.5
2018-12-23T07:01:57,28.3,210.2,230.7,0.7,210.0,242.5
2018-12-23T07:02:28,28.3,207.9,209.4,0.7,210.0,242.5
2018-12-23T07:02:59,28.3,204.3,219.4,0.7,220.0,243.5
2018-12-23T07:03:30,28.3,216.7,214.7,0.7,220.0,243.5
2018-12-23T07:04:01,28.3,213.8,225.4,0.7,220.0,243.5
2018-12-23T07:04:32,28.3,199.0,236.6,0.7,220.0,243.5
2018-12-23T07:05:03,28.3,217.3,216.5,0.7,230.0,243.5
2018-12-23T07:05:34,28.6,201.4,238.4,0.7,230.0,243.5
2018-12-23T07:06:06,28.6,219.1,233.0,0.7,230.0,243.5
2018-12-23T07:06:37,28.6,207.9,211.7,0.8,230.0,244.4
2018-12-23T07:07:08,28.6,212.0,230.7,0.8,240.0,244.4
2018-12-23T07:07:39,28.6,203.7,240.1,0.9,240.0,244.4
2018-12-23T07:08:10,28.6,215.6,218.3,0.8,240.0,244.4
2018-12-23T07:08:41,28.6,201.4,230.7,0.8,240.0,243.5
2018-12-23T07:09:12,29.0,207.3,227.7,0.9,250.0,243.5
2018-12-23T07:09:43,29.0,213.2,237.8,0.9,250.0,243.5
2018-12-23T07:10:14,29.0,205.5,230.1,0.8,250.0,243.5
2018-12-23T07:10:45,29.0,220.9,214.1,0.8,260.0,243.5
2018-12-23T07:11:17,28.6,208.5,236.6,0.9,260.0,243.5
2018-12-23T07:11:48,29.0,209.7,233.0,0.9,260.0,244.4
2018-12-23T07:12:19,29.0,220.3,218.8,0.8,260.0,244.4
2018-12-23T07:12:50,29.0,215.6,240.7,0.9,270.0,242.5
2018-12-23T07:13:21,29.4,204.9,226.5,1.0,270.0,243.5
2018-12-23T07:13:52,29.4,214.4,231.3,0.9,270.0,244.4
2018-12-23T07:14:23,29.7,207.3,240.1,0.9,280.0,243.5
2018-12-23T07:14:54,29.7,213.2,218.8,1.0,280.0,242.5
2018-12-23T07:15:25,29.7,207.9,237.2,1.0,280.0,243.5
2018-12-23T07:15:56,29.7,212.0,216.5,0.9,290.0,243.5
2018-12-23T07:16:28,29.7,210.2,227.7,1.0,290.0,243.5
2018-12-23T07:16:59,29.7,202.0,230.1,1.0,290.0,244.4
2018-12-23T07:17:30,29.7,205.5,234.2,0.9,300.0,243.5
2018-12-23T07:18:01,29.7,194.9,234.8,1.1,300.0,244.4
2018-12-23T07:18:32,29.7,191.9,224.2,1.0,300.0,244.4
2018-12-23T07:19:03,29.7,197.3,246.6,1.0,310.0,242.5
2018-12-23T07:19:34,30.1,185.4,223.0,1.0,310.0,242.5
2018-12-23T07:20:05,30.1,207.9,237.2,1.1,310.0,243.5
2018-12-23T07:20:36,30.1,197.8,232.4,1.0,320.0,243.5
2018-12-23T07:21:08,30.1,205.5,224.8,0.9,320.0,243.5
2018-12-23T07:21:39,30.1,189.0,241.3,1.2,330.0,244.4
2018-12-23T07:22:10,30.2,190.2,236.6,1.1,330.0,244.4
2018-12-23T07:22:41,30.2,200.2,223.6,1.0,330.0,245.4
2018-12-23T07:23:12,30.2,186.6,238.4,1.1,340.0,245.4
2018-12-23T07:23:43,30.2,192.5,228.9,1.0,340.0,243.5
2018-12-23T07:24:14,30.2,171.9,236.6,1.1,340.0,243.5
2018-12-23T07:24:45,30.2,181.9,224.2,1.2,350.0,243.5
2018-12-23T07:25:16,30.3,178.3,244.3,1.1,350.0,244.4
2018-12-23T07:25:47,30.2,189.6,223.6,1.1,360.0,245.4
2018-12-23T07:26:19,30.2,183.1,244.9,1.3,360.0,245.4
2018-12-23T07:26:50,30.2,179.5,226.5,1.3,360.0,243.5
2018-12-23T07:27:21,30.2,180.7,242.5,1.2,370.0,244.4
2018-12-23T07:27:52,30.2,186.6,223.6,1.3,370.0,245.4
2018-12-23T07:28:23,30.2,175.4,243.7,1.2,380.0,243.5
2018-12-23T07:28:54,30.3,188.4,221.2,1.3,380.0,244.4
2018-12-23T07:29:25,30.3,180.7,239.5,1.3,380.0,244.4
2018-12-23T07:29:56,30.3,178.9,230.7,1.4,390.0,245.4
2018-12-23T07:30:27,30.4,193.1,229.5,1.3,390.0,246.4
2018-12-23T07:30:58,30.4,196.1,238.4,1.4,400.0,246.4
2018-12-23T07:31:30,30.5,192.5,221.2,1.3,400.0,247.3
2018-12-23T07:32:01,30.5,188.4,243.7,1.3,410.0,245.4
2018-12-23T07:32:32,30.5,189.0,228.3,1.3,410.0,247.3
2018-12-23T07:33:03,30.5,189.6,236.6,1.2,420.0,246.4
2018-12-23T07:33:34,30.5,192.5,231.3,1.2,420.0,246.4
2018-12-23T07:34:05,30.5,204.3,235.4,1.1,430.0,246.4
2018-12-23T07:34:36,30.7,183.1,233.6,1.2,430.0,246.4
2018-12-23T07:35:07,30.7,202.0,231.3,1.1,430.0,246.4
2018-12-23T07:35:38,30.7,176.6,235.4,1.3,440.0,247.3
2018-12-23T07:36:10,30.8,175.4,235.4,1.5,440.0,246.4
2018-12-23T07:36:41,30.8,189.6,233.6,1.3,450.0,247.3
2018-12-23T07:37:12,30.8,170.7,225.9,1.5,450.0,246.4
2018-12-23T07:37:43,30.8,164.2,244.3,1.5,460.0,243.5
2018-12-23T07:38:14,30.8,171.3,228.3,1.6,460.0,243.5
2018-12-23T07:38:45,30.8,174.2,240.1,1.5,470.0,244.4
2018-12-23T07:39:16,30.9,177.2,224.2,1.5,470.0,244.4
2018-12-23T07:39:47,30.9,169.5,240.1,1.5,480.0,245.4
2018-12-23T07:40:18,30.9,184.8,218.8,1.6,480.0,243.5
2018-12-23T07:40:49,30.9,168.9,235.4,1.1,490.0,243.5
2018-12-23T07:41:21,30.8,162.4,230.7,1.7,490.0,243.5
2018-12-23T07:41:52,30.9,186.6,231.3,1.5,500.0,244.4
2018-12-23T07:42:23,30.9,187.2,234.8,1.6,500.0,242.5
2018-12-23T07:42:54,30.9,185.4,229.5,1.6,510.0,244.4
2018-12-23T07:43:25,30.9,180.7,235.4,1.5,520.0,243.5
2018-12-23T07:43:56,30.9,166.5,228.3,1.7,520.0,244.4
2018-12-23T07:44:27,30.9,169.5,239.5,1.8,530.0,244.4
2018-12-23T07:44:58,30.9,171.3,224.2,1.7,530.0,244.4
2018-12-23T07:45:29,31.0,169.5,245.5,1.8,540.0,245.4
2018-12-23T07:46:00,31.0,187.8,226.5,1.7,540.0,245.4
2018-12-23T07:46:31,31.1,181.9,240.7,1.7,550.0,245.4
2018-12-23T07:47:02,31.1,183.7,224.2,1.8,560.0,245.4
2018-12-23T07:47:33,31.2,187.8,238.4,1.7,560.0,244.4
2018-12-23T07:48:04,31.2,187.2,237.2,1.9,570.0,245.4
2018-12-23T07:48:35,31.1,183.7,225.4,1.9,570.0,244.4
2018-12-23T07:49:06,31.2,181.3,237.2,1.9,580.0,245.4
2018-12-23T07:49:37,31.2,179.5,232.4,1.8,590.0,246.4
2018-12-23T07:50:08,31.2,180.7,231.3,1.9,590.0,245.4
2018-12-23T07:50:40,31.4,188.4,237.2,1.9,600.0,245.4
2018-12-23T07:51:11,31.4,186.6,225.9,1.8,610.0,245.4
2018-12-23T07:51:42,31.5,181.3,235.4,1.9,610.0,243.5
2018-12-23T07:52:13,31.5,181.3,233.6,1.9,620.0,243.5
2018-12-23T07:52:44,31.6,185.4,233.0,2.0,630.0,243.5
2018-12-23T07:53:15,31.5,187.8,231.3,1.9,630.0,241.5
2018-12-23T07:53:46,31.6,188.4,234.2,2.0,640.0,242.5
2018-12-23T07:54:17,31.6,183.7,239.5,2.0,650.0,243.5
2018-12-23T07:54:48,31.6,181.9,224.2,2.1,650.0,243.5
2018-12-23T07:55:19,31.6,182.5,237.2,2.0,660.0,243.5
2018-12-23T07:55:51,31.6,189.6,229.5,1.9,670.0,242.5
2018-12-23T07:56:22,31.7,187.8,239.5,2.1,670.0,242.5
2018-12-23T07:56:53,31.8,186.0,223.6,2.1,680.0,243.5
2018-12-23T07:57:24,31.9,184.3,241.3,2.2,690.0,243.5
2018-12-23T07:57:55,31.9,188.4,223.6,2.1,700.0,244.4
2018-12-23T07:58:26,31.9,191.9,231.3,2.2,700.0,244.4
2018-12-23T07:58:57,31.9,196.7,234.8,2.2,710.0,245.4
2018-12-23T07:59:28,31.8,190.2,229.5,2.2,720.0,245.4
2018-12-23T07:59:59,31.8,196.7,237.2,2.1,730.0,245.4
2018-12-23T08:00:30,31.8,196.7,223.6,2.2,730.0,245.4
2018-12-23T08:01:02,31.8,190.2,237.2,2.2,740.0,245.4
2018-12-23T08:01:33,31.8,196.7,227.7,2.3,750.0,246.4
2018-12-23T08:02:04,31.9,193.7,234.8,2.2,760.0,243.5
2018-12-23T08:02:35,31.9,197.3,231.9,2.2,770.0,243.5
2018-12-23T08:03:06,32.0,193.1,228.9,2.2,770.0,243.5
2018-12-23T08:03:37,32.0,194.9,233.6,2.2,780.0,244.4
2018-12-23T08:04:08,32.0,190.8,233.6,2.3,790.0,243.5
2018-12-23T08:04:39,32.0,197.3,228.9,2.3,800.0,245.4
2018-12-23T08:05:10,32.0,189.6,234.8,2.4,810.0,244.4
2018-12-23T08:05:41,32.0,192.5,227.7,2.3,810.0,243.5
2018-12-23T08:06:13,32.0,189.6,222.4,2.5,820.0,245.4
2018-12-23T08:06:44,32.0,196.7,228.3,2.3,830.0,244.4
2018-12-23T08:07:15,31.9,191.9,233.0,2.5,840.0,243.5
2018-12-23T08:07:46,31.9,189.6,224.2,2.4,850.0,245.4
2018-12-23T08:08:17,32.0,196.1,231.9,2.5,860.0,244.4
2018-12-23T08:08:48,32.0,190.8,221.8,2.6,870.0,244.4
2018-12-23T08:09:19,32.2,194.9,239.5,2.6,870.0,244.4
2018-12-23T08:09:50,32.2,191.9,224.2,2.5,880.0,244.4
2018-12-23T08:10:21,32.2,190.8,237.8,2.5,890.0,242.5
2018-12-23T08:10:52,32.2,189.6,234.2,2.6,900.0,243.5
2018-12-23T08:11:24,32.2,194.9,225.9,2.5,910.0,243.5
2018-12-23T08:11:55,32.3,195.5,230.7,2.5,920.0,241.5
2018-12-23T08:12:26,32.3,187.8,234.2,2.6,930.0,243.5
2018-12-23T08:12:57,32.3,196.1,220.6,2.6,940.0,243.5
2018-12-23T08:13:28,32.3,194.9,241.3,2.7,950.0,244.4
2018-12-23T08:13:59,32.4,191.9,257.9,1.9,950.0,244.4
2018-12-23T08:14:30,32.3,193.7,236.0,3.0,960.0,244.4
2018-12-23T08:15:01,32.3,199.6,233.6,2.9,970.0,244.4
2018-12-23T08:15:32,32.4,207.3,221.2,2.8,990.0,244.4
2018-12-23T08:16:04,32.5,200.2,240.7,2.9,1000.0,244.4
2018-12-23T08:16:35,32.5,202.6,219.4,3.0,1010.0,243.5
2018-12-23T08:17:06,32.5,202.6,239.5,3.0,1020.0,245.4
2018-12-23T08:17:37,32.6,206.7,229.5,3.1,1030.0,246.4
2018-12-23T08:18:08,32.6,203.7,230.7,3.0,1040.0,246.4
2018-12-23T08:18:39,32.7,201.4,231.3,3.1,1050.0,246.4
2018-12-23T08:19:10,32.9,203.7,227.7,3.0,1060.0,247.3
2018-12-23T08:19:41,33.0,199.6,231.9,3.0,1070.0,246.4
2018-12-23T08:20:12,33.1,205.5,228.3,2.9,1090.0,246.4
2018-12-23T08:20:43,33.1,203.7,224.8,3.0,1100.0,247.3
2018-12-23T08:21:15,33.2,204.3,230.1,3.0,1110.0,246.4
2018-12-23T08:21:46,33.2,201.4,237.2,3.0,1120.0,246.4
2018-12-23T08:22:17,33.3,199.6,223.6,3.1,1130.0,247.3
2018-12-23T08:22:48,33.4,202.0,225.4,3.1,1140.0,247.3
2018-12-23T08:23:19,33.4,197.3,235.4,2.9,1150.0,245.4
2018-12-23T08:23:50,33.5,196.1,213.5,3.1,1160.0,245.4
2018-12-23T08:24:21,33.5,209.7,236.0,3.2,1170.0,246.4
2018-12-23T08:24:52,33.5,217.3,215.9,3.2,1180.0,244.4
2018-12-23T08:25:23,33.7,213.8,235.4,1.4,1190.0,243.5
2018-12-23T08:25:54,33.7,196.1,236.0,3.3,1200.0,245.4
2018-12-23T08:26:26,33.5,210.2,230.7,2.0,1210.0,243.5
2018-12-23T08:26:57,33.4,210.2,229.5,3.4,1220.0,245.4
2018-12-23T08:27:28,33.4,220.3,225.4,2.7,1230.0,244.4
2018-12-23T08:27:59,33.5,222.1,230.7,2.9,1250.0,245.4
2018-12-23T08:28:30,33.4,204.3,234.8,3.3,1260.0,243.5
2018-12-23T08:29:01,33.5,214.4,231.3,3.0,1270.0,244.4
2018-12-23T08:29:32,33.7,199.6,220.6,3.3,1280.0,245.4
2018-12-23T08:30:03,33.7,208.5,227.1,3.3,1290.0,244.4
2018-12-23T08:30:34,33.8,216.2,233.0,3.2,1310.0,244.4
2018-12-23T08:31:06,33.7,208.5,220.6,3.4,1320.0,244.4
2018-12-23T08:31:37,33.5,215.6,232.4,3.4,1330.0,245.4
2018-12-23T08:32:08,33.5,201.4,231.3,3.4,1340.0,244.4
2018-12-23T08:32:39,33.7,203.7,223.0,3.4,1360.0,244.4
2018-12-23T08:33:10,33.7,204.9,233.0,3.5,1370.0,244.4
2018-12-23T08:33:41,33.5,203.7,233.6,3.5,1380.0,244.4
2018-12-23T08:34:12,33.5,207.3,230.1,3.4,1390.0,243.5
2018-12-23T08:34:43,33.8,203.7,229.5,3.4,1410.0,246.4
2018-12-23T08:35:14,33.9,205.5,220.6,3.3,1420.0,244.4
2018-12-23T08:35:46,33.9,205.5,223.6,3.4,1430.0,244.4
2018-12-23T08:36:17,33.9,205.5,228.3,3.4,1440.0,243.5
2018-12-23T08:36:48,33.8,199.6,230.1,3.5,1460.0,245.4
2018-12-23T08:37:19,33.7,199.0,228.9,3.5,1470.0,246.4
2018-12-23T08:37:50,33.7,202.6,229.5,3.5,1480.0,243.5
2018-12-23T08:38:21,33.5,199.0,220.0,3.6,1500.0,243.5
2018-12-23T08:38:52,33.8,199.6,225.9,3.7,1510.0,244.4
2018-12-23T08:39:23,33.8,199.0,220.6,3.8,1520.0,243.5
2018-12-23T08:39:54,33.9,199.0,236.0,3.9,1530.0,244.4
2018-12-23T08:40:25,34.0,199.6,226.5,3.7,1550.0,242.5
2018-12-23T08:40:57,34.1,207.9,217.7,3.5,1560.0,242.5
2018-12-23T08:41:28,34.1,203.7,223.0,3.8,1570.0,243.5
2018-12-23T08:41:59,34.1,203.2,232.4,3.7,1590.0,243.5
2018-12-23T08:42:30,34.0,201.4,224.2,3.9,1600.0,244.4
2018-12-23T08:43:01,34.1,199.0,232.4,3.7,1610.0,243.5
2018-12-23T08:43:32,34.2,189.0,225.4,1.2,1630.0,238.6
2018-12-23T08:44:03,34.1,179.5,215.9,1.6,1630.0,238.6
2018-12-23T08:44:34,34.0,199.6,225.4,4.2,1650.0,241.5
2018-12-23T08:45:05,34.0,187.8,221.2,4.4,1660.0,242.5
2018-12-23T08:45:37,34.2,189.0,231.3,4.4,1680.0,241.5
2018-12-23T08:46:08,34.4,188.4,229.5,4.5,1690.0,241.5
2018-12-23T08:46:39,34.5,182.5,225.9,4.5,1710.0,240.6
2018-12-23T08:47:10,34.6,189.6,235.4,4.5,1720.0,241.5
2018-12-23T08:47:41,34.7,187.2,219.4,4.7,1740.0,242.5
2018-12-23T08:48:12,34.7,189.0,228.3,3.2,1750.0,240.6
2018-12-23T08:48:43,34.5,186.6,228.3,4.9,1770.0,242.5
2018-12-23T08:49:14,34.5,184.8,221.8,4.8,1790.0,244.4
2018-12-23T08:49:45,34.6,183.7,219.4,4.8,1800.0,246.4
2018-12-23T08:50:16,34.7,183.1,223.6,4.8,1820.0,245.4
2018-12-23T08:50:48,34.8,186.0,220.6,4.6,1830.0,243.5
2018-12-23T08:51:19,34.9,185.4,220.6,4.5,1850.0,243.5
2018-12-23T08:51:50,34.9,185.4,223.6,4.6,1860.0,243.5
2018-12-23T08:52:21,35.2,178.3,226.5,4.6,1880.0,244.4
2018-12-23T08:52:52,35.3,181.3,226.5,4.6,1890.0,243.5
2018-12-23T08:53:23,35.2,180.1,217.7,4.7,1910.0,243.5
2018-12-23T08:53:54,35.2,182.5,221.8,4.7,1920.0,243.5
2018-12-23T08:54:25,35.0,182.5,215.3,4.7,1940.0,241.5
2018-12-23T08:54:56,35.2,184.8,225.9,4.5,1950.0,244.4
2018-12-23T08:55:27,35.3,178.3,213.5,4.8,1970.0,243.5
2018-12-23T08:55:59,35.4,180.7,232.4,4.8,1980.0,243.5
2018-12-23T08:56:30,35.5,167.7,223.0,5.1,2000.0,244.4
2018-12-23T08:57:01,35.5,177.8,228.3,5.0,2010.0,245.4
2018-12-23T08:57:32,35.5,183.7,211.7,4.8,2030.0,244.4
2018-12-23T08:58:03,35.5,180.1,230.1,5.0,2050.0,246.4
2018-12-23T08:58:34,35.5,179.5,207.6,5.2,2060.0,244.4
2018-12-23T08:59:05,35.4,180.7,204.1,4.4,2080.0,243.5
2018-12-23T08:59:36,35.3,172.4,216.5,5.3,2090.0,245.4
2018-12-23T09:00:07,35.3,183.7,211.7,5.1,2110.0,246.4
2018-12-23T09:00:39,35.3,180.7,218.3,5.1,2130.0,244.4
2018-12-23T09:01:10,35.3,168.9,208.2,5.5,2140.0,242.5
2018-12-23T09:01:41,35.3,172.4,223.0,5.4,2160.0,243.5
2018-12-23T09:02:12,35.4,183.1,221.8,5.4,2180.0,242.5
2018-12-23T09:02:43,35.6,180.7,213.5,4.3,2200.0,244.4
2018-12-23T09:03:14,35.6,182.5,212.9,5.4,2210.0,243.5
2018-12-23T09:03:45,35.5,161.8,226.5,4.7,2230.0,240.6
2018-12-23T09:04:16,35.5,177.8,213.5,1.9,2230.0,239.6
2018-12-23T09:04:47,35.6,181.3,223.6,5.6,2240.0,242.5
2018-12-23T09:05:18,35.6,184.8,227.1,5.1,2260.0,243.5
2018-12-23T09:05:50,35.6,181.9,224.2,5.4,2280.0,244.4
2018-12-23T09:06:21,35.5,186.0,217.7,5.1,2300.0,243.5
2018-12-23T09:06:52,35.4,182.5,217.1,5.2,2320.0,242.5
2018-12-23T09:07:23,35.4,184.8,218.3,5.1,2330.0,242.5
2018-12-23T09:07:54,35.5,184.3,226.5,5.1,2350.0,241.5
2018-12-23T09:08:25,35.5,183.1,223.6,5.3,2370.0,243.5
2018-12-23T09:08:56,35.6,181.9,217.1,5.4,2380.0,243.5
2018-12-23T09:09:27,35.6,179.5,217.1,5.3,2400.0,244.4
2018-12-23T09:09:58,35.7,181.3,226.5,5.3,2420.0,246.4
2018-12-23T09:10:29,35.7,183.7,224.2,5.3,2440.0,245.4
2018-12-23T09:11:01,35.6,185.4,211.7,5.4,2460.0,243.5
2018-12-23T09:11:32,35.7,180.1,217.7,5.5,2470.0,245.4
2018-12-23T09:12:03,35.7,186.6,224.2,5.5,2490.0,245.4
2018-12-23T09:12:34,35.9,185.4,222.4,5.6,2510.0,245.4
2018-12-23T09:13:05,36.1,182.5,216.5,5.7,2530.0,247.3
2018-12-23T09:13:36,36.1,182.5,214.1,5.6,2550.0,246.4
2018-12-23T09:14:07,36.1,184.8,219.4,5.4,2570.0,247.3
2018-12-23T09:14:38,36.1,182.5,224.2,5.6,2590.0,249.3
2018-12-23T09:15:09,36.1,176.6,207.6,5.3,2600.0,247.3
2018-12-23T09:15:40,36.1,175.4,223.6,5.7,2620.0,246.4
2018-12-23T09:16:12,36.2,182.5,211.2,5.4,2640.0,248.3
2018-12-23T09:16:43,36.3,181.3,216.5,5.6,2660.0,248.3
2018-12-23T09:17:14,36.4,180.7,210.0,5.6,2680.0,246.4
2018-12-23T09:17:45,36.5,182.5,212.9,5.6,2690.0,247.3
2018-12-23T09:18:16,36.7,180.7,224.8,5.7,2710.0,248.3
2018-12-23T09:18:47,36.5,176.6,218.3,3.5,2730.0,245.4
2018-12-23T09:19:18,36.8,162.4,215.3,6.4,2740.0,246.4
2018-12-23T09:19:49,36.9,165.4,217.1,6.3,2760.0,246.4
2018-12-23T09:20:20,36.9,164.2,230.1,4.5,2780.0,242.5
2018-12-23T09:20:51,37.0,164.2,227.7,2.3,2790.0,241.5
2018-12-23T09:21:23,37.1,152.9,217.1,5.1,2800.0,244.4
2018-12-23T09:21:54,37.1,157.7,215.9,4.8,2820.0,242.5
2018-12-23T09:22:25,37.0,171.3,205.8,6.3,2830.0,242.5
2018-12-23T09:22:56,36.9,173.0,221.2,6.1,2850.0,246.4
2018-12-23T09:23:27,37.0,181.9,215.3,6.1,2870.0,245.4
2018-12-23T09:23:58,36.9,167.1,215.3,6.4,2890.0,243.5
2018-12-23T09:24:29,36.9,163.6,220.6,6.5,2910.0,245.4
2018-12-23T09:25:00,37.0,182.5,228.3,1.9,2930.0,243.5
2018-12-23T09:25:31,36.9,181.3,218.8,1.3,2930.0,240.6
2018-12-23T09:26:03,37.0,177.2,209.4,1.2,2940.0,240.6
2018-12-23T09:26:34,37.1,176.6,216.5,1.2,2940.0,239.6
2018-12-23T09:27:05,37.1,164.2,208.8,1.2,2950.0,240.6
2018-12-23T09:27:36,37.1,185.4,216.5,1.0,2950.0,239.6
2018-12-23T09:28:07,37.1,164.2,235.4,1.4,2950.0,241.5
2018-12-23T09:28:38,37.1,140.5,222.4,5.8,2960.0,244.4
2018-12-23T09:29:09,37.1,179.5,210.0,6.6,2980.0,246.4
2018-12-23T09:29:40,37.2,190.2,207.0,4.7,3000.0,244.4
2018-12-23T09:30:11,37.2,181.9,200.5,2.4,3010.0,241.5
2018-12-23T09:30:42,37.1,190.8,222.4,2.1,3020.0,242.5
2018-12-23T09:31:14,37.1,191.3,214.1,1.9,3020.0,241.5
2018-12-23T09:31:45,37.2,154.7,192.2,7.2,3040.0,244.4
2018-12-23T09:32:16,37.4,169.5,219.4,6.9,3060.0,245.4
2018-12-23T09:32:47,37.4,184.8,220.0,6.5,3080.0,245.4
2018-12-23T09:33:18,37.5,167.7,220.0,7.0,3100.0,246.4
2018-12-23T09:33:49,37.1,170.7,211.7,6.8,3120.0,247.3
2018-12-23T09:34:20,37.2,171.9,215.3,6.7,3150.0,247.3
2018-12-23T09:34:51,37.4,178.9,209.4,5.7,3170.0,248.3
2018-12-23T09:35:22,37.5,164.2,225.4,6.9,3180.0,247.3
2018-12-23T09:35:53,37.6,168.3,216.5,6.8,3200.0,244.4
2018-12-23T09:36:25,37.7,165.4,213.5,7.0,3230.0,246.4
2018-12-23T09:36:56,37.8,160.6,231.3,7.3,3250.0,247.3
2018-12-23T09:37:27,37.9,184.8,241.9,5.5,3260.0,246.4
2018-12-23T09:37:58,37.8,184.8,222.4,1.7,3280.0,243.5
2018-12-23T09:38:29,37.6,209.7,201.7,1.4,3280.0,244.4
2018-12-23T09:39:00,37.7,188.4,214.1,2.8,3290.0,244.4
2018-12-23T09:39:31,37.7,163.6,230.7,6.6,3300.0,244.4
2018-12-23T09:40:02,37.8,164.2,212.9,7.6,3320.0,247.3
2018-12-23T09:40:33,37.9,167.7,215.3,7.4,3340.0,250.2
2018-12-23T09:41:05,38.0,166.5,211.2,7.0,3370.0,247.3
2018-12-23T09:41:36,37.9,166.5,220.6,7.6,3390.0,249.3
2018-12-23T09:42:07,38.0,180.7,230.7,4.5,3410.0,245.4
2018-12-23T09:42:38,38.2,191.9,230.1,2.4,3420.0,245.4
2018-12-23T09:43:09,38.3,171.9,223.0,7.1,3440.0,248.3
2018-12-23T09:43:40,38.3,169.5,216.5,7.2,3460.0,248.3
2018-12-23T09:44:11,38.4,165.9,214.7,7.1,3490.0,249.3
2018-12-23T09:44:42,38.3,168.3,218.3,6.9,3510.0,248.3
2018-12-23T09:45:13,38.4,178.9,217.1,6.5,3530.0,246.4
2018-12-23T09:45:44,38.5,168.9,212.9,6.4,3550.0,248.3
2018-12-23T09:46:16,38.5,161.8,215.9,6.7,3570.0,248.3
2018-12-23T09:46:47,38.6,165.9,215.9,6.5,3590.0,250.2
2018-12-23T09:47:18,38.7,163.0,212.3,6.6,3610.0,247.3
2018-12-23T09:47:49,38.7,166.5,209.4,6.4,3630.0,250.2
2018-12-23T09:48:20,38.7,163.6,210.0,6.5,3650.0,249.3
2018-12-23T09:48:51,38.9,163.6,218.3,6.4,3670.0,249.3
2018-12-23T09:49:22,39.0,164.8,210.6,6.3,3690.0,246.4
2018-12-23T09:49:53,39.0,167.7,213.5,6.3,3700.0,247.3
2018-12-23T09:50:24,39.1,161.8,220.0,6.4,3720.0,248.3
2018-12-23T09:50:55,39.1,165.4,215.9,6.4,3740.0,249.3
2018-12-23T09:51:27,39.0,165.9,214.7,6.4,3760.0,249.3
2018-12-23T09:51:58,39.1,165.4,207.0,6.5,3780.0,251.2
2018-12-23T09:52:29,39.1,159.4,213.5,6.6,3800.0,249.3
2018-12-23T09:53:00,39.2,157.1,215.9,6.8,3820.0,250.2
2018-12-23T09:53:31,39.2,159.4,218.8,6.8,3840.0,249.3
2018-12-23T09:54:02,39.3,163.6,214.7,6.6,3860.0,250.2
2018-12-23T09:54:33,39.3,165.9,206.4,6.5,3880.0,250.2
2018-12-23T09:55:04,39.3,163.0,218.3,6.7,3900.0,249.3
2018-12-23T09:55:35,39.3,160.6,220.0,7.0,3920.0,247.3
2018-12-23T09:56:07,39.4,155.3,215.9,7.2,3940.0,248.3
2018-12-23T09:56:38,39.4,160.6,208.8,7.1,3960.0,248.3
2018-12-23T09:57:09,39.4,165.9,204.1,6.9,3990.0,249.3
2018-12-23T09:57:40,39.5,160.6,205.8,7.3,4010.0,247.3
2018-12-23T09:58:11,39.7,161.2,203.5,7.3,4030.0,250.2
2018-12-23T09:58:42,39.8,160.6,207.0,7.2,4050.0,249.3
2018-12-23T09:59:13,39.8,157.1,204.1,7.4,4070.0,249.3
2018-12-23T09:59:44,39.9,164.2,205.8,7.0,4090.0,248.3
2018-12-23T10:00:15,39.9,161.2,201.1,7.2,4110.0,249.3
2018-12-23T10:00:46,40.0,157.1,208.2,2.9,4130.0,246.4
2018-12-23T10:01:18,40.0,161.2,209.4,1.2,4130.0,242.5
2018-12-23T10:01:49,40.0,159.4,212.3,1.3,4140.0,241.5
2018-12-23T10:02:20,40.0,158.3,206.4,1.3,4140.0,243.5
2018-12-23T10:02:51,39.8,167.1,215.3,1.3,4140.0,242.5
2018-12-23T10:03:22,39.8,178.3,190.4,1.4,4150.0,243.5
2018-12-23T10:03:53,39.8,177.8,192.8,1.5,4150.0,243.5
2018-12-23T10:04:24,39.7,179.5,211.7,1.5,4160.0,243.5
2018-12-23T10:04:55,39.4,184.8,224.8,1.5,4160.0,243.5
2018-12-23T10:05:26,39.3,185.4,223.6,1.5,4170.0,243.5
2018-12-23T10:05:57,39.2,164.2,216.5,1.5,4180.0,244.4
2018-12-23T10:06:29,39.2,184.3,216.5,1.4,4180.0,241.5
2018-12-23T10:07:00,39.0,187.8,223.0,1.4,4190.0,240.6
2018-12-23T10:07:31,39.0,209.1,220.6,1.3,4190.0,241.5
2018-12-23T10:08:02,39.0,204.3,224.8,1.4,4200.0,242.5
2018-12-23T10:08:33,38.9,203.7,223.0,1.2,4200.0,241.5
2018-12-23T10:09:04,38.9,213.2,236.6,1.4,4210.0,241.5
2018-12-23T10:09:35,38.9,215.6,221.8,1.4,4210.0,242.5
2018-12-23T10:10:06,39.0,190.2,199.3,1.7,4220.0,241.5
2018-12-23T10:10:37,38.9,179.5,196.4,2.1,4230.0,241.5
2018-12-23T10:11:09,38.7,176.6,224.2,2.2,4240.0,243.5
2018-12-23T10:11:40,38.7,150.0,246.6,3.1,4240.0,243.5
2018-12-23T10:12:11,38.7,169.5,217.7,8.4,4260.0,249.3
2018-12-23T10:12:42,38.6,177.2,224.2,6.5,4290.0,248.3
2018-12-23T10:13:13,38.5,178.9,217.1,5.8,4300.0,247.3
2018-12-23T10:13:44,38.5,171.3,213.5,6.9,4330.0,248.3
2018-12-23T10:14:15,38.5,173.6,217.7,4.7,4350.0,249.3
2018-12-23T10:14:46,38.4,167.7,220.6,8.3,4370.0,248.3
2018-12-23T10:15:17,38.5,169.5,231.3,8.4,4400.0,247.3
2018-12-23T10:15:48,38.6,168.9,209.4,8.5,4420.0,248.3
2018-12-23T10:16:20,38.7,171.3,209.4,8.1,4450.0,249.3
2018-12-23T10:16:51,39.0,167.1,215.3,8.3,4470.0,249.3
2018-12-23T10:17:22,39.1,167.1,213.5,8.0,4500.0,249.3
2018-12-23T10:17:53,39.2,159.4,212.3,7.5,4520.0,248.3
2018-12-23T10:18:24,39.2,168.3,207.6,8.0,4550.0,248.3
2018-12-23T10:18:55,39.2,165.4,208.2,8.1,4570.0,249.3
2018-12-23T10:19:26,39.4,164.8,206.4,8.1,4600.0,248.3
2018-12-23T10:19:57,39.5,160.0,207.0,8.2,4620.0,247.3
2018-12-23T10:20:28,39.3,163.0,207.6,8.0,4640.0,248.3
2018-12-23T10:20:59,39.3,160.0,208.8,8.2,4670.0,249.3
2018-12-23T10:21:31,39.4,163.6,209.4,8.0,4690.0,248.3
2018-12-23T10:22:02,39.5,164.8,207.0,5.7,4720.0,249.3
2018-12-23T10:22:33,39.8,160.6,203.5,1.7,4740.0,244.4
2018-12-23T10:23:04,39.8,166.5,206.4,1.3,4740.0,239.6
2018-12-23T10:23:35,39.9,180.1,206.4,1.2,4750.0,238.6
2018-12-23T10:24:06,40.0,180.1,208.8,1.2,4750.0,240.6
2018-12-23T10:24:37,40.0,178.9,218.3,1.2,4760.0,240.6
2018-12-23T10:25:08,40.0,165.4,244.9,7.5,4770.0,246.4
2018-12-23T10:25:39,40.0,163.0,211.2,7.8,4790.0,247.3
2018-12-23T10:26:11,40.1,165.9,210.6,7.5,4810.0,247.3
2018-12-23T10:26:42,40.2,164.8,216.5,7.6,4840.0,246.4
2018-12-23T10:27:13,40.2,157.1,211.7,7.9,4860.0,246.4
2018-12-23T10:27:44,40.4,155.9,211.7,8.0,4880.0,246.4
2018-12-23T10:28:15,40.5,151.8,195.2,4.7,4900.0,246.4
2018-12-23T10:28:46,40.5,152.4,189.9,2.0,4910.0,241.5
2018-12-23T10:29:17,40.5,161.2,187.5,4.2,4920.0,244.4
2018-12-23T10:29:48,40.5,164.2,206.4,5.9,4940.0,244.4
2018-12-23T10:30:19,40.6,168.9,202.9,7.6,4960.0,247.3
2018-12-23T10:30:50,40.6,155.3,210.6,2.3,4980.0,245.4
2018-12-23T10:31:22,40.6,162.4,237.2,4.8,4990.0,245.4
2018-12-23T10:31:53,40.6,148.2,214.7,2.6,5000.0,242.5
2018-12-23T10:32:24,40.6,157.7,204.1,2.4,5010.0,242.5
2018-12-23T10:32:55,40.2,150.0,223.0,3.3,5030.0,243.5
2018-12-23T10:33:26,40.2,149.4,213.5,8.5,5040.0,247.3
2018-12-23T10:33:57,39.9,159.4,211.2,8.1,5070.0,248.3
2018-12-23T10:34:28,39.5,157.7,214.1,7.6,5090.0,248.3
2018-12-23T10:34:59,39.3,158.3,212.9,7.6,5110.0,248.3
2018-12-23T10:35:30,39.3,165.9,214.7,7.6,5140.0,247.3
2018-12-23T10:36:01,39.5,163.6,208.2,7.9,5160.0,248.3
2018-12-23T10:36:32,39.8,164.2,210.0,7.9,5180.0,249.3
2018-12-23T10:37:03,40.0,161.2,210.0,8.1,5210.0,249.3
2018-12-23T10:37:34,40.1,162.4,209.4,8.2,5230.0,249.3
2018-12-23T10:38:05,40.2,165.9,196.4,3.1,5250.0,245.4
2018-12-23T10:38:37,40.2,191.3,197.0,3.7,5270.0,247.3
2018-12-23T10:39:08,40.4,175.4,205.2,3.8,5280.0,245.4
2018-12-23T10:39:39,40.5,167.1,212.3,5.4,5300.0,244.4
2018-12-23T10:40:10,40.5,176.6,204.6,2.6,5310.0,242.5
2018-12-23T10:40:41,40.6,190.8,218.3,4.1,5330.0,244.4
2018-12-23T10:41:13,40.7,176.0,197.5,5.3,5340.0,243.5
2018-12-23T10:41:44,40.7,163.0,190.4,9.0,5360.0,247.3
2018-12-23T10:42:15,40.8,164.2,204.1,3.4,5380.0,242.5
2018-12-23T10:42:46,40.8,169.5,227.7,5.5,5390.0,243.5
2018-12-23T10:43:17,40.8,176.0,209.4,3.3,5410.0,243.5
2018-12-23T10:43:48,40.8,171.9,213.5,1.9,5420.0,240.6
2018-12-23T10:44:19,40.9,184.8,216.5,1.7,5430.0,240.6
2018-12-23T10:44:50,40.7,177.2,177.4,7.6,5440.0,242.5
2018-12-23T10:45:21,40.6,181.3,197.0,5.6,5450.0,245.4
2018-12-23T10:45:52,40.7,171.3,215.3,8.0,5480.0,247.3
2018-12-23T10:46:24,40.8,166.5,206.4,8.4,5510.0,247.3
2018-12-23T10:46:55,40.9,163.0,213.5,8.4,5530.0,247.3
2018-12-23T10:47:26,41.0,163.0,207.0,8.1,5560.0,246.4
2018-12-23T10:47:57,41.2,160.6,209.4,8.4,5580.0,246.4
2018-12-23T10:48:28,41.2,163.6,209.4,8.4,5610.0,246.4
2018-12-23T10:48:59,41.3,148.8,167.4,3.3,5630.0,240.6
2018-12-23T10:49:30,41.3,171.9,137.8,4.7,5640.0,242.5
2018-12-23T10:50:01,41.3,164.2,205.2,2.1,5650.0,240.6
2018-12-23T10:50:32,41.3,150.6,189.3,2.9,5650.0,242.5
2018-12-23T10:51:04,41.3,145.9,195.2,1.8,5660.0,239.6
2018-12-23T10:51:35,41.3,157.7,212.3,1.5,5670.0,239.6
2018-12-23T10:52:06,41.2,163.6,218.3,1.5,5670.0,239.6
2018-12-23T10:52:37,41.2,154.7,207.0,1.7,5680.0,238.6
2018-12-23T10:53:08,41.2,150.0,211.2,1.6,5680.0,241.5
2018-12-23T10:53:39,41.2,165.4,224.2,1.6,5690.0,241.5
2018-12-23T10:54:10,41.2,190.2,208.2,1.6,5700.0,242.5
2018-12-23T10:54:41,41.0,168.3,214.7,1.9,5700.0,242.5
2018-12-23T10:55:12,40.9,162.4,222.4,2.0,5710.0,242.5
2018-12-23T10:55:43,40.8,159.4,214.7,2.0,5720.0,242.5
2018-12-23T10:56:15,40.8,162.4,215.3,1.8,5720.0,242.5
2018-12-23T10:56:46,40.7,139.4,194.6,2.4,5730.0,243.5
2018-12-23T10:57:17,40.6,136.4,194.6,3.0,5740.0,240.6
2018-12-23T10:57:48,40.6,164.8,228.9,3.2,5750.0,243.5
2018-12-23T10:58:19,40.6,147.6,234.2,9.5,5770.0,246.4
2018-12-23T10:58:50,40.6,142.3,219.4,6.9,5800.0,246.4
2018-12-23T10:59:21,40.4,152.4,234.8,4.3,5820.0,243.5
2018-12-23T10:59:52,40.4,160.6,217.1,2.5,5830.0,241.5
2018-12-23T11:00:23,40.4,163.6,218.8,2.3,5840.0,241.5
2018-12-23T11:00:54,40.5,159.4,220.6,2.3,5840.0,239.6
2018-12-23T11:01:26,40.5,158.9,220.6,2.3,5850.0,239.6
2018-12-23T11:01:57,40.6,173.6,240.1,8.8,5870.0,245.4
2018-12-23T11:02:28,40.6,173.6,224.8,2.0,5890.0,242.5
2018-12-23T11:02:59,40.7,201.4,236.6,2.9,5900.0,243.5
2018-12-23T11:03:30,40.7,207.3,212.9,4.1,5920.0,245.4
2018-12-23T11:04:01,40.7,204.9,213.5,3.3,5940.0,245.4
2018-12-23T11:04:32,40.8,174.2,216.5,8.4,5970.0,246.4
2018-12-23T11:05:03,40.7,166.5,201.1,8.4,6000.0,244.4
2018-12-23T11:05:34,40.7,168.3,213.5,2.6,6010.0,241.5
2018-12-23T11:06:06,40.8,151.8,215.3,3.0,6020.0,242.5
2018-12-23T11:06:37,40.8,160.0,208.8,2.8,6030.0,241.5
2018-12-23T11:07:08,40.8,191.3,226.5,5.0,6040.0,245.4
2018-12-23T11:07:39,40.9,203.2,223.6,4.0,6060.0,246.4
2018-12-23T11:08:10,40.9,202.6,209.4,4.1,6090.0,245.4
2018-12-23T11:08:41,41.0,180.1,204.6,2.2,6110.0,240.6
2018-12-23T11:09:12,41.0,177.2,208.2,1.8,6110.0,239.6
2018-12-23T11:09:43,40.9,181.9,208.8,1.6,6120.0,238.6
2018-12-23T11:10:14,40.9,177.2,212.3,1.6,6130.0,238.6
2018-12-23T11:10:45,41.0,179.5,212.9,1.7,6130.0,239.6
2018-12-23T11:11:17,40.9,185.4,215.9,1.5,6140.0,240.6
2018-12-23T11:11:48,40.6,184.8,208.8,1.5,6140.0,242.5
2018-12-23T11:12:19,40.6,186.0,220.6,1.6,6150.0,241.5
2018-12-23T11:12:50,40.6,187.8,221.2,1.4,6160.0,242.5
2018-12-23T11:13:21,40.7,183.1,211.7,1.6,6160.0,242.5
2018-12-23T11:13:52,40.6,180.1,227.1,1.6,6170.0,241.5
2018-12-23T11:14:23,40.5,186.6,214.1,1.5,6170.0,242.5
2018-12-23T11:14:54,40.1,191.9,233.6,1.4,6180.0,242.5
2018-12-23T11:15:25,40.1,186.6,223.6,1.7,6190.0,242.5
2018-12-23T11:15:56,40.1,192.5,211.7,1.6,6190.0,241.5
2018-12-23T11:16:28,40.0,190.2,213.5,1.8,6200.0,243.5
2018-12-23T11:16:59,40.1,178.3,239.0,1.9,6210.0,243.5
2018-12-23T11:17:30,40.1,175.4,212.9,2.4,6220.0,243.5
2018-12-23T11:18:01,40.0,193.1,219.4,1.9,6220.0,244.4
2018-12-23T11:18:32,39.8,184.8,223.0,1.9,6230.0,244.4
2018-12-23T11:19:03,39.5,190.8,224.2,2.0,6240.0,244.4
2018-12-23T11:19:34,39.5,197.8,237.2,2.0,6250.0,243.5
2018-12-23T11:20:05,39.5,210.2,205.8,2.1,6260.0,244.4
2018-12-23T11:20:36,39.4,219.1,198.7,1.7,6270.0,243.5
2018-12-23T11:21:08,39.5,208.5,228.3,2.7,6280.0,246.4
2018-12-23T11:21:39,39.4,189.6,239.0,4.9,6290.0,249.3
2018-12-23T11:22:10,39.5,180.7,243.7,6.9,6320.0,249.3
2018-12-23T11:22:41,39.7,184.3,223.6,6.0,6340.0,251.2
2018-12-23T11:23:12,39.5,167.1,209.4,5.0,6370.0,250.2
2018-12-23T11:23:43,39.3,180.7,204.1,4.7,6380.0,248.3
2018-12-23T11:24:14,39.3,179.5,207.6,5.5,6400.0,250.2
2018-12-23T11:24:45,39.4,166.5,215.9,6.2,6430.0,250.2
2018-12-23T11:25:16,39.5,150.6,210.0,8.5,6460.0,251.2
2018-12-23T11:25:47,39.8,143.5,211.7,9.3,6480.0,251.2
2018-12-23T11:26:19,39.9,141.1,204.1,9.6,6510.0,250.2
2018-12-23T11:26:50,40.1,135.8,201.7,9.9,6540.0,250.2
2018-12-23T11:27:21,40.2,144.1,204.6,9.4,6560.0,248.3
2018-12-23T11:27:52,40.4,142.3,208.2,9.6,6590.0,250.2
2018-12-23T11:28:23,40.5,143.5,196.4,6.2,6620.0,250.2
2018-12-23T11:28:54,40.5,145.9,202.3,8.7,6640.0,251.2
2018-12-23T11:29:25,40.2,140.0,207.0,9.3,6670.0,251.2
2018-12-23T11:29:56,40.4,144.7,207.6,9.3,6690.0,252.2
2018-12-23T11:30:27,40.4,152.4,207.0,7.9,6720.0,250.2
2018-12-23T11:30:58,40.2,142.3,193.4,9.5,6750.0,251.2
2018-12-23T11:31:30,40.4,147.6,210.0,8.9,6770.0,249.3
2018-12-23T11:32:01,40.4,144.7,224.2,4.0,6780.0,246.4
2018-12-23T11:32:32,40.5,151.8,216.5,2.8,6790.0,244.4
2018-12-23T11:33:03,40.5,154.7,208.2,2.4,6800.0,244.4
2018-12-23T11:33:34,40.6,154.7,224.8,2.5,6810.0,244.4
2018-12-23T11:34:05,40.6,163.6,187.5,4.6,6820.0,247.3
2018-12-23T11:34:36,40.7,150.0,189.3,3.0,6830.0,245.4
2018-12-23T11:35:07,40.6,147.6,205.2,2.6,6840.0,245.4
2018-12-23T11:35:38,40.6,164.8,213.5,2.4,6850.0,244.4
2018-12-23T11:36:10,40.5,140.5,186.3,4.1,6860.0,244.4
2018-12-23T11:36:41,40.5,131.7,194.6,10.5,6890.0,247.3
2018-12-23T11:37:12,40.4,134.6,214.1,10.4,6910.0,249.3
2018-12-23T11:37:43,40.0,132.3,211.2,10.3,6940.0,249.3
2018-12-23T11:38:14,40.1,140.0,208.2,3.0,6960.0,243.5
2018-12-23T11:38:45,40.4,152.4,211.7,2.5,6960.0,243.5
2018-12-23T11:39:16,40.5,156.5,211.2,2.2,6970.0,244.4
2018-12-23T11:39:47,40.6,164.8,217.7,2.2,6980.0,244.4
2018-12-23T11:40:18,40.4,154.7,219.4,2.3,6990.0,245.4
2018-12-23T11:40:49,40.2,165.4,218.8,2.3,7000.0,245.4
2018-12-23T11:41:21,40.0,165.9,218.8,2.3,7000.0,245.4
2018-12-23T11:41:52,39.8,166.5,224.2,2.2,7010.0,244.4
2018-12-23T11:42:23,39.9,166.5,224.2,2.2,7020.0,245.4
2018-12-23T11:42:54,39.9,166.5,218.3,2.3,7030.0,245.4
2018-12-23T11:43:25,39.7,168.3,214.7,2.3,7040.0,243.5
2018-12-23T11:43:56,39.4,191.9,225.9,2.2,7050.0,244.4
2018-12-23T11:44:27,39.4,190.8,197.5,2.3,7060.0,245.4
2018-12-23T11:44:58,39.3,203.7,220.0,3.4,7080.0,248.3
2018-12-23T11:45:29,39.1,201.4,220.6,3.3,7100.0,247.3
2018-12-23T11:46:00,39.2,190.8,212.9,2.9,7120.0,245.4
2018-12-23T11:46:31,39.4,206.1,215.9,2.5,7140.0,248.3
2018-12-23T11:47:02,39.5,224.4,218.3,2.0,7150.0,247.3
2018-12-23T11:47:33,39.7,223.2,199.9,1.7,7160.0,245.4
2018-12-23T11:48:04,39.7,216.2,224.2,2.4,7180.0,246.4
2018-12-23T11:48:35,39.5,222.7,218.3,2.5,7190.0,246.4
2018-12-23T11:49:06,39.5,209.7,214.1,3.7,7210.0,247.3
2018-12-23T11:49:37,39.7,198.4,213.5,2.1,7220.0,243.5
2018-12-23T11:50:08,39.8,207.3,210.6,1.8,7230.0,242.5
2018-12-23T11:50:40,39.8,210.8,213.5,1.9,7240.0,242.5
2018-12-23T11:51:11,39.8,197.3,220.6,2.1,7250.0,244.4
2018-12-23T11:51:42,39.9,217.3,225.4,1.9,7260.0,244.4
2018-12-23T11:52:13,39.9,199.6,199.9,2.1,7270.0,244.4
2018-12-23T11:52:44,40.0,188.4,204.6,4.0,7290.0,247.3
2018-12-23T11:53:15,40.1,176.0,211.7,4.8,7310.0,247.3
2018-12-23T11:53:46,40.2,163.6,216.5,5.9,7330.0,247.3
2018-12-23T11:54:17,40.4,148.2,214.7,9.5,7360.0,248.3
2018-12-23T11:54:48,40.5,137.6,204.6,9.1,7390.0,248.3
2018-12-23T11:55:19,40.5,126.4,201.7,7.4,7410.0,248.3
2018-12-23T11:55:51,40.6,116.3,191.6,7.1,7430.0,245.4
2018-12-23T11:56:22,40.6,123.4,193.4,2.6,7440.0,240.6
2018-12-23T11:56:53,40.7,140.5,210.6,2.3,7450.0,242.5
2018-12-23T11:57:24,40.8,154.1,213.5,2.1,7460.0,242.5
2018-12-23T11:57:55,40.8,158.9,213.5,2.0,7470.0,242.5
2018-12-23T11:58:26,40.8,161.8,214.7,1.7,7470.0,243.5
2018-12-23T11:58:57,40.8,152.9,218.3,1.8,7480.0,242.5
2018-12-23T11:59:28,40.8,172.4,215.3,1.6,7490.0,242.5
2018-12-23T11:59:59,40.8,177.2,220.0,1.6,7490.0,243.5
2018-12-23T12:00:30,40.7,183.1,217.7,1.5,7500.0,242.5
2018-12-23T12:01:02,40.7,182.5,213.5,1.6,7500.0,242.5
2018-12-23T12:01:33,40.7,187.8,215.3,1.5,7510.0,242.5
2018-12-23T12:02:04,40.7,210.8,218.3,1.4,7520.0,242.5
2018-12-23T12:02:35,40.7,211.4,225.9,1.4,7520.0,241.5
2018-12-23T12:03:06,40.7,213.2,210.6,1.3,7530.0,241.5
2018-12-23T12:03:37,40.7,213.2,225.9,1.4,7530.0,242.5
2018-12-23T12:04:08,40.6,207.3,223.6,1.4,7540.0,241.5
2018-12-23T12:04:39,40.5,201.4,213.5,1.5,7550.0,242.5
2018-12-23T12:05:10,40.5,211.4,230.1,1.6,7560.0,243.5
2018-12-23T12:05:41,40.5,193.7,208.8,1.9,7560.0,244.4
2018-12-23T12:06:13,40.5,208.5,212.3,1.9,7580.0,244.4
2018-12-23T12:06:44,40.5,205.5,223.0,1.9,7590.0,243.5
2018-12-23T12:07:15,40.5,218.5,209.4,1.9,7600.0,245.4
2018-12-23T12:07:46,40.5,212.0,212.3,1.8,7610.0,242.5
2018-12-23T12:08:17,40.4,216.7,218.8,1.6,7620.0,243.5
2018-12-23T12:08:48,40.5,196.1,216.5,2.1,7630.0,245.4
2018-12-23T12:09:19,40.5,190.8,229.5,2.1,7640.0,245.4
2018-12-23T12:09:50,40.5,189.6,222.4,2.0,7640.0,245.4
2018-12-23T12:10:21,40.5,188.4,217.7,1.9,7650.0,244.4
2018-12-23T12:10:52,40.5,189.6,220.0,2.0,7660.0,244.4
2018-12-23T12:11:24,40.5,200.8,214.7,2.0,7670.0,246.4
2018-12-23T12:11:55,40.5,188.4,225.4,3.1,7690.0,250.2
2018-12-23T12:12:26,40.5,176.6,216.5,3.1,7710.0,249.3
2018-12-23T12:12:57,40.6,187.2,219.4,3.1,7730.0,251.2
2018-12-23T12:13:28,40.7,196.7,201.1,2.9,7750.0,247.3
2018-12-23T12:13:59,40.5,196.7,207.6,2.8,7780.0,249.3
2018-12-23T12:14:30,40.6,204.3,204.1,2.4,7800.0,250.2
2018-12-23T12:15:01,40.7,218.5,201.1,2.5,7820.0,251.2
2018-12-23T12:15:33,40.8,222.1,221.8,2.4,7840.0,249.3
2018-12-23T12:16:04,40.9,209.7,194.0,1.9,7850.0,247.3
2018-12-23T12:16:35,41.0,183.1,223.0,2.9,7870.0,249.3
2018-12-23T12:17:06,41.0,168.3,197.0,2.8,7890.0,247.3
2018-12-23T12:17:37,41.2,170.7,206.4,2.3,7900.0,245.4
2018-12-23T12:18:08,41.2,173.6,206.4,2.3,7910.0,246.4
2018-12-23T12:18:39,41.2,180.7,211.2,2.0,7910.0,244.4
2018-12-23T12:19:10,41.2,176.6,212.3,2.1,7920.0,246.4
2018-12-23T12:19:41,41.2,187.2,204.1,1.9,7930.0,245.4
2018-12-23T12:20:12,41.3,197.3,206.4,2.0,7940.0,245.4
2018-12-23T12:20:44,41.3,196.7,217.1,2.0,7950.0,244.4
2018-12-23T12:21:15,41.3,184.8,215.3,2.2,7960.0,246.4
2018-12-23T12:21:46,41.3,178.3,246.6,2.9,7970.0,249.3
2018-12-23T12:22:17,41.2,181.9,231.9,2.5,7980.0,248.3
2018-12-23T12:22:48,41.3,171.9,227.1,2.3,8000.0,246.4
2018-12-23T12:23:19,41.3,153.5,207.6,2.9,8010.0,246.4
2018-12-23T12:23:50,41.3,146.4,200.5,3.0,8020.0,246.4
2018-12-23T12:24:21,41.3,154.1,222.4,3.1,8030.0,248.3
2018-12-23T12:24:52,41.3,168.3,211.2,3.8,8050.0,251.2
2018-12-23T12:25:23,41.3,163.0,208.2,4.1,8080.0,249.3
2018-12-23T12:25:55,41.3,164.2,199.3,4.4,8100.0,249.3
2018-12-23T12:26:26,41.4,166.5,205.2,2.6,8120.0,247.3
2018-12-23T12:26:57,41.3,160.6,215.9,2.7,8130.0,247.3
2018-12-23T12:27:28,41.2,178.3,231.3,2.8,8140.0,247.3
2018-12-23T12:27:59,40.9,184.3,198.1,3.7,8160.0,250.2
2018-12-23T12:28:30,40.9,189.0,200.5,2.7,8180.0,247.3
2018-12-23T12:29:01,41.0,186.6,209.4,2.4,8190.0,246.4
2018-12-23T12:29:32,41.0,202.6,239.5,2.9,8200.0,248.3
2018-12-23T12:30:03,40.7,214.4,209.4,3.1,8220.0,249.3
2018-12-23T12:30:35,40.7,211.4,185.7,2.5,8240.0,246.4
2018-12-23T12:31:06,40.8,214.4,222.4,2.4,8250.0,246.4
2018-12-23T12:31:37,40.9,212.6,216.5,2.2,8260.0,245.4
2018-12-23T12:32:08,41.0,204.3,213.5,1.9,8270.0,246.4
2018-12-23T12:32:39,41.0,204.3,211.2,1.9,8280.0,244.4
2018-12-23T12:33:10,41.0,206.7,213.5,1.8,8290.0,243.5
2018-12-23T12:33:41,40.9,211.4,218.8,1.7,8300.0,244.4
2018-12-23T12:34:12,40.9,204.3,220.6,1.8,8300.0,244.4
2018-12-23T12:34:43,40.9,180.1,191.6,2.2,8310.0,246.4
2018-12-23T12:35:14,40.8,187.8,172.7,2.8,8330.0,248.3
2018-12-23T12:35:46,40.8,177.2,175.1,2.8,8340.0,250.2
2018-12-23T12:36:17,40.7,173.6,168.6,3.2,8360.0,249.3
2018-12-23T12:36:48,40.6,183.7,154.4,2.9,8370.0,250.2
2018-12-23T12:37:19,40.7,182.5,179.8,2.7,8390.0,250.2
2018-12-23T12:37:50,40.8,182.5,212.3,2.0,8400.0,245.4
2018-12-23T12:38:21,40.8,184.8,214.1,2.0,8410.0,245.4
2018-12-23T12:38:52,40.9,177.2,208.8,2.0,8420.0,244.4
2018-12-23T12:39:23,40.9,179.5,213.5,1.9,8430.0,244.4
2018-12-23T12:39:54,40.9,186.0,222.4,1.8,8430.0,243.5
2018-12-23T12:40:25,40.9,182.5,212.9,1.9,8440.0,246.4
2018-12-23T12:40:57,40.9,187.8,215.9,1.7,8450.0,244.4
2018-12-23T12:41:28,40.8,184.8,218.3,1.7,8450.0,244.4
2018-12-23T12:41:59,40.8,185.4,216.5,1.6,8460.0,243.5
2018-12-23T12:42:30,40.8,187.2,216.5,1.4,8470.0,243.5
2018-12-23T12:43:01,40.8,187.2,217.1,1.5,8470.0,244.4
2018-12-23T12:43:32,40.8,181.3,215.3,1.4,8480.0,244.4
2018-12-23T12:44:03,40.8,183.7,225.4,1.4,8490.0,244.4
2018-12-23T12:44:34,40.8,189.6,226.5,1.2,8490.0,244.4
2018-12-23T12:45:05,40.8,193.7,222.4,1.2,8500.0,244.4
2018-12-23T12:45:37,40.7,214.4,217.7,1.1,8500.0,244.4
2018-12-23T12:46:09,40.5,215.0,221.2,1.1,8510.0,244.4
2018-12-23T12:46:41,40.4,205.5,225.9,1.2,8510.0,245.4
2018-12-23T12:47:12,40.1,203.7,230.7,1.3,8520.0,245.4
2018-12-23T12:47:43,40.1,216.2,225.9,1.2,8520.0,244.4
2018-12-23T12:48:14,39.9,215.6,214.7,1.2,8530.0,244.4
2018-12-23T12:48:45,39.9,210.8,225.4,1.2,8540.0,247.3
2018-12-23T12:49:16,40.0,206.7,211.2,2.2,8550.0,251.2
2018-12-23T12:49:47,40.0,195.5,223.0,2.3,8570.0,251.2
2018-12-23T12:50:18,40.1,197.3,211.2,2.2,8590.0,251.2
2018-12-23T12:50:49,40.1,199.6,206.4,2.2,8620.0,251.2
2018-12-23T12:51:21,40.1,194.9,199.9,1.8,8630.0,249.3
2018-12-23T12:51:52,40.2,209.7,204.1,1.5,8650.0,249.3
2018-12-23T12:52:23,40.2,193.7,234.8,2.1,8660.0,250.2
2018-12-23T12:52:54,40.4,195.5,219.4,2.3,8670.0,252.2
2018-12-23T12:53:25,40.2,186.0,210.6,2.3,8690.0,251.2
2018-12-23T12:53:56,40.4,206.1,205.2,2.1,8710.0,252.2
2018-12-23T12:54:27,40.5,196.7,202.3,2.2,8740.0,252.2
2018-12-23T12:54:58,40.6,196.1,208.2,2.3,8760.0,252.2
2018-12-23T12:55:29,40.7,196.7,206.4,2.3,8780.0,250.2
2018-12-23T12:56:00,40.8,177.2,203.5,2.8,8800.0,251.2
2018-12-23T12:56:31,40.8,175.4,217.1,2.3,8820.0,249.3
2018-12-23T12:57:02,40.9,169.5,209.4,2.0,8830.0,247.3
2018-12-23T12:57:33,40.9,187.2,192.2,1.9,8830.0,246.4
2018-12-23T12:58:04,41.0,176.6,178.6,2.8,8850.0,251.2
2018-12-23T12:58:35,41.0,187.2,204.6,2.5,8870.0,252.2
2018-12-23T12:59:06,41.2,198.4,198.7,2.2,8890.0,251.2
2018-12-23T12:59:37,41.2,203.7,214.7,2.2,8910.0,253.1
2018-12-23T13:00:08,41.0,207.3,210.6,2.1,8930.0,253.1
2018-12-23T13:00:40,41.2,199.6,196.4,2.5,8950.0,251.2
2018-12-23T13:01:11,41.3,198.4,204.1,2.3,8970.0,252.2
2018-12-23T13:01:42,41.3,202.6,199.3,1.9,8980.0,250.2
2018-12-23T13:02:13,41.4,204.9,202.3,1.8,9000.0,247.3
2018-12-23T13:02:44,41.4,203.7,208.8,1.6,9000.0,248.3
2018-12-23T13:03:15,41.5,204.3,211.7,1.4,9010.0,247.3
2018-12-23T13:03:46,41.5,204.9,209.4,1.4,9020.0,247.3
2018-12-23T13:04:17,41.5,200.2,218.3,1.3,9030.0,246.4
2018-12-23T13:04:48,41.5,210.2,211.7,1.3,9030.0,246.4
2018-12-23T13:05:19,41.4,212.0,211.2,1.2,9040.0,247.3
2018-12-23T13:05:51,41.4,208.5,217.7,1.3,9050.0,245.4
2018-12-23T13:06:22,41.4,212.0,214.7,1.3,9050.0,245.4
2018-12-23T13:06:53,41.4,208.5,213.5,1.3,9060.0,245.4
2018-12-23T13:07:24,41.2,209.1,214.7,1.3,9060.0,245.4
2018-12-23T13:07:55,41.2,208.5,218.3,1.2,9070.0,244.4
2018-12-23T13:08:26,41.2,206.7,218.3,1.3,9080.0,244.4
2018-12-23T13:08:57,41.2,206.7,215.3,1.1,9080.0,244.4
2018-12-23T13:09:28,41.0,210.2,214.1,1.0,9080.0,244.4
2018-12-23T13:09:59,41.0,209.7,212.9,1.0,9090.0,244.4
2018-12-23T13:10:30,41.0,199.6,223.6,1.0,9090.0,243.5
2018-12-23T13:11:02,41.0,204.3,212.3,1.0,9100.0,244.4
2018-12-23T13:11:33,41.0,201.4,231.3,1.1,9100.0,244.4
2018-12-23T13:12:04,40.9,208.5,207.0,1.0,9110.0,244.4
2018-12-23T13:12:35,40.9,199.6,223.6,1.1,9110.0,245.4
2018-12-23T13:13:06,40.8,210.8,215.3,1.1,9120.0,244.4
2018-12-23T13:13:37,40.8,195.5,233.6,1.2,9120.0,244.4
2018-12-23T13:14:08,40.7,210.2,218.8,1.1,9130.0,243.5
2018-12-23T13:14:39,40.7,215.0,228.3,1.1,9130.0,243.5
2018-12-23T13:15:10,40.7,194.9,211.7,1.3,9140.0,243.5
2018-12-23T13:15:41,40.7,191.9,225.4,1.3,9140.0,242.5
2018-12-23T13:16:13,40.7,215.6,227.7,1.2,9150.0,245.4
2018-12-23T13:16:44,40.7,201.4,232.4,1.3,9150.0,245.4
2018-12-23T13:17:15,40.6,213.8,213.5,1.3,9160.0,243.5
2018-12-23T13:17:46,40.5,215.6,236.6,1.2,9170.0,245.4
2018-12-23T13:18:17,40.5,199.6,212.3,1.4,9170.0,246.4
2018-12-23T13:18:48,40.5,179.5,232.4,1.5,9180.0,245.4
2018-12-23T13:19:19,40.4,156.5,243.7,1.8,9190.0,247.3
2018-12-23T13:19:50,40.2,177.2,211.2,1.8,9190.0,249.3
2018-12-23T13:20:21,40.4,192.5,230.1,1.7,9200.0,247.3
2018-12-23T13:20:52,40.4,216.2,231.3,1.9,9220.0,253.1
2018-12-23T13:21:24,40.2,222.7,228.9,1.8,9240.0,252.2
2018-12-23T13:21:55,40.4,234.5,223.6,1.5,9260.0,252.2
2018-12-23T13:22:26,40.2,224.4,211.2,1.6,9280.0,253.1
2018-12-23T13:22:57,40.4,230.3,210.0,1.6,9300.0,252.2
2018-12-23T13:23:28,40.5,228.6,211.7,1.6,9320.0,254.1
2018-12-23T13:23:59,40.5,230.9,216.5,1.4,9340.0,253.1
2018-12-23T13:24:30,40.6,232.7,207.0,1.4,9350.0,251.2
2018-12-23T13:25:01,40.6,223.2,204.1,1.5,9370.0,252.2
2018-12-23T13:25:32,40.7,222.7,208.8,1.4,9390.0,252.2
2018-12-23T13:26:04,40.7,230.3,208.2,1.5,9410.0,252.2
2018-12-23T13:26:35,40.7,229.7,209.4,1.5,9430.0,252.2
2018-12-23T13:27:06,40.7,222.7,208.2,1.5,9450.0,252.2
2018-12-23T13:27:37,40.8,219.7,210.6,1.7,9470.0,251.2
2018-12-23T13:28:08,40.8,209.7,199.3,1.8,9490.0,251.2
2018-12-23T13:28:39,40.8,222.7,189.9,1.4,9500.0,252.2
2018-12-23T13:29:10,40.9,204.9,192.2,1.3,9510.0,247.3
2018-12-23T13:29:41,40.9,206.7,206.4,1.3,9520.0,248.3
2018-12-23T13:30:12,40.9,213.2,208.2,1.2,9520.0,247.3
2018-12-23T13:30:43,40.8,207.3,220.0,1.3,9530.0,245.4
2018-12-23T13:31:15,40.8,206.1,205.2,1.2,9530.0,247.3
2018-12-23T13:31:46,40.8,199.6,225.4,1.4,9540.0,245.4
2018-12-23T13:32:17,40.8,192.5,225.4,1.6,9550.0,245.4
2018-12-23T13:32:48,40.8,194.9,211.7,1.4,9550.0,247.3
2018-12-23T13:33:19,40.8,179.5,220.6,1.7,9560.0,246.4
2018-12-23T13:33:50,40.8,197.8,208.2,1.5,9570.0,246.4
2018-12-23T13:34:21,40.8,182.5,223.6,1.7,9580.0,246.4
2018-12-23T13:34:52,40.8,191.9,221.8,1.8,9580.0,247.3
2018-12-23T13:35:23,40.8,199.0,232.4,1.7,9590.0,247.3
2018-12-23T13:35:54,40.8,220.9,215.9,1.7,9600.0,248.3
2018-12-23T13:36:26,40.8,225.0,215.9,1.8,9620.0,249.3
2018-12-23T13:36:57,40.8,214.4,215.9,1.4,9630.0,244.4
2018-12-23T13:37:28,40.9,216.2,218.8,1.3,9640.0,244.4
2018-12-23T13:37:59,40.8,211.4,221.2,1.2,9650.0,244.4
2018-12-23T13:38:30,40.8,204.3,223.6,1.3,9650.0,244.4
2018-12-23T13:39:01,40.8,209.1,224.8,1.4,9660.0,245.4
2018-12-23T13:39:32,40.8,216.2,213.5,1.4,9670.0,245.4
2018-12-23T13:40:03,40.6,219.1,183.9,1.5,9670.0,246.4
2018-12-23T13:40:34,40.6,225.0,191.0,1.5,9680.0,246.4
2018-12-23T13:41:06,40.6,203.2,224.2,2.1,9700.0,251.2
2018-12-23T13:41:37,40.6,215.6,211.2,1.8,9710.0,247.3
2018-12-23T13:42:08,40.7,216.7,219.4,1.7,9720.0,245.4
2018-12-23T13:42:39,40.7,219.7,223.0,1.6,9730.0,245.4
2018-12-23T13:43:10,40.6,219.7,222.4,1.6,9740.0,245.4
2018-12-23T13:43:41,40.6,213.2,223.6,1.5,9750.0,245.4
2018-12-23T13:44:12,40.6,213.8,225.9,1.5,9750.0,245.4
2018-12-23T13:44:43,40.6,213.8,211.2,1.5,9760.0,246.4
2018-12-23T13:45:14,40.7,206.7,235.4,1.6,9770.0,246.4
2018-12-23T13:45:45,40.6,183.7,216.5,1.9,9780.0,244.4
2018-12-23T13:46:17,40.6,189.0,214.7,2.1,9790.0,246.4
2018-12-23T13:46:48,40.6,193.1,226.5,2.0,9800.0,249.3
2018-12-23T13:47:19,40.5,193.7,223.6,1.9,9810.0,246.4
2018-12-23T13:47:50,40.6,187.8,212.3,1.9,9820.0,244.4
2018-12-23T13:48:21,40.6,192.5,225.4,1.8,9830.0,244.4
2018-12-23T13:48:52,40.4,193.1,227.7,1.8,9840.0,245.4
2018-12-23T13:49:23,40.4,188.4,225.9,1.7,9840.0,245.4
2018-12-23T13:49:54,40.4,196.7,224.2,1.6,9850.0,244.4
2018-12-23T13:50:25,40.4,194.3,243.1,1.6,9860.0,244.4
2018-12-23T13:50:56,40.4,199.6,218.3,1.9,9870.0,250.2
2018-12-23T13:51:28,40.2,206.7,219.4,1.9,9890.0,249.3
2018-12-23T13:51:59,40.4,206.1,213.5,1.8,9920.0,250.2
2018-12-23T13:52:30,40.2,209.7,218.3,1.6,9930.0,246.4
2018-12-23T13:53:01,40.2,216.2,203.5,1.5,9940.0,245.4
2018-12-23T13:53:32,39.9,214.4,216.5,1.5,9950.0,245.4
2018-12-23T13:54:03,39.8,216.7,219.4,1.5,9960.0,246.4
2018-12-23T13:54:34,39.9,213.8,218.8,1.5,9970.0,244.4
2018-12-23T13:55:05,39.9,218.5,223.0,1.5,9970.0,245.4
2018-12-23T13:55:36,39.9,215.6,230.1,1.4,9980.0,245.4
2018-12-23T13:56:08,39.8,212.6,228.3,1.4,9990.0,244.4
2018-12-23T13:56:39,39.8,219.1,218.8,1.4,9990.0,244.4
2018-12-23T13:57:10,39.7,211.4,222.4,1.5,10000.0,245.4
2018-12-23T13:57:41,39.8,213.8,227.7,1.4,10010.0,245.4
2018-12-23T13:58:12,39.8,216.2,224.2,1.4,10020.0,244.4
2018-12-23T13:58:43,39.8,213.8,232.4,1.3,10020.0,245.4
2018-12-23T13:59:14,39.8,218.5,231.3,1.5,10030.0,246.4
2018-12-23T13:59:45,39.8,213.8,233.0,1.5,10040.0,245.4
2018-12-23T14:00:16,39.9,206.7,214.7,1.5,10050.0,246.4
2018-12-23T14:00:47,39.9,215.6,199.3,1.4,10060.0,246.4
2018-12-23T14:01:19,39.9,219.7,229.5,1.5,10060.0,246.4
2018-12-23T14:01:50,39.9,218.5,226.5,1.4,10070.0,245.4
2018-12-23T14:02:21,39.9,215.0,223.6,1.5,10080.0,245.4
2018-12-23T14:02:52,39.9,212.0,230.1,1.5,10090.0,244.4
2018-12-23T14:03:23,39.9,213.8,231.3,1.5,10090.0,244.4
2018-12-23T14:03:54,39.9,206.1,233.6,1.5,10100.0,244.4
2018-12-23T14:04:25,39.9,219.1,224.8,1.4,10110.0,245.4
2018-12-23T14:04:56,39.9,209.7,220.0,1.4,10120.0,244.4
2018-12-23T14:05:27,39.9,217.9,188.1,1.6,10120.0,246.4
2018-12-23T14:05:58,39.9,219.7,208.8,1.6,10140.0,247.3
2018-12-23T14:06:30,39.9,204.3,225.9,1.8,10150.0,248.3
2018-12-23T14:07:01,40.0,205.5,219.4,1.7,10170.0,248.3
2018-12-23T14:07:32,40.0,208.5,217.7,1.5,10180.0,244.4
2018-12-23T14:08:03,40.0,196.7,234.8,1.5,10180.0,244.4
2018-12-23T14:08:34,40.0,174.2,248.4,1.7,10190.0,245.4
2018-12-23T14:09:05,40.1,156.5,220.0,2.1,10210.0,250.2
2018-12-23T14:09:36,40.1,177.8,217.1,1.9,10230.0,249.3
2018-12-23T14:10:07,40.1,194.3,214.1,1.8,10250.0,249.3
2018-12-23T14:10:38,40.2,217.3,217.7,1.7,10260.0,250.2
2018-12-23T14:11:10,40.2,223.2,208.2,1.5,10280.0,248.3
2018-12-23T14:11:41,40.2,217.9,214.7,1.6,10300.0,249.3
2018-12-23T14:12:12,40.4,214.4,211.7,1.6,10320.0,248.3
2018-12-23T14:12:43,40.4,220.3,204.1,1.7,10340.0,248.3
2018-12-23T14:13:14,40.4,216.7,204.1,1.6,10360.0,248.3
2018-12-23T14:13:45,40.5,212.6,205.2,1.7,10380.0,248.3
2018-12-23T14:14:16,40.5,221.5,215.3,1.7,10390.0,249.3
2018-12-23T14:14:47,40.6,214.4,204.6,1.8,10410.0,248.3
2018-12-23T14:15:18,40.6,219.1,193.4,1.7,10430.0,248.3
2018-12-23T14:15:49,40.6,216.2,189.9,1.7,10450.0,248.3
2018-12-23T14:16:21,40.7,215.6,197.5,1.8,10460.0,248.3
2018-12-23T14:16:52,40.6,211.4,207.6,1.6,10480.0,247.3
2018-12-23T14:17:23,40.7,206.7,210.6,1.8,10490.0,250.2
2018-12-23T14:17:54,40.7,213.2,211.2,1.5,10510.0,245.4
2018-12-23T14:18:25,40.7,210.2,205.2,1.5,10510.0,245.4
2018-12-23T14:18:56,40.7,219.7,192.2,1.6,10530.0,249.3
2018-12-23T14:19:27,40.7,215.6,191.6,1.7,10540.0,247.3
2018-12-23T14:19:58,40.7,219.1,212.3,1.5,10550.0,246.4
2018-12-23T14:20:29,40.7,214.4,216.5,1.4,10560.0,245.4
2018-12-23T14:21:00,40.7,217.3,223.6,1.5,10570.0,246.4
2018-12-23T14:21:31,40.7,208.5,196.4,1.7,10580.0,247.3
2018-12-23T14:22:02,40.7,216.2,207.0,1.6,10600.0,247.3
2018-12-23T14:22:33,40.8,210.8,225.4,1.6,10610.0,246.4
2018-12-23T14:23:04,40.8,212.0,220.6,1.5,10620.0,245.4
2018-12-23T14:23:35,40.7,217.9,220.6,1.5,10620.0,247.3
2018-12-23T14:24:06,40.7,213.8,220.0,1.3,10630.0,243.5
2018-12-23T14:24:37,40.7,216.7,230.1,1.3,10640.0,242.5
2018-12-23T14:25:08,40.7,213.2,224.2,1.3,10640.0,245.4
2018-12-23T14:25:40,40.7,216.2,197.5,1.2,10650.0,244.4
2018-12-23T14:26:11,40.7,212.6,214.1,1.3,10660.0,243.5
2018-12-23T14:26:42,40.6,211.4,215.3,1.2,10660.0,243.5
2018-12-23T14:27:13,40.6,214.4,218.8,1.1,10670.0,242.5
2018-12-23T14:27:44,40.6,211.4,225.4,1.0,10670.0,241.5
2018-12-23T14:28:15,40.6,206.7,218.3,1.1,10680.0,242.5
2018-12-23T14:28:46,40.5,212.6,212.9,1.0,10680.0,239.6
2018-12-23T14:29:17,40.5,207.9,223.6,1.0,10690.0,240.6
2018-12-23T14:29:48,40.4,211.4,225.9,1.0,10690.0,241.5
2018-12-23T14:30:19,40.4,207.3,221.2,1.0,10700.0,241.5
2018-12-23T14:30:51,40.4,212.6,221.8,1.1,10700.0,241.5
2018-12-23T14:31:22,40.2,208.5,218.3,1.1,10710.0,239.6
2018-12-23T14:31:53,40.1,212.6,223.6,1.1,10710.0,242.5
2018-12-23T14:32:24,40.1,209.1,219.4,1.0,10720.0,241.5
2018-12-23T14:32:55,40.1,209.7,221.2,1.1,10720.0,242.5
2018-12-23T14:33:26,39.9,205.5,233.0,1.1,10730.0,242.5
2018-12-23T14:33:57,39.7,214.4,218.3,1.2,10730.0,243.5
2018-12-23T14:34:28,39.7,202.0,238.4,1.1,10740.0,244.4
2018-12-23T14:35:00,39.7,212.6,224.2,1.1,10740.0,242.5
2018-12-23T14:35:31,39.5,204.3,227.7,1.2,10750.0,244.4
2018-12-23T14:36:02,39.7,213.8,231.9,1.1,10750.0,243.5
2018-12-23T14:36:33,39.8,218.5,237.2,1.1,10760.0,243.5
2018-12-23T14:37:04,39.8,216.7,233.0,1.2,10770.0,245.4
2018-12-23T14:37:35,39.8,219.1,241.3,1.3,10770.0,244.4
2018-12-23T14:38:06,39.8,203.2,241.9,1.5,10780.0,247.3
2018-12-23T14:38:38,39.9,213.2,222.4,1.7,10790.0,245.4
2018-12-23T14:39:09,39.9,197.8,231.3,1.6,10810.0,246.4
2018-12-23T14:39:40,39.9,182.5,247.8,2.0,10820.0,247.3
2018-12-23T14:40:11,40.0,194.9,231.9,1.6,10830.0,245.4
2018-12-23T14:40:42,40.0,196.7,216.5,1.5,10840.0,245.4
2018-12-23T14:41:14,40.0,206.7,246.6,1.5,10850.0,248.3
2018-12-23T14:41:45,40.0,188.4,229.5,2.0,10860.0,250.2
2018-12-23T14:42:16,40.0,192.5,208.2,1.8,10880.0,252.2
2018-12-23T14:42:47,40.0,208.5,212.3,1.7,10900.0,250.2
2018-12-23T14:43:18,40.1,212.6,213.5,1.8,10910.0,246.4
2018-12-23T14:43:49,40.1,218.5,221.2,1.5,10930.0,248.3
2018-12-23T14:44:20,40.1,220.9,208.2,1.6,10940.0,247.3
2018-12-23T14:44:51,39.9,215.6,207.6,1.5,10950.0,245.4
2018-12-23T14:45:22,39.9,213.8,222.4,1.4,10960.0,242.5
2018-12-23T14:45:53,39.9,215.0,220.6,1.6,10970.0,246.4
2018-12-23T14:46:25,40.0,222.7,205.2,1.6,10980.0,249.3
2018-12-23T14:46:56,40.0,220.9,200.5,1.7,11000.0,251.2
2018-12-23T14:47:27,39.9,208.5,202.9,1.7,11020.0,250.2
2018-12-23T14:47:58,40.0,216.2,204.6,1.5,11030.0,249.3
2018-12-23T14:48:29,40.1,219.1,211.2,1.3,11050.0,248.3
2018-12-23T14:49:00,40.1,213.8,199.9,1.3,11060.0,250.2
2018-12-23T14:49:31,40.4,218.5,199.3,1.3,11080.0,249.3
2018-12-23T14:50:02,40.2,215.0,193.4,1.3,11090.0,250.2
2018-12-23T14:50:33,40.2,216.7,197.5,1.2,11110.0,248.3
2018-12-23T14:51:05,40.2,213.8,193.4,1.3,11120.0,248.3
2018-12-23T14:51:36,40.4,200.2,197.0,1.2,11140.0,248.3
2018-12-23T14:52:07,40.4,212.6,194.6,1.1,11150.0,250.2
2018-12-23T14:52:38,40.5,209.7,195.2,1.2,11170.0,249.3
2018-12-23T14:53:09,40.6,216.7,195.2,1.0,11180.0,250.2
2018-12-23T14:53:40,40.6,213.2,197.0,1.2,11190.0,247.3
2018-12-23T14:54:11,40.7,206.7,191.6,1.2,11210.0,248.3
2018-12-23T14:54:42,40.7,212.6,191.6,1.1,11220.0,246.4
2018-12-23T14:55:13,40.8,199.0,205.2,1.1,11230.0,245.4
2018-12-23T14:55:44,40.8,200.8,187.5,1.1,11240.0,245.4
2018-12-23T14:56:16,40.8,215.6,184.5,0.9,11250.0,245.4
2018-12-23T14:56:47,40.8,199.6,201.7,0.8,11260.0,242.5
2018-12-23T14:57:18,40.9,206.7,213.5,0.8,11260.0,244.4
2018-12-23T14:57:49,40.9,184.8,183.9,0.9,11270.0,243.5
2018-12-23T14:58:20,40.9,176.0,190.4,1.0,11270.0,244.4
2018-12-23T14:58:51,40.9,183.1,199.3,1.0,11280.0,243.5
2018-12-23T14:59:22,40.9,204.3,221.2,0.9,11280.0,241.5
2018-12-23T14:59:53,40.9,205.5,216.5,0.9,11290.0,240.6
2018-12-23T15:00:24,40.7,214.4,214.1,0.9,11290.0,242.5
2018-12-23T15:00:55,40.7,197.8,225.9,1.0,11300.0,241.5
2018-12-23T15:01:27,40.6,206.1,223.0,1.0,11300.0,244.4
2018-12-23T15:01:58,40.5,209.7,231.3,1.0,11310.0,243.5
2018-12-23T15:02:29,40.5,216.2,210.6,1.2,11310.0,242.5
2018-12-23T15:03:00,40.6,203.7,221.8,1.2,11320.0,244.4
2018-12-23T15:03:31,40.6,203.2,227.7,1.1,11330.0,243.5
2018-12-23T15:04:02,40.6,216.7,223.6,1.1,11330.0,243.5
2018-12-23T15:04:33,40.6,214.4,226.5,1.0,11340.0,243.5
2018-12-23T15:05:04,40.6,213.8,232.4,1.0,11340.0,241.5
2018-12-23T15:05:35,40.5,221.5,236.6,1.0,11350.0,241.5
2018-12-23T15:06:07,40.5,219.7,216.5,1.1,11360.0,243.5
2018-12-23T15:06:38,40.5,199.0,186.9,1.2,11360.0,244.4
2018-12-23T15:07:09,40.5,217.9,207.6,1.4,11370.0,244.4
2018-12-23T15:07:40,40.5,201.4,214.7,1.3,11380.0,244.4
2018-12-23T15:08:11,40.5,220.3,217.1,1.1,11390.0,243.5
2018-12-23T15:08:42,40.5,215.0,220.6,1.2,11400.0,243.5
2018-12-23T15:09:13,40.5,204.9,231.9,1.2,11400.0,244.4
2018-12-23T15:09:44,40.5,216.2,242.5,1.1,11410.0,242.5
2018-12-23T15:10:15,40.5,213.8,237.2,1.1,11420.0,242.5
2018-12-23T15:10:46,40.5,216.7,242.5,1.1,11420.0,241.5
2018-12-23T15:11:18,40.5,206.7,240.1,1.0,11430.0,242.5
2018-12-23T15:11:49,40.2,214.4,250.8,1.1,11430.0,243.5
2018-12-23T15:12:20,40.2,206.7,258.5,1.3,11440.0,244.4
2018-12-23T15:12:51,40.2,216.7,247.2,1.2,11450.0,248.3
2018-12-23T15:13:22,40.2,213.2,240.1,1.2,11450.0,247.3
2018-12-23T15:13:53,40.5,214.4,216.5,1.2,11460.0,246.4
2018-12-23T15:14:24,40.5,204.3,196.4,0.9,11470.0,244.4
2018-12-23T15:14:55,40.5,213.2,200.5,1.1,11480.0,246.4
2018-12-23T15:15:26,40.5,207.9,203.5,0.9,11480.0,242.5
2018-12-23T15:15:57,40.5,204.3,218.3,0.8,11490.0,242.5
2018-12-23T15:16:29,40.4,212.6,229.5,0.9,11490.0,244.4
2018-12-23T15:17:00,40.2,188.4,201.1,1.1,11500.0,243.5
2018-12-23T15:17:31,40.4,193.1,194.6,1.2,11510.0,246.4
2018-12-23T15:18:02,40.4,205.5,186.3,1.0,11510.0,243.5
2018-12-23T15:18:33,40.2,215.0,196.4,0.9,11520.0,241.5
2018-12-23T15:19:04,40.2,215.6,204.6,0.9,11520.0,241.5
2018-12-23T15:19:35,40.2,207.3,228.3,1.0,11530.0,241.5
2018-12-23T15:20:06,40.2,209.7,224.8,0.9,11530.0,241.5
2018-12-23T15:20:37,40.1,215.6,229.5,1.0,11540.0,240.6
2018-12-23T15:21:09,40.1,202.6,218.8,1.1,11540.0,240.6
2018-12-23T15:21:40,40.0,187.8,197.5,1.3,11550.0,243.5
2018-12-23T15:22:11,39.9,186.6,225.9,1.3,11550.0,241.5
2018-12-23T15:22:42,39.9,190.2,227.7,1.2,11560.0,241.5
2018-12-23T15:23:13,39.9,187.2,233.6,1.2,11560.0,242.5
2018-12-23T15:23:44,39.9,197.3,228.3,1.1,11570.0,242.5
2018-12-23T15:24:15,39.9,195.5,225.9,1.1,11570.0,241.5
2018-12-23T15:24:46,39.9,189.0,230.1,1.1,11580.0,241.5
2018-12-23T15:25:17,39.9,165.9,253.2,1.2,11580.0,242.5
2018-12-23T15:25:48,39.8,162.4,233.0,1.2,11590.0,242.5
2018-12-23T15:26:47,39.8,180.7,241.3,1.3,11600.0,248.3
2018-12-23T15:27:18,39.9,181.3,243.1,1.3,11610.0,247.3
2018-12-23T15:27:49,40.0,176.0,236.6,1.0,11620.0,242.5
2018-12-23T15:28:20,40.0,189.6,233.6,1.0,11620.0,241.5
2018-12-23T15:28:51,39.9,170.7,255.5,1.0,11620.0,242.5
2018-12-23T15:29:22,39.9,168.3,235.4,0.9,11630.0,242.5
2018-12-23T15:29:53,39.9,171.3,233.6,0.9,11630.0,240.6
2018-12-23T15:30:24,39.9,191.3,231.9,0.8,11640.0,240.6
2018-12-23T15:30:56,39.9,194.3,227.7,0.7,11640.0,241.5
2018-12-23T15:31:27,39.8,210.8,230.1,0.7,11650.0,241.5
2018-12-23T15:31:58,39.8,206.1,239.5,0.7,11650.0,241.5
2018-12-23T15:32:29,39.8,200.8,231.3,0.7,11650.0,240.6
2018-12-23T15:33:00,39.8,216.2,218.8,0.5,11650.0,239.6
2018-12-23T15:33:31,39.7,194.9,238.4,0.6,11660.0,240.6
2018-12-23T15:34:02,39.7,208.5,220.6,0.7,11660.0,240.6
2018-12-23T15:34:33,39.7,210.8,217.1,0.7,11660.0,242.5
2018-12-23T15:35:04,39.7,213.8,197.5,0.8,11670.0,246.4
2018-12-23T15:35:36,39.7,203.2,193.4,0.7,11680.0,242.5
2018-12-23T15:36:07,39.7,178.3,190.4,1.1,11680.0,245.4
2018-12-23T15:36:38,39.8,188.4,175.1,1.0,11690.0,245.4
2018-12-23T15:37:09,39.8,201.4,191.6,0.9,11700.0,245.4
2018-12-23T15:37:40,40.0,224.4,181.0,0.8,11710.0,246.4
2018-12-23T15:38:11,40.1,216.2,188.7,1.0,11730.0,247.3
2018-12-23T15:38:42,40.2,212.6,185.1,1.0,11740.0,246.4
2018-12-23T15:39:14,40.5,193.7,194.6,1.0,11750.0,245.4
2018-12-23T15:39:45,40.6,217.3,176.2,1.0,11760.0,245.4
2018-12-23T15:40:16,40.7,222.7,181.6,0.8,11770.0,245.4
2018-12-23T15:40:47,40.7,212.6,183.3,0.7,11780.0,246.4
2018-12-23T15:41:18,40.7,206.1,186.3,0.7,11790.0,244.4
2018-12-23T15:41:49,40.6,208.5,189.9,0.6,11790.0,241.5
2018-12-23T15:42:20,40.6,209.7,197.5,0.5,11790.0,240.6
2018-12-23T15:42:52,40.5,199.0,218.8,0.5,11800.0,239.6
2018-12-23T15:43:23,40.4,210.8,232.4,0.5,11800.0,239.6
2018-12-23T15:43:54,40.4,199.0,220.6,0.5,11800.0,239.6
2018-12-23T15:44:25,40.2,194.3,225.4,0.5,11800.0,240.6
2018-12-23T15:44:56,40.0,216.2,232.4,0.5,11810.0,241.5
2018-12-23T15:45:27,39.8,193.7,210.6,0.6,11810.0,241.5
2018-12-23T15:45:58,39.8,185.4,197.5,0.6,11810.0,239.6
2018-12-23T15:46:30,39.7,207.3,220.6,0.6,11820.0,239.6
2018-12-23T15:47:01,39.7,206.1,235.4,0.5,11820.0,239.6
2018-12-23T15:47:32,39.7,185.4,244.3,0.6,11820.0,239.6
2018-12-23T15:48:03,39.7,198.4,246.1,0.6,11830.0,239.6
2018-12-23T15:48:34,39.7,212.6,232.4,0.6,11830.0,240.6
2018-12-23T15:49:05,39.5,190.2,234.2,0.7,11830.0,242.5
2018-12-23T15:49:36,39.7,207.3,231.3,0.9,11840.0,246.4
2018-12-23T15:50:07,39.8,207.3,229.5,0.7,11840.0,244.4
2018-12-23T15:50:38,39.8,212.6,219.4,0.6,11840.0,240.6
2018-12-23T15:51:10,39.7,215.0,195.8,0.8,11850.0,244.4
2018-12-23T15:51:41,39.5,221.5,194.6,0.8,11860.0,245.4
2018-12-23T15:52:12,39.4,222.1,166.2,0.7,11870.0,246.4
2018-12-23T15:52:43,39.4,213.8,163.8,0.7,11880.0,247.3
2018-12-23T15:53:14,39.5,203.2,163.2,0.9,11890.0,245.4
2018-12-23T15:53:45,39.7,192.5,161.5,0.9,11900.0,245.4
2018-12-23T15:54:16,39.7,214.4,163.2,0.9,11910.0,245.4
2018-12-23T15:54:47,39.8,219.1,172.7,0.9,11910.0,243.5
2018-12-23T15:55:18,39.9,219.7,166.8,0.7,11920.0,245.4
2018-12-23T15:55:49,39.9,204.9,175.1,0.8,11930.0,246.4
2018-12-23T15:56:21,39.9,202.0,163.8,0.8,11940.0,245.4
2018-12-23T15:56:52,39.9,221.5,164.4,0.8,11950.0,244.4
2018-12-23T15:57:23,39.9,208.5,162.6,0.8,11960.0,244.4
2018-12-23T15:57:54,40.0,218.5,162.0,0.8,11970.0,244.4
2018-12-23T15:58:25,40.0,206.7,151.4,0.6,11970.0,241.5
2018-12-23T15:58:56,39.8,206.7,131.3,0.8,11980.0,243.5
2018-12-23T15:59:27,39.7,207.3,122.4,0.7,11980.0,243.5
2018-12-23T15:59:58,39.5,206.1,143.1,0.7,11980.0,242.5
2018-12-23T16:00:29,39.5,194.3,172.7,0.8,11990.0,243.5
2018-12-23T16:01:00,39.5,204.9,166.8,0.8,12000.0,243.5
2018-12-23T16:01:31,39.7,206.7,156.7,0.7,12010.0,243.5
2018-12-23T16:02:02,39.7,209.1,162.6,0.6,12010.0,242.5
2018-12-23T16:02:33,39.7,204.3,179.2,0.6,12020.0,243.5
2018-12-23T16:03:04,39.8,204.9,182.8,0.6,12020.0,241.5
2018-12-23T16:03:35,39.8,206.7,195.2,0.6,12020.0,242.5
2018-12-23T16:04:06,39.8,193.7,200.5,1.0,12030.0,245.4
2018-12-23T16:04:37,39.9,214.4,200.5,0.9,12030.0,245.4
2018-12-23T16:05:08,40.0,212.6,195.2,0.9,12040.0,245.4
2018-12-23T16:05:40,40.0,214.4,178.6,0.9,12050.0,247.3
2018-12-23T16:06:11,40.1,215.0,163.8,0.9,12060.0,246.4
2018-12-23T16:06:42,40.2,217.9,161.5,0.8,12060.0,246.4
2018-12-23T16:07:13,40.4,213.2,166.2,0.9,12070.0,246.4
2018-12-23T16:07:44,40.5,216.2,167.4,0.8,12080.0,246.4
2018-12-23T16:08:15,40.6,217.9,159.1,0.7,12090.0,247.3
2018-12-23T16:08:46,40.7,204.3,160.9,0.7,12100.0,247.3
2018-12-23T16:09:17,40.8,220.3,152.6,0.6,12110.0,245.4
2018-12-23T16:09:48,40.8,217.3,151.4,0.7,12120.0,245.4
2018-12-23T16:10:19,40.9,212.0,152.0,0.7,12120.0,246.4
2018-12-23T16:10:51,41.0,208.5,167.4,0.8,12130.0,245.4
2018-12-23T16:11:22,41.0,190.2,152.0,0.8,12140.0,246.4
2018-12-23T16:11:53,41.2,204.9,149.6,0.7,12150.0,244.4
2018-12-23T16:12:24,41.3,206.7,165.6,0.7,12150.0,244.4
2018-12-23T16:12:55,41.3,214.4,156.7,0.6,12160.0,244.4
2018-12-23T16:13:26,41.3,209.1,156.7,0.6,12170.0,246.4
2018-12-23T16:13:57,41.3,212.0,156.1,0.6,12170.0,244.4
2018-12-23T16:14:28,41.2,209.7,165.0,0.6,12180.0,243.5
2018-12-23T16:14:59,41.2,213.8,161.5,0.7,12180.0,245.4
2018-12-23T16:15:30,41.2,195.5,163.8,0.6,12190.0,244.4
2018-12-23T16:16:02,41.0,186.0,152.0,0.6,12200.0,241.5
2018-12-23T16:16:33,41.0,213.8,146.7,0.7,12200.0,243.5
2018-12-23T16:17:04,41.0,196.1,142.5,0.7,12210.0,243.5
2018-12-23T16:17:35,41.2,201.4,141.9,0.7,12210.0,243.5
2018-12-23T16:18:06,41.2,216.2,145.5,0.7,12220.0,244.4
2018-12-23T16:18:37,41.2,213.2,143.1,0.7,12230.0,243.5
2018-12-23T16:19:08,41.2,202.0,142.5,0.8,12230.0,243.5
2018-12-23T16:19:39,41.2,208.5,144.3,0.6,12240.0,242.5
2018-12-23T16:20:10,41.2,216.2,140.2,0.6,12250.0,243.5
2018-12-23T16:20:41,41.3,196.7,140.8,0.7,12250.0,243.5
2018-12-23T16:21:13,41.3,220.3,140.2,0.7,12260.0,243.5
2018-12-23T16:21:44,41.4,205.5,149.6,0.7,12270.0,243.5
2018-12-23T16:22:15,41.4,197.3,144.3,0.7,12280.0,243.5
2018-12-23T16:22:46,41.5,220.3,147.3,0.7,12280.0,241.5
2018-12-23T16:23:17,41.5,210.8,147.3,0.7,12290.0,244.4
2018-12-23T16:23:48,41.5,213.2,147.3,0.9,12300.0,242.5
2018-12-23T16:24:19,41.6,220.9,137.8,0.8,12300.0,244.4
2018-12-23T16:24:50,41.6,223.2,138.4,0.7,12310.0,243.5
2018-12-23T16:25:21,41.7,215.0,131.3,0.8,12320.0,243.5
2018-12-23T16:25:52,41.4,211.4,133.7,0.8,12320.0,242.5
2018-12-23T16:26:24,41.6,213.2,136.0,0.8,12330.0,243.5
2018-12-23T16:26:55,41.7,218.5,137.2,0.7,12340.0,243.5
2018-12-23T16:27:26,41.9,217.3,139.6,0.7,12340.0,243.5
2018-12-23T16:27:57,41.9,219.7,137.8,0.7,12350.0,243.5
2018-12-23T16:28:28,42.0,214.4,137.8,0.8,12360.0,243.5
2018-12-23T16:28:59,42.0,220.3,124.8,0.7,12360.0,243.5
2018-12-23T16:29:30,41.9,208.5,122.4,0.8,12370.0,243.5
2018-12-23T16:30:01,41.7,219.7,121.8,0.7,12370.0,243.5
2018-12-23T16:30:32,41.4,201.4,123.6,0.7,12380.0,245.4
2018-12-23T16:31:04,41.5,199.0,126.6,0.7,12390.0,245.4
2018-12-23T16:31:35,41.6,203.7,123.6,0.7,12390.0,245.4
2018-12-23T16:32:06,41.7,217.9,128.3,0.8,12400.0,245.4
2018-12-23T16:32:37,41.9,213.2,124.2,0.7,12410.0,243.5
2018-12-23T16:33:08,41.9,216.7,128.3,0.8,12410.0,242.5
2018-12-23T16:33:39,41.6,207.9,123.6,0.7,12420.0,244.4
2018-12-23T16:34:10,41.7,217.9,123.0,0.7,12420.0,243.5
2018-12-23T16:34:41,41.7,213.8,114.7,0.8,12430.0,243.5
2018-12-23T16:35:12,41.7,213.2,119.5,0.8,12430.0,244.4
2018-12-23T16:35:43,41.7,210.8,124.2,0.7,12440.0,243.5
2018-12-23T16:36:15,41.7,202.6,128.3,0.7,12440.0,244.4
2018-12-23T16:36:46,41.7,215.6,128.9,0.7,12450.0,242.5
2018-12-23T16:37:17,41.7,216.2,115.3,0.7,12450.0,244.4
2018-12-23T16:37:48,41.7,213.8,117.1,0.7,12460.0,243.5
2018-12-23T16:38:19,41.6,209.7,116.5,0.6,12470.0,243.5
2018-12-23T16:38:50,41.6,212.0,113.5,0.7,12470.0,245.4
2018-12-23T16:39:21,41.5,216.7,117.7,0.6,12470.0,243.5
2018-12-23T16:39:52,41.5,209.7,117.1,0.7,12480.0,243.5
2018-12-23T16:40:23,41.4,219.7,110.6,0.6,12490.0,243.5
2018-12-23T16:40:54,41.3,208.5,117.7,0.6,12490.0,242.5
2018-12-23T16:41:26,41.3,209.7,107.6,0.7,12490.0,241.5
2018-12-23T16:41:57,41.2,206.7,115.3,0.5,12500.0,236.7
2018-12-23T16:42:28,41.2,204.9,118.3,0.4,12500.0,239.6
2018-12-23T16:42:59,41.0,186.6,139.6,0.4,12500.0,238.6
2018-12-23T16:43:30,40.9,201.4,160.9,0.3,12500.0,240.6
2018-12-23T16:44:01,40.8,202.0,177.4,0.4,12500.0,239.6
2018-12-23T16:44:32,40.7,194.9,158.5,0.5,12510.0,240.6
2018-12-23T16:45:03,40.6,187.8,168.6,0.5,12510.0,240.6
2018-12-23T16:45:34,40.5,203.7,191.6,0.4,12510.0,241.5
2018-12-23T16:46:06,40.5,197.3,217.7,0.6,12510.0,242.5
2018-12-23T16:46:37,40.4,196.7,236.6,0.5,12510.0,242.5
2018-12-23T16:47:08,40.4,209.1,235.4,0.4,12510.0,240.6
2018-12-23T16:47:39,40.2,209.1,260.3,0.6,12520.0,242.5
2018-12-23T16:48:10,40.1,215.0,237.2,0.5,12520.0,240.6
2018-12-23T16:48:41,40.1,210.8,242.5,0.5,12520.0,242.5
2018-12-23T16:49:12,39.9,203.7,237.8,0.4,12520.0,241.5
2018-12-23T16:49:43,39.9,194.9,239.5,0.4,12520.0,241.5
2018-12-23T16:50:14,39.9,201.4,224.8,0.4,12530.0,240.6
2018-12-23T16:50:45,39.8,201.4,202.3,0.5,12530.0,241.5
2018-12-23T16:51:17,39.7,196.7,207.6,0.4,12530.0,240.6
2018-12-23T16:51:48,39.5,203.7,207.0,0.4,12530.0,241.5
2018-12-23T16:52:19,39.5,184.3,227.7,0.4,12530.0,241.5
2018-12-23T16:52:50,39.4,204.3,231.3,0.3,12530.0,242.5
2018-12-23T16:53:21,39.4,196.1,218.8,0.3,12530.0,241.5
2018-12-23T16:53:52,39.3,174.2,203.5,0.4,12540.0,241.5
2018-12-23T16:54:23,39.3,164.2,207.0,0.4,12540.0,240.6
2018-12-23T16:54:54,39.2,187.8,224.2,0.4,12540.0,244.4
2018-12-23T16:55:25,39.1,206.1,222.4,0.4,12540.0,241.5
2018-12-23T16:55:56,39.1,204.3,244.3,0.4,12540.0,241.5
2018-12-23T16:56:28,39.1,213.8,261.4,0.6,12540.0,242.5
2018-12-23T16:56:59,39.0,209.1,253.2,0.5,12540.0,241.5
2018-12-23T16:57:30,39.0,216.7,259.7,0.5,12550.0,241.5
2018-12-23T16:58:01,39.0,207.9,249.0,0.5,12550.0,243.5
2018-12-23T16:58:32,39.0,211.4,234.2,0.5,12550.0,242.5
2018-12-23T16:59:03,38.9,213.8,256.7,0.5,12550.0,243.5
2018-12-23T16:59:58,38.9,206.7,240.1,0.6,12560.0,243.5
2018-12-23T17:00:29,38.9,203.2,227.7,0.6,12560.0,241.5
2018-12-23T17:01:00,38.9,223.2,249.6,0.5,12560.0,242.5
2018-12-23T17:01:31,38.9,209.1,247.8,0.6,12560.0,241.5
2018-12-23T17:02:02,38.9,218.5,242.5,0.5,12560.0,242.5
2018-12-23T17:02:33,38.9,223.2,246.6,0.5,12570.0,241.5
2018-12-23T17:03:04,38.9,207.3,252.6,0.5,12570.0,242.5
2018-12-23T17:03:35,38.7,210.8,234.2,0.6,12570.0,242.5
2018-12-23T17:04:06,38.7,213.8,236.6,0.5,12570.0,242.5
2018-12-23T17:04:37,38.7,209.7,238.4,0.6,12570.0,243.5
2018-12-23T17:05:08,38.7,214.4,256.7,0.6,12580.0,243.5
2018-12-23T17:05:40,38.7,210.8,234.8,0.6,12580.0,241.5
2018-12-23T17:06:11,38.7,220.9,248.4,0.5,12580.0,242.5
2018-12-23T17:06:42,38.7,203.7,256.1,0.6,12580.0,241.5
2018-12-23T17:07:13,38.7,195.5,247.8,0.5,12580.0,241.5
2018-12-23T17:07:44,38.7,215.6,245.5,0.5,12590.0,241.5
2018-12-23T17:08:15,38.7,212.0,257.9,0.6,12590.0,241.5
2018-12-23T17:08:46,38.6,214.4,234.2,0.6,12590.0,241.5
2018-12-23T17:09:17,38.6,212.0,223.0,0.6,12590.0,241.5
2018-12-23T17:09:48,38.6,215.0,245.5,0.6,12590.0,241.5
2018-12-23T17:10:19,38.6,220.9,245.5,0.5,12590.0,242.5
2018-12-23T17:10:51,38.6,207.3,223.6,0.6,12600.0,243.5
2018-12-23T17:11:22,38.6,219.7,241.3,0.5,12600.0,244.4
2018-12-23T17:11:53,38.6,204.9,236.6,0.6,12600.0,244.4
2018-12-23T17:12:24,38.6,190.2,253.7,0.6,12600.0,241.5
2018-12-23T17:12:55,38.6,212.6,253.7,0.5,12600.0,244.4
2018-12-23T17:13:26,38.6,218.5,246.6,0.5,12610.0,244.4
2018-12-23T17:13:57,38.6,222.7,240.1,0.5,12610.0,242.5
2018-12-23T17:14:28,38.6,206.1,252.6,0.6,12610.0,243.5
2018-12-23T17:14:59,38.5,223.2,233.0,0.5,12610.0,242.5
2018-12-23T17:15:30,38.6,222.7,230.7,0.5,12610.0,242.5
2018-12-23T17:16:02,38.5,209.7,247.8,0.5,12610.0,242.5
2018-12-23T17:16:33,38.4,204.3,251.4,0.5,12620.0,242.5
2018-12-23T17:17:04,38.5,213.8,233.6,0.5,12620.0,241.5
2018-12-23T17:17:35,38.5,225.6,251.4,0.5,12620.0,241.5
2018-12-23T17:18:06,38.5,204.9,230.1,0.5,12620.0,240.6
2018-12-23T17:18:37,38.5,210.2,252.6,0.5,12620.0,242.5
2018-12-23T17:19:08,38.5,228.6,229.5,0.5,12630.0,242.5
2018-12-23T17:19:39,38.5,206.7,249.6,0.5,12630.0,241.5
2018-12-23T17:20:10,38.5,229.2,233.6,0.4,12630.0,240.6
2018-12-23T17:20:41,38.5,213.2,247.2,0.5,12630.0,241.5
2018-12-23T17:21:13,38.5,208.5,235.4,0.5,12630.0,242.5
2018-12-23T17:21:44,38.6,229.7,249.6,0.5,12630.0,242.5
2018-12-23T17:22:15,38.6,210.8,233.6,0.5,12640.0,242.5
2018-12-23T17:22:46,38.6,220.3,235.4,0.5,12640.0,242.5
2018-12-23T17:23:17,38.7,212.6,246.1,0.5,12640.0,241.5
2018-12-23T17:23:48,38.7,209.7,236.6,0.5,12640.0,240.6
2018-12-23T17:24:19,38.7,230.3,224.2,0.4,12640.0,238.6
2018-12-23T17:24:50,38.6,209.7,246.1,0.5,12640.0,240.6
2018-12-23T17:25:21,38.7,226.2,237.2,0.5,12650.0,239.6
2018-12-23T17:25:53,38.7,213.8,239.0,0.5,12650.0,239.6
2018-12-23T17:26:24,38.7,228.0,241.9,0.5,12650.0,240.6
2018-12-23T17:26:55,38.7,206.1,247.8,0.5,12650.0,239.6
2018-12-23T17:27:26,38.7,220.3,239.5,0.5,12650.0,242.5
2018-12-23T17:27:57,38.9,223.2,233.0,0.5,12650.0,241.5
2018-12-23T17:28:28,38.9,229.2,218.8,0.4,12660.0,241.5
2018-12-23T17:28:59,38.9,215.0,241.9,0.4,12660.0,241.5
2018-12-23T17:29:30,38.7,222.7,236.0,0.4,12660.0,241.5
2018-12-23T17:30:01,38.9,213.8,246.6,0.4,12660.0,243.5
2018-12-23T17:30:33,38.9,225.0,233.0,0.4,12660.0,241.5
2018-12-23T17:31:04,38.9,208.5,240.1,0.5,12660.0,241.5
2018-12-23T17:31:35,38.9,229.7,236.0,0.4,12670.0,241.5
2018-12-23T17:32:06,38.7,209.7,235.4,0.4,12670.0,242.5
2018-12-23T17:32:37,38.9,229.7,244.3,0.4,12670.0,242.5
2018-12-23T17:33:08,38.9,210.8,225.4,0.4,12670.0,242.5
2018-12-23T17:33:39,38.9,204.9,247.2,0.4,12670.0,242.5
2018-12-23T17:34:10,38.6,227.4,233.6,0.4,12670.0,244.4
2018-12-23T17:34:41,38.6,212.6,241.9,0.4,12680.0,243.5
2018-12-23T17:35:12,38.6,206.7,239.5,0.4,12680.0,241.5
2018-12-23T17:35:44,38.6,228.0,240.7,0.4,12680.0,241.5
2018-12-23T17:36:15,38.6,209.1,242.5,0.4,12680.0,242.5
2018-12-23T17:36:46,38.7,217.9,221.2,0.4,12680.0,244.4
2018-12-23T17:37:17,38.7,220.9,219.4,0.5,12680.0,242.5
2018-12-23T17:37:48,38.7,207.3,240.7,0.4,12680.0,240.6
2018-12-23T17:38:19,38.7,227.4,239.5,0.4,12690.0,241.5
2018-12-23T17:38:50,38.7,209.1,248.4,0.5,12690.0,244.4
2018-12-23T17:39:21,38.7,227.4,231.9,0.4,12690.0,244.4
2018-12-23T17:39:52,38.7,207.9,248.4,0.4,12690.0,243.5
2018-12-23T17:40:23,38.7,206.1,234.2,0.5,12690.0,239.6
2018-12-23T17:40:55,38.9,216.7,234.2,0.4,12690.0,240.6
2018-12-23T17:41:26,38.9,219.7,224.8,0.4,12700.0,243.5
2018-12-23T17:41:57,38.9,217.3,247.2,0.4,12700.0,242.5
2018-12-23T17:42:28,38.9,219.7,236.6,0.4,12700.0,243.5
2018-12-23T17:42:59,38.9,199.0,240.7,0.4,12700.0,240.6
2018-12-23T17:43:30,38.9,209.7,241.3,0.4,12700.0,242.5
2018-12-23T17:44:01,38.9,227.4,237.2,0.4,12700.0,243.5
2018-12-23T17:44:32,38.9,204.9,244.9,0.4,12700.0,243.5
2018-12-23T17:45:03,39.0,217.3,223.6,0.4,12710.0,245.4
2018-12-23T17:45:35,38.9,216.7,243.1,0.4,12710.0,243.5
2018-12-23T17:46:06,38.9,204.3,242.5,0.4,12710.0,243.5
2018-12-23T17:46:37,38.9,225.0,237.2,0.3,12710.0,243.5
2018-12-23T17:47:08,38.9,206.1,246.6,0.4,12710.0,245.4
2018-12-23T17:47:39,38.9,215.6,225.4,0.4,12710.0,242.5
2018-12-23T17:48:10,38.9,216.2,241.3,0.3,12710.0,242.5
2018-12-23T17:48:41,38.9,195.5,244.3,0.4,12710.0,244.4
2018-12-23T17:49:12,38.9,206.1,228.9,0.4,12720.0,242.5
2018-12-23T17:49:43,38.9,223.2,249.6,0.4,12720.0,242.5
2018-12-23T17:50:14,38.9,202.0,234.2,0.4,12720.0,243.5
2018-12-23T17:50:46,38.9,203.7,251.4,0.4,12720.0,245.4
2018-12-23T17:51:17,38.9,223.2,236.6,0.3,12720.0,246.4
2018-12-23T17:51:48,38.9,200.8,250.2,0.4,12720.0,242.5
2018-12-23T17:52:19,38.7,204.9,253.7,0.4,12720.0,244.4
2018-12-23T17:52:50,38.7,215.6,241.9,0.4,12720.0,244.4
2018-12-23T17:53:21,38.6,212.0,243.7,0.4,12730.0,245.4
2018-12-23T17:53:52,38.6,199.6,252.6,0.3,12730.0,242.5
2018-12-23T17:54:23,38.7,219.7,243.1,0.3,12730.0,242.5
2018-12-23T17:54:54,38.6,199.0,242.5,0.3,12730.0,242.5
2018-12-23T17:55:25,38.6,220.9,233.0,0.3,12730.0,241.5
2018-12-23T17:55:57,38.6,203.2,253.7,0.3,12730.0,240.6
2018-12-23T17:56:28,38.6,191.3,233.0,0.3,12730.0,242.5
2018-12-23T17:56:59,38.6,213.8,223.6,0.3,12730.0,241.5
2018-12-23T17:57:30,38.6,203.7,240.7,0.4,12740.0,241.5
2018-12-23T17:58:01,38.6,213.8,246.6,0.3,12740.0,239.6
2018-12-23T17:58:32,38.6,198.4,249.6,0.3,12740.0,240.6
2018-12-23T17:59:03,38.6,183.7,235.4,0.3,12740.0,241.5
2018-12-23T17:59:34,38.5,206.1,244.3,0.3,12740.0,241.5
2018-12-23T18:00:05,38.5,210.8,240.7,0.3,12740.0,243.5
2018-12-23T18:00:37,38.5,189.0,245.5,0.3,12740.0,240.6
2018-12-23T18:01:08,38.5,204.3,237.2,0.3,12740.0,240.6
2018-12-23T18:01:39,38.4,209.1,251.4,0.3,12740.0,241.5
2018-12-23T18:02:10,38.4,189.6,229.5,0.3,12750.0,240.6
2018-12-23T18:02:41,38.4,195.5,231.3,0.3,12750.0,240.6
2018-12-23T18:03:12,38.3,215.6,251.4,0.3,12750.0,241.5
2018-12-23T18:03:43,38.3,193.7,234.2,0.3,12750.0,241.5
2018-12-23T18:04:14,38.3,204.3,244.3,0.3,12750.0,241.5
2018-12-23T18:04:45,38.2,203.2,239.5,0.3,12750.0,241.5
2018-12-23T18:05:16,38.2,189.6,248.4,0.3,12750.0,241.5
2018-12-23T18:05:48,38.2,210.2,235.4,0.3,12750.0,242.5
2018-12-23T18:06:19,38.2,204.3,228.3,0.3,12750.0,242.5
2018-12-23T18:06:50,38.0,184.3,249.6,0.2,12750.0,240.6
2018-12-23T18:07:21,38.0,199.6,230.7,0.3,12750.0,242.5
2018-12-23T18:07:52,37.9,217.3,244.3,0.2,12760.0,242.5
2018-12-23T18:08:23,37.9,193.7,236.6,0.3,12760.0,242.5
2018-12-23T18:08:54,37.8,181.3,224.8,0.3,12760.0,240.6
2018-12-23T18:09:26,37.8,202.6,244.9,0.2,12760.0,240.6
2018-12-23T18:09:57,37.8,208.5,233.0,0.2,12760.0,239.6
2018-12-23T18:10:28,37.8,187.2,236.6,0.3,12760.0,240.6
2018-12-23T18:10:59,37.8,187.8,244.9,0.3,12760.0,239.6
2018-12-23T18:11:30,37.8,209.1,223.0,0.2,12760.0,240.6
2018-12-23T18:12:01,37.7,206.7,210.6,0.2,12760.0,240.6
2018-12-23T18:12:32,37.7,186.0,231.3,0.2,12760.0,239.6
2018-12-23T18:13:03,37.7,184.8,244.9,0.2,12760.0,239.6
2018-12-23T18:13:35,37.7,204.9,223.6,0.2,12760.0,240.6
2018-12-23T18:14:06,37.7,207.9,227.7,0.2,12770.0,241.5
2018-12-23T18:14:37,37.6,187.2,248.4,0.2,12770.0,241.5
2018-12-23T18:15:08,37.6,186.6,226.5,0.2,12770.0,240.6
2018-12-23T18:15:39,37.6,206.7,233.0,0.2,12770.0,239.6
2018-12-23T18:16:10,37.6,206.1,241.9,0.2,12770.0,242.5
2018-12-23T18:16:41,37.5,184.3,220.6,0.2,12770.0,240.6
2018-12-23T18:17:13,37.5,173.6,218.8,0.2,12770.0,240.6
2018-12-23T18:17:44,37.5,194.3,239.5,0.2,12770.0,240.6
2018-12-23T18:18:15,37.4,212.6,234.2,0.2,12770.0,240.6
2018-12-23T18:18:46,37.4,189.6,212.3,0.2,12770.0,238.6
2018-12-23T18:19:17,37.2,206.7,229.5,0.2,12770.0,239.6
2018-12-23T18:19:48,37.2,203.7,244.3,0.2,12770.0,239.6
2018-12-23T18:20:19,37.1,183.1,221.8,0.2,12770.0,240.6
2018-12-23T18:20:50,37.1,172.4,199.9,0.2,12770.0,240.6
2018-12-23T18:21:22,37.1,193.7,219.4,0.2,12770.0,238.6
2018-12-23T18:21:53,37.0,212.6,239.0,0.1,12770.0,240.6
2018-12-23T18:22:24,37.0,196.7,231.3,0.2,12780.0,240.6
2018-12-23T18:22:55,37.0,176.0,211.2,0.1,12780.0,240.6
2018-12-23T18:23:26,36.9,155.3,191.0,0.1,12780.0,240.6
2018-12-23T18:23:57,36.8,173.6,213.5,0.2,12780.0,240.6
2018-12-23T18:24:28,36.8,194.3,234.8,0.1,12780.0,238.6
2018-12-23T18:24:59,36.8,205.5,215.3,0.1,12780.0,237.7
2018-12-23T18:25:30,36.7,183.7,192.8,0.1,12780.0,239.6
2018-12-23T18:26:01,36.7,163.0,204.6,0.1,12780.0,239.6
2018-12-23T18:26:32,36.7,164.8,224.2,0.1,12780.0,239.6
2018-12-23T18:27:03,36.5,184.8,221.2,0.1,12780.0,239.6
2018-12-23T18:27:34,36.5,206.7,200.5,0.0,12780.0,239.6
2018-12-23T18:28:05,36.5,189.0,178.6,0.1,12780.0,239.6
2018-12-23T18:28:36,36.4,169.5,199.3,0.1,12780.0,241.5
2018-12-23T18:29:07,36.3,147.6,219.4,0.1,12780.0,240.6
2018-12-23T18:29:38,36.2,137.6,218.8,0.1,12780.0,241.5
2018-12-23T18:30:09,36.2,157.1,196.4,0.1,12780.0,241.5
2018-12-23T18:30:41,36.2,180.1,175.1,0.1,12780.0,242.5
2018-12-23T18:31:12,36.1,200.2,154.4,0.1,12780.0,241.5
2018-12-23T18:31:43,36.1,193.1,133.1,0.0,12780.0,240.6
2018-12-23T18:32:14,36.1,167.7,147.3,0.1,12780.0,238.6
2018-12-23T18:32:45,36.1,151.8,166.8,0.1,12780.0,239.6
2018-12-23T18:33:16,36.0,129.9,187.5,0.1,12780.0,239.6
2018-12-23T18:33:47,36.0,138.2,208.2,0.1,12780.0,239.6
2018-12-23T18:34:18,36.0,158.3,229.5,0.1,12780.0,239.6
2018-12-23T18:34:49,35.9,178.3,213.5,0.1,12780.0,238.6
2018-12-23T18:35:20,35.9,203.2,189.9,0.0,12780.0,241.5
2018-12-23T18:35:52,35.7,177.8,170.3,0.1,12780.0,240.6
2018-12-23T18:36:23,35.7,158.9,152.0,0.0,12780.0,240.6
2018-12-23T18:36:54,35.6,138.2,139.6,0.0,12780.0,241.5
2018-12-23T18:37:25,35.6,117.5,161.5,0.0,12780.0,240.6
2018-12-23T18:37:56,35.5,105.1,182.8,0.0,12780.0,239.6
2018-12-23T18:38:27,35.5,127.0,203.5,0.0,12780.0,239.6
2018-12-23T18:38:58,35.4,145.9,220.6,0.0,12780.0,240.6
2018-12-23T18:39:29,35.4,168.3,217.1,0.0,12780.0,239.6
2018-12-23T18:40:00,35.4,189.6,198.1,0.1,12780.0,240.6
2018-12-23T18:40:32,35.3,195.5,178.0,0.0,12780.0,240.6
2018-12-23T18:41:03,35.3,194.3,228.9,0.0,12780.0,240.6
2018-12-23T18:41:34,35.2,193.1,215.9,0.0,12780.0,240.6
2018-12-23T18:42:05,35.0,191.9,212.3,0.0,12780.0,242.5
2018-12-23T18:42:36,35.0,190.2,209.4,0.0,12780.0,242.5
2018-12-23T18:43:07,35.0,189.0,205.8,0.0,12780.0,242.5
2018-12-23T18:43:38,34.9,187.8,201.1,0.0,12780.0,241.5
2018-12-23T18:44:09,34.8,186.0,195.2,0.0,12780.0,240.6
2018-12-23T18:44:40,34.8,184.8,189.9,0.0,12780.0,241.5
2018-12-23T18:45:11,34.8,167.1,188.1,0.0,12780.0,241.5
2018-12-23T18:45:43,34.7,85.6,185.1,0.0,12780.0,239.6
2018-12-23T18:46:14,34.7,173.0,173.3,0.0,12780.0,240.6
2018-12-23T18:46:45,34.6,167.1,167.4,0.0,12780.0,241.5
2018-12-23T18:47:16,34.6,159.4,159.7,0.0,12780.0,240.6
2018-12-23T18:47:47,34.5,145.9,146.1,0.0,12780.0,239.6
2018-12-23T18:48:18,34.5,124.0,124.2,0.0,12780.0,240.6
