2018-05-18T06:30:28,9.2,168.3,173.3,0.2,0.0,239.6
2018-05-18T06:30:59,9.2,137.0,145.5,0.1,0.0,239.6
2018-05-18T06:31:31,9.2,145.9,153.8,0.1,0.0,240.6
2018-05-18T06:32:02,9.2,209.7,235.4,0.0,0.0,240.6
2018-05-18T06:32:33,9.2,211.4,239.0,0.0,0.0,241.5
2018-05-18T06:33:04,9.2,213.2,241.3,0.0,0.0,240.6
2018-05-18T06:33:35,9.2,214.4,243.1,0.0,0.0,240.6
2018-05-18T06:34:06,9.2,215.6,244.9,0.0,0.0,240.6
2018-05-18T06:34:37,9.2,216.2,249.0,0.0,0.0,241.5
2018-05-18T06:35:08,9.2,217.9,252.0,0.0,0.0,241.5
2018-05-18T06:35:39,9.2,184.8,209.4,0.0,0.0,241.5
2018-05-18T06:36:11,9.2,220.3,250.2,0.0,0.0,239.6
2018-05-18T06:36:42,8.9,221.5,254.9,0.0,0.0,240.6
2018-05-18T06:37:13,9.2,154.1,162.6,0.1,0.0,240.6
2018-05-18T06:37:44,9.2,223.2,256.1,0.0,0.0,239.6
2018-05-18T06:38:15,9.2,218.5,256.7,0.0,0.0,241.5
2018-05-18T06:38:46,9.2,219.1,256.7,0.0,0.0,241.5
2018-05-18T06:39:17,9.2,203.2,243.7,0.1,0.0,242.5
2018-05-18T06:39:48,9.2,195.5,230.7,0.1,0.0,241.5
2018-05-18T06:40:19,9.2,173.0,206.4,0.1,0.0,241.5
2018-05-18T06:40:50,9.2,152.9,187.5,0.1,0.0,242.5
2018-05-18T06:41:21,9.2,131.7,166.8,0.1,0.0,241.5
2018-05-18T06:41:52,9.2,134.0,145.5,0.1,0.0,241.5
2018-05-18T06:42:23,9.2,154.1,133.7,0.1,0.0,241.5
2018-05-18T06:42:54,9.6,176.6,153.8,0.1,0.0,241.5
2018-05-18T06:43:25,9.6,199.6,175.7,0.1,0.0,241.5
2018-05-18T06:43:56,9.6,217.9,196.4,0.0,0.0,240.6
2018-05-18T06:44:27,9.6,192.5,220.0,0.1,0.0,241.5
2018-05-18T06:44:58,9.6,173.6,235.4,0.1,0.0,241.5
2018-05-18T06:45:29,9.6,153.5,241.9,0.1,0.0,241.5
2018-05-18T06:46:01,9.6,132.9,221.2,0.1,0.0,241.5
2018-05-18T06:46:32,9.6,132.3,201.7,0.1,0.0,241.5
2018-05-18T06:47:03,9.6,154.1,179.8,0.1,0.0,241.5
2018-05-18T06:47:34,9.6,174.2,167.4,0.1,0.0,241.5
2018-05-18T06:48:05,9.6,196.1,187.5,0.1,0.0,241.5
2018-05-18T06:48:36,9.6,212.6,209.4,0.0,0.0,240.6
2018-05-18T06:49:07,9.6,190.2,231.9,0.1,0.0,239.6
2018-05-18T06:49:38,9.6,168.9,237.2,0.1,0.0,240.6
2018-05-18T06:50:09,9.6,151.8,220.0,0.1,0.0,240.6
2018-05-18T06:50:40,9.6,171.3,195.8,0.1,0.0,240.6
2018-05-18T06:51:12,10.0,193.7,175.7,0.1,0.0,240.6
2018-05-18T06:51:43,10.0,213.2,155.5,0.1,0.0,239.6
2018-05-18T06:52:14,10.0,196.1,172.7,0.1,0.0,239.6
2018-05-18T06:52:45,10.0,175.4,192.8,0.1,0.0,237.7
2018-05-18T06:53:16,10.0,154.1,214.1,0.1,0.0,240.6
2018-05-18T06:53:47,10.0,167.7,236.6,0.1,0.0,238.6
2018-05-18T06:54:18,10.0,190.2,238.4,0.1,0.0,239.6
2018-05-18T06:54:49,10.0,210.8,218.8,0.0,0.0,238.6
2018-05-18T06:55:20,10.0,199.6,199.3,0.1,0.0,240.6
2018-05-18T06:55:51,10.0,178.9,177.4,0.1,0.0,240.6
2018-05-18T06:56:23,10.0,159.4,157.3,0.1,0.0,240.6
2018-05-18T06:56:54,10.0,164.8,174.5,0.1,0.0,238.6
2018-05-18T06:57:25,10.0,184.8,195.2,0.1,0.0,240.6
2018-05-18T06:57:56,10.0,208.5,217.1,0.1,0.0,239.6
2018-05-18T06:58:27,10.3,199.6,235.4,0.1,0.0,239.6
2018-05-18T06:58:58,10.3,180.7,243.1,0.1,0.0,238.6
2018-05-18T06:59:29,10.3,160.6,218.8,0.1,0.0,238.6
2018-05-18T07:00:00,10.3,166.5,198.7,0.1,0.0,237.7
2018-05-18T07:00:31,10.3,189.6,176.2,0.1,0.0,239.6
2018-05-18T07:01:02,10.3,209.7,156.7,0.1,0.0,240.6
2018-05-18T07:01:33,10.3,204.3,164.4,0.1,0.0,240.6
2018-05-18T07:02:04,10.3,183.1,185.7,0.1,0.0,242.5
2018-05-18T07:02:35,10.3,161.8,208.2,0.1,0.0,243.5
2018-05-18T07:03:06,10.3,158.9,228.3,0.1,0.0,242.5
2018-05-18T07:03:37,10.3,180.1,249.6,0.1,0.0,242.5
2018-05-18T07:04:08,10.7,201.4,232.4,0.1,0.0,241.5
2018-05-18T07:04:39,10.7,215.0,212.9,0.0,10.0,242.5
2018-05-18T07:05:10,10.7,193.7,191.0,0.2,10.0,242.5
2018-05-18T07:05:42,10.7,172.4,169.7,0.1,10.0,242.5
2018-05-18T07:06:13,10.7,184.8,178.6,0.1,10.0,241.5
2018-05-18T07:06:44,10.7,203.2,199.9,0.1,10.0,242.5
2018-05-18T07:07:15,10.7,213.8,220.6,0.1,10.0,241.5
2018-05-18T07:07:46,10.7,189.0,239.0,0.1,10.0,242.5
2018-05-18T07:08:17,11.1,168.3,228.3,0.1,10.0,242.5
2018-05-18T07:08:48,11.1,158.3,207.0,0.1,10.0,241.5
2018-05-18T07:09:19,11.1,180.1,185.7,0.1,10.0,242.5
2018-05-18T07:09:50,11.1,200.2,170.9,0.1,10.0,242.5
2018-05-18T07:10:21,11.1,215.0,192.2,0.1,10.0,242.5
2018-05-18T07:10:53,11.1,194.3,213.5,0.1,10.0,242.5
2018-05-18T07:11:25,11.1,173.6,235.4,0.1,10.0,243.5
2018-05-18T07:11:56,11.1,152.4,239.5,0.1,10.0,243.5
2018-05-18T07:12:27,11.4,144.7,217.7,0.1,10.0,243.5
2018-05-18T07:12:58,11.4,165.9,196.4,0.1,10.0,242.5
2018-05-18T07:13:29,11.4,187.2,176.2,0.1,10.0,242.5
2018-05-18T07:14:00,11.4,207.3,154.9,0.1,10.0,242.5
2018-05-18T07:14:31,11.4,215.6,175.7,0.1,10.0,242.5
2018-05-18T07:15:02,11.4,193.7,198.7,0.2,10.0,242.5
2018-05-18T07:15:33,11.4,171.3,220.0,0.2,10.0,242.5
2018-05-18T07:16:04,11.4,150.0,241.9,0.2,10.0,242.5
2018-05-18T07:16:35,11.8,166.5,225.4,0.1,10.0,242.5
2018-05-18T07:17:06,11.8,186.6,205.8,0.2,10.0,241.5
2018-05-18T07:17:37,11.8,207.9,185.7,0.1,10.0,243.5
2018-05-18T07:18:08,11.4,222.1,164.4,0.1,10.0,243.5
2018-05-18T07:18:39,11.8,200.8,146.7,0.2,10.0,243.5
2018-05-18T07:19:10,11.8,179.5,168.6,0.2,10.0,244.4
2018-05-18T07:19:41,11.8,185.4,189.9,0.2,10.0,242.5
2018-05-18T07:20:12,11.8,206.1,209.4,0.2,10.0,242.5
2018-05-18T07:20:44,11.8,202.0,231.9,0.2,20.0,243.5
2018-05-18T07:21:15,12.1,180.7,246.6,0.2,20.0,242.5
2018-05-18T07:21:46,12.1,160.0,223.6,0.2,20.0,242.5
2018-05-18T07:22:17,12.1,140.0,204.6,0.2,20.0,241.5
2018-05-18T07:22:48,12.1,118.7,182.8,0.3,20.0,243.5
2018-05-18T07:23:19,12.1,114.6,161.5,0.3,20.0,242.5
2018-05-18T07:23:50,12.1,136.4,141.9,0.3,20.0,243.5
2018-05-18T07:24:21,12.1,158.9,145.5,0.3,20.0,244.4
2018-05-18T07:24:52,12.1,180.1,168.0,0.3,20.0,243.5
2018-05-18T07:25:23,12.1,204.3,190.4,0.3,20.0,243.5
2018-05-18T07:25:55,12.1,227.4,213.5,0.3,20.0,243.5
2018-05-18T07:26:26,12.1,215.6,236.0,0.4,20.0,243.5
2018-05-18T07:26:57,12.1,194.3,254.9,0.4,20.0,245.4
2018-05-18T07:27:28,12.1,188.4,233.0,0.5,20.0,244.4
2018-05-18T07:27:59,12.5,210.2,211.7,0.4,20.0,244.4
2018-05-18T07:28:30,12.5,229.7,196.4,0.3,30.0,244.4
2018-05-18T07:29:01,12.5,206.7,219.4,0.5,30.0,244.4
2018-05-18T07:29:32,12.5,186.6,239.5,0.5,30.0,244.4
2018-05-18T07:30:03,12.9,206.7,249.6,0.5,30.0,242.5
2018-05-18T07:30:35,12.9,228.0,227.7,0.4,30.0,246.4
2018-05-18T07:31:06,12.9,207.3,207.6,0.5,30.0,245.4
2018-05-18T07:31:37,12.9,194.3,209.4,0.5,30.0,244.4
2018-05-18T07:32:08,12.9,217.3,231.9,0.5,30.0,246.4
2018-05-18T07:32:39,13.2,202.0,253.7,0.5,40.0,243.5
2018-05-18T07:33:10,13.2,192.5,248.4,0.5,40.0,243.5
2018-05-18T07:33:41,13.2,203.7,244.9,0.6,40.0,242.5
2018-05-18T07:34:12,13.2,225.6,223.6,0.5,40.0,242.5
2018-05-18T07:34:43,13.2,208.5,212.3,0.6,40.0,244.4
2018-05-18T07:35:14,13.2,194.3,234.2,0.5,40.0,242.5
2018-05-18T07:35:45,13.6,217.9,255.5,0.6,50.0,244.4
2018-05-18T07:36:17,13.6,217.9,238.4,0.6,50.0,245.4
2018-05-18T07:36:48,13.6,223.8,218.3,0.6,50.0,244.4
2018-05-18T07:37:19,13.6,227.4,214.7,0.5,50.0,244.4
2018-05-18T07:37:50,13.6,205.5,234.8,0.6,50.0,245.4
2018-05-18T07:38:47,14.0,226.2,240.7,0.6,50.0,242.5
2018-05-18T07:39:18,14.0,203.2,220.6,0.6,60.0,243.5
2018-05-18T07:39:49,14.0,225.0,218.3,0.5,60.0,243.5
2018-05-18T07:40:20,14.0,211.4,240.1,0.7,60.0,243.5
2018-05-18T07:40:52,14.0,213.8,250.2,0.6,60.0,242.5
2018-05-18T07:41:23,14.3,220.3,230.7,0.7,60.0,242.5
2018-05-18T07:41:54,14.3,205.5,231.9,0.7,70.0,241.5
2018-05-18T07:42:25,14.3,227.4,253.7,0.6,70.0,240.6
2018-05-18T07:42:56,14.3,209.1,242.5,0.7,70.0,241.5
2018-05-18T07:43:27,14.7,217.3,221.2,0.7,70.0,241.5
2018-05-18T07:43:58,14.7,212.0,230.1,0.8,70.0,240.6
2018-05-18T07:44:29,14.7,218.5,251.4,0.7,80.0,243.5
2018-05-18T07:45:00,14.7,216.7,243.7,0.7,80.0,243.5
2018-05-18T07:45:32,15.1,216.7,222.4,0.7,80.0,244.4
2018-05-18T07:46:03,15.1,219.7,224.8,0.7,80.0,246.4
2018-05-18T07:46:34,15.1,210.2,247.2,0.7,90.0,245.4
2018-05-18T07:47:05,15.1,227.4,249.0,0.7,90.0,245.4
2018-05-18T07:47:36,15.1,206.7,228.3,0.7,90.0,243.5
2018-05-18T07:48:07,15.1,228.0,236.6,0.7,90.0,244.4
2018-05-18T07:49:02,14.7,219.7,241.9,0.7,100.0,246.4
2018-05-18T07:49:33,15.1,218.5,251.4,0.9,100.0,246.4
2018-05-18T07:50:04,15.1,216.7,230.1,0.8,100.0,247.3
2018-05-18T07:50:35,15.1,225.0,239.5,0.8,100.0,246.4
2018-05-18T07:51:07,15.1,209.1,256.1,0.9,110.0,246.4
2018-05-18T07:51:38,15.4,217.3,233.6,0.8,110.0,246.4
2018-05-18T07:52:09,15.4,216.7,241.3,0.9,110.0,245.4
2018-05-18T07:52:40,15.8,228.0,256.7,0.7,120.0,244.4
2018-05-18T07:53:11,15.8,206.7,235.4,0.9,120.0,244.4
2018-05-18T07:53:42,15.8,220.9,229.5,0.9,120.0,243.5
2018-05-18T07:54:13,16.2,213.2,252.0,0.9,120.0,244.4
2018-05-18T07:54:44,16.2,228.0,244.9,0.9,130.0,242.5
2018-05-18T07:55:15,16.2,206.7,223.6,1.0,130.0,243.5
2018-05-18T07:55:46,16.2,225.0,243.7,0.9,130.0,244.4
2018-05-18T07:56:18,16.5,209.1,252.0,1.0,140.0,243.5
2018-05-18T07:56:49,16.5,223.2,232.4,1.0,140.0,243.5
2018-05-18T07:57:20,16.5,211.4,228.3,1.0,140.0,245.4
2018-05-18T07:57:51,16.5,216.2,250.8,1.1,150.0,246.4
2018-05-18T07:58:22,16.5,218.5,249.6,1.0,150.0,244.4
2018-05-18T07:58:53,17.3,216.7,249.6,1.1,150.0,245.4
2018-05-18T07:59:24,16.9,219.7,230.7,1.0,160.0,243.5
2018-05-18T07:59:55,17.3,216.7,249.0,1.0,160.0,244.4
2018-05-18T08:00:26,17.3,213.8,253.2,1.1,160.0,244.4
2018-05-18T08:00:57,17.3,216.2,230.7,1.1,170.0,242.5
2018-05-18T08:01:29,17.3,218.5,242.5,1.0,170.0,242.5
2018-05-18T08:02:00,17.3,213.2,226.5,1.2,170.0,242.5
2018-05-18T08:02:31,17.6,223.2,244.3,1.1,180.0,242.5
2018-05-18T08:03:02,17.6,222.7,225.9,1.2,180.0,242.5
2018-05-18T08:03:33,17.6,212.0,242.5,1.2,190.0,242.5
2018-05-18T08:04:04,17.6,225.0,261.4,1.1,190.0,242.5
2018-05-18T08:04:35,17.6,208.5,237.8,1.2,190.0,243.5
2018-05-18T08:05:06,18.0,225.6,232.4,1.2,200.0,243.5
2018-05-18T08:05:37,17.6,206.7,237.2,1.2,200.0,243.5
2018-05-18T08:06:08,18.0,227.4,233.0,1.1,210.0,243.5
2018-05-18T08:06:39,18.0,216.2,254.3,1.3,210.0,243.5
2018-05-18T08:07:10,18.0,216.7,249.0,1.3,210.0,242.5
2018-05-18T08:07:41,18.0,226.2,237.2,1.2,220.0,242.5
2018-05-18T08:08:12,18.0,210.8,258.5,1.3,220.0,241.5
2018-05-18T08:08:43,18.4,218.5,244.9,1.2,230.0,242.5
2018-05-18T08:09:14,18.4,225.6,239.5,1.2,230.0,242.5
2018-05-18T08:09:45,18.4,207.3,261.4,1.4,240.0,241.5
2018-05-18T08:10:16,18.4,223.2,239.5,1.2,240.0,243.5
2018-05-18T08:10:48,18.7,213.2,226.5,1.4,240.0,244.4
2018-05-18T08:11:19,18.7,217.3,249.6,1.4,250.0,242.5
2018-05-18T08:11:50,18.7,225.0,251.4,1.2,250.0,243.5
2018-05-18T08:12:21,18.7,218.5,230.7,1.4,260.0,244.4
2018-05-18T08:12:52,19.1,213.2,250.8,1.4,260.0,243.5
2018-05-18T08:13:23,19.1,219.7,247.2,1.4,270.0,242.5
2018-05-18T08:13:54,19.1,220.9,252.0,1.5,270.0,245.4
2018-05-18T08:14:25,19.1,210.8,243.7,1.5,280.0,244.4
2018-05-18T08:14:56,19.1,217.3,258.5,1.5,280.0,244.4
2018-05-18T08:15:27,19.1,225.6,242.5,1.3,290.0,246.4
2018-05-18T08:15:59,19.5,217.3,251.4,1.4,290.0,245.4
2018-05-18T08:16:54,19.8,220.3,253.7,1.4,300.0,247.3
2018-05-18T08:17:25,19.8,211.4,242.5,1.5,310.0,244.4
2018-05-18T08:17:56,19.8,223.2,249.0,1.5,310.0,244.4
2018-05-18T08:18:51,19.8,213.8,243.1,1.5,320.0,245.4
2018-05-18T08:19:22,20.2,227.4,252.0,1.5,330.0,243.5
2018-05-18T08:19:53,19.8,219.1,239.5,1.6,330.0,247.3
2018-05-18T08:20:24,19.8,209.7,249.6,1.6,340.0,245.4
2018-05-18T08:21:19,19.8,221.5,247.2,1.6,350.0,246.4
2018-05-18T08:21:50,20.2,217.3,243.7,1.6,350.0,247.3
2018-05-18T08:22:21,20.2,209.7,243.7,1.7,360.0,245.4
2018-05-18T08:22:52,20.6,217.9,250.8,1.6,360.0,246.4
2018-05-18T08:23:23,20.2,220.3,252.6,1.6,370.0,246.4
2018-05-18T08:23:54,20.2,218.5,238.4,1.8,380.0,247.3
2018-05-18T08:24:25,20.2,212.0,242.5,1.8,380.0,247.3
2018-05-18T08:24:56,20.2,211.4,241.9,1.8,390.0,247.3
2018-05-18T08:25:27,20.2,220.3,248.4,1.8,390.0,248.3
2018-05-18T08:25:58,20.2,222.7,244.9,1.6,400.0,248.3
2018-05-18T08:26:30,20.2,216.7,244.3,1.7,400.0,248.3
2018-05-18T08:27:01,20.2,212.6,250.8,1.9,410.0,248.3
2018-05-18T08:27:32,20.6,217.3,238.4,1.8,420.0,246.4
2018-05-18T08:28:03,20.9,221.5,252.6,1.7,420.0,248.3
2018-05-18T08:28:34,20.9,218.5,250.2,1.8,430.0,248.3
2018-05-18T08:29:05,20.9,215.6,244.3,1.9,440.0,249.3
2018-05-18T08:29:36,21.3,210.2,244.9,1.9,440.0,248.3
2018-05-18T08:30:07,21.3,215.6,253.7,1.9,450.0,247.3
2018-05-18T08:30:38,21.3,220.3,246.6,1.8,460.0,247.3
2018-05-18T08:31:10,21.7,221.5,240.7,1.9,460.0,248.3
2018-05-18T08:31:41,21.7,219.7,254.3,1.9,470.0,247.3
2018-05-18T08:32:12,21.7,214.4,246.1,2.0,480.0,249.3
2018-05-18T08:32:43,22.0,208.5,242.5,2.1,480.0,249.3
2018-05-18T08:33:14,22.0,214.4,246.1,2.1,490.0,247.3
2018-05-18T08:33:45,22.0,213.8,253.7,2.0,500.0,246.4
2018-05-18T08:34:16,22.0,211.4,244.3,2.0,500.0,247.3
2018-05-18T08:34:47,22.0,220.3,243.1,2.0,510.0,248.3
2018-05-18T08:35:18,22.4,219.7,240.7,2.1,520.0,248.3
2018-05-18T08:35:49,22.4,216.7,244.3,2.1,520.0,247.3
2018-05-18T08:36:21,22.4,213.2,245.5,2.2,530.0,247.3
2018-05-18T08:36:52,22.4,217.9,247.8,2.0,540.0,246.4
2018-05-18T08:37:23,22.4,213.8,246.6,2.2,550.0,247.3
2018-05-18T08:37:54,22.4,217.9,246.1,2.1,550.0,246.4
2018-05-18T08:38:25,22.8,213.2,246.1,2.1,560.0,247.3
2018-05-18T08:38:56,23.1,218.5,251.4,2.1,570.0,246.4
2018-05-18T08:39:27,23.1,210.2,244.3,2.1,580.0,246.4
2018-05-18T08:39:58,23.1,213.2,238.4,2.2,580.0,245.4
2018-05-18T08:40:29,23.1,215.0,247.2,2.3,590.0,247.3
2018-05-18T08:41:00,23.1,215.6,250.8,2.3,600.0,246.4
2018-05-18T08:41:31,23.1,217.9,235.4,2.3,610.0,246.4
2018-05-18T08:42:02,23.5,211.4,250.8,2.2,610.0,247.3
2018-05-18T08:42:33,23.5,216.7,237.8,2.3,620.0,246.4
2018-05-18T08:43:04,23.5,213.2,241.3,2.3,630.0,246.4
2018-05-18T08:43:35,23.9,212.6,252.0,2.4,640.0,245.4
2018-05-18T08:44:06,23.9,215.6,244.3,2.3,650.0,246.4
2018-05-18T08:44:37,23.9,212.6,241.9,2.4,650.0,247.3
2018-05-18T08:45:08,23.9,210.2,243.7,2.3,660.0,247.3
2018-05-18T08:45:39,23.9,209.1,253.2,2.3,670.0,247.3
2018-05-18T08:46:11,23.9,210.8,244.3,2.3,680.0,247.3
2018-05-18T08:46:42,24.2,212.6,239.0,2.4,690.0,247.3
2018-05-18T08:47:13,24.2,213.2,247.8,2.5,700.0,247.3
2018-05-18T08:47:44,24.6,219.1,234.8,2.3,700.0,248.3
2018-05-18T08:48:15,24.6,212.0,236.6,2.5,710.0,248.3
2018-05-18T08:48:46,24.6,209.7,241.3,2.4,720.0,247.3
2018-05-18T08:49:17,24.6,210.2,249.6,2.4,730.0,246.4
2018-05-18T08:49:48,24.6,211.4,244.9,2.5,740.0,248.3
2018-05-18T08:50:19,25.0,218.5,236.0,2.4,750.0,249.3
2018-05-18T08:50:50,25.0,219.1,245.5,2.4,760.0,247.3
2018-05-18T08:51:22,25.0,217.3,249.0,2.4,760.0,248.3
2018-05-18T08:51:53,25.3,218.5,241.3,2.5,770.0,248.3
2018-05-18T08:52:24,25.0,216.2,239.5,2.5,780.0,248.3
2018-05-18T08:52:55,25.0,217.9,247.2,2.5,790.0,248.3
2018-05-18T08:53:26,25.0,212.0,246.6,2.6,800.0,248.3
2018-05-18T08:53:57,25.0,217.3,248.4,2.5,810.0,248.3
2018-05-18T08:54:28,25.3,214.4,241.3,2.6,820.0,249.3
2018-05-18T08:54:59,25.3,215.6,237.2,2.7,830.0,249.3
2018-05-18T08:55:30,25.3,217.9,245.5,2.7,840.0,249.3
2018-05-18T08:56:01,25.7,215.6,251.4,2.6,850.0,249.3
2018-05-18T08:56:32,25.3,215.0,241.9,2.7,860.0,248.3
2018-05-18T08:57:03,25.3,217.9,236.0,2.6,870.0,249.3
2018-05-18T08:57:34,25.0,216.7,233.0,2.7,880.0,248.3
2018-05-18T08:58:05,25.0,218.5,249.0,2.7,880.0,248.3
2018-05-18T08:58:36,25.0,216.7,240.7,2.7,890.0,248.3
2018-05-18T08:59:07,25.0,216.7,236.6,2.7,900.0,247.3
2018-05-18T08:59:38,25.3,217.3,247.8,2.8,910.0,248.3
2018-05-18T09:00:09,25.3,216.7,244.3,2.8,920.0,248.3
2018-05-18T09:00:41,25.0,207.9,237.2,3.0,930.0,248.3
2018-05-18T09:01:12,24.6,215.0,246.6,2.7,940.0,248.3
2018-05-18T09:01:43,25.0,214.4,240.7,2.9,950.0,248.3
2018-05-18T09:02:14,25.0,217.3,235.4,2.8,960.0,250.2
2018-05-18T09:02:45,25.0,217.3,237.2,2.8,970.0,249.3
2018-05-18T09:03:16,25.0,215.6,244.9,2.9,980.0,248.3
2018-05-18T09:03:47,24.6,213.2,246.6,3.0,990.0,249.3
2018-05-18T09:04:18,24.6,211.4,238.4,3.0,1000.0,250.2
2018-05-18T09:04:49,24.6,207.9,236.6,3.0,1020.0,250.2
2018-05-18T09:05:20,25.0,208.5,246.6,3.0,1030.0,249.3
2018-05-18T09:05:51,25.3,207.3,240.7,3.0,1040.0,249.3
2018-05-18T09:06:23,25.3,208.5,237.8,3.0,1050.0,250.2
2018-05-18T09:06:54,25.7,207.3,235.4,3.2,1060.0,250.2
2018-05-18T09:07:25,25.7,212.0,240.1,3.1,1070.0,250.2
2018-05-18T09:07:56,26.1,209.7,245.5,3.2,1080.0,249.3
2018-05-18T09:08:27,26.1,213.8,238.4,3.1,1090.0,248.3
2018-05-18T09:08:58,26.1,218.5,233.6,2.9,1100.0,249.3
2018-05-18T09:09:29,26.1,215.0,243.1,3.0,1110.0,250.2
2018-05-18T09:10:00,26.1,215.6,243.7,3.1,1120.0,249.3
2018-05-18T09:10:31,26.1,216.7,237.8,3.1,1130.0,250.2
2018-05-18T09:11:03,26.4,216.2,233.0,3.1,1140.0,250.2
2018-05-18T09:11:34,26.4,212.6,236.6,3.2,1150.0,250.2
2018-05-18T09:12:05,26.8,207.9,244.9,3.2,1170.0,249.3
2018-05-18T09:12:36,26.8,210.2,233.6,3.2,1180.0,249.3
2018-05-18T09:13:07,26.8,210.8,234.8,3.3,1190.0,248.3
2018-05-18T09:13:38,26.8,216.2,230.7,3.1,1200.0,250.2
2018-05-18T09:14:09,26.8,210.8,240.1,3.2,1210.0,250.2
2018-05-18T09:14:40,27.2,206.1,244.3,3.2,1220.0,249.3
2018-05-18T09:15:11,27.5,213.2,240.1,3.3,1230.0,249.3
2018-05-18T09:15:42,27.9,213.8,240.1,3.3,1240.0,249.3
2018-05-18T09:16:14,27.9,216.7,234.2,3.2,1260.0,248.3
2018-05-18T09:16:45,28.3,215.6,241.3,3.3,1270.0,249.3
2018-05-18T09:17:16,28.6,212.0,240.1,3.4,1280.0,249.3
2018-05-18T09:17:47,28.6,213.8,237.2,3.4,1290.0,249.3
2018-05-18T09:18:18,28.6,206.7,239.5,3.5,1300.0,249.3
2018-05-18T09:18:49,29.0,206.1,238.4,3.5,1310.0,250.2
2018-05-18T09:19:20,28.6,212.6,244.3,3.4,1330.0,250.2
2018-05-18T09:19:51,28.6,206.1,229.5,3.4,1340.0,249.3
2018-05-18T09:20:22,28.3,215.0,237.2,3.4,1350.0,249.3
2018-05-18T09:20:54,28.6,212.0,237.8,3.5,1360.0,249.3
2018-05-18T09:21:25,29.0,211.4,243.7,3.5,1370.0,249.3
2018-05-18T09:21:56,29.0,215.6,241.3,3.4,1390.0,249.3
2018-05-18T09:22:27,29.4,209.1,234.2,3.5,1400.0,249.3
2018-05-18T09:22:58,29.0,212.0,243.7,3.5,1410.0,249.3
2018-05-18T09:23:29,28.6,206.7,236.0,3.6,1420.0,251.2
2018-05-18T09:24:00,29.0,206.1,232.4,3.6,1440.0,249.3
2018-05-18T09:24:31,29.4,210.8,241.9,3.6,1450.0,250.2
2018-05-18T09:25:02,29.4,213.2,238.4,3.5,1460.0,251.2
2018-05-18T09:25:33,29.0,207.3,232.4,3.7,1470.0,250.2
2018-05-18T09:26:05,29.0,212.0,243.1,3.6,1490.0,249.3
2018-05-18T09:26:36,29.4,213.8,238.4,3.6,1500.0,250.2
2018-05-18T09:27:07,29.4,213.2,234.8,3.6,1510.0,250.2
2018-05-18T09:27:38,29.7,209.7,231.9,3.8,1520.0,251.2
2018-05-18T09:28:09,30.1,209.7,231.3,3.8,1540.0,251.2
2018-05-18T09:28:40,30.1,212.6,242.5,3.6,1550.0,250.2
2018-05-18T09:29:11,29.7,215.6,230.7,3.5,1560.0,250.2
2018-05-18T09:29:42,29.4,212.6,231.9,3.6,1570.0,249.3
2018-05-18T09:30:13,29.4,211.4,235.4,3.8,1590.0,250.2
2018-05-18T09:30:44,29.7,207.3,240.7,3.7,1600.0,251.2
2018-05-18T09:31:16,29.7,211.4,237.2,3.7,1610.0,250.2
2018-05-18T09:31:47,29.7,215.0,230.7,3.7,1630.0,250.2
2018-05-18T09:32:18,29.7,213.8,230.7,3.8,1640.0,250.2
2018-05-18T09:32:49,29.4,212.0,234.8,3.7,1650.0,251.2
2018-05-18T09:33:20,29.4,206.1,228.3,4.0,1670.0,251.2
2018-05-18T09:33:51,29.4,211.4,235.4,3.8,1680.0,250.2
2018-05-18T09:34:22,29.4,211.4,232.4,3.9,1690.0,252.2
2018-05-18T09:34:53,29.4,213.8,241.3,3.7,1710.0,250.2
2018-05-18T09:35:24,29.7,206.7,224.8,3.9,1720.0,250.2
2018-05-18T09:35:55,29.7,204.9,230.7,4.0,1730.0,252.2
2018-05-18T09:36:27,29.7,213.2,238.4,3.8,1750.0,250.2
2018-05-18T09:36:58,30.1,207.3,238.4,4.1,1760.0,251.2
2018-05-18T09:37:29,30.1,206.1,230.1,3.9,1770.0,251.2
2018-05-18T09:38:00,30.1,207.3,236.6,3.9,1790.0,251.2
2018-05-18T09:38:31,30.2,210.2,240.7,4.0,1800.0,251.2
2018-05-18T09:39:02,30.2,206.7,232.4,4.0,1820.0,250.2
2018-05-18T09:39:33,30.2,214.4,230.7,3.9,1830.0,250.2
2018-05-18T09:40:04,30.3,213.2,227.7,3.9,1840.0,250.2
2018-05-18T09:40:35,30.4,207.3,232.4,4.2,1860.0,251.2
2018-05-18T09:41:07,30.5,204.9,241.9,4.2,1870.0,251.2
2018-05-18T09:41:38,30.7,211.4,230.7,4.1,1890.0,250.2
2018-05-18T09:42:09,30.7,206.1,236.6,4.2,1900.0,250.2
2018-05-18T09:42:40,30.7,211.4,238.4,4.0,1910.0,250.2
2018-05-18T09:43:11,30.8,206.1,227.7,4.1,1930.0,251.2
2018-05-18T09:43:42,30.8,208.5,236.6,4.1,1940.0,250.2
2018-05-18T09:44:13,30.9,206.1,234.2,4.2,1960.0,250.2
2018-05-18T09:44:44,31.0,206.1,239.5,4.3,1970.0,251.2
2018-05-18T09:45:15,31.1,207.3,238.4,4.2,1990.0,250.2
2018-05-18T09:45:46,31.1,210.8,229.5,4.1,2000.0,251.2
2018-05-18T09:46:17,31.1,206.7,230.1,4.3,2010.0,250.2
2018-05-18T09:46:48,30.9,205.5,230.7,4.3,2030.0,250.2
2018-05-18T09:47:19,31.0,200.8,235.4,4.2,2040.0,250.2
2018-05-18T09:47:50,30.9,202.0,224.8,4.3,2060.0,249.3
2018-05-18T09:48:21,30.8,201.4,231.3,4.4,2070.0,251.2
2018-05-18T09:48:52,30.9,203.7,227.1,4.4,2090.0,250.2
2018-05-18T09:49:23,31.0,203.2,227.7,4.4,2100.0,250.2
2018-05-18T09:49:54,31.0,203.7,236.6,4.4,2120.0,250.2
2018-05-18T09:50:25,31.1,207.3,232.4,4.2,2130.0,250.2
2018-05-18T09:50:57,31.1,206.7,224.2,4.3,2150.0,252.2
2018-05-18T09:51:28,31.1,207.3,230.7,4.4,2160.0,252.2
2018-05-18T09:51:59,31.1,208.5,240.1,4.3,2180.0,250.2
2018-05-18T09:52:30,31.0,207.3,236.6,4.5,2190.0,251.2
2018-05-18T09:53:01,31.1,206.7,229.5,4.4,2210.0,250.2
2018-05-18T09:53:32,31.2,209.7,227.1,4.3,2220.0,250.2
2018-05-18T09:54:03,31.4,212.6,233.0,4.2,2240.0,251.2
2018-05-18T09:54:34,31.5,204.9,230.7,4.4,2250.0,250.2
2018-05-18T09:55:05,31.5,207.3,236.6,4.5,2270.0,250.2
2018-05-18T09:55:37,31.6,206.1,237.8,4.6,2280.0,250.2
2018-05-18T09:56:08,31.5,209.7,233.6,4.5,2300.0,250.2
2018-05-18T09:56:39,31.4,213.2,231.3,4.3,2310.0,251.2
2018-05-18T09:57:10,31.4,208.5,226.5,4.4,2330.0,252.2
2018-05-18T09:57:41,31.4,208.5,230.1,4.5,2340.0,252.2
2018-05-18T09:58:12,31.5,210.2,236.6,4.4,2360.0,251.2
2018-05-18T09:58:43,31.6,210.2,234.8,4.4,2370.0,252.2
2018-05-18T09:59:14,31.6,212.6,231.3,4.4,2390.0,252.2
2018-05-18T09:59:45,31.6,212.0,227.1,4.4,2410.0,253.1
2018-05-18T10:00:16,31.6,201.4,234.8,4.6,2420.0,252.2
2018-05-18T10:00:48,31.5,202.6,224.2,4.8,2440.0,252.2
2018-05-18T10:01:19,31.5,202.6,228.3,4.7,2450.0,252.2
2018-05-18T10:01:50,31.6,206.7,237.2,4.6,2470.0,252.2
2018-05-18T10:02:21,31.6,209.7,231.3,4.5,2480.0,253.1
2018-05-18T10:02:52,31.7,199.6,233.6,4.7,2500.0,251.2
2018-05-18T10:03:23,31.8,203.2,237.8,4.8,2520.0,252.2
2018-05-18T10:03:54,31.9,202.0,237.2,4.7,2530.0,252.2
2018-05-18T10:04:25,32.0,201.4,237.2,4.7,2550.0,250.2
2018-05-18T10:04:56,31.9,205.5,227.7,4.7,2570.0,251.2
2018-05-18T10:05:27,32.0,206.7,224.2,4.7,2580.0,252.2
2018-05-18T10:05:58,31.9,208.5,228.3,4.7,2600.0,252.2
2018-05-18T10:06:30,31.9,210.8,227.7,4.6,2610.0,251.2
2018-05-18T10:07:01,31.8,207.3,230.7,4.6,2630.0,252.2
2018-05-18T10:07:32,31.9,203.7,237.2,4.8,2650.0,250.2
2018-05-18T10:08:03,31.9,207.3,227.7,4.8,2660.0,252.2
2018-05-18T10:08:34,31.9,206.7,227.7,4.7,2680.0,251.2
2018-05-18T10:09:05,31.9,200.2,231.3,4.9,2690.0,252.2
2018-05-18T10:09:36,32.0,199.0,234.8,5.0,2710.0,251.2
2018-05-18T10:10:07,32.0,200.8,231.3,4.8,2730.0,250.2
2018-05-18T10:10:38,32.3,203.2,225.4,4.8,2740.0,251.2
2018-05-18T10:11:10,32.3,208.5,227.7,4.7,2760.0,250.2
2018-05-18T10:11:41,32.3,209.1,233.6,4.6,2780.0,251.2
2018-05-18T10:12:12,32.3,202.0,237.2,5.0,2790.0,251.2
2018-05-18T10:12:43,32.4,206.1,229.5,4.8,2810.0,251.2
2018-05-18T10:13:14,32.5,209.1,223.6,4.8,2830.0,250.2
2018-05-18T10:13:45,32.6,208.5,227.7,4.9,2840.0,251.2
2018-05-18T10:14:16,32.6,207.3,229.5,4.8,2860.0,250.2
2018-05-18T10:14:47,32.7,203.2,237.8,5.0,2880.0,250.2
2018-05-18T10:15:18,32.7,202.0,235.4,5.0,2890.0,250.2
2018-05-18T10:15:49,32.9,203.7,230.7,5.0,2910.0,250.2
2018-05-18T10:16:21,33.0,202.0,225.9,5.1,2930.0,252.2
2018-05-18T10:16:52,33.0,203.7,223.6,5.1,2950.0,251.2
2018-05-18T10:17:23,32.9,203.7,227.7,4.9,2960.0,251.2
2018-05-18T10:17:54,32.9,202.0,232.4,5.1,2980.0,249.3
2018-05-18T10:18:25,32.9,202.0,234.8,5.0,3000.0,251.2
2018-05-18T10:18:56,32.7,201.4,232.4,5.1,3010.0,251.2
2018-05-18T10:19:27,32.7,199.6,231.9,5.1,3030.0,250.2
2018-05-18T10:19:58,32.7,199.0,224.2,5.1,3050.0,250.2
2018-05-18T10:20:29,32.7,201.4,221.2,5.1,3060.0,248.3
2018-05-18T10:21:00,32.9,201.4,227.7,5.1,3080.0,247.3
2018-05-18T10:21:31,33.0,203.7,225.4,5.1,3100.0,245.4
2018-05-18T10:22:02,33.0,203.2,227.1,5.1,3120.0,245.4
2018-05-18T10:22:33,33.0,202.6,225.4,5.1,3130.0,245.4
2018-05-18T10:23:04,33.1,203.2,224.8,5.0,3150.0,246.4
2018-05-18T10:23:35,33.2,202.0,233.0,5.1,3170.0,247.3
2018-05-18T10:24:06,33.3,202.6,233.6,5.1,3180.0,247.3
2018-05-18T10:24:37,33.3,202.0,225.4,5.1,3200.0,247.3
2018-05-18T10:25:08,33.4,201.4,227.7,5.2,3220.0,247.3
2018-05-18T10:25:40,33.3,199.0,227.7,5.3,3240.0,248.3
2018-05-18T10:26:11,33.4,198.4,228.3,5.3,3250.0,249.3
2018-05-18T10:26:42,33.5,196.7,227.1,5.4,3270.0,247.3
2018-05-18T10:27:13,33.7,193.7,231.9,5.4,3290.0,247.3
2018-05-18T10:27:44,33.7,196.7,227.7,5.3,3310.0,249.3
2018-05-18T10:28:15,33.8,200.2,221.8,5.4,3320.0,250.2
2018-05-18T10:28:46,33.9,204.9,221.8,5.1,3340.0,250.2
2018-05-18T10:29:17,33.9,200.2,223.0,5.2,3360.0,250.2
2018-05-18T10:29:48,33.9,207.3,226.5,5.0,3380.0,249.3
2018-05-18T10:30:19,34.0,204.9,229.5,5.2,3390.0,250.2
2018-05-18T10:30:50,34.0,204.3,225.4,5.3,3410.0,250.2
2018-05-18T10:31:22,34.1,206.1,220.6,5.2,3430.0,249.3
2018-05-18T10:31:53,34.1,206.7,225.4,5.2,3450.0,251.2
2018-05-18T10:32:24,34.1,204.9,227.1,5.2,3470.0,251.2
2018-05-18T10:32:55,34.1,206.7,228.3,5.3,3480.0,250.2
2018-05-18T10:33:26,34.1,204.3,227.1,5.4,3500.0,249.3
2018-05-18T10:33:57,34.2,205.5,226.5,5.2,3520.0,249.3
2018-05-18T10:34:28,34.2,206.7,233.6,5.3,3540.0,249.3
2018-05-18T10:34:59,34.2,202.0,230.7,5.3,3560.0,250.2
2018-05-18T10:35:30,34.2,199.6,226.5,5.5,3580.0,250.2
2018-05-18T10:36:01,34.2,200.8,225.9,5.5,3590.0,250.2
2018-05-18T10:36:32,34.4,201.4,220.6,5.5,3610.0,251.2
2018-05-18T10:37:03,34.4,201.4,224.2,5.5,3630.0,251.2
2018-05-18T10:37:34,34.5,208.5,225.9,5.1,3650.0,251.2
2018-05-18T10:38:05,34.5,204.9,230.7,5.3,3670.0,251.2
2018-05-18T10:38:36,34.5,198.4,223.6,5.5,3690.0,251.2
2018-05-18T10:39:07,34.5,197.3,225.4,5.7,3700.0,251.2
2018-05-18T10:39:38,34.6,197.3,230.7,5.7,3720.0,251.2
2018-05-18T10:40:09,34.6,195.5,228.3,5.7,3740.0,252.2
2018-05-18T10:40:41,34.6,197.3,226.5,5.7,3760.0,251.2
2018-05-18T10:41:12,34.7,194.9,223.6,5.7,3780.0,252.2
2018-05-18T10:41:43,34.7,195.5,224.2,5.8,3800.0,251.2
2018-05-18T10:42:14,34.8,194.3,227.7,5.6,3820.0,250.2
2018-05-18T10:42:45,34.8,193.7,224.2,5.7,3830.0,252.2
2018-05-18T10:43:16,34.8,193.7,225.9,5.7,3850.0,251.2
2018-05-18T10:43:47,34.9,193.1,230.7,5.7,3870.0,251.2
2018-05-18T10:44:18,34.9,194.9,229.5,5.8,3890.0,250.2
2018-05-18T10:44:49,34.9,193.7,219.4,5.7,3910.0,251.2
2018-05-18T10:45:20,34.9,195.5,222.4,5.8,3930.0,250.2
2018-05-18T10:45:52,34.8,194.9,232.4,5.7,3950.0,251.2
2018-05-18T10:46:23,34.7,199.0,230.1,5.6,3960.0,251.2
2018-05-18T10:46:54,34.6,199.6,223.0,5.6,3980.0,249.3
2018-05-18T10:47:25,34.7,201.4,224.2,5.5,4000.0,249.3
2018-05-18T10:47:56,34.7,192.5,218.8,5.7,4020.0,250.2
2018-05-18T10:48:27,34.8,195.5,219.4,5.8,4040.0,251.2
2018-05-18T10:48:58,34.8,193.7,223.0,5.9,4060.0,251.2
2018-05-18T10:49:29,34.9,196.1,225.4,5.8,4080.0,252.2
2018-05-18T10:50:00,34.9,200.8,220.6,5.7,4100.0,251.2
2018-05-18T10:50:31,34.9,201.4,225.9,5.7,4120.0,251.2
2018-05-18T10:51:03,34.8,202.0,227.7,5.7,4130.0,252.2
2018-05-18T10:51:34,34.8,197.3,223.0,5.8,4150.0,251.2
2018-05-18T10:52:05,34.8,194.9,222.4,6.0,4170.0,252.2
2018-05-18T10:52:36,34.8,199.6,218.3,5.7,4190.0,251.2
2018-05-18T10:53:07,34.8,197.3,221.8,5.9,4210.0,250.2
2018-05-18T10:53:38,34.8,198.4,229.5,5.8,4230.0,250.2
2018-05-18T10:54:09,34.9,202.6,226.5,5.7,4250.0,250.2
2018-05-18T10:54:40,34.8,199.6,224.8,5.7,4270.0,250.2
2018-05-18T10:55:11,35.0,198.4,218.3,5.9,4290.0,250.2
2018-05-18T10:55:42,35.0,194.9,221.8,6.0,4310.0,248.3
2018-05-18T10:56:14,35.0,201.4,225.4,5.7,4330.0,250.2
2018-05-18T10:56:45,35.2,202.6,222.4,5.6,4340.0,248.3
2018-05-18T10:57:16,34.9,203.7,214.1,5.6,4360.0,249.3
2018-05-18T10:57:47,34.8,202.6,221.2,5.7,4380.0,246.4
2018-05-18T10:58:18,35.0,197.8,228.9,5.8,4400.0,247.3
2018-05-18T10:58:49,34.9,192.5,221.2,6.1,4420.0,247.3
2018-05-18T10:59:20,35.0,190.2,216.5,6.1,4440.0,249.3
2018-05-18T10:59:51,35.2,190.8,219.4,6.0,4460.0,249.3
2018-05-18T11:00:22,35.3,194.9,220.6,6.0,4480.0,249.3
2018-05-18T11:00:54,35.2,199.0,222.4,5.8,4500.0,247.3
2018-05-18T11:01:25,35.3,201.4,227.1,5.9,4520.0,249.3
2018-05-18T11:01:56,35.4,194.3,222.4,5.9,4540.0,248.3
2018-05-18T11:02:27,35.5,201.4,215.3,5.8,4560.0,247.3
2018-05-18T11:02:58,35.6,197.3,216.5,5.9,4580.0,248.3
2018-05-18T11:03:29,35.6,200.2,222.4,5.8,4600.0,250.2
2018-05-18T11:04:00,35.7,200.8,221.8,5.8,4620.0,249.3
2018-05-18T11:04:31,35.9,200.2,225.4,5.8,4640.0,250.2
2018-05-18T11:05:02,35.9,199.0,225.9,5.9,4660.0,249.3
2018-05-18T11:05:34,35.9,200.8,225.4,5.7,4680.0,248.3
2018-05-18T11:06:05,35.7,199.6,221.8,5.9,4700.0,249.3
2018-05-18T11:06:36,35.9,193.7,214.7,6.1,4720.0,249.3
2018-05-18T11:07:07,35.6,193.1,223.6,6.1,4730.0,251.2
2018-05-18T11:07:38,35.6,199.6,221.8,6.0,4750.0,249.3
2018-05-18T11:08:09,35.6,200.2,218.3,5.8,4770.0,249.3
2018-05-18T11:08:40,35.7,191.9,219.4,6.2,4790.0,249.3
2018-05-18T11:09:11,35.5,191.3,221.2,6.3,4810.0,250.2
2018-05-18T11:09:42,35.6,197.8,220.6,6.1,4830.0,250.2
2018-05-18T11:10:13,35.9,198.4,218.8,6.1,4850.0,250.2
2018-05-18T11:10:44,36.0,196.7,219.4,6.1,4870.0,249.3
2018-05-18T11:11:16,36.0,197.8,225.9,5.9,4890.0,250.2
2018-05-18T11:11:47,36.1,197.8,223.6,6.0,4910.0,251.2
2018-05-18T11:12:18,36.1,190.8,224.8,6.2,4930.0,251.2
2018-05-18T11:12:49,36.2,198.4,217.7,5.9,4950.0,249.3
2018-05-18T11:13:20,36.2,199.6,219.4,5.9,4970.0,250.2
2018-05-18T11:13:51,36.1,197.8,222.4,6.0,4990.0,249.3
2018-05-18T11:14:22,35.9,193.1,224.8,6.2,5010.0,250.2
2018-05-18T11:14:53,35.9,197.3,213.5,6.0,5030.0,250.2
2018-05-18T11:15:24,35.9,193.7,217.7,6.2,5050.0,250.2
2018-05-18T11:15:55,36.0,194.3,222.4,6.3,5070.0,250.2
2018-05-18T11:16:27,35.7,189.6,226.5,6.2,5090.0,248.3
2018-05-18T11:16:58,35.9,191.3,224.2,6.2,5110.0,249.3
2018-05-18T11:17:29,36.0,193.1,226.5,6.2,5130.0,250.2
2018-05-18T11:18:00,36.1,192.5,223.0,6.3,5150.0,250.2
2018-05-18T11:18:31,36.2,191.3,214.1,6.2,5170.0,249.3
2018-05-18T11:19:02,36.2,190.8,224.2,6.3,5190.0,248.3
2018-05-18T11:19:33,36.3,191.9,224.8,6.4,5210.0,248.3
2018-05-18T11:20:04,36.3,190.8,224.2,6.3,5230.0,250.2
2018-05-18T11:20:35,36.4,190.8,224.8,6.3,5250.0,249.3
2018-05-18T11:21:07,36.5,192.5,221.8,6.3,5270.0,248.3
2018-05-18T11:21:38,36.5,200.8,217.1,6.0,5290.0,248.3
2018-05-18T11:22:09,36.5,193.7,211.7,6.3,5310.0,250.2
2018-05-18T11:22:40,36.4,190.2,220.6,6.3,5330.0,250.2
2018-05-18T11:23:11,36.4,192.5,227.1,6.4,5350.0,250.2
2018-05-18T11:23:42,36.4,190.2,224.8,6.3,5370.0,249.3
2018-05-18T11:24:13,36.3,190.2,224.8,6.4,5390.0,249.3
2018-05-18T11:24:44,36.1,191.9,223.6,6.4,5410.0,250.2
2018-05-18T11:25:15,36.1,191.3,224.8,6.3,5430.0,250.2
2018-05-18T11:25:46,36.1,188.4,221.8,6.4,5460.0,251.2
2018-05-18T11:26:17,36.2,189.0,220.6,6.4,5480.0,251.2
2018-05-18T11:26:48,36.3,187.8,216.5,6.4,5500.0,249.3
2018-05-18T11:27:19,36.3,189.6,213.5,6.4,5520.0,249.3
2018-05-18T11:27:50,36.4,195.5,219.4,6.2,5540.0,250.2
2018-05-18T11:28:21,36.3,189.6,222.4,6.4,5560.0,249.3
2018-05-18T11:28:52,36.2,194.3,222.4,5.1,5580.0,249.3
2018-05-18T11:29:23,36.2,203.2,240.1,5.8,5590.0,248.3
2018-05-18T11:29:54,36.1,199.0,214.7,6.2,5610.0,250.2
2018-05-18T11:30:25,36.1,199.0,225.4,6.2,5630.0,250.2
2018-05-18T11:30:57,36.2,198.4,222.4,6.2,5650.0,250.2
2018-05-18T11:31:28,36.3,199.0,220.6,6.1,5670.0,249.3
2018-05-18T11:31:59,36.4,197.3,221.2,6.3,5700.0,250.2
2018-05-18T11:32:30,36.5,196.7,223.0,6.3,5720.0,250.2
2018-05-18T11:33:01,36.7,191.3,218.8,6.5,5740.0,249.3
2018-05-18T11:33:32,36.7,192.5,219.4,6.5,5760.0,249.3
2018-05-18T11:34:03,36.8,189.6,220.6,6.5,5780.0,249.3
2018-05-18T11:34:34,36.7,189.0,221.8,6.6,5800.0,250.2
2018-05-18T11:35:05,36.8,189.6,221.8,6.5,5820.0,251.2
2018-05-18T11:35:37,36.9,189.6,221.8,6.6,5840.0,252.2
2018-05-18T11:36:08,36.9,190.8,222.4,6.5,5860.0,252.2
2018-05-18T11:36:39,37.0,189.6,221.2,6.5,5880.0,251.2
2018-05-18T11:37:10,37.1,187.8,215.9,6.6,5900.0,252.2
2018-05-18T11:37:41,37.1,191.3,211.7,6.5,5920.0,251.2
2018-05-18T11:38:12,37.2,189.0,214.7,6.6,5940.0,251.2
2018-05-18T11:38:43,37.2,189.0,220.6,6.6,5960.0,252.2
2018-05-18T11:39:14,37.4,187.8,220.6,6.5,5980.0,251.2
2018-05-18T11:39:45,37.4,189.0,220.0,6.5,6010.0,252.2
2018-05-18T11:40:16,37.4,197.8,215.3,6.3,6030.0,252.2
2018-05-18T11:40:48,37.5,193.1,212.3,6.5,6050.0,251.2
2018-05-18T11:41:19,37.5,194.3,216.5,6.4,6070.0,252.2
2018-05-18T11:41:50,37.6,193.7,221.2,6.4,6090.0,250.2
2018-05-18T11:42:21,37.6,195.5,222.4,6.4,6110.0,251.2
2018-05-18T11:42:52,37.6,191.3,212.9,6.4,6130.0,251.2
2018-05-18T11:43:23,37.4,193.7,221.2,6.5,6150.0,250.2
2018-05-18T11:43:54,37.2,193.1,215.3,6.4,6170.0,249.3
2018-05-18T11:44:25,37.4,191.9,219.4,6.6,6190.0,251.2
2018-05-18T11:44:56,37.5,191.9,218.3,6.5,6210.0,249.3
2018-05-18T11:45:27,37.5,196.7,219.4,6.4,6230.0,251.2
2018-05-18T11:45:59,37.6,189.6,217.7,6.5,6260.0,251.2
2018-05-18T11:46:30,37.6,188.4,214.1,6.6,6280.0,252.2
2018-05-18T11:47:01,37.7,190.2,219.4,6.6,6300.0,251.2
2018-05-18T11:47:32,37.7,190.2,215.3,6.7,6320.0,251.2
2018-05-18T11:48:03,37.7,196.1,214.7,6.3,6340.0,253.1
2018-05-18T11:48:34,37.8,190.2,221.8,6.6,6360.0,253.1
2018-05-18T11:49:05,37.8,195.5,222.4,6.4,6380.0,252.2
2018-05-18T11:49:36,37.9,194.3,221.8,6.5,6400.0,252.2
2018-05-18T11:50:07,37.9,187.2,217.7,6.7,6420.0,252.2
2018-05-18T11:50:38,37.9,190.8,217.7,6.6,6450.0,251.2
2018-05-18T11:51:10,38.0,190.8,219.4,6.7,6470.0,251.2
2018-05-18T11:51:41,38.0,191.9,216.5,6.5,6490.0,251.2
2018-05-18T11:52:12,38.2,194.3,215.3,6.4,6510.0,252.2
2018-05-18T11:52:43,38.2,195.5,211.7,6.4,6530.0,251.2
2018-05-18T11:53:14,38.2,193.7,212.3,6.5,6550.0,251.2
2018-05-18T11:53:45,38.2,189.6,217.1,6.7,6570.0,251.2
2018-05-18T11:54:16,38.2,189.6,213.5,6.6,6590.0,251.2
2018-05-18T11:54:47,38.3,184.3,215.9,6.8,6620.0,251.2
2018-05-18T11:55:18,38.2,192.5,220.6,6.6,6640.0,252.2
2018-05-18T11:55:49,38.2,193.7,219.4,6.5,6660.0,250.2
2018-05-18T11:56:21,38.3,191.9,217.7,6.5,6680.0,251.2
2018-05-18T11:56:52,38.3,190.2,211.7,6.6,6700.0,251.2
2018-05-18T11:57:23,38.3,189.6,219.4,6.7,6720.0,251.2
2018-05-18T11:57:54,38.3,190.8,220.6,6.6,6740.0,252.2
2018-05-18T11:58:25,38.4,191.9,218.8,6.5,6760.0,252.2
2018-05-18T11:58:56,38.4,193.7,218.3,6.5,6780.0,252.2
2018-05-18T11:59:27,38.4,191.9,219.4,6.6,6810.0,251.2
2018-05-18T11:59:58,38.4,190.2,217.1,6.8,6830.0,252.2
2018-05-18T12:00:29,38.4,185.4,222.4,6.9,6850.0,251.2
2018-05-18T12:01:00,38.4,184.3,220.6,6.9,6870.0,252.2
2018-05-18T12:01:31,38.5,185.4,217.7,6.8,6890.0,252.2
2018-05-18T12:02:02,38.4,184.8,213.5,6.8,6910.0,252.2
2018-05-18T12:02:33,38.3,186.6,211.2,6.7,6930.0,251.2
2018-05-18T12:03:04,38.4,186.6,211.2,6.8,6950.0,252.2
2018-05-18T12:03:35,38.3,185.4,214.7,6.7,6970.0,253.1
2018-05-18T12:04:06,38.2,186.0,216.5,6.8,7000.0,253.1
2018-05-18T12:04:37,38.0,184.8,214.7,6.8,7020.0,252.2
2018-05-18T12:05:08,37.8,184.3,218.3,6.9,7040.0,252.2
2018-05-18T12:05:40,37.8,184.8,219.4,6.7,7060.0,252.2
2018-05-18T12:06:11,37.7,183.7,220.6,6.8,7080.0,251.2
2018-05-18T12:06:42,37.7,183.7,216.5,6.9,7100.0,253.1
2018-05-18T12:07:13,37.7,187.8,213.5,6.8,7120.0,252.2
2018-05-18T12:07:44,37.8,189.0,211.2,6.7,7140.0,252.2
2018-05-18T12:08:15,37.9,190.8,214.7,6.6,7170.0,252.2
2018-05-18T12:08:46,37.8,193.7,217.1,6.5,7190.0,252.2
2018-05-18T12:09:17,37.7,189.6,220.6,6.7,7210.0,252.2
2018-05-18T12:09:48,37.8,188.4,215.9,6.8,7230.0,251.2
2018-05-18T12:10:19,37.7,188.4,219.4,6.8,7250.0,253.1
2018-05-18T12:10:50,37.8,184.8,220.0,6.8,7270.0,252.2
2018-05-18T12:11:22,37.9,186.0,209.4,7.0,7290.0,250.2
2018-05-18T12:11:53,38.0,188.4,212.3,6.7,7320.0,251.2
2018-05-18T12:12:24,38.2,189.0,217.7,6.8,7340.0,252.2
2018-05-18T12:12:55,38.3,193.1,218.8,6.5,7360.0,251.2
2018-05-18T12:13:26,38.4,194.3,218.8,6.6,7380.0,252.2
2018-05-18T12:13:57,38.4,193.1,217.1,6.6,7400.0,252.2
2018-05-18T12:14:28,38.4,191.3,215.3,6.7,7420.0,252.2
2018-05-18T12:14:59,38.5,189.6,215.3,6.7,7440.0,254.1
2018-05-18T12:15:30,38.6,186.6,218.3,6.8,7470.0,253.1
2018-05-18T12:16:01,38.6,183.1,218.3,6.9,7490.0,252.2
2018-05-18T12:16:32,38.7,183.1,211.2,7.0,7510.0,254.1
2018-05-18T12:17:03,38.6,185.4,210.6,6.8,7530.0,252.2
2018-05-18T12:17:34,38.6,190.2,217.7,6.7,7550.0,252.2
2018-05-18T12:18:05,38.7,190.2,217.7,6.7,7570.0,253.1
2018-05-18T12:18:36,38.7,186.6,218.3,6.8,7590.0,253.1
2018-05-18T12:19:07,38.9,187.2,217.7,6.8,7620.0,253.1
2018-05-18T12:19:38,38.9,187.2,212.3,6.8,7640.0,254.1
2018-05-18T12:20:09,39.0,186.6,211.7,7.0,7660.0,252.2
2018-05-18T12:20:41,39.0,189.0,215.3,6.9,7680.0,254.1
2018-05-18T12:21:12,39.0,188.4,212.9,6.8,7700.0,254.1
2018-05-18T12:21:43,39.1,189.6,210.6,6.8,7720.0,252.2
2018-05-18T12:22:14,39.1,191.3,210.0,6.8,7740.0,254.1
2018-05-18T12:22:45,39.1,190.8,214.7,6.7,7770.0,253.1
2018-05-18T12:23:16,39.1,191.9,212.9,6.7,7790.0,252.2
2018-05-18T12:23:47,39.2,193.1,212.3,6.7,7810.0,253.1
2018-05-18T12:24:18,39.2,194.3,211.7,6.5,7830.0,252.2
2018-05-18T12:24:49,39.3,192.5,212.3,6.7,7850.0,252.2
2018-05-18T12:25:20,39.3,188.4,215.3,6.9,7870.0,251.2
2018-05-18T12:25:52,39.2,188.4,213.5,6.9,7900.0,251.2
2018-05-18T12:26:23,39.2,188.4,217.1,6.8,7920.0,250.2
2018-05-18T12:26:54,39.3,187.2,217.7,7.0,7940.0,250.2
2018-05-18T12:27:25,39.3,189.6,215.9,7.0,7960.0,252.2
2018-05-18T12:27:56,39.3,186.0,215.3,7.1,7980.0,253.1
2018-05-18T12:28:27,39.3,186.0,209.4,7.1,8010.0,251.2
2018-05-18T12:28:58,39.3,186.6,209.4,7.0,8030.0,251.2
2018-05-18T12:29:29,39.4,185.4,217.7,7.2,8050.0,251.2
2018-05-18T12:30:00,39.4,190.8,216.5,7.0,8070.0,253.1
2018-05-18T12:30:32,39.4,194.9,213.5,6.7,8090.0,252.2
2018-05-18T12:31:03,39.4,183.7,216.5,7.2,8120.0,251.2
2018-05-18T12:31:34,39.4,190.2,215.3,7.0,8140.0,251.2
2018-05-18T12:32:05,39.5,192.5,214.7,6.9,8160.0,251.2
2018-05-18T12:32:36,39.5,193.7,213.5,6.7,8180.0,252.2
2018-05-18T12:33:07,39.5,191.3,212.3,6.8,8200.0,251.2
2018-05-18T12:33:38,39.5,191.9,210.0,7.0,8230.0,253.1
2018-05-18T12:34:09,39.7,193.7,213.5,6.6,8250.0,252.2
2018-05-18T12:34:40,39.7,191.3,208.8,7.0,8270.0,252.2
2018-05-18T12:35:11,39.7,196.1,212.3,6.6,8290.0,252.2
2018-05-18T12:35:42,39.7,188.4,214.7,6.4,8310.0,253.1
2018-05-18T12:36:14,39.7,186.6,215.3,6.6,8340.0,251.2
2018-05-18T12:36:45,39.7,182.5,211.7,6.9,8360.0,251.2
2018-05-18T12:37:16,39.5,181.3,214.7,6.9,8380.0,251.2
2018-05-18T12:37:47,39.4,184.3,212.9,6.8,8400.0,252.2
2018-05-18T12:38:18,39.2,176.6,214.7,7.0,8420.0,251.2
2018-05-18T12:38:49,39.2,180.7,217.1,6.9,8440.0,251.2
2018-05-18T12:39:20,39.2,180.7,218.8,6.9,8470.0,251.2
2018-05-18T12:39:51,39.1,180.7,220.6,7.0,8490.0,251.2
2018-05-18T12:40:22,39.2,181.3,215.3,6.8,8510.0,251.2
2018-05-18T12:40:54,39.3,177.8,220.0,7.0,8530.0,251.2
2018-05-18T12:41:25,39.4,179.5,213.5,7.1,8550.0,251.2
2018-05-18T12:41:56,39.4,184.3,212.9,6.7,8570.0,251.2
2018-05-18T12:42:27,39.5,184.8,218.3,6.7,8600.0,251.2
2018-05-18T12:42:58,39.7,184.8,214.7,6.8,8620.0,251.2
2018-05-18T12:43:29,39.7,178.3,214.7,7.1,8640.0,252.2
2018-05-18T12:44:00,39.7,180.1,214.7,7.0,8660.0,252.2
2018-05-18T12:44:31,39.8,178.9,218.3,7.0,8680.0,252.2
2018-05-18T12:45:02,39.8,173.6,221.8,6.9,8700.0,252.2
2018-05-18T12:45:34,39.8,182.5,212.3,6.9,8720.0,251.2
2018-05-18T12:46:05,39.8,183.7,211.7,6.7,8750.0,252.2
2018-05-18T12:46:36,39.9,186.6,214.7,6.5,8770.0,251.2
2018-05-18T12:47:07,39.9,188.4,217.7,6.5,8790.0,251.2
2018-05-18T12:47:38,39.8,187.2,218.8,6.7,8810.0,252.2
2018-05-18T12:48:09,39.9,185.4,218.3,6.6,8830.0,251.2
2018-05-18T12:48:40,39.9,185.4,220.0,6.7,8850.0,251.2
2018-05-18T12:49:11,39.9,187.8,217.1,6.4,8870.0,252.2
2018-05-18T12:49:42,40.0,191.3,214.7,6.2,8890.0,251.2
2018-05-18T12:50:13,40.0,187.8,211.2,5.8,8920.0,251.2
2018-05-18T12:50:45,40.0,165.9,209.4,7.1,8940.0,251.2
2018-05-18T12:51:16,40.0,165.9,214.1,7.1,8960.0,250.2
2018-05-18T12:51:47,40.0,164.2,217.7,7.2,8980.0,251.2
2018-05-18T12:52:18,40.0,164.2,218.8,7.1,9000.0,250.2
2018-05-18T12:52:49,40.0,165.4,218.8,7.1,9020.0,250.2
2018-05-18T12:53:20,40.0,165.9,220.6,7.1,9040.0,251.2
2018-05-18T12:53:51,40.0,169.5,220.6,7.0,9060.0,250.2
2018-05-18T12:54:22,39.9,168.3,221.2,7.0,9080.0,250.2
2018-05-18T12:54:53,39.9,175.4,217.7,6.7,9100.0,251.2
2018-05-18T12:55:24,40.0,171.3,216.5,6.8,9120.0,251.2
2018-05-18T12:55:55,39.9,165.4,214.7,7.0,9140.0,251.2
2018-05-18T12:56:27,39.9,168.3,210.0,7.0,9170.0,251.2
2018-05-18T12:56:58,39.8,164.2,210.6,7.1,9190.0,252.2
2018-05-18T12:57:29,39.8,165.4,213.5,7.1,9210.0,252.2
2018-05-18T12:58:00,39.7,169.5,211.7,7.0,9230.0,252.2
2018-05-18T12:58:31,39.7,167.7,207.6,6.9,9250.0,252.2
2018-05-18T12:59:02,39.5,171.3,212.9,7.0,9270.0,253.1
2018-05-18T12:59:33,39.5,167.7,210.0,6.9,9290.0,253.1
2018-05-18T13:00:04,39.4,176.0,217.1,6.7,9310.0,253.1
2018-05-18T13:00:35,39.4,165.9,217.1,7.0,9330.0,252.2
2018-05-18T13:01:07,39.3,165.4,214.7,7.0,9350.0,253.1
2018-05-18T13:01:38,39.1,167.1,213.5,7.0,9370.0,252.2
2018-05-18T13:02:09,39.0,171.3,211.7,6.9,9390.0,252.2
2018-05-18T13:02:40,38.9,177.8,212.3,6.6,9410.0,252.2
2018-05-18T13:03:11,38.6,167.7,212.9,7.0,9440.0,252.2
2018-05-18T13:03:42,38.7,165.9,218.3,7.0,9460.0,253.1
2018-05-18T13:04:13,39.0,170.1,212.3,7.0,9480.0,252.2
2018-05-18T13:04:44,39.1,170.7,210.6,7.0,9500.0,252.2
2018-05-18T13:05:15,39.2,165.9,210.0,7.1,9520.0,252.2
2018-05-18T13:05:46,39.3,170.1,210.6,7.0,9540.0,253.1
2018-05-18T13:06:18,39.4,171.9,210.6,6.8,9560.0,253.1
2018-05-18T13:06:49,39.5,176.0,215.3,6.7,9580.0,251.2
2018-05-18T13:07:20,39.5,175.4,220.6,6.8,9600.0,251.2
2018-05-18T13:07:51,39.7,170.1,217.1,6.8,9620.0,252.2
2018-05-18T13:08:22,39.8,169.5,213.5,7.0,9640.0,253.1
2018-05-18T13:08:53,39.8,176.0,211.7,6.6,9670.0,252.2
2018-05-18T13:09:24,39.9,170.7,214.7,6.8,9690.0,253.1
2018-05-18T13:09:55,39.9,175.4,212.3,6.7,9710.0,254.1
2018-05-18T13:10:26,39.9,177.2,211.2,6.5,9730.0,253.1
2018-05-18T13:10:57,39.9,181.3,210.6,6.3,9750.0,252.2
2018-05-18T13:11:28,39.9,176.0,211.2,5.8,9770.0,253.1
2018-05-18T13:11:59,39.5,166.5,220.0,5.8,9790.0,250.2
2018-05-18T13:12:30,39.5,161.8,211.2,6.8,9810.0,253.1
2018-05-18T13:13:01,39.5,166.5,208.2,6.6,9830.0,253.1
2018-05-18T13:13:32,39.5,161.8,210.6,6.8,9850.0,253.1
2018-05-18T13:14:03,39.5,158.3,213.5,6.7,9870.0,253.1
2018-05-18T13:14:34,39.4,158.9,215.3,6.5,9890.0,253.1
2018-05-18T13:15:05,39.5,153.5,214.7,6.8,9910.0,253.1
2018-05-18T13:15:37,39.7,157.1,212.3,6.9,9930.0,252.2
2018-05-18T13:16:08,39.8,155.9,218.3,6.6,9950.0,251.2
2018-05-18T13:16:39,39.5,158.9,219.4,7.0,9970.0,252.2
2018-05-18T13:17:10,39.4,161.8,213.5,6.9,9990.0,252.2
2018-05-18T13:17:41,39.3,165.9,211.7,6.6,10010.0,252.2
2018-05-18T13:18:12,39.2,165.4,215.3,6.7,10030.0,253.1
2018-05-18T13:18:43,39.0,157.7,214.1,7.0,10050.0,252.2
2018-05-18T13:19:14,38.9,163.6,212.3,6.4,10070.0,252.2
2018-05-18T13:19:45,38.9,160.6,218.8,6.7,10090.0,252.2
2018-05-18T13:20:16,39.0,168.9,216.5,6.3,10110.0,251.2
2018-05-18T13:20:48,39.0,170.7,215.3,6.3,10130.0,252.2
2018-05-18T13:21:19,38.9,177.2,219.4,5.6,10150.0,252.2
2018-05-18T13:21:50,39.0,173.6,218.3,5.7,10160.0,251.2
2018-05-18T13:22:21,39.1,178.3,215.3,5.4,10180.0,250.2
2018-05-18T13:22:52,39.2,183.1,209.4,4.7,10200.0,250.2
2018-05-18T13:23:23,39.3,164.8,209.4,5.6,10220.0,250.2
2018-05-18T13:23:54,39.4,154.7,212.9,6.5,10240.0,250.2
2018-05-18T13:24:25,39.5,154.7,213.5,6.5,10260.0,252.2
2018-05-18T13:24:56,39.7,147.6,209.4,6.8,10280.0,253.1
2018-05-18T13:25:27,39.8,152.4,211.7,6.7,10300.0,252.2
2018-05-18T13:25:59,39.8,154.1,216.5,6.5,10320.0,251.2
2018-05-18T13:26:30,39.9,154.7,217.1,6.5,10340.0,251.2
2018-05-18T13:27:01,39.9,148.2,220.0,6.8,10350.0,252.2
2018-05-18T13:27:32,40.0,155.9,218.8,6.5,10370.0,252.2
2018-05-18T13:28:03,40.0,156.5,219.4,6.4,10390.0,253.1
2018-05-18T13:28:34,40.0,151.8,219.4,6.7,10410.0,251.2
2018-05-18T13:29:05,40.0,149.4,218.3,6.8,10430.0,253.1
2018-05-18T13:29:36,40.0,154.1,211.7,6.6,10450.0,253.1
2018-05-18T13:30:07,40.0,157.1,211.2,6.5,10470.0,253.1
2018-05-18T13:30:39,40.0,150.0,213.5,6.7,10490.0,252.2
2018-05-18T13:31:10,40.0,155.9,214.1,6.5,10510.0,253.1
2018-05-18T13:31:41,40.0,159.4,210.0,6.3,10530.0,251.2
2018-05-18T13:32:12,40.0,150.6,215.3,6.7,10550.0,253.1
2018-05-18T13:32:43,40.0,158.3,213.5,6.3,10570.0,251.2
2018-05-18T13:33:14,40.1,153.5,210.0,6.6,10580.0,253.1
2018-05-18T13:33:45,40.1,164.2,214.7,5.9,10600.0,252.2
2018-05-18T13:34:16,40.2,167.1,214.7,5.4,10620.0,252.2
2018-05-18T13:34:47,40.2,160.6,218.8,5.4,10640.0,252.2
2018-05-18T13:35:18,40.2,165.4,219.4,5.0,10660.0,252.2
2018-05-18T13:35:49,40.2,170.7,216.5,4.7,10680.0,252.2
2018-05-18T13:36:21,40.2,163.6,213.5,4.9,10690.0,252.2
2018-05-18T13:36:52,40.4,171.9,211.7,4.2,10710.0,251.2
2018-05-18T13:37:23,40.4,154.7,209.4,5.8,10730.0,252.2
2018-05-18T13:37:54,40.4,143.5,210.0,6.5,10750.0,252.2
2018-05-18T13:38:25,40.4,142.9,214.7,6.7,10770.0,252.2
2018-05-18T13:38:56,40.4,141.1,207.6,6.7,10780.0,251.2
2018-05-18T13:39:27,40.5,143.5,210.0,6.6,10800.0,251.2
2018-05-18T13:39:58,40.5,145.3,212.9,6.4,10820.0,251.2
2018-05-18T13:40:29,40.5,148.8,214.1,6.0,10840.0,251.2
2018-05-18T13:41:00,40.5,150.6,214.7,5.8,10860.0,250.2
2018-05-18T13:41:31,40.5,155.3,218.3,5.5,10880.0,252.2
2018-05-18T13:42:02,40.5,156.5,214.7,5.3,10890.0,251.2
2018-05-18T13:42:33,40.5,155.3,211.7,5.3,10910.0,250.2
2018-05-18T13:43:04,40.4,157.7,212.9,4.9,10930.0,252.2
2018-05-18T13:43:35,40.5,157.1,212.3,5.0,10950.0,251.2
2018-05-18T13:44:06,40.5,154.1,216.5,5.0,10960.0,251.2
2018-05-18T13:44:37,40.5,152.9,211.2,4.1,10980.0,251.2
2018-05-18T13:45:08,40.5,129.3,214.7,6.8,11000.0,251.2
2018-05-18T13:45:40,40.5,132.9,214.7,6.5,11010.0,251.2
2018-05-18T13:46:11,40.5,136.4,217.1,6.4,11030.0,252.2
2018-05-18T13:46:42,40.4,135.8,214.7,6.4,11050.0,251.2
2018-05-18T13:47:13,40.4,135.8,214.7,6.4,11070.0,252.2
2018-05-18T13:47:44,40.4,131.7,217.1,6.6,11090.0,251.2
2018-05-18T13:48:15,40.4,133.5,213.5,6.5,11100.0,250.2
2018-05-18T13:48:46,40.4,128.7,223.0,6.8,11120.0,250.2
2018-05-18T13:49:17,40.2,132.3,217.1,6.7,11140.0,249.3
2018-05-18T13:49:48,40.2,132.3,220.6,6.6,11160.0,248.3
2018-05-18T13:50:19,40.2,130.5,220.0,6.6,11180.0,250.2
2018-05-18T13:50:51,40.2,129.3,222.4,6.7,11190.0,250.2
2018-05-18T13:51:22,40.4,132.9,218.3,6.5,11210.0,249.3
2018-05-18T13:51:53,40.2,137.6,217.7,6.3,11230.0,251.2
2018-05-18T13:52:24,40.2,137.6,212.9,6.3,11250.0,248.3
2018-05-18T13:52:55,40.2,137.6,212.3,6.4,11270.0,249.3
2018-05-18T13:53:26,40.2,131.7,215.9,6.6,11280.0,249.3
2018-05-18T13:53:57,40.2,128.7,213.5,6.7,11300.0,249.3
2018-05-18T13:54:28,40.4,129.3,212.3,6.6,11320.0,249.3
2018-05-18T13:54:59,40.2,136.4,212.3,6.4,11340.0,249.3
2018-05-18T13:55:30,40.1,135.8,218.8,6.4,11350.0,248.3
2018-05-18T13:56:01,40.1,131.7,217.7,6.6,11370.0,248.3
2018-05-18T13:56:32,40.1,130.5,215.3,6.6,11390.0,249.3
2018-05-18T13:57:03,40.2,132.9,211.2,6.4,11410.0,249.3
2018-05-18T13:57:34,40.1,134.0,217.7,6.4,11420.0,248.3
2018-05-18T13:58:05,40.2,135.8,210.0,6.2,11440.0,248.3
2018-05-18T13:58:37,40.2,137.6,209.4,6.2,11460.0,250.2
2018-05-18T13:59:08,40.2,135.8,215.3,6.3,11480.0,250.2
2018-05-18T13:59:39,40.2,131.7,214.1,6.6,11490.0,250.2
2018-05-18T14:00:10,40.2,129.9,211.7,6.6,11510.0,250.2
2018-05-18T14:00:41,40.2,128.7,209.4,6.5,11530.0,249.3
2018-05-18T14:01:12,40.2,129.9,211.7,6.5,11550.0,250.2
2018-05-18T14:01:43,40.2,132.3,213.5,6.5,11560.0,250.2
2018-05-18T14:02:14,40.2,137.6,216.5,6.1,11580.0,249.3
2018-05-18T14:02:45,40.4,129.9,215.9,6.6,11600.0,253.1
2018-05-18T14:03:16,40.2,129.9,205.2,6.6,11620.0,251.2
2018-05-18T14:03:47,40.2,131.7,220.6,6.4,11630.0,251.2
2018-05-18T14:04:18,40.2,136.4,218.8,5.5,11650.0,250.2
2018-05-18T14:04:49,40.0,145.9,216.5,5.3,11670.0,251.2
2018-05-18T14:05:20,39.9,142.9,215.3,5.7,11680.0,251.2
2018-05-18T14:05:52,39.8,144.7,211.2,5.4,11700.0,251.2
2018-05-18T14:06:23,39.9,147.6,205.8,4.8,11720.0,250.2
2018-05-18T14:06:54,39.9,143.5,211.2,5.3,11730.0,251.2
2018-05-18T14:07:25,39.8,144.7,215.3,5.0,11750.0,250.2
2018-05-18T14:07:56,39.9,146.4,213.5,5.0,11770.0,252.2
2018-05-18T14:08:27,39.9,146.4,210.0,4.9,11780.0,250.2
2018-05-18T14:08:58,39.9,148.8,211.7,4.7,11800.0,251.2
2018-05-18T14:09:29,40.0,150.6,212.3,4.5,11810.0,250.2
2018-05-18T14:10:00,40.0,148.8,211.7,4.2,11830.0,251.2
2018-05-18T14:10:32,40.1,150.0,214.1,4.1,11840.0,250.2
2018-05-18T14:11:03,40.1,151.8,211.2,3.5,11860.0,250.2
2018-05-18T14:11:34,39.9,151.2,208.8,3.3,11870.0,249.3
2018-05-18T14:12:05,40.0,152.4,218.3,3.1,11890.0,250.2
2018-05-18T14:12:36,40.0,144.7,208.2,3.3,11900.0,249.3
2018-05-18T14:13:07,39.9,142.3,207.6,3.1,11920.0,250.2
2018-05-18T14:13:38,39.9,142.3,210.6,3.1,11930.0,250.2
2018-05-18T14:14:09,39.8,143.5,218.3,3.0,11940.0,249.3
2018-05-18T14:14:40,39.8,134.6,221.8,2.1,11950.0,248.3
2018-05-18T14:15:11,39.8,118.7,230.7,5.8,11970.0,251.2
2018-05-18T14:15:43,39.7,109.2,225.4,4.6,11980.0,250.2
2018-05-18T14:16:14,39.7,106.9,204.6,4.2,11990.0,249.3
2018-05-18T14:16:45,39.7,106.3,208.2,4.1,12000.0,248.3
2018-05-18T14:17:16,39.8,111.6,214.7,6.3,12010.0,251.2
2018-05-18T14:17:47,39.5,113.4,217.7,6.2,12030.0,250.2
2018-05-18T14:18:18,39.5,118.7,219.4,5.9,12050.0,251.2
2018-05-18T14:18:49,39.4,116.9,213.5,5.9,12060.0,250.2
2018-05-18T14:19:20,39.4,113.4,217.1,6.1,12080.0,251.2
2018-05-18T14:19:51,39.5,111.0,213.5,6.1,12090.0,251.2
2018-05-18T14:20:22,39.5,111.6,211.2,6.2,12110.0,251.2
2018-05-18T14:20:54,39.5,115.1,215.3,5.9,12120.0,250.2
2018-05-18T14:21:25,39.5,114.0,211.7,6.0,12140.0,250.2
2018-05-18T14:21:56,39.5,110.4,210.0,6.2,12160.0,251.2
2018-05-18T14:22:27,39.5,109.8,218.8,6.2,12170.0,251.2
2018-05-18T14:22:58,39.5,114.0,219.4,6.0,12190.0,251.2
2018-05-18T14:23:29,39.2,118.1,217.7,5.7,12200.0,250.2
2018-05-18T14:24:00,39.2,118.1,218.3,5.8,12220.0,251.2
2018-05-18T14:24:31,39.3,115.1,217.7,5.9,12230.0,249.3
2018-05-18T14:25:02,39.4,112.2,220.6,5.9,12250.0,250.2
2018-05-18T14:25:34,39.5,111.0,217.7,6.1,12260.0,250.2
2018-05-18T14:26:05,39.5,113.4,214.7,5.9,12280.0,250.2
2018-05-18T14:26:36,39.7,116.3,207.6,5.7,12290.0,250.2
2018-05-18T14:27:07,39.7,118.7,212.3,5.6,12310.0,250.2
2018-05-18T14:27:38,39.8,116.3,212.3,4.8,12320.0,250.2
2018-05-18T14:28:09,39.8,114.6,221.2,5.8,12340.0,250.2
2018-05-18T14:28:40,39.8,114.6,221.2,5.6,12350.0,250.2
2018-05-18T14:29:11,39.8,114.6,217.7,5.8,12370.0,250.2
2018-05-18T14:29:42,39.7,119.9,215.3,5.6,12380.0,249.3
2018-05-18T14:30:13,39.7,118.7,215.9,5.2,12400.0,249.3
2018-05-18T14:30:45,39.7,129.9,221.2,5.0,12410.0,249.3
2018-05-18T14:31:16,39.7,121.0,214.7,5.4,12430.0,250.2
2018-05-18T14:31:47,39.8,116.9,220.6,5.3,12440.0,250.2
2018-05-18T14:32:18,39.8,102.7,212.9,6.0,12460.0,249.3
2018-05-18T14:32:49,39.8,104.5,212.9,5.8,12470.0,251.2
2018-05-18T14:33:20,39.8,111.0,217.1,5.5,12490.0,250.2
2018-05-18T14:33:51,39.8,105.1,223.6,5.8,12500.0,249.3
2018-05-18T14:34:22,39.9,104.5,222.4,5.8,12510.0,249.3
2018-05-18T14:34:53,39.9,103.9,223.6,5.7,12530.0,249.3
2018-05-18T14:35:24,39.9,108.6,217.7,5.5,12540.0,250.2
2018-05-18T14:35:56,39.9,112.2,216.5,5.4,12560.0,249.3
2018-05-18T14:36:27,39.9,121.0,218.8,5.3,12570.0,248.3
2018-05-18T14:36:58,39.9,115.1,221.8,5.7,12590.0,249.3
2018-05-18T14:37:29,39.9,116.9,221.8,5.6,12600.0,247.3
2018-05-18T14:38:00,39.9,114.0,218.8,5.8,12620.0,248.3
2018-05-18T14:38:31,39.8,111.6,211.7,5.7,12630.0,249.3
2018-05-18T14:39:02,39.7,112.8,211.7,5.7,12640.0,249.3
2018-05-18T14:39:33,39.5,110.4,211.2,5.8,12660.0,249.3
2018-05-18T14:40:04,39.7,118.7,220.6,5.4,12670.0,249.3
2018-05-18T14:40:35,39.7,119.3,220.6,5.3,12690.0,248.3
2018-05-18T14:41:07,39.7,114.6,217.7,5.6,12700.0,249.3
2018-05-18T14:41:38,39.8,114.0,216.5,5.7,12720.0,249.3
2018-05-18T14:42:09,39.8,115.7,218.3,5.5,12730.0,249.3
2018-05-18T14:42:40,39.8,116.9,222.4,5.5,12750.0,249.3
2018-05-18T14:43:11,39.8,116.9,220.6,5.4,12760.0,249.3
2018-05-18T14:43:42,39.8,116.9,220.6,5.4,12770.0,249.3
2018-05-18T14:44:13,39.9,113.4,211.7,5.6,12790.0,249.3
2018-05-18T14:44:44,39.9,116.3,218.3,5.4,12800.0,250.2
2018-05-18T14:45:15,39.9,115.7,210.0,5.5,12820.0,249.3
2018-05-18T14:45:46,39.9,116.9,211.7,5.4,12830.0,249.3
2018-05-18T14:46:18,39.9,119.9,217.7,5.2,12840.0,248.3
2018-05-18T14:46:49,39.9,119.9,221.2,5.1,12860.0,248.3
2018-05-18T14:47:20,39.9,119.9,221.8,5.0,12870.0,249.3
2018-05-18T14:47:51,39.9,119.9,221.8,4.8,12890.0,249.3
2018-05-18T14:48:22,39.9,122.2,216.5,4.8,12900.0,249.3
2018-05-18T14:48:53,39.9,124.0,211.2,4.6,12910.0,248.3
2018-05-18T14:49:24,39.8,128.1,214.1,4.2,12930.0,249.3
2018-05-18T14:49:55,39.9,124.6,218.3,4.6,12940.0,249.3
2018-05-18T14:50:26,39.9,127.0,216.5,4.1,12950.0,250.2
2018-05-18T14:50:57,39.8,128.7,219.4,3.9,12970.0,248.3
2018-05-18T14:51:29,39.8,130.5,215.3,3.8,12980.0,249.3
2018-05-18T14:52:00,39.9,105.7,212.9,5.3,12990.0,249.3
2018-05-18T14:52:31,39.9,111.6,215.3,4.9,13010.0,249.3
2018-05-18T14:53:02,39.9,105.7,217.7,5.2,13020.0,248.3
2018-05-18T14:53:33,39.8,106.9,214.7,4.8,13030.0,248.3
2018-05-18T14:54:04,39.8,109.8,221.8,4.6,13050.0,248.3
2018-05-18T14:54:35,39.8,102.7,223.6,4.8,13060.0,248.3
2018-05-18T14:55:06,39.8,103.9,218.3,4.6,13070.0,249.3
2018-05-18T14:55:37,39.8,108.6,212.3,4.1,13080.0,249.3
2018-05-18T14:56:08,39.8,105.7,214.1,4.0,13100.0,248.3
2018-05-18T14:56:39,39.8,105.7,219.4,4.1,13110.0,250.2
2018-05-18T14:57:10,39.8,108.6,215.9,3.4,13120.0,248.3
2018-05-18T14:57:41,39.8,112.8,229.5,3.4,13130.0,250.2
2018-05-18T14:58:12,39.8,112.8,223.0,3.1,13140.0,248.3
2018-05-18T14:58:43,39.8,112.2,219.4,2.5,13160.0,248.3
2018-05-18T14:59:14,39.8,114.6,216.5,2.2,13170.0,249.3
2018-05-18T14:59:45,39.8,104.5,225.4,2.7,13180.0,248.3
2018-05-18T15:00:16,39.7,102.7,217.7,3.1,13190.0,248.3
2018-05-18T15:00:48,39.8,102.7,223.0,3.1,13200.0,248.3
2018-05-18T15:01:19,39.7,103.3,217.1,2.9,13210.0,248.3
2018-05-18T15:01:50,39.7,102.7,215.9,3.0,13220.0,247.3
2018-05-18T15:02:21,39.7,102.7,215.3,3.0,13230.0,247.3
2018-05-18T15:02:52,39.7,103.9,225.4,2.8,13240.0,248.3
2018-05-18T15:03:23,39.7,102.7,223.6,3.0,13250.0,249.3
2018-05-18T15:03:54,39.7,102.7,220.6,3.1,13270.0,249.3
2018-05-18T15:04:25,39.7,103.9,216.5,2.8,13280.0,249.3
2018-05-18T15:04:56,39.7,102.7,223.0,2.9,13290.0,248.3
2018-05-18T15:05:27,39.7,105.7,223.6,4.0,13300.0,248.3
2018-05-18T15:05:59,39.5,102.7,227.1,3.1,13310.0,248.3
2018-05-18T15:06:30,39.5,103.9,228.3,2.8,13320.0,247.3
2018-05-18T15:07:01,39.5,102.7,221.2,2.6,13330.0,248.3
2018-05-18T15:07:32,39.5,102.7,230.7,2.4,13340.0,248.3
2018-05-18T15:08:03,39.5,101.6,222.4,1.6,13350.0,248.3
2018-05-18T15:08:34,39.5,102.7,223.6,1.9,13360.0,248.3
2018-05-18T15:09:05,39.5,102.1,221.8,1.4,13370.0,247.3
2018-05-18T15:09:36,39.5,108.1,221.2,1.2,13380.0,247.3
2018-05-18T15:10:07,39.4,104.5,215.3,1.3,13390.0,248.3
2018-05-18T15:10:39,39.4,102.7,226.5,1.2,13400.0,249.3
2018-05-18T15:11:10,39.4,105.1,218.3,1.1,13410.0,248.3
2018-05-18T15:11:41,39.3,116.9,218.3,0.7,13420.0,249.3
2018-05-18T15:12:12,39.3,138.8,223.0,0.6,13420.0,248.3
2018-05-18T15:12:43,39.3,159.4,220.0,0.5,13430.0,246.4
2018-05-18T15:13:14,39.2,180.7,225.9,0.5,13440.0,248.3
2018-05-18T15:13:45,39.2,201.4,227.7,0.5,13450.0,249.3
2018-05-18T15:14:16,39.2,222.7,220.6,0.4,13460.0,247.3
2018-05-18T15:14:47,39.1,216.2,218.8,0.4,13470.0,248.3
2018-05-18T15:15:18,39.1,212.6,225.4,0.5,13480.0,248.3
2018-05-18T15:15:50,39.1,220.9,220.6,0.5,13490.0,246.4
2018-05-18T15:16:21,39.1,199.6,220.6,0.4,13490.0,248.3
2018-05-18T15:16:52,39.1,191.3,227.1,0.5,13500.0,248.3
2018-05-18T15:17:23,38.9,171.3,218.3,0.5,13510.0,248.3
2018-05-18T15:17:54,38.7,170.7,216.5,0.5,13520.0,247.3
2018-05-18T15:18:25,38.6,193.7,222.4,0.5,13530.0,248.3
2018-05-18T15:18:56,38.5,213.8,228.3,0.4,13540.0,248.3
2018-05-18T15:19:27,38.5,220.9,223.0,0.4,13550.0,248.3
2018-05-18T15:19:58,38.6,199.6,217.7,0.5,13550.0,247.3
2018-05-18T15:20:29,38.6,217.3,220.6,0.4,13560.0,247.3
2018-05-18T15:21:01,38.6,215.0,215.9,0.4,13570.0,247.3
2018-05-18T15:21:32,38.6,200.2,220.6,0.4,13580.0,247.3
2018-05-18T15:22:03,38.3,222.1,220.6,0.4,13590.0,249.3
2018-05-18T15:22:34,38.0,211.4,225.9,0.5,13600.0,247.3
2018-05-18T15:23:05,38.0,203.7,225.4,0.4,13610.0,247.3
2018-05-18T15:23:36,38.2,225.6,217.7,0.4,13610.0,248.3
2018-05-18T15:24:07,38.2,207.9,217.7,0.5,13620.0,248.3
2018-05-18T15:24:38,38.3,198.4,219.4,0.5,13630.0,247.3
2018-05-18T15:25:09,38.3,219.7,213.5,0.5,13640.0,247.3
2018-05-18T15:25:40,38.3,213.2,221.8,0.4,13650.0,247.3
2018-05-18T15:26:12,38.3,205.5,228.3,0.4,13650.0,247.3
2018-05-18T15:26:43,38.3,225.6,225.9,0.4,13660.0,247.3
2018-05-18T15:27:14,38.3,211.4,219.4,0.4,13670.0,248.3
2018-05-18T15:27:45,38.4,190.2,218.8,0.5,13680.0,248.3
2018-05-18T15:28:16,38.3,203.7,222.4,0.5,13690.0,248.3
2018-05-18T15:28:47,38.3,225.0,227.7,0.4,13700.0,247.3
2018-05-18T15:29:18,38.3,212.0,222.4,0.4,13700.0,247.3
2018-05-18T15:29:49,38.3,191.9,225.4,0.5,13710.0,246.4
2018-05-18T15:30:20,38.3,194.3,228.3,0.5,13720.0,248.3
2018-05-18T15:30:51,38.3,215.6,227.1,0.4,13730.0,246.4
2018-05-18T15:31:22,38.3,215.6,222.4,0.4,13740.0,247.3
2018-05-18T15:31:53,38.3,194.9,225.9,0.4,13740.0,247.3
2018-05-18T15:32:24,38.3,190.8,229.5,0.5,13750.0,247.3
2018-05-18T15:32:55,38.3,213.2,227.1,0.4,13760.0,245.4
2018-05-18T15:33:26,38.3,226.2,222.4,0.4,13770.0,243.5
2018-05-18T15:33:57,38.2,204.3,223.0,0.4,13780.0,243.5
2018-05-18T15:34:28,38.2,183.1,232.4,0.5,13780.0,243.5
2018-05-18T15:35:00,38.2,194.9,225.4,0.4,13790.0,243.5
2018-05-18T15:35:31,38.2,196.1,217.7,0.4,13800.0,243.5
2018-05-18T15:36:02,38.2,192.5,218.3,0.5,13810.0,245.4
2018-05-18T15:36:33,38.2,213.8,220.6,0.5,13810.0,245.4
2018-05-18T15:37:04,38.2,223.8,218.3,0.4,13820.0,246.4
2018-05-18T15:37:35,38.2,202.6,227.1,0.4,13830.0,245.4
2018-05-18T15:38:06,38.2,187.2,224.2,0.4,13840.0,244.4
2018-05-18T15:38:37,38.2,209.1,218.3,0.4,13840.0,245.4
2018-05-18T15:39:08,38.2,228.0,223.0,0.3,13850.0,244.4
2018-05-18T15:39:39,38.2,207.3,231.3,0.4,13860.0,246.4
2018-05-18T15:40:10,38.2,189.0,223.6,0.5,13870.0,244.4
2018-05-18T15:40:42,38.2,210.2,219.4,0.4,13870.0,243.5
2018-05-18T15:41:13,38.2,226.2,229.5,0.4,13880.0,244.4
2018-05-18T15:41:44,38.2,203.2,230.7,0.5,13890.0,243.5
2018-05-18T15:42:15,38.2,204.9,220.0,0.5,13900.0,244.4
2018-05-18T15:42:46,38.2,225.0,223.0,0.4,13900.0,245.4
2018-05-18T15:43:17,38.2,216.2,233.6,0.4,13910.0,244.4
2018-05-18T15:43:48,38.2,216.2,225.4,0.4,13920.0,244.4
2018-05-18T15:44:19,38.2,215.0,219.4,0.4,13930.0,245.4
2018-05-18T15:44:50,38.2,194.9,222.4,0.4,13930.0,244.4
2018-05-18T15:45:21,38.0,187.8,219.4,0.4,13940.0,244.4
2018-05-18T15:45:53,38.0,209.7,225.4,0.4,13950.0,245.4
2018-05-18T15:46:25,38.0,228.6,229.5,0.4,13950.0,246.4
2018-05-18T15:46:56,38.0,206.7,224.2,0.4,13960.0,246.4
2018-05-18T15:47:27,38.0,185.4,219.4,0.4,13970.0,246.4
2018-05-18T15:47:58,38.0,206.1,227.7,0.4,13980.0,246.4
2018-05-18T15:48:29,38.0,227.4,225.4,0.4,13980.0,246.4
2018-05-18T15:49:00,38.0,208.5,231.9,0.4,13990.0,246.4
2018-05-18T15:49:31,38.0,193.7,225.4,0.4,14000.0,245.4
2018-05-18T15:50:02,37.9,213.8,219.4,0.4,14000.0,246.4
2018-05-18T15:50:33,37.9,227.4,227.7,0.4,14010.0,245.4
2018-05-18T15:51:04,37.9,204.3,227.7,0.4,14020.0,245.4
2018-05-18T15:51:35,37.9,210.8,230.1,0.4,14020.0,245.4
2018-05-18T15:52:06,37.9,229.2,232.4,0.3,14030.0,245.4
2018-05-18T15:52:37,37.9,207.9,224.8,0.4,14040.0,245.4
2018-05-18T15:53:08,37.9,187.2,217.1,0.4,14040.0,245.4
2018-05-18T15:53:39,37.9,173.6,223.6,0.5,14050.0,246.4
2018-05-18T15:54:10,37.8,194.9,231.3,0.4,14060.0,246.4
2018-05-18T15:54:41,37.8,216.7,223.6,0.4,14060.0,247.3
2018-05-18T15:55:12,37.8,223.2,220.0,0.4,14070.0,245.4
2018-05-18T15:55:44,37.8,202.0,224.8,0.4,14080.0,244.4
2018-05-18T15:56:15,37.8,181.9,218.8,0.4,14080.0,244.4
2018-05-18T15:56:46,37.8,160.0,228.9,0.5,14090.0,245.4
2018-05-18T15:57:17,37.8,175.4,226.5,0.5,14090.0,244.4
2018-05-18T15:57:48,37.8,174.8,230.7,0.5,14100.0,244.4
2018-05-18T15:58:19,37.8,171.3,221.2,0.5,14110.0,244.4
2018-05-18T15:58:50,37.7,171.3,224.8,0.5,14110.0,245.4
2018-05-18T15:59:21,37.7,190.8,218.3,0.4,14120.0,245.4
2018-05-18T15:59:52,37.7,212.6,224.2,0.4,14130.0,245.4
2018-05-18T16:00:23,37.7,230.3,229.5,0.3,14130.0,245.4
2018-05-18T16:00:55,37.7,225.6,228.3,0.4,14140.0,245.4
2018-05-18T16:01:26,37.7,213.2,224.2,0.4,14140.0,244.4
2018-05-18T16:01:57,37.7,192.5,229.5,0.4,14150.0,245.4
2018-05-18T16:02:28,37.7,185.4,224.2,0.4,14160.0,245.4
2018-05-18T16:02:59,37.7,206.7,220.6,0.4,14160.0,246.4
2018-05-18T16:03:30,37.6,228.0,230.7,0.3,14170.0,246.4
2018-05-18T16:04:01,37.6,215.6,229.5,0.4,14170.0,245.4
2018-05-18T16:04:32,37.6,194.9,218.3,0.4,14180.0,245.4
2018-05-18T16:05:03,37.6,173.6,227.1,0.5,14190.0,247.3
2018-05-18T16:05:35,37.6,152.9,234.8,0.5,14190.0,246.4
2018-05-18T16:06:06,37.6,169.5,227.1,0.5,14200.0,246.4
2018-05-18T16:06:37,37.6,190.2,225.4,0.4,14200.0,245.4
2018-05-18T16:07:08,37.6,212.0,231.3,0.3,14210.0,245.4
2018-05-18T16:07:39,37.5,230.9,221.8,0.3,14220.0,246.4
2018-05-18T16:08:10,37.5,211.4,225.9,0.4,14220.0,245.4
2018-05-18T16:08:41,37.5,191.3,233.6,0.4,14230.0,246.4
2018-05-18T16:09:12,37.5,198.4,227.7,0.4,14230.0,246.4
2018-05-18T16:09:43,37.5,219.7,227.7,0.4,14240.0,246.4
2018-05-18T16:10:14,37.5,220.3,227.7,0.4,14240.0,245.4
2018-05-18T16:10:46,37.5,200.2,232.4,0.4,14250.0,246.4
2018-05-18T16:11:17,37.4,179.5,231.3,0.4,14250.0,246.4
2018-05-18T16:11:48,37.4,158.9,224.2,0.5,14260.0,246.4
2018-05-18T16:12:19,37.4,137.6,224.2,0.6,14270.0,246.4
2018-05-18T16:12:50,37.4,124.0,231.3,0.9,14270.0,245.4
2018-05-18T16:13:21,37.4,122.8,235.4,0.9,14280.0,245.4
2018-05-18T16:13:52,37.4,118.1,223.0,0.9,14280.0,247.3
2018-05-18T16:14:23,37.2,112.2,226.5,1.0,14290.0,245.4
2018-05-18T16:14:54,37.2,109.8,234.2,1.1,14290.0,247.3
2018-05-18T16:15:25,37.2,111.6,232.4,1.2,14300.0,245.4
2018-05-18T16:15:57,37.2,102.1,223.6,1.3,14300.0,246.4
2018-05-18T16:16:28,37.2,103.9,229.5,1.3,14310.0,246.4
2018-05-18T16:16:59,37.2,102.1,229.5,1.3,14320.0,245.4
2018-05-18T16:17:30,37.2,102.7,228.9,1.2,14320.0,246.4
2018-05-18T16:18:01,37.2,108.1,234.8,0.9,14330.0,245.4
2018-05-18T16:18:32,37.2,107.5,227.1,0.9,14330.0,246.4
2018-05-18T16:19:03,37.1,116.9,223.0,0.7,14340.0,246.4
2018-05-18T16:19:34,37.1,102.7,227.7,0.9,14340.0,245.4
2018-05-18T16:20:05,37.1,102.7,236.6,0.9,14350.0,245.4
2018-05-18T16:20:36,37.1,124.0,229.5,0.8,14350.0,246.4
2018-05-18T16:21:08,37.1,115.7,231.3,0.8,14360.0,245.4
2018-05-18T16:21:39,37.1,123.4,228.3,0.8,14360.0,246.4
2018-05-18T16:22:10,37.1,117.5,231.9,0.8,14360.0,244.4
2018-05-18T16:22:41,37.1,104.5,219.4,1.3,14370.0,245.4
2018-05-18T16:23:12,37.1,102.7,230.1,1.3,14370.0,246.4
2018-05-18T16:23:43,37.1,104.5,230.1,1.2,14380.0,245.4
2018-05-18T16:24:14,37.1,103.9,229.5,1.2,14380.0,245.4
2018-05-18T16:24:45,37.1,102.7,233.6,1.2,14390.0,246.4
2018-05-18T16:25:16,37.1,105.7,236.0,1.1,14390.0,245.4
2018-05-18T16:25:47,37.1,102.7,224.8,1.1,14400.0,246.4
2018-05-18T16:26:19,37.1,102.7,233.6,1.0,14400.0,245.4
2018-05-18T16:26:50,37.0,105.1,230.7,0.8,14410.0,245.4
2018-05-18T16:27:21,37.0,102.7,225.4,0.8,14410.0,245.4
2018-05-18T16:27:52,37.0,121.6,226.5,0.7,14420.0,245.4
2018-05-18T16:28:23,37.0,124.6,227.7,0.6,14420.0,246.4
2018-05-18T16:28:54,37.0,116.9,236.6,0.7,14420.0,244.4
2018-05-18T16:29:25,37.0,138.2,221.2,0.6,14430.0,245.4
2018-05-18T16:29:56,36.9,158.3,231.9,0.5,14430.0,246.4
2018-05-18T16:30:27,36.9,178.3,229.5,0.4,14440.0,245.4
2018-05-18T16:30:58,36.9,199.0,223.6,0.4,14440.0,246.4
2018-05-18T16:31:30,36.9,221.5,233.0,0.3,14440.0,246.4
2018-05-18T16:32:01,36.9,217.9,231.3,0.3,14450.0,245.4
2018-05-18T16:32:32,36.9,198.4,235.4,0.4,14450.0,246.4
2018-05-18T16:33:03,36.9,183.7,231.9,0.3,14450.0,246.4
2018-05-18T16:33:34,36.8,206.1,233.0,0.3,14460.0,245.4
2018-05-18T16:34:05,36.8,226.2,227.7,0.3,14460.0,246.4
2018-05-18T16:34:36,36.8,211.4,212.9,0.3,14460.0,245.4
2018-05-18T16:35:07,36.8,220.9,201.7,0.3,14460.0,245.4
2018-05-18T16:35:38,36.7,199.6,208.8,0.4,14460.0,244.4
2018-05-18T16:36:09,36.7,179.5,221.8,0.4,14460.0,245.4
2018-05-18T16:36:40,36.7,163.0,243.7,0.5,14460.0,244.4
2018-05-18T16:37:11,36.7,148.2,241.9,0.6,14460.0,244.4
2018-05-18T16:37:42,36.5,138.2,242.5,0.8,14470.0,245.4
2018-05-18T16:38:13,36.5,138.8,223.0,0.7,14470.0,245.4
2018-05-18T16:38:44,36.5,154.1,201.1,0.6,14470.0,244.4
2018-05-18T16:39:15,36.4,160.6,218.8,0.7,14470.0,246.4
2018-05-18T16:39:46,36.4,160.0,211.7,0.6,14470.0,246.4
2018-05-18T16:40:18,36.4,160.6,190.4,0.5,14470.0,246.4
2018-05-18T16:40:49,36.3,141.7,201.7,0.9,14470.0,244.4
2018-05-18T16:41:20,36.3,122.8,222.4,1.0,14470.0,246.4
2018-05-18T16:41:51,36.3,134.0,237.8,1.0,14470.0,245.4
2018-05-18T16:42:23,36.3,119.9,214.7,1.0,14480.0,245.4
2018-05-18T16:42:54,36.2,103.9,237.2,1.2,14480.0,245.4
2018-05-18T16:43:25,36.2,121.0,225.9,0.9,14480.0,245.4
2018-05-18T16:43:56,36.1,114.0,206.4,1.1,14480.0,244.4
2018-05-18T16:44:27,36.1,119.9,189.3,1.0,14480.0,243.5
2018-05-18T16:44:58,36.1,104.5,210.0,1.1,14480.0,243.5
2018-05-18T16:45:29,36.0,123.4,232.4,0.7,14480.0,244.4
2018-05-18T16:46:00,36.0,127.0,226.5,0.7,14480.0,243.5
2018-05-18T16:46:31,35.9,141.7,204.1,0.7,14480.0,244.4
2018-05-18T16:47:02,35.9,148.8,184.5,0.7,14490.0,245.4
2018-05-18T16:47:33,35.9,151.2,201.1,0.7,14490.0,243.5
2018-05-18T16:48:04,35.7,157.7,222.4,0.6,14490.0,243.5
2018-05-18T16:48:35,35.7,145.3,243.7,0.7,14490.0,244.4
2018-05-18T16:49:06,35.7,133.5,224.8,0.8,14490.0,243.5
2018-05-18T16:49:37,35.7,154.1,204.1,0.6,14490.0,243.5
2018-05-18T16:50:08,35.6,154.7,197.5,0.7,14490.0,244.4
2018-05-18T16:50:40,35.6,144.7,217.7,0.6,14490.0,242.5
2018-05-18T16:51:11,35.5,164.2,239.5,0.6,14490.0,243.5
2018-05-18T16:51:42,35.5,162.4,227.7,0.6,14490.0,244.4
2018-05-18T16:52:13,35.5,154.1,207.6,0.6,14500.0,243.5
2018-05-18T16:52:44,35.5,167.7,192.2,0.5,14500.0,242.5
2018-05-18T16:53:15,35.4,147.0,213.5,0.5,14500.0,244.4
2018-05-18T16:53:46,35.5,145.9,233.0,0.5,14500.0,244.4
2018-05-18T16:54:17,35.3,165.9,236.0,0.4,14500.0,243.5
2018-05-18T16:54:48,35.3,156.5,214.7,0.4,14500.0,245.4
2018-05-18T16:55:19,35.3,151.8,195.2,0.4,14500.0,243.5
2018-05-18T16:55:50,35.3,160.0,173.9,0.4,14500.0,243.5
2018-05-18T16:56:22,35.2,147.6,191.6,0.3,14500.0,244.4
2018-05-18T16:56:53,35.2,167.7,211.7,0.3,14500.0,243.5
2018-05-18T16:57:24,35.2,169.5,233.6,0.2,14500.0,244.4
2018-05-18T16:57:55,35.0,161.2,215.3,0.2,14500.0,244.4
2018-05-18T16:58:26,35.0,182.5,193.4,0.1,14500.0,244.4
2018-05-18T16:58:57,34.9,159.4,171.5,0.1,14500.0,244.4
2018-05-18T16:59:28,34.9,168.3,150.8,0.1,14500.0,244.4
2018-05-18T16:59:59,34.9,190.2,160.9,0.0,14500.0,244.4
2018-05-18T17:00:30,34.8,177.2,181.6,0.0,14500.0,244.4
2018-05-18T17:01:01,34.8,155.3,200.5,0.1,14500.0,244.4
2018-05-18T17:01:32,34.7,141.7,222.4,0.1,14500.0,244.4
2018-05-18T17:02:03,34.7,164.2,208.8,0.1,14500.0,244.4
2018-05-18T17:02:34,34.7,183.1,191.6,0.0,14500.0,244.4
2018-05-18T17:03:05,34.6,197.8,168.0,0.0,14500.0,245.4
2018-05-18T17:03:36,34.5,196.7,149.6,0.0,14500.0,244.4
2018-05-18T17:04:07,34.5,171.9,128.9,0.0,14500.0,244.4
2018-05-18T17:04:38,34.4,152.4,107.6,0.0,14500.0,244.4
2018-05-18T17:05:09,34.4,132.3,115.3,0.0,14500.0,243.5
2018-05-18T17:05:41,34.4,130.5,137.2,0.0,14500.0,244.4
2018-05-18T17:06:13,34.2,181.9,213.5,0.1,14500.0,244.4
2018-05-18T17:06:44,34.1,187.8,205.2,0.0,14500.0,244.4
2018-05-18T17:07:15,34.1,186.0,196.4,0.0,14500.0,244.4
2018-05-18T17:07:46,34.0,184.8,190.4,0.0,14500.0,243.5
2018-05-18T17:08:17,34.0,183.7,187.5,0.0,14500.0,243.5
2018-05-18T17:08:48,33.9,181.9,183.3,0.0,14500.0,243.5
2018-05-18T17:09:19,33.9,147.0,181.0,0.0,14500.0,242.5
2018-05-18T17:09:50,33.9,169.5,169.7,0.0,14500.0,242.5
2018-05-18T17:10:21,33.8,162.4,162.6,0.0,14500.0,243.5
2018-05-18T17:10:52,33.8,151.8,152.0,0.0,14500.0,242.5
2018-05-18T17:11:24,33.7,132.9,133.1,0.0,14500.0,242.5
2018-05-18T17:11:55,33.7,89.1,89.3,0.0,14500.0,243.5
