2018-05-23T06:30:27,7.4,210.2,238.4,0.0,0.0,236.7
2018-05-23T06:30:58,7.0,211.4,240.7,0.0,0.0,236.7
2018-05-23T06:31:30,7.0,212.6,242.5,0.0,0.0,237.7
2018-05-23T06:32:01,7.0,213.8,246.1,0.0,0.0,236.7
2018-05-23T06:32:32,7.0,214.4,250.8,0.0,0.0,237.7
2018-05-23T06:33:03,7.0,213.8,250.8,0.0,0.0,237.7
2018-05-23T06:33:34,7.4,149.4,164.4,0.0,0.0,237.7
2018-05-23T06:34:05,7.0,217.3,246.6,0.0,0.0,237.7
2018-05-23T06:34:36,7.4,217.9,247.8,0.0,0.0,237.7
2018-05-23T06:35:07,7.0,218.5,249.6,0.0,0.0,238.6
2018-05-23T06:35:38,7.4,219.7,251.4,0.0,0.0,239.6
2018-05-23T06:36:10,7.0,220.3,254.9,0.0,0.0,238.6
2018-05-23T06:36:41,7.4,220.9,256.7,0.0,0.0,240.6
2018-05-23T06:37:12,7.4,150.0,166.8,0.0,0.0,240.6
2018-05-23T06:37:43,7.4,222.1,253.7,0.0,0.0,240.6
2018-05-23T06:38:14,7.4,222.7,258.5,0.0,0.0,239.6
2018-05-23T06:38:45,7.0,223.2,259.1,0.0,0.0,240.6
2018-05-23T06:39:16,7.0,223.8,256.1,0.0,0.0,241.5
2018-05-23T06:39:47,7.4,224.4,260.3,0.0,0.0,240.6
2018-05-23T06:40:18,7.4,153.5,163.8,0.1,0.0,240.6
2018-05-23T06:40:49,7.4,225.6,260.8,0.0,0.0,242.5
2018-05-23T06:41:20,7.4,220.3,261.4,0.0,0.0,242.5
2018-05-23T06:41:51,7.4,220.9,262.0,0.0,0.0,240.6
2018-05-23T06:42:22,7.8,207.3,239.0,0.0,0.0,241.5
2018-05-23T06:42:53,7.8,190.8,228.3,0.1,0.0,242.5
2018-05-23T06:43:24,7.8,170.7,206.4,0.1,0.0,242.5
2018-05-23T06:43:55,7.8,151.8,186.3,0.1,0.0,243.5
2018-05-23T06:44:26,7.8,148.8,166.2,0.1,0.0,240.6
2018-05-23T06:44:57,7.8,170.7,168.6,0.1,0.0,240.6
2018-05-23T06:45:28,7.8,193.1,190.4,0.1,0.0,239.6
2018-05-23T06:46:00,7.8,212.0,211.2,0.1,0.0,241.5
2018-05-23T06:46:31,7.8,210.2,230.1,0.1,0.0,241.5
2018-05-23T06:47:02,7.8,188.4,253.7,0.2,0.0,241.5
2018-05-23T06:47:33,7.8,168.9,232.4,0.2,0.0,242.5
2018-05-23T06:48:04,8.1,147.6,213.5,0.2,0.0,242.5
2018-05-23T06:48:35,8.1,141.7,192.8,0.2,0.0,243.5
2018-05-23T06:49:06,8.1,164.8,172.1,0.2,0.0,241.5
2018-05-23T06:49:37,8.1,185.4,152.0,0.2,0.0,242.5
2018-05-23T06:50:08,8.1,206.1,130.7,0.2,0.0,241.5
2018-05-23T06:50:39,8.1,227.4,145.5,0.0,0.0,242.5
2018-05-23T06:51:11,8.1,201.4,168.0,0.2,0.0,241.5
2018-05-23T06:51:42,8.1,181.3,188.1,0.2,0.0,241.5
2018-05-23T06:52:13,8.1,161.2,209.4,0.2,0.0,241.5
2018-05-23T06:52:44,8.1,149.4,229.5,0.2,0.0,239.6
2018-05-23T06:53:15,8.1,170.7,252.6,0.2,0.0,239.6
2018-05-23T06:53:46,8.5,193.1,243.1,0.2,0.0,240.6
2018-05-23T06:54:17,8.5,213.2,221.2,0.2,0.0,242.5
2018-05-23T06:54:48,8.5,219.1,201.1,0.2,0.0,240.6
2018-05-23T06:55:19,8.5,196.7,180.4,0.2,0.0,241.5
2018-05-23T06:55:50,8.5,176.0,180.4,0.2,0.0,240.6
2018-05-23T06:56:21,8.5,170.1,201.7,0.2,0.0,239.6
2018-05-23T06:56:52,8.5,191.9,222.4,0.2,0.0,241.5
2018-05-23T06:57:23,8.5,212.0,243.1,0.2,0.0,242.5
2018-05-23T06:57:55,8.5,219.1,248.4,0.2,0.0,242.5
2018-05-23T06:58:26,8.9,197.3,225.9,0.2,10.0,242.5
2018-05-23T06:58:57,8.9,177.2,206.4,0.2,10.0,242.5
2018-05-23T06:59:28,8.9,185.4,185.1,0.2,10.0,241.5
2018-05-23T06:59:59,8.9,207.9,200.5,0.2,10.0,241.5
2018-05-23T07:00:30,8.9,224.4,222.4,0.2,10.0,241.5
2018-05-23T07:01:01,8.9,201.4,243.7,0.2,10.0,242.5
2018-05-23T07:01:32,8.9,179.5,244.3,0.2,10.0,243.5
2018-05-23T07:02:03,8.9,196.1,222.4,0.3,10.0,242.5
2018-05-23T07:02:34,8.9,215.6,202.3,0.2,10.0,243.5
2018-05-23T07:03:05,9.2,215.0,182.8,0.2,10.0,243.5
2018-05-23T07:03:36,9.2,193.1,173.9,0.3,10.0,242.5
2018-05-23T07:04:07,9.2,172.4,197.0,0.3,10.0,243.5
2018-05-23T07:04:38,9.2,185.4,217.1,0.3,10.0,243.5
2018-05-23T07:05:09,9.2,206.7,239.0,0.3,10.0,242.5
2018-05-23T07:05:40,9.2,216.2,248.4,0.3,10.0,243.5
2018-05-23T07:06:12,9.2,194.3,226.5,0.3,10.0,242.5
2018-05-23T07:06:43,9.2,192.5,206.4,0.3,10.0,242.5
2018-05-23T07:07:14,9.2,215.6,210.0,0.3,10.0,243.5
2018-05-23T07:07:45,9.2,211.4,232.4,0.3,20.0,243.5
2018-05-23T07:08:16,9.6,192.5,252.6,0.3,20.0,243.5
2018-05-23T07:08:47,9.6,193.7,236.6,0.3,20.0,243.5
2018-05-23T07:09:18,9.6,216.2,216.5,0.3,20.0,244.4
2018-05-23T07:09:49,9.6,216.2,195.2,0.2,20.0,241.5
2018-05-23T07:10:20,9.6,194.9,175.7,0.3,20.0,242.5
2018-05-23T07:10:51,9.6,204.3,194.6,0.3,20.0,243.5
2018-05-23T07:11:23,9.6,183.1,217.7,0.3,20.0,243.5
2018-05-23T07:11:54,9.6,167.7,237.8,0.3,20.0,243.5
2018-05-23T07:12:25,9.6,190.2,246.1,0.3,20.0,243.5
2018-05-23T07:12:56,10.0,211.4,223.6,0.3,20.0,242.5
2018-05-23T07:13:27,9.6,219.7,204.6,0.3,20.0,243.5
2018-05-23T07:13:58,10.0,196.7,197.5,0.3,20.0,243.5
2018-05-23T07:14:29,10.3,187.8,220.6,0.3,20.0,244.4
2018-05-23T07:15:00,10.0,209.1,239.5,0.3,20.0,243.5
2018-05-23T07:15:31,10.0,223.2,247.8,0.3,30.0,243.5
2018-05-23T07:16:02,10.0,200.2,225.4,0.3,30.0,242.5
2018-05-23T07:16:33,10.0,179.5,204.6,0.3,30.0,243.5
2018-05-23T07:17:04,10.0,190.8,183.3,0.3,30.0,243.5
2018-05-23T07:17:35,10.0,212.6,168.6,0.3,30.0,243.5
2018-05-23T07:18:06,10.0,220.3,162.6,0.3,30.0,244.4
2018-05-23T07:18:37,10.3,197.3,185.7,0.3,30.0,245.4
2018-05-23T07:19:08,10.0,206.1,207.0,0.4,30.0,244.4
2018-05-23T07:19:39,10.3,220.3,228.9,0.3,30.0,246.4
2018-05-23T07:20:10,10.0,199.0,249.0,0.3,30.0,245.4
2018-05-23T07:20:42,10.3,199.0,244.9,0.3,30.0,245.4
2018-05-23T07:21:13,10.3,213.2,227.1,0.3,30.0,242.5
2018-05-23T07:21:44,10.3,192.5,248.4,0.3,30.0,243.5
2018-05-23T07:22:15,10.3,202.6,243.1,0.3,40.0,243.5
2018-05-23T07:22:46,10.3,222.7,223.0,0.3,40.0,244.4
2018-05-23T07:23:17,10.3,208.5,202.3,0.3,40.0,244.4
2018-05-23T07:23:48,10.3,188.4,188.1,0.4,40.0,245.4
2018-05-23T07:24:19,10.3,183.1,210.0,0.4,40.0,244.4
2018-05-23T07:24:50,10.7,206.7,231.3,0.4,40.0,246.4
2018-05-23T07:25:21,10.7,223.2,252.6,0.3,40.0,246.4
2018-05-23T07:25:53,10.7,201.4,235.4,0.3,40.0,246.4
2018-05-23T07:26:25,10.7,181.3,214.1,0.4,40.0,246.4
2018-05-23T07:26:56,10.7,197.8,194.0,0.4,40.0,247.3
2018-05-23T07:27:27,10.7,219.1,212.3,0.4,40.0,246.4
2018-05-23T07:27:58,11.1,211.4,234.2,0.4,40.0,246.4
2018-05-23T07:28:29,11.1,191.3,254.3,0.4,50.0,245.4
2018-05-23T07:29:00,11.1,180.7,241.9,0.4,50.0,244.4
2018-05-23T07:29:31,11.1,202.0,220.6,0.4,50.0,245.4
2018-05-23T07:30:02,11.1,223.2,199.9,0.4,50.0,247.3
2018-05-23T07:30:33,11.1,209.1,218.3,0.4,50.0,245.4
2018-05-23T07:31:04,11.1,189.0,240.1,0.4,50.0,245.4
2018-05-23T07:31:35,11.1,182.5,260.8,0.4,50.0,246.4
2018-05-23T07:32:06,11.1,204.9,237.2,0.4,50.0,245.4
2018-05-23T07:32:37,11.1,224.4,217.1,0.4,60.0,246.4
2018-05-23T07:33:08,11.4,205.5,204.6,0.4,60.0,245.4
2018-05-23T07:33:39,11.4,184.8,227.7,0.5,60.0,245.4
2018-05-23T07:34:10,11.4,203.7,249.0,0.5,60.0,245.4
2018-05-23T07:34:41,11.4,225.6,244.9,0.4,60.0,245.4
2018-05-23T07:35:12,11.4,207.3,223.6,0.4,60.0,244.4
2018-05-23T07:35:44,11.4,186.6,208.8,0.5,60.0,244.4
2018-05-23T07:36:15,11.4,201.4,230.7,0.5,60.0,242.5
2018-05-23T07:36:46,11.4,220.9,252.0,0.5,70.0,243.5
2018-05-23T07:37:17,11.4,210.8,244.9,0.5,70.0,245.4
2018-05-23T07:37:48,11.4,203.7,231.9,0.5,70.0,244.4
2018-05-23T07:38:19,11.8,225.0,252.6,0.5,70.0,244.4
2018-05-23T07:38:50,11.8,207.9,241.9,0.5,70.0,245.4
2018-05-23T07:39:21,11.8,199.0,221.2,0.5,70.0,246.4
2018-05-23T07:39:52,11.8,219.7,227.7,0.6,70.0,246.4
2018-05-23T07:40:23,11.8,215.0,249.6,0.5,80.0,245.4
2018-05-23T07:40:55,12.1,193.1,249.6,0.5,80.0,245.4
2018-05-23T07:41:26,12.1,213.8,228.3,0.5,80.0,246.4
2018-05-23T07:41:57,12.1,217.3,241.9,0.6,80.0,245.4
2018-05-23T07:42:28,12.1,196.1,261.4,0.6,80.0,245.4
2018-05-23T07:42:59,12.5,206.7,237.8,0.6,80.0,245.4
2018-05-23T07:43:30,12.5,206.7,239.5,0.6,90.0,245.4
2018-05-23T07:44:01,12.5,207.9,260.3,0.7,90.0,245.4
2018-05-23T07:44:32,12.5,228.0,239.0,0.5,90.0,246.4
2018-05-23T07:45:03,12.5,204.3,217.1,0.6,90.0,244.4
2018-05-23T07:45:34,12.9,203.2,232.4,0.6,90.0,244.4
2018-05-23T07:46:06,12.9,226.2,254.9,0.6,100.0,245.4
2018-05-23T07:46:37,12.9,203.2,245.5,0.7,100.0,245.4
2018-05-23T07:47:08,12.9,203.7,225.9,0.7,100.0,245.4
2018-05-23T07:47:39,12.9,225.0,212.3,0.7,100.0,245.4
2018-05-23T07:48:10,12.9,204.3,234.8,0.7,100.0,245.4
2018-05-23T07:48:41,13.2,197.3,256.1,0.7,110.0,247.3
2018-05-23T07:49:12,13.2,219.7,244.3,0.7,110.0,246.4
2018-05-23T07:49:43,13.2,214.4,223.0,0.8,110.0,246.4
2018-05-23T07:50:14,13.2,209.7,243.7,0.8,110.0,246.4
2018-05-23T07:50:45,13.2,220.9,253.7,0.7,110.0,247.3
2018-05-23T07:51:17,13.6,206.1,232.4,0.8,120.0,246.4
2018-05-23T07:51:48,13.2,223.2,243.7,0.7,120.0,246.4
2018-05-23T07:52:19,13.6,206.1,250.2,0.7,120.0,247.3
2018-05-23T07:52:50,13.6,205.5,229.5,0.8,120.0,247.3
2018-05-23T07:53:21,13.6,226.8,234.8,0.7,130.0,247.3
2018-05-23T07:53:52,13.6,204.9,257.9,0.9,130.0,245.4
2018-05-23T07:54:23,14.0,207.3,237.8,0.8,130.0,246.4
2018-05-23T07:54:54,14.0,225.6,223.6,0.7,130.0,245.4
2018-05-23T07:55:25,14.0,209.7,247.8,0.9,140.0,246.4
2018-05-23T07:55:56,14.0,222.1,252.0,0.9,140.0,246.4
2018-05-23T07:56:28,14.3,200.8,247.8,1.0,140.0,247.3
2018-05-23T07:56:59,14.3,216.2,240.1,0.9,140.0,245.4
2018-05-23T07:57:55,14.3,215.6,239.0,0.9,150.0,245.4
2018-05-23T07:58:26,14.3,214.4,240.7,0.9,150.0,245.4
2018-05-23T07:58:57,14.7,213.8,253.7,0.9,160.0,245.4
2018-05-23T07:59:28,14.7,219.1,231.3,1.0,160.0,246.4
2018-05-23T07:59:59,14.7,206.1,247.2,0.9,160.0,247.3
2018-05-23T08:00:30,14.7,216.2,247.8,1.0,160.0,245.4
2018-05-23T08:01:01,14.7,209.7,239.0,1.1,170.0,245.4
2018-05-23T08:01:32,14.7,213.8,252.0,1.0,170.0,245.4
2018-05-23T08:02:03,14.7,216.2,244.9,1.0,170.0,245.4
2018-05-23T08:02:34,14.7,216.7,241.9,1.0,180.0,245.4
2018-05-23T08:03:05,14.7,211.4,256.7,1.1,180.0,245.4
2018-05-23T08:03:36,15.1,215.0,244.9,1.1,180.0,245.4
2018-05-23T08:04:07,15.1,212.0,247.2,1.0,190.0,244.4
2018-05-23T08:04:38,15.1,205.5,233.0,1.2,190.0,245.4
2018-05-23T08:05:09,15.1,223.2,246.6,1.0,190.0,245.4
2018-05-23T08:05:41,15.1,215.0,254.3,1.1,200.0,246.4
2018-05-23T08:06:12,15.4,215.0,247.8,1.2,200.0,246.4
2018-05-23T08:06:43,15.4,210.2,243.7,1.1,210.0,244.4
2018-05-23T08:07:14,15.4,220.9,254.9,1.2,210.0,248.3
2018-05-23T08:07:45,15.4,207.3,239.5,1.2,210.0,247.3
2018-05-23T08:08:16,15.4,223.2,241.9,1.1,220.0,248.3
2018-05-23T08:08:47,15.8,206.7,245.5,1.3,220.0,247.3
2018-05-23T08:09:18,15.8,220.9,236.0,1.1,220.0,247.3
2018-05-23T08:09:49,15.8,212.6,254.9,1.3,230.0,247.3
2018-05-23T08:10:20,15.8,214.4,233.0,1.2,230.0,247.3
2018-05-23T08:10:52,16.2,219.1,252.0,1.2,240.0,248.3
2018-05-23T08:11:23,16.2,215.0,239.5,1.3,240.0,246.4
2018-05-23T08:11:54,16.2,222.1,240.7,1.2,250.0,247.3
2018-05-23T08:12:25,16.2,206.7,243.7,1.3,250.0,247.3
2018-05-23T08:12:56,16.2,225.0,252.6,1.3,250.0,246.4
2018-05-23T08:13:27,16.5,213.2,239.5,1.3,260.0,248.3
2018-05-23T08:13:58,16.5,216.2,245.5,1.4,260.0,246.4
2018-05-23T08:14:29,16.5,220.3,244.3,1.3,270.0,246.4
2018-05-23T08:15:00,16.5,212.0,249.0,1.5,270.0,247.3
2018-05-23T08:15:32,16.5,217.9,253.7,1.4,280.0,249.3
2018-05-23T08:16:03,16.5,210.2,235.4,1.5,280.0,247.3
2018-05-23T08:16:34,16.5,223.2,256.7,1.4,290.0,248.3
2018-05-23T08:17:05,16.5,220.3,245.5,1.3,290.0,247.3
2018-05-23T08:17:36,16.9,207.9,249.0,1.5,300.0,246.4
2018-05-23T08:18:07,16.9,225.0,244.9,1.3,300.0,246.4
2018-05-23T08:18:38,16.9,213.2,253.7,1.4,310.0,246.4
2018-05-23T08:19:09,17.3,212.0,246.1,1.6,310.0,247.3
2018-05-23T08:19:40,17.3,219.7,242.5,1.5,320.0,247.3
2018-05-23T08:20:11,17.3,220.3,244.9,1.5,320.0,247.3
2018-05-23T08:20:42,17.6,209.1,249.0,1.5,330.0,246.4
2018-05-23T08:21:14,17.6,216.7,241.3,1.5,330.0,250.2
2018-05-23T08:21:45,17.6,222.1,245.5,1.5,340.0,248.3
2018-05-23T08:22:16,18.0,207.9,249.6,1.6,340.0,248.3
2018-05-23T08:22:47,18.0,223.2,242.5,1.4,350.0,248.3
2018-05-23T08:23:18,18.0,211.4,241.9,1.7,350.0,249.3
2018-05-23T08:23:49,18.0,214.4,249.6,1.6,360.0,247.3
2018-05-23T08:24:20,18.0,220.9,237.8,1.5,360.0,248.3
2018-05-23T08:24:51,18.4,216.2,245.5,1.6,370.0,247.3
2018-05-23T08:25:22,18.4,220.3,246.6,1.5,370.0,248.3
2018-05-23T08:25:54,18.4,224.4,247.8,1.6,380.0,247.3
2018-05-23T08:26:25,18.4,218.5,253.2,1.6,390.0,249.3
2018-05-23T08:26:56,18.7,217.9,243.7,1.7,390.0,250.2
2018-05-23T08:27:27,18.7,215.0,244.9,1.8,400.0,249.3
2018-05-23T08:27:58,18.7,219.1,241.3,1.7,400.0,249.3
2018-05-23T08:28:29,19.1,216.2,252.0,1.8,410.0,250.2
2018-05-23T08:29:00,19.1,210.8,239.0,1.7,420.0,248.3
2018-05-23T08:29:31,19.1,216.2,253.7,1.7,420.0,247.3
2018-05-23T08:30:02,19.1,222.1,241.9,1.7,430.0,247.3
2018-05-23T08:30:33,19.5,216.2,243.1,1.8,430.0,248.3
2018-05-23T08:31:05,19.5,214.4,238.4,1.9,440.0,248.3
2018-05-23T08:31:36,19.8,210.8,249.0,1.8,450.0,247.3
2018-05-23T08:32:07,19.8,216.2,244.3,1.9,450.0,247.3
2018-05-23T08:32:38,19.8,219.7,251.4,1.9,460.0,248.3
2018-05-23T08:33:09,19.8,219.7,241.3,1.9,470.0,248.3
2018-05-23T08:33:40,19.8,215.6,241.9,1.9,470.0,245.4
2018-05-23T08:34:11,20.2,223.2,231.9,1.7,480.0,245.4
2018-05-23T08:34:42,20.2,217.3,243.1,1.8,480.0,245.4
2018-05-23T08:35:13,20.2,206.1,239.0,1.9,490.0,244.4
2018-05-23T08:35:44,20.2,215.0,246.6,2.0,500.0,246.4
2018-05-23T08:36:16,20.6,211.4,241.3,2.0,510.0,246.4
2018-05-23T08:36:47,20.6,222.1,242.5,1.8,510.0,247.3
2018-05-23T08:37:18,20.6,217.9,251.4,1.9,520.0,245.4
2018-05-23T08:37:49,20.6,213.8,239.0,2.1,530.0,246.4
2018-05-23T08:38:20,20.6,209.1,241.9,2.1,530.0,246.4
2018-05-23T08:38:51,20.6,215.6,246.6,2.1,540.0,245.4
2018-05-23T08:39:22,20.6,215.6,241.3,2.0,550.0,245.4
2018-05-23T08:39:53,20.6,220.3,237.8,2.0,550.0,246.4
2018-05-23T08:40:24,20.9,217.3,246.6,2.1,560.0,246.4
2018-05-23T08:40:55,20.9,220.3,242.5,2.0,570.0,246.4
2018-05-23T08:41:26,20.9,219.1,243.7,2.1,580.0,246.4
2018-05-23T08:41:57,20.9,219.1,237.2,2.0,580.0,246.4
2018-05-23T08:42:28,21.3,216.7,252.0,2.2,590.0,245.4
2018-05-23T08:42:59,21.3,219.1,244.3,2.2,600.0,246.4
2018-05-23T08:43:30,21.3,215.0,236.6,2.3,610.0,245.4
2018-05-23T08:44:01,21.3,207.9,249.0,2.2,610.0,245.4
2018-05-23T08:44:32,21.3,209.7,239.0,2.2,620.0,246.4
2018-05-23T08:45:03,21.3,212.0,240.7,2.2,630.0,246.4
2018-05-23T08:45:35,21.3,214.4,250.8,2.3,640.0,247.3
2018-05-23T08:46:06,21.3,218.5,242.5,2.2,650.0,248.3
2018-05-23T08:46:37,21.3,220.9,247.8,2.3,650.0,247.3
2018-05-23T08:47:08,21.3,216.7,246.6,2.2,660.0,247.3
2018-05-23T08:47:39,21.7,215.0,241.3,2.4,670.0,249.3
2018-05-23T08:48:10,21.7,209.7,238.4,2.4,680.0,248.3
2018-05-23T08:48:41,22.0,211.4,241.9,2.4,690.0,250.2
2018-05-23T08:49:12,22.0,210.8,249.6,2.5,690.0,248.3
2018-05-23T08:49:43,22.4,209.1,234.8,2.5,700.0,249.3
2018-05-23T08:50:14,22.0,208.5,240.1,2.4,710.0,251.2
2018-05-23T08:50:46,22.4,215.0,247.8,2.3,720.0,251.2
2018-05-23T08:51:17,22.8,213.8,237.8,2.4,730.0,250.2
2018-05-23T08:51:48,22.8,215.0,235.4,2.4,740.0,249.3
2018-05-23T08:52:19,23.1,213.2,241.9,2.5,740.0,249.3
2018-05-23T08:52:50,23.1,213.2,246.6,2.5,750.0,249.3
2018-05-23T08:53:21,23.1,216.2,241.9,2.4,760.0,249.3
2018-05-23T08:53:52,23.5,220.3,234.8,2.4,770.0,248.3
2018-05-23T08:54:23,23.5,219.1,237.8,2.4,780.0,249.3
2018-05-23T08:54:54,23.9,217.9,250.8,2.4,790.0,249.3
2018-05-23T08:55:25,23.9,215.6,239.5,2.5,800.0,248.3
2018-05-23T08:55:57,24.2,216.7,236.0,2.5,810.0,250.2
2018-05-23T08:56:28,24.2,215.6,247.8,2.7,820.0,250.2
2018-05-23T08:56:59,24.2,209.1,247.8,2.6,820.0,250.2
2018-05-23T08:57:30,24.6,209.7,237.8,2.6,830.0,250.2
2018-05-23T08:58:01,24.6,210.2,240.7,2.8,840.0,248.3
2018-05-23T08:58:32,25.0,212.0,245.5,2.8,850.0,249.3
2018-05-23T08:59:03,25.0,216.7,241.3,2.6,860.0,249.3
2018-05-23T08:59:34,25.0,211.4,246.6,2.7,870.0,248.3
2018-05-23T09:00:05,25.0,210.8,242.5,2.8,880.0,249.3
2018-05-23T09:00:36,25.3,213.2,248.4,2.7,890.0,248.3
2018-05-23T09:01:08,25.3,210.2,241.9,2.7,900.0,248.3
2018-05-23T09:01:39,25.7,216.2,240.1,2.7,910.0,249.3
2018-05-23T09:02:10,25.3,212.0,237.8,2.8,920.0,250.2
2018-05-23T09:02:41,25.3,211.4,249.0,2.9,930.0,250.2
2018-05-23T09:03:12,25.7,213.8,239.0,2.8,940.0,249.3
2018-05-23T09:03:43,25.7,213.2,243.1,2.8,950.0,249.3
2018-05-23T09:04:14,26.1,214.4,244.9,2.8,960.0,249.3
2018-05-23T09:04:45,26.1,213.2,244.3,2.9,970.0,248.3
2018-05-23T09:05:16,26.1,209.7,236.0,3.0,980.0,250.2
2018-05-23T09:05:47,26.1,216.2,234.2,2.9,990.0,250.2
2018-05-23T09:06:24,26.4,209.7,233.6,2.9,1000.0,250.2
2018-05-23T09:06:55,26.8,213.2,244.9,3.0,1010.0,251.2
2018-05-23T09:07:26,26.8,213.2,236.6,2.9,1020.0,251.2
2018-05-23T09:07:57,27.2,217.9,232.4,2.8,1030.0,249.3
2018-05-23T09:08:28,26.8,213.2,239.5,3.0,1040.0,250.2
2018-05-23T09:08:59,26.8,213.8,246.1,3.0,1050.0,250.2
2018-05-23T09:09:30,26.8,215.0,239.5,3.0,1060.0,250.2
2018-05-23T09:10:01,26.8,216.2,230.1,3.0,1070.0,252.2
2018-05-23T09:10:32,26.8,210.2,234.8,3.1,1080.0,250.2
2018-05-23T09:11:03,26.4,206.1,241.3,3.1,1090.0,250.2
2018-05-23T09:11:34,26.8,206.1,241.3,3.1,1100.0,251.2
2018-05-23T09:12:05,26.8,205.5,230.1,3.1,1110.0,252.2
2018-05-23T09:12:36,26.8,205.5,237.2,3.1,1120.0,251.2
2018-05-23T09:13:07,27.2,209.1,244.9,3.2,1130.0,250.2
2018-05-23T09:13:38,27.2,207.3,233.6,3.2,1150.0,248.3
2018-05-23T09:14:09,26.8,203.7,234.8,3.1,1160.0,246.4
2018-05-23T09:14:40,26.8,207.9,244.9,3.2,1170.0,246.4
2018-05-23T09:15:11,26.8,213.2,237.2,3.2,1180.0,246.4
2018-05-23T09:15:43,26.8,213.8,230.7,3.1,1190.0,247.3
2018-05-23T09:16:14,26.8,213.2,234.8,3.2,1200.0,249.3
2018-05-23T09:16:45,26.8,205.5,245.5,3.3,1210.0,248.3
2018-05-23T09:17:16,26.8,215.6,236.6,3.2,1220.0,248.3
2018-05-23T09:17:47,26.8,209.1,236.6,3.3,1230.0,247.3
2018-05-23T09:18:18,26.8,204.9,231.9,3.2,1240.0,247.3
2018-05-23T09:18:49,26.8,212.0,229.5,3.3,1260.0,246.4
2018-05-23T09:19:20,26.8,215.6,234.2,3.2,1270.0,246.4
2018-05-23T09:19:51,26.8,213.8,239.5,3.3,1280.0,246.4
2018-05-23T09:20:22,27.2,212.0,243.1,3.2,1290.0,246.4
2018-05-23T09:20:54,27.2,210.8,234.2,3.4,1300.0,246.4
2018-05-23T09:21:25,27.5,207.3,228.9,3.3,1310.0,246.4
2018-05-23T09:21:56,27.5,213.8,243.7,3.4,1330.0,247.3
2018-05-23T09:22:27,27.5,209.1,239.5,3.5,1340.0,247.3
2018-05-23T09:22:58,27.5,210.2,231.9,3.4,1350.0,248.3
2018-05-23T09:23:29,27.5,210.2,233.6,3.5,1360.0,248.3
2018-05-23T09:24:00,27.5,213.2,241.9,3.4,1370.0,248.3
2018-05-23T09:24:31,27.2,210.8,234.8,3.5,1380.0,248.3
2018-05-23T09:25:02,27.5,209.7,237.2,3.6,1400.0,248.3
2018-05-23T09:25:34,27.5,214.4,230.7,3.5,1410.0,246.4
2018-05-23T09:26:05,27.5,216.2,237.8,3.4,1420.0,246.4
2018-05-23T09:26:36,27.9,213.8,244.9,3.4,1430.0,246.4
2018-05-23T09:27:07,27.9,206.7,236.0,3.6,1440.0,243.5
2018-05-23T09:27:38,27.9,206.7,230.1,3.7,1460.0,244.4
2018-05-23T09:28:09,28.3,209.1,239.0,3.6,1470.0,244.4
2018-05-23T09:28:40,28.6,207.9,239.0,3.6,1480.0,246.4
2018-05-23T09:29:11,28.6,211.4,230.1,3.5,1490.0,245.4
2018-05-23T09:29:42,28.6,213.2,231.9,3.6,1510.0,244.4
2018-05-23T09:30:13,29.0,212.0,243.1,3.6,1520.0,245.4
2018-05-23T09:30:45,29.0,207.9,241.3,3.7,1530.0,244.4
2018-05-23T09:31:16,29.0,207.9,233.6,3.7,1540.0,244.4
2018-05-23T09:31:47,29.0,207.9,228.3,3.7,1560.0,245.4
2018-05-23T09:32:18,29.4,206.1,232.4,3.8,1570.0,245.4
2018-05-23T09:32:49,29.4,203.2,242.5,3.7,1580.0,248.3
2018-05-23T09:33:20,29.7,204.9,233.6,3.7,1590.0,247.3
2018-05-23T09:33:51,30.1,207.9,233.6,3.8,1610.0,248.3
2018-05-23T09:34:22,30.1,211.4,228.3,3.7,1620.0,248.3
2018-05-23T09:34:53,29.7,213.2,239.5,3.7,1630.0,246.4
2018-05-23T09:35:24,29.7,210.8,239.5,3.7,1640.0,248.3
2018-05-23T09:35:55,30.1,206.7,229.5,3.8,1660.0,246.4
2018-05-23T09:36:27,30.1,206.7,231.9,3.9,1670.0,247.3
2018-05-23T09:36:58,30.2,206.1,239.5,3.9,1680.0,248.3
2018-05-23T09:37:29,30.1,202.6,239.0,3.9,1700.0,247.3
2018-05-23T09:38:00,30.1,210.8,238.4,3.7,1710.0,247.3
2018-05-23T09:38:31,30.1,207.9,237.8,3.9,1720.0,246.4
2018-05-23T09:39:02,30.2,209.1,236.0,3.8,1740.0,246.4
2018-05-23T09:39:33,30.2,207.3,230.1,3.8,1750.0,246.4
2018-05-23T09:40:04,30.2,206.1,230.1,4.0,1760.0,246.4
2018-05-23T09:40:35,30.3,202.0,229.5,4.0,1780.0,247.3
2018-05-23T09:41:07,30.3,204.3,233.0,3.9,1790.0,248.3
2018-05-23T09:41:38,30.3,206.7,236.0,4.0,1800.0,248.3
2018-05-23T09:42:09,30.4,207.3,236.6,4.0,1820.0,248.3
2018-05-23T09:42:40,30.3,205.5,231.9,4.1,1830.0,247.3
2018-05-23T09:43:11,30.3,203.7,231.9,4.0,1840.0,247.3
2018-05-23T09:43:42,30.4,207.9,225.9,4.0,1860.0,247.3
2018-05-23T09:44:13,30.3,212.0,233.6,3.8,1870.0,247.3
2018-05-23T09:44:44,30.3,215.0,241.3,3.8,1890.0,247.3
2018-05-23T09:45:15,30.4,215.0,237.8,3.9,1900.0,246.4
2018-05-23T09:45:46,30.4,206.7,237.2,4.0,1910.0,248.3
2018-05-23T09:46:17,30.5,212.6,229.5,4.0,1930.0,250.2
2018-05-23T09:46:48,30.7,213.2,229.5,4.0,1940.0,248.3
2018-05-23T09:47:19,30.7,213.2,230.1,3.9,1960.0,247.3
2018-05-23T09:47:50,30.8,214.4,235.4,4.0,1970.0,248.3
2018-05-23T09:48:21,30.8,209.1,232.4,4.1,1980.0,248.3
2018-05-23T09:48:52,30.7,206.7,237.8,4.2,2000.0,247.3
2018-05-23T09:49:23,30.7,206.1,240.7,4.2,2010.0,248.3
2018-05-23T09:49:54,30.7,203.7,236.0,4.3,2030.0,247.3
2018-05-23T09:50:25,30.7,202.0,239.0,4.2,2040.0,247.3
2018-05-23T09:50:57,30.5,202.6,231.3,4.3,2060.0,246.4
2018-05-23T09:51:28,30.7,207.3,226.5,4.3,2070.0,248.3
2018-05-23T09:51:59,30.7,209.1,235.4,4.1,2080.0,247.3
2018-05-23T09:52:30,30.8,206.1,233.0,4.2,2100.0,247.3
2018-05-23T09:53:01,30.8,210.2,231.9,4.2,2110.0,248.3
2018-05-23T09:53:32,30.7,212.0,236.6,4.2,2130.0,248.3
2018-05-23T09:54:03,30.8,204.3,231.3,4.2,2140.0,248.3
2018-05-23T09:54:34,30.8,207.3,224.2,4.2,2160.0,249.3
2018-05-23T09:55:05,30.9,209.7,233.6,4.3,2170.0,248.3
2018-05-23T09:55:37,30.8,209.7,231.3,4.3,2190.0,247.3
2018-05-23T09:56:08,30.8,213.2,240.1,4.2,2200.0,247.3
2018-05-23T09:56:39,30.9,209.1,236.0,4.4,2220.0,248.3
2018-05-23T09:57:10,30.9,206.1,236.6,4.4,2230.0,248.3
2018-05-23T09:57:41,30.9,203.7,237.2,4.3,2250.0,247.3
2018-05-23T09:58:12,30.9,202.6,228.9,4.5,2260.0,247.3
2018-05-23T09:58:43,31.0,203.7,230.1,4.5,2280.0,248.3
2018-05-23T09:59:14,31.0,211.4,227.7,4.3,2290.0,248.3
2018-05-23T09:59:45,30.9,210.8,227.7,4.4,2310.0,247.3
2018-05-23T10:00:16,30.9,210.2,232.4,4.2,2320.0,247.3
2018-05-23T10:00:48,30.9,203.7,236.0,4.4,2340.0,247.3
2018-05-23T10:01:19,30.9,206.7,234.8,4.5,2350.0,249.3
2018-05-23T10:01:50,31.0,209.7,223.0,4.3,2370.0,248.3
2018-05-23T10:02:21,31.0,207.9,236.0,4.4,2380.0,249.3
2018-05-23T10:02:52,31.0,203.7,221.8,4.6,2400.0,249.3
2018-05-23T10:03:23,31.1,203.7,233.0,4.5,2410.0,249.3
2018-05-23T10:03:54,31.1,203.2,231.9,4.5,2430.0,249.3
2018-05-23T10:04:25,31.2,202.0,230.1,4.6,2440.0,249.3
2018-05-23T10:04:56,31.2,206.1,223.0,4.6,2460.0,249.3
2018-05-23T10:05:27,31.2,209.1,233.0,4.5,2480.0,248.3
2018-05-23T10:05:58,31.4,209.1,232.4,4.5,2490.0,250.2
2018-05-23T10:06:30,31.2,204.9,233.6,4.5,2510.0,250.2
2018-05-23T10:07:01,31.4,203.7,234.8,4.7,2520.0,249.3
2018-05-23T10:07:32,31.5,206.1,230.1,4.6,2540.0,249.3
2018-05-23T10:08:03,31.5,202.0,223.6,4.7,2550.0,250.2
2018-05-23T10:08:34,31.5,199.0,233.0,4.8,2570.0,248.3
2018-05-23T10:09:05,31.5,200.2,220.6,4.7,2590.0,249.3
2018-05-23T10:09:36,31.6,202.0,230.7,4.7,2600.0,250.2
2018-05-23T10:10:07,31.6,205.5,231.3,4.7,2620.0,248.3
2018-05-23T10:10:38,31.7,207.9,227.7,4.6,2630.0,248.3
2018-05-23T10:11:10,31.6,199.6,228.9,4.9,2650.0,248.3
2018-05-23T10:11:41,31.6,197.3,223.0,4.9,2660.0,248.3
2018-05-23T10:12:12,31.5,199.6,231.3,4.9,2680.0,249.3
2018-05-23T10:12:43,31.6,203.7,221.8,4.7,2700.0,247.3
2018-05-23T10:13:14,31.6,203.2,231.3,4.7,2710.0,249.3
2018-05-23T10:13:45,31.7,202.0,235.4,4.9,2730.0,249.3
2018-05-23T10:14:16,31.8,203.7,231.3,4.9,2740.0,249.3
2018-05-23T10:14:47,31.8,202.6,227.1,4.9,2760.0,249.3
2018-05-23T10:15:18,31.7,200.8,221.8,4.8,2780.0,249.3
2018-05-23T10:15:49,31.7,200.8,226.5,4.8,2790.0,249.3
2018-05-23T10:16:20,31.8,202.6,223.6,4.8,2810.0,248.3
2018-05-23T10:16:51,31.9,202.6,224.2,4.9,2830.0,249.3
2018-05-23T10:17:22,31.9,202.0,231.3,4.9,2840.0,249.3
2018-05-23T10:17:53,31.9,202.0,229.5,4.9,2860.0,249.3
2018-05-23T10:18:24,31.9,203.7,232.4,4.8,2880.0,249.3
2018-05-23T10:18:55,31.9,202.0,225.4,4.9,2890.0,249.3
2018-05-23T10:19:26,32.0,199.0,230.1,4.9,2910.0,249.3
2018-05-23T10:19:57,32.0,201.4,224.2,4.9,2920.0,250.2
2018-05-23T10:20:28,32.0,202.6,223.0,5.0,2940.0,248.3
2018-05-23T10:21:05,32.0,201.4,229.5,4.9,2960.0,248.3
2018-05-23T10:21:36,32.2,207.3,228.3,4.8,2980.0,248.3
2018-05-23T10:22:07,32.3,202.0,234.8,4.9,2990.0,248.3
2018-05-23T10:22:38,32.3,200.8,230.7,5.0,3010.0,247.3
2018-05-23T10:23:09,32.2,199.0,220.6,5.1,3030.0,247.3
2018-05-23T10:23:40,32.2,197.8,224.8,5.1,3040.0,250.2
2018-05-23T10:24:11,32.3,197.3,230.1,5.2,3060.0,248.3
2018-05-23T10:24:42,32.4,199.0,228.9,5.2,3080.0,249.3
2018-05-23T10:25:13,32.5,202.0,234.8,5.1,3090.0,249.3
2018-05-23T10:25:44,32.6,206.1,224.2,4.9,3110.0,248.3
2018-05-23T10:26:16,32.7,202.0,233.6,5.2,3130.0,248.3
2018-05-23T10:26:47,32.9,203.7,230.1,5.0,3150.0,249.3
2018-05-23T10:27:18,32.9,202.0,223.0,5.1,3160.0,250.2
2018-05-23T10:27:49,33.0,201.4,224.8,5.2,3180.0,249.3
2018-05-23T10:28:20,32.9,203.2,230.7,5.0,3200.0,249.3
2018-05-23T10:28:51,32.7,202.0,225.9,5.2,3210.0,248.3
2018-05-23T10:29:22,32.7,199.6,227.1,5.2,3230.0,248.3
2018-05-23T10:29:53,32.9,202.6,223.0,5.2,3250.0,248.3
2018-05-23T10:30:24,32.9,206.1,220.6,4.9,3270.0,248.3
2018-05-23T10:30:55,32.9,203.7,224.8,5.0,3280.0,249.3
2018-05-23T10:31:27,32.9,205.5,225.9,5.1,3300.0,248.3
2018-05-23T10:31:58,32.7,202.6,231.9,5.1,3320.0,249.3
2018-05-23T10:32:29,32.7,199.6,228.3,5.4,3340.0,249.3
2018-05-23T10:33:00,32.9,203.7,223.0,5.3,3350.0,249.3
2018-05-23T10:33:31,32.9,203.2,233.0,5.3,3370.0,249.3
2018-05-23T10:34:02,33.0,201.4,232.4,5.3,3390.0,249.3
2018-05-23T10:34:33,32.9,200.8,230.7,5.2,3410.0,248.3
2018-05-23T10:35:04,33.0,201.4,227.7,5.2,3420.0,249.3
2018-05-23T10:35:35,33.0,201.4,230.7,5.3,3440.0,249.3
2018-05-23T10:36:07,33.0,202.6,230.7,5.3,3460.0,249.3
2018-05-23T10:36:38,33.0,198.4,231.9,5.4,3480.0,249.3
2018-05-23T10:37:09,33.1,194.9,223.0,5.3,3490.0,249.3
2018-05-23T10:37:40,33.1,195.5,220.0,5.4,3510.0,249.3
2018-05-23T10:38:11,33.1,196.1,224.8,5.5,3530.0,249.3
2018-05-23T10:38:42,33.1,201.4,230.7,5.3,3550.0,249.3
2018-05-23T10:39:13,33.1,200.2,228.3,5.4,3560.0,249.3
2018-05-23T10:39:44,33.2,201.4,221.8,5.3,3580.0,249.3
2018-05-23T10:40:15,33.2,201.4,221.8,5.4,3600.0,248.3
2018-05-23T10:40:46,33.2,200.2,223.6,5.5,3620.0,249.3
2018-05-23T10:41:17,33.2,203.7,224.8,5.3,3640.0,249.3
2018-05-23T10:41:48,33.3,204.3,230.7,5.2,3650.0,249.3
2018-05-23T10:42:19,33.4,204.3,224.8,5.3,3670.0,249.3
2018-05-23T10:42:50,33.3,196.1,217.1,5.5,3690.0,249.3
2018-05-23T10:43:21,33.4,196.7,222.4,5.6,3710.0,250.2
2018-05-23T10:43:52,33.4,195.5,231.3,5.5,3730.0,250.2
2018-05-23T10:44:23,33.4,203.7,230.1,5.4,3740.0,250.2
2018-05-23T10:44:54,33.5,204.9,223.0,5.4,3760.0,250.2
2018-05-23T10:45:25,33.7,203.7,218.8,5.3,3780.0,248.3
2018-05-23T10:45:57,33.8,201.4,223.6,5.5,3800.0,249.3
2018-05-23T10:46:28,33.9,200.8,228.9,5.4,3820.0,248.3
2018-05-23T10:46:59,34.0,203.7,229.5,5.3,3830.0,250.2
2018-05-23T10:47:30,34.1,196.1,228.9,5.7,3850.0,249.3
2018-05-23T10:48:01,34.1,196.7,228.3,5.5,3870.0,248.3
2018-05-23T10:48:32,34.1,196.7,224.2,5.7,3890.0,248.3
2018-05-23T10:49:03,34.2,199.6,220.6,5.5,3910.0,248.3
2018-05-23T10:49:34,34.2,196.1,223.0,5.7,3930.0,249.3
2018-05-23T10:50:05,34.4,194.9,232.4,5.6,3940.0,249.3
2018-05-23T10:50:37,34.5,198.4,223.6,5.6,3960.0,249.3
2018-05-23T10:51:08,34.2,203.2,217.7,5.5,3980.0,249.3
2018-05-23T10:51:39,34.1,203.2,225.9,5.5,4000.0,249.3
2018-05-23T10:52:10,34.1,199.0,223.6,5.6,4020.0,249.3
2018-05-23T10:52:41,34.0,199.0,216.5,5.6,4040.0,250.2
2018-05-23T10:53:12,34.0,197.8,227.7,5.5,4060.0,250.2
2018-05-23T10:53:43,34.1,200.2,224.8,5.5,4070.0,249.3
2018-05-23T10:54:14,34.1,203.7,215.9,5.5,4090.0,250.2
2018-05-23T10:54:45,34.0,201.4,223.0,5.5,4110.0,249.3
2018-05-23T10:55:16,33.9,199.6,225.9,5.6,4130.0,250.2
2018-05-23T10:55:48,33.9,196.1,227.7,5.6,4150.0,248.3
2018-05-23T10:56:19,33.9,200.8,220.0,5.6,4170.0,247.3
2018-05-23T10:56:50,33.9,199.6,221.8,5.6,4180.0,247.3
2018-05-23T10:57:21,34.0,199.0,214.7,5.6,4200.0,248.3
2018-05-23T10:57:52,33.9,198.4,217.7,5.6,4220.0,248.3
2018-05-23T10:58:23,33.8,200.2,225.9,5.7,4240.0,248.3
2018-05-23T10:58:54,33.9,203.2,227.1,5.4,4260.0,248.3
2018-05-23T10:59:25,33.8,200.2,224.8,5.7,4280.0,248.3
2018-05-23T10:59:56,33.9,201.4,217.7,5.6,4300.0,247.3
2018-05-23T11:00:27,33.9,200.2,218.8,5.6,4320.0,247.3
2018-05-23T11:00:58,33.9,196.1,223.6,5.8,4330.0,247.3
2018-05-23T11:01:30,33.9,192.5,224.2,5.9,4350.0,248.3
2018-05-23T11:02:01,34.0,196.1,223.6,5.7,4370.0,248.3
2018-05-23T11:02:32,34.0,199.6,225.4,5.8,4390.0,248.3
2018-05-23T11:03:03,33.9,191.3,214.1,5.9,4410.0,248.3
2018-05-23T11:03:34,33.9,199.0,218.8,5.8,4430.0,248.3
2018-05-23T11:04:05,33.9,203.2,221.2,5.5,4450.0,247.3
2018-05-23T11:04:36,34.0,197.8,223.0,5.8,4470.0,247.3
2018-05-23T11:05:07,34.0,200.8,228.9,5.6,4490.0,248.3
2018-05-23T11:05:38,34.1,199.0,221.8,5.8,4510.0,248.3
2018-05-23T11:06:10,34.1,200.8,216.5,5.7,4530.0,248.3
2018-05-23T11:06:41,34.1,196.7,220.0,5.8,4540.0,247.3
2018-05-23T11:07:12,34.1,196.1,227.7,5.8,4560.0,248.3
2018-05-23T11:07:43,34.1,200.2,224.2,5.7,4580.0,248.3
2018-05-23T11:08:14,34.2,203.7,220.6,5.6,4600.0,247.3
2018-05-23T11:08:45,34.4,202.6,217.7,5.7,4620.0,247.3
2018-05-23T11:09:16,34.5,200.2,216.5,5.7,4640.0,248.3
2018-05-23T11:09:47,34.6,200.2,220.0,5.8,4660.0,248.3
2018-05-23T11:10:18,34.8,202.0,228.9,5.7,4680.0,246.4
2018-05-23T11:10:49,34.8,200.2,221.2,5.7,4700.0,247.3
2018-05-23T11:11:20,34.8,202.0,214.7,5.7,4720.0,248.3
2018-05-23T11:11:51,34.8,200.8,220.6,5.7,4740.0,248.3
2018-05-23T11:12:22,34.8,202.6,229.5,5.8,4760.0,248.3
2018-05-23T11:12:53,34.7,197.8,220.6,6.0,4780.0,248.3
2018-05-23T11:13:24,34.8,196.7,217.7,6.0,4800.0,249.3
2018-05-23T11:13:55,34.9,200.8,220.0,5.8,4810.0,250.2
2018-05-23T11:14:26,35.0,202.0,218.8,5.7,4830.0,250.2
2018-05-23T11:14:57,35.0,201.4,220.6,5.7,4850.0,250.2
2018-05-23T11:15:28,35.0,201.4,223.0,5.9,4870.0,249.3
2018-05-23T11:16:00,35.2,199.0,227.1,5.8,4890.0,249.3
2018-05-23T11:16:31,35.3,199.0,223.6,5.8,4910.0,248.3
2018-05-23T11:17:02,35.4,200.8,220.6,5.8,4930.0,247.3
2018-05-23T11:17:33,35.5,200.8,214.7,5.8,4950.0,249.3
2018-05-23T11:18:04,35.4,196.7,218.8,6.0,4970.0,248.3
2018-05-23T11:18:35,35.3,199.0,224.8,6.0,4990.0,250.2
2018-05-23T11:19:06,35.4,199.0,225.9,6.0,5010.0,248.3
2018-05-23T11:19:37,35.4,191.9,224.8,6.2,5030.0,248.3
2018-05-23T11:20:08,35.5,198.4,220.0,6.0,5050.0,247.3
2018-05-23T11:20:39,35.5,196.7,218.3,5.9,5070.0,247.3
2018-05-23T11:21:11,35.4,194.9,215.3,6.1,5090.0,247.3
2018-05-23T11:21:42,35.3,191.9,218.8,6.2,5110.0,248.3
2018-05-23T11:22:13,35.2,193.1,227.7,6.2,5130.0,246.4
2018-05-23T11:22:44,35.3,192.5,222.4,6.1,5150.0,246.4
2018-05-23T11:23:15,35.4,195.5,214.1,6.1,5170.0,247.3
2018-05-23T11:23:46,35.3,191.9,215.9,6.1,5190.0,247.3
2018-05-23T11:24:17,35.4,190.2,221.8,6.1,5210.0,247.3
2018-05-23T11:24:48,35.4,194.3,216.5,6.1,5230.0,246.4
2018-05-23T11:25:19,35.5,200.2,220.6,5.9,5250.0,248.3
2018-05-23T11:25:50,35.7,196.7,225.9,6.1,5270.0,249.3
2018-05-23T11:26:21,35.7,196.7,224.8,6.1,5290.0,248.3
2018-05-23T11:26:52,35.7,197.3,222.4,5.9,5310.0,247.3
2018-05-23T11:27:23,35.9,192.5,217.1,6.2,5330.0,248.3
2018-05-23T11:27:54,35.6,191.3,213.5,6.2,5350.0,248.3
2018-05-23T11:28:25,35.6,194.9,220.0,6.1,5370.0,248.3
2018-05-23T11:28:57,35.6,191.3,217.1,6.1,5390.0,248.3
2018-05-23T11:29:28,35.6,189.6,221.8,6.2,5410.0,249.3
2018-05-23T11:29:59,35.6,189.0,218.3,6.2,5420.0,248.3
2018-05-23T11:30:30,35.9,187.2,215.3,6.4,5440.0,248.3
2018-05-23T11:31:01,36.0,194.3,221.8,6.2,5460.0,249.3
2018-05-23T11:31:32,36.1,193.7,214.7,6.2,5480.0,248.3
2018-05-23T11:32:03,36.2,189.6,213.5,6.2,5500.0,249.3
2018-05-23T11:32:34,36.3,189.6,213.5,6.3,5520.0,248.3
2018-05-23T11:33:05,36.3,189.0,218.3,6.2,5540.0,248.3
2018-05-23T11:33:36,36.4,189.6,219.4,6.3,5560.0,249.3
2018-05-23T11:34:07,36.5,186.0,214.7,6.4,5580.0,249.3
2018-05-23T11:34:38,36.7,187.2,214.1,6.4,5600.0,249.3
2018-05-23T11:35:09,36.7,189.0,212.3,6.2,5620.0,249.3
2018-05-23T11:35:40,36.8,193.1,211.2,6.2,5640.0,249.3
2018-05-23T11:36:12,36.7,192.5,214.1,6.2,5660.0,249.3
2018-05-23T11:36:43,36.7,186.0,212.3,6.4,5680.0,250.2
2018-05-23T11:37:14,36.5,191.9,211.2,6.3,5700.0,250.2
2018-05-23T11:37:45,36.4,194.9,214.7,6.2,5720.0,249.3
2018-05-23T11:38:16,36.3,194.3,221.2,6.1,5740.0,250.2
2018-05-23T11:38:47,36.3,193.7,221.8,6.2,5760.0,250.2
2018-05-23T11:39:18,36.1,192.5,221.8,6.2,5780.0,249.3
2018-05-23T11:39:49,36.1,191.9,220.0,6.2,5800.0,249.3
2018-05-23T11:40:20,36.2,189.0,215.3,6.2,5820.0,250.2
2018-05-23T11:40:51,36.2,190.8,220.0,6.4,5840.0,251.2
2018-05-23T11:41:23,36.2,190.8,215.9,6.3,5860.0,249.3
2018-05-23T11:41:54,36.2,189.6,212.9,6.3,5880.0,250.2
2018-05-23T11:42:25,36.3,189.0,216.5,6.4,5900.0,249.3
2018-05-23T11:42:56,36.5,190.8,222.4,6.4,5920.0,250.2
2018-05-23T11:43:27,36.7,190.8,222.4,6.4,5940.0,250.2
2018-05-23T11:43:58,36.8,189.0,218.8,6.3,5960.0,250.2
2018-05-23T11:44:29,36.9,187.8,217.1,6.4,5980.0,250.2
2018-05-23T11:45:00,37.0,189.6,212.9,6.4,6000.0,249.3
2018-05-23T11:45:31,37.0,196.1,215.3,6.2,6020.0,249.3
2018-05-23T11:46:03,36.9,196.7,214.7,6.2,6040.0,250.2
2018-05-23T11:46:34,36.9,196.7,212.3,6.1,6070.0,249.3
2018-05-23T11:47:05,36.7,196.1,215.9,6.1,6080.0,249.3
2018-05-23T11:47:36,36.7,197.8,211.7,6.2,6110.0,249.3
2018-05-23T11:48:07,36.5,193.1,212.3,6.3,6130.0,250.2
2018-05-23T11:48:38,36.4,193.7,217.7,6.3,6150.0,250.2
2018-05-23T11:49:09,36.3,190.8,217.7,6.3,6170.0,249.3
2018-05-23T11:49:40,36.2,194.9,214.1,6.2,6190.0,247.3
2018-05-23T11:50:11,36.2,194.9,211.2,6.1,6210.0,247.3
2018-05-23T11:50:42,36.2,195.5,210.0,6.2,6230.0,249.3
2018-05-23T11:51:13,36.3,198.4,210.6,6.0,6250.0,249.3
2018-05-23T11:51:44,36.0,193.7,214.1,6.3,6270.0,249.3
2018-05-23T11:52:15,35.9,194.3,218.3,6.3,6290.0,249.3
2018-05-23T11:52:46,35.9,196.1,210.0,6.3,6310.0,250.2
2018-05-23T11:53:17,36.0,193.7,214.1,6.4,6330.0,248.3
2018-05-23T11:53:48,36.1,194.9,220.0,6.3,6350.0,249.3
2018-05-23T11:54:19,36.3,196.7,223.0,6.2,6370.0,250.2
2018-05-23T11:54:50,36.4,191.9,220.6,6.5,6390.0,249.3
2018-05-23T11:55:21,36.3,187.2,218.8,6.5,6410.0,248.3
2018-05-23T11:55:53,36.4,187.8,220.0,6.7,6430.0,248.3
2018-05-23T11:56:25,36.5,191.3,218.8,6.6,6450.0,248.3
2018-05-23T11:56:56,36.7,196.1,207.6,6.6,6480.0,249.3
2018-05-23T11:57:27,36.8,196.7,214.7,6.6,6500.0,249.3
2018-05-23T11:57:58,36.7,189.0,221.8,6.9,6520.0,248.3
2018-05-23T11:58:29,36.7,193.1,214.1,6.8,6540.0,248.3
2018-05-23T11:59:00,36.9,194.9,208.8,6.8,6560.0,250.2
2018-05-23T11:59:31,36.7,197.8,217.7,6.7,6590.0,249.3
2018-05-23T12:00:02,36.5,191.3,214.1,7.0,6610.0,251.2
2018-05-23T12:00:33,36.8,186.0,207.6,7.2,6630.0,250.2
2018-05-23T12:01:05,36.8,193.1,220.0,1.5,6650.0,245.4
2018-05-23T12:01:36,36.9,191.9,210.6,7.1,6660.0,249.3
2018-05-23T12:02:07,36.8,193.7,212.9,7.0,6690.0,249.3
2018-05-23T12:02:38,36.7,193.1,204.1,7.2,6710.0,251.2
2018-05-23T12:03:09,36.8,196.1,205.2,7.1,6730.0,252.2
2018-05-23T12:03:40,36.8,196.7,207.0,6.9,6760.0,249.3
2018-05-23T12:04:11,36.9,192.5,210.0,1.4,6770.0,245.4
2018-05-23T12:04:42,36.9,206.1,221.2,1.1,6780.0,244.4
2018-05-23T12:05:13,36.5,193.7,215.9,1.0,6780.0,244.4
2018-05-23T12:05:44,36.2,202.0,211.7,0.8,6780.0,244.4
2018-05-23T12:06:15,36.2,197.3,217.1,6.9,6800.0,250.2
2018-05-23T12:06:46,36.3,193.1,215.3,7.0,6820.0,249.3
2018-05-23T12:07:17,36.4,187.2,233.6,7.1,6840.0,249.3
2018-05-23T12:07:48,36.5,197.3,222.4,6.8,6870.0,248.3
2018-05-23T12:08:19,36.7,193.1,220.0,7.0,6890.0,249.3
2018-05-23T12:08:50,36.9,178.9,239.5,6.2,6900.0,248.3
2018-05-23T12:09:21,37.0,195.5,222.4,6.9,6920.0,250.2
2018-05-23T12:09:52,37.0,190.8,216.5,7.0,6950.0,249.3
2018-05-23T12:10:23,37.1,207.9,215.9,5.8,6960.0,248.3
2018-05-23T12:10:55,37.2,195.5,218.8,6.6,6990.0,249.3
2018-05-23T12:11:26,37.0,196.1,214.1,6.7,7010.0,249.3
2018-05-23T12:11:57,36.9,196.1,210.0,6.6,7030.0,251.2
2018-05-23T12:12:28,36.8,187.2,212.9,7.1,7050.0,250.2
2018-05-23T12:12:59,36.9,188.4,217.1,7.1,7080.0,250.2
2018-05-23T12:13:30,36.9,191.3,217.7,6.9,7100.0,250.2
2018-05-23T12:14:01,37.0,189.0,214.1,7.2,7120.0,250.2
2018-05-23T12:14:32,37.0,190.8,218.8,7.0,7140.0,251.2
2018-05-23T12:15:03,37.1,193.1,207.0,4.8,7160.0,247.3
2018-05-23T12:15:35,37.2,190.8,208.8,6.0,7180.0,248.3
2018-05-23T12:16:06,37.4,189.0,214.7,6.2,7200.0,250.2
2018-05-23T12:16:37,37.5,185.4,210.0,1.1,7210.0,244.4
2018-05-23T12:17:08,37.6,194.3,222.4,0.9,7220.0,244.4
2018-05-23T12:17:39,37.5,180.1,201.7,1.0,7220.0,244.4
2018-05-23T12:18:10,37.5,170.1,201.7,1.6,7220.0,247.3
2018-05-23T12:18:41,37.5,184.3,213.5,1.1,7230.0,247.3
2018-05-23T12:19:12,37.4,204.9,210.0,1.0,7230.0,247.3
2018-05-23T12:19:43,37.1,193.1,204.6,2.6,7240.0,250.2
2018-05-23T12:20:14,37.1,181.3,214.7,7.4,7250.0,252.2
2018-05-23T12:20:45,37.1,189.6,210.6,7.4,7270.0,252.2
2018-05-23T12:21:17,37.1,193.1,220.6,1.7,7290.0,247.3
2018-05-23T12:21:48,37.1,203.2,219.4,7.1,7310.0,254.1
2018-05-23T12:22:19,37.1,199.0,223.0,7.2,7330.0,253.1
2018-05-23T12:22:50,37.1,199.0,228.9,2.1,7350.0,251.2
2018-05-23T12:23:21,37.1,191.9,214.7,3.8,7370.0,250.2
2018-05-23T12:23:52,37.0,200.8,205.8,2.1,7380.0,251.2
2018-05-23T12:24:23,37.0,194.3,220.6,7.0,7400.0,254.1
2018-05-23T12:24:54,36.8,191.3,212.9,6.8,7430.0,254.1
2018-05-23T12:25:25,36.8,197.3,218.8,7.1,7450.0,253.1
2018-05-23T12:25:56,36.9,199.6,220.6,7.2,7480.0,254.1
2018-05-23T12:26:28,37.0,202.0,216.5,7.0,7500.0,254.1
2018-05-23T12:26:59,37.0,195.5,217.7,7.2,7520.0,253.1
2018-05-23T12:27:30,36.9,199.6,216.5,7.2,7550.0,253.1
2018-05-23T12:28:01,37.0,193.1,213.5,7.3,7570.0,253.1
2018-05-23T12:28:32,36.9,199.0,217.7,7.0,7600.0,254.1
2018-05-23T12:29:03,36.9,189.0,218.8,7.5,7620.0,254.1
2018-05-23T12:29:34,36.9,188.4,207.0,7.4,7650.0,253.1
2018-05-23T12:30:05,36.8,186.0,212.3,3.8,7660.0,251.2
2018-05-23T12:30:36,36.9,175.4,214.1,1.9,7670.0,249.3
2018-05-23T12:31:07,36.9,173.6,212.9,1.7,7680.0,247.3
2018-05-23T12:31:38,36.9,177.8,215.9,1.6,7680.0,248.3
2018-05-23T12:32:10,36.9,191.9,201.7,1.6,7690.0,246.4
2018-05-23T12:32:41,36.8,198.4,224.2,1.6,7700.0,247.3
2018-05-23T12:33:12,36.7,203.7,221.8,1.4,7700.0,246.4
2018-05-23T12:33:43,36.4,186.0,192.2,5.6,7710.0,249.3
2018-05-23T12:34:14,36.3,176.6,179.8,6.7,7730.0,250.2
2018-05-23T12:34:45,36.3,177.2,181.0,2.0,7740.0,250.2
2018-05-23T12:35:16,36.2,178.3,187.5,1.2,7740.0,246.4
2018-05-23T12:35:47,36.3,177.8,205.8,1.0,7750.0,247.3
2018-05-23T12:36:18,36.2,178.9,214.7,0.9,7750.0,247.3
2018-05-23T12:36:49,36.2,193.1,213.5,0.7,7750.0,246.4
2018-05-23T12:37:20,36.0,197.3,217.1,0.8,7760.0,247.3
2018-05-23T12:37:51,35.5,203.2,218.8,0.8,7760.0,247.3
2018-05-23T12:38:22,35.3,196.7,217.1,0.7,7760.0,245.4
2018-05-23T12:38:53,35.0,203.7,218.8,0.6,7760.0,247.3
2018-05-23T12:39:24,34.9,194.3,216.5,0.7,7770.0,246.4
2018-05-23T12:39:55,34.9,206.7,211.7,0.7,7770.0,246.4
2018-05-23T12:40:26,34.8,189.6,233.0,0.7,7770.0,246.4
2018-05-23T12:40:58,34.8,180.7,218.8,5.1,7770.0,251.2
2018-05-23T12:41:29,34.8,196.7,235.4,6.8,7800.0,254.1
2018-05-23T12:42:00,34.9,196.1,230.1,6.9,7820.0,252.2
2018-05-23T12:42:31,35.0,195.5,226.5,6.7,7840.0,252.2
2018-05-23T12:43:02,35.2,195.5,230.1,6.7,7870.0,253.1
2018-05-23T12:43:33,35.3,191.9,224.8,6.8,7890.0,253.1
2018-05-23T12:44:04,35.3,187.8,227.7,6.9,7910.0,254.1
2018-05-23T12:44:35,35.4,190.8,228.9,6.7,7930.0,253.1
2018-05-23T12:45:06,35.4,190.8,227.1,6.6,7950.0,254.1
2018-05-23T12:45:38,35.5,190.8,228.3,6.5,7980.0,253.1
2018-05-23T12:46:09,35.6,189.6,226.5,6.7,8000.0,253.1
2018-05-23T12:46:40,35.7,186.0,230.7,6.8,8020.0,253.1
2018-05-23T12:47:11,35.9,184.8,225.9,6.7,8040.0,253.1
2018-05-23T12:47:42,36.0,189.0,223.6,6.5,8060.0,253.1
2018-05-23T12:48:13,36.1,190.2,220.6,6.5,8080.0,253.1
2018-05-23T12:48:44,36.0,186.6,221.8,6.8,8110.0,254.1
2018-05-23T12:49:15,35.9,180.7,221.8,6.8,8130.0,253.1
2018-05-23T12:49:46,36.0,187.8,217.7,6.5,8150.0,253.1
2018-05-23T12:50:17,36.1,189.0,212.9,6.4,8170.0,252.2
2018-05-23T12:50:48,36.2,186.6,214.7,6.6,8190.0,253.1
2018-05-23T12:51:20,36.1,180.7,215.3,6.8,8210.0,252.2
2018-05-23T12:51:51,36.2,180.1,223.6,6.8,8230.0,252.2
2018-05-23T12:52:22,36.4,181.3,218.3,6.7,8250.0,253.1
2018-05-23T12:52:53,36.4,180.1,223.6,6.9,8270.0,254.1
2018-05-23T12:53:24,36.4,180.1,220.6,6.9,8300.0,252.2
2018-05-23T12:53:55,36.5,183.7,220.6,6.7,8320.0,252.2
2018-05-23T12:54:26,36.7,181.3,211.2,6.7,8340.0,254.1
2018-05-23T12:54:57,36.8,183.7,214.7,6.6,8360.0,253.1
2018-05-23T12:55:28,36.8,182.5,211.2,6.4,8380.0,254.1
2018-05-23T12:55:59,36.9,175.4,219.4,6.8,8400.0,253.1
2018-05-23T12:56:31,36.9,168.9,207.6,5.9,8420.0,251.2
2018-05-23T12:57:02,37.0,188.4,219.4,6.0,8440.0,254.1
2018-05-23T12:57:33,37.1,179.5,227.1,6.5,8460.0,252.2
2018-05-23T12:58:04,37.2,181.3,227.1,5.9,8470.0,254.1
2018-05-23T12:58:35,37.2,181.3,225.4,1.2,8490.0,249.3
2018-05-23T12:59:06,37.4,203.2,197.5,5.4,8490.0,252.2
2018-05-23T12:59:37,37.4,196.7,218.8,5.6,8520.0,254.1
2018-05-23T13:00:08,37.5,197.8,217.7,5.1,8540.0,254.1
2018-05-23T13:00:39,37.5,183.1,218.3,6.5,8560.0,256.0
2018-05-23T13:01:11,37.6,174.8,221.8,6.8,8580.0,255.1
2018-05-23T13:01:42,37.6,173.0,217.1,6.8,8600.0,254.1
2018-05-23T13:02:13,37.7,171.3,216.5,6.8,8620.0,254.1
2018-05-23T13:02:44,37.8,168.9,217.7,6.8,8640.0,255.1
2018-05-23T13:03:15,37.9,168.9,215.9,7.0,8660.0,253.1
2018-05-23T13:03:46,37.9,174.8,216.5,6.7,8680.0,254.1
2018-05-23T13:04:17,38.0,177.2,215.3,6.7,8700.0,254.1
2018-05-23T13:04:48,38.2,176.6,208.8,6.6,8720.0,253.1
2018-05-23T13:05:19,38.2,174.8,210.0,6.7,8750.0,253.1
2018-05-23T13:05:50,38.3,176.6,210.0,6.5,8770.0,253.1
2018-05-23T13:06:21,38.3,166.5,210.0,7.0,8790.0,252.2
2018-05-23T13:06:52,38.4,171.3,210.0,6.9,8810.0,253.1
2018-05-23T13:07:23,38.4,171.9,201.7,6.7,8830.0,253.1
2018-05-23T13:07:54,38.5,168.9,213.5,6.8,8850.0,252.2
2018-05-23T13:08:25,38.5,171.9,214.7,6.9,8870.0,254.1
2018-05-23T13:08:56,38.6,175.4,212.9,6.7,8890.0,254.1
2018-05-23T13:09:27,38.7,173.0,217.7,6.7,8910.0,254.1
2018-05-23T13:09:58,38.7,173.0,214.1,6.8,8930.0,255.1
2018-05-23T13:10:29,38.9,169.5,215.9,7.0,8960.0,253.1
2018-05-23T13:11:01,38.9,166.5,212.9,7.1,8980.0,255.1
2018-05-23T13:11:32,38.9,173.0,210.6,6.8,9000.0,255.1
2018-05-23T13:12:03,39.0,171.9,207.6,6.8,9020.0,255.1
2018-05-23T13:12:34,39.0,173.0,207.0,6.9,9040.0,255.1
2018-05-23T13:13:05,38.9,174.2,213.5,6.8,9060.0,253.1
2018-05-23T13:13:36,38.9,174.2,217.1,6.6,9090.0,255.1
2018-05-23T13:14:07,38.9,176.6,215.9,6.4,9110.0,253.1
2018-05-23T13:14:38,38.7,178.9,211.7,5.8,9130.0,256.0
2018-05-23T13:15:09,38.9,183.1,208.2,6.2,9150.0,255.1
2018-05-23T13:15:40,38.9,176.0,205.8,6.6,9170.0,254.1
2018-05-23T13:16:12,39.0,167.1,205.8,7.0,9190.0,254.1
2018-05-23T13:16:43,39.0,170.7,209.4,7.0,9210.0,255.1
2018-05-23T13:17:14,39.1,176.0,208.2,6.9,9240.0,255.1
2018-05-23T13:17:45,39.1,162.4,210.0,7.1,9260.0,254.1
2018-05-23T13:18:16,39.2,165.4,218.8,6.4,9280.0,253.1
2018-05-23T13:18:47,39.1,152.9,203.5,7.2,9300.0,252.2
2018-05-23T13:19:18,39.0,145.9,202.9,5.8,9320.0,251.2
2018-05-23T13:19:49,38.7,134.6,191.6,4.7,9330.0,249.3
2018-05-23T13:20:20,38.7,146.4,204.1,7.0,9350.0,252.2
2018-05-23T13:20:51,38.9,159.4,217.7,2.9,9370.0,250.2
2018-05-23T13:21:22,39.0,174.8,210.0,5.3,9380.0,252.2
2018-05-23T13:21:53,38.9,164.2,219.4,3.1,9400.0,248.3
2018-05-23T13:22:24,38.6,150.6,210.6,1.5,9410.0,247.3
2018-05-23T13:22:55,38.4,151.8,210.0,1.5,9410.0,247.3
2018-05-23T13:23:26,38.2,174.2,207.0,1.3,9420.0,246.4
2018-05-23T13:23:57,38.3,196.7,214.1,1.3,9420.0,248.3
2018-05-23T13:24:28,38.3,225.0,233.0,2.0,9430.0,252.2
2018-05-23T13:24:59,38.0,212.0,220.0,2.0,9450.0,252.2
2018-05-23T13:25:30,38.0,217.3,223.6,1.4,9460.0,251.2
2018-05-23T13:26:02,37.9,191.3,212.9,2.5,9470.0,251.2
2018-05-23T13:26:33,38.0,160.0,223.0,5.6,9480.0,251.2
2018-05-23T13:27:04,38.0,163.0,207.6,6.8,9500.0,255.1
2018-05-23T13:27:35,38.2,156.5,219.4,5.9,9520.0,252.2
2018-05-23T13:28:06,38.3,162.4,208.2,1.3,9540.0,250.2
2018-05-23T13:28:37,38.3,178.3,211.2,1.2,9540.0,247.3
2018-05-23T13:29:08,38.4,174.8,209.4,1.0,9540.0,248.3
2018-05-23T13:29:39,38.3,178.3,212.9,0.9,9550.0,248.3
2018-05-23T13:30:10,38.2,180.1,210.0,0.9,9550.0,249.3
2018-05-23T13:30:41,38.0,168.3,219.4,0.9,9550.0,247.3
2018-05-23T13:31:13,38.2,190.8,207.0,0.9,9560.0,246.4
2018-05-23T13:31:44,38.0,199.6,214.1,0.8,9560.0,247.3
2018-05-23T13:32:15,38.0,201.4,204.6,0.8,9560.0,247.3
2018-05-23T13:32:46,37.8,190.8,227.1,0.8,9570.0,248.3
2018-05-23T13:33:17,37.8,202.0,204.1,0.7,9570.0,247.3
2018-05-23T13:33:48,37.7,192.5,220.0,0.7,9570.0,249.3
2018-05-23T13:34:19,37.7,199.6,218.3,0.7,9570.0,247.3
2018-05-23T13:34:50,37.5,208.5,197.0,0.7,9580.0,247.3
2018-05-23T13:35:21,37.4,208.5,202.3,0.7,9580.0,247.3
2018-05-23T13:35:52,37.2,196.7,224.8,0.8,9580.0,247.3
2018-05-23T13:36:24,37.1,182.5,220.0,0.8,9590.0,247.3
2018-05-23T13:36:55,36.9,163.0,225.9,0.8,9590.0,247.3
2018-05-23T13:37:26,36.8,174.2,215.3,0.8,9590.0,247.3
2018-05-23T13:37:57,36.7,178.3,197.5,0.8,9600.0,248.3
2018-05-23T13:38:28,36.5,168.3,220.6,1.0,9600.0,248.3
2018-05-23T13:38:59,36.5,163.6,215.9,1.0,9600.0,248.3
2018-05-23T13:39:30,36.5,184.8,212.3,0.8,9600.0,247.3
2018-05-23T13:40:01,36.5,208.5,231.9,0.7,9610.0,248.3
2018-05-23T13:40:32,36.4,202.0,217.1,0.8,9610.0,246.4
2018-05-23T13:41:03,36.3,180.7,220.0,0.8,9610.0,248.3
2018-05-23T13:41:34,36.3,200.8,231.3,0.8,9620.0,247.3
2018-05-23T13:42:05,36.2,212.0,209.4,0.8,9620.0,247.3
2018-05-23T13:42:36,36.1,201.4,225.4,0.9,9620.0,247.3
2018-05-23T13:43:07,36.1,214.4,227.7,0.8,9630.0,246.4
2018-05-23T13:43:38,36.1,194.3,207.0,0.8,9630.0,245.4
2018-05-23T13:44:09,36.0,180.7,227.7,0.9,9630.0,247.3
2018-05-23T13:44:40,36.0,189.0,227.7,1.0,9640.0,246.4
2018-05-23T13:45:11,36.0,196.1,216.5,0.8,9640.0,248.3
2018-05-23T13:45:43,36.0,189.6,237.8,0.9,9640.0,247.3
2018-05-23T13:46:14,36.0,213.2,214.7,0.8,9650.0,248.3
2018-05-23T13:46:45,35.6,203.2,191.6,1.0,9650.0,249.3
2018-05-23T13:47:16,35.5,178.3,165.0,1.5,9650.0,249.3
2018-05-23T13:47:47,35.5,170.7,175.7,1.1,9660.0,247.3
2018-05-23T13:48:18,35.5,185.4,205.8,1.1,9660.0,247.3
2018-05-23T13:48:49,35.4,177.2,217.7,1.0,9670.0,247.3
2018-05-23T13:49:20,35.4,202.0,221.2,1.0,9670.0,248.3
2018-05-23T13:49:51,35.5,224.4,207.0,1.1,9680.0,247.3
2018-05-23T13:50:22,35.5,204.9,180.4,1.5,9680.0,246.4
2018-05-23T13:50:54,35.6,203.7,163.8,1.0,9690.0,248.3
2018-05-23T13:51:26,35.6,203.7,189.9,1.6,9690.0,247.3
2018-05-23T13:51:57,35.6,199.0,217.7,2.2,9710.0,251.2
2018-05-23T13:52:28,35.6,189.0,239.5,2.3,9720.0,252.2
2018-05-23T13:52:59,35.4,178.3,233.0,2.6,9740.0,253.1
2018-05-23T13:53:30,35.4,152.4,226.5,5.6,9750.0,253.1
2018-05-23T13:54:01,35.5,141.7,222.4,6.3,9770.0,254.1
2018-05-23T13:54:32,35.5,137.0,223.6,6.4,9790.0,254.1
2018-05-23T13:55:03,35.4,136.4,223.6,6.5,9810.0,254.1
2018-05-23T13:55:34,35.5,144.1,223.6,6.2,9830.0,252.2
2018-05-23T13:56:05,35.5,141.7,226.5,6.1,9840.0,253.1
2018-05-23T13:56:36,35.6,142.9,227.1,6.1,9860.0,252.2
2018-05-23T13:57:07,35.7,142.3,225.4,6.1,9880.0,250.2
2018-05-23T13:57:38,35.7,140.0,225.4,6.3,9900.0,250.2
2018-05-23T13:58:09,35.9,136.4,227.1,6.3,9910.0,250.2
2018-05-23T13:58:40,35.7,138.2,225.4,6.1,9930.0,250.2
2018-05-23T13:59:11,35.5,137.0,227.1,1.5,9940.0,247.3
2018-05-23T13:59:42,35.5,147.6,203.5,3.4,9950.0,247.3
2018-05-23T14:00:13,35.5,137.6,221.2,4.8,9960.0,247.3
2018-05-23T14:00:45,35.5,144.7,227.1,5.8,9980.0,249.3
2018-05-23T14:01:16,35.4,141.7,230.1,6.0,9990.0,249.3
2018-05-23T14:01:47,35.3,138.8,230.1,5.4,10010.0,249.3
2018-05-23T14:02:18,35.0,135.2,230.7,6.2,10030.0,248.3
2018-05-23T14:02:49,35.0,138.2,226.5,6.1,10040.0,249.3
2018-05-23T14:03:20,35.2,137.6,223.0,6.1,10060.0,249.3
2018-05-23T14:03:51,35.4,140.0,217.1,5.9,10080.0,249.3
2018-05-23T14:04:22,35.5,141.1,215.9,5.8,10100.0,249.3
2018-05-23T14:04:53,35.6,144.1,215.9,5.7,10110.0,248.3
2018-05-23T14:05:24,35.7,142.3,217.1,5.7,10130.0,249.3
2018-05-23T14:05:56,36.0,141.7,217.7,5.8,10150.0,248.3
2018-05-23T14:06:27,36.1,138.2,218.3,5.9,10160.0,249.3
2018-05-23T14:06:58,36.2,133.5,220.0,6.2,10180.0,247.3
2018-05-23T14:07:29,36.3,131.7,221.8,6.3,10200.0,249.3
2018-05-23T14:08:00,36.2,137.0,214.1,6.0,10210.0,250.2
2018-05-23T14:08:31,36.3,135.8,214.7,6.1,10230.0,249.3
2018-05-23T14:09:02,36.4,140.5,213.5,5.8,10250.0,249.3
2018-05-23T14:09:33,36.5,134.6,212.3,6.1,10260.0,250.2
2018-05-23T14:10:04,36.7,131.7,213.5,6.1,10280.0,248.3
2018-05-23T14:10:36,36.7,139.4,218.8,5.9,10300.0,249.3
2018-05-23T14:11:07,36.8,137.6,214.7,5.8,10320.0,249.3
2018-05-23T14:11:38,36.9,138.8,215.9,5.8,10330.0,249.3
2018-05-23T14:12:09,36.9,140.0,220.0,5.6,10350.0,249.3
2018-05-23T14:12:40,37.0,140.5,212.9,5.6,10360.0,249.3
2018-05-23T14:13:11,37.0,141.1,211.7,5.3,10380.0,249.3
2018-05-23T14:13:42,37.1,143.5,215.3,5.1,10400.0,249.3
2018-05-23T14:14:13,37.1,145.9,221.2,5.2,10410.0,250.2
2018-05-23T14:14:44,37.2,147.0,220.6,4.8,10430.0,250.2
2018-05-23T14:15:15,37.2,144.1,217.1,4.6,10440.0,250.2
2018-05-23T14:15:46,37.4,148.8,218.8,4.8,10460.0,249.3
2018-05-23T14:16:18,37.4,152.9,221.2,4.2,10480.0,249.3
2018-05-23T14:16:49,37.4,155.3,211.2,3.7,10490.0,249.3
2018-05-23T14:17:20,37.5,151.2,209.4,3.9,10510.0,249.3
2018-05-23T14:17:51,37.5,154.1,212.9,3.9,10520.0,249.3
2018-05-23T14:18:22,37.5,142.9,212.9,3.8,10540.0,248.3
2018-05-23T14:18:53,37.6,142.3,215.9,3.8,10550.0,250.2
2018-05-23T14:19:24,37.6,155.3,219.4,3.3,10570.0,248.3
2018-05-23T14:19:55,37.6,158.3,217.7,3.0,10580.0,250.2
2018-05-23T14:20:26,37.7,155.3,217.7,3.3,10600.0,250.2
2018-05-23T14:20:57,37.7,150.0,213.5,3.8,10610.0,250.2
2018-05-23T14:21:29,37.7,154.1,210.0,2.8,10630.0,249.3
2018-05-23T14:22:00,37.7,144.7,209.4,2.9,10640.0,251.2
2018-05-23T14:22:31,37.8,111.0,209.4,6.4,10660.0,250.2
2018-05-23T14:23:02,37.8,112.8,211.2,6.4,10670.0,250.2
2018-05-23T14:23:33,37.8,116.3,208.8,6.2,10690.0,249.3
2018-05-23T14:24:04,37.9,114.0,211.2,2.8,10700.0,248.3
2018-05-23T14:24:35,37.8,121.0,208.8,1.0,10710.0,244.4
2018-05-23T14:25:06,37.6,145.9,186.9,1.0,10710.0,243.5
2018-05-23T14:25:37,37.4,173.0,208.2,1.0,10710.0,245.4
2018-05-23T14:26:08,37.2,176.0,217.7,1.2,10720.0,243.5
2018-05-23T14:26:39,37.1,183.7,223.6,1.5,10720.0,245.4
2018-05-23T14:27:10,37.0,187.2,224.8,1.0,10730.0,244.4
2018-05-23T14:27:41,37.0,160.0,192.2,1.8,10740.0,247.3
2018-05-23T14:28:12,37.0,150.0,197.0,1.5,10750.0,248.3
2018-05-23T14:28:43,36.9,165.9,211.7,1.1,10750.0,246.4
2018-05-23T14:29:14,37.0,179.5,215.3,1.0,10750.0,245.4
2018-05-23T14:29:45,37.0,181.3,215.9,0.9,10760.0,246.4
2018-05-23T14:30:16,36.9,187.2,218.8,0.7,10760.0,245.4
2018-05-23T14:30:48,36.9,202.6,220.6,0.7,10760.0,245.4
2018-05-23T14:31:19,36.9,188.4,221.2,0.7,10770.0,245.4
2018-05-23T14:31:50,36.9,197.3,218.3,0.7,10770.0,245.4
2018-05-23T14:32:21,36.8,194.9,208.8,0.6,10770.0,245.4
2018-05-23T14:32:52,36.5,197.3,227.7,0.6,10770.0,246.4
2018-05-23T14:33:23,36.4,197.8,206.4,0.7,10780.0,246.4
2018-05-23T14:33:54,36.3,191.9,223.0,0.6,10780.0,245.4
2018-05-23T14:34:25,36.3,203.7,214.7,0.5,10780.0,245.4
2018-05-23T14:34:56,36.1,197.8,215.9,0.6,10780.0,244.4
2018-05-23T14:35:27,36.1,199.6,221.8,0.6,10780.0,244.4
2018-05-23T14:35:59,36.0,205.5,210.6,0.5,10790.0,244.4
2018-05-23T14:36:30,36.0,193.1,231.3,0.6,10790.0,243.5
2018-05-23T14:37:01,35.9,210.2,216.5,0.5,10790.0,244.4
2018-05-23T14:37:32,35.7,191.3,203.5,0.5,10790.0,244.4
2018-05-23T14:38:03,35.6,203.7,216.5,0.5,10790.0,244.4
2018-05-23T14:38:34,35.5,196.7,232.4,0.5,10800.0,244.4
2018-05-23T14:39:05,35.3,212.0,215.3,0.5,10800.0,245.4
2018-05-23T14:39:36,35.3,192.5,214.7,0.6,10800.0,244.4
2018-05-23T14:40:07,35.4,213.2,234.8,0.5,10800.0,244.4
2018-05-23T14:40:39,35.3,197.8,212.9,0.5,10810.0,244.4
2018-05-23T14:41:10,35.3,191.3,218.8,0.5,10810.0,244.4
2018-05-23T14:41:41,35.3,211.4,239.0,0.6,10810.0,244.4
2018-05-23T14:42:12,35.3,201.4,229.5,0.5,10810.0,245.4
2018-05-23T14:42:43,35.3,180.1,211.2,0.6,10820.0,244.4
2018-05-23T14:43:14,35.4,171.9,232.4,0.6,10820.0,245.4
2018-05-23T14:43:45,35.4,194.9,221.8,0.5,10820.0,244.4
2018-05-23T14:44:16,35.4,204.9,215.3,0.5,10820.0,245.4
2018-05-23T14:44:47,35.5,220.9,246.6,0.6,10830.0,247.3
2018-05-23T14:45:18,35.5,238.0,232.4,0.8,10840.0,249.3
2018-05-23T14:45:49,35.6,239.8,233.0,0.8,10850.0,250.2
2018-05-23T14:46:21,35.6,239.2,237.8,0.7,10860.0,250.2
2018-05-23T14:46:52,35.6,236.2,231.9,0.8,10870.0,249.3
2018-05-23T14:47:23,35.6,215.6,227.1,0.9,10880.0,249.3
2018-05-23T14:47:54,35.6,201.4,231.9,1.0,10890.0,249.3
2018-05-23T14:48:25,35.7,208.5,228.9,0.9,10910.0,248.3
2018-05-23T14:48:56,35.7,187.2,229.5,1.1,10920.0,249.3
2018-05-23T14:49:27,35.7,206.7,227.1,0.9,10930.0,248.3
2018-05-23T14:49:58,35.7,209.7,225.9,0.9,10940.0,248.3
2018-05-23T14:50:29,35.9,220.9,225.4,0.9,10950.0,249.3
2018-05-23T14:51:00,35.7,200.2,229.5,1.1,10960.0,249.3
2018-05-23T14:51:31,35.9,194.3,230.7,1.0,10970.0,249.3
2018-05-23T14:52:02,35.9,171.9,228.3,1.3,10990.0,249.3
2018-05-23T14:52:33,35.9,158.3,227.1,1.4,11000.0,249.3
2018-05-23T14:53:04,36.0,142.9,218.8,2.0,11010.0,248.3
2018-05-23T14:53:35,36.0,128.1,227.1,4.1,11020.0,249.3
2018-05-23T14:54:06,36.0,113.4,224.8,4.7,11040.0,249.3
2018-05-23T14:54:37,36.1,111.6,218.3,5.4,11050.0,249.3
2018-05-23T14:55:08,36.1,108.1,218.8,4.7,11070.0,250.2
2018-05-23T14:55:40,36.1,110.4,220.6,5.4,11080.0,249.3
2018-05-23T14:56:11,36.2,102.1,218.8,5.7,11090.0,249.3
2018-05-23T14:56:42,36.2,106.9,225.9,5.2,11110.0,250.2
2018-05-23T14:57:13,36.2,103.9,217.7,5.1,11120.0,250.2
2018-05-23T14:57:44,36.3,107.5,220.6,3.8,11140.0,250.2
2018-05-23T14:58:15,36.2,102.7,219.4,5.3,11150.0,250.2
2018-05-23T14:58:46,36.2,104.5,217.7,4.1,11160.0,250.2
2018-05-23T14:59:17,36.1,102.1,214.7,3.6,11170.0,249.3
2018-05-23T14:59:48,35.9,103.9,225.4,3.2,11190.0,247.3
2018-05-23T15:00:19,35.6,102.7,225.9,3.9,11200.0,247.3
2018-05-23T15:00:50,35.7,108.6,217.1,4.2,11210.0,247.3
2018-05-23T15:01:22,35.9,109.2,220.6,2.4,11220.0,247.3
2018-05-23T15:01:53,35.9,105.1,217.7,3.7,11230.0,248.3
2018-05-23T15:02:24,36.0,102.1,224.2,3.1,11250.0,248.3
2018-05-23T15:02:55,35.9,102.7,216.5,3.2,11260.0,247.3
2018-05-23T15:03:26,35.7,102.7,217.1,3.1,11270.0,248.3
2018-05-23T15:03:57,35.6,102.7,218.3,3.1,11280.0,249.3
2018-05-23T15:04:28,35.6,103.3,215.9,2.9,11290.0,248.3
2018-05-23T15:04:59,35.5,102.7,215.9,3.2,11300.0,247.3
2018-05-23T15:05:30,35.6,102.1,222.4,3.2,11310.0,247.3
2018-05-23T15:06:01,35.7,103.3,222.4,1.5,11320.0,247.3
2018-05-23T15:06:32,35.6,102.7,227.7,3.0,11330.0,246.4
2018-05-23T15:07:03,35.7,108.1,236.6,3.2,11340.0,245.4
2018-05-23T15:07:34,35.7,106.9,232.4,0.7,11350.0,244.4
2018-05-23T15:08:05,35.6,220.3,252.6,0.0,11350.0,243.5
2018-05-23T15:08:36,35.7,197.3,217.1,0.5,11350.0,243.5
2018-05-23T15:09:07,35.6,188.4,202.9,0.4,11350.0,243.5
2018-05-23T15:09:38,35.5,207.9,220.0,0.3,11350.0,243.5
2018-05-23T15:10:09,35.4,186.6,208.8,0.4,11350.0,243.5
2018-05-23T15:10:41,35.4,203.2,210.0,0.3,11350.0,244.4
2018-05-23T15:11:12,35.3,194.9,228.3,0.4,11360.0,244.4
2018-05-23T15:11:43,35.2,192.5,207.6,0.4,11360.0,242.5
2018-05-23T15:12:14,35.0,206.7,195.2,0.3,11360.0,243.5
2018-05-23T15:12:45,35.2,185.4,217.1,0.4,11360.0,242.5
2018-05-23T15:13:16,35.2,204.3,218.8,0.3,11360.0,243.5
2018-05-23T15:13:47,35.2,195.5,220.0,0.4,11360.0,242.5
2018-05-23T15:14:18,35.2,175.4,224.8,0.4,11360.0,242.5
2018-05-23T15:14:49,34.9,197.3,203.5,0.4,11370.0,243.5
2018-05-23T15:15:20,34.9,212.6,207.0,0.3,11370.0,242.5
2018-05-23T15:15:52,34.9,190.2,230.1,0.3,11370.0,243.5
2018-05-23T15:16:23,34.8,192.5,219.4,0.4,11370.0,244.4
2018-05-23T15:16:54,34.8,217.9,189.9,0.5,11370.0,245.4
2018-05-23T15:17:25,34.8,218.5,178.0,0.5,11380.0,245.4
2018-05-23T15:17:56,34.8,202.0,157.9,0.5,11380.0,247.3
2018-05-23T15:18:27,34.8,209.1,158.5,0.4,11380.0,246.4
2018-05-23T15:18:58,34.8,188.4,149.0,0.3,11380.0,245.4
2018-05-23T15:19:29,34.8,188.4,168.6,0.4,11390.0,245.4
2018-05-23T15:20:00,34.9,209.1,189.9,0.4,11390.0,245.4
2018-05-23T15:20:31,34.9,199.6,213.5,0.3,11390.0,245.4
2018-05-23T15:21:03,34.9,179.5,236.0,0.4,11390.0,246.4
2018-05-23T15:21:34,34.9,157.7,245.5,0.5,11390.0,246.4
2018-05-23T15:22:05,34.9,138.2,223.0,0.5,11390.0,245.4
2018-05-23T15:22:36,34.9,160.6,189.9,0.6,11400.0,247.3
2018-05-23T15:23:07,34.9,173.6,192.2,0.4,11400.0,246.4
2018-05-23T15:23:38,34.9,168.3,214.1,0.5,11400.0,245.4
2018-05-23T15:24:09,34.9,190.2,234.8,0.5,11400.0,245.4
2018-05-23T15:24:40,34.9,212.6,225.4,0.4,11410.0,245.4
2018-05-23T15:25:11,34.9,198.4,237.8,0.4,11410.0,245.4
2018-05-23T15:25:42,34.9,174.2,239.0,0.6,11410.0,246.4
2018-05-23T15:26:14,34.8,153.5,227.1,0.7,11420.0,246.4
2018-05-23T15:26:45,34.8,164.2,224.8,0.7,11430.0,248.3
2018-05-23T15:27:16,34.8,188.4,239.5,0.7,11430.0,248.3
2018-05-23T15:27:47,34.8,189.0,228.3,0.7,11440.0,248.3
2018-05-23T15:28:18,34.8,195.5,228.9,0.8,11450.0,247.3
2018-05-23T15:28:49,34.8,218.5,231.3,0.7,11460.0,248.3
2018-05-23T15:29:20,34.8,226.8,236.0,0.7,11470.0,248.3
2018-05-23T15:29:51,34.8,205.5,236.0,0.7,11480.0,250.2
2018-05-23T15:30:22,34.9,228.6,230.1,0.7,11490.0,249.3
2018-05-23T15:30:54,34.9,213.8,224.8,0.8,11500.0,249.3
2018-05-23T15:31:25,34.9,225.0,224.2,0.8,11500.0,248.3
2018-05-23T15:31:56,35.0,216.2,229.5,0.8,11510.0,249.3
2018-05-23T15:32:27,35.0,227.4,230.7,0.9,11520.0,248.3
2018-05-23T15:32:58,35.0,213.2,235.4,0.8,11530.0,249.3
2018-05-23T15:33:29,35.2,223.2,227.7,0.9,11540.0,248.3
2018-05-23T15:34:00,35.0,222.1,228.9,0.9,11550.0,248.3
2018-05-23T15:34:31,35.0,216.2,222.4,0.8,11560.0,247.3
2018-05-23T15:35:02,35.2,225.6,227.7,0.8,11570.0,248.3
2018-05-23T15:35:33,35.2,222.1,228.3,0.8,11580.0,247.3
2018-05-23T15:36:05,35.2,214.4,230.1,0.9,11590.0,247.3
2018-05-23T15:36:36,35.3,220.3,223.0,0.8,11600.0,248.3
2018-05-23T15:37:07,35.3,225.6,223.0,0.9,11610.0,248.3
2018-05-23T15:37:38,35.3,211.4,227.7,0.9,11610.0,248.3
2018-05-23T15:38:09,35.4,206.7,227.1,0.9,11620.0,248.3
2018-05-23T15:38:40,35.4,223.2,228.9,0.9,11630.0,249.3
2018-05-23T15:39:11,35.4,213.2,223.6,0.9,11640.0,247.3
2018-05-23T15:39:42,35.4,222.1,220.0,0.9,11650.0,248.3
2018-05-23T15:40:13,35.4,212.6,225.4,1.0,11660.0,248.3
2018-05-23T15:40:44,35.4,220.3,225.9,0.9,11670.0,247.3
2018-05-23T15:41:16,35.4,228.0,222.4,0.8,11680.0,248.3
2018-05-23T15:41:47,35.3,217.9,220.6,0.9,11690.0,248.3
2018-05-23T15:42:18,35.4,216.2,217.7,0.9,11700.0,248.3
2018-05-23T15:42:49,35.4,220.3,220.0,0.8,11700.0,248.3
2018-05-23T15:43:20,35.4,219.1,227.1,0.9,11710.0,248.3
2018-05-23T15:43:51,35.5,216.2,230.1,0.9,11720.0,246.4
2018-05-23T15:44:22,35.4,227.4,228.9,0.8,11730.0,246.4
2018-05-23T15:44:53,35.3,225.0,225.4,0.7,11740.0,247.3
2018-05-23T15:45:24,35.3,222.1,223.6,0.7,11750.0,246.4
2018-05-23T15:45:55,35.3,212.6,228.3,0.8,11760.0,247.3
2018-05-23T15:46:27,35.3,226.2,225.4,0.7,11760.0,248.3
2018-05-23T15:46:58,35.3,208.5,227.7,0.7,11770.0,247.3
2018-05-23T15:47:29,35.3,228.0,230.7,0.6,11780.0,247.3
2018-05-23T15:48:00,35.3,208.5,224.8,0.6,11790.0,247.3
2018-05-23T15:48:31,35.3,209.1,220.0,0.6,11790.0,247.3
2018-05-23T15:49:02,35.3,228.0,228.9,0.5,11800.0,247.3
2018-05-23T15:49:33,35.3,219.1,227.7,0.5,11810.0,245.4
2018-05-23T15:50:04,35.3,219.1,224.2,0.6,11810.0,245.4
2018-05-23T15:50:35,35.3,208.5,227.1,0.5,11820.0,247.3
2018-05-23T15:51:06,35.2,228.6,220.0,0.4,11830.0,246.4
2018-05-23T15:51:37,35.0,209.7,225.4,0.5,11840.0,246.4
2018-05-23T15:52:08,35.0,213.8,224.8,0.5,11840.0,246.4
2018-05-23T15:52:39,35.2,228.0,220.0,0.5,11850.0,245.4
2018-05-23T15:53:10,35.0,206.7,224.8,0.5,11860.0,246.4
2018-05-23T15:53:41,35.0,216.2,233.6,0.5,11860.0,246.4
2018-05-23T15:54:12,35.0,224.4,230.1,0.5,11870.0,246.4
2018-05-23T15:54:43,35.0,203.7,224.8,0.5,11880.0,245.4
2018-05-23T15:55:14,35.0,183.1,227.1,0.5,11880.0,246.4
2018-05-23T15:55:46,35.0,199.6,225.4,0.6,11890.0,243.5
2018-05-23T15:56:17,35.0,219.7,220.0,0.5,11890.0,245.4
2018-05-23T15:56:48,35.0,219.7,233.0,0.5,11900.0,246.4
2018-05-23T15:57:19,35.0,220.9,225.9,0.5,11910.0,245.4
2018-05-23T15:57:50,35.0,220.3,228.9,0.5,11910.0,244.4
2018-05-23T15:58:21,35.0,225.0,227.7,0.5,11920.0,245.4
2018-05-23T15:58:52,35.2,210.8,230.7,0.4,11920.0,244.4
2018-05-23T15:59:23,35.2,209.7,228.9,0.4,11930.0,244.4
2018-05-23T15:59:54,35.2,188.4,207.0,0.4,11930.0,244.4
2018-05-23T16:00:25,35.0,193.1,210.0,0.4,11930.0,245.4
2018-05-23T16:00:57,35.0,215.0,234.2,0.4,11930.0,244.4
2018-05-23T16:01:28,34.9,208.5,211.7,0.4,11940.0,245.4
2018-05-23T16:01:59,34.9,187.2,182.2,0.4,11940.0,244.4
2018-05-23T16:02:30,34.9,166.5,215.9,0.5,11940.0,245.4
2018-05-23T16:03:01,34.9,152.9,234.8,0.5,11950.0,245.4
2018-05-23T16:03:32,34.9,174.8,210.6,0.5,11950.0,244.4
2018-05-23T16:04:03,34.9,190.2,225.9,0.5,11960.0,246.4
2018-05-23T16:04:34,34.9,200.2,214.7,0.5,11960.0,245.4
2018-05-23T16:05:05,34.8,222.7,239.0,0.4,11970.0,246.4
2018-05-23T16:05:36,34.9,223.2,231.9,0.5,11970.0,245.4
2018-05-23T16:06:08,34.9,202.0,227.7,0.5,11980.0,246.4
2018-05-23T16:06:39,34.9,188.4,224.8,0.5,11980.0,246.4
2018-05-23T16:07:10,34.9,209.1,229.5,0.5,11990.0,246.4
2018-05-23T16:07:41,34.9,230.3,236.0,0.4,11990.0,246.4
2018-05-23T16:08:12,34.8,219.1,225.9,0.4,12000.0,246.4
2018-05-23T16:08:43,34.8,197.8,225.9,0.4,12000.0,246.4
2018-05-23T16:09:14,34.8,177.8,233.0,0.5,12010.0,246.4
2018-05-23T16:09:45,34.9,155.9,234.8,0.6,12020.0,246.4
2018-05-23T16:10:16,34.9,155.3,239.5,0.6,12020.0,246.4
2018-05-23T16:10:47,34.9,161.2,230.7,0.6,12030.0,246.4
2018-05-23T16:11:19,34.8,182.5,227.1,0.5,12030.0,245.4
2018-05-23T16:11:50,34.8,202.6,227.7,0.4,12040.0,247.3
2018-05-23T16:12:21,34.8,225.0,220.6,0.4,12040.0,246.4
2018-05-23T16:12:52,34.9,220.9,233.0,0.4,12050.0,246.4
2018-05-23T16:13:23,34.8,200.8,232.4,0.4,12050.0,245.4
2018-05-23T16:13:54,34.8,206.1,223.0,0.4,12050.0,246.4
2018-05-23T16:14:25,34.7,227.4,228.3,0.4,12060.0,246.4
2018-05-23T16:14:56,34.8,221.5,237.2,0.4,12060.0,246.4
2018-05-23T16:15:27,34.7,200.8,228.9,0.4,12070.0,245.4
2018-05-23T16:15:58,34.7,184.3,225.4,0.5,12070.0,246.4
2018-05-23T16:16:30,34.7,205.5,231.3,0.4,12080.0,246.4
2018-05-23T16:17:01,34.8,227.4,234.8,0.4,12080.0,246.4
2018-05-23T16:17:32,34.8,220.9,233.0,0.4,12090.0,245.4
2018-05-23T16:18:03,34.8,200.8,230.7,0.4,12090.0,245.4
2018-05-23T16:18:34,34.8,183.1,224.2,0.4,12100.0,245.4
2018-05-23T16:19:05,34.7,203.7,234.2,0.4,12100.0,246.4
2018-05-23T16:19:36,34.7,225.0,227.7,0.3,12100.0,245.4
2018-05-23T16:20:07,34.7,222.1,235.4,0.3,12110.0,245.4
2018-05-23T16:20:38,34.7,201.4,230.7,0.4,12110.0,246.4
2018-05-23T16:21:09,34.7,181.3,223.6,0.5,12120.0,244.4
2018-05-23T16:21:40,34.7,182.5,231.9,0.5,12120.0,245.4
2018-05-23T16:22:11,34.7,203.7,233.6,0.4,12120.0,246.4
2018-05-23T16:22:42,34.7,223.2,237.8,0.4,12130.0,246.4
2018-05-23T16:23:13,34.7,220.3,221.2,0.3,12130.0,245.4
2018-05-23T16:23:44,34.8,196.7,234.8,0.4,12140.0,246.4
2018-05-23T16:24:15,34.8,176.6,234.8,0.5,12140.0,245.4
2018-05-23T16:24:46,34.8,173.0,220.0,0.4,12140.0,244.4
2018-05-23T16:25:17,34.8,194.3,234.2,0.4,12150.0,246.4
2018-05-23T16:25:49,34.7,215.0,220.6,0.3,12150.0,245.4
2018-05-23T16:26:20,34.6,225.6,236.0,0.3,12150.0,246.4
2018-05-23T16:26:51,34.6,206.1,223.0,0.4,12160.0,245.4
2018-05-23T16:27:22,34.6,185.4,230.1,0.4,12160.0,246.4
2018-05-23T16:27:53,34.7,166.5,233.6,0.4,12160.0,246.4
2018-05-23T16:28:24,34.6,188.4,230.1,0.4,12170.0,245.4
2018-05-23T16:28:55,34.6,208.5,231.9,0.4,12170.0,245.4
2018-05-23T16:29:26,34.6,229.2,230.1,0.3,12170.0,245.4
2018-05-23T16:29:57,34.6,215.0,234.8,0.3,12180.0,245.4
2018-05-23T16:30:28,34.6,197.8,241.3,0.4,12180.0,246.4
2018-05-23T16:31:00,34.6,215.0,246.6,0.4,12180.0,245.4
2018-05-23T16:31:31,34.6,227.4,244.9,0.3,12180.0,246.4
2018-05-23T16:32:02,34.6,205.5,237.8,0.4,12180.0,246.4
2018-05-23T16:32:33,34.6,184.8,231.3,0.4,12180.0,244.4
2018-05-23T16:33:04,34.6,197.8,252.6,0.3,12190.0,245.4
2018-05-23T16:33:35,34.6,219.1,241.3,0.3,12190.0,244.4
2018-05-23T16:34:06,34.5,222.1,229.5,0.3,12190.0,246.4
2018-05-23T16:34:37,34.5,201.4,244.9,0.3,12190.0,245.4
2018-05-23T16:35:08,34.5,180.1,223.0,0.4,12190.0,247.3
2018-05-23T16:35:39,34.4,160.0,239.0,0.4,12190.0,245.4
2018-05-23T16:36:10,34.5,137.6,218.8,0.6,12190.0,245.4
2018-05-23T16:36:41,34.4,136.4,197.0,0.6,12190.0,246.4
2018-05-23T16:37:12,34.4,114.0,215.9,0.8,12190.0,246.4
2018-05-23T16:37:43,34.4,118.7,231.3,0.9,12190.0,245.4
2018-05-23T16:38:14,34.2,108.6,210.6,1.0,12200.0,244.4
2018-05-23T16:38:45,34.2,115.1,189.9,1.0,12200.0,245.4
2018-05-23T16:39:16,34.2,128.7,200.5,0.8,12200.0,245.4
2018-05-23T16:39:48,34.2,115.1,222.4,0.9,12200.0,246.4
2018-05-23T16:40:19,34.1,134.0,228.3,0.6,12200.0,245.4
2018-05-23T16:40:50,34.1,130.5,207.0,0.7,12200.0,247.3
2018-05-23T16:41:21,34.2,126.4,224.8,0.6,12200.0,247.3
2018-05-23T16:41:52,34.1,150.0,222.4,0.5,12200.0,246.4
2018-05-23T16:42:23,34.1,142.3,200.5,0.6,12200.0,247.3
2018-05-23T16:42:54,34.1,121.6,181.6,0.6,12200.0,245.4
2018-05-23T16:43:25,34.0,103.3,193.4,0.8,12210.0,246.4
2018-05-23T16:43:56,34.0,112.2,215.3,0.7,12210.0,246.4
2018-05-23T16:44:27,34.0,120.5,227.7,0.6,12210.0,246.4
2018-05-23T16:44:58,34.0,141.7,207.6,0.5,12210.0,246.4
2018-05-23T16:45:29,34.0,148.8,201.1,0.4,12210.0,246.4
2018-05-23T16:46:01,33.9,151.8,222.4,0.3,12210.0,246.4
2018-05-23T16:46:32,33.9,154.7,226.5,0.3,12210.0,246.4
2018-05-23T16:47:03,33.9,163.0,206.4,0.2,12210.0,248.3
2018-05-23T16:47:34,33.9,155.9,185.1,0.2,12210.0,247.3
2018-05-23T16:48:05,33.8,176.0,180.4,0.1,12210.0,246.4
2018-05-23T16:48:36,33.8,165.9,201.1,0.1,12210.0,246.4
2018-05-23T16:49:07,33.8,186.0,223.0,0.1,12210.0,245.4
2018-05-23T16:49:38,33.7,190.8,212.9,0.1,12210.0,245.4
2018-05-23T16:50:09,33.7,171.9,192.2,0.1,12210.0,245.4
2018-05-23T16:50:40,33.7,150.0,171.5,0.1,12210.0,244.4
2018-05-23T16:51:12,33.5,129.3,150.2,0.1,12210.0,245.4
2018-05-23T16:51:43,33.5,133.5,162.6,0.1,12210.0,245.4
2018-05-23T16:52:14,33.5,154.7,183.3,0.1,12210.0,246.4
2018-05-23T16:52:45,33.4,174.2,204.6,0.1,12210.0,244.4
2018-05-23T16:53:16,33.4,198.4,224.2,0.0,12210.0,244.4
2018-05-23T16:53:47,33.4,206.1,212.9,0.0,12210.0,244.4
2018-05-23T16:54:18,33.3,199.0,192.8,0.0,12210.0,243.5
2018-05-23T16:54:49,33.3,176.0,171.5,0.0,12210.0,245.4
2018-05-23T16:55:20,33.3,155.3,159.7,0.1,12210.0,244.4
2018-05-23T16:55:51,33.2,135.2,183.9,0.1,12210.0,244.4
2018-05-23T16:56:24,33.2,115.1,200.5,0.1,12210.0,245.4
2018-05-23T16:56:55,33.1,108.6,222.4,0.0,12210.0,245.4
2018-05-23T16:57:26,33.1,129.9,224.2,0.1,12210.0,245.4
2018-05-23T16:57:57,33.1,151.8,204.6,0.0,12210.0,245.4
2018-05-23T16:58:28,33.0,170.1,180.4,0.1,12210.0,245.4
2018-05-23T16:58:59,33.0,189.6,162.6,0.0,12210.0,245.4
2018-05-23T16:59:30,32.9,199.0,139.6,0.0,12210.0,245.4
2018-05-23T17:00:01,32.9,187.2,120.6,0.1,12210.0,245.4
2018-05-23T17:00:32,32.7,163.6,126.6,0.1,12210.0,245.4
2018-05-23T17:01:03,32.7,146.4,146.1,0.0,12210.0,245.4
2018-05-23T17:01:34,32.7,157.1,167.4,0.0,12210.0,245.4
2018-05-23T17:02:05,32.7,174.8,189.3,0.0,12210.0,245.4
2018-05-23T17:02:36,32.6,192.5,207.6,0.0,12210.0,245.4
2018-05-23T17:03:07,32.4,191.3,225.9,0.0,12210.0,243.5
2018-05-23T17:03:38,32.4,190.2,208.2,0.0,12210.0,244.4
2018-05-23T17:04:09,32.4,189.0,204.6,0.0,12210.0,245.4
2018-05-23T17:04:40,32.3,187.2,199.9,0.0,12210.0,243.5
2018-05-23T17:05:11,32.3,186.0,194.6,0.0,12210.0,244.4
2018-05-23T17:05:43,32.3,175.4,194.6,0.0,12210.0,243.5
2018-05-23T17:06:14,32.3,79.1,190.4,0.0,12210.0,244.4
2018-05-23T17:06:45,32.2,177.8,178.0,0.0,12210.0,243.5
2018-05-23T17:07:16,32.2,173.6,173.9,0.0,12210.0,243.5
2018-05-23T17:07:47,32.0,167.1,167.4,0.0,12210.0,245.4
2018-05-23T17:08:18,32.0,85.6,162.6,0.0,12210.0,244.4
2018-05-23T17:08:49,32.0,142.9,143.1,0.0,12210.0,244.4
2018-05-23T17:09:20,31.9,117.5,117.7,0.0,12210.0,245.4
