2018-05-26T06:30:27,12.5,61.4,62.1,0.0,0.0,243.5
2018-05-26T06:30:59,12.5,96.2,96.4,0.0,0.0,244.4
2018-05-26T06:31:30,12.5,201.4,225.9,0.0,0.0,243.5
2018-05-26T06:32:01,12.5,193.7,223.6,0.0,0.0,243.5
2018-05-26T06:32:32,12.5,169.5,187.5,0.0,0.0,243.5
2018-05-26T06:33:03,12.1,178.3,185.1,0.2,0.0,243.5
2018-05-26T06:33:34,12.1,210.2,236.0,0.0,0.0,243.5
2018-05-26T06:34:05,12.1,211.4,237.8,0.0,0.0,244.4
2018-05-26T06:34:36,12.1,212.0,239.5,0.0,0.0,244.4
2018-05-26T06:35:07,12.1,213.2,241.3,0.0,0.0,243.5
2018-05-26T06:35:38,12.1,213.8,242.5,0.0,0.0,243.5
2018-05-26T06:36:10,12.1,215.0,244.3,0.0,0.0,242.5
2018-05-26T06:36:41,12.1,215.6,247.2,0.0,0.0,244.4
2018-05-26T06:37:12,12.1,216.7,251.4,0.0,0.0,243.5
2018-05-26T06:37:43,12.1,216.7,251.4,0.0,0.0,244.4
2018-05-26T06:38:14,12.1,217.9,247.8,0.0,0.0,243.5
2018-05-26T06:38:45,12.1,218.5,249.6,0.0,0.0,243.5
2018-05-26T06:39:16,12.1,219.1,253.7,0.0,0.0,243.5
2018-05-26T06:39:47,12.5,207.3,234.2,0.0,0.0,243.5
2018-05-26T06:40:18,12.5,220.9,254.9,0.0,0.0,244.4
2018-05-26T06:40:49,12.1,220.9,255.5,0.0,0.0,244.4
2018-05-26T06:41:21,12.1,221.5,256.1,0.0,0.0,244.4
2018-05-26T06:41:52,12.1,222.1,256.1,0.0,0.0,244.4
2018-05-26T06:42:23,12.5,214.4,256.7,0.0,0.0,244.4
2018-05-26T06:43:18,12.5,202.6,240.7,0.1,0.0,246.4
2018-05-26T06:43:49,12.5,186.0,227.1,0.1,0.0,244.4
2018-05-26T06:44:20,12.5,166.5,205.2,0.1,0.0,244.4
2018-05-26T06:44:51,12.5,145.3,186.9,0.1,0.0,243.5
2018-05-26T06:45:22,12.5,124.0,165.6,0.1,0.0,243.5
2018-05-26T06:45:53,12.5,147.6,144.9,0.1,0.0,243.5
2018-05-26T06:46:25,12.9,168.9,122.4,0.1,0.0,242.5
2018-05-26T06:46:56,12.9,190.2,118.9,0.1,0.0,243.5
2018-05-26T06:47:27,12.9,208.5,139.6,0.1,0.0,244.4
2018-05-26T06:47:58,12.9,202.0,162.0,0.1,0.0,243.5
2018-05-26T06:48:29,12.9,180.1,183.3,0.1,0.0,244.4
2018-05-26T06:49:00,12.9,161.2,203.5,0.1,0.0,243.5
2018-05-26T06:49:31,12.9,140.5,224.8,0.2,0.0,242.5
2018-05-26T06:50:02,12.9,137.6,243.1,0.2,0.0,243.5
2018-05-26T06:50:33,12.9,158.9,235.4,0.2,0.0,243.5
2018-05-26T06:51:05,12.9,180.7,215.3,0.2,0.0,244.4
2018-05-26T06:51:36,12.9,201.4,194.6,0.2,0.0,244.4
2018-05-26T06:52:07,12.9,205.5,172.7,0.1,0.0,242.5
2018-05-26T06:52:38,13.2,184.8,152.6,0.2,0.0,243.5
2018-05-26T06:53:09,13.2,164.8,171.5,0.2,0.0,243.5
2018-05-26T06:53:40,13.2,173.0,193.4,0.2,0.0,242.5
2018-05-26T06:54:11,13.2,194.3,215.3,0.2,0.0,243.5
2018-05-26T06:54:42,13.2,214.4,235.4,0.1,0.0,244.4
2018-05-26T06:55:13,13.2,206.1,243.7,0.2,0.0,244.4
2018-05-26T06:55:44,13.2,183.7,221.2,0.2,0.0,245.4
2018-05-26T06:56:15,13.6,163.6,201.7,0.2,0.0,245.4
2018-05-26T06:56:46,13.6,181.9,181.0,0.2,0.0,244.4
2018-05-26T06:57:17,13.6,203.2,160.3,0.2,0.0,245.4
2018-05-26T06:57:48,13.6,208.5,174.5,0.2,0.0,245.4
2018-05-26T06:58:19,13.6,186.6,197.0,0.2,0.0,245.4
2018-05-26T06:58:50,13.6,165.9,218.3,0.2,0.0,244.4
2018-05-26T06:59:21,14.0,150.6,238.4,0.2,0.0,245.4
2018-05-26T06:59:52,14.0,173.0,243.7,0.2,10.0,244.4
2018-05-26T07:00:23,14.0,194.3,222.4,0.2,10.0,245.4
2018-05-26T07:00:55,14.0,215.6,201.7,0.2,10.0,244.4
2018-05-26T07:01:26,14.0,205.5,181.0,0.2,10.0,243.5
2018-05-26T07:01:57,14.0,184.8,160.3,0.2,10.0,242.5
2018-05-26T07:02:28,14.0,164.2,180.4,0.3,10.0,243.5
2018-05-26T07:02:59,14.0,159.4,204.1,0.2,10.0,242.5
2018-05-26T07:03:30,14.3,180.7,223.0,0.3,10.0,242.5
2018-05-26T07:04:01,14.3,202.6,244.3,0.3,10.0,242.5
2018-05-26T07:04:32,14.3,212.0,237.2,0.2,10.0,241.5
2018-05-26T07:05:03,14.3,190.8,216.5,0.3,10.0,242.5
2018-05-26T07:05:35,14.3,181.3,195.2,0.3,10.0,241.5
2018-05-26T07:06:06,14.3,203.2,211.7,0.3,10.0,242.5
2018-05-26T07:06:37,14.7,218.5,234.2,0.2,10.0,242.5
2018-05-26T07:07:08,14.7,194.9,245.5,0.3,10.0,242.5
2018-05-26T07:07:39,14.7,174.2,223.6,0.3,10.0,241.5
2018-05-26T07:08:10,14.7,182.5,223.0,0.3,10.0,242.5
2018-05-26T07:08:41,14.7,204.3,207.6,0.3,20.0,241.5
2018-05-26T07:09:12,14.7,218.5,210.6,0.2,20.0,243.5
2018-05-26T07:09:43,15.1,194.9,233.0,0.3,20.0,244.4
2018-05-26T07:10:14,15.1,174.8,242.5,0.3,20.0,244.4
2018-05-26T07:10:46,15.1,197.3,220.6,0.3,20.0,243.5
2018-05-26T07:11:17,15.1,217.9,199.9,0.2,20.0,242.5
2018-05-26T07:11:48,15.1,207.9,200.5,0.3,20.0,242.5
2018-05-26T07:12:19,15.1,186.0,223.0,0.3,20.0,242.5
2018-05-26T07:12:50,15.1,199.0,236.6,0.3,20.0,243.5
2018-05-26T07:13:21,15.4,215.6,215.3,0.3,20.0,241.5
2018-05-26T07:13:52,15.4,193.7,194.6,0.3,20.0,243.5
2018-05-26T07:14:23,15.4,173.6,194.0,0.3,20.0,242.5
2018-05-26T07:14:54,15.4,187.2,215.3,0.3,20.0,242.5
2018-05-26T07:15:25,15.4,209.1,237.8,0.3,30.0,243.5
2018-05-26T07:15:56,15.4,212.0,240.1,0.3,30.0,244.4
2018-05-26T07:16:28,15.8,190.8,218.8,0.3,30.0,242.5
2018-05-26T07:16:59,15.8,177.2,199.3,0.4,30.0,244.4
2018-05-26T07:17:30,15.8,199.6,207.0,0.4,30.0,243.5
2018-05-26T07:18:01,15.8,219.1,230.1,0.3,30.0,245.4
2018-05-26T07:18:32,15.8,197.3,245.5,0.4,30.0,242.5
2018-05-26T07:19:03,15.8,184.3,223.6,0.4,30.0,243.5
2018-05-26T07:19:34,16.2,205.5,217.7,0.3,30.0,242.5
2018-05-26T07:20:05,16.2,219.1,237.2,0.3,30.0,242.5
2018-05-26T07:20:36,16.2,197.3,249.6,0.4,30.0,242.5
2018-05-26T07:21:08,16.2,176.0,225.4,0.4,40.0,241.5
2018-05-26T07:21:39,16.2,186.0,204.6,0.4,40.0,241.5
2018-05-26T07:22:10,16.2,203.2,225.9,0.4,40.0,243.5
2018-05-26T07:22:41,16.5,223.2,246.6,0.3,40.0,244.4
2018-05-26T07:23:12,16.5,202.0,236.6,0.4,40.0,245.4
2018-05-26T07:23:43,16.5,183.1,215.3,0.4,40.0,244.4
2018-05-26T07:24:14,16.5,204.3,217.7,0.4,40.0,244.4
2018-05-26T07:24:45,16.5,187.8,199.3,0.4,40.0,241.5
2018-05-26T07:25:16,16.5,197.3,203.5,0.4,40.0,242.5
2018-05-26T07:25:47,16.5,218.5,225.9,0.4,40.0,243.5
2018-05-26T07:26:19,16.5,203.2,247.2,0.4,50.0,243.5
2018-05-26T07:26:50,16.9,188.4,236.6,0.4,50.0,243.5
2018-05-26T07:27:21,16.9,210.2,214.7,0.4,50.0,241.5
2018-05-26T07:27:52,16.9,218.5,195.2,0.4,50.0,242.5
2018-05-26T07:28:23,16.9,216.2,217.1,0.4,50.0,242.5
2018-05-26T07:28:54,16.9,205.5,239.5,0.5,50.0,242.5
2018-05-26T07:29:25,17.3,201.4,236.6,0.5,50.0,244.4
2018-05-26T07:29:56,17.3,222.1,215.3,0.4,50.0,245.4
2018-05-26T07:30:27,17.3,204.9,197.0,0.5,60.0,243.5
2018-05-26T07:30:58,17.3,192.5,218.8,0.5,60.0,245.4
2018-05-26T07:31:30,17.3,214.4,243.1,0.4,60.0,245.4
2018-05-26T07:32:01,17.3,213.8,241.9,0.5,60.0,244.4
2018-05-26T07:32:32,17.6,205.5,220.6,0.5,60.0,244.4
2018-05-26T07:33:03,17.6,197.3,214.1,0.5,60.0,244.4
2018-05-26T07:33:34,17.6,218.5,235.4,0.5,60.0,243.5
2018-05-26T07:34:05,17.6,204.3,249.6,0.5,60.0,241.5
2018-05-26T07:34:36,17.6,193.7,226.5,0.5,70.0,243.5
2018-05-26T07:35:07,17.6,215.6,219.4,0.5,70.0,244.4
2018-05-26T07:35:38,17.6,207.3,241.9,0.5,70.0,242.5
2018-05-26T07:36:10,18.0,192.5,245.5,0.5,70.0,242.5
2018-05-26T07:36:41,18.0,215.0,224.2,0.5,70.0,243.5
2018-05-26T07:37:12,18.0,204.9,208.2,0.5,70.0,242.5
2018-05-26T07:37:43,18.0,201.4,230.1,0.6,80.0,243.5
2018-05-26T07:38:14,18.0,222.7,251.4,0.5,80.0,243.5
2018-05-26T07:38:45,18.0,207.3,243.7,0.6,80.0,243.5
2018-05-26T07:39:16,18.4,218.5,247.8,0.6,80.0,243.5
2018-05-26T07:39:47,18.4,197.8,226.5,0.6,80.0,243.5
2018-05-26T07:40:18,18.4,210.8,224.2,0.6,80.0,244.4
2018-05-26T07:40:49,18.4,208.5,246.6,0.6,90.0,243.5
2018-05-26T07:41:20,18.7,199.6,246.1,0.6,90.0,243.5
2018-05-26T07:41:51,18.7,222.1,223.6,0.6,90.0,244.4
2018-05-26T07:42:22,18.7,205.5,208.2,0.7,90.0,243.5
2018-05-26T07:42:53,18.7,203.2,231.3,0.7,90.0,245.4
2018-05-26T07:43:24,18.7,220.9,252.0,0.5,100.0,243.5
2018-05-26T07:43:55,18.7,197.8,239.0,0.7,100.0,243.5
2018-05-26T07:44:26,19.1,204.3,241.3,0.7,100.0,242.5
2018-05-26T07:44:57,19.1,220.3,254.3,0.6,100.0,240.6
2018-05-26T07:45:28,19.1,201.4,231.9,0.7,100.0,240.6
2018-05-26T07:46:00,19.1,210.8,227.1,0.7,110.0,242.5
2018-05-26T07:46:31,19.5,211.4,249.0,0.7,110.0,243.5
2018-05-26T07:47:02,19.5,200.8,241.9,0.7,110.0,243.5
2018-05-26T07:47:33,19.5,219.1,227.1,0.6,110.0,242.5
2018-05-26T07:48:04,19.5,202.0,249.0,0.7,110.0,241.5
2018-05-26T07:48:35,19.5,223.8,241.3,0.7,120.0,242.5
2018-05-26T07:49:06,19.8,214.4,220.0,0.8,120.0,241.5
2018-05-26T07:49:37,19.8,197.8,220.0,0.7,120.0,241.5
2018-05-26T07:50:08,19.8,217.3,243.1,0.7,120.0,241.5
2018-05-26T07:50:39,19.8,204.9,243.7,0.7,130.0,242.5
2018-05-26T07:51:11,20.2,221.5,229.5,0.8,130.0,244.4
2018-05-26T07:51:42,20.2,204.3,252.6,0.9,130.0,244.4
2018-05-26T07:52:13,20.2,216.2,246.1,0.8,130.0,243.5
2018-05-26T07:52:44,20.2,223.8,252.0,0.7,140.0,242.5
2018-05-26T07:53:15,20.6,201.4,238.4,0.9,140.0,243.5
2018-05-26T07:53:46,20.6,222.7,222.4,0.8,140.0,242.5
2018-05-26T07:54:17,20.6,203.2,230.7,0.9,140.0,244.4
2018-05-26T07:54:48,20.6,212.0,231.3,0.9,150.0,243.5
2018-05-26T07:55:19,20.6,220.9,241.9,0.7,150.0,244.4
2018-05-26T07:55:50,20.6,209.1,223.6,0.9,150.0,244.4
2018-05-26T07:56:22,20.6,213.2,246.6,0.9,160.0,245.4
2018-05-26T07:56:53,20.9,213.2,244.9,0.9,160.0,244.4
2018-05-26T07:57:24,20.9,213.2,224.8,1.0,160.0,242.5
2018-05-26T07:57:55,20.9,207.3,232.4,0.9,160.0,244.4
2018-05-26T07:58:26,20.9,208.5,240.7,0.6,170.0,244.4
2018-05-26T07:58:57,21.3,194.3,254.9,1.0,170.0,245.4
2018-05-26T07:59:28,21.3,218.5,230.7,1.0,170.0,244.4
2018-05-26T07:59:59,21.3,213.8,226.5,0.5,170.0,243.5
2018-05-26T08:00:30,21.3,216.2,233.6,0.4,180.0,242.5
2018-05-26T08:01:01,21.7,200.8,226.5,0.5,180.0,242.5
2018-05-26T08:01:32,21.7,204.3,231.3,0.4,180.0,242.5
2018-05-26T08:02:03,21.7,220.9,217.1,0.4,180.0,241.5
2018-05-26T08:02:34,21.7,209.1,231.9,0.3,180.0,241.5
2018-05-26T08:03:05,21.7,186.6,250.2,0.4,180.0,240.6
2018-05-26T08:03:36,21.7,178.9,228.3,0.4,180.0,240.6
2018-05-26T08:04:07,21.7,199.6,207.6,0.3,180.0,240.6
2018-05-26T08:04:38,21.7,220.3,186.9,0.3,190.0,240.6
2018-05-26T08:05:09,21.7,203.7,185.1,0.4,190.0,240.6
2018-05-26T08:05:40,21.7,203.7,196.4,0.3,190.0,241.5
2018-05-26T08:06:12,22.0,200.2,217.7,0.3,190.0,242.5
2018-05-26T08:06:43,22.0,196.1,239.0,0.4,190.0,244.4
2018-05-26T08:07:14,22.0,176.6,234.8,0.4,190.0,244.4
2018-05-26T08:07:45,22.0,199.0,215.3,0.4,190.0,244.4
2018-05-26T08:08:16,22.0,219.7,193.4,0.3,190.0,245.4
2018-05-26T08:08:47,22.0,200.8,188.7,0.4,190.0,244.4
2018-05-26T08:09:18,22.0,194.3,211.2,0.5,200.0,243.5
2018-05-26T08:09:49,22.0,219.1,237.2,0.5,200.0,243.5
2018-05-26T08:10:20,22.4,210.2,247.8,0.5,200.0,243.5
2018-05-26T08:10:51,22.4,212.6,244.3,0.8,200.0,244.4
2018-05-26T08:11:23,22.4,212.6,244.9,0.7,200.0,244.4
2018-05-26T08:11:54,22.4,234.5,225.4,1.0,210.0,245.4
2018-05-26T08:12:25,22.4,229.2,228.9,1.0,210.0,244.4
2018-05-26T08:12:56,22.8,225.0,227.7,1.1,220.0,244.4
2018-05-26T08:13:27,22.8,205.5,211.7,1.4,220.0,242.5
2018-05-26T08:13:58,22.8,217.9,225.4,1.4,220.0,243.5
2018-05-26T08:14:29,22.8,212.6,249.0,1.5,230.0,243.5
2018-05-26T08:15:00,23.1,227.4,265.0,1.3,230.0,242.5
2018-05-26T08:15:31,23.1,209.1,247.8,1.2,240.0,243.5
2018-05-26T08:16:03,23.1,222.1,249.0,0.9,240.0,243.5
2018-05-26T08:16:34,23.1,223.2,228.9,1.5,250.0,243.5
2018-05-26T08:17:05,23.1,218.5,237.8,1.6,250.0,244.4
2018-05-26T08:17:36,23.1,214.4,254.3,1.6,260.0,246.4
2018-05-26T08:18:07,23.1,212.0,259.7,1.4,260.0,246.4
2018-05-26T08:18:38,23.5,230.9,239.5,0.8,270.0,245.4
2018-05-26T08:19:09,23.5,232.7,260.3,1.2,270.0,245.4
2018-05-26T08:19:40,23.5,209.7,259.1,1.7,280.0,245.4
2018-05-26T08:20:11,23.5,206.7,251.4,1.7,280.0,246.4
2018-05-26T08:20:42,23.9,211.4,249.0,1.7,290.0,245.4
2018-05-26T08:21:13,23.9,209.7,244.3,1.8,290.0,245.4
2018-05-26T08:21:44,23.9,209.1,247.8,1.6,300.0,245.4
2018-05-26T08:22:15,23.9,210.2,251.4,1.8,310.0,245.4
2018-05-26T08:22:46,23.9,212.6,256.7,1.7,310.0,245.4
2018-05-26T08:23:17,24.2,216.7,246.1,1.6,320.0,245.4
2018-05-26T08:23:48,24.2,218.5,244.9,1.5,320.0,247.3
2018-05-26T08:24:19,24.2,216.2,250.2,1.6,330.0,247.3
2018-05-26T08:24:50,24.2,219.7,254.3,1.7,330.0,248.3
2018-05-26T08:25:21,24.2,217.9,254.3,1.7,340.0,245.4
2018-05-26T08:25:53,24.6,215.0,246.1,1.6,350.0,245.4
2018-05-26T08:26:25,24.6,211.4,249.6,1.7,350.0,245.4
2018-05-26T08:26:56,24.6,214.4,253.2,1.8,360.0,246.4
2018-05-26T08:27:27,24.6,222.7,251.4,1.7,360.0,246.4
2018-05-26T08:27:58,24.6,217.9,251.4,1.8,370.0,245.4
2018-05-26T08:28:29,25.0,217.3,246.6,1.8,380.0,245.4
2018-05-26T08:29:00,25.0,207.3,241.9,1.9,380.0,246.4
2018-05-26T08:29:31,25.0,213.2,241.3,1.8,390.0,245.4
2018-05-26T08:30:02,25.0,222.7,254.3,1.6,390.0,246.4
2018-05-26T08:30:33,25.0,216.2,246.1,1.9,400.0,246.4
2018-05-26T08:31:05,25.3,204.9,240.1,1.9,410.0,247.3
2018-05-26T08:31:36,25.0,216.2,248.4,1.7,410.0,246.4
2018-05-26T08:32:07,25.0,209.7,244.3,1.8,420.0,247.3
2018-05-26T08:32:38,25.3,213.2,243.7,1.8,420.0,246.4
2018-05-26T08:33:09,25.3,212.0,251.4,1.9,430.0,245.4
2018-05-26T08:33:40,25.7,218.5,240.1,1.9,440.0,246.4
2018-05-26T08:34:11,25.7,215.6,247.2,1.9,440.0,246.4
2018-05-26T08:34:42,25.7,208.5,251.4,1.9,450.0,247.3
2018-05-26T08:35:13,25.7,207.3,237.2,2.0,460.0,247.3
2018-05-26T08:35:44,25.7,212.0,237.8,1.9,460.0,246.4
2018-05-26T08:36:16,25.7,216.2,245.5,2.0,470.0,247.3
2018-05-26T08:36:47,25.7,217.3,234.8,2.0,480.0,247.3
2018-05-26T08:37:18,25.7,217.3,244.3,2.0,480.0,248.3
2018-05-26T08:37:49,25.7,215.0,244.9,1.9,490.0,247.3
2018-05-26T08:38:20,26.1,210.2,243.1,2.1,500.0,247.3
2018-05-26T08:38:51,26.1,212.6,234.8,2.0,500.0,248.3
2018-05-26T08:39:22,26.1,206.7,245.5,2.1,510.0,247.3
2018-05-26T08:39:53,26.1,213.2,243.1,2.1,520.0,246.4
2018-05-26T08:40:24,26.1,221.5,236.0,1.9,530.0,246.4
2018-05-26T08:40:55,26.1,217.3,241.3,2.0,530.0,245.4
2018-05-26T08:41:27,26.1,212.6,247.8,2.1,540.0,246.4
2018-05-26T08:41:58,26.1,208.5,236.0,2.1,550.0,248.3
2018-05-26T08:42:29,26.1,209.1,241.3,2.2,550.0,247.3
2018-05-26T08:43:00,26.4,211.4,249.0,2.1,560.0,248.3
2018-05-26T08:43:31,26.4,208.5,236.0,2.1,570.0,248.3
2018-05-26T08:44:02,26.4,213.8,233.6,2.1,580.0,248.3
2018-05-26T08:44:33,27.2,214.4,246.6,2.3,580.0,247.3
2018-05-26T08:45:04,27.2,210.8,246.1,2.2,590.0,246.4
2018-05-26T08:45:35,27.2,212.6,238.4,2.2,600.0,246.4
2018-05-26T08:46:06,27.5,217.9,240.1,2.1,610.0,245.4
2018-05-26T08:46:37,27.5,218.5,237.8,2.3,620.0,245.4
2018-05-26T08:47:08,27.5,216.2,244.3,2.3,620.0,247.3
2018-05-26T08:47:39,27.5,208.5,233.6,2.4,630.0,246.4
2018-05-26T08:48:10,27.5,212.0,244.9,2.3,640.0,248.3
2018-05-26T08:48:41,27.5,215.6,233.0,2.3,650.0,247.3
2018-05-26T08:49:12,27.5,219.7,247.8,2.2,650.0,246.4
2018-05-26T08:49:43,27.5,219.1,239.5,2.2,660.0,248.3
2018-05-26T08:50:14,27.9,212.6,237.2,2.4,670.0,247.3
2018-05-26T08:50:46,27.9,210.2,247.8,2.3,680.0,247.3
2018-05-26T08:51:17,27.5,209.7,238.4,2.4,690.0,246.4
2018-05-26T08:51:48,27.9,208.5,237.2,2.5,700.0,246.4
2018-05-26T08:52:19,28.3,209.1,248.4,2.5,700.0,244.4
2018-05-26T08:52:50,28.6,206.7,238.4,2.5,710.0,245.4
2018-05-26T08:53:21,28.6,213.2,240.7,2.5,720.0,246.4
2018-05-26T08:53:52,29.0,215.6,237.2,2.5,730.0,246.4
2018-05-26T08:54:23,28.6,216.2,234.2,2.4,740.0,247.3
2018-05-26T08:54:54,28.6,209.7,240.7,2.6,750.0,245.4
2018-05-26T08:55:25,28.6,212.6,249.0,2.5,760.0,247.3
2018-05-26T08:55:57,29.0,213.2,235.4,2.5,760.0,246.4
2018-05-26T08:56:28,28.6,210.2,237.2,2.6,770.0,245.4
2018-05-26T08:56:59,29.0,207.9,244.9,2.6,780.0,246.4
2018-05-26T08:57:30,29.0,210.2,240.1,2.7,790.0,246.4
2018-05-26T08:58:01,29.4,207.3,233.0,2.6,800.0,246.4
2018-05-26T08:58:32,29.7,209.7,245.5,2.7,810.0,246.4
2018-05-26T08:59:03,29.4,210.2,240.1,2.7,820.0,246.4
2018-05-26T08:59:34,29.7,217.3,240.7,2.5,830.0,244.4
2018-05-26T09:00:05,29.7,215.0,237.2,2.5,840.0,244.4
2018-05-26T09:00:37,30.1,216.2,241.9,2.7,850.0,245.4
2018-05-26T09:01:08,30.2,216.2,237.2,2.6,860.0,246.4
2018-05-26T09:01:39,30.2,210.8,244.9,2.7,870.0,246.4
2018-05-26T09:02:10,30.2,216.7,234.8,2.7,880.0,246.4
2018-05-26T09:02:41,30.2,209.1,234.8,2.8,880.0,246.4
2018-05-26T09:03:12,30.3,214.4,234.2,2.7,890.0,245.4
2018-05-26T09:03:43,30.3,212.6,231.3,2.7,900.0,245.4
2018-05-26T09:04:14,30.3,215.0,239.5,2.8,910.0,245.4
2018-05-26T09:04:45,30.2,215.0,242.5,2.7,920.0,249.3
2018-05-26T09:05:16,30.3,215.6,239.5,2.8,930.0,247.3
2018-05-26T09:05:47,30.3,211.4,240.1,2.9,940.0,247.3
2018-05-26T09:06:19,30.4,206.1,235.4,2.9,950.0,247.3
2018-05-26T09:06:50,30.4,209.7,234.8,2.8,960.0,247.3
2018-05-26T09:07:21,30.3,208.5,241.9,3.0,970.0,247.3
2018-05-26T09:07:52,30.3,207.3,241.3,2.9,980.0,246.4
2018-05-26T09:08:23,30.3,203.7,231.3,3.0,990.0,246.4
2018-05-26T09:08:54,30.3,204.3,239.5,2.9,1000.0,246.4
2018-05-26T09:09:25,30.3,206.1,240.1,3.0,1010.0,246.4
2018-05-26T09:09:56,30.3,204.9,229.5,3.0,1020.0,245.4
2018-05-26T09:10:27,30.2,207.3,235.4,3.1,1030.0,247.3
2018-05-26T09:10:58,30.3,205.5,243.1,3.1,1040.0,247.3
2018-05-26T09:11:30,30.3,204.3,237.8,3.1,1050.0,247.3
2018-05-26T09:12:01,30.3,203.7,231.9,3.1,1060.0,247.3
2018-05-26T09:12:32,30.3,203.2,239.0,3.2,1080.0,248.3
2018-05-26T09:13:03,30.3,205.5,243.1,3.0,1090.0,247.3
2018-05-26T09:13:34,30.3,204.3,239.0,3.2,1100.0,247.3
2018-05-26T09:14:05,30.3,212.6,231.9,3.0,1110.0,247.3
2018-05-26T09:14:36,30.3,213.2,235.4,3.1,1120.0,247.3
2018-05-26T09:15:07,30.3,212.6,241.3,3.1,1130.0,248.3
2018-05-26T09:15:38,30.3,215.0,234.2,3.1,1140.0,247.3
2018-05-26T09:16:10,30.2,211.4,233.0,3.1,1150.0,248.3
2018-05-26T09:16:41,30.3,209.1,241.9,3.3,1160.0,248.3
2018-05-26T09:17:12,30.3,210.8,235.4,3.1,1170.0,249.3
2018-05-26T09:17:43,30.3,208.5,230.7,3.3,1180.0,247.3
2018-05-26T09:18:14,30.2,207.9,239.0,3.3,1190.0,247.3
2018-05-26T09:18:45,30.2,207.9,238.4,3.2,1210.0,246.4
2018-05-26T09:19:16,30.1,208.5,230.1,3.3,1220.0,248.3
2018-05-26T09:19:47,30.1,206.1,235.4,3.3,1230.0,247.3
2018-05-26T09:20:18,30.1,207.9,241.3,3.3,1240.0,247.3
2018-05-26T09:20:49,30.1,204.3,232.4,3.3,1250.0,249.3
2018-05-26T09:21:20,30.1,206.1,233.0,3.4,1260.0,247.3
2018-05-26T09:21:51,30.1,204.3,243.1,3.3,1270.0,249.3
2018-05-26T09:22:22,29.7,203.7,237.2,3.5,1280.0,248.3
2018-05-26T09:22:53,30.1,205.5,226.5,3.4,1300.0,248.3
2018-05-26T09:23:24,30.1,206.1,237.8,3.3,1310.0,247.3
2018-05-26T09:23:55,30.2,209.1,243.1,3.3,1320.0,248.3
2018-05-26T09:24:26,30.3,207.3,232.4,3.4,1330.0,247.3
2018-05-26T09:24:57,30.4,207.9,231.9,3.5,1340.0,248.3
2018-05-26T09:25:28,30.4,211.4,240.1,3.3,1350.0,247.3
2018-05-26T09:26:00,30.4,206.1,241.3,3.5,1370.0,247.3
2018-05-26T09:26:31,30.4,205.5,234.2,3.5,1380.0,248.3
2018-05-26T09:27:02,30.5,209.1,229.5,3.4,1390.0,248.3
2018-05-26T09:27:33,30.5,210.8,231.9,3.3,1400.0,248.3
2018-05-26T09:28:04,30.5,211.4,235.4,3.4,1410.0,247.3
2018-05-26T09:28:35,30.5,212.0,228.9,3.4,1430.0,247.3
2018-05-26T09:29:06,30.5,207.9,234.2,3.5,1440.0,248.3
2018-05-26T09:29:37,30.5,209.7,240.1,3.6,1450.0,248.3
2018-05-26T09:30:08,30.5,213.8,234.8,3.3,1460.0,248.3
2018-05-26T09:30:39,30.7,208.5,227.7,3.6,1470.0,247.3
2018-05-26T09:31:11,30.8,206.1,236.0,3.6,1490.0,249.3
2018-05-26T09:31:42,30.7,212.0,231.3,3.5,1500.0,249.3
2018-05-26T09:32:13,30.7,208.5,243.7,3.7,1510.0,248.3
2018-05-26T09:32:44,30.8,212.6,231.3,3.6,1520.0,248.3
2018-05-26T09:33:15,30.8,202.6,241.9,3.8,1540.0,247.3
2018-05-26T09:33:46,30.9,204.3,233.0,3.8,1550.0,248.3
2018-05-26T09:34:17,31.0,205.5,229.5,3.6,1560.0,249.3
2018-05-26T09:34:48,31.0,223.8,224.2,2.8,1570.0,249.3
2018-05-26T09:35:19,31.0,221.5,227.1,3.6,1590.0,248.3
2018-05-26T09:35:50,30.9,206.7,222.4,3.6,1600.0,249.3
2018-05-26T09:36:22,30.9,216.7,231.9,3.7,1610.0,248.3
2018-05-26T09:36:53,30.9,225.6,244.9,2.2,1620.0,247.3
2018-05-26T09:37:24,30.9,213.2,233.6,1.4,1630.0,247.3
2018-05-26T09:37:55,30.9,217.9,224.8,1.2,1640.0,246.4
2018-05-26T09:38:26,30.9,199.6,215.9,1.5,1640.0,245.4
2018-05-26T09:38:57,30.9,194.9,213.5,2.8,1650.0,246.4
2018-05-26T09:39:28,30.9,188.4,224.2,2.1,1660.0,246.4
2018-05-26T09:39:59,30.9,182.5,222.4,1.9,1660.0,246.4
2018-05-26T09:40:30,30.9,206.1,243.7,2.1,1670.0,247.3
2018-05-26T09:41:01,30.9,212.6,223.0,2.3,1680.0,246.4
2018-05-26T09:41:32,30.9,215.6,231.9,1.9,1680.0,247.3
2018-05-26T09:42:03,31.0,206.1,243.1,1.9,1690.0,246.4
2018-05-26T09:42:34,31.0,188.4,244.3,2.2,1700.0,248.3
2018-05-26T09:43:05,31.1,191.9,239.0,2.1,1710.0,248.3
2018-05-26T09:43:36,31.1,202.0,232.4,1.6,1710.0,247.3
2018-05-26T09:44:07,31.2,213.8,228.9,1.5,1720.0,246.4
2018-05-26T09:44:38,31.2,212.0,243.1,1.4,1720.0,247.3
2018-05-26T09:45:09,31.1,208.5,228.9,1.3,1730.0,247.3
2018-05-26T09:45:41,31.1,215.6,230.1,1.4,1730.0,246.4
2018-05-26T09:46:12,31.1,219.1,230.7,1.1,1740.0,246.4
2018-05-26T09:46:43,31.1,215.6,231.9,1.1,1740.0,246.4
2018-05-26T09:47:14,31.1,209.1,230.1,1.1,1750.0,246.4
2018-05-26T09:47:45,31.1,206.7,233.0,1.0,1750.0,245.4
2018-05-26T09:48:16,31.2,206.7,234.2,1.1,1760.0,246.4
2018-05-26T09:48:47,31.2,217.3,218.3,0.9,1760.0,247.3
2018-05-26T09:49:18,31.2,180.1,183.3,4.4,1770.0,250.2
2018-05-26T09:49:49,31.2,197.3,205.8,4.7,1780.0,250.2
2018-05-26T09:50:20,31.2,209.1,240.7,4.6,1800.0,250.2
2018-05-26T09:50:52,31.2,212.6,227.1,4.6,1810.0,251.2
2018-05-26T09:51:23,31.2,222.7,233.6,3.7,1830.0,250.2
2018-05-26T09:51:54,31.1,213.2,234.2,3.8,1840.0,250.2
2018-05-26T09:52:25,31.1,210.2,252.0,4.3,1850.0,251.2
2018-05-26T09:52:56,31.2,212.0,244.3,5.0,1870.0,253.1
2018-05-26T09:53:27,31.2,210.2,230.1,5.0,1890.0,251.2
2018-05-26T09:53:58,31.5,210.8,231.9,5.1,1910.0,253.1
2018-05-26T09:54:29,31.5,210.8,234.2,4.8,1920.0,252.2
2018-05-26T09:55:00,31.5,211.4,237.2,4.8,1940.0,252.2
2018-05-26T09:55:31,31.6,212.6,232.4,4.8,1960.0,252.2
2018-05-26T09:56:03,31.7,206.1,238.4,5.0,1980.0,252.2
2018-05-26T09:56:34,31.8,204.9,220.6,5.4,1990.0,253.1
2018-05-26T09:57:05,31.9,201.4,220.6,4.6,2010.0,252.2
2018-05-26T09:57:36,32.0,197.3,238.4,3.9,2030.0,252.2
2018-05-26T09:58:07,32.0,200.2,239.0,2.9,2040.0,251.2
2018-05-26T09:58:38,32.2,210.2,225.4,5.7,2060.0,253.1
2018-05-26T09:59:09,32.2,206.1,217.1,3.0,2070.0,251.2
2018-05-26T09:59:40,32.2,223.8,220.0,4.5,2090.0,252.2
2018-05-26T10:00:11,32.3,212.6,218.3,5.8,2110.0,252.2
2018-05-26T10:00:42,32.3,209.1,231.3,1.8,2120.0,250.2
2018-05-26T10:01:14,32.2,209.7,227.7,1.8,2130.0,250.2
2018-05-26T10:01:45,32.2,204.9,218.8,1.7,2140.0,250.2
2018-05-26T10:02:16,32.3,180.1,246.1,2.3,2140.0,248.3
2018-05-26T10:02:47,32.2,197.3,234.2,4.2,2150.0,251.2
2018-05-26T10:03:18,32.2,196.1,245.5,2.4,2170.0,250.2
2018-05-26T10:03:49,32.3,212.6,227.1,2.2,2170.0,249.3
2018-05-26T10:04:20,32.2,209.1,231.9,2.5,2180.0,249.3
2018-05-26T10:04:51,32.0,202.0,223.0,3.3,2190.0,251.2
2018-05-26T10:05:22,32.2,188.4,222.4,3.5,2210.0,251.2
2018-05-26T10:05:53,32.3,192.5,224.2,1.8,2220.0,250.2
2018-05-26T10:06:25,32.3,187.2,225.9,1.8,2220.0,249.3
2018-05-26T10:06:56,32.2,193.7,225.9,1.7,2230.0,251.2
2018-05-26T10:07:27,32.0,197.3,236.6,1.6,2230.0,249.3
2018-05-26T10:07:58,32.0,218.5,223.0,1.7,2240.0,248.3
2018-05-26T10:08:29,32.2,204.3,211.2,1.9,2250.0,250.2
2018-05-26T10:09:00,32.2,221.5,240.1,2.7,2260.0,252.2
2018-05-26T10:09:31,32.2,216.2,244.3,2.8,2270.0,252.2
2018-05-26T10:10:02,32.2,216.2,232.4,1.8,2280.0,249.3
2018-05-26T10:10:33,31.9,219.7,227.7,1.6,2290.0,250.2
2018-05-26T10:11:05,31.9,216.7,239.5,1.6,2290.0,250.2
2018-05-26T10:11:36,31.8,212.6,228.3,1.6,2300.0,249.3
2018-05-26T10:12:07,31.9,190.8,229.5,2.0,2310.0,249.3
2018-05-26T10:12:38,32.0,165.4,209.4,2.4,2320.0,250.2
2018-05-26T10:13:09,32.0,191.9,228.9,3.1,2330.0,251.2
2018-05-26T10:13:40,32.0,196.7,228.9,1.7,2340.0,250.2
2018-05-26T10:14:11,32.2,194.9,232.4,1.6,2340.0,249.3
2018-05-26T10:14:42,32.2,206.7,234.8,1.4,2350.0,248.3
2018-05-26T10:15:13,32.3,217.3,239.5,1.3,2360.0,249.3
2018-05-26T10:15:44,32.3,215.0,226.5,1.4,2360.0,250.2
2018-05-26T10:16:16,32.4,212.6,239.5,1.4,2370.0,249.3
2018-05-26T10:16:47,32.4,186.6,214.1,2.0,2380.0,249.3
2018-05-26T10:17:18,32.4,200.8,239.5,4.0,2380.0,250.2
2018-05-26T10:17:49,32.3,216.7,234.2,2.4,2400.0,250.2
2018-05-26T10:18:20,32.2,215.6,234.2,1.6,2410.0,249.3
2018-05-26T10:18:51,32.2,217.3,231.3,1.4,2410.0,248.3
2018-05-26T10:19:22,32.3,214.4,233.0,1.3,2420.0,249.3
2018-05-26T10:19:53,32.3,212.6,231.9,1.1,2420.0,248.3
2018-05-26T10:20:24,32.3,214.4,234.2,1.1,2430.0,248.3
2018-05-26T10:20:55,32.4,217.3,231.9,1.0,2430.0,248.3
2018-05-26T10:21:27,32.3,217.3,224.2,1.0,2440.0,248.3
2018-05-26T10:21:58,32.4,208.5,231.3,0.9,2440.0,247.3
2018-05-26T10:22:29,32.3,211.4,240.1,0.9,2450.0,248.3
2018-05-26T10:23:00,32.2,211.4,218.8,1.0,2450.0,247.3
2018-05-26T10:23:31,32.0,190.2,239.0,1.1,2450.0,248.3
2018-05-26T10:24:02,32.2,169.5,223.6,1.2,2460.0,249.3
2018-05-26T10:24:33,32.0,158.3,216.5,1.3,2460.0,247.3
2018-05-26T10:25:04,32.0,184.3,244.3,1.2,2470.0,248.3
2018-05-26T10:25:35,32.2,209.1,224.2,1.2,2470.0,248.3
2018-05-26T10:26:06,32.2,216.7,202.3,1.4,2480.0,248.3
2018-05-26T10:26:37,32.2,184.8,176.8,2.2,2490.0,249.3
2018-05-26T10:27:08,32.0,189.6,180.4,3.0,2500.0,249.3
2018-05-26T10:27:39,32.0,194.3,197.5,2.3,2500.0,250.2
2018-05-26T10:28:10,31.9,222.7,235.4,3.6,2510.0,250.2
2018-05-26T10:28:41,31.9,211.4,226.5,2.4,2520.0,249.3
2018-05-26T10:29:12,31.8,219.7,230.1,3.5,2530.0,250.2
2018-05-26T10:29:43,31.8,215.0,233.0,4.0,2550.0,251.2
2018-05-26T10:30:14,31.8,216.2,250.2,5.6,2570.0,254.1
2018-05-26T10:30:46,31.8,216.2,236.0,3.2,2580.0,250.2
2018-05-26T10:31:17,31.8,215.6,233.0,3.2,2600.0,250.2
2018-05-26T10:31:48,31.8,228.0,254.3,3.1,2610.0,252.2
2018-05-26T10:32:19,31.8,211.4,239.0,5.4,2630.0,252.2
2018-05-26T10:32:50,31.8,210.2,224.2,6.1,2650.0,254.1
2018-05-26T10:33:21,31.8,206.7,228.3,3.8,2670.0,252.2
2018-05-26T10:33:52,31.9,215.6,234.8,3.6,2680.0,249.3
2018-05-26T10:34:23,31.9,199.6,241.3,3.2,2700.0,250.2
2018-05-26T10:34:54,31.8,216.7,224.2,2.9,2710.0,250.2
2018-05-26T10:35:25,31.8,214.4,237.8,4.0,2720.0,249.3
2018-05-26T10:35:57,31.8,219.7,233.6,2.9,2740.0,251.2
2018-05-26T10:36:28,31.8,214.4,228.3,2.9,2750.0,250.2
2018-05-26T10:36:59,31.9,203.2,240.7,3.1,2760.0,250.2
2018-05-26T10:37:30,31.9,213.8,224.2,7.0,2780.0,254.1
2018-05-26T10:38:01,32.0,212.6,207.0,6.3,2800.0,254.1
2018-05-26T10:38:32,32.0,204.9,207.6,6.1,2820.0,253.1
2018-05-26T10:39:03,32.0,209.7,204.6,6.0,2840.0,252.2
2018-05-26T10:39:34,32.0,199.6,224.8,5.5,2860.0,251.2
2018-05-26T10:40:05,32.0,204.3,214.1,2.6,2870.0,250.2
2018-05-26T10:40:37,32.0,202.6,224.2,6.7,2890.0,253.1
2018-05-26T10:41:08,32.0,203.7,235.4,6.2,2920.0,253.1
2018-05-26T10:41:39,31.9,213.2,225.4,6.2,2940.0,252.2
2018-05-26T10:42:10,31.9,204.3,221.8,6.6,2960.0,254.1
2018-05-26T10:42:41,32.0,206.1,232.4,5.8,2990.0,253.1
2018-05-26T10:43:12,31.9,213.2,238.4,4.8,3010.0,252.2
2018-05-26T10:43:43,31.8,221.5,231.9,4.0,3020.0,251.2
2018-05-26T10:44:14,31.9,213.2,241.3,4.6,3040.0,252.2
2018-05-26T10:44:45,32.0,206.7,237.8,4.0,3060.0,251.2
2018-05-26T10:45:16,32.0,214.4,234.2,3.4,3070.0,250.2
2018-05-26T10:45:48,32.2,200.8,234.8,4.5,3090.0,251.2
2018-05-26T10:46:19,32.3,201.4,236.6,3.9,3100.0,250.2
2018-05-26T10:46:50,32.3,191.3,243.1,4.0,3120.0,250.2
2018-05-26T10:47:21,32.4,187.2,222.4,4.0,3130.0,249.3
2018-05-26T10:47:52,32.5,184.8,231.3,4.7,3150.0,250.2
2018-05-26T10:48:23,32.5,176.6,239.0,4.1,3160.0,249.3
2018-05-26T10:48:54,32.7,181.3,230.1,3.4,3180.0,249.3
2018-05-26T10:49:25,32.6,182.5,218.3,3.3,3190.0,249.3
2018-05-26T10:49:56,32.6,212.6,225.4,3.3,3200.0,248.3
2018-05-26T10:50:27,32.4,206.1,215.3,3.0,3210.0,249.3
2018-05-26T10:50:58,32.2,217.9,228.3,2.9,3220.0,249.3
2018-05-26T10:51:30,32.2,216.7,231.3,3.0,3240.0,250.2
2018-05-26T10:52:01,32.2,213.8,219.4,2.8,3250.0,250.2
2018-05-26T10:52:32,32.2,212.6,223.0,2.9,3260.0,249.3
2018-05-26T10:53:03,32.2,184.3,244.9,3.6,3270.0,250.2
2018-05-26T10:53:34,32.3,200.2,230.1,3.2,3280.0,250.2
2018-05-26T10:54:05,32.3,217.9,220.6,2.7,3290.0,249.3
2018-05-26T10:54:36,32.0,209.7,213.5,3.0,3310.0,250.2
2018-05-26T10:55:07,32.2,215.6,231.3,2.9,3320.0,250.2
2018-05-26T10:55:38,32.3,216.2,204.6,3.5,3330.0,249.3
2018-05-26T10:56:10,32.3,201.4,232.4,4.5,3340.0,252.2
2018-05-26T10:56:41,32.4,208.5,231.3,3.4,3360.0,252.2
2018-05-26T10:57:12,32.5,217.9,223.6,2.6,3370.0,250.2
2018-05-26T10:57:43,32.4,210.2,233.6,2.8,3390.0,250.2
2018-05-26T10:58:14,32.5,191.9,218.3,3.0,3400.0,250.2
2018-05-26T10:58:45,32.6,193.1,230.7,2.8,3410.0,250.2
2018-05-26T10:59:16,32.6,191.9,227.7,2.3,3420.0,249.3
2018-05-26T10:59:47,32.7,191.3,228.3,2.2,3430.0,249.3
2018-05-26T11:00:18,32.7,196.1,231.9,2.1,3440.0,248.3
2018-05-26T11:00:49,32.7,185.4,217.1,2.3,3440.0,248.3
2018-05-26T11:01:21,32.9,186.0,239.5,2.4,3450.0,247.3
2018-05-26T11:01:52,32.6,204.3,224.2,2.2,3460.0,248.3
2018-05-26T11:02:23,32.6,209.7,237.8,2.5,3470.0,249.3
2018-05-26T11:02:54,32.6,208.5,212.9,2.8,3480.0,248.3
2018-05-26T11:03:25,32.5,201.4,206.4,3.0,3490.0,247.3
2018-05-26T11:03:56,32.4,203.2,226.5,2.8,3500.0,247.3
2018-05-26T11:04:27,32.5,216.2,227.7,3.3,3510.0,248.3
2018-05-26T11:04:58,32.5,222.7,233.6,5.5,3530.0,250.2
2018-05-26T11:05:29,32.5,221.5,236.0,3.1,3550.0,250.2
2018-05-26T11:06:00,32.6,194.9,226.5,3.9,3560.0,249.3
2018-05-26T11:06:31,32.6,217.9,251.4,5.6,3580.0,251.2
2018-05-26T11:07:02,32.6,225.0,232.4,4.9,3600.0,251.2
2018-05-26T11:07:33,32.7,207.9,244.3,6.6,3620.0,252.2
2018-05-26T11:08:04,32.6,206.1,234.2,3.6,3640.0,249.3
2018-05-26T11:08:35,32.7,209.1,231.3,2.9,3650.0,248.3
2018-05-26T11:09:06,32.7,216.2,212.9,3.3,3660.0,250.2
2018-05-26T11:09:37,32.6,201.4,241.9,4.4,3680.0,251.2
2018-05-26T11:10:08,32.7,214.4,228.3,3.1,3690.0,248.3
2018-05-26T11:10:40,32.7,214.4,223.6,2.9,3710.0,250.2
2018-05-26T11:11:11,32.7,205.5,227.1,3.5,3720.0,249.3
2018-05-26T11:11:42,32.7,211.4,231.3,3.4,3730.0,247.3
2018-05-26T11:12:13,32.9,220.9,215.3,3.0,3750.0,249.3
2018-05-26T11:12:44,32.9,216.7,197.5,6.3,3760.0,251.2
2018-05-26T11:13:15,33.0,209.1,201.7,3.7,3780.0,249.3
2018-05-26T11:13:46,33.1,214.4,206.4,3.0,3790.0,248.3
2018-05-26T11:14:17,33.1,212.6,231.3,2.8,3800.0,248.3
2018-05-26T11:14:48,33.1,212.6,223.0,2.7,3810.0,248.3
2018-05-26T11:15:19,33.1,216.7,225.9,2.3,3820.0,247.3
2018-05-26T11:15:50,33.1,204.3,238.4,2.5,3830.0,247.3
2018-05-26T11:16:22,33.2,194.9,228.9,2.5,3840.0,245.4
2018-05-26T11:16:53,33.2,194.9,231.9,2.4,3850.0,245.4
2018-05-26T11:17:24,33.2,197.3,227.1,2.2,3860.0,244.4
2018-05-26T11:17:55,33.2,197.3,224.8,2.1,3870.0,243.5
2018-05-26T11:18:26,33.1,190.2,228.3,2.1,3880.0,245.4
2018-05-26T11:18:57,33.0,199.0,238.4,2.1,3890.0,246.4
2018-05-26T11:19:28,32.9,198.4,231.9,2.1,3900.0,246.4
2018-05-26T11:19:59,32.7,193.1,224.2,2.1,3900.0,247.3
2018-05-26T11:20:30,32.6,194.9,238.4,2.2,3910.0,247.3
2018-05-26T11:21:01,32.6,194.3,236.0,2.1,3920.0,247.3
2018-05-26T11:21:32,32.6,195.5,225.9,2.2,3930.0,246.4
2018-05-26T11:22:03,32.3,198.4,231.3,2.1,3940.0,246.4
2018-05-26T11:22:34,32.3,191.3,235.4,2.1,3950.0,245.4
2018-05-26T11:23:05,32.0,186.6,236.6,2.2,3960.0,246.4
2018-05-26T11:23:36,31.9,184.8,216.5,2.5,3960.0,245.4
2018-05-26T11:24:07,31.7,199.6,236.0,2.4,3970.0,246.4
2018-05-26T11:24:38,31.8,210.2,220.6,3.3,3980.0,247.3
2018-05-26T11:25:09,31.9,219.7,225.4,2.3,4000.0,248.3
2018-05-26T11:25:41,32.0,210.2,251.4,3.0,4010.0,247.3
2018-05-26T11:26:12,32.0,197.3,241.3,3.5,4020.0,246.4
2018-05-26T11:26:43,32.0,189.6,229.5,2.8,4030.0,246.4
2018-05-26T11:27:14,31.9,194.3,214.1,2.9,4040.0,246.4
2018-05-26T11:27:45,31.9,220.9,224.8,2.9,4050.0,245.4
2018-05-26T11:28:16,32.0,212.6,241.3,2.8,4070.0,245.4
2018-05-26T11:28:47,32.0,188.4,263.2,3.7,4080.0,246.4
2018-05-26T11:29:18,32.2,208.5,231.3,3.6,4090.0,248.3
2018-05-26T11:29:49,32.2,193.7,217.7,3.3,4100.0,248.3
2018-05-26T11:30:20,32.3,196.7,231.9,3.3,4120.0,248.3
2018-05-26T11:30:52,32.3,236.2,270.9,4.9,4130.0,250.2
2018-05-26T11:31:23,32.2,216.7,244.3,3.6,4150.0,248.3
2018-05-26T11:31:54,32.2,218.5,230.1,4.4,4160.0,249.3
2018-05-26T11:32:25,32.0,209.7,235.4,4.2,4180.0,249.3
2018-05-26T11:32:56,32.0,226.8,244.3,3.6,4200.0,249.3
2018-05-26T11:33:27,32.2,223.2,227.1,3.7,4220.0,249.3
2018-05-26T11:33:58,32.3,206.1,227.7,3.3,4230.0,247.3
2018-05-26T11:34:29,32.2,204.9,223.6,3.6,4240.0,247.3
2018-05-26T11:35:00,32.2,193.1,218.3,3.2,4260.0,247.3
2018-05-26T11:35:32,32.2,214.4,244.9,3.5,4270.0,248.3
2018-05-26T11:36:03,32.2,203.7,228.9,3.5,4280.0,248.3
2018-05-26T11:36:34,32.3,197.8,217.1,3.2,4300.0,248.3
2018-05-26T11:37:05,32.2,192.5,230.1,4.2,4310.0,250.2
2018-05-26T11:37:36,32.0,215.6,227.7,3.3,4330.0,250.2
2018-05-26T11:38:07,31.9,203.2,218.3,4.4,4340.0,248.3
2018-05-26T11:38:38,31.9,214.4,215.3,3.1,4360.0,248.3
2018-05-26T11:39:09,31.9,203.7,188.1,5.5,4370.0,249.3
2018-05-26T11:39:40,31.9,176.6,220.0,6.8,4390.0,250.2
2018-05-26T11:40:11,31.9,203.2,221.8,7.7,4410.0,251.2
2018-05-26T11:40:42,31.9,212.6,228.3,5.3,4440.0,250.2
2018-05-26T11:41:14,31.8,213.8,230.1,4.2,4460.0,246.4
2018-05-26T11:41:45,31.9,228.6,211.2,3.9,4470.0,245.4
2018-05-26T11:42:16,31.8,209.1,224.2,4.4,4490.0,244.4
2018-05-26T11:42:47,31.9,219.1,213.5,5.9,4510.0,247.3
2018-05-26T11:43:18,31.9,207.3,225.4,7.5,4540.0,248.3
2018-05-26T11:43:49,31.9,193.7,241.3,7.3,4560.0,247.3
2018-05-26T11:44:20,32.0,201.4,236.0,7.1,4590.0,246.4
2018-05-26T11:44:51,32.0,211.4,223.0,6.7,4610.0,247.3
2018-05-26T11:45:22,32.0,207.3,224.2,6.3,4640.0,247.3
2018-05-26T11:45:54,32.0,207.3,224.8,4.0,4650.0,244.4
2018-05-26T11:46:25,32.2,212.6,215.9,3.7,4670.0,244.4
2018-05-26T11:46:56,32.4,213.8,227.7,3.4,4680.0,243.5
2018-05-26T11:47:27,32.3,212.0,216.5,3.5,4700.0,244.4
2018-05-26T11:47:58,32.4,210.2,211.2,3.6,4710.0,244.4
2018-05-26T11:48:29,32.5,204.3,206.4,3.3,4720.0,243.5
2018-05-26T11:49:00,32.6,205.5,229.5,2.9,4740.0,243.5
2018-05-26T11:49:31,32.7,213.8,223.6,2.4,4750.0,242.5
2018-05-26T11:50:02,32.9,216.7,223.0,2.4,4760.0,244.4
2018-05-26T11:50:33,32.9,212.6,230.1,2.3,4770.0,244.4
2018-05-26T11:51:05,32.9,215.0,226.5,2.3,4780.0,244.4
2018-05-26T11:51:36,32.7,210.2,225.4,2.4,4790.0,244.4
2018-05-26T11:52:07,32.7,218.5,210.0,2.7,4800.0,244.4
2018-05-26T11:52:38,32.6,181.9,251.4,5.3,4810.0,246.4
2018-05-26T11:53:09,32.6,153.5,230.7,8.6,4830.0,249.3
2018-05-26T11:53:40,32.5,170.7,227.7,7.5,4860.0,250.2
2018-05-26T11:54:11,32.4,160.6,217.7,5.9,4880.0,247.3
2018-05-26T11:54:42,32.5,180.7,221.2,6.1,4900.0,248.3
2018-05-26T11:55:13,32.7,192.5,205.2,6.2,4920.0,249.3
2018-05-26T11:55:44,32.7,199.0,215.3,6.6,4940.0,250.2
2018-05-26T11:56:16,32.7,203.2,213.5,4.5,4960.0,247.3
2018-05-26T11:56:47,32.6,201.4,240.7,5.1,4980.0,247.3
2018-05-26T11:57:18,32.6,209.7,218.3,4.7,5000.0,247.3
2018-05-26T11:57:49,32.5,210.8,221.2,3.8,5010.0,246.4
2018-05-26T11:58:20,32.6,196.1,214.1,4.2,5030.0,247.3
2018-05-26T11:58:51,32.6,218.5,194.0,4.5,5040.0,246.4
2018-05-26T11:59:22,32.7,219.1,197.0,5.4,5060.0,246.4
2018-05-26T11:59:53,32.6,214.4,204.1,3.7,5080.0,243.5
2018-05-26T12:00:24,32.5,215.0,197.5,3.3,5100.0,244.4
2018-05-26T12:00:55,32.5,212.6,210.0,2.8,5110.0,244.4
2018-05-26T12:01:27,32.4,211.4,223.0,2.4,5120.0,243.5
2018-05-26T12:01:58,32.3,212.0,223.0,2.3,5130.0,241.5
2018-05-26T12:02:29,32.5,205.5,206.4,2.5,5140.0,240.6
2018-05-26T12:03:00,32.6,200.2,235.4,4.7,5150.0,240.6
2018-05-26T12:03:31,32.6,212.6,232.4,2.5,5160.0,241.5
2018-05-26T12:04:02,32.5,211.4,211.7,2.7,5170.0,242.5
2018-05-26T12:04:33,32.3,213.2,225.4,2.7,5180.0,242.5
2018-05-26T12:05:04,32.4,173.0,188.1,5.7,5190.0,244.4
2018-05-26T12:05:35,32.4,187.8,204.1,6.0,5210.0,244.4
2018-05-26T12:06:07,32.3,193.7,231.3,7.0,5230.0,245.4
2018-05-26T12:06:38,32.2,213.8,233.0,6.3,5250.0,245.4
2018-05-26T12:07:09,32.4,196.7,239.5,7.7,5280.0,246.4
2018-05-26T12:07:40,32.5,206.1,225.9,7.3,5300.0,247.3
2018-05-26T12:08:11,32.4,203.7,221.8,7.4,5330.0,247.3
2018-05-26T12:08:42,32.5,197.8,221.2,7.5,5350.0,246.4
2018-05-26T12:09:13,32.7,203.2,226.5,7.4,5380.0,246.4
2018-05-26T12:09:44,32.9,199.0,223.6,7.3,5400.0,249.3
2018-05-26T12:10:15,33.0,193.7,227.7,7.6,5430.0,246.4
2018-05-26T12:10:46,33.1,197.3,221.2,7.4,5450.0,247.3
2018-05-26T12:11:17,33.2,202.6,222.4,7.2,5480.0,247.3
2018-05-26T12:11:48,33.1,199.0,221.8,7.2,5500.0,246.4
2018-05-26T12:12:19,33.1,197.8,219.4,7.2,5520.0,247.3
2018-05-26T12:12:50,33.2,196.1,215.3,7.2,5550.0,246.4
2018-05-26T12:13:21,33.1,197.3,220.0,7.1,5570.0,247.3
2018-05-26T12:13:53,33.2,194.3,214.7,7.2,5600.0,246.4
2018-05-26T12:14:24,33.2,199.6,222.4,6.9,5620.0,245.4
2018-05-26T12:14:55,33.3,200.2,227.1,7.0,5640.0,247.3
2018-05-26T12:15:26,33.2,194.9,222.4,7.2,5670.0,246.4
2018-05-26T12:15:57,33.3,199.6,227.1,7.1,5690.0,246.4
2018-05-26T12:16:29,33.4,191.3,215.3,7.1,5710.0,247.3
2018-05-26T12:17:00,33.5,190.8,220.6,7.4,5740.0,246.4
2018-05-26T12:17:31,33.8,191.3,233.0,6.1,5760.0,246.4
2018-05-26T12:18:02,33.9,188.4,243.7,6.1,5780.0,246.4
2018-05-26T12:18:33,34.0,195.5,209.4,7.1,5800.0,246.4
2018-05-26T12:19:04,34.0,193.7,215.9,7.5,5820.0,247.3
2018-05-26T12:19:35,34.0,194.3,228.3,6.9,5840.0,246.4
2018-05-26T12:20:06,34.0,209.1,214.1,6.1,5860.0,248.3
2018-05-26T12:20:37,34.0,203.2,210.6,5.4,5890.0,248.3
2018-05-26T12:21:14,34.0,193.1,214.1,7.4,5910.0,249.3
2018-05-26T12:21:45,33.9,198.4,220.0,7.2,5940.0,248.3
2018-05-26T12:22:16,34.0,196.1,218.8,7.3,5960.0,248.3
2018-05-26T12:22:47,34.1,197.3,218.8,7.2,5990.0,250.2
2018-05-26T12:23:18,34.2,196.1,221.2,7.3,6010.0,249.3
2018-05-26T12:23:49,34.4,189.0,214.7,7.4,6030.0,251.2
2018-05-26T12:24:20,34.5,193.7,215.3,7.4,6060.0,250.2
2018-05-26T12:24:51,34.5,185.4,221.8,7.2,6080.0,247.3
2018-05-26T12:25:22,34.6,189.0,216.5,7.0,6110.0,248.3
2018-05-26T12:25:53,34.7,200.2,223.6,1.8,6120.0,244.4
2018-05-26T12:26:25,34.7,173.0,195.8,8.1,6140.0,250.2
2018-05-26T12:26:56,34.6,188.4,202.9,7.4,6160.0,251.2
2018-05-26T12:27:27,34.5,186.6,220.6,7.6,6190.0,250.2
2018-05-26T12:27:58,34.4,189.0,223.0,3.9,6210.0,249.3
2018-05-26T12:28:29,34.4,197.3,230.7,4.3,6230.0,248.3
2018-05-26T12:29:00,34.2,196.7,220.6,7.2,6250.0,249.3
2018-05-26T12:29:31,34.2,202.0,230.1,1.9,6270.0,246.4
2018-05-26T12:30:02,34.0,188.4,227.7,1.7,6280.0,246.4
2018-05-26T12:30:33,34.0,186.6,214.7,1.2,6280.0,244.4
2018-05-26T12:31:05,33.9,188.4,218.3,1.2,6290.0,245.4
2018-05-26T12:31:36,33.7,210.2,218.3,1.1,6290.0,244.4
2018-05-26T12:32:07,33.7,188.4,197.5,7.2,6300.0,245.4
2018-05-26T12:32:38,33.7,191.3,221.2,7.1,6330.0,250.2
2018-05-26T12:33:09,33.8,191.9,221.8,7.1,6350.0,250.2
2018-05-26T12:33:40,33.8,190.2,223.0,7.2,6370.0,247.3
2018-05-26T12:34:11,33.7,193.7,213.5,7.0,6400.0,248.3
2018-05-26T12:34:42,33.8,194.3,220.0,7.2,6420.0,250.2
2018-05-26T12:35:13,33.5,193.1,228.9,7.1,6440.0,250.2
2018-05-26T12:35:44,33.4,193.7,224.8,7.2,6470.0,248.3
2018-05-26T12:36:16,33.7,191.3,224.8,7.3,6490.0,249.3
2018-05-26T12:36:47,33.8,187.8,211.7,7.5,6520.0,249.3
2018-05-26T12:37:18,33.9,187.2,220.0,4.2,6540.0,250.2
2018-05-26T12:37:49,33.7,159.4,259.1,6.8,6550.0,250.2
2018-05-26T12:38:20,33.7,161.2,231.3,7.5,6570.0,248.3
2018-05-26T12:38:51,33.7,189.6,223.0,7.2,6600.0,250.2
2018-05-26T12:39:22,33.8,191.9,219.4,7.2,6620.0,250.2
2018-05-26T12:39:53,33.8,191.3,212.3,7.0,6640.0,248.3
2018-05-26T12:40:24,33.7,189.6,222.4,7.4,6670.0,249.3
2018-05-26T12:40:55,33.5,191.3,215.9,7.0,6690.0,247.3
2018-05-26T12:41:27,33.5,187.8,220.0,7.2,6710.0,249.3
2018-05-26T12:41:58,33.7,193.7,222.4,7.1,6740.0,247.3
2018-05-26T12:42:29,33.8,184.8,223.6,7.5,6760.0,249.3
2018-05-26T12:43:00,33.8,190.8,210.0,7.6,6790.0,249.3
2018-05-26T12:43:31,33.7,184.8,222.4,2.3,6800.0,244.4
2018-05-26T12:44:02,33.7,194.3,218.3,1.5,6810.0,242.5
2018-05-26T12:44:33,33.5,206.1,216.5,1.3,6820.0,243.5
2018-05-26T12:45:04,33.4,211.4,214.1,1.2,6820.0,241.5
2018-05-26T12:45:35,33.3,181.3,244.3,7.1,6830.0,247.3
2018-05-26T12:46:06,33.3,173.0,240.1,1.3,6840.0,243.5
2018-05-26T12:46:37,33.2,183.1,229.5,1.0,6850.0,241.5
2018-05-26T12:47:08,33.0,193.1,221.2,0.9,6850.0,242.5
2018-05-26T12:47:39,33.0,203.7,218.8,0.7,6850.0,242.5
2018-05-26T12:48:10,32.9,209.1,223.0,0.6,6860.0,241.5
2018-05-26T12:48:41,32.9,199.6,218.8,0.6,6860.0,242.5
2018-05-26T12:49:12,32.7,198.4,216.5,0.5,6860.0,239.6
2018-05-26T12:49:43,32.6,201.4,221.2,0.5,6860.0,241.5
2018-05-26T12:50:14,32.6,209.1,220.0,0.5,6860.0,240.6
2018-05-26T12:50:46,32.4,192.5,227.1,0.5,6870.0,240.6
2018-05-26T12:51:17,32.4,207.9,215.9,0.4,6870.0,242.5
2018-05-26T12:51:48,32.3,195.5,218.3,0.4,6870.0,241.5
2018-05-26T12:52:19,32.3,187.8,215.3,0.5,6870.0,242.5
2018-05-26T12:52:50,32.3,212.6,238.4,0.5,6870.0,241.5
2018-05-26T12:53:21,32.3,202.0,246.6,6.7,6890.0,248.3
2018-05-26T12:53:52,32.2,203.7,250.2,4.9,6910.0,247.3
2018-05-26T12:54:23,32.3,187.2,237.2,4.7,6920.0,246.4
2018-05-26T12:54:54,32.3,190.2,240.1,6.9,6940.0,248.3
2018-05-26T12:55:25,32.3,196.7,231.9,6.8,6960.0,248.3
2018-05-26T12:55:57,32.5,193.1,234.8,6.7,6980.0,249.3
2018-05-26T12:56:28,32.6,194.9,229.5,6.7,7010.0,250.2
2018-05-26T12:56:59,32.7,199.6,233.0,6.4,7030.0,248.3
2018-05-26T12:57:30,32.6,199.6,232.4,6.2,7050.0,249.3
2018-05-26T12:58:01,32.6,212.6,232.4,5.3,7070.0,248.3
2018-05-26T12:58:32,32.9,189.6,233.0,6.3,7090.0,249.3
2018-05-26T12:59:03,33.0,199.6,231.3,6.3,7120.0,251.2
2018-05-26T12:59:34,33.0,181.3,223.0,6.6,7140.0,249.3
2018-05-26T13:00:05,32.9,179.5,224.2,6.7,7160.0,250.2
2018-05-26T13:00:37,32.7,183.7,221.2,6.5,7180.0,251.2
2018-05-26T13:01:08,32.9,185.4,220.0,6.4,7200.0,250.2
2018-05-26T13:01:39,33.0,177.2,218.3,6.6,7220.0,250.2
2018-05-26T13:02:10,33.0,180.1,220.0,6.5,7240.0,249.3
2018-05-26T13:02:41,33.0,183.7,218.3,6.4,7260.0,248.3
2018-05-26T13:03:12,33.0,176.6,218.3,6.7,7290.0,250.2
2018-05-26T13:03:43,33.0,184.3,221.2,6.5,7310.0,252.2
2018-05-26T13:04:14,33.1,180.7,224.2,6.6,7330.0,251.2
2018-05-26T13:04:45,33.2,178.9,223.0,6.5,7350.0,251.2
2018-05-26T13:05:16,33.3,176.6,218.3,6.6,7370.0,250.2
2018-05-26T13:05:48,33.4,180.7,218.3,6.5,7390.0,250.2
2018-05-26T13:06:19,33.5,173.6,228.9,6.6,7410.0,250.2
2018-05-26T13:06:50,33.5,181.3,224.2,6.4,7430.0,250.2
2018-05-26T13:07:21,33.4,180.7,215.9,6.4,7450.0,251.2
2018-05-26T13:07:52,33.3,182.5,217.7,6.4,7470.0,250.2
2018-05-26T13:08:23,33.3,179.5,223.0,5.8,7490.0,251.2
2018-05-26T13:08:54,33.2,178.3,215.3,6.6,7510.0,251.2
2018-05-26T13:09:25,33.2,180.1,216.5,6.6,7530.0,249.3
2018-05-26T13:09:56,33.2,183.1,224.2,6.3,7550.0,249.3
2018-05-26T13:10:27,33.3,182.5,221.2,6.4,7580.0,248.3
2018-05-26T13:10:58,33.4,179.5,217.7,6.6,7600.0,249.3
2018-05-26T13:11:30,33.3,178.3,221.8,6.7,7620.0,250.2
2018-05-26T13:12:01,33.3,174.8,217.1,6.4,7640.0,250.2
2018-05-26T13:12:32,33.4,181.3,217.7,6.6,7660.0,249.3
2018-05-26T13:13:03,33.4,179.5,221.2,6.7,7680.0,249.3
2018-05-26T13:13:34,33.4,177.2,220.0,6.8,7700.0,252.2
2018-05-26T13:14:05,33.4,176.6,218.3,7.0,7720.0,252.2
2018-05-26T13:14:36,33.4,166.5,224.2,7.1,7740.0,251.2
2018-05-26T13:15:07,33.3,170.1,221.2,7.0,7770.0,249.3
2018-05-26T13:15:38,33.3,177.2,221.2,6.5,7790.0,251.2
2018-05-26T13:16:10,33.2,173.0,219.4,6.7,7810.0,251.2
2018-05-26T13:16:41,33.3,160.6,218.8,7.1,7830.0,251.2
2018-05-26T13:17:12,33.4,160.6,215.9,7.4,7850.0,250.2
2018-05-26T13:17:43,33.4,164.8,223.0,6.7,7870.0,249.3
2018-05-26T13:18:14,33.3,152.9,218.3,7.0,7890.0,247.3
2018-05-26T13:18:45,33.3,148.8,215.9,7.2,7910.0,249.3
2018-05-26T13:19:16,33.3,154.1,223.6,7.0,7940.0,251.2
2018-05-26T13:19:47,33.2,154.1,220.0,7.2,7960.0,248.3
2018-05-26T13:20:18,33.2,161.2,215.9,6.9,7980.0,248.3
2018-05-26T13:20:49,33.0,163.6,217.7,7.2,8000.0,248.3
2018-05-26T13:21:21,33.1,168.3,220.0,7.2,8020.0,247.3
2018-05-26T13:21:52,33.3,163.0,223.6,6.8,8040.0,250.2
2018-05-26T13:22:23,33.2,158.3,227.7,7.3,8060.0,249.3
2018-05-26T13:22:54,33.3,160.6,223.6,7.4,8080.0,249.3
2018-05-26T13:23:25,33.4,153.5,218.3,7.3,8110.0,248.3
2018-05-26T13:23:56,33.3,167.1,212.9,7.7,8130.0,248.3
2018-05-26T13:24:27,33.4,155.9,223.0,8.1,8150.0,250.2
2018-05-26T13:24:58,33.4,160.6,224.2,8.0,8170.0,249.3
2018-05-26T13:25:29,33.5,151.2,206.4,7.6,8200.0,250.2
2018-05-26T13:26:00,33.5,171.9,193.4,3.9,8210.0,245.4
2018-05-26T13:26:31,33.5,151.2,215.3,4.4,8230.0,245.4
2018-05-26T13:27:02,33.5,145.3,210.0,5.1,8240.0,246.4
2018-05-26T13:27:33,33.4,151.8,218.8,3.4,8250.0,245.4
2018-05-26T13:28:04,33.2,151.8,215.9,3.3,8270.0,245.4
2018-05-26T13:28:35,33.2,163.0,214.7,2.8,8280.0,243.5
2018-05-26T13:29:06,33.1,161.2,217.1,2.8,8290.0,243.5
2018-05-26T13:29:37,33.1,153.5,195.8,4.2,8300.0,248.3
2018-05-26T13:30:08,33.2,152.9,212.9,4.2,8310.0,248.3
2018-05-26T13:30:40,33.2,178.9,240.1,4.1,8330.0,251.2
2018-05-26T13:31:11,33.3,161.8,234.2,6.9,8350.0,251.2
2018-05-26T13:31:42,33.3,157.7,227.7,4.5,8370.0,248.3
2018-05-26T13:32:13,33.3,154.1,224.2,3.0,8380.0,249.3
2018-05-26T13:32:44,33.2,157.7,226.5,2.9,8390.0,246.4
2018-05-26T13:33:15,33.1,169.5,220.0,2.6,8400.0,247.3
2018-05-26T13:33:46,33.0,161.8,215.3,2.5,8410.0,247.3
2018-05-26T13:34:17,33.0,170.1,227.1,2.4,8420.0,246.4
2018-05-26T13:34:48,33.0,170.7,240.1,2.5,8430.0,248.3
2018-05-26T13:35:19,33.0,158.3,234.2,3.6,8440.0,248.3
2018-05-26T13:35:51,33.0,158.9,229.5,2.5,8450.0,246.4
2018-05-26T13:36:22,33.0,178.3,224.8,2.3,8460.0,248.3
2018-05-26T13:36:53,32.9,161.2,241.9,2.1,8470.0,247.3
2018-05-26T13:37:24,32.7,178.3,218.8,1.9,8470.0,246.4
2018-05-26T13:37:55,32.7,148.8,193.4,2.9,8480.0,248.3
2018-05-26T13:38:26,32.7,158.9,227.7,3.3,8490.0,248.3
2018-05-26T13:38:57,33.0,169.5,218.8,2.7,8500.0,248.3
2018-05-26T13:39:28,32.9,168.3,223.6,2.7,8510.0,248.3
2018-05-26T13:39:59,32.9,163.6,226.5,2.2,8520.0,246.4
2018-05-26T13:40:30,32.7,173.0,232.4,2.0,8530.0,247.3
2018-05-26T13:41:02,32.9,173.6,217.1,2.1,8540.0,247.3
2018-05-26T13:41:33,33.0,180.1,186.9,3.7,8550.0,249.3
2018-05-26T13:42:04,33.1,174.2,193.4,1.8,8560.0,247.3
2018-05-26T13:42:35,33.2,165.4,225.4,1.9,8560.0,246.4
2018-05-26T13:43:06,33.2,173.0,227.7,1.7,8570.0,247.3
2018-05-26T13:43:37,33.2,176.6,227.1,1.6,8580.0,247.3
2018-05-26T13:44:08,33.3,174.8,231.9,1.5,8580.0,245.4
2018-05-26T13:44:39,33.3,171.9,230.1,1.5,8590.0,245.4
2018-05-26T13:45:10,33.2,175.4,224.8,1.4,8600.0,244.4
2018-05-26T13:45:41,33.3,170.1,234.8,1.4,8600.0,244.4
2018-05-26T13:46:13,33.2,189.6,234.2,1.2,8610.0,245.4
2018-05-26T13:46:44,32.9,196.7,234.2,1.1,8610.0,245.4
2018-05-26T13:47:15,32.9,199.0,239.0,1.1,8620.0,245.4
2018-05-26T13:47:46,32.9,196.1,235.4,1.2,8620.0,243.5
2018-05-26T13:48:17,32.7,210.2,237.2,1.1,8630.0,244.4
2018-05-26T13:48:48,32.9,210.8,239.0,1.0,8630.0,244.4
2018-05-26T13:49:19,32.9,215.6,239.0,0.9,8640.0,244.4
2018-05-26T13:49:50,32.7,215.6,233.6,1.0,8640.0,243.5
2018-05-26T13:50:21,32.7,209.7,230.1,0.9,8650.0,243.5
2018-05-26T13:50:52,32.7,219.1,237.2,0.9,8650.0,243.5
2018-05-26T13:51:23,32.4,213.2,231.9,1.0,8660.0,243.5
2018-05-26T13:51:54,32.4,213.2,235.4,0.9,8660.0,242.5
2018-05-26T13:52:25,32.4,212.6,235.4,0.9,8670.0,243.5
2018-05-26T13:52:56,32.4,210.2,230.1,0.8,8670.0,243.5
2018-05-26T13:53:27,32.4,220.3,240.7,0.9,8670.0,242.5
2018-05-26T13:53:58,32.5,215.6,231.9,0.8,8680.0,243.5
2018-05-26T13:54:29,32.6,209.1,237.8,0.9,8680.0,241.5
2018-05-26T13:55:00,32.6,212.0,234.2,0.9,8690.0,241.5
2018-05-26T13:55:32,32.7,211.4,225.4,0.9,8690.0,240.6
2018-05-26T13:56:03,32.6,215.6,237.2,0.8,8690.0,241.5
2018-05-26T13:56:34,32.7,209.1,237.2,0.9,8700.0,242.5
2018-05-26T13:57:05,32.7,212.0,224.2,0.7,8700.0,243.5
2018-05-26T13:57:36,32.7,217.9,236.6,0.7,8700.0,243.5
2018-05-26T13:58:07,32.9,204.3,237.8,0.8,8710.0,243.5
2018-05-26T13:58:38,32.9,215.6,231.3,0.8,8710.0,241.5
2018-05-26T13:59:09,32.9,206.1,228.9,0.7,8720.0,242.5
2018-05-26T13:59:40,32.9,215.6,239.0,0.7,8720.0,243.5
2018-05-26T14:00:11,32.9,208.5,231.9,0.8,8720.0,243.5
2018-05-26T14:00:43,32.9,207.9,232.4,0.8,8730.0,242.5
2018-05-26T14:01:14,32.9,216.2,240.1,0.7,8730.0,242.5
2018-05-26T14:01:45,32.9,219.7,232.4,0.6,8730.0,243.5
2018-05-26T14:02:16,32.7,215.6,240.1,0.7,8730.0,242.5
2018-05-26T14:02:47,32.7,210.8,234.8,0.6,8740.0,242.5
2018-05-26T14:03:18,32.7,206.1,222.4,0.6,8740.0,242.5
2018-05-26T14:03:49,32.6,215.0,239.0,0.6,8740.0,242.5
2018-05-26T14:04:20,32.6,210.8,225.9,0.6,8750.0,243.5
2018-05-26T14:04:51,32.6,207.9,237.2,0.6,8750.0,243.5
2018-05-26T14:05:22,32.7,208.5,235.4,0.6,8750.0,242.5
2018-05-26T14:05:54,32.5,198.4,236.0,0.6,8750.0,242.5
2018-05-26T14:06:25,32.5,218.5,228.3,0.5,8760.0,243.5
2018-05-26T14:06:56,32.5,196.1,238.4,0.6,8760.0,244.4
2018-05-26T14:07:27,32.6,187.2,225.9,0.7,8760.0,243.5
2018-05-26T14:07:58,32.6,209.7,214.1,0.6,8760.0,243.5
2018-05-26T14:08:29,32.7,206.1,239.0,0.6,8770.0,244.4
2018-05-26T14:09:00,32.7,185.4,226.5,0.7,8770.0,242.5
2018-05-26T14:09:31,32.7,184.3,221.2,0.7,8770.0,243.5
2018-05-26T14:10:02,32.7,207.3,244.9,0.7,8780.0,242.5
2018-05-26T14:10:34,32.6,215.0,225.9,0.7,8780.0,241.5
2018-05-26T14:11:05,32.5,217.9,223.0,0.7,8780.0,241.5
2018-05-26T14:11:36,32.4,204.9,246.1,0.8,8790.0,241.5
2018-05-26T14:12:07,32.4,184.8,223.0,0.9,8790.0,240.6
2018-05-26T14:12:38,32.3,184.3,234.8,0.9,8790.0,241.5
2018-05-26T14:13:09,32.3,189.6,235.4,0.9,8800.0,240.6
2018-05-26T14:13:40,32.3,189.0,233.0,0.9,8800.0,242.5
2018-05-26T14:14:11,32.2,210.2,236.0,0.9,8800.0,241.5
2018-05-26T14:14:42,32.3,213.8,231.3,0.8,8810.0,241.5
2018-05-26T14:15:13,32.3,211.4,237.8,0.9,8810.0,242.5
2018-05-26T14:15:45,32.4,213.8,238.4,0.9,8820.0,240.6
2018-05-26T14:16:16,32.3,210.2,232.4,0.9,8820.0,241.5
2018-05-26T14:16:47,32.2,204.3,225.4,1.0,8820.0,240.6
2018-05-26T14:17:18,32.3,224.4,241.9,0.9,8830.0,241.5
2018-05-26T14:17:49,32.3,214.4,232.4,0.9,8830.0,240.6
2018-05-26T14:18:20,32.3,212.6,237.2,0.9,8840.0,238.6
2018-05-26T14:18:51,32.3,212.6,237.8,0.9,8840.0,241.5
2018-05-26T14:19:22,32.4,215.6,228.3,1.0,8850.0,241.5
2018-05-26T14:19:53,32.4,211.4,241.9,0.9,8850.0,241.5
2018-05-26T14:20:24,32.3,220.3,232.4,0.9,8850.0,240.6
2018-05-26T14:20:55,32.3,215.6,231.9,0.9,8860.0,239.6
2018-05-26T14:21:27,32.2,222.1,232.4,0.9,8860.0,241.5
2018-05-26T14:21:58,32.0,223.2,234.8,0.9,8870.0,241.5
2018-05-26T14:22:29,31.9,205.5,237.8,1.0,8870.0,240.6
2018-05-26T14:23:00,31.8,225.0,228.3,0.9,8880.0,240.6
2018-05-26T14:23:31,31.8,209.7,234.2,0.9,8880.0,242.5
2018-05-26T14:24:02,31.7,219.1,243.1,1.0,8890.0,241.5
2018-05-26T14:24:33,31.8,210.2,233.0,0.9,8890.0,242.5
2018-05-26T14:25:04,31.8,217.3,230.7,0.9,8890.0,244.4
2018-05-26T14:25:35,31.8,220.3,240.7,0.9,8900.0,242.5
2018-05-26T14:26:07,31.8,224.4,235.4,0.8,8900.0,242.5
2018-05-26T14:26:38,31.8,219.7,228.9,0.8,8910.0,243.5
2018-05-26T14:27:09,31.8,219.7,241.9,0.9,8910.0,241.5
2018-05-26T14:27:40,31.9,218.5,239.0,0.7,8920.0,243.5
2018-05-26T14:28:11,32.0,222.7,231.9,0.8,8920.0,242.5
2018-05-26T14:28:42,31.8,222.7,230.1,0.7,8920.0,242.5
2018-05-26T14:29:13,31.9,217.9,240.1,0.8,8930.0,243.5
2018-05-26T14:29:44,31.9,211.4,234.2,0.7,8930.0,243.5
2018-05-26T14:30:15,31.9,215.6,231.9,0.7,8930.0,242.5
2018-05-26T14:30:46,32.0,217.3,239.5,0.6,8940.0,243.5
2018-05-26T14:31:18,32.0,222.1,228.9,0.6,8940.0,242.5
2018-05-26T14:31:49,31.9,216.2,234.2,0.6,8940.0,241.5
2018-05-26T14:32:20,32.0,207.3,240.1,0.6,8950.0,242.5
2018-05-26T14:32:51,31.9,216.7,227.7,0.6,8950.0,241.5
2018-05-26T14:33:22,31.9,222.1,234.2,0.5,8950.0,241.5
2018-05-26T14:33:53,31.9,207.9,228.3,0.6,8960.0,242.5
2018-05-26T14:34:24,32.0,211.4,237.8,0.6,8960.0,240.6
2018-05-26T14:34:55,32.0,217.9,234.2,0.6,8960.0,242.5
2018-05-26T14:35:26,32.0,218.5,234.2,0.5,8960.0,242.5
2018-05-26T14:35:57,32.0,210.8,240.1,0.5,8970.0,242.5
2018-05-26T14:36:29,32.0,207.9,237.2,0.5,8970.0,242.5
2018-05-26T14:37:00,32.0,213.2,236.0,0.5,8970.0,239.6
2018-05-26T14:37:31,32.0,200.8,229.5,0.5,8970.0,239.6
2018-05-26T14:38:02,32.0,213.2,230.7,0.4,8970.0,239.6
2018-05-26T14:38:33,32.0,204.9,234.2,0.4,8980.0,240.6
2018-05-26T14:39:04,32.0,204.3,234.8,0.3,8980.0,239.6
2018-05-26T14:39:35,32.0,202.0,232.4,0.3,8980.0,239.6
2018-05-26T14:40:06,32.0,207.3,221.8,0.3,8980.0,238.6
2018-05-26T14:40:37,32.0,205.5,212.9,0.3,8980.0,239.6
2018-05-26T14:41:08,32.2,202.0,235.4,0.4,8980.0,238.6
2018-05-26T14:41:39,32.2,181.9,218.3,0.4,8980.0,238.6
2018-05-26T14:42:10,32.0,191.9,227.7,0.4,8990.0,241.5
2018-05-26T14:42:41,32.0,212.0,230.7,0.3,8990.0,240.6
2018-05-26T14:43:12,32.0,204.3,209.4,0.4,8990.0,240.6
2018-05-26T14:43:43,32.0,205.5,214.1,0.3,8990.0,241.5
2018-05-26T14:44:14,32.0,184.8,234.2,0.3,8990.0,241.5
2018-05-26T14:44:45,32.0,164.2,230.1,0.3,8990.0,242.5
2018-05-26T14:45:16,32.0,173.0,208.2,0.4,8990.0,239.6
2018-05-26T14:45:48,32.0,166.5,195.2,0.4,8990.0,240.6
2018-05-26T14:46:19,32.0,163.6,217.7,0.4,9000.0,239.6
2018-05-26T14:46:50,32.0,187.2,241.3,0.4,9000.0,239.6
2018-05-26T14:47:21,31.9,209.1,226.5,0.4,9000.0,240.6
2018-05-26T14:47:52,31.9,209.7,206.4,0.4,9000.0,240.6
2018-05-26T14:48:23,31.9,189.0,224.2,0.4,9000.0,239.6
2018-05-26T14:48:54,31.9,168.9,246.6,0.5,9000.0,238.6
2018-05-26T14:49:25,31.9,152.4,229.5,0.5,9010.0,240.6
2018-05-26T14:49:56,31.9,175.4,241.9,0.5,9010.0,239.6
2018-05-26T14:50:27,31.8,196.7,231.3,0.5,9010.0,241.5
2018-05-26T14:50:59,31.8,217.3,241.9,0.4,9010.0,239.6
2018-05-26T14:51:30,31.9,212.6,243.7,0.4,9010.0,240.6
2018-05-26T14:52:01,31.8,211.4,230.1,0.4,9020.0,239.6
2018-05-26T14:52:32,31.8,209.7,224.8,0.4,9020.0,241.5
2018-05-26T14:53:03,31.8,216.2,246.1,0.4,9020.0,239.6
2018-05-26T14:53:34,31.8,204.3,227.7,0.4,9020.0,240.6
2018-05-26T14:54:05,31.8,224.4,243.1,0.4,9020.0,239.6
2018-05-26T14:54:36,31.7,203.2,230.1,0.4,9020.0,240.6
2018-05-26T14:55:07,31.7,182.5,230.1,0.5,9030.0,238.6
2018-05-26T14:55:39,31.7,194.3,240.1,0.4,9030.0,239.6
2018-05-26T14:56:10,31.7,215.6,223.0,0.4,9030.0,239.6
2018-05-26T14:56:41,31.7,212.0,244.3,0.4,9030.0,239.6
2018-05-26T14:57:12,31.7,192.5,231.3,0.3,9030.0,238.6
2018-05-26T14:57:43,31.7,202.6,234.8,0.3,9040.0,241.5
2018-05-26T14:58:14,31.6,216.7,226.5,0.3,9040.0,240.6
2018-05-26T14:58:45,31.6,196.1,233.6,0.3,9040.0,241.5
2018-05-26T14:59:16,31.6,211.4,235.4,0.3,9040.0,240.6
2018-05-26T14:59:47,31.6,200.8,235.4,0.3,9040.0,241.5
2018-05-26T15:00:18,31.6,200.2,223.0,0.3,9040.0,241.5
2018-05-26T15:00:49,31.6,209.7,225.4,0.2,9040.0,241.5
2018-05-26T15:01:21,31.6,188.4,228.3,0.2,9040.0,240.6
2018-05-26T15:01:52,31.5,180.7,225.4,0.2,9040.0,239.6
2018-05-26T15:02:23,31.5,202.0,207.6,0.2,9040.0,239.6
2018-05-26T15:02:54,31.5,211.4,227.7,0.2,9040.0,239.6
2018-05-26T15:03:25,31.5,188.4,231.9,0.2,9050.0,240.6
2018-05-26T15:03:56,31.5,174.2,209.4,0.2,9050.0,239.6
2018-05-26T15:04:27,31.5,194.9,208.8,0.2,9050.0,238.6
2018-05-26T15:04:58,31.5,215.6,228.9,0.1,9050.0,241.5
2018-05-26T15:05:29,31.4,196.7,234.2,0.2,9050.0,239.6
2018-05-26T15:06:00,31.4,176.6,212.9,0.2,9050.0,240.6
2018-05-26T15:06:31,31.4,155.9,194.0,0.2,9050.0,240.6
2018-05-26T15:07:02,31.4,144.1,181.6,0.2,9050.0,239.6
2018-05-26T15:07:33,31.4,165.4,204.1,0.2,9050.0,238.6
2018-05-26T15:08:04,31.4,186.0,224.8,0.2,9050.0,239.6
2018-05-26T15:08:35,31.2,207.9,242.5,0.2,9050.0,240.6
2018-05-26T15:09:06,31.2,203.2,220.6,0.2,9050.0,237.7
2018-05-26T15:09:37,31.2,182.5,199.3,0.2,9050.0,238.6
2018-05-26T15:10:08,31.2,161.2,184.5,0.2,9050.0,238.6
2018-05-26T15:10:40,31.2,181.9,207.0,0.2,9050.0,238.6
2018-05-26T15:11:11,31.2,203.7,228.9,0.2,9050.0,239.6
2018-05-26T15:11:42,31.1,216.2,215.3,0.2,9050.0,239.6
2018-05-26T15:12:13,31.1,191.9,195.2,0.2,9060.0,238.6
2018-05-26T15:12:44,31.1,171.9,208.2,0.2,9060.0,236.7
2018-05-26T15:13:15,31.0,151.8,222.4,0.3,9060.0,238.6
2018-05-26T15:13:46,31.1,141.7,241.3,0.3,9060.0,237.7
2018-05-26T15:14:17,31.0,163.6,219.4,0.2,9060.0,236.7
2018-05-26T15:14:48,31.0,184.3,202.9,0.2,9060.0,237.7
2018-05-26T15:15:19,31.1,206.1,224.2,0.2,9060.0,236.7
2018-05-26T15:15:51,31.0,208.5,242.5,0.2,9060.0,237.7
2018-05-26T15:16:22,31.0,187.8,220.6,0.2,9060.0,235.7
2018-05-26T15:16:53,31.0,166.5,208.8,0.2,9060.0,237.7
2018-05-26T15:17:24,31.0,187.2,228.3,0.2,9060.0,237.7
2018-05-26T15:17:55,30.9,210.2,244.3,0.2,9060.0,237.7
2018-05-26T15:18:26,30.9,203.7,222.4,0.2,9060.0,235.7
2018-05-26T15:18:57,30.9,182.5,202.3,0.2,9070.0,237.7
2018-05-26T15:19:28,30.9,162.4,186.3,0.3,9070.0,238.6
2018-05-26T15:19:59,30.9,161.2,208.8,0.2,9070.0,237.7
2018-05-26T15:20:30,30.8,183.1,228.9,0.3,9070.0,237.7
2018-05-26T15:21:01,30.8,205.5,239.5,0.2,9070.0,237.7
2018-05-26T15:21:32,30.8,212.6,217.1,0.3,9070.0,238.6
2018-05-26T15:22:03,30.8,192.5,197.0,0.3,9070.0,237.7
2018-05-26T15:22:34,30.7,173.0,176.2,0.3,9070.0,235.7
2018-05-26T15:23:05,30.8,150.0,194.0,0.3,9070.0,235.7
2018-05-26T15:23:36,30.8,132.3,217.7,0.4,9070.0,237.7
2018-05-26T15:24:07,30.7,152.9,239.0,0.3,9070.0,237.7
2018-05-26T15:24:38,30.7,175.4,233.6,0.3,9080.0,236.7
2018-05-26T15:25:09,30.7,197.3,212.9,0.4,9080.0,236.7
2018-05-26T15:25:41,30.7,218.5,217.7,0.3,9080.0,238.6
2018-05-26T15:26:12,30.7,208.5,238.4,0.3,9080.0,238.6
2018-05-26T15:26:43,30.7,187.8,234.8,0.3,9080.0,238.6
2018-05-26T15:27:14,30.7,166.5,214.1,0.4,9080.0,237.7
2018-05-26T15:27:45,30.7,168.3,217.1,0.4,9080.0,239.6
2018-05-26T15:28:16,30.7,190.2,240.1,0.4,9090.0,237.7
2018-05-26T15:28:47,30.7,210.8,248.4,0.4,9090.0,237.7
2018-05-26T15:29:18,30.7,218.5,240.1,0.4,9090.0,238.6
2018-05-26T15:29:49,30.7,197.8,218.8,0.4,9090.0,239.6
2018-05-26T15:30:20,30.7,207.3,234.2,0.4,9090.0,242.5
2018-05-26T15:30:52,30.5,218.5,241.9,0.4,9090.0,241.5
2018-05-26T15:31:23,30.5,197.8,221.2,0.5,9100.0,242.5
2018-05-26T15:31:54,30.5,176.0,223.0,0.5,9100.0,241.5
2018-05-26T15:32:25,30.5,155.9,246.1,0.6,9100.0,243.5
2018-05-26T15:32:56,30.5,174.2,228.3,0.5,9100.0,243.5
2018-05-26T15:33:27,30.5,196.7,230.7,0.5,9100.0,242.5
2018-05-26T15:33:58,30.5,217.3,246.1,0.4,9110.0,243.5
2018-05-26T15:34:29,30.5,213.8,224.8,0.4,9110.0,240.6
2018-05-26T15:35:00,30.5,218.5,233.0,0.4,9110.0,241.5
2018-05-26T15:35:31,30.5,209.1,241.9,0.4,9110.0,241.5
2018-05-26T15:36:03,30.5,222.1,223.6,0.3,9110.0,242.5
2018-05-26T15:36:34,30.5,205.5,243.1,0.4,9110.0,241.5
2018-05-26T15:37:05,30.5,221.5,230.1,0.3,9120.0,242.5
2018-05-26T15:37:36,30.5,199.6,241.3,0.3,9120.0,241.5
2018-05-26T15:38:07,30.5,196.1,226.5,0.3,9120.0,240.6
2018-05-26T15:38:38,30.5,217.3,240.1,0.3,9120.0,241.5
2018-05-26T15:39:09,30.5,201.4,231.3,0.3,9120.0,242.5
2018-05-26T15:39:40,30.5,185.4,229.5,0.3,9120.0,241.5
2018-05-26T15:40:11,30.5,206.1,234.8,0.3,9120.0,240.6
2018-05-26T15:40:42,30.5,210.8,225.9,0.3,9130.0,240.6
2018-05-26T15:41:14,30.5,197.3,208.8,0.3,9130.0,239.6
2018-05-26T15:41:45,30.5,217.3,230.7,0.3,9130.0,240.6
2018-05-26T15:42:16,30.5,206.7,242.5,0.3,9130.0,240.6
2018-05-26T15:42:47,30.5,186.0,219.4,0.3,9130.0,240.6
2018-05-26T15:43:18,30.5,166.5,199.3,0.4,9130.0,240.6
2018-05-26T15:43:49,30.5,166.5,201.7,0.3,9130.0,240.6
2018-05-26T15:44:20,30.4,144.7,225.4,0.4,9130.0,241.5
2018-05-26T15:44:51,30.4,165.9,204.6,0.4,9130.0,239.6
2018-05-26T15:45:22,30.4,187.2,227.1,0.3,9140.0,242.5
2018-05-26T15:45:53,30.4,209.1,248.4,0.3,9140.0,243.5
2018-05-26T15:46:25,30.4,213.8,229.5,0.3,9140.0,242.5
2018-05-26T15:46:56,30.4,192.5,239.5,0.3,9140.0,241.5
2018-05-26T15:47:27,30.4,206.7,237.8,0.3,9140.0,242.5
2018-05-26T15:47:58,30.4,211.4,224.2,0.3,9140.0,240.6
2018-05-26T15:48:29,30.4,190.8,237.2,0.3,9140.0,241.5
2018-05-26T15:49:00,30.4,192.5,223.6,0.2,9140.0,242.5
2018-05-26T15:49:31,30.4,212.0,233.0,0.2,9140.0,242.5
2018-05-26T15:50:02,30.4,201.4,220.6,0.2,9150.0,240.6
2018-05-26T15:50:33,30.4,192.5,239.0,0.2,9150.0,241.5
2018-05-26T15:51:05,30.4,213.2,240.7,0.2,9150.0,241.5
2018-05-26T15:51:36,30.4,199.6,224.8,0.2,9150.0,242.5
2018-05-26T15:52:07,30.4,179.5,208.2,0.2,9150.0,241.5
2018-05-26T15:52:38,30.3,158.9,230.1,0.3,9150.0,242.5
2018-05-26T15:53:09,30.3,163.0,225.9,0.2,9150.0,241.5
2018-05-26T15:53:40,30.3,183.7,204.6,0.2,9150.0,241.5
2018-05-26T15:54:11,30.3,204.3,227.7,0.2,9150.0,240.6
2018-05-26T15:54:42,30.3,209.7,240.7,0.2,9150.0,241.5
2018-05-26T15:55:13,30.3,188.4,218.3,0.2,9150.0,240.6
2018-05-26T15:55:44,30.3,167.1,202.3,0.2,9150.0,242.5
2018-05-26T15:56:17,30.3,184.3,225.4,0.2,9150.0,241.5
2018-05-26T15:56:48,30.3,204.3,244.3,0.2,9160.0,241.5
2018-05-26T15:57:19,30.3,209.7,221.2,0.2,9160.0,240.6
2018-05-26T15:57:50,30.3,189.0,212.3,0.2,9160.0,240.6
2018-05-26T15:58:21,30.3,170.7,231.3,0.2,9160.0,240.6
2018-05-26T15:58:52,30.2,193.1,233.0,0.1,9160.0,240.6
2018-05-26T15:59:23,30.2,213.2,211.7,0.1,9160.0,241.5
2018-05-26T15:59:54,30.4,200.2,212.9,0.1,9160.0,240.6
2018-05-26T16:00:25,30.2,179.5,233.0,0.1,9160.0,241.5
2018-05-26T16:00:56,30.2,157.7,230.1,0.2,9160.0,241.5
2018-05-26T16:01:28,30.2,171.3,209.4,0.2,9160.0,240.6
2018-05-26T16:01:59,30.2,191.9,188.1,0.1,9160.0,240.6
2018-05-26T16:02:30,30.2,212.0,207.0,0.1,9160.0,241.5
2018-05-26T16:03:01,30.1,191.9,227.7,0.1,9160.0,241.5
2018-05-26T16:03:32,30.2,172.4,232.4,0.2,9160.0,241.5
2018-05-26T16:04:03,30.2,154.1,210.0,0.2,9160.0,240.6
2018-05-26T16:04:34,30.2,176.6,189.9,0.1,9160.0,242.5
2018-05-26T16:05:05,30.2,197.3,210.0,0.1,9160.0,241.5
2018-05-26T16:05:36,30.2,212.6,229.5,0.1,9160.0,240.6
2018-05-26T16:06:08,30.1,189.6,236.6,0.2,9160.0,240.6
2018-05-26T16:06:39,30.1,170.1,215.9,0.2,9160.0,241.5
2018-05-26T16:07:10,30.1,190.2,194.6,0.1,9170.0,240.6
2018-05-26T16:07:41,30.1,208.5,199.9,0.1,9170.0,240.6
2018-05-26T16:08:12,30.1,198.4,220.6,0.1,9170.0,241.5
2018-05-26T16:08:43,30.1,177.8,241.3,0.1,9170.0,241.5
2018-05-26T16:09:14,30.1,157.7,223.0,0.1,9170.0,239.6
2018-05-26T16:09:45,30.1,151.8,202.9,0.1,9170.0,239.6
2018-05-26T16:10:16,30.1,173.0,181.0,0.2,9170.0,237.7
2018-05-26T16:10:47,29.7,194.3,165.6,0.1,9170.0,239.6
2018-05-26T16:11:23,29.7,214.4,191.0,0.1,9170.0,238.6
2018-05-26T16:11:54,29.7,192.5,203.5,0.2,9170.0,238.6
2018-05-26T16:12:25,29.7,173.0,218.3,0.2,9170.0,239.6
2018-05-26T16:12:56,29.7,151.8,238.4,0.2,9170.0,239.6
2018-05-26T16:13:27,29.7,131.1,227.7,0.2,9170.0,240.6
2018-05-26T16:13:58,29.4,152.9,205.8,0.2,9170.0,238.6
2018-05-26T16:14:29,29.0,173.6,186.3,0.2,9170.0,239.6
2018-05-26T16:15:00,29.4,196.1,185.1,0.2,9170.0,239.6
2018-05-26T16:15:32,29.4,216.2,208.8,0.2,9170.0,238.6
2018-05-26T16:16:03,29.4,202.0,230.7,0.2,9170.0,238.6
2018-05-26T16:16:34,29.4,181.9,235.4,0.2,9170.0,239.6
2018-05-26T16:17:05,29.4,160.0,213.5,0.2,9170.0,239.6
2018-05-26T16:17:36,29.4,158.3,219.4,0.2,9180.0,239.6
2018-05-26T16:18:07,29.4,179.5,239.5,0.2,9180.0,240.6
2018-05-26T16:18:38,29.0,200.2,223.0,0.2,9180.0,238.6
2018-05-26T16:19:09,29.0,212.6,202.3,0.1,9180.0,239.6
2018-05-26T16:19:40,29.0,190.2,223.0,0.2,9180.0,239.6
2018-05-26T16:20:11,29.0,169.5,234.8,0.2,9180.0,239.6
2018-05-26T16:20:43,29.0,176.6,215.3,0.2,9180.0,238.6
2018-05-26T16:21:14,29.0,197.8,192.8,0.1,9180.0,239.6
2018-05-26T16:21:45,29.0,210.8,190.4,0.1,9180.0,239.6
2018-05-26T16:22:16,29.0,188.4,212.9,0.2,9180.0,238.6
2018-05-26T16:22:47,29.0,167.7,234.2,0.2,9180.0,239.6
2018-05-26T16:23:18,28.6,163.6,227.1,0.2,9180.0,239.6
2018-05-26T16:23:50,28.6,184.8,205.8,0.1,9180.0,238.6
2018-05-26T16:24:21,28.6,204.3,194.6,0.1,9180.0,238.6
2018-05-26T16:24:52,28.6,205.5,215.9,0.1,9180.0,239.6
2018-05-26T16:25:23,28.6,186.0,236.6,0.1,9180.0,239.6
2018-05-26T16:25:59,28.6,160.6,218.3,0.1,9180.0,240.6
2018-05-26T16:26:31,28.6,168.3,218.8,0.1,9180.0,238.6
2018-05-26T16:27:02,28.3,189.6,226.5,0.1,9180.0,240.6
2018-05-26T16:27:33,28.3,211.4,204.6,0.1,9180.0,239.6
2018-05-26T16:28:04,28.3,197.3,190.4,0.1,9180.0,240.6
2018-05-26T16:28:35,28.3,177.2,209.4,0.1,9180.0,239.6
2018-05-26T16:29:06,28.3,155.9,228.3,0.1,9180.0,239.6
2018-05-26T16:29:37,28.3,141.7,225.9,0.1,9190.0,239.6
2018-05-26T16:30:08,28.3,161.8,206.4,0.1,9190.0,241.5
2018-05-26T16:30:39,28.3,181.9,185.7,0.1,9190.0,242.5
2018-05-26T16:31:11,28.3,202.0,164.4,0.1,9190.0,242.5
2018-05-26T16:31:42,28.3,194.3,142.5,0.1,9190.0,240.6
2018-05-26T16:32:13,27.9,172.4,144.9,0.1,9190.0,241.5
2018-05-26T16:32:44,27.9,152.9,165.0,0.1,9190.0,241.5
2018-05-26T16:33:15,27.9,173.0,186.9,0.1,9190.0,242.5
2018-05-26T16:33:46,27.9,191.3,208.8,0.1,9190.0,240.6
2018-05-26T16:34:17,27.9,213.2,231.3,0.0,9190.0,241.5
2018-05-26T16:34:48,27.9,191.3,215.3,0.1,9190.0,242.5
2018-05-26T16:35:19,27.9,167.7,197.5,0.1,9190.0,241.5
2018-05-26T16:35:50,27.9,147.6,199.9,0.1,9190.0,242.5
2018-05-26T16:36:21,27.9,126.4,220.0,0.1,9190.0,241.5
2018-05-26T16:36:52,27.9,148.8,239.5,0.1,9190.0,241.5
2018-05-26T16:37:23,27.5,173.0,217.1,0.0,9190.0,241.5
2018-05-26T16:37:54,27.5,187.8,194.6,0.0,9190.0,241.5
2018-05-26T16:38:26,27.5,210.8,175.7,0.0,9190.0,241.5
2018-05-26T16:38:57,27.5,210.2,154.9,0.0,9190.0,242.5
2018-05-26T16:39:28,27.5,191.3,159.7,0.1,9190.0,241.5
2018-05-26T16:39:59,27.5,173.0,182.2,0.1,9190.0,242.5
2018-05-26T16:40:30,27.5,152.4,198.1,0.1,9190.0,241.5
2018-05-26T16:41:01,27.5,131.1,224.2,0.1,9190.0,241.5
2018-05-26T16:41:32,27.5,111.0,235.4,0.1,9190.0,240.6
2018-05-26T16:42:03,27.2,113.4,214.7,0.1,9190.0,240.6
2018-05-26T16:42:34,27.2,135.2,196.4,0.1,9190.0,240.6
2018-05-26T16:43:05,27.2,153.5,173.9,0.1,9190.0,241.5
2018-05-26T16:43:36,27.2,175.4,153.2,0.0,9190.0,241.5
2018-05-26T16:44:07,27.2,197.8,131.3,0.0,9190.0,240.6
2018-05-26T16:44:38,26.8,209.1,112.4,0.0,9190.0,241.5
2018-05-26T16:45:09,26.8,209.1,110.6,0.0,9190.0,243.5
2018-05-26T16:45:40,26.8,186.6,131.9,0.1,9190.0,243.5
2018-05-26T16:46:12,26.8,162.4,152.6,0.1,9190.0,243.5
2018-05-26T16:46:43,26.8,144.7,175.7,0.1,9190.0,241.5
2018-05-26T16:47:14,26.8,124.0,194.0,0.1,9190.0,242.5
2018-05-26T16:47:45,26.8,108.1,216.5,0.0,9190.0,242.5
2018-05-26T16:48:16,26.4,128.7,233.0,0.0,9190.0,241.5
2018-05-26T16:48:47,26.8,147.6,211.7,0.1,9190.0,241.5
2018-05-26T16:49:18,26.4,168.9,192.8,0.1,9190.0,241.5
2018-05-26T16:49:49,26.4,190.2,171.5,0.0,9190.0,240.6
2018-05-26T16:50:20,26.4,203.2,149.0,0.0,9190.0,241.5
2018-05-26T16:50:51,26.1,197.3,142.5,0.0,9190.0,239.6
2018-05-26T16:51:23,26.1,175.4,163.2,0.0,9190.0,241.5
2018-05-26T16:51:54,26.4,151.8,188.7,0.0,9190.0,241.5
2018-05-26T16:52:25,26.1,135.2,207.0,0.0,9190.0,242.5
2018-05-26T16:52:56,26.1,153.5,225.4,0.0,9190.0,241.5
2018-05-26T16:53:27,25.7,194.3,232.4,0.0,9190.0,241.5
2018-05-26T16:53:58,25.7,186.0,219.4,0.0,9190.0,242.5
2018-05-26T16:54:29,25.7,173.0,201.7,0.0,9190.0,240.6
2018-05-26T16:55:00,25.7,160.6,185.7,0.7,9190.0,239.6
2018-05-26T16:55:31,25.7,176.0,176.2,0.0,9190.0,239.6
2018-05-26T16:56:03,25.3,167.1,167.4,0.0,9190.0,238.6
2018-05-26T16:56:34,25.3,154.1,154.4,0.0,9190.0,240.6
2018-05-26T16:57:05,25.3,135.8,136.0,0.0,9190.0,240.6
2018-05-26T16:57:36,25.3,91.5,91.6,0.0,9190.0,240.6
2018-05-26T21:47:52,0.0,0.0,0.0,0.0,0.0,0.0
