2018-05-28T06:30:28,12.1,191.9,192.2,0.0,0.0,242.5
2018-05-28T06:30:59,12.1,203.7,220.6,0.0,0.0,242.5
2018-05-28T06:31:31,12.1,204.9,224.8,0.0,0.0,243.5
2018-05-28T06:32:02,11.8,206.1,228.9,0.0,0.0,242.5
2018-05-28T06:32:33,12.1,207.3,231.9,0.0,0.0,242.5
2018-05-28T06:33:04,11.8,208.5,234.8,0.0,0.0,242.5
2018-05-28T06:33:35,11.8,209.7,237.2,0.0,0.0,244.4
2018-05-28T06:34:06,11.8,210.8,240.1,0.0,0.0,243.5
2018-05-28T06:34:37,12.1,211.4,244.3,0.0,0.0,243.5
2018-05-28T06:35:08,12.1,212.6,246.6,0.0,0.0,242.5
2018-05-28T06:35:39,12.1,209.1,242.5,0.0,0.0,242.5
2018-05-28T06:36:11,12.1,144.7,154.9,0.1,0.0,241.5
2018-05-28T06:36:42,12.1,215.6,244.3,0.0,0.0,243.5
2018-05-28T06:37:13,12.1,216.2,245.5,0.0,0.0,241.5
2018-05-28T06:37:44,12.1,216.7,249.6,0.0,0.0,242.5
2018-05-28T06:38:15,12.1,217.3,252.0,0.0,0.0,241.5
2018-05-28T06:38:46,12.1,145.9,159.1,0.1,0.0,243.5
2018-05-28T06:39:17,12.1,218.5,253.2,0.0,0.0,243.5
2018-05-28T06:39:48,12.1,219.1,253.7,0.0,0.0,242.5
2018-05-28T06:40:19,12.1,219.7,253.7,0.0,0.0,241.5
2018-05-28T06:40:50,12.1,220.3,254.3,0.0,0.0,242.5
2018-05-28T06:41:21,12.1,220.3,254.9,0.0,0.0,242.5
2018-05-28T06:41:52,12.1,215.0,255.5,0.0,0.0,242.5
2018-05-28T06:42:23,12.1,214.4,255.5,0.0,0.0,242.5
2018-05-28T06:42:54,12.5,192.5,242.5,0.1,0.0,243.5
2018-05-28T06:43:25,12.5,179.5,223.0,0.1,0.0,242.5
2018-05-28T06:43:56,12.5,160.0,204.6,0.1,0.0,243.5
2018-05-28T06:44:27,12.5,140.0,183.3,0.1,0.0,243.5
2018-05-28T06:44:58,12.5,135.8,162.0,0.1,0.0,241.5
2018-05-28T06:45:29,12.5,155.9,141.9,0.1,0.0,242.5
2018-05-28T06:46:01,12.5,178.9,129.5,0.1,0.0,243.5
2018-05-28T06:46:32,12.5,198.4,149.6,0.1,0.0,243.5
2018-05-28T06:47:03,12.5,203.7,171.5,0.1,0.0,243.5
2018-05-28T06:47:34,12.5,185.4,192.2,0.1,0.0,242.5
2018-05-28T06:48:05,12.5,165.4,214.1,0.1,0.0,240.6
2018-05-28T06:48:36,12.5,143.5,235.4,0.1,0.0,242.5
2018-05-28T06:49:07,12.5,155.9,242.5,0.1,0.0,241.5
2018-05-28T06:49:38,12.5,178.3,218.8,0.1,0.0,241.5
2018-05-28T06:50:09,12.9,198.4,197.5,0.1,0.0,241.5
2018-05-28T06:50:40,12.9,216.2,178.0,0.0,0.0,241.5
2018-05-28T06:51:12,12.9,193.7,156.1,0.1,0.0,242.5
2018-05-28T06:51:43,12.9,173.6,134.8,0.1,0.0,241.5
2018-05-28T06:52:14,12.9,152.9,157.3,0.1,0.0,241.5
2018-05-28T06:52:45,12.9,132.3,178.6,0.1,0.0,241.5
2018-05-28T06:53:16,12.9,148.2,199.9,0.1,0.0,240.6
2018-05-28T06:53:47,12.9,170.1,221.2,0.1,0.0,241.5
2018-05-28T06:54:18,13.2,191.3,240.7,0.1,0.0,241.5
2018-05-28T06:54:49,13.2,213.2,224.8,0.0,0.0,244.4
2018-05-28T06:55:20,13.2,195.5,203.5,0.1,0.0,243.5
2018-05-28T06:55:51,13.2,175.4,182.8,0.1,0.0,244.4
2018-05-28T06:56:22,13.2,154.7,168.0,0.1,0.0,243.5
2018-05-28T06:56:53,13.2,177.2,188.7,0.1,0.0,242.5
2018-05-28T06:57:24,13.2,197.8,211.7,0.1,0.0,243.5
2018-05-28T06:57:55,13.2,212.6,230.7,0.0,0.0,240.6
2018-05-28T06:58:26,13.2,190.8,242.5,0.1,0.0,238.6
2018-05-28T06:58:57,13.2,169.5,218.3,0.1,0.0,239.6
2018-05-28T06:59:28,13.6,155.3,197.5,0.1,0.0,238.6
2018-05-28T06:59:59,13.6,177.2,176.8,0.2,0.0,237.7
2018-05-28T07:00:30,13.6,198.4,170.3,0.1,0.0,238.6
2018-05-28T07:01:02,13.6,212.0,189.9,0.1,0.0,237.7
2018-05-28T07:01:33,13.6,191.3,211.7,0.1,0.0,238.6
2018-05-28T07:02:04,13.6,170.1,233.0,0.1,0.0,238.6
2018-05-28T07:02:35,13.6,149.4,241.3,0.1,0.0,238.6
2018-05-28T07:03:06,13.6,169.5,216.5,0.1,0.0,239.6
2018-05-28T07:03:37,13.6,190.8,197.0,0.1,10.0,238.6
2018-05-28T07:04:08,14.0,212.0,175.7,0.1,10.0,237.7
2018-05-28T07:04:39,14.0,199.0,175.1,0.1,10.0,237.7
2018-05-28T07:05:10,14.0,177.8,195.8,0.1,10.0,238.6
2018-05-28T07:05:41,14.0,157.1,218.3,0.1,10.0,239.6
2018-05-28T07:06:13,14.0,176.6,241.3,0.1,10.0,239.6
2018-05-28T07:06:44,14.0,197.3,225.9,0.1,10.0,239.6
2018-05-28T07:07:15,14.0,213.2,205.8,0.1,10.0,239.6
2018-05-28T07:07:46,14.0,193.1,185.1,0.1,10.0,239.6
2018-05-28T07:08:17,14.0,171.9,163.8,0.1,10.0,239.6
2018-05-28T07:08:48,14.3,151.2,172.7,0.1,10.0,239.6
2018-05-28T07:09:19,14.3,173.6,195.2,0.1,10.0,238.6
2018-05-28T07:09:50,14.3,194.3,214.1,0.1,10.0,240.6
2018-05-28T07:10:21,14.3,213.2,235.4,0.1,10.0,239.6
2018-05-28T07:10:52,14.3,194.3,243.1,0.1,10.0,240.6
2018-05-28T07:11:24,14.3,173.6,221.2,0.1,10.0,240.6
2018-05-28T07:11:55,14.3,153.5,201.1,0.2,10.0,240.6
2018-05-28T07:12:26,14.3,159.4,180.4,0.2,10.0,240.6
2018-05-28T07:12:57,14.3,181.9,159.7,0.1,10.0,240.6
2018-05-28T07:13:28,14.3,200.8,140.2,0.1,10.0,240.6
2018-05-28T07:13:59,14.7,219.1,149.6,0.1,10.0,239.6
2018-05-28T07:14:30,14.3,194.9,170.9,0.2,10.0,241.5
2018-05-28T07:15:01,14.7,175.4,192.2,0.2,10.0,240.6
2018-05-28T07:15:32,14.7,172.4,214.1,0.2,10.0,240.6
2018-05-28T07:16:03,14.7,193.1,235.4,0.2,10.0,239.6
2018-05-28T07:16:34,14.7,213.8,244.3,0.1,10.0,238.6
2018-05-28T07:17:05,14.7,209.7,223.6,0.2,10.0,239.6
2018-05-28T07:17:36,14.7,187.8,202.3,0.2,10.0,242.5
2018-05-28T07:18:07,14.7,167.1,181.6,0.2,10.0,242.5
2018-05-28T07:18:38,14.7,147.6,161.5,0.2,10.0,243.5
2018-05-28T07:19:09,14.7,168.9,184.5,0.2,20.0,242.5
2018-05-28T07:19:40,14.7,189.6,205.8,0.2,20.0,242.5
2018-05-28T07:20:11,14.3,210.8,225.9,0.2,20.0,241.5
2018-05-28T07:20:43,14.7,209.7,247.2,0.2,20.0,243.5
2018-05-28T07:21:14,14.7,187.2,229.5,0.3,20.0,242.5
2018-05-28T07:21:45,14.7,204.3,208.2,0.2,20.0,242.5
2018-05-28T07:22:16,14.7,209.7,204.1,0.2,20.0,242.5
2018-05-28T07:22:47,15.1,187.2,225.4,0.2,20.0,243.5
2018-05-28T07:23:18,15.1,193.1,246.1,0.2,20.0,243.5
2018-05-28T07:23:49,15.1,213.2,227.1,0.2,20.0,243.5
2018-05-28T07:24:20,15.1,202.6,205.8,0.2,20.0,242.5
2018-05-28T07:24:51,15.1,181.9,187.5,0.3,20.0,242.5
2018-05-28T07:25:22,15.1,204.9,208.2,0.2,20.0,242.5
2018-05-28T07:25:54,15.1,224.4,231.3,0.2,20.0,243.5
2018-05-28T07:26:25,15.1,200.2,252.0,0.3,20.0,243.5
2018-05-28T07:26:56,15.1,178.9,233.0,0.3,20.0,241.5
2018-05-28T07:27:27,15.1,181.3,211.7,0.3,30.0,243.5
2018-05-28T07:27:58,15.1,204.3,190.4,0.3,30.0,241.5
2018-05-28T07:28:29,15.1,219.1,171.5,0.3,30.0,242.5
2018-05-28T07:29:00,15.4,194.9,188.7,0.4,30.0,242.5
2018-05-28T07:29:31,15.4,171.9,214.1,0.5,30.0,243.5
2018-05-28T07:30:02,15.4,150.6,237.2,0.6,30.0,242.5
2018-05-28T07:30:34,15.4,158.9,251.4,0.6,30.0,245.4
2018-05-28T07:31:05,15.4,182.5,228.9,0.6,30.0,245.4
2018-05-28T07:31:36,15.4,205.5,207.6,0.6,40.0,244.4
2018-05-28T07:32:07,15.4,226.8,189.9,0.5,40.0,244.4
2018-05-28T07:32:38,15.8,204.3,211.2,0.6,40.0,243.5
2018-05-28T07:33:09,15.8,209.1,212.3,0.7,40.0,244.4
2018-05-28T07:33:40,15.8,216.2,234.8,0.6,40.0,243.5
2018-05-28T07:34:11,16.2,201.4,255.5,0.7,40.0,242.5
2018-05-28T07:34:42,16.2,213.8,248.4,0.6,50.0,241.5
2018-05-28T07:35:13,16.2,199.0,227.7,0.6,50.0,242.5
2018-05-28T07:35:45,16.2,183.1,207.0,0.7,50.0,243.5
2018-05-28T07:36:16,16.2,210.8,223.6,0.8,50.0,242.5
2018-05-28T07:36:47,16.2,219.7,249.0,0.7,50.0,241.5
2018-05-28T07:37:18,16.2,199.0,240.1,0.8,60.0,241.5
2018-05-28T07:37:49,16.5,197.8,219.4,0.8,60.0,242.5
2018-05-28T07:38:20,16.5,210.8,232.4,0.8,60.0,241.5
2018-05-28T07:38:51,16.5,215.6,231.9,0.9,60.0,242.5
2018-05-28T07:39:22,16.9,216.7,242.5,0.9,70.0,244.4
2018-05-28T07:39:53,16.9,218.5,245.5,0.8,70.0,241.5
2018-05-28T07:40:24,16.9,215.6,241.3,0.9,70.0,243.5
2018-05-28T07:40:56,16.9,213.2,240.1,0.8,70.0,242.5
2018-05-28T07:41:27,16.9,210.2,225.4,0.7,80.0,243.5
2018-05-28T07:41:58,17.3,225.6,250.2,0.7,80.0,242.5
2018-05-28T07:42:29,17.3,209.1,241.3,0.9,80.0,242.5
2018-05-28T07:43:00,17.3,213.2,253.2,0.9,80.0,243.5
2018-05-28T07:43:31,17.6,191.3,232.4,0.9,90.0,242.5
2018-05-28T07:44:02,17.6,210.2,220.6,0.9,90.0,242.5
2018-05-28T07:44:33,17.6,217.9,242.5,0.9,90.0,242.5
2018-05-28T07:45:04,17.6,209.1,242.5,0.9,100.0,243.5
2018-05-28T07:45:35,18.0,219.7,232.4,0.9,100.0,242.5
2018-05-28T07:46:07,17.6,204.9,253.2,0.9,100.0,243.5
2018-05-28T07:46:38,18.0,221.5,230.7,0.9,100.0,242.5
2018-05-28T07:47:09,18.0,206.1,228.9,0.4,110.0,242.5
2018-05-28T07:47:40,18.0,215.6,204.6,0.8,110.0,242.5
2018-05-28T07:48:11,18.0,191.3,231.3,0.9,110.0,242.5
2018-05-28T07:48:42,18.0,186.6,253.2,1.0,110.0,243.5
2018-05-28T07:49:13,18.0,210.2,237.8,0.9,120.0,242.5
2018-05-28T07:49:44,18.4,222.1,230.1,0.9,120.0,242.5
2018-05-28T07:50:15,18.4,201.4,253.7,1.0,120.0,242.5
2018-05-28T07:50:46,18.4,207.3,238.4,1.0,130.0,242.5
2018-05-28T07:51:18,18.7,226.8,237.2,0.9,130.0,242.5
2018-05-28T07:51:49,18.7,204.3,256.7,1.1,130.0,242.5
2018-05-28T07:52:20,18.7,215.0,233.6,1.0,140.0,242.5
2018-05-28T07:52:51,18.7,218.5,247.2,1.0,140.0,242.5
2018-05-28T07:53:22,19.1,212.0,244.9,1.1,140.0,240.6
2018-05-28T07:53:53,19.1,220.9,247.2,1.0,150.0,241.5
2018-05-28T07:54:24,19.1,211.4,241.3,1.0,150.0,242.5
2018-05-28T07:54:55,19.1,219.1,250.2,1.0,150.0,242.5
2018-05-28T07:55:26,19.1,223.8,238.4,1.0,160.0,243.5
2018-05-28T07:55:57,19.1,216.2,255.5,1.0,160.0,243.5
2018-05-28T07:56:28,19.5,213.2,239.5,1.0,160.0,243.5
2018-05-28T07:56:59,19.5,214.4,228.3,1.0,170.0,241.5
2018-05-28T07:57:30,19.5,222.1,249.6,0.9,170.0,242.5
2018-05-28T07:58:01,19.8,220.3,237.2,0.9,170.0,243.5
2018-05-28T07:58:32,19.8,216.7,232.4,1.0,180.0,244.4
2018-05-28T07:59:03,19.5,220.9,244.3,0.9,180.0,241.5
2018-05-28T08:00:01,19.5,214.4,237.2,0.9,190.0,242.5
2018-05-28T08:00:33,19.8,193.1,254.3,1.1,190.0,242.5
2018-05-28T08:01:04,19.8,210.2,243.7,0.8,190.0,242.5
2018-05-28T08:01:35,19.8,225.6,259.1,0.8,190.0,242.5
2018-05-28T08:02:06,19.8,222.1,241.9,0.7,200.0,242.5
2018-05-28T08:02:37,19.8,207.9,249.6,0.6,200.0,242.5
2018-05-28T08:03:08,19.8,184.8,245.5,0.8,200.0,242.5
2018-05-28T08:03:39,20.2,161.2,219.4,1.0,200.0,242.5
2018-05-28T08:04:10,20.2,181.9,235.4,1.1,210.0,242.5
2018-05-28T08:04:41,20.2,207.9,252.0,1.1,210.0,241.5
2018-05-28T08:05:12,20.2,219.7,244.9,1.0,220.0,242.5
2018-05-28T08:05:44,20.2,216.2,225.4,1.2,220.0,243.5
2018-05-28T08:06:15,20.2,212.6,238.4,0.7,220.0,242.5
2018-05-28T08:06:46,20.6,228.0,262.6,0.8,220.0,244.4
2018-05-28T08:07:17,20.6,218.5,245.5,0.8,230.0,242.5
2018-05-28T08:07:48,20.6,218.5,225.9,0.9,230.0,241.5
2018-05-28T08:08:19,20.9,220.3,218.3,0.7,230.0,241.5
2018-05-28T08:08:50,20.9,215.6,228.3,0.6,240.0,239.6
2018-05-28T08:09:21,20.9,203.2,239.5,0.6,240.0,241.5
2018-05-28T08:09:52,21.3,220.9,221.8,0.5,240.0,239.6
2018-05-28T08:10:23,21.3,201.4,243.1,0.6,240.0,238.6
2018-05-28T08:10:54,20.9,190.8,240.7,0.6,240.0,239.6
2018-05-28T08:11:26,20.9,212.0,236.6,0.5,250.0,238.6
2018-05-28T08:11:57,21.3,210.2,239.5,0.5,250.0,238.6
2018-05-28T08:12:28,21.3,213.8,225.4,0.5,250.0,240.6
2018-05-28T08:12:59,21.3,211.4,247.2,0.6,250.0,241.5
2018-05-28T08:13:30,21.3,184.8,246.6,0.8,250.0,241.5
2018-05-28T08:14:01,21.3,177.2,237.2,1.0,260.0,240.6
2018-05-28T08:14:32,21.3,201.4,256.1,1.1,260.0,240.6
2018-05-28T08:15:03,21.7,217.9,242.5,0.9,260.0,240.6
2018-05-28T08:15:34,21.7,225.0,261.4,1.2,270.0,240.6
2018-05-28T08:16:06,21.7,227.4,236.6,1.1,270.0,243.5
2018-05-28T08:16:37,21.7,215.6,247.8,0.8,280.0,241.5
2018-05-28T08:17:08,21.7,206.7,235.4,0.7,280.0,241.5
2018-05-28T08:17:39,22.0,211.4,231.9,0.6,280.0,241.5
2018-05-28T08:18:10,22.0,207.9,239.5,0.6,280.0,240.6
2018-05-28T08:18:41,22.0,210.8,234.2,0.5,290.0,241.5
2018-05-28T08:19:12,22.0,208.5,234.8,0.5,290.0,240.6
2018-05-28T08:19:43,22.4,209.1,225.9,0.6,290.0,241.5
2018-05-28T08:20:14,22.4,216.2,244.3,0.4,290.0,241.5
2018-05-28T08:20:45,22.4,213.2,222.4,0.5,290.0,240.6
2018-05-28T08:21:16,22.4,205.5,226.5,0.5,290.0,241.5
2018-05-28T08:21:47,22.4,213.8,245.5,0.5,300.0,241.5
2018-05-28T08:22:18,22.8,202.0,240.1,0.5,300.0,240.6
2018-05-28T08:22:49,22.8,214.4,227.7,0.4,300.0,241.5
2018-05-28T08:23:20,22.8,199.0,234.2,0.5,300.0,242.5
2018-05-28T08:23:51,22.8,215.0,241.9,0.5,300.0,242.5
2018-05-28T08:24:22,22.8,194.3,221.2,0.5,300.0,241.5
2018-05-28T08:24:53,22.8,178.3,225.9,0.5,310.0,241.5
2018-05-28T08:25:24,23.1,201.4,246.6,0.5,310.0,241.5
2018-05-28T08:25:56,23.1,222.7,232.4,0.5,310.0,242.5
2018-05-28T08:26:27,23.1,203.2,211.2,0.6,310.0,241.5
2018-05-28T08:26:58,23.1,183.1,190.4,0.6,310.0,242.5
2018-05-28T08:27:29,23.1,161.8,211.2,0.7,310.0,242.5
2018-05-28T08:28:00,23.1,144.7,236.6,0.8,320.0,242.5
2018-05-28T08:28:31,23.5,168.9,254.9,0.9,320.0,242.5
2018-05-28T08:29:02,23.5,191.3,230.7,0.8,320.0,242.5
2018-05-28T08:29:33,23.5,213.8,233.6,0.7,320.0,242.5
2018-05-28T08:30:04,23.5,215.6,241.9,0.7,330.0,242.5
2018-05-28T08:30:36,23.5,222.7,234.2,0.7,330.0,242.5
2018-05-28T08:31:07,23.5,218.5,240.1,0.6,330.0,242.5
2018-05-28T08:31:38,23.9,208.5,236.6,0.6,340.0,241.5
2018-05-28T08:32:09,23.9,219.7,241.9,0.6,340.0,241.5
2018-05-28T08:32:40,23.9,208.5,222.4,0.6,340.0,243.5
2018-05-28T08:33:11,23.9,214.4,243.1,0.6,340.0,243.5
2018-05-28T08:33:42,23.9,221.5,232.4,0.6,340.0,242.5
2018-05-28T08:34:13,24.2,205.5,230.1,0.6,350.0,242.5
2018-05-28T08:34:44,24.2,216.2,247.2,0.6,350.0,242.5
2018-05-28T08:35:15,24.2,210.8,224.8,0.6,350.0,242.5
2018-05-28T08:35:47,24.2,190.2,225.4,0.6,350.0,242.5
2018-05-28T08:36:18,24.2,168.9,248.4,0.8,360.0,242.5
2018-05-28T08:36:49,24.2,174.2,236.0,0.8,360.0,240.6
2018-05-28T08:37:20,24.6,194.3,218.8,0.8,360.0,241.5
2018-05-28T08:37:51,24.6,205.5,223.0,0.7,360.0,241.5
2018-05-28T08:38:22,24.6,225.0,243.7,0.6,370.0,242.5
2018-05-28T08:38:53,24.6,214.4,234.8,0.7,370.0,242.5
2018-05-28T08:39:24,24.6,215.0,217.7,0.7,370.0,242.5
2018-05-28T08:39:55,24.6,203.2,230.7,0.7,370.0,242.5
2018-05-28T08:40:26,24.6,181.9,252.6,0.7,380.0,243.5
2018-05-28T08:40:57,24.6,190.2,228.3,0.7,380.0,243.5
2018-05-28T08:41:29,25.0,196.1,225.4,0.8,380.0,243.5
2018-05-28T08:42:00,25.0,179.5,248.4,0.8,390.0,242.5
2018-05-28T08:42:31,25.0,200.2,231.9,0.8,390.0,243.5
2018-05-28T08:43:02,25.0,195.5,212.9,0.9,390.0,243.5
2018-05-28T08:43:33,25.0,174.8,233.6,1.0,400.0,242.5
2018-05-28T08:44:04,25.0,164.8,251.4,1.1,400.0,244.4
2018-05-28T08:44:35,25.0,190.2,226.5,1.0,400.0,244.4
2018-05-28T08:45:06,25.3,213.8,238.4,1.0,410.0,243.5
2018-05-28T08:45:37,25.3,221.5,228.9,1.0,410.0,243.5
2018-05-28T08:46:09,25.3,213.8,228.3,1.1,420.0,243.5
2018-05-28T08:46:40,25.3,221.5,249.6,1.0,420.0,244.4
2018-05-28T08:47:11,25.3,228.0,232.4,1.1,420.0,244.4
2018-05-28T08:47:42,25.7,220.3,244.9,1.0,430.0,244.4
2018-05-28T08:48:13,25.7,222.1,231.3,1.1,430.0,244.4
2018-05-28T08:48:44,25.7,211.4,249.0,1.1,440.0,243.5
2018-05-28T08:49:15,25.7,222.1,227.1,1.2,440.0,242.5
2018-05-28T08:49:46,25.7,202.6,207.0,1.3,450.0,243.5
2018-05-28T08:50:17,26.1,167.1,177.4,2.1,450.0,243.5
2018-05-28T08:50:48,26.1,163.6,176.2,3.1,460.0,245.4
2018-05-28T08:51:20,26.1,194.9,212.9,3.1,470.0,246.4
2018-05-28T08:51:51,26.1,201.4,234.8,2.4,480.0,246.4
2018-05-28T08:52:22,26.4,222.7,249.6,2.8,490.0,246.4
2018-05-28T08:52:53,26.4,225.0,237.8,2.6,500.0,246.4
2018-05-28T08:53:24,26.4,221.5,239.5,1.6,510.0,242.5
2018-05-28T08:53:55,26.4,216.2,243.7,1.6,510.0,242.5
2018-05-28T08:54:26,26.8,196.7,253.7,1.6,520.0,244.4
2018-05-28T08:54:57,26.8,196.1,240.1,1.4,530.0,244.4
2018-05-28T08:55:28,26.8,191.3,231.3,1.3,530.0,243.5
2018-05-28T08:55:59,26.8,194.9,241.3,1.2,540.0,244.4
2018-05-28T08:56:30,27.2,217.3,234.2,1.2,540.0,243.5
2018-05-28T08:57:01,27.2,213.2,235.4,1.1,540.0,243.5
2018-05-28T08:57:32,27.2,218.5,239.0,1.1,550.0,243.5
2018-05-28T08:58:03,27.5,213.2,230.1,1.1,550.0,243.5
2018-05-28T08:58:34,27.2,212.0,244.3,1.1,560.0,244.4
2018-05-28T08:59:05,27.5,211.4,224.2,1.0,560.0,244.4
2018-05-28T08:59:36,27.5,216.2,233.6,1.1,570.0,244.4
2018-05-28T09:00:07,27.5,196.1,244.3,1.4,570.0,245.4
2018-05-28T09:00:39,27.5,205.5,241.9,1.1,580.0,244.4
2018-05-28T09:01:10,27.5,220.3,225.4,1.1,580.0,243.5
2018-05-28T09:01:41,27.9,218.5,242.5,1.1,590.0,243.5
2018-05-28T09:02:12,27.9,220.3,236.6,1.1,590.0,243.5
2018-05-28T09:02:43,27.9,216.2,232.4,1.2,590.0,244.4
2018-05-28T09:03:14,27.9,213.8,239.5,1.3,600.0,244.4
2018-05-28T09:03:45,27.9,216.7,217.1,1.2,600.0,244.4
2018-05-28T09:04:16,27.9,218.5,227.7,1.3,610.0,245.4
2018-05-28T09:04:47,27.9,220.9,236.6,1.3,620.0,245.4
2018-05-28T09:05:18,28.3,226.8,235.4,1.3,620.0,244.4
2018-05-28T09:05:50,28.3,225.6,239.5,1.4,630.0,244.4
2018-05-28T09:06:21,28.3,225.6,238.4,1.3,630.0,244.4
2018-05-28T09:06:52,28.3,216.7,250.2,1.4,640.0,244.4
2018-05-28T09:07:23,28.3,216.7,226.5,1.4,640.0,244.4
2018-05-28T09:07:54,28.3,193.1,216.5,1.7,650.0,245.4
2018-05-28T09:08:25,28.6,187.8,243.7,1.9,660.0,245.4
2018-05-28T09:08:56,28.6,195.5,229.5,1.8,660.0,244.4
2018-05-28T09:09:27,28.6,225.0,246.1,1.8,670.0,245.4
2018-05-28T09:09:58,28.6,218.5,232.4,1.9,680.0,244.4
2018-05-28T09:10:29,29.0,216.2,247.2,1.7,690.0,244.4
2018-05-28T09:11:01,29.0,223.2,237.8,1.6,690.0,244.4
2018-05-28T09:11:32,29.0,218.5,241.3,1.7,700.0,244.4
2018-05-28T09:12:03,29.0,217.9,239.5,1.6,710.0,245.4
2018-05-28T09:12:34,29.0,217.3,232.4,1.6,710.0,245.4
2018-05-28T09:13:05,28.6,216.2,240.1,1.6,720.0,246.4
2018-05-28T09:13:36,28.6,216.2,241.9,1.5,720.0,244.4
2018-05-28T09:14:07,28.6,219.7,237.2,1.5,730.0,245.4
2018-05-28T09:14:38,29.0,213.2,228.3,1.6,740.0,245.4
2018-05-28T09:15:09,29.0,187.2,203.5,2.0,740.0,247.3
2018-05-28T09:15:40,29.4,183.1,209.4,2.0,750.0,246.4
2018-05-28T09:16:11,29.7,190.8,227.1,1.6,760.0,245.4
2018-05-28T09:16:42,29.7,190.2,246.1,1.6,760.0,246.4
2018-05-28T09:17:13,29.7,210.2,230.7,1.5,770.0,246.4
2018-05-28T09:17:44,29.7,213.2,240.7,1.5,770.0,247.3
2018-05-28T09:18:15,29.7,214.4,234.2,1.6,780.0,246.4
2018-05-28T09:18:46,30.1,213.8,236.0,1.6,790.0,245.4
2018-05-28T09:19:17,30.1,223.2,223.6,1.5,790.0,247.3
2018-05-28T09:19:48,30.1,199.0,250.2,1.8,800.0,247.3
2018-05-28T09:20:19,30.2,205.5,230.1,1.9,810.0,246.4
2018-05-28T09:20:56,30.2,220.9,224.2,1.9,810.0,249.3
2018-05-28T09:21:27,30.2,219.7,237.2,1.6,820.0,246.4
2018-05-28T09:21:58,30.3,222.1,234.8,1.7,830.0,247.3
2018-05-28T09:22:29,30.2,223.2,244.3,1.6,840.0,246.4
2018-05-28T09:23:00,30.2,215.0,238.4,1.7,840.0,245.4
2018-05-28T09:23:31,30.2,215.0,230.7,1.6,850.0,246.4
2018-05-28T09:24:02,30.2,216.7,242.5,1.6,860.0,244.4
2018-05-28T09:24:33,30.3,218.5,227.7,1.7,860.0,244.4
2018-05-28T09:25:04,30.3,222.1,246.1,1.6,870.0,244.4
2018-05-28T09:25:36,30.3,213.2,227.1,1.8,880.0,245.4
2018-05-28T09:26:07,30.4,210.2,241.9,2.0,880.0,245.4
2018-05-28T09:26:38,30.4,203.2,234.2,2.1,890.0,245.4
2018-05-28T09:27:09,30.4,220.9,249.6,2.1,900.0,246.4
2018-05-28T09:27:40,30.5,223.2,221.8,2.4,910.0,247.3
2018-05-28T09:28:11,30.5,217.9,235.4,2.2,920.0,246.4
2018-05-28T09:28:42,30.5,223.2,235.4,2.0,930.0,248.3
2018-05-28T09:29:13,30.5,223.8,236.6,2.2,940.0,247.3
2018-05-28T09:29:44,30.7,202.0,250.2,2.7,940.0,249.3
2018-05-28T09:30:15,30.7,212.6,236.0,2.8,960.0,247.3
2018-05-28T09:30:46,30.7,214.4,240.7,3.3,970.0,248.3
2018-05-28T09:31:18,30.8,207.3,215.9,4.0,980.0,249.3
2018-05-28T09:31:49,30.8,217.9,246.6,4.8,1000.0,251.2
2018-05-28T09:32:20,30.8,220.3,239.5,4.7,1010.0,251.2
2018-05-28T09:32:51,30.8,217.9,237.2,4.5,1030.0,251.2
2018-05-28T09:33:22,30.9,213.8,235.4,4.6,1050.0,250.2
2018-05-28T09:33:53,31.0,213.8,241.3,4.3,1070.0,250.2
2018-05-28T09:34:24,31.0,215.0,238.4,4.4,1080.0,250.2
2018-05-28T09:34:55,31.1,213.2,231.9,4.4,1100.0,249.3
2018-05-28T09:35:26,31.1,213.2,237.2,4.4,1110.0,250.2
2018-05-28T09:35:57,31.1,209.1,234.8,4.3,1130.0,251.2
2018-05-28T09:36:29,31.0,210.8,235.4,4.4,1150.0,250.2
2018-05-28T09:37:00,31.0,214.4,234.8,4.1,1160.0,250.2
2018-05-28T09:37:31,31.0,209.7,230.7,4.2,1180.0,248.3
2018-05-28T09:38:02,31.0,209.1,236.6,4.3,1190.0,249.3
2018-05-28T09:38:33,31.1,207.3,232.4,4.1,1210.0,249.3
2018-05-28T09:39:04,31.2,209.7,234.8,4.2,1220.0,249.3
2018-05-28T09:39:35,31.2,205.5,239.5,4.2,1230.0,249.3
2018-05-28T09:40:06,31.5,214.4,234.8,3.9,1250.0,249.3
2018-05-28T09:40:37,31.4,213.2,231.3,4.0,1260.0,248.3
2018-05-28T09:41:09,31.4,213.2,230.7,4.0,1280.0,249.3
2018-05-28T09:41:40,31.4,213.2,237.2,4.0,1290.0,249.3
2018-05-28T09:42:11,31.5,212.6,230.7,4.0,1310.0,250.2
2018-05-28T09:42:42,31.6,210.2,227.1,4.2,1320.0,249.3
2018-05-28T09:43:13,31.7,210.8,233.0,4.1,1340.0,248.3
2018-05-28T09:43:44,31.6,212.0,236.0,4.1,1350.0,249.3
2018-05-28T09:44:15,31.6,210.8,230.7,4.1,1360.0,248.3
2018-05-28T09:44:46,31.6,211.4,225.9,4.0,1380.0,248.3
2018-05-28T09:45:17,31.6,210.2,230.1,4.1,1390.0,247.3
2018-05-28T09:45:48,31.6,213.8,236.6,4.0,1410.0,248.3
2018-05-28T09:46:19,31.7,210.8,237.8,4.1,1420.0,248.3
2018-05-28T09:46:50,31.7,206.1,232.4,4.3,1440.0,249.3
2018-05-28T09:47:21,31.8,204.9,227.7,4.3,1450.0,249.3
2018-05-28T09:47:52,31.8,202.0,225.4,4.3,1470.0,248.3
2018-05-28T09:48:23,31.9,207.9,228.9,4.2,1480.0,248.3
2018-05-28T09:48:54,31.8,211.4,230.7,4.2,1500.0,248.3
2018-05-28T09:49:25,31.8,208.5,235.4,4.2,1510.0,250.2
2018-05-28T09:49:56,31.8,208.5,237.8,4.3,1520.0,249.3
2018-05-28T09:50:27,31.8,206.1,229.5,4.3,1540.0,249.3
2018-05-28T09:50:59,31.9,210.8,239.5,4.0,1550.0,249.3
2018-05-28T09:51:30,32.0,213.2,234.2,4.1,1570.0,248.3
2018-05-28T09:52:01,32.0,204.9,235.4,4.1,1580.0,250.2
2018-05-28T09:52:32,32.2,210.8,233.0,4.0,1600.0,250.2
2018-05-28T09:53:03,32.2,204.9,229.5,4.2,1610.0,249.3
2018-05-28T09:53:34,32.3,208.5,230.7,4.0,1630.0,250.2
2018-05-28T09:54:05,32.2,203.7,228.3,4.4,1640.0,250.2
2018-05-28T09:54:36,32.2,207.3,221.8,4.2,1650.0,251.2
2018-05-28T09:55:07,32.2,209.7,234.8,4.4,1670.0,251.2
2018-05-28T09:55:39,32.2,206.1,231.3,4.4,1680.0,250.2
2018-05-28T09:56:10,32.2,206.7,230.7,4.5,1700.0,251.2
2018-05-28T09:56:41,32.2,207.9,231.3,4.4,1720.0,251.2
2018-05-28T09:57:12,32.3,209.1,232.4,4.4,1730.0,251.2
2018-05-28T09:57:43,32.4,202.6,231.3,4.3,1750.0,253.1
2018-05-28T09:58:14,32.4,202.6,234.2,4.4,1760.0,252.2
2018-05-28T09:58:45,32.5,204.9,227.1,4.4,1780.0,251.2
2018-05-28T09:59:16,32.5,210.8,231.3,3.9,1790.0,250.2
2018-05-28T09:59:47,32.6,213.8,222.4,3.8,1800.0,250.2
2018-05-28T10:00:18,32.6,209.7,227.1,2.9,1820.0,249.3
2018-05-28T10:00:50,32.6,201.4,227.1,3.4,1830.0,249.3
2018-05-28T10:01:21,32.7,217.9,222.4,2.8,1840.0,249.3
2018-05-28T10:01:52,32.7,216.2,241.3,2.7,1850.0,250.2
2018-05-28T10:02:23,32.9,207.9,234.8,2.5,1860.0,247.3
2018-05-28T10:02:54,32.9,217.9,254.3,3.4,1870.0,249.3
2018-05-28T10:03:25,32.9,201.4,241.3,3.3,1880.0,249.3
2018-05-28T10:03:56,33.0,204.3,239.0,3.5,1890.0,249.3
2018-05-28T10:04:27,33.0,208.5,239.5,4.3,1910.0,250.2
2018-05-28T10:04:58,33.1,207.9,225.4,4.4,1920.0,249.3
2018-05-28T10:05:29,33.0,197.8,218.3,4.6,1940.0,250.2
2018-05-28T10:06:00,32.7,203.2,226.5,4.9,1950.0,250.2
2018-05-28T10:06:31,32.9,211.4,242.5,4.6,1970.0,249.3
2018-05-28T10:07:02,32.9,212.0,225.9,4.2,1980.0,248.3
2018-05-28T10:07:33,32.9,197.3,222.4,4.6,2000.0,249.3
2018-05-28T10:08:04,33.0,208.5,239.5,4.8,2010.0,249.3
2018-05-28T10:08:35,33.0,203.7,230.7,4.7,2030.0,249.3
2018-05-28T10:09:06,32.9,213.2,220.0,4.4,2050.0,249.3
2018-05-28T10:09:37,33.0,209.7,236.6,4.4,2060.0,249.3
2018-05-28T10:10:08,33.0,206.1,235.4,3.4,2080.0,248.3
2018-05-28T10:10:40,32.9,203.2,222.4,3.7,2090.0,247.3
2018-05-28T10:11:11,32.9,212.6,234.2,3.6,2100.0,249.3
2018-05-28T10:11:42,32.7,207.3,235.4,3.9,2120.0,249.3
2018-05-28T10:12:13,32.7,200.8,227.1,3.7,2130.0,248.3
2018-05-28T10:12:44,32.9,199.6,224.2,4.4,2140.0,248.3
2018-05-28T10:13:15,32.9,200.2,230.1,5.0,2160.0,250.2
2018-05-28T10:13:46,33.0,206.1,235.4,4.8,2180.0,250.2
2018-05-28T10:14:17,33.0,207.3,235.4,5.0,2190.0,250.2
2018-05-28T10:14:48,33.0,213.2,222.4,4.7,2210.0,249.3
2018-05-28T10:15:19,33.1,206.1,232.4,5.0,2230.0,250.2
2018-05-28T10:15:51,33.2,208.5,234.8,4.9,2240.0,249.3
2018-05-28T10:16:22,33.3,213.2,239.0,4.5,2260.0,250.2
2018-05-28T10:16:53,33.4,203.7,225.4,5.3,2280.0,250.2
2018-05-28T10:17:24,33.4,200.2,225.9,5.1,2300.0,248.3
2018-05-28T10:17:55,33.5,203.2,230.7,5.2,2310.0,251.2
2018-05-28T10:18:26,33.5,199.6,229.5,5.3,2330.0,250.2
2018-05-28T10:18:57,33.5,204.3,223.6,5.3,2350.0,250.2
2018-05-28T10:19:28,33.5,200.2,224.8,5.3,2370.0,249.3
2018-05-28T10:19:59,33.7,207.9,231.3,5.1,2380.0,250.2
2018-05-28T10:20:30,33.7,197.3,215.9,5.4,2400.0,250.2
2018-05-28T10:21:08,33.8,206.7,221.8,5.0,2420.0,249.3
2018-05-28T10:21:39,33.8,203.2,226.5,5.1,2440.0,250.2
2018-05-28T10:22:10,33.9,203.7,221.2,5.2,2460.0,250.2
2018-05-28T10:22:41,34.0,206.1,225.9,5.1,2480.0,250.2
2018-05-28T10:23:12,34.1,200.8,231.3,5.4,2490.0,251.2
2018-05-28T10:23:43,34.0,198.4,229.5,5.5,2510.0,249.3
2018-05-28T10:24:14,33.9,203.7,231.9,5.2,2530.0,248.3
2018-05-28T10:24:45,33.8,201.4,223.0,5.1,2550.0,248.3
2018-05-28T10:25:16,33.9,202.0,228.9,5.3,2570.0,248.3
2018-05-28T10:25:47,33.9,200.2,229.5,5.3,2580.0,249.3
2018-05-28T10:26:18,34.1,190.8,213.5,5.4,2600.0,250.2
2018-05-28T10:26:49,34.1,203.2,228.3,5.2,2620.0,249.3
2018-05-28T10:27:20,34.0,196.7,220.6,5.4,2640.0,249.3
2018-05-28T10:27:51,33.9,202.0,229.5,5.4,2660.0,249.3
2018-05-28T10:28:22,34.0,199.0,223.0,5.4,2670.0,250.2
2018-05-28T10:28:53,33.9,200.2,217.7,5.2,2690.0,248.3
2018-05-28T10:29:24,33.9,203.2,225.4,5.0,2710.0,247.3
2018-05-28T10:29:55,33.9,204.9,227.7,4.9,2730.0,247.3
2018-05-28T10:30:26,33.8,191.9,214.1,5.5,2740.0,247.3
2018-05-28T10:30:58,33.5,211.4,233.0,5.0,2760.0,247.3
2018-05-28T10:31:34,33.7,209.1,214.1,1.8,2780.0,246.4
2018-05-28T10:32:05,33.9,199.6,204.6,2.5,2790.0,246.4
2018-05-28T10:32:36,34.0,211.4,197.0,4.4,2800.0,249.3
2018-05-28T10:33:07,34.1,203.7,208.2,3.9,2820.0,248.3
2018-05-28T10:33:38,34.2,202.6,206.4,5.9,2840.0,249.3
2018-05-28T10:34:09,34.4,204.3,228.3,5.8,2860.0,249.3
2018-05-28T10:34:40,34.4,204.9,225.4,2.0,2880.0,245.4
2018-05-28T10:35:11,34.5,204.9,226.5,5.7,2890.0,249.3
2018-05-28T10:35:43,34.6,204.9,207.0,5.5,2910.0,251.2
2018-05-28T10:36:14,34.7,203.7,211.7,5.4,2930.0,249.3
2018-05-28T10:36:45,34.7,202.0,221.2,3.5,2940.0,246.4
2018-05-28T10:37:16,34.8,195.5,214.7,3.8,2950.0,246.4
2018-05-28T10:37:47,34.8,207.3,227.1,1.9,2960.0,246.4
2018-05-28T10:38:18,34.8,202.0,230.7,2.4,2970.0,246.4
2018-05-28T10:38:49,34.9,210.2,218.3,1.4,2980.0,244.4
2018-05-28T10:39:20,34.9,202.0,225.4,1.5,2980.0,245.4
2018-05-28T10:39:51,34.8,210.8,240.7,1.7,2990.0,244.4
2018-05-28T10:40:22,34.9,200.8,231.3,1.5,3000.0,246.4
2018-05-28T10:40:54,34.9,206.1,219.4,2.5,3000.0,247.3
2018-05-28T10:41:25,34.9,196.1,208.8,4.8,3020.0,248.3
2018-05-28T10:41:56,34.9,203.2,218.3,5.7,3030.0,249.3
2018-05-28T10:42:27,35.0,190.2,231.9,5.6,3050.0,249.3
2018-05-28T10:42:58,34.9,191.9,233.6,5.2,3070.0,252.2
2018-05-28T10:43:29,34.9,194.9,237.8,4.7,3080.0,249.3
2018-05-28T10:44:00,34.9,195.5,225.4,2.6,3090.0,247.3
2018-05-28T10:44:31,35.0,207.9,240.1,5.3,3100.0,247.3
2018-05-28T10:45:02,34.9,200.8,230.1,5.5,3130.0,249.3
2018-05-28T10:45:34,35.0,206.7,221.8,6.2,3150.0,250.2
2018-05-28T10:46:05,35.2,194.9,208.2,3.3,3160.0,248.3
2018-05-28T10:46:36,35.3,203.2,221.2,4.7,3180.0,249.3
2018-05-28T10:47:07,35.3,190.8,211.2,4.7,3200.0,249.3
2018-05-28T10:47:38,35.4,185.4,211.7,2.0,3210.0,245.4
2018-05-28T10:48:09,35.4,201.4,225.4,6.3,3220.0,250.2
2018-05-28T10:48:40,35.4,205.5,223.0,5.7,3250.0,249.3
2018-05-28T10:49:11,35.4,197.8,225.9,6.0,3270.0,247.3
2018-05-28T10:49:42,35.4,199.0,225.4,6.0,3290.0,249.3
2018-05-28T10:50:13,35.3,204.9,228.3,5.8,3310.0,250.2
2018-05-28T10:50:45,35.2,203.2,220.0,5.4,3330.0,249.3
2018-05-28T10:51:16,35.0,199.6,223.6,5.7,3350.0,249.3
2018-05-28T10:51:47,35.0,200.2,222.4,6.0,3370.0,248.3
2018-05-28T10:52:18,35.2,198.4,212.9,5.9,3390.0,249.3
2018-05-28T10:52:49,35.3,203.2,220.0,2.6,3400.0,246.4
2018-05-28T10:53:20,35.3,202.0,217.1,1.9,3410.0,246.4
2018-05-28T10:53:51,35.4,203.2,222.4,2.1,3420.0,245.4
2018-05-28T10:54:22,35.5,218.5,218.8,4.8,3430.0,248.3
2018-05-28T10:54:53,35.4,194.9,199.3,6.6,3450.0,250.2
2018-05-28T10:55:24,35.4,197.8,199.3,2.8,3470.0,247.3
2018-05-28T10:55:56,35.4,201.4,204.1,2.4,3480.0,246.4
2018-05-28T10:56:27,35.2,207.3,215.3,2.4,3490.0,246.4
2018-05-28T10:56:58,35.2,220.3,236.6,2.7,3500.0,246.4
2018-05-28T10:57:29,35.0,205.5,234.8,3.1,3510.0,247.3
2018-05-28T10:58:00,35.2,184.8,221.2,4.7,3520.0,249.3
2018-05-28T10:58:31,35.3,190.2,222.4,2.8,3530.0,246.4
2018-05-28T10:59:02,35.4,197.8,244.3,3.8,3550.0,248.3
2018-05-28T10:59:33,35.4,189.6,230.7,2.1,3560.0,244.4
2018-05-28T11:00:04,35.3,209.7,207.6,2.8,3570.0,246.4
2018-05-28T11:00:35,35.4,187.8,237.2,4.0,3580.0,247.3
2018-05-28T11:01:07,35.5,209.7,218.8,6.5,3600.0,251.2
2018-05-28T11:01:38,35.5,204.3,220.6,6.7,3620.0,250.2
2018-05-28T11:02:09,35.4,202.6,221.8,6.6,3640.0,250.2
2018-05-28T11:02:40,35.5,200.8,218.3,6.7,3660.0,251.2
2018-05-28T11:03:11,35.6,197.8,228.9,6.7,3690.0,250.2
2018-05-28T11:03:42,35.7,204.9,227.7,6.5,3710.0,250.2
2018-05-28T11:04:13,35.9,199.0,225.4,4.6,3730.0,249.3
2018-05-28T11:04:44,36.0,203.2,210.0,6.7,3750.0,251.2
2018-05-28T11:05:15,36.0,187.8,211.2,2.5,3780.0,247.3
2018-05-28T11:05:46,36.0,213.8,240.1,2.5,3790.0,248.3
2018-05-28T11:06:18,36.1,207.9,234.2,3.7,3800.0,247.3
2018-05-28T11:06:49,36.1,195.5,218.8,3.2,3820.0,248.3
2018-05-28T11:07:20,36.1,196.7,210.0,3.4,3840.0,247.3
2018-05-28T11:07:51,36.1,209.7,216.5,3.1,3850.0,248.3
2018-05-28T11:08:22,36.2,199.6,207.0,7.2,3860.0,252.2
2018-05-28T11:08:53,36.3,197.8,221.2,7.1,3890.0,250.2
2018-05-28T11:09:24,36.3,209.1,220.6,2.3,3910.0,246.4
2018-05-28T11:09:55,36.4,206.7,218.3,1.5,3920.0,244.4
2018-05-28T11:10:26,36.5,204.3,219.4,1.5,3930.0,244.4
2018-05-28T11:10:57,36.5,204.3,220.6,1.3,3930.0,245.4
2018-05-28T11:11:29,36.3,204.3,223.6,1.3,3940.0,245.4
2018-05-28T11:12:00,36.2,204.9,216.5,1.2,3940.0,244.4
2018-05-28T11:12:31,36.2,203.7,218.8,1.2,3950.0,244.4
2018-05-28T11:13:02,36.0,209.1,220.6,1.1,3950.0,243.5
2018-05-28T11:13:33,36.1,202.0,222.4,1.0,3960.0,244.4
2018-05-28T11:14:04,36.1,200.2,223.6,0.9,3960.0,244.4
2018-05-28T11:14:35,36.1,201.4,221.2,0.9,3970.0,243.5
2018-05-28T11:15:06,36.0,210.2,221.8,0.8,3970.0,241.5
2018-05-28T11:15:37,35.9,204.3,221.2,0.8,3980.0,245.4
2018-05-28T11:16:08,35.9,196.1,225.9,0.7,3980.0,245.4
2018-05-28T11:16:39,35.9,203.7,223.6,0.6,3980.0,245.4
2018-05-28T11:17:10,35.9,203.2,225.4,0.7,3980.0,243.5
2018-05-28T11:17:41,35.6,196.7,225.9,0.6,3990.0,244.4
2018-05-28T11:18:12,35.4,209.1,216.5,0.6,3990.0,244.4
2018-05-28T11:18:43,35.4,190.2,226.5,0.6,3990.0,246.4
2018-05-28T11:19:14,35.5,210.8,228.3,0.5,3990.0,245.4
2018-05-28T11:19:45,35.5,196.7,225.9,0.6,4000.0,245.4
2018-05-28T11:20:16,35.5,206.1,235.4,0.6,4000.0,244.4
2018-05-28T11:20:48,35.6,184.8,215.3,0.6,4000.0,246.4
2018-05-28T11:21:19,35.6,164.2,218.3,0.7,4000.0,246.4
2018-05-28T11:21:50,35.6,170.1,230.1,0.8,4010.0,245.4
2018-05-28T11:22:21,35.6,194.3,233.0,0.7,4010.0,246.4
2018-05-28T11:22:52,35.6,210.8,216.5,0.7,4010.0,246.4
2018-05-28T11:23:23,35.6,208.5,198.1,0.9,4020.0,247.3
2018-05-28T11:23:54,35.6,186.0,214.1,1.0,4020.0,247.3
2018-05-28T11:24:25,35.6,163.0,241.9,1.3,4020.0,247.3
2018-05-28T11:24:56,35.6,158.9,231.3,1.3,4030.0,248.3
2018-05-28T11:25:27,35.5,183.1,223.6,1.3,4030.0,249.3
2018-05-28T11:25:59,35.5,209.7,248.4,1.2,4040.0,250.2
2018-05-28T11:26:30,35.4,215.6,222.4,1.4,4040.0,249.3
2018-05-28T11:27:01,35.5,200.8,234.2,1.3,4050.0,248.3
2018-05-28T11:27:32,35.4,200.2,235.4,1.4,4060.0,249.3
2018-05-28T11:28:03,35.4,199.0,236.6,1.4,4060.0,248.3
2018-05-28T11:28:34,35.4,194.9,229.5,1.5,4070.0,250.2
2018-05-28T11:29:05,35.3,218.5,241.3,1.4,4070.0,250.2
2018-05-28T11:29:36,35.3,216.7,234.2,1.4,4080.0,250.2
2018-05-28T11:30:07,35.2,220.9,228.3,1.5,4090.0,249.3
2018-05-28T11:30:39,35.2,222.1,243.1,1.7,4090.0,250.2
2018-05-28T11:31:10,35.2,218.5,224.8,1.7,4100.0,249.3
2018-05-28T11:31:41,35.2,206.7,242.5,1.9,4110.0,250.2
2018-05-28T11:32:12,35.3,178.3,212.3,2.5,4120.0,251.2
2018-05-28T11:32:43,35.3,145.9,178.6,4.0,4130.0,252.2
2018-05-28T11:33:14,35.4,147.0,177.4,5.8,4140.0,252.2
2018-05-28T11:33:45,35.3,130.5,191.0,7.5,4160.0,254.1
2018-05-28T11:34:16,35.3,151.2,209.4,5.9,4180.0,253.1
2018-05-28T11:34:47,35.3,178.9,230.7,5.2,4200.0,253.1
2018-05-28T11:35:18,35.2,193.1,237.2,4.1,4210.0,252.2
2018-05-28T11:35:49,35.3,204.3,219.4,4.4,4230.0,254.1
2018-05-28T11:36:21,35.4,204.9,225.4,4.6,4240.0,253.1
2018-05-28T11:36:52,35.4,213.2,209.4,7.0,4260.0,254.1
2018-05-28T11:37:23,35.5,206.7,223.0,8.0,4290.0,255.1
2018-05-28T11:37:54,35.5,207.9,231.3,6.9,4320.0,254.1
2018-05-28T11:38:25,35.6,207.3,215.3,6.5,4340.0,254.1
2018-05-28T11:38:56,35.7,220.9,223.0,4.6,4360.0,254.1
2018-05-28T11:39:27,35.9,212.0,223.6,3.4,4380.0,252.2
2018-05-28T11:39:58,36.0,218.5,214.1,4.5,4390.0,252.2
2018-05-28T11:40:29,36.0,215.0,234.2,4.5,4410.0,251.2
2018-05-28T11:41:00,36.1,215.6,239.5,4.5,4430.0,253.1
2018-05-28T11:41:31,36.1,215.6,233.0,3.9,4450.0,252.2
2018-05-28T11:42:02,36.1,201.4,211.7,3.9,4460.0,252.2
2018-05-28T11:42:33,36.2,210.2,217.1,2.0,4480.0,250.2
2018-05-28T11:43:04,36.2,213.2,220.6,1.7,4480.0,248.3
2018-05-28T11:43:35,36.2,215.0,225.9,1.4,4490.0,250.2
2018-05-28T11:44:06,36.2,215.6,227.1,1.5,4500.0,249.3
2018-05-28T11:44:37,36.2,212.0,229.5,1.4,4510.0,249.3
2018-05-28T11:45:08,36.2,215.0,228.3,1.4,4510.0,249.3
2018-05-28T11:45:40,36.2,215.6,230.1,1.4,4520.0,248.3
2018-05-28T11:46:11,36.2,210.2,229.5,1.3,4520.0,249.3
2018-05-28T11:46:42,36.2,210.8,225.9,1.2,4530.0,248.3
2018-05-28T11:47:13,36.1,209.7,230.7,1.3,4540.0,246.4
2018-05-28T11:47:44,36.1,209.7,231.3,1.3,4540.0,246.4
2018-05-28T11:48:15,36.1,206.7,227.1,1.2,4550.0,246.4
2018-05-28T11:48:46,36.1,213.8,225.9,1.2,4550.0,247.3
2018-05-28T11:49:17,36.1,206.1,233.0,1.2,4560.0,247.3
2018-05-28T11:49:48,36.1,220.3,222.4,1.2,4570.0,246.4
2018-05-28T11:50:19,36.1,216.7,228.3,1.3,4570.0,248.3
2018-05-28T11:50:51,36.1,203.2,235.4,1.4,4580.0,247.3
2018-05-28T11:51:22,36.1,214.4,232.4,1.3,4590.0,247.3
2018-05-28T11:51:53,36.1,213.2,222.4,1.4,4590.0,247.3
2018-05-28T11:52:24,36.0,213.2,228.3,1.5,4600.0,247.3
2018-05-28T11:52:55,36.0,210.8,238.4,1.6,4610.0,248.3
2018-05-28T11:53:26,36.0,210.2,229.5,1.5,4610.0,246.4
2018-05-28T11:53:57,36.0,210.8,237.2,1.6,4620.0,247.3
2018-05-28T11:54:28,36.0,216.2,228.3,1.7,4630.0,246.4
2018-05-28T11:54:59,36.0,217.9,229.5,1.6,4630.0,246.4
2018-05-28T11:55:30,36.0,215.0,227.7,1.5,4640.0,246.4
2018-05-28T11:56:01,35.9,219.1,234.8,1.6,4650.0,247.3
2018-05-28T11:56:32,35.9,206.1,240.7,1.8,4660.0,248.3
2018-05-28T11:57:03,35.7,207.3,231.9,1.5,4660.0,247.3
2018-05-28T11:57:34,35.7,215.0,231.9,1.5,4670.0,246.4
2018-05-28T11:58:05,35.7,214.4,230.1,1.2,4680.0,247.3
2018-05-28T11:58:36,35.6,217.9,228.3,1.2,4680.0,246.4
2018-05-28T11:59:07,35.6,218.5,234.2,1.2,4690.0,246.4
2018-05-28T11:59:38,35.7,217.3,231.3,1.2,4690.0,246.4
2018-05-28T12:00:09,35.7,220.3,230.7,1.1,4700.0,246.4
2018-05-28T12:00:41,35.7,216.2,228.3,1.1,4710.0,246.4
2018-05-28T12:01:12,35.7,215.0,228.3,1.1,4710.0,246.4
2018-05-28T12:01:43,35.7,215.0,231.9,1.1,4720.0,246.4
2018-05-28T12:02:14,35.7,217.9,236.0,1.2,4720.0,248.3
2018-05-28T12:02:45,35.7,210.2,234.2,1.1,4730.0,247.3
2018-05-28T12:03:16,35.7,212.0,237.2,1.0,4730.0,247.3
2018-05-28T12:03:47,35.7,212.6,237.2,1.1,4740.0,247.3
2018-05-28T12:04:18,35.7,213.2,228.9,1.2,4740.0,247.3
2018-05-28T12:04:49,35.6,216.7,229.5,1.2,4750.0,248.3
2018-05-28T12:05:20,35.6,218.5,228.3,1.1,4750.0,247.3
2018-05-28T12:05:52,35.6,206.7,230.1,1.2,4760.0,248.3
2018-05-28T12:06:23,35.7,207.3,224.2,1.2,4760.0,249.3
2018-05-28T12:06:54,35.6,214.4,239.5,1.3,4770.0,247.3
2018-05-28T12:07:25,35.7,223.2,218.3,1.3,4770.0,249.3
2018-05-28T12:07:56,35.7,199.0,239.5,1.4,4780.0,248.3
2018-05-28T12:08:27,35.7,175.4,227.1,1.8,4790.0,248.3
2018-05-28T12:08:58,35.7,155.3,231.9,2.0,4790.0,249.3
2018-05-28T12:09:29,35.7,173.0,236.6,2.1,4800.0,249.3
2018-05-28T12:10:00,35.7,203.7,210.0,2.1,4810.0,250.2
2018-05-28T12:10:32,35.6,204.9,177.4,3.1,4820.0,252.2
2018-05-28T12:11:03,35.7,189.6,167.4,4.6,4830.0,252.2
2018-05-28T12:11:34,35.7,196.7,192.2,4.1,4840.0,250.2
2018-05-28T12:12:05,35.6,196.7,211.7,3.1,4850.0,250.2
2018-05-28T12:12:36,35.7,204.9,217.1,3.0,4870.0,251.2
2018-05-28T12:13:07,35.7,196.7,209.4,2.4,4880.0,251.2
2018-05-28T12:13:38,35.7,200.2,234.2,2.1,4890.0,250.2
2018-05-28T12:14:09,35.7,191.9,220.6,2.2,4900.0,251.2
2018-05-28T12:14:40,35.7,182.5,213.5,6.7,4910.0,254.1
2018-05-28T12:15:11,35.6,200.8,204.6,2.7,4930.0,251.2
2018-05-28T12:15:42,35.4,194.9,218.8,2.0,4940.0,251.2
2018-05-28T12:16:14,35.4,191.9,229.5,1.9,4950.0,251.2
2018-05-28T12:16:45,35.3,193.1,225.9,2.0,4960.0,251.2
2018-05-28T12:17:16,35.3,189.6,223.0,1.9,4960.0,252.2
2018-05-28T12:17:47,35.3,194.9,230.1,2.0,4970.0,250.2
2018-05-28T12:18:18,35.4,194.9,231.9,2.1,4980.0,252.2
2018-05-28T12:18:49,35.4,194.9,238.4,2.0,4990.0,250.2
2018-05-28T12:19:20,35.4,221.5,229.5,2.0,5000.0,252.2
2018-05-28T12:19:51,35.5,215.6,231.9,5.4,5020.0,254.1
2018-05-28T12:20:22,35.6,215.0,239.0,5.0,5040.0,254.1
2018-05-28T12:20:58,35.7,212.6,225.9,3.5,5050.0,253.1
2018-05-28T12:21:30,35.9,216.2,227.7,1.9,5060.0,250.2
2018-05-28T12:22:01,35.7,216.2,225.4,1.8,5070.0,249.3
2018-05-28T12:22:32,35.7,217.9,227.7,1.6,5080.0,250.2
2018-05-28T12:23:03,35.7,215.6,227.1,1.6,5090.0,248.3
2018-05-28T12:23:34,35.9,212.6,225.4,1.5,5090.0,247.3
2018-05-28T12:24:05,35.9,217.9,233.6,1.3,5100.0,249.3
2018-05-28T12:24:36,35.9,210.8,231.3,1.4,5110.0,249.3
2018-05-28T12:25:07,36.0,215.0,231.9,1.3,5110.0,249.3
2018-05-28T12:25:38,36.0,219.1,230.1,1.2,5120.0,249.3
2018-05-28T12:26:10,36.0,213.2,228.9,1.2,5120.0,249.3
2018-05-28T12:26:41,36.0,217.3,230.1,1.2,5130.0,248.3
2018-05-28T12:27:12,36.0,218.5,231.9,1.1,5140.0,248.3
2018-05-28T12:27:43,36.0,217.9,235.4,1.0,5140.0,247.3
2018-05-28T12:28:14,36.1,216.2,225.9,1.0,5150.0,248.3
2018-05-28T12:28:45,36.0,216.2,226.5,1.1,5150.0,249.3
2018-05-28T12:29:16,36.0,213.8,231.9,1.1,5160.0,248.3
2018-05-28T12:29:47,36.1,210.2,234.2,1.1,5160.0,248.3
2018-05-28T12:30:18,36.0,207.9,224.8,1.0,5170.0,247.3
2018-05-28T12:30:49,36.0,209.7,228.3,1.1,5170.0,248.3
2018-05-28T12:31:20,35.9,220.3,224.2,0.9,5170.0,247.3
2018-05-28T12:31:51,35.9,204.9,228.3,1.1,5180.0,249.3
2018-05-28T12:32:22,35.9,183.1,211.2,1.2,5180.0,248.3
2018-05-28T12:32:53,35.9,194.9,230.1,1.1,5190.0,249.3
2018-05-28T12:33:24,35.9,183.7,227.7,1.2,5190.0,248.3
2018-05-28T12:33:55,35.9,196.7,217.1,1.3,5200.0,248.3
2018-05-28T12:34:26,35.9,199.6,211.7,1.2,5200.0,249.3
2018-05-28T12:34:57,35.9,190.2,234.8,1.5,5210.0,249.3
2018-05-28T12:35:28,35.7,168.9,228.3,1.6,5220.0,248.3
2018-05-28T12:36:00,35.7,171.3,225.4,1.7,5220.0,249.3
2018-05-28T12:36:31,35.7,170.1,237.2,1.8,5230.0,250.2
2018-05-28T12:37:02,35.7,173.0,221.8,1.8,5240.0,248.3
2018-05-28T12:37:33,35.7,177.2,240.7,1.6,5240.0,248.3
2018-05-28T12:38:04,35.5,178.3,233.6,1.5,5250.0,249.3
2018-05-28T12:38:35,35.5,181.3,229.5,1.4,5260.0,248.3
2018-05-28T12:39:06,35.4,178.3,233.0,1.5,5260.0,248.3
2018-05-28T12:39:37,35.4,173.0,232.4,1.4,5270.0,248.3
2018-05-28T12:40:08,35.4,173.6,234.2,1.2,5280.0,247.3
2018-05-28T12:40:39,35.5,174.8,230.7,1.2,5280.0,246.4
2018-05-28T12:41:11,35.4,196.1,230.1,1.0,5290.0,248.3
2018-05-28T12:41:42,35.4,216.7,234.8,0.9,5290.0,246.4
2018-05-28T12:42:13,35.4,219.1,234.8,0.8,5300.0,247.3
2018-05-28T12:42:44,35.4,202.0,239.5,0.9,5300.0,247.3
2018-05-28T12:43:15,35.3,219.7,232.4,0.8,5300.0,247.3
2018-05-28T12:43:46,35.3,198.4,230.7,1.0,5310.0,247.3
2018-05-28T12:44:17,35.3,177.8,241.9,1.1,5310.0,247.3
2018-05-28T12:44:48,35.4,168.9,233.6,1.0,5320.0,247.3
2018-05-28T12:45:19,35.4,191.9,231.3,1.0,5320.0,246.4
2018-05-28T12:45:50,35.4,213.8,228.3,0.9,5330.0,246.4
2018-05-28T12:46:22,35.3,219.7,224.8,0.9,5330.0,246.4
2018-05-28T12:46:53,35.3,213.8,223.0,1.0,5340.0,247.3
2018-05-28T12:47:24,35.2,209.1,237.2,1.0,5340.0,248.3
2018-05-28T12:47:55,35.3,219.7,218.8,1.0,5340.0,248.3
2018-05-28T12:48:26,35.3,198.4,242.5,1.1,5350.0,249.3
2018-05-28T12:48:57,35.3,191.9,223.6,1.1,5350.0,248.3
2018-05-28T12:49:28,35.3,199.0,233.6,1.2,5360.0,247.3
2018-05-28T12:49:59,35.3,193.1,231.3,1.2,5360.0,246.4
2018-05-28T12:50:30,35.2,189.6,229.5,1.2,5370.0,247.3
2018-05-28T12:51:01,35.3,197.3,231.9,1.2,5370.0,248.3
2018-05-28T12:51:32,35.2,189.0,228.3,1.1,5380.0,246.4
2018-05-28T12:52:03,35.2,189.6,226.5,1.1,5380.0,248.3
2018-05-28T12:52:34,35.2,206.7,241.3,1.1,5390.0,247.3
2018-05-28T12:53:05,35.2,215.0,224.8,1.0,5390.0,247.3
2018-05-28T12:53:36,35.2,215.0,237.8,1.0,5400.0,247.3
2018-05-28T12:54:07,35.2,215.6,221.8,1.1,5400.0,248.3
2018-05-28T12:54:38,35.2,220.3,230.7,1.1,5410.0,248.3
2018-05-28T12:55:09,35.2,217.9,236.6,1.1,5410.0,248.3
2018-05-28T12:55:40,35.2,224.4,232.4,1.1,5420.0,249.3
2018-05-28T12:56:12,35.2,203.7,211.2,1.2,5420.0,249.3
2018-05-28T12:56:43,35.2,209.1,213.5,1.3,5430.0,251.2
2018-05-28T12:57:14,35.0,219.7,242.5,1.3,5440.0,250.2
2018-05-28T12:57:45,35.0,212.6,232.4,1.4,5440.0,250.2
2018-05-28T12:58:16,35.0,215.0,235.4,1.5,5450.0,251.2
2018-05-28T12:58:47,35.0,224.4,229.5,1.6,5460.0,251.2
2018-05-28T12:59:18,35.0,205.5,236.0,1.8,5470.0,251.2
2018-05-28T12:59:49,35.0,195.5,232.4,2.0,5470.0,252.2
2018-05-28T13:00:20,35.0,195.5,234.2,2.4,5480.0,252.2
2018-05-28T13:00:51,35.0,196.7,228.9,2.2,5490.0,252.2
2018-05-28T13:01:23,35.0,223.8,239.5,2.2,5500.0,252.2
2018-05-28T13:01:54,35.0,215.0,232.4,2.3,5510.0,253.1
2018-05-28T13:02:25,34.8,212.0,232.4,2.3,5520.0,253.1
2018-05-28T13:02:56,34.8,228.6,204.1,2.5,5530.0,253.1
2018-05-28T13:03:27,34.8,226.8,212.3,3.0,5540.0,254.1
2018-05-28T13:03:58,34.9,225.6,226.5,2.5,5560.0,253.1
2018-05-28T13:04:29,34.9,222.1,233.0,1.9,5570.0,252.2
2018-05-28T13:05:00,35.0,222.7,232.4,1.5,5580.0,251.2
2018-05-28T13:05:31,34.9,222.7,233.6,1.4,5580.0,252.2
2018-05-28T13:06:02,34.9,223.2,230.1,1.2,5590.0,252.2
2018-05-28T13:06:34,34.9,223.2,232.4,1.0,5600.0,252.2
2018-05-28T13:07:05,35.0,215.6,231.9,1.1,5600.0,251.2
2018-05-28T13:07:36,35.0,216.2,231.9,1.0,5610.0,251.2
2018-05-28T13:08:07,35.0,216.7,231.3,1.0,5610.0,250.2
2018-05-28T13:08:38,35.0,215.0,233.6,0.9,5620.0,250.2
2018-05-28T13:09:09,35.0,212.0,232.4,0.8,5620.0,250.2
2018-05-28T13:09:40,35.0,210.2,235.4,0.9,5630.0,249.3
2018-05-28T13:10:11,35.0,217.9,234.2,0.9,5630.0,250.2
2018-05-28T13:10:42,34.9,220.3,237.2,0.7,5630.0,248.3
2018-05-28T13:11:13,35.0,220.9,229.5,0.8,5640.0,249.3
2018-05-28T13:11:44,35.0,212.0,225.9,0.8,5640.0,249.3
2018-05-28T13:12:15,35.0,213.8,225.4,0.8,5650.0,249.3
2018-05-28T13:12:46,35.0,216.2,230.7,0.9,5650.0,249.3
2018-05-28T13:13:17,35.0,216.2,225.9,0.9,5660.0,249.3
2018-05-28T13:13:48,34.9,215.0,235.4,0.9,5660.0,249.3
2018-05-28T13:14:19,34.9,215.6,226.5,0.9,5660.0,248.3
2018-05-28T13:14:50,34.9,213.2,236.6,0.9,5670.0,250.2
2018-05-28T13:15:21,34.9,204.9,228.3,0.9,5670.0,249.3
2018-05-28T13:15:53,35.0,215.0,235.4,1.0,5680.0,248.3
2018-05-28T13:16:25,35.0,212.0,225.9,1.0,5680.0,249.3
2018-05-28T13:16:56,35.0,213.8,231.3,1.1,5690.0,248.3
2018-05-28T13:17:27,35.0,209.1,237.2,1.0,5690.0,248.3
2018-05-28T13:17:58,34.9,186.6,228.3,1.2,5700.0,248.3
2018-05-28T13:18:29,34.9,203.7,232.4,1.1,5700.0,248.3
2018-05-28T13:19:00,35.0,222.1,224.2,1.0,5700.0,247.3
2018-05-28T13:19:31,35.0,211.4,228.3,1.1,5710.0,248.3
2018-05-28T13:20:02,35.0,209.7,239.5,1.1,5720.0,249.3
2018-05-28T13:20:33,35.0,220.3,229.5,1.2,5720.0,248.3
2018-05-28T13:21:05,35.0,220.9,234.2,1.1,5730.0,249.3
2018-05-28T13:21:36,35.0,215.0,234.2,1.1,5730.0,248.3
2018-05-28T13:22:07,35.2,210.2,225.9,1.1,5740.0,249.3
2018-05-28T13:22:38,35.0,223.8,241.3,1.1,5740.0,250.2
2018-05-28T13:23:09,35.0,222.7,225.9,1.2,5750.0,250.2
2018-05-28T13:23:40,35.2,219.7,235.4,1.2,5750.0,250.2
2018-05-28T13:24:11,35.2,214.4,237.2,1.2,5760.0,250.2
2018-05-28T13:24:42,35.2,212.0,232.4,1.2,5760.0,250.2
2018-05-28T13:25:13,35.2,216.2,237.2,1.1,5770.0,249.3
2018-05-28T13:25:44,35.2,213.8,234.8,1.1,5770.0,249.3
2018-05-28T13:26:16,35.0,222.1,236.6,1.1,5780.0,250.2
2018-05-28T13:26:47,35.0,226.2,221.8,1.2,5790.0,248.3
2018-05-28T13:27:18,35.0,199.6,197.5,1.6,5790.0,250.2
2018-05-28T13:27:49,35.0,199.0,214.7,1.7,5800.0,249.3
2018-05-28T13:28:20,35.0,187.8,238.4,1.8,5800.0,250.2
2018-05-28T13:28:51,35.0,200.8,238.4,1.6,5810.0,249.3
2018-05-28T13:29:22,35.0,199.6,236.6,1.7,5820.0,248.3
2018-05-28T13:29:53,35.0,189.0,233.6,1.8,5820.0,248.3
2018-05-28T13:30:24,34.9,206.1,224.2,1.6,5830.0,249.3
2018-05-28T13:30:55,35.0,186.6,236.6,1.7,5840.0,249.3
2018-05-28T13:31:26,35.0,202.0,240.1,1.8,5850.0,249.3
2018-05-28T13:31:57,35.0,187.8,219.4,1.8,5850.0,248.3
2018-05-28T13:32:28,35.0,201.4,221.8,1.8,5860.0,249.3
2018-05-28T13:32:59,35.0,215.6,204.1,1.7,5870.0,248.3
2018-05-28T13:33:30,35.0,224.4,225.4,1.6,5880.0,249.3
2018-05-28T13:34:01,35.0,223.2,240.7,1.7,5890.0,249.3
2018-05-28T13:34:32,35.0,219.1,221.2,1.5,5890.0,249.3
2018-05-28T13:35:03,35.0,218.5,224.8,1.6,5900.0,249.3
2018-05-28T13:35:35,35.2,219.7,230.1,1.6,5910.0,251.2
2018-05-28T13:36:06,35.2,202.6,215.3,1.5,5920.0,249.3
2018-05-28T13:36:37,35.2,197.8,223.6,1.7,5920.0,249.3
2018-05-28T13:37:08,35.2,194.3,236.6,1.6,5930.0,248.3
2018-05-28T13:37:39,35.0,173.0,221.8,1.9,5940.0,250.2
2018-05-28T13:38:10,35.0,176.6,225.9,2.1,5940.0,250.2
2018-05-28T13:38:41,35.0,186.0,234.8,1.6,5950.0,249.3
2018-05-28T13:39:12,35.2,190.8,239.5,1.5,5960.0,249.3
2018-05-28T13:39:43,35.2,188.4,232.4,1.5,5960.0,248.3
2018-05-28T13:40:14,35.2,210.2,227.1,1.4,5970.0,249.3
2018-05-28T13:40:46,35.2,213.8,236.6,1.5,5980.0,249.3
2018-05-28T13:41:17,35.3,204.3,258.5,2.4,5990.0,253.1
2018-05-28T13:41:48,35.3,205.5,241.9,1.7,6000.0,250.2
2018-05-28T13:42:19,35.3,233.3,216.5,1.8,6010.0,251.2
2018-05-28T13:42:50,35.2,226.8,240.1,2.1,6020.0,251.2
2018-05-28T13:43:21,35.3,229.2,243.7,2.1,6030.0,252.2
2018-05-28T13:43:52,35.2,225.6,233.6,2.0,6040.0,251.2
2018-05-28T13:44:23,35.0,224.4,241.9,2.3,6060.0,253.1
2018-05-28T13:44:54,34.7,232.1,221.8,2.1,6070.0,251.2
2018-05-28T13:45:25,34.6,225.0,229.5,2.2,6080.0,252.2
2018-05-28T13:45:57,34.7,226.2,233.6,2.2,6090.0,250.2
2018-05-28T13:46:28,34.8,222.7,233.6,2.1,6110.0,249.3
2018-05-28T13:46:59,34.9,218.5,232.4,2.0,6110.0,250.2
2018-05-28T13:47:30,34.8,193.7,204.6,2.3,6120.0,249.3
2018-05-28T13:48:01,34.9,210.2,220.6,2.1,6130.0,250.2
2018-05-28T13:48:32,35.0,219.7,228.9,2.2,6140.0,250.2
2018-05-28T13:49:03,35.0,227.4,230.7,2.2,6160.0,251.2
2018-05-28T13:49:34,35.2,229.2,225.4,2.2,6170.0,251.2
2018-05-28T13:50:05,35.2,219.7,208.8,2.4,6180.0,251.2
2018-05-28T13:50:36,35.3,220.9,222.4,2.4,6190.0,250.2
2018-05-28T13:51:08,35.3,216.2,231.3,2.3,6200.0,253.1
2018-05-28T13:51:39,35.4,223.8,208.2,2.3,6210.0,251.2
2018-05-28T13:52:10,35.4,222.1,214.1,2.2,6230.0,251.2
2018-05-28T13:52:41,35.5,218.5,227.1,2.1,6240.0,251.2
2018-05-28T13:53:12,35.5,216.7,224.2,2.0,6240.0,252.2
2018-05-28T13:53:43,35.5,219.1,227.7,1.9,6250.0,253.1
2018-05-28T13:54:14,35.6,222.1,220.6,1.7,6260.0,252.2
2018-05-28T13:54:45,35.6,215.6,225.4,1.8,6270.0,253.1
2018-05-28T13:55:16,35.6,205.5,233.0,1.9,6280.0,252.2
2018-05-28T13:55:47,35.6,216.7,228.3,1.9,6290.0,252.2
2018-05-28T13:56:19,35.6,217.3,227.1,1.8,6300.0,251.2
2018-05-28T13:56:50,35.6,215.6,225.9,1.8,6310.0,251.2
2018-05-28T13:57:21,35.6,209.1,230.7,1.9,6320.0,250.2
2018-05-28T13:57:52,35.6,213.8,225.9,1.8,6320.0,250.2
2018-05-28T13:58:23,35.6,213.2,222.4,1.9,6330.0,252.2
2018-05-28T13:58:54,35.6,204.3,230.1,1.9,6340.0,250.2
2018-05-28T13:59:25,35.5,216.2,232.4,1.8,6350.0,250.2
2018-05-28T13:59:56,35.5,218.5,224.8,1.7,6360.0,249.3
2018-05-28T14:00:27,35.6,214.4,228.3,1.9,6370.0,249.3
2018-05-28T14:00:58,35.6,213.8,228.3,1.7,6370.0,249.3
2018-05-28T14:01:29,35.6,210.8,225.4,1.7,6380.0,249.3
2018-05-28T14:02:00,35.6,220.9,226.5,1.5,6390.0,249.3
2018-05-28T14:02:31,35.6,213.8,233.6,1.6,6400.0,249.3
2018-05-28T14:03:02,35.7,216.2,228.9,1.6,6400.0,249.3
2018-05-28T14:03:33,35.7,213.2,225.9,1.6,6410.0,249.3
2018-05-28T14:04:04,35.7,220.9,227.1,1.6,6420.0,251.2
2018-05-28T14:04:35,35.7,214.4,230.7,1.5,6430.0,250.2
2018-05-28T14:05:06,35.7,220.3,230.1,1.5,6430.0,249.3
2018-05-28T14:05:38,35.7,217.3,229.5,1.4,6440.0,249.3
2018-05-28T14:06:09,35.7,217.9,226.5,1.3,6450.0,250.2
2018-05-28T14:06:40,35.7,218.5,228.3,1.3,6450.0,250.2
2018-05-28T14:07:11,35.7,218.5,231.3,1.3,6460.0,249.3
2018-05-28T14:07:42,35.7,218.5,230.1,1.2,6460.0,248.3
2018-05-28T14:08:13,35.7,212.0,223.6,1.2,6470.0,248.3
2018-05-28T14:08:44,35.7,207.9,236.6,1.3,6470.0,249.3
2018-05-28T14:09:15,35.7,213.2,216.5,1.3,6480.0,248.3
2018-05-28T14:09:46,35.7,213.2,240.7,1.3,6490.0,247.3
2018-05-28T14:10:17,35.9,217.3,218.8,1.4,6490.0,245.4
2018-05-28T14:10:49,35.7,209.1,237.2,1.3,6500.0,246.4
2018-05-28T14:11:20,35.7,215.0,218.8,1.5,6500.0,246.4
2018-05-28T14:11:51,35.7,210.8,239.5,1.5,6510.0,247.3
2018-05-28T14:12:22,35.7,216.7,227.7,1.4,6520.0,246.4
2018-05-28T14:12:53,35.7,216.2,235.4,1.4,6520.0,246.4
2018-05-28T14:13:24,35.7,213.8,235.4,1.4,6530.0,245.4
2018-05-28T14:13:55,35.7,215.0,227.7,1.5,6540.0,248.3
2018-05-28T14:14:26,35.9,220.3,229.5,1.5,6550.0,245.4
2018-05-28T14:14:57,35.9,220.9,237.2,1.5,6550.0,246.4
2018-05-28T14:15:28,35.9,219.7,230.7,1.5,6560.0,245.4
2018-05-28T14:16:00,35.9,217.3,234.8,1.5,6570.0,245.4
2018-05-28T14:16:31,35.9,213.2,232.4,1.3,6570.0,246.4
2018-05-28T14:17:02,35.9,217.9,233.6,1.3,6580.0,245.4
2018-05-28T14:17:33,36.0,217.3,235.4,1.2,6590.0,247.3
2018-05-28T14:18:04,35.9,218.5,234.2,1.3,6590.0,243.5
2018-05-28T14:18:35,35.9,216.2,232.4,1.3,6600.0,245.4
2018-05-28T14:19:06,35.9,218.5,229.5,1.3,6610.0,244.4
2018-05-28T14:19:37,35.9,218.5,225.9,1.2,6610.0,245.4
2018-05-28T14:20:08,35.9,212.6,228.9,1.3,6620.0,244.4
2018-05-28T14:20:39,35.9,211.4,231.3,1.2,6620.0,244.4
2018-05-28T14:21:10,36.0,214.4,233.6,1.3,6630.0,246.4
2018-05-28T14:21:41,36.0,210.2,234.8,1.2,6640.0,246.4
2018-05-28T14:22:12,36.0,215.6,229.5,1.3,6640.0,246.4
2018-05-28T14:22:43,35.9,220.9,238.4,1.1,6650.0,245.4
2018-05-28T14:23:14,35.9,219.1,235.4,1.1,6650.0,246.4
2018-05-28T14:23:45,35.9,222.1,234.2,1.1,6660.0,245.4
2018-05-28T14:24:16,35.9,217.3,229.5,1.2,6660.0,246.4
2018-05-28T14:24:47,35.9,220.3,233.0,1.1,6670.0,246.4
2018-05-28T14:25:18,35.7,215.0,231.3,1.2,6670.0,246.4
2018-05-28T14:25:50,35.7,217.9,230.1,1.1,6680.0,246.4
2018-05-28T14:26:21,35.7,220.3,227.1,1.1,6680.0,246.4
2018-05-28T14:26:52,35.9,220.9,228.3,1.0,6690.0,247.3
2018-05-28T14:27:23,35.7,215.0,233.0,1.1,6690.0,246.4
2018-05-28T14:27:54,35.7,210.2,236.6,1.1,6700.0,247.3
2018-05-28T14:28:25,35.7,217.9,228.3,1.0,6700.0,248.3
2018-05-28T14:28:56,35.7,218.5,234.2,1.1,6710.0,247.3
2018-05-28T14:29:27,35.9,217.3,227.1,1.1,6710.0,249.3
2018-05-28T14:29:58,35.7,210.8,230.1,1.1,6720.0,248.3
2018-05-28T14:30:29,35.7,217.9,235.4,1.0,6720.0,247.3
2018-05-28T14:31:01,35.7,216.7,234.2,1.0,6730.0,248.3
2018-05-28T14:31:32,35.6,217.9,227.7,0.9,6730.0,247.3
2018-05-28T14:32:03,35.6,217.9,228.3,0.9,6740.0,248.3
2018-05-28T14:32:34,35.6,211.4,231.3,0.9,6740.0,248.3
2018-05-28T14:33:05,35.6,212.0,233.0,0.8,6740.0,247.3
2018-05-28T14:33:36,35.6,206.1,230.1,0.7,6750.0,248.3
2018-05-28T14:34:07,35.6,205.5,230.7,0.6,6750.0,247.3
2018-05-28T14:34:38,35.5,206.1,228.9,0.7,6750.0,247.3
2018-05-28T14:35:09,35.5,215.0,230.7,0.6,6760.0,247.3
2018-05-28T14:35:40,35.5,198.4,227.1,0.5,6760.0,246.4
2018-05-28T14:36:12,35.5,213.2,224.2,0.5,6760.0,246.4
2018-05-28T14:36:43,35.5,197.3,221.2,0.6,6760.0,247.3
2018-05-28T14:37:14,35.5,211.4,235.4,0.5,6770.0,247.3
2018-05-28T14:37:45,35.5,189.6,213.5,0.5,6770.0,247.3
2018-05-28T14:38:16,35.5,212.0,230.1,0.6,6770.0,247.3
2018-05-28T14:38:47,35.4,196.7,225.9,0.5,6770.0,246.4
2018-05-28T14:39:18,35.4,203.2,217.1,0.6,6770.0,245.4
2018-05-28T14:39:49,35.4,203.2,238.4,0.5,6780.0,246.4
2018-05-28T14:40:20,35.3,207.9,216.5,0.5,6780.0,246.4
2018-05-28T14:40:51,35.3,202.0,227.7,0.5,6780.0,246.4
2018-05-28T14:41:22,35.2,210.8,232.4,0.5,6780.0,246.4
2018-05-28T14:41:53,35.2,200.8,211.2,0.5,6780.0,247.3
2018-05-28T14:42:24,35.2,179.5,216.5,0.6,6790.0,247.3
2018-05-28T14:42:55,35.2,194.3,225.4,0.5,6790.0,246.4
2018-05-28T14:43:26,35.2,215.6,233.0,0.5,6790.0,247.3
2018-05-28T14:43:57,35.0,199.0,212.3,0.5,6790.0,246.4
2018-05-28T14:44:28,35.0,178.3,227.7,0.5,6790.0,246.4
2018-05-28T14:44:59,35.0,190.8,234.2,0.5,6790.0,247.3
2018-05-28T14:45:30,35.0,212.0,230.1,0.4,6800.0,247.3
2018-05-28T14:46:02,35.0,202.6,222.4,0.5,6800.0,247.3
2018-05-28T14:46:33,34.9,181.3,218.3,0.5,6800.0,247.3
2018-05-28T14:47:04,34.9,201.4,239.0,0.4,6800.0,245.4
2018-05-28T14:47:35,34.9,213.2,219.4,0.4,6800.0,245.4
2018-05-28T14:48:06,34.8,194.9,230.1,0.5,6810.0,245.4
2018-05-28T14:48:37,34.8,214.4,228.3,0.3,6810.0,246.4
2018-05-28T14:49:08,34.8,203.7,212.3,0.4,6810.0,245.4
2018-05-28T14:49:39,34.7,183.1,233.6,0.4,6810.0,245.4
2018-05-28T14:50:10,34.7,194.9,223.0,0.3,6810.0,245.4
2018-05-28T14:50:41,34.6,216.7,222.4,0.3,6810.0,244.4
2018-05-28T14:51:13,34.6,197.3,237.2,0.3,6810.0,245.4
2018-05-28T14:51:44,34.6,176.6,216.5,0.4,6820.0,243.5
2018-05-28T14:52:15,34.6,183.7,223.0,0.4,6820.0,244.4
2018-05-28T14:52:46,34.6,203.7,236.6,0.3,6820.0,246.4
2018-05-28T14:53:17,34.6,202.6,222.4,0.4,6820.0,247.3
2018-05-28T14:53:48,34.6,183.1,205.2,0.4,6820.0,247.3
2018-05-28T14:54:19,34.6,161.8,227.7,0.4,6820.0,248.3
2018-05-28T14:54:50,34.5,159.4,237.8,0.5,6820.0,246.4
2018-05-28T14:55:21,34.4,183.1,214.7,0.5,6830.0,247.3
2018-05-28T14:55:52,34.4,205.5,193.4,0.5,6830.0,247.3
2018-05-28T14:56:23,34.4,218.5,181.0,0.4,6830.0,247.3
2018-05-28T14:56:54,34.4,196.1,211.7,0.6,6830.0,247.3
2018-05-28T14:57:25,34.4,205.5,220.6,0.5,6830.0,248.3
2018-05-28T14:57:56,34.4,213.8,218.3,0.6,6840.0,247.3
2018-05-28T14:58:27,34.4,194.3,239.5,0.6,6840.0,247.3
2018-05-28T14:58:58,34.4,173.0,228.3,0.7,6840.0,246.4
2018-05-28T14:59:29,34.4,151.8,207.0,0.8,6850.0,247.3
2018-05-28T15:00:00,34.4,147.0,212.9,0.8,6850.0,248.3
2018-05-28T15:00:32,34.4,171.3,239.0,0.9,6850.0,247.3
2018-05-28T15:01:03,34.4,194.9,232.4,0.8,6850.0,248.3
2018-05-28T15:01:34,34.2,218.5,226.5,0.8,6860.0,247.3
2018-05-28T15:02:05,34.2,206.1,240.7,0.8,6860.0,248.3
2018-05-28T15:02:36,34.2,185.4,219.4,0.9,6870.0,247.3
2018-05-28T15:03:07,34.2,194.9,234.2,1.0,6870.0,248.3
2018-05-28T15:03:38,34.2,217.9,240.1,0.9,6870.0,247.3
2018-05-28T15:04:09,34.2,209.1,222.4,1.0,6880.0,247.3
2018-05-28T15:04:40,34.2,222.1,242.5,0.8,6880.0,247.3
2018-05-28T15:05:11,34.2,223.2,223.6,0.9,6890.0,247.3
2018-05-28T15:05:43,34.2,212.6,245.5,1.0,6890.0,246.4
2018-05-28T15:06:14,34.1,219.7,230.7,0.9,6890.0,249.3
2018-05-28T15:06:45,34.1,213.8,225.9,1.0,6900.0,247.3
2018-05-28T15:07:16,34.1,209.7,241.9,0.9,6900.0,246.4
2018-05-28T15:07:47,34.2,215.6,225.4,1.0,6910.0,246.4
2018-05-28T15:08:18,34.2,220.3,240.1,0.9,6910.0,247.3
2018-05-28T15:08:49,34.2,216.7,239.5,0.9,6920.0,247.3
2018-05-28T15:09:20,34.2,211.4,229.5,1.0,6920.0,248.3
2018-05-28T15:09:51,34.1,223.8,244.3,1.0,6930.0,249.3
2018-05-28T15:10:22,34.0,213.2,236.6,0.9,6930.0,249.3
2018-05-28T15:10:54,34.0,213.2,239.0,1.0,6940.0,248.3
2018-05-28T15:11:25,34.1,211.4,239.5,1.0,6940.0,247.3
2018-05-28T15:11:56,34.0,214.4,234.8,0.9,6940.0,247.3
2018-05-28T15:12:27,34.0,215.6,233.6,0.9,6950.0,248.3
2018-05-28T15:12:58,34.0,219.1,228.3,0.9,6950.0,248.3
2018-05-28T15:13:29,34.0,224.4,241.9,0.9,6960.0,249.3
2018-05-28T15:14:00,34.0,215.0,232.4,0.9,6960.0,250.2
2018-05-28T15:14:31,34.0,211.4,227.1,0.9,6970.0,249.3
2018-05-28T15:15:02,33.9,215.6,237.2,0.9,6970.0,248.3
2018-05-28T15:15:34,33.9,222.1,234.2,0.9,6970.0,249.3
2018-05-28T15:16:05,33.9,210.8,232.4,0.9,6980.0,250.2
2018-05-28T15:16:36,33.9,217.9,240.1,0.9,6980.0,249.3
2018-05-28T15:17:07,34.0,228.6,261.4,0.9,6990.0,248.3
2018-05-28T15:17:38,34.0,212.0,223.0,0.9,6990.0,250.2
2018-05-28T15:18:09,34.0,233.3,195.8,1.0,7000.0,250.2
2018-05-28T15:18:40,33.9,217.9,227.7,1.0,7010.0,251.2
2018-05-28T15:19:11,34.1,217.9,234.8,0.9,7010.0,250.2
2018-05-28T15:19:42,34.1,230.3,233.6,0.9,7020.0,248.3
2018-05-28T15:20:13,34.1,222.7,233.0,0.9,7030.0,248.3
2018-05-28T15:20:45,34.1,220.3,234.8,0.9,7030.0,249.3
2018-05-28T15:21:16,34.1,220.3,239.5,0.7,7040.0,249.3
2018-05-28T15:21:47,34.1,207.3,232.4,0.7,7040.0,248.3
2018-05-28T15:22:18,33.9,213.8,233.6,0.7,7040.0,248.3
2018-05-28T15:22:49,33.9,218.5,226.5,0.6,7050.0,247.3
2018-05-28T15:23:20,34.0,207.9,236.0,0.6,7050.0,248.3
2018-05-28T15:23:51,34.0,215.0,234.2,0.6,7050.0,247.3
2018-05-28T15:24:22,34.0,206.7,236.0,0.7,7060.0,247.3
2018-05-28T15:24:53,34.0,212.6,234.2,0.6,7060.0,248.3
2018-05-28T15:25:24,34.0,220.9,227.7,0.6,7060.0,247.3
2018-05-28T15:25:55,34.1,210.2,235.4,0.6,7060.0,247.3
2018-05-28T15:26:27,34.0,216.7,228.9,0.6,7070.0,245.4
2018-05-28T15:26:58,34.0,200.8,236.0,0.6,7070.0,247.3
2018-05-28T15:27:29,34.0,216.2,231.9,0.6,7070.0,246.4
2018-05-28T15:28:00,34.0,212.0,230.1,0.6,7080.0,246.4
2018-05-28T15:28:31,34.0,209.7,242.5,0.6,7080.0,245.4
2018-05-28T15:29:02,34.0,207.9,224.2,0.5,7080.0,245.4
2018-05-28T15:29:33,34.0,211.4,240.1,0.6,7080.0,245.4
2018-05-28T15:30:04,34.0,210.8,240.1,0.5,7090.0,246.4
2018-05-28T15:30:35,34.0,210.2,223.0,0.5,7090.0,246.4
2018-05-28T15:31:07,34.0,203.2,233.0,0.5,7090.0,245.4
2018-05-28T15:31:38,34.0,213.2,236.6,0.5,7090.0,246.4
2018-05-28T15:32:09,33.9,215.0,228.9,0.5,7100.0,246.4
2018-05-28T15:32:40,34.0,199.6,236.6,0.5,7100.0,245.4
2018-05-28T15:33:11,33.9,190.2,228.3,0.6,7100.0,245.4
2018-05-28T15:33:42,33.9,212.0,240.1,0.5,7100.0,243.5
2018-05-28T15:34:13,33.9,202.0,236.6,0.5,7110.0,244.4
2018-05-28T15:34:44,33.9,210.2,226.5,0.4,7110.0,245.4
2018-05-28T15:35:15,33.9,205.5,241.3,0.4,7110.0,245.4
2018-05-28T15:35:46,33.8,207.3,224.2,0.5,7110.0,244.4
2018-05-28T15:36:18,33.8,206.7,237.2,0.4,7110.0,244.4
2018-05-28T15:36:49,33.8,209.1,224.8,0.4,7120.0,245.4
2018-05-28T15:37:20,33.8,201.4,232.4,0.4,7120.0,245.4
2018-05-28T15:37:51,33.8,190.8,227.7,0.4,7120.0,245.4
2018-05-28T15:38:22,33.8,211.4,237.2,0.4,7120.0,244.4
2018-05-28T15:38:53,33.7,195.5,230.1,0.5,7120.0,244.4
2018-05-28T15:39:24,33.8,213.8,216.5,0.4,7130.0,243.5
2018-05-28T15:39:55,33.7,194.3,238.4,0.4,7130.0,245.4
2018-05-28T15:40:26,33.7,207.3,225.4,0.4,7130.0,244.4
2018-05-28T15:40:57,33.7,206.7,234.2,0.4,7130.0,245.4
2018-05-28T15:41:28,33.7,185.4,221.2,0.4,7130.0,245.4
2018-05-28T15:41:59,33.7,198.4,242.5,0.4,7130.0,245.4
2018-05-28T15:42:30,33.7,217.3,222.4,0.3,7140.0,244.4
2018-05-28T15:43:01,33.7,197.3,220.0,0.4,7140.0,243.5
2018-05-28T15:43:32,33.5,190.8,242.5,0.4,7140.0,245.4
2018-05-28T15:44:03,33.5,213.8,228.3,0.4,7140.0,243.5
2018-05-28T15:44:34,33.5,206.7,233.6,0.4,7140.0,245.4
2018-05-28T15:45:05,33.5,185.4,243.1,0.5,7140.0,244.4
2018-05-28T15:45:37,33.5,163.6,210.0,0.6,7150.0,244.4
2018-05-28T15:46:08,33.5,142.3,179.2,0.6,7150.0,245.4
2018-05-28T15:46:39,33.5,121.6,156.7,0.8,7150.0,246.4
2018-05-28T15:47:10,33.5,112.2,170.3,0.8,7160.0,246.4
2018-05-28T15:47:41,33.5,111.6,204.1,0.9,7160.0,246.4
2018-05-28T15:48:12,33.5,121.6,237.2,0.9,7170.0,246.4
2018-05-28T15:48:43,33.5,144.1,237.8,0.8,7180.0,245.4
2018-05-28T15:49:14,33.5,146.4,237.2,0.7,7180.0,244.4
2018-05-28T15:49:45,33.5,166.5,233.6,0.6,7180.0,244.4
2018-05-28T15:50:16,33.5,178.3,234.2,0.6,7190.0,244.4
2018-05-28T15:50:48,33.5,199.6,235.4,0.5,7190.0,245.4
2018-05-28T15:51:19,33.5,217.3,227.7,0.5,7190.0,245.4
2018-05-28T15:51:50,33.5,208.5,234.8,0.5,7190.0,244.4
2018-05-28T15:52:21,33.5,215.6,215.3,0.5,7200.0,244.4
2018-05-28T15:52:52,33.5,203.7,234.8,0.5,7200.0,246.4
2018-05-28T15:53:23,33.5,213.2,226.5,0.5,7200.0,244.4
2018-05-28T15:53:54,33.5,205.5,237.2,0.5,7200.0,243.5
2018-05-28T15:54:25,33.5,213.8,223.0,0.5,7210.0,244.4
2018-05-28T15:54:56,33.5,192.5,237.2,0.5,7210.0,246.4
2018-05-28T15:55:27,33.5,188.4,224.8,0.6,7210.0,244.4
2018-05-28T15:55:59,33.4,207.9,232.4,0.5,7210.0,245.4
2018-05-28T15:56:30,33.5,209.7,227.1,0.5,7220.0,243.5
2018-05-28T15:57:01,33.5,210.8,229.5,0.5,7220.0,245.4
2018-05-28T15:57:32,33.4,209.1,227.1,0.4,7220.0,244.4
2018-05-28T15:58:03,33.4,210.2,229.5,0.4,7220.0,245.4
2018-05-28T15:58:34,33.4,215.0,225.9,0.3,7220.0,244.4
2018-05-28T15:59:05,33.4,205.5,223.6,0.3,7220.0,245.4
2018-05-28T15:59:36,33.4,202.0,225.4,0.3,7230.0,243.5
2018-05-28T16:00:07,33.4,204.3,225.9,0.3,7230.0,244.4
2018-05-28T16:00:38,33.4,198.4,225.4,0.3,7230.0,244.4
2018-05-28T16:01:10,33.4,176.6,218.8,0.3,7230.0,243.5
2018-05-28T16:01:41,33.3,182.5,228.3,0.3,7230.0,242.5
2018-05-28T16:02:12,33.3,202.6,207.0,0.3,7230.0,243.5
2018-05-28T16:02:43,33.3,199.0,225.4,0.2,7230.0,244.4
2018-05-28T16:03:14,33.3,179.5,221.8,0.2,7230.0,244.4
2018-05-28T16:03:45,33.3,178.3,233.6,0.2,7230.0,244.4
2018-05-28T16:04:16,33.3,199.0,211.7,0.2,7230.0,242.5
2018-05-28T16:04:47,33.3,206.7,191.6,0.2,7230.0,243.5
2018-05-28T16:05:18,33.2,184.3,206.4,0.2,7240.0,243.5
2018-05-28T16:05:49,33.2,167.7,227.7,0.2,7240.0,243.5
2018-05-28T16:06:21,33.2,189.6,225.9,0.2,7240.0,244.4
2018-05-28T16:06:52,33.1,204.3,206.4,0.2,7240.0,244.4
2018-05-28T16:07:23,33.1,194.3,208.2,0.2,7240.0,244.4
2018-05-28T16:07:54,33.1,172.4,230.1,0.2,7240.0,243.5
2018-05-28T16:08:25,33.1,183.1,231.3,0.2,7240.0,245.4
2018-05-28T16:08:56,33.1,205.5,209.4,0.2,7240.0,244.4
2018-05-28T16:09:27,33.1,202.0,189.3,0.2,7240.0,242.5
2018-05-28T16:09:58,33.0,182.5,207.6,0.2,7240.0,241.5
2018-05-28T16:10:29,33.0,165.9,228.3,0.2,7240.0,242.5
2018-05-28T16:11:00,32.9,181.9,239.5,0.3,7240.0,241.5
2018-05-28T16:11:31,32.9,160.6,221.8,0.3,7240.0,242.5
2018-05-28T16:12:02,32.9,173.6,208.2,0.3,7250.0,242.5
2018-05-28T16:12:33,32.9,194.9,206.4,0.2,7250.0,242.5
2018-05-28T16:13:04,32.9,215.0,227.1,0.2,7250.0,241.5
2018-05-28T16:13:35,32.9,200.2,237.2,0.2,7250.0,242.5
2018-05-28T16:14:06,32.7,213.2,224.8,0.2,7250.0,241.5
2018-05-28T16:14:37,32.7,191.9,207.0,0.2,7250.0,241.5
2018-05-28T16:15:08,32.7,170.1,229.5,0.2,7250.0,241.5
2018-05-28T16:15:39,32.7,150.0,230.7,0.3,7250.0,242.5
2018-05-28T16:16:11,32.7,157.1,209.4,0.3,7250.0,241.5
2018-05-28T16:16:42,32.6,180.7,201.1,0.3,7250.0,242.5
2018-05-28T16:17:13,32.6,202.0,224.2,0.3,7250.0,242.5
2018-05-28T16:17:44,32.6,215.0,239.5,0.2,7260.0,242.5
2018-05-28T16:18:15,32.6,191.9,217.7,0.3,7260.0,242.5
2018-05-28T16:18:46,32.6,171.3,197.5,0.3,7260.0,242.5
2018-05-28T16:19:17,32.6,185.4,208.2,0.3,7260.0,241.5
2018-05-28T16:19:48,32.6,206.7,228.9,0.3,7260.0,241.5
2018-05-28T16:20:19,32.5,203.7,224.8,0.2,7260.0,242.5
2018-05-28T16:20:50,32.5,182.5,204.6,0.3,7260.0,241.5
2018-05-28T16:21:22,32.5,199.6,224.2,0.3,7260.0,242.5
2018-05-28T16:21:53,32.5,202.0,209.4,0.3,7260.0,241.5
2018-05-28T16:22:24,32.5,181.9,224.8,0.3,7260.0,242.5
2018-05-28T16:22:55,32.5,175.4,232.4,0.3,7270.0,243.5
2018-05-28T16:23:26,32.5,196.7,211.7,0.3,7270.0,243.5
2018-05-28T16:23:57,32.5,210.8,218.3,0.2,7270.0,242.5
2018-05-28T16:24:28,32.4,189.0,238.4,0.3,7270.0,241.5
2018-05-28T16:24:59,32.4,168.3,216.5,0.2,7270.0,241.5
2018-05-28T16:25:30,32.4,176.0,228.3,0.3,7270.0,243.5
2018-05-28T16:26:01,32.4,195.5,216.5,0.2,7270.0,242.5
2018-05-28T16:26:32,32.4,212.0,204.1,0.2,7270.0,243.5
2018-05-28T16:27:03,32.4,197.3,224.2,0.2,7270.0,242.5
2018-05-28T16:27:34,32.4,209.7,227.1,0.2,7270.0,241.5
2018-05-28T16:28:05,32.4,187.2,205.8,0.2,7270.0,242.5
2018-05-28T16:28:36,32.3,167.1,185.1,0.2,7270.0,241.5
2018-05-28T16:29:07,32.3,161.2,197.5,0.2,7270.0,241.5
2018-05-28T16:29:38,32.3,182.5,219.4,0.2,7280.0,240.6
2018-05-28T16:30:09,32.3,202.0,228.9,0.2,7280.0,242.5
2018-05-28T16:30:41,32.3,204.9,207.6,0.2,7280.0,242.5
2018-05-28T16:31:12,32.2,183.1,220.0,0.2,7280.0,243.5
2018-05-28T16:31:43,32.2,163.0,223.0,0.2,7280.0,242.5
2018-05-28T16:32:14,32.2,183.1,202.3,0.2,7280.0,242.5
2018-05-28T16:32:45,32.2,188.4,204.6,0.2,7280.0,241.5
2018-05-28T16:33:16,32.2,168.3,225.9,0.2,7280.0,244.4
2018-05-28T16:33:47,32.0,188.4,203.5,0.2,7280.0,243.5
2018-05-28T16:34:18,32.0,209.7,183.3,0.1,7280.0,243.5
2018-05-28T16:34:49,32.0,203.7,183.3,0.2,7280.0,244.4
2018-05-28T16:35:20,32.0,182.5,204.1,0.2,7280.0,243.5
2018-05-28T16:35:52,32.0,162.4,224.8,0.2,7280.0,243.5
2018-05-28T16:36:23,32.0,168.9,226.5,0.2,7280.0,243.5
2018-05-28T16:36:54,32.0,189.6,205.8,0.1,7280.0,242.5
2018-05-28T16:37:25,31.9,178.3,185.1,0.1,7280.0,242.5
2018-05-28T16:37:56,31.9,199.6,164.4,0.0,7280.0,243.5
2018-05-28T16:38:27,31.9,189.0,142.5,0.1,7280.0,243.5
2018-05-28T16:38:58,31.9,168.9,152.6,0.1,7280.0,242.5
2018-05-28T16:39:29,31.8,148.2,175.1,0.1,7280.0,241.5
2018-05-28T16:40:00,31.8,162.4,195.8,0.1,7280.0,241.5
2018-05-28T16:40:31,31.9,188.4,217.7,0.0,7280.0,242.5
2018-05-28T16:41:03,31.8,206.7,225.4,0.1,7280.0,242.5
2018-05-28T16:41:34,31.7,184.3,205.2,0.1,7280.0,241.5
2018-05-28T16:42:05,31.7,164.8,184.5,0.1,7280.0,244.4
2018-05-28T16:42:36,31.7,148.2,184.5,0.1,7280.0,242.5
2018-05-28T16:43:07,31.7,168.9,204.1,0.1,7280.0,241.5
2018-05-28T16:43:38,31.6,187.2,226.5,0.1,7280.0,241.5
2018-05-28T16:44:09,31.6,204.3,211.2,0.0,7280.0,242.5
2018-05-28T16:44:40,31.6,181.3,192.2,0.1,7280.0,241.5
2018-05-28T16:45:11,31.6,163.6,171.5,0.1,7290.0,240.6
2018-05-28T16:45:42,31.5,150.6,180.4,0.1,7290.0,240.6
2018-05-28T16:46:14,31.5,172.4,204.1,0.0,7290.0,240.6
2018-05-28T16:46:45,31.5,194.3,218.8,0.1,7290.0,241.5
2018-05-28T16:47:16,31.5,206.7,221.8,0.0,7290.0,240.6
2018-05-28T16:47:47,31.5,206.1,198.7,0.0,7290.0,240.6
2018-05-28T16:48:18,31.4,182.5,179.8,0.0,7290.0,242.5
2018-05-28T16:48:49,31.4,164.2,157.3,0.0,7290.0,242.5
2018-05-28T16:49:20,31.4,142.3,137.8,0.0,7290.0,242.5
2018-05-28T16:49:51,31.4,121.6,127.1,0.1,7290.0,243.5
2018-05-28T16:50:22,31.2,114.6,148.4,0.1,7290.0,242.5
2018-05-28T16:50:54,31.2,136.4,169.1,0.1,7290.0,241.5
2018-05-28T16:51:25,31.2,157.1,190.4,0.1,7290.0,242.5
2018-05-28T16:51:56,31.1,179.5,211.7,0.0,7290.0,241.5
2018-05-28T16:52:27,31.1,197.3,233.0,0.0,7290.0,241.5
2018-05-28T16:52:58,31.0,202.0,237.2,0.0,7290.0,241.5
2018-05-28T16:53:29,31.0,201.4,232.4,0.0,7290.0,239.6
2018-05-28T16:54:00,30.9,200.8,231.9,0.0,7290.0,241.5
2018-05-28T16:54:31,30.9,199.6,231.3,0.0,7290.0,241.5
2018-05-28T16:55:02,30.9,197.3,230.1,0.0,7290.0,240.6
2018-05-28T16:55:33,30.9,195.5,227.1,0.0,7290.0,241.5
2018-05-28T16:56:05,30.8,194.3,223.6,0.0,7290.0,242.5
2018-05-28T16:56:36,30.8,189.6,220.6,0.0,7290.0,242.5
2018-05-28T16:57:07,30.8,184.3,216.5,0.0,7290.0,241.5
2018-05-28T16:57:38,30.8,176.0,208.2,0.0,7290.0,242.5
2018-05-28T16:58:09,30.8,161.2,183.3,0.0,7290.0,243.5
2018-05-28T16:58:40,30.7,89.7,198.1,0.0,7290.0,241.5
2018-05-28T16:59:11,30.7,183.1,183.3,0.0,7290.0,241.5
2018-05-28T16:59:42,30.7,174.8,175.7,0.0,7290.0,241.5
2018-05-28T17:00:13,30.5,160.0,163.8,0.0,7290.0,241.5
2018-05-28T17:00:44,30.5,142.9,143.1,0.0,7290.0,241.5
2018-05-28T17:01:16,30.5,103.9,104.1,0.0,7290.0,240.6
2018-05-28T21:55:24,0.0,0.0,0.0,0.0,0.0,0.0
