2018-10-01T06:35:29,12.9,188.4,255.5,0.3,50.0,246.4
2018-10-01T06:36:01,12.9,210.8,231.9,0.3,50.0,245.4
2018-10-01T06:36:32,12.9,216.2,210.0,0.3,50.0,245.4
2018-10-01T06:37:03,13.2,196.7,209.4,0.4,50.0,244.4
2018-10-01T06:37:34,13.2,175.4,232.4,0.4,50.0,246.4
2018-10-01T06:38:05,13.2,195.5,253.2,0.4,50.0,246.4
2018-10-01T06:38:36,13.2,216.7,234.2,0.4,50.0,244.4
2018-10-01T06:39:07,13.2,209.7,213.5,0.3,60.0,246.4
2018-10-01T06:39:38,13.2,189.6,192.8,0.4,60.0,245.4
2018-10-01T06:40:09,13.2,193.7,211.2,0.4,60.0,245.4
2018-10-01T06:40:40,13.2,216.7,233.0,0.3,60.0,246.4
2018-10-01T06:41:12,13.6,206.1,247.8,0.4,60.0,246.4
2018-10-01T06:41:43,13.6,197.3,225.9,0.4,60.0,244.4
2018-10-01T06:42:14,13.6,218.5,205.2,0.3,60.0,244.4
2018-10-01T06:42:45,13.6,206.1,224.2,0.4,60.0,246.4
2018-10-01T06:43:16,13.6,196.1,244.9,0.4,60.0,245.4
2018-10-01T06:43:47,13.6,217.3,238.4,0.4,60.0,246.4
2018-10-01T06:44:18,14.0,211.4,215.9,0.4,70.0,244.4
2018-10-01T06:44:49,14.0,190.8,208.2,0.4,70.0,245.4
2018-10-01T06:45:20,14.0,203.7,230.1,0.4,70.0,244.4
2018-10-01T06:45:51,14.0,224.4,250.2,0.3,70.0,245.4
2018-10-01T06:46:23,14.0,206.7,233.0,0.4,70.0,244.4
2018-10-01T06:46:54,14.0,185.4,213.5,0.4,70.0,244.4
2018-10-01T06:47:25,14.0,201.4,207.0,0.4,70.0,245.4
2018-10-01T06:47:56,14.0,222.1,228.3,0.4,70.0,244.4
2018-10-01T06:48:27,14.3,219.7,250.2,0.4,70.0,245.4
2018-10-01T06:48:58,14.3,206.7,237.8,0.4,80.0,244.4
2018-10-01T06:49:29,14.3,223.2,253.7,0.3,80.0,245.4
2018-10-01T06:50:00,14.3,199.6,228.9,0.4,80.0,244.4
2018-10-01T06:50:31,14.3,204.3,216.5,0.4,80.0,244.4
2018-10-01T06:51:03,14.3,224.4,197.0,0.4,80.0,244.4
2018-10-01T06:51:34,14.3,206.1,218.3,0.4,80.0,244.4
2018-10-01T06:52:05,14.3,184.8,240.1,0.5,80.0,242.5
2018-10-01T06:52:36,14.7,206.7,249.6,0.4,80.0,242.5
2018-10-01T06:53:07,14.7,221.5,251.4,0.4,80.0,241.5
2018-10-01T06:53:38,14.7,199.0,230.1,0.4,90.0,242.5
2018-10-01T06:54:09,14.7,218.5,209.4,0.5,90.0,242.5
2018-10-01T06:54:40,14.7,227.4,228.9,0.4,90.0,241.5
2018-10-01T06:55:11,14.7,204.9,249.6,0.5,90.0,242.5
2018-10-01T06:55:42,14.7,184.3,242.5,0.5,90.0,242.5
2018-10-01T06:56:14,14.7,196.7,228.3,0.5,90.0,242.5
2018-10-01T06:56:45,14.7,188.4,220.6,0.5,90.0,241.5
2018-10-01T06:57:16,15.1,189.6,234.2,0.5,90.0,242.5
2018-10-01T06:57:47,15.1,210.8,247.8,0.5,100.0,241.5
2018-10-01T06:58:18,15.1,220.9,252.6,0.5,100.0,241.5
2018-10-01T06:58:49,15.1,220.3,255.5,0.5,100.0,240.6
2018-10-01T06:59:20,15.1,212.6,232.4,0.5,100.0,240.6
2018-10-01T06:59:51,15.1,194.3,212.9,0.5,100.0,240.6
2018-10-01T07:00:22,15.1,217.3,212.9,0.5,100.0,241.5
2018-10-01T07:00:54,15.4,215.0,236.0,0.5,100.0,240.6
2018-10-01T07:01:49,15.1,224.4,240.1,0.5,110.0,240.6
2018-10-01T07:02:20,15.1,212.6,219.4,0.5,110.0,240.6
2018-10-01T07:02:51,15.1,200.8,237.2,0.6,110.0,241.5
2018-10-01T07:03:22,15.4,222.7,256.1,0.5,110.0,241.5
2018-10-01T07:03:53,15.4,214.4,234.8,0.6,110.0,239.6
2018-10-01T07:04:24,15.4,210.2,251.4,0.6,120.0,241.5
2018-10-01T07:04:55,15.4,226.8,253.2,0.5,120.0,241.5
2018-10-01T07:05:26,15.8,223.8,243.7,0.5,120.0,242.5
2018-10-01T07:05:58,15.8,203.2,253.2,0.6,120.0,242.5
2018-10-01T07:06:29,15.8,220.3,230.7,0.6,120.0,242.5
2018-10-01T07:07:00,15.8,216.2,213.5,0.6,130.0,242.5
2018-10-01T07:07:31,15.8,220.9,216.5,0.6,130.0,241.5
2018-10-01T07:08:02,15.8,216.2,240.1,0.7,130.0,242.5
2018-10-01T07:08:33,15.8,205.5,253.2,0.6,130.0,242.5
2018-10-01T07:09:04,15.8,227.4,231.9,0.6,130.0,242.5
2018-10-01T07:09:35,16.2,212.6,217.1,0.6,140.0,242.5
2018-10-01T07:10:06,16.2,223.2,240.1,0.7,140.0,242.5
2018-10-01T07:10:38,16.2,202.6,253.7,0.6,140.0,242.5
2018-10-01T07:11:09,16.5,219.1,233.0,0.6,140.0,242.5
2018-10-01T07:11:40,16.5,210.2,255.5,0.7,140.0,242.5
2018-10-01T07:12:11,16.5,223.2,236.6,0.6,150.0,242.5
2018-10-01T07:12:42,16.5,226.8,235.4,0.6,150.0,241.5
2018-10-01T07:13:13,16.5,211.4,256.1,0.7,150.0,241.5
2018-10-01T07:13:44,16.5,217.3,240.7,0.7,150.0,242.5
2018-10-01T07:14:15,16.9,217.9,219.4,0.7,160.0,244.4
2018-10-01T07:14:46,16.9,210.2,236.6,0.8,160.0,242.5
2018-10-01T07:15:17,16.9,222.7,230.1,0.7,160.0,242.5
2018-10-01T07:15:49,16.9,223.2,225.9,0.7,160.0,241.5
2018-10-01T07:16:20,16.9,214.4,249.0,0.7,170.0,239.6
2018-10-01T07:16:51,16.9,205.5,252.0,0.8,170.0,241.5
2018-10-01T07:17:22,16.9,227.4,230.1,0.7,170.0,242.5
2018-10-01T07:17:53,16.9,225.6,236.6,0.8,170.0,242.5
2018-10-01T07:18:24,16.9,209.7,256.7,0.9,180.0,242.5
2018-10-01T07:18:55,16.9,219.7,253.2,0.7,180.0,242.5
2018-10-01T07:19:26,16.9,208.5,232.4,0.8,180.0,242.5
2018-10-01T07:19:57,17.3,228.6,222.4,0.7,180.0,241.5
2018-10-01T07:20:28,17.3,220.3,225.4,0.9,190.0,243.5
2018-10-01T07:21:00,17.3,213.2,237.8,0.8,190.0,242.5
2018-10-01T07:21:31,17.3,209.7,240.1,0.9,190.0,242.5
2018-10-01T07:22:02,17.6,206.7,236.0,0.9,200.0,243.5
2018-10-01T07:22:33,17.6,216.2,225.9,0.9,200.0,241.5
2018-10-01T07:23:04,17.6,225.6,220.0,0.9,200.0,244.4
2018-10-01T07:23:35,17.6,216.2,237.8,0.9,210.0,243.5
2018-10-01T07:24:06,17.6,216.7,257.9,0.9,210.0,243.5
2018-10-01T07:24:37,17.6,208.5,250.2,0.9,210.0,243.5
2018-10-01T07:25:08,18.0,206.1,256.1,1.0,220.0,242.5
2018-10-01T07:25:39,18.0,225.0,239.5,0.9,220.0,242.5
2018-10-01T07:26:11,18.0,224.4,246.1,0.9,220.0,243.5
2018-10-01T07:26:42,18.0,218.5,256.1,0.9,230.0,242.5
2018-10-01T07:27:13,18.4,216.2,237.2,1.1,230.0,244.4
2018-10-01T07:27:44,18.4,227.4,242.5,1.0,230.0,245.4
2018-10-01T07:28:15,18.4,217.9,247.2,1.1,240.0,243.5
2018-10-01T07:28:46,18.7,219.7,235.4,1.0,240.0,246.4
2018-10-01T07:29:17,18.7,226.2,255.5,1.0,240.0,245.4
2018-10-01T07:29:48,18.7,210.8,237.2,1.1,250.0,245.4
2018-10-01T07:30:43,18.7,225.6,239.0,1.0,250.0,244.4
2018-10-01T07:31:14,18.7,228.0,249.0,0.9,260.0,245.4
2018-10-01T07:31:45,18.7,213.2,243.1,1.1,260.0,244.4
2018-10-01T07:32:16,19.1,192.5,243.1,1.2,260.0,245.4
2018-10-01T07:32:47,19.1,176.0,249.6,1.3,270.0,246.4
2018-10-01T07:33:18,19.1,199.6,241.3,1.2,270.0,244.4
2018-10-01T07:33:49,19.1,219.7,255.5,1.0,280.0,244.4
2018-10-01T07:34:20,19.1,221.5,249.0,1.0,280.0,244.4
2018-10-01T07:34:51,19.1,221.5,244.3,0.8,280.0,244.4
2018-10-01T07:35:22,19.5,223.8,245.5,0.8,290.0,244.4
2018-10-01T07:35:54,19.5,216.7,246.6,0.8,290.0,244.4
2018-10-01T07:36:26,19.5,203.2,242.5,1.3,290.0,244.4
2018-10-01T07:36:57,19.8,185.4,249.0,1.4,300.0,244.4
2018-10-01T07:37:28,19.8,202.0,246.6,1.3,300.0,244.4
2018-10-01T07:37:59,19.8,216.2,254.9,1.2,310.0,245.4
2018-10-01T07:38:30,19.8,206.1,244.9,1.3,310.0,244.4
2018-10-01T07:39:01,19.8,205.5,247.2,1.2,320.0,242.5
2018-10-01T07:39:32,19.8,204.3,246.6,1.3,320.0,243.5
2018-10-01T07:40:03,20.2,187.2,245.5,1.5,330.0,242.5
2018-10-01T07:40:34,20.2,201.4,246.6,1.3,330.0,242.5
2018-10-01T07:41:06,20.2,210.8,240.7,1.3,340.0,242.5
2018-10-01T07:41:37,20.2,213.2,239.0,1.4,340.0,243.5
2018-10-01T07:42:08,20.6,207.9,252.6,1.4,350.0,243.5
2018-10-01T07:42:39,20.6,217.3,235.4,1.4,350.0,243.5
2018-10-01T07:43:10,20.6,203.2,255.5,1.4,360.0,241.5
2018-10-01T07:43:41,20.9,197.8,241.3,1.4,360.0,243.5
2018-10-01T07:44:12,20.9,205.5,246.1,1.4,370.0,239.6
2018-10-01T07:44:43,20.9,206.1,248.4,1.4,370.0,240.6
2018-10-01T07:45:14,20.9,203.2,241.9,1.4,380.0,241.5
2018-10-01T07:45:45,21.3,194.9,236.0,1.5,380.0,241.5
2018-10-01T07:46:17,21.3,201.4,251.4,1.6,390.0,242.5
2018-10-01T07:46:48,21.3,202.0,234.8,1.5,390.0,241.5
2018-10-01T07:47:19,21.3,198.4,253.2,1.6,400.0,243.5
2018-10-01T07:47:50,21.7,200.8,242.5,1.6,400.0,240.6
2018-10-01T07:48:21,21.7,201.4,246.1,1.5,410.0,241.5
2018-10-01T07:48:52,21.7,203.2,242.5,1.6,410.0,242.5
2018-10-01T07:49:23,21.3,200.2,253.7,1.7,420.0,243.5
2018-10-01T07:49:54,21.7,203.7,247.2,1.6,430.0,243.5
2018-10-01T07:50:25,21.7,202.0,241.9,1.5,430.0,241.5
2018-10-01T07:50:56,21.7,201.4,251.4,1.4,440.0,242.5
2018-10-01T07:51:28,22.0,192.5,233.0,1.6,440.0,241.5
2018-10-01T07:51:59,21.7,191.3,243.7,1.7,450.0,241.5
2018-10-01T07:52:30,22.0,190.2,240.1,1.7,450.0,242.5
2018-10-01T07:53:01,22.0,194.3,251.4,1.6,460.0,243.5
2018-10-01T07:53:32,22.0,191.9,239.5,1.6,470.0,242.5
2018-10-01T07:54:03,22.4,189.6,245.5,1.8,470.0,243.5
2018-10-01T07:54:34,22.4,184.8,247.8,1.8,480.0,243.5
2018-10-01T07:55:05,22.8,183.1,246.1,1.9,490.0,242.5
2018-10-01T07:55:36,22.8,183.1,246.6,1.9,490.0,243.5
2018-10-01T07:56:08,22.8,193.7,252.0,1.6,500.0,244.4
2018-10-01T07:56:39,23.1,185.4,244.9,1.9,500.0,243.5
2018-10-01T07:57:10,23.1,187.8,249.0,1.9,510.0,244.4
2018-10-01T07:57:41,23.1,190.8,245.5,1.9,520.0,243.5
2018-10-01T07:58:12,23.1,202.0,248.4,2.0,520.0,244.4
2018-10-01T07:58:43,23.1,199.6,248.4,2.0,530.0,243.5
2018-10-01T07:59:14,23.5,202.6,243.7,1.9,540.0,244.4
2018-10-01T07:59:45,23.5,197.8,245.5,2.0,540.0,243.5
2018-10-01T08:00:16,23.5,194.9,245.5,2.0,550.0,244.4
2018-10-01T08:00:47,23.5,197.8,250.2,2.0,560.0,243.5
2018-10-01T08:01:19,23.5,193.7,242.5,2.0,570.0,244.4
2018-10-01T08:01:50,23.5,193.1,250.8,2.0,570.0,244.4
2018-10-01T08:02:21,23.1,190.2,236.0,2.1,580.0,243.5
2018-10-01T08:02:52,23.1,184.3,239.5,2.0,590.0,243.5
2018-10-01T08:03:23,23.1,190.8,242.5,2.1,590.0,243.5
2018-10-01T08:03:54,23.5,194.3,246.6,2.0,600.0,242.5
2018-10-01T08:04:25,23.5,199.6,239.5,2.1,610.0,242.5
2018-10-01T08:04:56,23.1,194.9,242.5,2.1,620.0,243.5
2018-10-01T08:05:27,23.5,197.8,249.6,2.2,620.0,244.4
2018-10-01T08:05:58,23.9,194.9,240.1,2.3,630.0,243.5
2018-10-01T08:06:30,23.5,200.8,237.2,2.1,640.0,243.5
2018-10-01T08:07:01,23.9,202.0,249.6,2.1,650.0,244.4
2018-10-01T08:07:32,23.9,194.9,242.5,2.2,650.0,245.4
2018-10-01T08:08:03,23.9,202.0,239.5,2.2,660.0,245.4
2018-10-01T08:08:34,23.9,194.9,247.8,2.3,670.0,245.4
2018-10-01T08:09:05,23.5,203.2,236.6,2.2,680.0,244.4
2018-10-01T08:09:36,23.5,198.4,243.1,2.3,690.0,243.5
2018-10-01T08:10:07,23.9,197.8,249.0,2.4,700.0,243.5
2018-10-01T08:10:38,23.9,210.2,244.3,2.3,700.0,243.5
2018-10-01T08:11:10,24.2,212.6,238.4,2.2,710.0,243.5
2018-10-01T08:11:41,24.2,210.8,237.2,2.3,720.0,244.4
2018-10-01T08:12:12,24.6,209.7,250.2,2.4,730.0,244.4
2018-10-01T08:12:43,24.2,209.1,239.5,2.4,740.0,244.4
2018-10-01T08:13:14,24.6,205.5,235.4,2.4,750.0,243.5
2018-10-01T08:13:45,24.6,204.3,244.3,2.5,760.0,243.5
2018-10-01T08:14:16,24.6,210.8,242.5,2.3,760.0,244.4
2018-10-01T08:14:47,24.6,209.7,234.8,2.1,770.0,242.5
2018-10-01T08:15:18,24.6,212.6,246.1,2.0,780.0,243.5
2018-10-01T08:15:49,24.6,212.6,240.7,1.9,790.0,244.4
2018-10-01T08:16:21,24.6,197.8,233.6,2.5,800.0,244.4
2018-10-01T08:16:52,24.6,194.9,240.7,2.5,810.0,244.4
2018-10-01T08:17:23,24.6,197.3,245.5,2.6,820.0,244.4
2018-10-01T08:17:54,25.0,213.8,237.8,2.3,830.0,244.4
2018-10-01T08:18:25,25.3,210.2,240.1,2.6,840.0,243.5
2018-10-01T08:18:56,25.3,209.7,244.9,2.7,840.0,244.4
2018-10-01T08:19:27,25.3,205.5,239.5,2.7,850.0,242.5
2018-10-01T08:19:58,25.3,210.2,233.0,2.6,860.0,243.5
2018-10-01T08:20:29,25.7,207.3,239.5,2.7,870.0,243.5
2018-10-01T08:21:00,25.7,206.1,241.9,2.8,880.0,244.4
2018-10-01T08:21:31,25.3,219.7,232.4,2.7,890.0,243.5
2018-10-01T08:22:02,25.7,216.2,240.1,2.7,900.0,242.5
2018-10-01T08:22:33,25.7,218.5,241.9,2.8,910.0,242.5
2018-10-01T08:23:04,25.7,219.7,230.1,2.7,920.0,244.4
2018-10-01T08:23:35,25.7,216.7,241.9,2.7,930.0,244.4
2018-10-01T08:24:06,25.7,219.7,242.5,2.9,940.0,244.4
2018-10-01T08:24:37,25.7,215.6,234.2,2.8,950.0,244.4
2018-10-01T08:25:08,26.1,217.9,246.6,2.9,970.0,245.4
2018-10-01T08:25:40,26.1,220.3,243.7,2.9,980.0,244.4
2018-10-01T08:26:11,25.7,213.8,246.1,3.0,990.0,244.4
2018-10-01T08:26:43,25.7,222.1,237.2,2.9,1000.0,244.4
2018-10-01T08:27:14,26.1,217.3,233.0,2.9,1010.0,246.4
2018-10-01T08:27:45,26.1,216.2,242.5,2.9,1020.0,245.4
2018-10-01T08:28:16,26.1,220.9,236.6,2.9,1030.0,244.4
2018-10-01T08:28:47,26.1,220.9,234.2,2.9,1040.0,246.4
2018-10-01T08:29:18,26.1,216.2,245.5,3.0,1050.0,245.4
2018-10-01T08:29:49,26.1,218.5,229.5,3.0,1060.0,246.4
2018-10-01T08:30:20,26.4,220.3,235.4,3.0,1070.0,246.4
2018-10-01T08:30:51,26.4,219.1,230.1,3.0,1090.0,246.4
2018-10-01T08:31:23,26.8,221.5,235.4,3.0,1100.0,245.4
2018-10-01T08:31:54,27.2,215.0,243.7,3.2,1110.0,244.4
2018-10-01T08:32:25,27.2,220.3,234.2,3.1,1120.0,244.4
2018-10-01T08:32:56,27.5,220.9,230.7,3.1,1130.0,245.4
2018-10-01T08:33:27,27.5,219.1,242.5,3.1,1140.0,244.4
2018-10-01T08:33:58,27.5,215.6,239.5,3.2,1150.0,245.4
2018-10-01T08:34:29,27.5,220.3,230.1,3.0,1170.0,245.4
2018-10-01T08:35:00,27.9,215.6,244.3,3.1,1180.0,245.4
2018-10-01T08:35:31,27.9,214.4,235.4,3.3,1190.0,244.4
2018-10-01T08:36:03,27.5,212.6,231.3,3.2,1200.0,244.4
2018-10-01T08:36:34,27.5,218.5,242.5,3.1,1210.0,243.5
2018-10-01T08:37:05,27.9,216.2,233.6,3.3,1230.0,244.4
2018-10-01T08:37:36,28.3,219.1,236.0,3.1,1240.0,244.4
2018-10-01T08:38:07,28.3,216.7,240.1,3.3,1250.0,245.4
2018-10-01T08:38:38,28.3,216.7,240.1,3.3,1260.0,243.5
2018-10-01T08:39:09,28.3,213.8,231.3,3.3,1270.0,244.4
2018-10-01T08:39:40,28.3,216.7,243.7,3.4,1290.0,244.4
2018-10-01T08:40:11,28.3,219.7,238.4,3.3,1300.0,244.4
2018-10-01T08:40:42,28.3,216.2,233.6,3.5,1310.0,245.4
2018-10-01T08:41:14,28.6,214.4,230.1,3.3,1320.0,244.4
2018-10-01T08:41:45,29.0,212.6,234.2,3.4,1340.0,244.4
2018-10-01T08:42:16,29.0,213.2,240.1,3.5,1350.0,243.5
2018-10-01T08:42:47,29.0,218.5,231.9,3.5,1360.0,245.4
2018-10-01T08:43:18,29.0,213.2,231.9,3.5,1370.0,244.4
2018-10-01T08:43:49,29.0,216.7,234.2,3.5,1390.0,245.4
2018-10-01T08:44:20,29.4,210.8,239.5,3.5,1400.0,243.5
2018-10-01T08:44:51,29.0,216.2,239.0,3.6,1410.0,245.4
2018-10-01T08:45:22,29.0,215.0,237.2,3.5,1430.0,244.4
2018-10-01T08:45:54,29.0,213.2,240.7,3.6,1440.0,246.4
2018-10-01T08:46:25,29.0,211.4,233.0,3.6,1450.0,245.4
2018-10-01T08:46:56,29.4,215.6,237.2,3.5,1460.0,245.4
2018-10-01T08:47:27,29.4,211.4,240.1,3.6,1480.0,246.4
2018-10-01T08:47:58,29.7,216.2,233.6,3.5,1490.0,245.4
2018-10-01T08:48:29,29.7,217.3,227.7,3.5,1500.0,245.4
2018-10-01T08:49:00,29.7,209.1,232.4,3.8,1520.0,245.4
2018-10-01T08:49:31,30.1,212.6,239.5,3.7,1530.0,245.4
2018-10-01T08:50:02,29.7,215.0,237.2,3.8,1540.0,245.4
2018-10-01T08:50:34,29.7,212.0,237.8,3.8,1560.0,244.4
2018-10-01T08:51:05,29.7,213.2,230.7,3.8,1570.0,246.4
2018-10-01T08:51:36,29.7,213.8,239.0,3.8,1590.0,245.4
2018-10-01T08:52:07,29.7,210.8,232.4,3.9,1600.0,246.4
2018-10-01T08:52:38,29.7,211.4,228.3,3.9,1610.0,245.4
2018-10-01T08:53:09,30.1,209.7,239.5,3.9,1630.0,247.3
2018-10-01T08:53:40,30.1,209.7,237.2,3.9,1640.0,245.4
2018-10-01T08:54:11,30.1,215.0,232.4,3.9,1660.0,246.4
2018-10-01T08:54:42,30.1,213.2,225.9,3.9,1670.0,246.4
2018-10-01T08:55:13,30.2,215.6,230.1,3.9,1680.0,246.4
2018-10-01T08:55:45,30.2,213.2,238.4,3.9,1700.0,246.4
2018-10-01T08:56:16,30.1,216.2,233.0,3.9,1710.0,245.4
2018-10-01T08:56:47,30.1,212.6,225.9,4.0,1730.0,246.4
2018-10-01T08:57:18,30.2,213.8,233.6,3.9,1740.0,244.4
2018-10-01T08:57:49,30.3,209.7,239.5,4.0,1760.0,245.4
2018-10-01T08:58:20,30.3,213.2,233.6,4.0,1770.0,246.4
2018-10-01T08:58:51,30.3,210.8,225.4,4.0,1780.0,246.4
2018-10-01T08:59:22,30.3,213.8,228.9,4.1,1800.0,245.4
2018-10-01T08:59:53,30.3,210.2,241.9,4.0,1810.0,246.4
2018-10-01T09:00:24,30.2,211.4,230.1,4.1,1830.0,246.4
2018-10-01T09:00:56,30.3,213.2,227.1,4.0,1840.0,245.4
2018-10-01T09:01:27,30.3,215.0,231.9,4.0,1860.0,247.3
2018-10-01T09:01:58,30.3,207.9,239.0,4.2,1870.0,245.4
2018-10-01T09:02:29,30.4,209.7,231.9,4.2,1890.0,246.4
2018-10-01T09:03:00,30.5,212.0,228.3,4.1,1900.0,246.4
2018-10-01T09:03:31,30.5,215.6,225.9,4.1,1920.0,245.4
2018-10-01T09:04:02,30.5,215.6,232.4,4.0,1930.0,245.4
2018-10-01T09:04:33,30.7,207.3,233.0,4.3,1950.0,246.4
2018-10-01T09:05:04,30.8,209.1,237.8,4.3,1960.0,246.4
2018-10-01T09:05:36,30.8,211.4,233.6,4.2,1980.0,245.4
2018-10-01T09:06:07,30.8,211.4,225.9,4.3,1990.0,246.4
2018-10-01T09:06:38,30.8,213.8,235.4,4.2,2010.0,246.4
2018-10-01T09:07:09,30.8,212.0,228.3,4.2,2030.0,246.4
2018-10-01T09:07:40,30.7,215.0,225.4,4.1,2040.0,246.4
2018-10-01T09:08:11,30.7,212.0,231.9,4.3,2060.0,246.4
2018-10-01T09:08:42,30.8,212.6,232.4,4.3,2070.0,247.3
2018-10-01T09:09:13,30.8,210.2,228.3,4.5,2090.0,245.4
2018-10-01T09:09:44,30.7,212.6,227.1,4.3,2100.0,248.3
2018-10-01T09:10:15,30.7,213.2,233.0,4.4,2120.0,247.3
2018-10-01T09:10:47,30.7,213.2,233.0,4.3,2140.0,246.4
2018-10-01T09:11:18,30.7,213.2,222.4,4.4,2150.0,246.4
2018-10-01T09:11:49,30.8,209.7,230.7,4.5,2170.0,247.3
2018-10-01T09:12:20,31.0,209.1,234.8,4.5,2180.0,247.3
2018-10-01T09:12:51,31.1,205.5,224.2,4.6,2200.0,247.3
2018-10-01T09:13:22,31.1,212.6,228.3,4.4,2220.0,247.3
2018-10-01T09:13:53,31.2,210.2,236.0,4.5,2230.0,247.3
2018-10-01T09:14:24,31.4,208.5,227.1,4.6,2250.0,247.3
2018-10-01T09:14:55,31.4,206.7,222.4,4.6,2260.0,244.4
2018-10-01T09:15:26,31.4,207.3,229.5,4.6,2280.0,246.4
2018-10-01T09:15:58,31.2,209.7,234.2,4.6,2300.0,245.4
2018-10-01T09:16:29,31.2,208.5,232.4,4.6,2310.0,247.3
2018-10-01T09:17:00,31.2,207.3,233.6,4.7,2330.0,246.4
2018-10-01T09:17:31,31.4,207.3,228.9,4.7,2350.0,246.4
2018-10-01T09:18:02,31.5,209.1,220.6,4.7,2360.0,246.4
2018-10-01T09:18:33,31.5,209.7,222.4,4.6,2380.0,247.3
2018-10-01T09:19:04,31.6,209.1,227.7,4.7,2400.0,245.4
2018-10-01T09:19:35,31.6,205.5,229.5,4.8,2410.0,246.4
2018-10-01T09:20:06,31.6,207.9,233.6,4.8,2430.0,246.4
2018-10-01T09:20:38,31.5,204.9,222.4,4.9,2450.0,247.3
2018-10-01T09:21:09,31.7,203.7,223.6,4.9,2460.0,245.4
2018-10-01T09:21:40,31.7,205.5,225.4,4.9,2480.0,247.3
2018-10-01T09:22:11,31.7,209.7,228.9,4.8,2500.0,247.3
2018-10-01T09:22:42,31.7,208.5,230.1,4.8,2510.0,248.3
2018-10-01T09:23:13,31.6,203.7,225.9,4.9,2530.0,246.4
2018-10-01T09:23:44,31.6,209.7,222.4,4.8,2550.0,247.3
2018-10-01T09:24:15,31.6,202.0,224.8,4.9,2570.0,247.3
2018-10-01T09:24:46,31.7,206.1,228.9,4.9,2580.0,247.3
2018-10-01T09:25:17,31.7,210.2,228.3,4.8,2600.0,245.4
2018-10-01T09:25:49,31.7,210.2,234.2,4.8,2620.0,246.4
2018-10-01T09:26:20,31.7,203.7,233.6,5.0,2640.0,245.4
2018-10-01T09:26:51,31.8,207.3,226.5,5.0,2650.0,245.4
2018-10-01T09:27:22,31.8,207.9,228.3,4.9,2670.0,245.4
2018-10-01T09:27:53,31.8,209.7,231.3,5.0,2690.0,245.4
2018-10-01T09:28:24,31.9,205.5,232.4,5.0,2700.0,245.4
2018-10-01T09:28:55,32.0,207.3,227.1,5.0,2720.0,246.4
2018-10-01T09:29:26,32.2,194.3,221.8,5.0,2740.0,247.3
2018-10-01T09:29:57,32.2,200.8,226.5,4.9,2760.0,246.4
2018-10-01T09:30:28,32.3,200.2,234.8,5.0,2770.0,248.3
2018-10-01T09:31:00,32.2,195.5,224.8,5.2,2790.0,247.3
2018-10-01T09:31:31,32.3,194.3,221.2,5.3,2810.0,247.3
2018-10-01T09:32:02,32.4,198.4,225.9,5.0,2830.0,247.3
2018-10-01T09:32:33,32.3,200.2,234.2,5.1,2840.0,247.3
2018-10-01T09:33:04,32.3,200.2,228.3,5.0,2860.0,248.3
2018-10-01T09:33:35,32.0,193.1,226.5,5.3,2880.0,248.3
2018-10-01T09:34:06,32.0,200.2,225.4,5.1,2900.0,248.3
2018-10-01T09:34:37,32.0,194.9,228.9,5.3,2920.0,248.3
2018-10-01T09:35:08,32.0,197.8,229.5,5.3,2930.0,248.3
2018-10-01T09:35:39,32.2,193.7,233.0,5.3,2950.0,248.3
2018-10-01T09:36:11,32.2,193.1,226.5,5.3,2970.0,248.3
2018-10-01T09:36:42,32.2,197.8,226.5,5.4,2990.0,248.3
2018-10-01T09:37:13,32.2,198.4,222.4,5.2,3010.0,248.3
2018-10-01T09:37:44,32.2,197.3,219.4,5.3,3020.0,247.3
2018-10-01T09:38:15,32.3,198.4,225.4,5.2,3040.0,248.3
2018-10-01T09:38:46,32.3,194.3,233.6,5.4,3060.0,249.3
2018-10-01T09:39:17,32.2,194.9,229.5,5.4,3080.0,249.3
2018-10-01T09:39:48,32.2,193.7,218.3,5.4,3100.0,248.3
2018-10-01T09:40:19,32.3,196.7,222.4,5.4,3120.0,248.3
2018-10-01T09:40:50,32.3,196.1,226.5,5.4,3130.0,247.3
2018-10-01T09:41:22,32.2,196.7,227.7,5.4,3150.0,247.3
2018-10-01T09:41:53,32.2,196.7,231.3,5.4,3170.0,246.4
2018-10-01T09:42:24,32.0,195.5,226.5,5.5,3190.0,245.4
2018-10-01T09:42:55,32.2,194.9,220.6,5.4,3210.0,247.3
2018-10-01T09:43:26,32.4,190.8,219.4,5.5,3230.0,245.4
2018-10-01T09:43:57,32.5,193.7,227.1,5.5,3240.0,246.4
2018-10-01T09:44:28,32.6,190.8,224.2,5.5,3260.0,246.4
2018-10-01T09:44:59,32.7,190.2,230.1,5.5,3280.0,245.4
2018-10-01T09:45:30,32.9,190.2,225.9,5.6,3300.0,244.4
2018-10-01T09:46:01,33.0,190.2,221.2,5.6,3320.0,246.4
2018-10-01T09:46:32,32.9,191.9,218.3,5.7,3340.0,246.4
2018-10-01T09:47:03,32.9,192.5,228.9,5.5,3360.0,245.4
2018-10-01T09:47:34,32.9,193.7,221.8,5.7,3370.0,245.4
2018-10-01T09:48:05,32.7,195.5,216.5,5.6,3390.0,246.4
2018-10-01T09:48:36,32.6,194.9,224.2,5.5,3410.0,244.4
2018-10-01T09:49:07,32.6,190.8,221.8,5.8,3430.0,245.4
2018-10-01T09:49:38,32.5,195.5,217.7,5.5,3450.0,244.4
2018-10-01T09:50:09,32.6,188.4,229.5,5.8,3470.0,245.4
2018-10-01T09:50:41,32.9,189.6,218.3,5.8,3490.0,246.4
2018-10-01T09:51:12,33.0,194.9,223.6,5.7,3510.0,245.4
2018-10-01T09:51:43,33.1,194.3,217.1,5.7,3530.0,246.4
2018-10-01T09:52:14,33.2,190.2,223.0,5.9,3550.0,245.4
2018-10-01T09:52:45,33.4,194.3,221.2,5.6,3570.0,245.4
2018-10-01T09:53:16,33.4,191.3,218.3,5.9,3580.0,246.4
2018-10-01T09:53:47,33.4,189.0,227.1,5.9,3600.0,246.4
2018-10-01T09:54:18,33.5,190.8,226.5,5.8,3620.0,246.4
2018-10-01T09:54:49,33.5,187.8,223.6,6.0,3640.0,246.4
2018-10-01T09:55:20,33.7,189.6,225.9,5.9,3660.0,247.3
2018-10-01T09:55:52,33.7,190.2,227.1,5.9,3680.0,246.4
2018-10-01T09:56:23,33.5,191.9,224.2,5.8,3700.0,246.4
2018-10-01T09:56:54,33.7,187.8,221.8,5.9,3720.0,246.4
2018-10-01T09:57:25,33.8,190.2,222.4,6.0,3740.0,247.3
2018-10-01T09:57:56,33.9,189.6,214.1,6.0,3760.0,246.4
2018-10-01T09:58:27,33.9,190.8,223.0,5.9,3780.0,246.4
2018-10-01T09:58:58,33.9,186.6,223.6,6.0,3800.0,244.4
2018-10-01T09:59:30,33.9,193.1,225.9,5.9,3820.0,247.3
2018-10-01T10:00:01,34.1,192.5,217.1,6.0,3840.0,247.3
2018-10-01T10:00:32,34.2,194.3,221.2,5.9,3860.0,247.3
2018-10-01T10:01:04,34.2,187.2,213.5,6.0,3880.0,245.4
2018-10-01T10:01:35,34.2,189.0,214.7,5.9,3900.0,244.4
2018-10-01T10:02:06,34.2,189.6,216.5,5.9,3920.0,245.4
2018-10-01T10:02:37,34.2,189.0,225.9,5.7,3940.0,244.4
2018-10-01T10:03:08,33.9,196.1,220.0,5.7,3960.0,245.4
2018-10-01T10:03:39,34.0,189.6,219.4,6.1,3980.0,246.4
2018-10-01T10:04:10,33.8,195.5,224.2,5.9,4000.0,246.4
2018-10-01T10:04:41,33.7,198.4,221.2,5.8,4020.0,245.4
2018-10-01T10:05:12,33.8,192.5,218.8,6.2,4040.0,245.4
2018-10-01T10:05:43,33.8,189.6,226.5,6.2,4060.0,246.4
2018-10-01T10:06:15,33.8,191.9,222.4,6.1,4080.0,246.4
2018-10-01T10:06:46,33.9,191.9,220.0,5.5,4100.0,246.4
2018-10-01T10:07:17,34.0,191.9,219.4,6.2,4120.0,246.4
2018-10-01T10:07:48,33.9,187.8,230.1,6.2,4140.0,246.4
2018-10-01T10:08:19,34.0,196.1,216.5,5.3,4160.0,246.4
2018-10-01T10:08:50,33.9,197.3,213.5,5.1,4180.0,248.3
2018-10-01T10:09:21,33.9,200.2,216.5,5.3,4200.0,246.4
2018-10-01T10:09:52,34.0,191.3,223.0,6.2,4220.0,246.4
2018-10-01T10:10:23,33.9,185.4,225.9,6.0,4240.0,246.4
2018-10-01T10:10:54,33.9,180.7,218.8,6.3,4260.0,246.4
2018-10-01T10:11:26,33.8,177.8,213.5,6.4,4280.0,246.4
2018-10-01T10:11:57,33.8,193.7,216.5,6.2,4300.0,248.3
2018-10-01T10:12:28,33.8,193.7,217.7,6.2,4320.0,246.4
2018-10-01T10:12:59,33.9,188.4,218.8,6.4,4340.0,247.3
2018-10-01T10:13:30,34.0,191.3,218.3,6.3,4370.0,246.4
2018-10-01T10:14:01,34.1,192.5,213.5,6.3,4390.0,247.3
2018-10-01T10:14:32,34.2,189.6,219.4,6.3,4410.0,247.3
2018-10-01T10:15:03,34.4,193.1,218.3,6.2,4430.0,246.4
2018-10-01T10:15:34,34.5,192.5,214.1,6.2,4450.0,245.4
2018-10-01T10:16:06,34.6,171.9,212.3,6.9,4470.0,246.4
2018-10-01T10:16:37,34.5,193.1,215.3,6.4,4490.0,246.4
2018-10-01T10:17:08,34.6,187.8,217.1,6.6,4510.0,247.3
2018-10-01T10:17:39,34.7,186.6,223.0,6.7,4530.0,247.3
2018-10-01T10:18:10,34.8,173.6,218.8,6.9,4560.0,247.3
2018-10-01T10:18:41,34.9,180.1,218.8,6.6,4580.0,246.4
2018-10-01T10:19:12,34.9,189.6,218.8,6.4,4600.0,246.4
2018-10-01T10:19:43,35.0,183.7,222.4,6.2,4620.0,247.3
2018-10-01T10:20:14,35.0,190.8,222.4,6.5,4640.0,247.3
2018-10-01T10:20:46,35.2,188.4,218.8,6.6,4660.0,247.3
2018-10-01T10:21:17,35.3,184.3,214.1,6.1,4680.0,247.3
2018-10-01T10:21:48,35.3,174.2,211.7,6.8,4700.0,246.4
2018-10-01T10:22:19,35.3,184.3,216.5,6.5,4720.0,248.3
2018-10-01T10:22:50,35.2,186.0,221.2,6.7,4750.0,246.4
2018-10-01T10:23:21,35.2,190.8,222.4,6.5,4770.0,248.3
2018-10-01T10:23:52,35.4,188.4,221.8,6.6,4790.0,246.4
2018-10-01T10:24:23,35.4,189.0,222.4,6.5,4810.0,247.3
2018-10-01T10:24:54,35.5,187.8,220.6,6.6,4830.0,248.3
2018-10-01T10:25:25,35.6,188.4,217.1,6.5,4850.0,248.3
2018-10-01T10:25:57,35.6,170.1,213.5,7.0,4870.0,247.3
2018-10-01T10:26:28,35.6,182.5,212.3,6.6,4900.0,248.3
2018-10-01T10:26:59,35.7,185.4,213.5,6.7,4920.0,249.3
2018-10-01T10:27:30,35.6,173.0,216.5,6.9,4940.0,248.3
2018-10-01T10:28:01,35.6,179.5,219.4,6.7,4960.0,249.3
2018-10-01T10:28:32,35.7,189.6,217.1,6.5,4980.0,248.3
2018-10-01T10:29:03,35.7,187.8,216.5,6.7,5000.0,250.2
2018-10-01T10:29:34,35.7,189.0,217.1,6.6,5030.0,247.3
2018-10-01T10:30:05,35.9,184.8,218.3,6.9,5050.0,247.3
2018-10-01T10:30:37,36.0,179.5,217.1,6.7,5070.0,247.3
2018-10-01T10:31:08,35.9,174.2,218.8,7.0,5090.0,247.3
2018-10-01T10:31:39,36.0,186.0,218.8,6.8,5110.0,248.3
2018-10-01T10:32:10,36.0,180.1,211.7,6.4,5130.0,248.3
2018-10-01T10:32:41,35.5,170.1,222.4,7.0,5150.0,247.3
2018-10-01T10:33:12,35.6,171.9,223.6,7.3,5180.0,247.3
2018-10-01T10:33:43,35.3,175.4,221.8,7.0,5200.0,248.3
2018-10-01T10:34:14,35.4,168.9,218.8,7.4,5220.0,251.2
2018-10-01T10:34:45,35.4,173.6,218.8,7.2,5240.0,250.2
2018-10-01T10:35:16,35.5,174.8,215.3,7.1,5260.0,250.2
2018-10-01T10:35:48,35.6,172.4,216.5,7.3,5290.0,249.3
2018-10-01T10:36:19,35.7,170.7,218.3,7.3,5310.0,250.2
2018-10-01T10:36:50,35.9,174.8,218.3,7.1,5330.0,250.2
2018-10-01T10:37:21,36.0,174.2,212.3,7.0,5350.0,249.3
2018-10-01T10:37:52,36.1,167.1,215.3,7.0,5370.0,250.2
2018-10-01T10:38:23,36.0,162.4,218.3,7.2,5400.0,250.2
2018-10-01T10:38:54,35.5,172.4,210.0,7.2,5420.0,249.3
2018-10-01T10:39:25,35.4,158.9,207.0,7.3,5440.0,247.3
2018-10-01T10:39:56,35.4,161.2,209.4,7.4,5460.0,250.2
2018-10-01T10:40:27,35.4,160.6,214.1,7.4,5480.0,250.2
2018-10-01T10:40:59,35.4,160.6,213.5,7.4,5500.0,249.3
2018-10-01T10:41:30,35.2,163.0,223.6,7.4,5530.0,249.3
2018-10-01T10:42:01,35.0,167.1,222.4,7.1,5550.0,250.2
2018-10-01T10:42:32,35.0,160.0,220.0,7.6,5570.0,251.2
2018-10-01T10:43:03,35.0,179.5,219.4,7.2,5590.0,251.2
2018-10-01T10:43:34,35.3,174.8,218.8,7.3,5620.0,250.2
2018-10-01T10:44:05,35.4,167.7,220.6,7.4,5640.0,252.2
2018-10-01T10:44:36,35.6,160.6,216.5,7.6,5660.0,252.2
2018-10-01T10:45:07,35.7,173.0,214.1,7.5,5680.0,251.2
2018-10-01T10:45:39,35.9,181.9,216.5,6.6,5710.0,251.2
2018-10-01T10:46:10,35.9,177.8,214.7,7.3,5730.0,251.2
2018-10-01T10:46:41,36.0,163.6,221.2,7.6,5750.0,250.2
2018-10-01T10:47:12,35.9,159.4,217.1,8.0,5770.0,251.2
2018-10-01T10:47:43,35.7,158.9,212.3,7.8,5800.0,250.2
2018-10-01T10:48:14,35.9,164.2,208.8,7.5,5820.0,251.2
2018-10-01T10:48:45,35.9,162.4,208.2,7.8,5840.0,250.2
2018-10-01T10:49:16,36.0,158.9,210.0,8.0,5870.0,249.3
2018-10-01T10:49:47,36.1,166.5,211.7,7.4,5890.0,250.2
2018-10-01T10:50:18,36.2,165.9,210.0,7.5,5910.0,250.2
2018-10-01T10:50:50,36.3,160.6,211.2,7.1,5940.0,250.2
2018-10-01T10:51:21,36.4,165.9,207.6,7.2,5960.0,249.3
2018-10-01T10:51:52,36.3,168.9,210.6,7.1,5980.0,250.2
2018-10-01T10:52:23,36.3,164.2,218.8,7.6,6000.0,249.3
2018-10-01T10:52:54,36.3,161.2,214.7,7.7,6020.0,249.3
2018-10-01T10:53:25,36.4,157.7,215.9,7.8,6050.0,250.2
2018-10-01T10:53:56,36.5,162.4,209.4,7.8,6070.0,249.3
2018-10-01T10:54:27,36.4,159.4,206.4,7.8,6090.0,251.2
2018-10-01T10:54:58,36.2,160.6,205.8,7.9,6120.0,250.2
2018-10-01T10:55:29,36.2,156.5,211.2,8.1,6140.0,250.2
2018-10-01T10:56:01,36.3,164.8,211.7,7.7,6160.0,250.2
2018-10-01T10:56:32,36.3,161.2,208.8,7.9,6190.0,250.2
2018-10-01T10:57:03,36.4,164.2,209.4,7.7,6210.0,249.3
2018-10-01T10:57:34,36.5,168.3,218.8,7.6,6230.0,250.2
2018-10-01T10:58:05,36.5,161.8,215.9,7.9,6260.0,250.2
2018-10-01T10:58:36,36.2,162.4,207.6,7.1,6280.0,250.2
2018-10-01T10:59:07,36.0,175.4,223.6,3.0,6290.0,246.4
2018-10-01T10:59:38,36.1,185.4,220.6,7.7,6310.0,249.3
2018-10-01T11:00:09,36.0,186.6,217.1,6.7,6330.0,252.2
2018-10-01T11:00:40,35.7,176.6,213.5,7.7,6360.0,251.2
2018-10-01T11:01:12,35.7,173.6,213.5,7.7,6380.0,251.2
2018-10-01T11:01:43,35.7,171.9,208.2,7.9,6400.0,249.3
2018-10-01T11:02:14,35.9,174.8,205.2,7.9,6430.0,252.2
2018-10-01T11:02:45,36.0,184.8,207.6,7.6,6450.0,253.1
2018-10-01T11:03:16,36.2,186.0,210.0,7.4,6480.0,252.2
2018-10-01T11:03:47,36.3,187.8,213.5,7.3,6500.0,251.2
2018-10-01T11:04:18,36.4,175.4,214.1,6.6,6520.0,251.2
2018-10-01T11:04:49,36.5,158.3,211.7,8.1,6550.0,252.2
2018-10-01T11:05:20,36.5,154.7,211.2,8.2,6570.0,251.2
2018-10-01T11:05:51,36.7,163.6,210.6,7.9,6600.0,251.2
2018-10-01T11:06:23,36.8,160.0,213.5,8.1,6620.0,251.2
2018-10-01T11:06:54,36.7,174.2,209.4,7.7,6640.0,252.2
2018-10-01T11:07:25,36.7,159.4,206.4,7.5,6670.0,254.1
2018-10-01T11:07:56,36.7,157.7,208.2,8.2,6690.0,252.2
2018-10-01T11:08:27,36.8,167.7,208.2,7.5,6710.0,252.2
2018-10-01T11:08:58,36.8,162.4,204.1,7.9,6740.0,251.2
2018-10-01T11:09:29,36.8,157.7,204.6,7.9,6760.0,250.2
2018-10-01T11:10:00,36.8,161.8,212.3,8.0,6790.0,252.2
2018-10-01T11:10:31,36.7,162.4,215.3,8.1,6810.0,252.2
2018-10-01T11:11:03,36.7,175.4,211.2,7.0,6840.0,251.2
2018-10-01T11:11:34,36.8,172.4,208.2,8.0,6860.0,252.2
2018-10-01T11:12:05,36.9,183.7,204.6,7.7,6880.0,252.2
2018-10-01T11:12:36,37.0,182.5,204.6,7.8,6910.0,252.2
2018-10-01T11:13:07,37.1,173.0,210.6,7.8,6930.0,251.2
2018-10-01T11:13:38,37.1,171.3,210.6,7.9,6960.0,252.2
2018-10-01T11:14:09,37.4,170.1,204.6,7.9,6980.0,250.2
2018-10-01T11:14:40,37.5,167.7,210.6,8.0,7010.0,252.2
2018-10-01T11:15:11,37.6,168.9,208.2,8.0,7030.0,250.2
2018-10-01T11:15:42,37.7,171.9,207.6,7.9,7060.0,251.2
2018-10-01T11:16:14,37.8,176.0,205.8,7.5,7080.0,250.2
2018-10-01T11:16:45,37.8,171.3,209.4,8.0,7100.0,251.2
2018-10-01T11:17:16,37.9,165.9,202.9,8.0,7130.0,252.2
2018-10-01T11:17:47,38.0,173.0,204.6,7.8,7150.0,250.2
2018-10-01T11:18:18,38.0,170.7,205.8,8.1,7180.0,251.2
2018-10-01T11:18:49,38.2,171.9,205.2,7.5,7200.0,251.2
2018-10-01T11:19:20,38.3,180.1,204.1,6.9,7220.0,252.2
2018-10-01T11:19:51,38.3,170.7,207.0,8.1,7250.0,250.2
2018-10-01T11:20:22,38.4,167.7,203.5,8.0,7270.0,250.2
2018-10-01T11:20:54,38.4,153.5,200.5,8.5,7300.0,251.2
2018-10-01T11:21:26,38.5,166.5,208.2,8.3,7320.0,252.2
2018-10-01T11:21:57,38.5,167.7,202.9,8.3,7350.0,251.2
2018-10-01T11:22:28,38.6,160.0,204.1,8.3,7370.0,251.2
2018-10-01T11:22:59,38.7,158.3,202.9,8.3,7400.0,252.2
2018-10-01T11:23:30,38.7,154.1,202.9,8.6,7420.0,252.2
2018-10-01T11:24:01,38.7,158.9,204.1,8.4,7450.0,252.2
2018-10-01T11:24:32,38.9,151.8,195.2,8.8,7470.0,252.2
2018-10-01T11:25:03,38.9,142.3,234.2,8.9,7490.0,246.4
2018-10-01T11:25:34,38.9,140.5,207.0,3.1,7510.0,247.3
2018-10-01T11:26:06,39.0,167.7,173.9,5.8,7520.0,249.3
2018-10-01T11:26:37,39.0,160.0,150.8,6.9,7540.0,249.3
2018-10-01T11:27:08,38.9,157.7,192.2,9.0,7560.0,250.2
2018-10-01T11:27:39,39.0,160.6,207.0,8.7,7590.0,250.2
2018-10-01T11:28:10,39.0,150.6,201.1,8.7,7610.0,250.2
2018-10-01T11:28:41,39.0,153.5,201.1,9.0,7640.0,252.2
2018-10-01T11:29:12,39.1,156.5,205.8,8.7,7660.0,252.2
2018-10-01T11:29:43,39.1,152.9,213.5,8.9,7690.0,251.2
2018-10-01T11:30:14,39.2,159.4,212.9,8.5,7710.0,251.2
2018-10-01T11:30:45,39.3,154.7,208.2,8.8,7740.0,250.2
2018-10-01T11:31:17,39.3,155.9,206.4,8.6,7760.0,251.2
2018-10-01T11:31:48,39.3,153.5,203.5,8.7,7790.0,251.2
2018-10-01T11:32:19,39.3,152.4,204.6,8.5,7810.0,251.2
2018-10-01T11:32:50,39.1,155.9,207.6,8.1,7840.0,252.2
2018-10-01T11:33:21,39.0,157.7,206.4,8.4,7860.0,251.2
2018-10-01T11:33:52,38.9,154.1,205.8,8.4,7890.0,251.2
2018-10-01T11:34:23,38.7,141.1,201.1,8.4,7910.0,251.2
2018-10-01T11:34:54,38.5,143.5,212.9,3.6,7930.0,249.3
2018-10-01T11:35:25,38.3,149.4,205.2,1.2,7940.0,245.4
2018-10-01T11:35:56,38.4,171.3,203.5,1.0,7940.0,246.4
2018-10-01T11:36:28,37.9,174.8,208.2,0.9,7940.0,244.4
2018-10-01T11:36:59,37.7,167.7,202.9,1.1,7950.0,245.4
2018-10-01T11:37:30,37.6,145.3,222.4,1.3,7950.0,246.4
2018-10-01T11:38:01,37.5,151.8,197.5,1.3,7950.0,244.4
2018-10-01T11:38:32,37.6,174.2,198.1,1.2,7960.0,244.4
2018-10-01T11:39:03,37.6,150.0,230.7,4.9,7960.0,246.4
2018-10-01T11:39:34,37.6,138.8,242.5,2.9,7980.0,247.3
2018-10-01T11:40:05,37.6,151.8,220.0,1.9,7980.0,245.4
2018-10-01T11:40:36,37.7,146.4,201.7,7.9,7990.0,248.3
2018-10-01T11:41:08,37.7,156.5,219.4,9.0,8020.0,251.2
2018-10-01T11:41:39,37.7,149.4,217.1,9.4,8040.0,252.2
2018-10-01T11:42:10,37.8,157.7,224.8,7.1,8070.0,250.2
2018-10-01T11:42:41,37.9,155.9,216.5,8.8,8090.0,252.2
2018-10-01T11:43:12,37.9,151.2,213.5,8.3,8120.0,251.2
2018-10-01T11:43:43,37.8,144.7,214.7,8.8,8140.0,252.2
2018-10-01T11:44:14,37.6,155.3,215.9,7.7,8170.0,251.2
2018-10-01T11:44:45,37.5,137.6,213.5,9.2,8190.0,250.2
2018-10-01T11:45:16,37.7,140.5,217.1,8.9,8220.0,251.2
2018-10-01T11:45:47,37.6,144.1,205.8,9.1,8250.0,252.2
2018-10-01T11:46:19,37.5,148.2,207.6,7.2,8270.0,251.2
2018-10-01T11:46:50,37.5,140.0,208.8,9.0,8290.0,252.2
2018-10-01T11:47:21,37.6,140.0,214.1,9.1,8310.0,252.2
2018-10-01T11:47:52,37.4,140.0,208.2,9.1,8340.0,253.1
2018-10-01T11:48:23,37.1,145.9,203.5,9.2,8360.0,253.1
2018-10-01T11:48:54,37.2,146.4,212.3,9.3,8390.0,251.2
2018-10-01T11:49:25,37.4,141.1,191.6,8.1,8410.0,250.2
2018-10-01T11:49:56,37.6,145.3,198.1,1.4,8420.0,245.4
2018-10-01T11:50:27,37.6,157.1,198.7,1.2,8430.0,246.4
2018-10-01T11:50:58,37.7,156.5,208.2,1.0,8430.0,245.4
2018-10-01T11:51:30,37.6,136.4,228.9,1.2,8430.0,245.4
2018-10-01T11:52:01,37.6,124.0,199.3,1.8,8440.0,246.4
2018-10-01T11:52:32,37.6,131.1,208.8,1.1,8440.0,245.4
2018-10-01T11:53:03,37.6,148.8,216.5,0.9,8440.0,246.4
2018-10-01T11:53:34,37.6,169.5,215.9,0.9,8450.0,244.4
2018-10-01T11:54:05,37.6,189.6,214.1,0.7,8450.0,245.4
2018-10-01T11:54:36,37.6,202.0,218.3,0.7,8450.0,244.4
2018-10-01T11:55:07,37.6,179.5,216.5,0.8,8450.0,245.4
2018-10-01T11:55:38,37.6,158.9,195.8,0.9,8460.0,245.4
2018-10-01T11:56:10,37.6,135.2,171.5,1.3,8460.0,244.4
2018-10-01T11:56:41,37.6,124.6,166.8,1.4,8460.0,247.3
2018-10-01T11:57:12,37.6,142.9,201.1,5.8,8470.0,247.3
2018-10-01T11:57:43,37.6,135.2,209.4,3.8,8480.0,247.3
2018-10-01T11:58:14,37.6,137.6,224.2,9.1,8510.0,253.1
2018-10-01T11:58:45,37.7,143.5,224.2,8.7,8530.0,252.2
2018-10-01T11:59:16,37.7,142.9,221.2,8.5,8560.0,251.2
2018-10-01T11:59:47,37.8,145.3,223.0,9.1,8580.0,250.2
2018-10-01T12:00:18,37.9,142.3,214.1,9.1,8610.0,250.2
2018-10-01T12:00:49,38.0,145.3,212.9,9.0,8640.0,249.3
2018-10-01T12:01:21,38.0,146.4,219.4,8.8,8660.0,251.2
2018-10-01T12:01:52,38.2,142.9,214.1,9.0,8690.0,249.3
2018-10-01T12:02:23,38.3,139.4,210.0,9.3,8710.0,249.3
2018-10-01T12:02:54,38.3,143.5,215.3,9.0,8740.0,250.2
2018-10-01T12:03:25,38.4,137.6,212.3,8.8,8760.0,250.2
2018-10-01T12:03:56,38.5,132.3,206.4,9.3,8790.0,251.2
2018-10-01T12:04:27,38.5,130.5,207.0,9.0,8810.0,249.3
2018-10-01T12:04:58,38.6,137.0,210.6,9.1,8840.0,249.3
2018-10-01T12:05:29,38.7,144.7,212.3,8.5,8860.0,250.2
2018-10-01T12:06:00,38.7,128.7,211.7,9.0,8890.0,250.2
2018-10-01T12:06:31,38.9,129.9,211.2,8.8,8910.0,249.3
2018-10-01T12:07:02,38.9,128.7,205.8,9.0,8930.0,252.2
2018-10-01T12:07:33,38.9,127.5,204.6,8.9,8960.0,251.2
2018-10-01T12:08:04,38.9,133.5,202.3,9.1,8980.0,251.2
2018-10-01T12:08:35,39.0,134.6,205.2,8.5,9010.0,252.2
2018-10-01T12:09:06,39.0,127.5,207.6,8.9,9030.0,251.2
2018-10-01T12:09:37,39.1,128.7,204.1,9.0,9050.0,251.2
2018-10-01T12:10:08,39.1,132.3,205.8,8.8,9080.0,250.2
2018-10-01T12:10:40,39.2,128.7,211.2,7.8,9100.0,251.2
2018-10-01T12:11:11,39.2,126.4,202.3,9.2,9120.0,251.2
2018-10-01T12:11:42,39.3,127.5,208.8,9.2,9150.0,250.2
2018-10-01T12:12:53,39.4,129.9,206.4,1.4,9200.0,247.3
2018-10-01T12:13:24,39.4,137.6,199.3,1.3,9200.0,243.5
2018-10-01T12:13:55,39.4,154.1,202.3,1.2,9200.0,245.4
2018-10-01T12:14:26,39.3,151.8,201.7,1.0,9210.0,243.5
2018-10-01T12:14:57,39.3,149.4,205.2,1.0,9210.0,243.5
2018-10-01T12:15:28,39.3,176.0,231.9,2.8,9220.0,245.4
2018-10-01T12:16:00,39.2,176.6,210.0,0.9,9220.0,243.5
2018-10-01T12:16:31,39.2,164.8,222.4,6.2,9230.0,249.3
2018-10-01T12:17:02,39.2,157.1,224.8,6.8,9250.0,250.2
2018-10-01T12:17:33,39.2,157.7,216.5,6.6,9280.0,250.2
2018-10-01T12:18:04,39.2,150.0,206.4,6.4,9300.0,249.3
2018-10-01T12:18:35,39.2,154.7,213.5,6.9,9320.0,250.2
2018-10-01T12:19:06,39.3,157.7,213.5,6.5,9350.0,251.2
2018-10-01T12:19:37,39.3,157.1,211.2,6.4,9370.0,250.2
2018-10-01T12:20:08,39.3,147.6,209.4,5.8,9390.0,252.2
2018-10-01T12:20:39,39.3,149.4,207.6,6.0,9410.0,252.2
2018-10-01T12:21:11,39.2,121.0,203.5,8.7,9430.0,253.1
2018-10-01T12:21:42,39.3,116.9,202.9,8.9,9460.0,253.1
2018-10-01T12:22:13,39.3,116.3,202.9,9.0,9480.0,251.2
2018-10-01T12:22:44,39.4,122.8,205.8,8.6,9500.0,252.2
2018-10-01T12:23:15,39.5,118.7,208.2,8.9,9520.0,252.2
2018-10-01T12:23:46,39.5,130.5,204.6,7.7,9550.0,252.2
2018-10-01T12:24:17,39.5,118.1,205.2,9.3,9570.0,253.1
2018-10-01T12:24:48,39.7,117.5,205.2,9.0,9590.0,253.1
2018-10-01T12:25:19,39.7,121.0,202.3,8.8,9620.0,252.2
2018-10-01T12:25:50,39.7,117.5,205.2,9.1,9640.0,251.2
2018-10-01T12:26:22,39.8,114.6,203.5,9.2,9660.0,251.2
2018-10-01T12:26:53,39.8,119.9,208.8,8.9,9690.0,253.1
2018-10-01T12:27:24,39.8,119.3,212.3,8.9,9710.0,251.2
2018-10-01T12:27:55,39.8,112.8,208.2,9.3,9730.0,251.2
2018-10-01T12:28:26,39.8,119.9,204.1,9.0,9760.0,252.2
2018-10-01T12:28:57,39.9,121.6,202.3,8.8,9780.0,251.2
2018-10-01T12:29:28,39.9,117.5,201.1,9.1,9800.0,251.2
2018-10-01T12:29:59,39.9,115.1,198.7,9.3,9820.0,251.2
2018-10-01T12:30:30,40.0,115.7,201.7,9.4,9850.0,253.1
2018-10-01T12:31:01,40.0,116.3,201.1,5.6,9870.0,250.2
2018-10-01T12:31:32,40.1,135.8,183.9,6.7,9880.0,249.3
2018-10-01T12:32:03,40.1,121.6,207.6,8.8,9900.0,252.2
2018-10-01T12:32:34,40.1,114.6,200.5,9.2,9930.0,251.2
2018-10-01T12:33:05,40.2,114.0,200.5,9.3,9950.0,252.2
2018-10-01T12:33:36,40.2,119.3,202.9,9.0,9970.0,250.2
2018-10-01T12:34:07,40.2,118.7,206.4,9.0,9990.0,252.2
2018-10-01T12:34:38,40.2,112.2,204.6,9.4,10020.0,253.1
2018-10-01T12:35:09,40.4,119.3,203.5,8.9,10040.0,252.2
2018-10-01T12:35:41,40.4,109.8,199.3,6.9,10060.0,250.2
2018-10-01T12:36:12,40.5,124.6,186.9,8.2,10080.0,252.2
2018-10-01T12:36:43,40.4,141.1,230.7,4.4,10090.0,249.3
2018-10-01T12:37:14,40.4,140.0,223.6,1.3,10100.0,245.4
2018-10-01T12:37:45,40.4,129.9,195.2,1.3,10100.0,244.4
2018-10-01T12:38:16,40.4,143.5,181.0,4.5,10110.0,249.3
2018-10-01T12:38:47,40.1,128.7,202.9,8.2,10130.0,252.2
2018-10-01T12:39:18,40.1,129.3,204.1,7.9,10150.0,251.2
2018-10-01T12:39:49,40.2,133.5,208.2,7.3,10180.0,251.2
2018-10-01T12:40:20,40.2,132.9,210.6,7.2,10200.0,251.2
2018-10-01T12:40:52,40.2,134.6,204.1,7.0,10220.0,250.2
2018-10-01T12:41:23,40.4,128.1,201.7,6.2,10250.0,252.2
2018-10-01T12:41:54,40.4,106.9,210.0,9.4,10270.0,251.2
2018-10-01T12:42:25,40.4,102.7,205.2,9.2,10290.0,252.2
2018-10-01T12:42:56,40.2,112.2,213.5,9.3,10310.0,250.2
2018-10-01T12:43:28,40.2,109.8,209.4,9.6,10340.0,251.2
2018-10-01T12:43:59,40.4,115.7,201.1,8.9,10360.0,250.2
2018-10-01T12:44:30,40.4,112.8,227.1,3.2,10380.0,248.3
2018-10-01T12:45:01,40.4,140.5,201.1,5.4,10390.0,250.2
2018-10-01T12:45:32,40.4,130.5,206.4,5.7,10410.0,251.2
2018-10-01T12:46:03,40.4,116.9,201.1,7.6,10430.0,251.2
2018-10-01T12:46:34,40.0,118.7,199.3,7.1,10460.0,252.2
2018-10-01T12:47:05,40.1,111.0,198.7,7.7,10480.0,251.2
2018-10-01T12:47:36,40.1,111.0,198.7,9.1,10500.0,252.2
2018-10-01T12:48:08,40.2,102.7,199.3,9.7,10530.0,251.2
2018-10-01T12:48:39,40.2,104.5,195.2,8.8,10550.0,251.2
2018-10-01T12:49:10,40.1,102.7,202.3,9.2,10570.0,251.2
2018-10-01T12:49:41,40.1,103.9,201.7,9.8,10590.0,251.2
2018-10-01T12:50:12,40.1,106.3,204.1,8.6,10620.0,252.2
2018-10-01T12:50:43,40.2,102.7,204.1,8.4,10640.0,252.2
2018-10-01T12:51:15,40.2,103.3,206.4,8.3,10660.0,251.2
2018-10-01T12:51:46,40.2,104.5,205.2,7.5,10680.0,251.2
2018-10-01T12:52:17,40.4,104.5,200.5,8.2,10710.0,252.2
2018-10-01T12:52:48,40.4,109.2,195.2,5.0,10730.0,249.3
2018-10-01T12:53:19,40.4,109.8,204.1,3.7,10740.0,251.2
2018-10-01T12:53:50,40.4,101.0,220.6,2.9,10750.0,249.3
2018-10-01T12:54:21,40.5,129.9,209.4,4.4,10770.0,252.2
2018-10-01T12:54:52,40.5,115.1,217.7,5.0,10780.0,253.1
2018-10-01T12:55:23,40.6,127.5,203.5,4.1,10800.0,251.2
2018-10-01T12:55:55,40.6,134.0,192.2,3.6,10820.0,252.2
2018-10-01T12:56:26,40.7,129.9,202.9,4.3,10850.0,252.2
2018-10-01T12:56:57,40.7,131.7,192.2,3.7,10870.0,251.2
2018-10-01T12:57:28,40.7,136.4,202.3,3.2,10880.0,251.2
2018-10-01T12:57:59,40.6,125.8,196.4,3.6,10900.0,251.2
2018-10-01T12:58:30,40.5,115.7,199.3,4.7,10920.0,252.2
2018-10-01T12:59:01,40.6,115.1,183.3,2.9,10940.0,248.3
2018-10-01T12:59:32,40.6,109.8,200.5,1.9,10950.0,246.4
2018-10-01T13:00:03,40.6,125.8,199.3,1.6,10950.0,245.4
2018-10-01T13:00:35,40.6,132.9,199.9,1.5,10960.0,244.4
2018-10-01T13:01:06,40.6,154.1,204.1,1.4,10960.0,245.4
2018-10-01T13:01:37,40.6,159.4,211.2,1.3,10970.0,246.4
2018-10-01T13:02:08,40.5,171.9,206.4,1.1,10970.0,245.4
2018-10-01T13:02:39,40.5,184.3,213.5,1.1,10980.0,245.4
2018-10-01T13:03:10,40.4,181.9,203.5,1.1,10980.0,244.4
2018-10-01T13:03:41,40.4,181.9,216.5,1.1,10980.0,245.4
2018-10-01T13:04:12,40.2,187.2,214.7,1.0,10990.0,244.4
2018-10-01T13:04:43,40.1,204.9,213.5,0.9,10990.0,244.4
2018-10-01T13:05:14,40.1,203.7,220.6,1.0,11000.0,245.4
2018-10-01T13:05:46,40.0,199.0,225.4,1.0,11000.0,246.4
2018-10-01T13:06:17,39.9,191.9,216.5,0.9,11000.0,244.4
2018-10-01T13:06:48,39.8,182.5,218.8,1.0,11010.0,245.4
2018-10-01T13:07:19,39.7,176.0,224.8,1.0,11010.0,246.4
2018-10-01T13:07:50,39.7,185.4,227.7,0.9,11020.0,245.4
2018-10-01T13:08:21,39.5,165.9,214.7,1.1,11020.0,245.4
2018-10-01T13:08:52,39.5,161.8,225.4,1.1,11020.0,246.4
2018-10-01T13:09:23,39.4,180.7,217.1,0.9,11030.0,245.4
2018-10-01T13:09:54,39.3,203.7,229.5,0.9,11030.0,245.4
2018-10-01T13:10:25,39.2,207.9,223.0,0.9,11040.0,246.4
2018-10-01T13:10:57,39.1,215.6,202.3,1.0,11040.0,247.3
2018-10-01T13:11:28,39.1,199.6,230.1,1.0,11050.0,244.4
2018-10-01T13:11:59,39.1,177.8,225.9,1.2,11050.0,244.4
2018-10-01T13:12:30,39.1,163.6,223.6,1.3,11060.0,245.4
2018-10-01T13:13:01,39.0,163.6,230.7,1.2,11060.0,244.4
2018-10-01T13:13:32,39.0,163.0,212.3,1.5,11070.0,245.4
2018-10-01T13:14:03,39.0,162.4,221.8,2.1,11080.0,251.2
2018-10-01T13:14:34,39.0,165.9,215.9,2.1,11100.0,251.2
2018-10-01T13:15:05,39.0,177.8,213.5,1.3,11110.0,246.4
2018-10-01T13:15:37,39.0,180.1,221.8,1.2,11120.0,245.4
2018-10-01T13:16:08,39.0,183.1,228.9,1.1,11120.0,245.4
2018-10-01T13:16:39,39.0,204.9,221.8,0.9,11130.0,244.4
2018-10-01T13:17:10,38.9,209.1,225.4,1.0,11130.0,245.4
2018-10-01T13:17:41,38.9,202.6,201.7,1.1,11140.0,246.4
2018-10-01T13:18:12,38.9,180.1,194.6,1.8,11150.0,251.2
2018-10-01T13:18:43,38.9,167.7,222.4,1.9,11170.0,252.2
2018-10-01T13:19:14,38.9,170.1,220.6,1.8,11190.0,251.2
2018-10-01T13:19:45,38.9,177.8,215.3,1.7,11210.0,251.2
2018-10-01T13:20:16,38.9,167.1,218.8,1.8,11230.0,251.2
2018-10-01T13:20:48,39.0,171.9,211.2,2.0,11250.0,252.2
2018-10-01T13:21:19,39.0,181.9,202.3,1.8,11260.0,251.2
2018-10-01T13:21:50,39.0,176.6,208.8,1.9,11280.0,251.2
2018-10-01T13:22:21,39.0,187.8,206.4,1.4,11300.0,249.3
2018-10-01T13:22:52,39.1,194.3,186.9,1.8,11320.0,251.2
2018-10-01T13:23:23,39.0,194.9,196.4,1.1,11330.0,247.3
2018-10-01T13:23:54,39.0,177.8,218.3,1.1,11330.0,246.4
2018-10-01T13:24:25,38.9,157.1,188.7,1.5,11340.0,249.3
2018-10-01T13:24:56,38.9,134.6,217.7,2.2,11350.0,251.2
2018-10-01T13:25:27,38.6,139.4,213.5,2.1,11370.0,251.2
2018-10-01T13:25:59,38.6,158.9,207.0,1.9,11390.0,252.2
2018-10-01T13:26:30,38.6,168.9,211.2,1.7,11410.0,253.1
2018-10-01T13:27:01,38.6,158.9,204.6,1.8,11420.0,253.1
2018-10-01T13:27:32,38.7,172.4,204.6,1.6,11440.0,252.2
2018-10-01T13:28:03,38.9,171.3,204.6,1.7,11460.0,253.1
2018-10-01T13:28:34,38.9,155.3,199.9,1.9,11480.0,252.2
2018-10-01T13:29:05,39.0,174.8,203.5,1.7,11490.0,252.2
2018-10-01T13:29:36,39.0,169.5,210.0,1.7,11510.0,252.2
2018-10-01T13:30:07,39.1,163.6,205.8,1.8,11530.0,251.2
2018-10-01T13:30:39,38.9,160.6,207.0,1.9,11550.0,253.1
2018-10-01T13:31:10,38.9,170.1,201.1,1.4,11570.0,252.2
2018-10-01T13:31:41,38.9,180.1,198.7,1.3,11580.0,248.3
2018-10-01T13:32:12,38.6,174.8,218.3,1.2,11590.0,250.2
2018-10-01T13:32:43,38.3,180.1,215.3,1.2,11590.0,247.3
2018-10-01T13:33:14,38.3,180.7,211.7,1.2,11600.0,245.4
2018-10-01T13:33:45,38.2,170.7,200.5,1.3,11600.0,247.3
2018-10-01T13:34:16,38.2,177.8,204.1,1.3,11610.0,246.4
2018-10-01T13:34:47,37.9,202.0,191.6,1.3,11620.0,251.2
2018-10-01T13:35:18,37.6,184.8,193.4,1.6,11630.0,252.2
2018-10-01T13:35:50,37.5,170.1,204.6,1.7,11650.0,252.2
2018-10-01T13:36:21,37.5,163.0,208.2,2.0,11670.0,251.2
2018-10-01T13:36:52,37.2,157.7,201.1,1.4,11680.0,247.3
2018-10-01T13:37:23,37.0,158.9,192.8,1.7,11690.0,247.3
2018-10-01T13:37:54,37.1,141.7,206.4,1.8,11700.0,247.3
2018-10-01T13:38:25,36.9,135.8,216.5,2.1,11710.0,249.3
2018-10-01T13:38:56,37.0,148.8,212.3,2.0,11720.0,251.2
2018-10-01T13:39:27,37.1,164.2,213.5,2.0,11740.0,252.2
2018-10-01T13:39:58,37.2,168.3,205.2,1.6,11750.0,250.2
2018-10-01T13:40:29,37.4,173.6,218.8,1.9,11770.0,251.2
2018-10-01T13:41:01,37.4,157.7,225.4,1.7,11780.0,251.2
2018-10-01T13:41:32,37.4,145.9,208.8,1.7,11790.0,246.4
2018-10-01T13:42:03,37.4,163.6,218.8,1.6,11800.0,247.3
2018-10-01T13:42:34,37.2,187.8,207.0,1.3,11800.0,248.3
2018-10-01T13:43:05,37.2,197.3,185.1,1.3,11810.0,248.3
2018-10-01T13:43:36,37.4,206.7,204.6,1.2,11820.0,247.3
2018-10-01T13:44:07,37.4,204.9,215.3,1.2,11820.0,248.3
2018-10-01T13:44:38,37.5,215.0,223.6,1.2,11830.0,247.3
2018-10-01T13:45:09,37.2,199.0,211.7,1.4,11830.0,246.4
2018-10-01T13:45:40,37.4,226.2,181.0,1.4,11840.0,249.3
2018-10-01T13:46:12,37.4,232.7,148.4,1.2,11850.0,250.2
2018-10-01T13:46:43,37.5,215.6,169.1,1.4,11860.0,248.3
2018-10-01T13:47:14,37.5,219.7,181.0,1.1,11870.0,248.3
2018-10-01T13:47:45,37.6,216.2,192.8,1.2,11880.0,247.3
2018-10-01T13:48:16,37.6,223.2,232.4,1.5,11880.0,250.2
2018-10-01T13:48:47,37.6,235.1,217.7,1.5,11900.0,254.1
2018-10-01T13:49:18,37.7,236.8,213.5,1.5,11920.0,253.1
2018-10-01T13:49:49,37.7,234.5,210.0,1.4,11940.0,252.2
2018-10-01T13:50:20,37.7,217.9,218.3,1.1,11950.0,248.3
2018-10-01T13:50:51,37.8,204.9,217.1,1.2,11960.0,247.3
2018-10-01T13:51:23,37.8,215.6,222.4,1.1,11960.0,246.4
2018-10-01T13:51:54,37.8,223.8,193.4,1.4,11970.0,251.2
2018-10-01T13:52:25,37.8,227.4,199.9,1.3,11990.0,253.1
2018-10-01T13:52:56,37.8,218.5,202.9,1.2,11990.0,248.3
2018-10-01T13:53:27,37.8,226.2,205.2,1.2,12010.0,249.3
2018-10-01T13:53:58,37.8,220.3,207.6,0.9,12020.0,247.3
2018-10-01T13:54:29,37.8,215.0,221.8,1.0,12020.0,247.3
2018-10-01T13:55:00,37.8,193.1,225.4,1.1,12030.0,247.3
2018-10-01T13:55:31,37.7,209.7,213.5,1.3,12040.0,252.2
2018-10-01T13:56:03,37.7,210.2,206.4,1.4,12060.0,252.2
2018-10-01T13:56:34,37.8,217.3,214.7,1.3,12070.0,251.2
2018-10-01T13:57:05,37.8,221.5,215.3,1.4,12090.0,253.1
2018-10-01T13:57:36,37.8,217.9,212.9,1.0,12110.0,249.3
2018-10-01T13:58:07,37.9,223.2,223.0,1.4,12120.0,250.2
2018-10-01T13:58:38,37.9,223.2,214.1,0.6,12130.0,246.4
2018-10-01T13:59:09,37.9,216.2,216.5,0.9,12140.0,245.4
2018-10-01T13:59:40,37.9,215.0,217.7,0.9,12140.0,245.4
2018-10-01T14:00:11,37.9,202.6,218.3,0.9,12140.0,246.4
2018-10-01T14:00:43,37.9,206.7,211.2,1.0,12150.0,245.4
2018-10-01T14:01:14,37.8,210.8,220.6,1.0,12150.0,245.4
2018-10-01T14:01:45,37.8,207.3,228.3,0.9,12160.0,246.4
2018-10-01T14:02:16,37.6,209.7,221.2,1.0,12160.0,244.4
2018-10-01T14:02:47,37.6,213.8,223.0,1.0,12170.0,244.4
2018-10-01T14:03:18,37.5,204.3,224.8,1.1,12170.0,244.4
2018-10-01T14:03:49,37.5,210.8,215.3,1.1,12180.0,246.4
2018-10-01T14:04:20,37.6,208.5,218.3,1.1,12180.0,245.4
2018-10-01T14:04:51,37.5,212.6,226.5,1.0,12190.0,245.4
2018-10-01T14:05:22,37.5,205.5,226.5,0.9,12190.0,243.5
2018-10-01T14:05:54,37.4,191.9,209.4,1.1,12200.0,245.4
2018-10-01T14:06:26,37.5,201.4,222.4,1.4,12210.0,253.1
2018-10-01T14:06:57,37.5,217.3,226.5,1.4,12230.0,252.2
2018-10-01T14:07:28,37.5,230.9,215.3,1.3,12250.0,252.2
2018-10-01T14:07:59,37.6,216.7,212.3,1.3,12260.0,251.2
2018-10-01T14:08:30,37.6,204.3,221.8,1.3,12280.0,251.2
2018-10-01T14:09:01,37.6,220.3,233.6,1.0,12290.0,248.3
2018-10-01T14:09:32,37.7,213.8,232.4,1.0,12300.0,244.4
2018-10-01T14:10:03,37.6,215.6,223.0,0.9,12300.0,244.4
2018-10-01T14:10:34,37.5,194.3,212.3,1.2,12310.0,245.4
2018-10-01T14:11:06,37.5,193.7,188.7,1.1,12320.0,247.3
2018-10-01T14:11:37,37.6,173.6,184.5,1.5,12330.0,250.2
2018-10-01T14:12:08,37.6,191.3,216.5,1.5,12340.0,252.2
2018-10-01T14:12:39,37.6,213.8,218.3,1.3,12360.0,251.2
2018-10-01T14:13:10,37.6,220.9,209.4,1.3,12380.0,251.2
2018-10-01T14:13:41,37.7,211.4,215.9,1.1,12390.0,248.3
2018-10-01T14:14:12,37.7,212.6,223.6,1.1,12400.0,246.4
2018-10-01T14:14:43,37.6,215.0,217.7,1.0,12400.0,245.4
2018-10-01T14:15:14,37.5,215.0,218.8,0.9,12410.0,245.4
2018-10-01T14:15:45,37.4,213.8,218.3,0.9,12410.0,245.4
2018-10-01T14:16:17,37.2,208.5,220.0,0.9,12420.0,246.4
2018-10-01T14:16:48,37.0,210.8,223.0,0.8,12420.0,246.4
2018-10-01T14:17:19,36.9,212.0,217.1,0.8,12430.0,245.4
2018-10-01T14:17:50,36.9,206.1,237.2,0.8,12430.0,245.4
2018-10-01T14:18:21,36.9,213.8,228.3,0.7,12430.0,246.4
2018-10-01T14:18:52,37.0,194.3,204.6,0.7,12440.0,244.4
2018-10-01T14:19:23,37.0,181.3,215.3,0.8,12440.0,246.4
2018-10-01T14:19:54,36.9,202.0,235.4,0.8,12450.0,246.4
2018-10-01T14:20:25,36.9,214.4,218.3,0.7,12450.0,247.3
2018-10-01T14:20:56,36.7,189.6,231.3,1.0,12460.0,248.3
2018-10-01T14:21:28,36.7,187.2,227.7,1.0,12470.0,253.1
2018-10-01T14:21:59,36.8,199.6,227.7,1.1,12490.0,252.2
2018-10-01T14:22:30,36.8,206.1,218.8,1.0,12510.0,252.2
2018-10-01T14:23:01,36.8,208.5,227.7,1.0,12520.0,252.2
2018-10-01T14:23:32,36.9,204.9,218.8,0.8,12530.0,246.4
2018-10-01T14:24:03,36.9,225.6,205.8,0.8,12540.0,248.3
2018-10-01T14:24:34,36.9,233.3,222.4,0.9,12550.0,253.1
2018-10-01T14:25:05,36.9,232.7,219.4,0.8,12570.0,251.2
2018-10-01T14:25:36,36.9,228.6,211.7,0.7,12580.0,251.2
2018-10-01T14:26:08,36.9,228.6,218.3,0.8,12600.0,250.2
2018-10-01T14:26:39,36.9,229.2,211.7,0.8,12610.0,252.2
2018-10-01T14:27:10,37.0,217.9,216.5,0.7,12630.0,253.1
2018-10-01T14:27:41,37.0,225.6,209.4,0.6,12640.0,251.2
2018-10-01T14:28:12,37.0,204.9,216.5,0.7,12650.0,251.2
2018-10-01T14:28:43,37.1,219.1,213.5,0.6,12670.0,251.2
2018-10-01T14:29:14,37.1,219.7,210.0,0.7,12680.0,251.2
2018-10-01T14:29:45,37.1,225.0,209.4,0.7,12690.0,250.2
2018-10-01T14:30:16,37.1,216.2,215.3,0.6,12710.0,249.3
2018-10-01T14:30:47,37.2,229.7,211.7,0.6,12720.0,249.3
2018-10-01T14:31:19,37.2,213.8,209.4,0.7,12730.0,249.3
2018-10-01T14:31:50,37.2,219.7,214.7,0.6,12750.0,249.3
2018-10-01T14:32:21,37.2,204.9,212.3,0.7,12760.0,250.2
2018-10-01T14:32:52,37.2,227.4,208.8,0.6,12780.0,249.3
2018-10-01T14:33:23,37.4,209.7,204.6,0.7,12790.0,249.3
2018-10-01T14:33:54,37.4,226.2,208.2,0.6,12800.0,248.3
2018-10-01T14:34:25,37.4,217.3,209.4,0.7,12820.0,250.2
2018-10-01T14:34:56,37.5,213.2,211.7,0.7,12830.0,249.3
2018-10-01T14:35:27,37.5,219.1,218.8,0.7,12840.0,249.3
2018-10-01T14:35:58,37.4,212.0,201.1,0.6,12860.0,248.3
2018-10-01T14:36:30,37.5,207.3,195.2,0.7,12870.0,247.3
2018-10-01T14:37:01,37.5,210.8,208.8,0.7,12880.0,247.3
2018-10-01T14:37:32,37.4,223.2,225.9,0.6,12890.0,247.3
2018-10-01T14:38:03,37.4,220.9,224.8,0.7,12900.0,245.4
2018-10-01T14:38:34,37.2,206.7,221.2,0.5,12910.0,245.4
2018-10-01T14:39:05,37.2,185.4,197.0,0.5,12910.0,244.4
2018-10-01T14:39:36,37.2,197.3,210.6,0.5,12910.0,243.5
2018-10-01T14:40:07,37.1,204.3,210.6,0.4,12910.0,245.4
2018-10-01T14:40:38,37.0,183.7,189.3,0.5,12920.0,242.5
2018-10-01T14:41:10,36.9,200.8,161.5,0.5,12920.0,245.4
2018-10-01T14:41:41,36.9,227.4,152.6,0.7,12930.0,248.3
2018-10-01T14:42:12,36.9,215.6,188.1,0.7,12940.0,250.2
2018-10-01T14:42:43,36.9,225.6,224.2,0.7,12950.0,251.2
2018-10-01T14:43:14,37.0,212.0,221.2,0.7,12970.0,250.2
2018-10-01T14:43:45,37.0,228.6,218.3,0.6,12980.0,251.2
2018-10-01T14:44:16,37.0,215.6,218.8,0.7,12990.0,250.2
2018-10-01T14:44:47,37.0,225.6,215.9,0.7,13010.0,250.2
2018-10-01T14:45:18,37.1,222.7,218.3,0.7,13020.0,249.3
2018-10-01T14:45:49,37.1,215.0,220.6,0.7,13030.0,249.3
2018-10-01T14:46:21,37.1,223.2,214.1,0.6,13050.0,249.3
2018-10-01T14:46:52,37.0,222.7,217.7,0.6,13060.0,249.3
2018-10-01T14:47:23,36.8,210.8,217.1,0.6,13070.0,249.3
2018-10-01T14:47:54,36.9,226.8,216.5,0.6,13090.0,249.3
2018-10-01T14:48:25,36.9,207.9,214.1,0.7,13100.0,249.3
2018-10-01T14:48:56,36.9,220.9,212.3,0.6,13110.0,250.2
2018-10-01T14:49:27,36.9,216.2,211.7,0.7,13130.0,249.3
2018-10-01T14:49:58,36.8,219.1,214.7,0.7,13140.0,249.3
2018-10-01T14:50:29,36.9,223.2,210.0,0.7,13150.0,251.2
2018-10-01T14:51:00,36.9,206.1,217.7,0.7,13160.0,249.3
2018-10-01T14:51:31,36.9,209.7,217.1,0.7,13180.0,249.3
2018-10-01T14:52:02,36.9,217.9,210.6,0.6,13190.0,250.2
2018-10-01T14:52:33,37.0,215.6,218.3,0.6,13200.0,249.3
2018-10-01T14:53:04,37.0,215.0,217.7,0.7,13220.0,247.3
2018-10-01T14:53:35,37.0,218.5,217.1,0.6,13230.0,247.3
2018-10-01T14:54:07,37.1,212.0,215.3,0.7,13240.0,248.3
2018-10-01T14:54:38,37.1,226.2,215.3,0.6,13250.0,247.3
2018-10-01T14:55:09,37.1,210.8,215.9,0.6,13270.0,249.3
2018-10-01T14:55:40,37.2,217.3,217.1,0.6,13280.0,249.3
2018-10-01T14:56:12,37.2,222.1,215.3,0.6,13290.0,248.3
2018-10-01T14:56:43,37.1,210.2,214.1,0.6,13300.0,249.3
2018-10-01T14:57:14,37.2,219.1,205.2,0.6,13320.0,248.3
2018-10-01T14:57:45,37.2,212.6,212.3,0.6,13330.0,248.3
2018-10-01T14:58:16,37.2,207.9,210.6,0.7,13340.0,248.3
2018-10-01T14:58:47,37.2,228.0,211.7,0.6,13350.0,247.3
2018-10-01T14:59:18,37.2,206.1,210.0,0.6,13370.0,248.3
2018-10-01T14:59:49,37.2,222.7,210.6,0.7,13380.0,248.3
2018-10-01T15:00:20,37.4,226.8,214.7,0.5,13390.0,248.3
2018-10-01T15:00:51,37.4,219.1,211.2,0.7,13400.0,247.3
2018-10-01T15:01:23,37.4,223.2,209.4,0.6,13420.0,248.3
2018-10-01T15:01:54,37.5,210.2,210.0,0.6,13430.0,248.3
2018-10-01T15:02:25,37.5,210.2,212.3,0.6,13440.0,247.3
2018-10-01T15:02:56,37.5,215.6,212.3,0.6,13450.0,248.3
2018-10-01T15:03:27,37.6,222.7,215.3,0.6,13470.0,246.4
2018-10-01T15:03:58,37.5,223.2,214.1,0.6,13480.0,247.3
2018-10-01T15:04:29,37.6,215.0,208.2,0.6,13490.0,245.4
2018-10-01T15:05:00,37.6,212.6,209.4,0.6,13500.0,246.4
2018-10-01T15:05:31,37.6,225.0,208.8,0.6,13510.0,246.4
2018-10-01T15:06:03,37.6,220.3,209.4,0.7,13530.0,247.3
2018-10-01T15:06:34,37.6,203.7,211.2,0.6,13540.0,247.3
2018-10-01T15:07:05,37.6,209.7,214.1,0.6,13550.0,248.3
2018-10-01T15:07:36,37.6,216.7,217.1,0.7,13560.0,248.3
2018-10-01T15:08:07,37.6,212.0,219.4,0.7,13570.0,246.4
2018-10-01T15:08:38,37.7,217.9,218.8,0.7,13590.0,247.3
2018-10-01T15:09:09,37.6,217.3,216.5,0.6,13600.0,247.3
2018-10-01T15:09:40,37.7,212.6,221.2,0.6,13610.0,246.4
2018-10-01T15:10:11,37.7,220.9,218.3,0.6,13620.0,245.4
2018-10-01T15:10:42,37.7,209.1,212.9,0.6,13640.0,247.3
2018-10-01T15:11:14,37.7,222.7,208.2,0.6,13650.0,246.4
2018-10-01T15:11:45,37.7,208.5,215.3,0.7,13660.0,246.4
2018-10-01T15:12:16,37.7,202.6,212.3,0.6,13670.0,248.3
2018-10-01T15:12:47,37.7,225.0,217.7,0.7,13680.0,248.3
2018-10-01T15:13:18,37.7,210.2,218.8,0.8,13700.0,248.3
2018-10-01T15:13:49,37.7,206.7,215.3,0.8,13710.0,246.4
2018-10-01T15:14:20,37.8,213.2,211.7,0.8,13720.0,247.3
2018-10-01T15:14:51,37.8,202.0,232.4,0.6,13730.0,244.4
2018-10-01T15:15:22,37.8,183.1,234.8,0.9,13740.0,247.3
2018-10-01T15:15:54,37.7,183.1,220.6,0.9,13750.0,247.3
2018-10-01T15:16:25,37.7,170.7,206.4,0.9,13760.0,246.4
2018-10-01T15:16:56,37.7,167.7,206.4,0.7,13770.0,244.4
2018-10-01T15:17:27,37.7,189.6,223.6,0.7,13770.0,244.4
2018-10-01T15:17:58,37.7,211.4,194.0,0.7,13780.0,244.4
2018-10-01T15:18:29,37.7,206.7,194.6,0.6,13780.0,244.4
2018-10-01T15:19:00,37.7,204.3,191.0,0.6,13790.0,243.5
2018-10-01T15:19:31,37.7,184.8,208.2,0.7,13790.0,244.4
2018-10-01T15:20:02,37.6,168.9,212.9,0.6,13800.0,243.5
2018-10-01T15:20:34,37.6,186.6,214.7,0.5,13800.0,241.5
2018-10-01T15:21:05,37.6,183.1,211.2,0.5,13800.0,241.5
2018-10-01T15:21:36,37.5,204.9,229.5,0.5,13800.0,241.5
2018-10-01T15:22:07,37.5,196.7,207.0,0.5,13810.0,241.5
2018-10-01T15:22:38,37.4,198.4,216.5,0.5,13810.0,243.5
2018-10-01T15:23:09,37.4,207.9,230.1,0.5,13810.0,243.5
2018-10-01T15:23:40,37.2,186.6,204.6,0.5,13810.0,242.5
2018-10-01T15:24:11,37.1,165.9,192.2,0.6,13820.0,243.5
2018-10-01T15:24:42,37.0,144.1,166.2,0.7,13820.0,244.4
2018-10-01T15:25:13,37.0,127.5,165.0,0.9,13820.0,243.5
2018-10-01T15:25:45,37.0,145.9,184.5,0.6,13830.0,243.5
2018-10-01T15:26:16,37.0,176.0,200.5,0.8,13830.0,246.4
2018-10-01T15:26:47,37.0,196.7,221.8,0.8,13840.0,244.4
2018-10-01T15:27:18,37.0,213.2,229.5,0.7,13850.0,245.4
2018-10-01T15:27:49,37.0,200.8,246.1,0.7,13860.0,244.4
2018-10-01T15:28:20,37.0,181.3,237.2,0.9,13870.0,247.3
2018-10-01T15:28:51,37.0,204.3,225.4,0.9,13880.0,247.3
2018-10-01T15:29:22,37.0,220.3,234.2,0.7,13890.0,248.3
2018-10-01T15:29:53,37.1,220.9,230.1,0.7,13900.0,249.3
2018-10-01T15:30:24,37.1,199.0,230.1,0.9,13910.0,249.3
2018-10-01T15:30:56,37.1,218.5,231.3,0.8,13930.0,247.3
2018-10-01T15:31:28,37.1,226.2,228.3,0.8,13940.0,247.3
2018-10-01T15:31:59,37.2,204.3,226.5,0.9,13950.0,246.4
2018-10-01T15:32:30,37.2,203.7,230.1,0.9,13960.0,246.4
2018-10-01T15:33:01,37.4,226.2,223.6,0.8,13970.0,247.3
2018-10-01T15:33:32,37.4,216.7,237.2,0.9,13990.0,247.3
2018-10-01T15:34:03,37.4,207.9,221.2,0.9,14000.0,245.4
2018-10-01T15:34:34,37.5,228.0,220.6,0.8,14010.0,245.4
2018-10-01T15:35:05,37.5,228.0,225.4,0.8,14020.0,246.4
2018-10-01T15:35:36,37.5,223.8,224.2,0.8,14030.0,245.4
2018-10-01T15:36:08,37.5,216.2,221.8,0.8,14050.0,246.4
2018-10-01T15:36:39,37.5,220.3,224.2,0.7,14060.0,246.4
2018-10-01T15:37:10,37.5,216.2,219.4,0.7,14070.0,244.4
2018-10-01T15:37:41,37.5,204.3,219.4,0.8,14080.0,244.4
2018-10-01T15:38:12,37.5,228.0,225.4,0.7,14090.0,243.5
2018-10-01T15:38:43,37.5,209.7,227.7,0.8,14100.0,243.5
2018-10-01T15:39:14,37.5,228.0,225.9,0.6,14110.0,243.5
2018-10-01T15:39:45,37.6,207.9,220.0,0.7,14120.0,243.5
2018-10-01T15:40:16,37.6,229.2,225.4,0.7,14130.0,243.5
2018-10-01T15:40:47,37.6,211.4,227.7,0.7,14140.0,243.5
2018-10-01T15:41:19,37.6,219.7,223.6,0.7,14160.0,243.5
2018-10-01T15:41:50,37.6,213.2,218.8,0.7,14170.0,243.5
2018-10-01T15:42:21,37.6,220.9,218.8,0.7,14180.0,245.4
2018-10-01T15:42:52,37.6,220.3,220.0,0.7,14190.0,243.5
2018-10-01T15:43:23,37.6,209.7,215.9,0.7,14200.0,243.5
2018-10-01T15:43:54,37.6,228.6,215.9,0.6,14210.0,244.4
2018-10-01T15:44:25,37.6,222.1,218.3,0.6,14220.0,244.4
2018-10-01T15:44:56,37.7,219.1,218.3,0.6,14230.0,242.5
2018-10-01T15:45:27,37.7,217.3,218.8,0.6,14240.0,243.5
2018-10-01T15:45:58,37.6,209.7,218.3,0.7,14250.0,243.5
2018-10-01T15:46:30,37.5,201.4,224.8,0.6,14260.0,244.4
2018-10-01T15:47:01,37.5,205.5,221.2,0.7,14270.0,244.4
2018-10-01T15:47:32,37.5,217.3,222.4,0.6,14280.0,243.5
2018-10-01T15:48:03,37.5,220.9,218.3,0.7,14290.0,243.5
2018-10-01T15:48:34,37.6,210.2,226.5,0.6,14300.0,242.5
2018-10-01T15:49:05,37.6,190.2,228.3,0.7,14310.0,242.5
2018-10-01T15:49:36,37.6,188.4,222.4,0.7,14320.0,242.5
2018-10-01T15:50:07,37.7,184.3,225.4,0.6,14330.0,241.5
2018-10-01T15:50:38,37.7,197.3,220.6,0.6,14340.0,242.5
2018-10-01T15:51:10,37.7,183.1,225.9,0.7,14350.0,244.4
2018-10-01T15:51:41,37.6,176.0,221.2,0.7,14360.0,244.4
2018-10-01T15:52:12,37.7,170.7,230.1,0.6,14370.0,244.4
2018-10-01T15:52:43,37.6,177.8,224.8,0.5,14370.0,241.5
2018-10-01T15:53:14,37.6,200.8,242.5,0.6,14380.0,241.5
2018-10-01T15:53:45,37.5,212.0,231.9,0.3,14380.0,240.6
2018-10-01T15:54:16,37.5,190.2,211.7,0.4,14390.0,240.6
2018-10-01T15:54:47,37.4,201.4,224.2,0.4,14390.0,239.6
2018-10-01T15:55:18,37.4,228.6,196.4,0.6,14390.0,244.4
2018-10-01T15:55:49,37.4,222.7,230.1,0.6,14400.0,243.5
2018-10-01T15:56:21,37.4,223.8,227.1,0.6,14410.0,244.4
2018-10-01T15:56:52,37.4,216.2,225.4,0.6,14420.0,243.5
2018-10-01T15:57:23,37.4,230.9,227.1,0.5,14430.0,246.4
2018-10-01T15:57:54,37.4,207.9,236.0,0.6,14440.0,246.4
2018-10-01T15:58:25,37.5,225.0,232.4,0.5,14450.0,246.4
2018-10-01T15:58:56,37.5,219.1,234.2,0.5,14460.0,246.4
2018-10-01T15:59:27,37.5,220.3,230.7,0.5,14470.0,247.3
2018-10-01T15:59:58,37.5,215.6,229.5,0.6,14480.0,245.4
2018-10-01T16:00:29,37.6,207.9,227.1,0.6,14490.0,245.4
2018-10-01T16:01:00,37.6,212.6,224.2,0.4,14490.0,243.5
2018-10-01T16:01:31,37.6,194.3,222.4,0.4,14490.0,242.5
2018-10-01T16:02:02,37.6,170.7,229.5,0.6,14500.0,244.4
2018-10-01T16:02:33,37.5,155.9,228.3,0.7,14510.0,245.4
2018-10-01T16:03:04,37.5,160.6,238.4,0.6,14510.0,241.5
2018-10-01T16:03:35,37.5,151.8,245.5,0.5,14520.0,242.5
2018-10-01T16:04:06,37.5,158.3,231.3,0.4,14520.0,241.5
2018-10-01T16:04:37,37.5,184.8,233.6,0.5,14520.0,243.5
2018-10-01T16:05:08,37.5,208.5,225.4,0.6,14530.0,245.4
2018-10-01T16:05:40,37.5,230.3,222.4,0.5,14540.0,244.4
2018-10-01T16:06:11,37.5,209.1,222.4,0.6,14550.0,245.4
2018-10-01T16:06:42,37.6,198.4,231.9,0.6,14560.0,244.4
2018-10-01T16:07:14,37.7,220.9,230.1,0.6,14570.0,245.4
2018-10-01T16:07:45,37.7,216.2,237.2,0.6,14580.0,245.4
2018-10-01T16:08:16,37.7,196.1,230.1,0.6,14590.0,245.4
2018-10-01T16:08:47,37.7,219.1,215.3,0.5,14590.0,243.5
2018-10-01T16:09:18,37.7,216.2,225.9,0.5,14600.0,245.4
2018-10-01T16:09:49,37.7,199.0,225.4,0.6,14610.0,243.5
2018-10-01T16:10:20,37.7,215.6,223.6,0.5,14620.0,243.5
2018-10-01T16:10:51,37.7,219.1,221.2,0.6,14630.0,244.4
2018-10-01T16:11:23,37.7,209.7,215.3,0.6,14640.0,243.5
2018-10-01T16:11:54,37.7,223.8,211.7,0.6,14640.0,243.5
2018-10-01T16:12:25,37.7,206.1,215.9,0.6,14650.0,245.4
2018-10-01T16:12:56,37.7,191.3,218.8,0.6,14660.0,246.4
2018-10-01T16:13:27,37.7,209.1,217.7,0.5,14670.0,244.4
2018-10-01T16:13:58,37.7,225.0,212.3,0.5,14680.0,244.4
2018-10-01T16:14:29,37.8,217.9,218.8,0.6,14680.0,244.4
2018-10-01T16:15:00,37.8,213.2,218.3,0.6,14690.0,244.4
2018-10-01T16:15:31,37.8,218.5,220.0,0.5,14700.0,246.4
2018-10-01T16:16:03,37.8,209.1,222.4,0.5,14710.0,246.4
2018-10-01T16:16:34,37.8,224.4,218.3,0.5,14720.0,245.4
2018-10-01T16:17:05,37.7,204.9,211.7,0.6,14720.0,244.4
2018-10-01T16:17:36,37.7,226.2,216.5,0.5,14730.0,246.4
2018-10-01T16:18:07,37.8,207.3,217.7,0.6,14740.0,245.4
2018-10-01T16:18:38,37.7,214.4,204.6,0.5,14750.0,244.4
2018-10-01T16:19:09,37.7,228.0,207.0,0.5,14750.0,245.4
2018-10-01T16:19:40,37.8,207.9,214.1,0.5,14760.0,244.4
2018-10-01T16:20:11,37.8,222.1,213.5,0.5,14770.0,244.4
2018-10-01T16:20:42,37.8,215.0,213.5,0.5,14770.0,246.4
2018-10-01T16:21:14,37.8,210.2,201.1,0.5,14780.0,246.4
2018-10-01T16:21:45,37.9,208.5,199.9,0.6,14790.0,245.4
2018-10-01T16:22:16,37.9,229.7,211.2,0.5,14800.0,246.4
2018-10-01T16:22:47,38.0,212.0,211.7,0.5,14800.0,245.4
2018-10-01T16:23:18,38.0,226.2,201.7,0.5,14810.0,244.4
2018-10-01T16:23:49,38.0,207.3,211.7,0.5,14820.0,243.5
2018-10-01T16:24:20,38.0,227.4,211.7,0.5,14820.0,242.5
2018-10-01T16:24:51,38.0,212.0,210.6,0.5,14830.0,242.5
2018-10-01T16:25:22,38.0,229.7,208.2,0.5,14840.0,241.5
2018-10-01T16:25:54,38.0,205.5,211.2,0.5,14850.0,241.5
2018-10-01T16:26:25,38.2,222.1,212.3,0.5,14850.0,243.5
2018-10-01T16:26:56,38.2,225.0,202.9,0.5,14860.0,243.5
2018-10-01T16:27:27,38.2,211.4,205.2,0.5,14870.0,243.5
2018-10-01T16:27:58,38.2,225.0,206.4,0.5,14870.0,243.5
2018-10-01T16:28:29,38.0,225.0,206.4,0.5,14880.0,243.5
2018-10-01T16:29:00,38.0,228.0,195.8,0.4,14880.0,243.5
2018-10-01T16:29:31,38.0,204.9,192.2,0.5,14890.0,243.5
2018-10-01T16:30:02,38.0,212.6,193.4,0.5,14900.0,242.5
2018-10-01T16:30:34,38.0,225.0,200.5,0.4,14900.0,241.5
2018-10-01T16:31:05,37.9,206.7,205.2,0.5,14910.0,242.5
2018-10-01T16:31:36,37.8,222.7,192.2,0.5,14920.0,240.6
2018-10-01T16:32:07,37.8,218.5,195.2,0.4,14920.0,242.5
2018-10-01T16:32:38,37.7,207.9,197.5,0.5,14930.0,241.5
2018-10-01T16:33:09,37.7,222.7,204.6,0.4,14930.0,243.5
2018-10-01T16:33:40,37.7,217.9,199.3,0.4,14940.0,241.5
2018-10-01T16:34:11,37.6,201.4,197.5,0.5,14950.0,243.5
2018-10-01T16:34:42,37.6,222.7,193.4,0.5,14950.0,242.5
2018-10-01T16:35:13,37.6,218.5,198.7,0.4,14960.0,241.5
2018-10-01T16:35:45,37.6,215.6,205.2,0.5,14960.0,241.5
2018-10-01T16:36:16,37.6,224.4,202.9,0.4,14970.0,241.5
2018-10-01T16:36:47,37.6,223.2,194.6,0.4,14980.0,242.5
2018-10-01T16:37:18,37.6,215.6,201.1,0.5,14980.0,241.5
2018-10-01T16:37:49,37.6,217.9,197.5,0.5,14990.0,241.5
2018-10-01T16:38:20,37.6,228.0,199.9,0.5,14990.0,242.5
2018-10-01T16:38:51,37.6,206.1,185.7,0.5,15000.0,242.5
2018-10-01T16:39:22,37.6,212.0,191.6,0.4,15000.0,243.5
2018-10-01T16:39:53,37.6,231.5,195.2,0.4,15010.0,243.5
2018-10-01T16:40:24,37.6,211.4,191.6,0.5,15010.0,242.5
2018-10-01T16:40:56,37.7,203.2,183.3,0.5,15020.0,242.5
2018-10-01T16:41:27,37.7,225.6,193.4,0.4,15030.0,244.4
2018-10-01T16:41:58,37.7,217.3,197.0,0.4,15030.0,244.4
2018-10-01T16:42:29,37.7,197.8,188.1,0.4,15040.0,242.5
2018-10-01T16:43:00,37.7,210.2,196.4,0.5,15040.0,242.5
2018-10-01T16:43:31,37.7,223.8,196.4,0.5,15050.0,243.5
2018-10-01T16:44:02,37.6,203.2,199.3,0.4,15050.0,241.5
2018-10-01T16:44:33,37.6,213.8,187.5,0.5,15060.0,242.5
2018-10-01T16:45:04,37.6,233.9,193.4,0.4,15060.0,242.5
2018-10-01T16:45:36,37.6,211.4,195.2,0.5,15070.0,241.5
2018-10-01T16:46:07,37.6,216.2,200.5,0.5,15070.0,242.5
2018-10-01T16:46:38,37.6,230.3,197.5,0.4,15080.0,243.5
2018-10-01T16:47:09,37.6,216.2,198.1,0.4,15080.0,242.5
2018-10-01T16:47:40,37.6,195.5,191.6,0.5,15090.0,241.5
2018-10-01T16:48:11,37.6,206.1,189.9,0.4,15090.0,242.5
2018-10-01T16:48:42,37.6,228.0,184.5,0.5,15100.0,243.5
2018-10-01T16:49:13,37.6,219.7,189.3,0.5,15100.0,242.5
2018-10-01T16:49:44,37.6,198.4,197.5,0.5,15110.0,240.6
2018-10-01T16:50:15,37.6,216.7,190.4,0.5,15110.0,241.5
2018-10-01T16:50:47,37.6,230.3,186.9,0.4,15120.0,242.5
2018-10-01T16:51:18,37.6,210.8,186.3,0.5,15120.0,241.5
2018-10-01T16:51:49,37.5,232.1,193.4,0.5,15120.0,240.6
2018-10-01T16:52:20,37.5,215.6,186.3,0.5,15130.0,238.6
2018-10-01T16:52:51,37.4,216.7,186.3,0.5,15130.0,242.5
2018-10-01T16:53:22,37.4,230.9,190.4,0.4,15140.0,240.6
2018-10-01T16:53:53,37.4,220.9,188.1,0.5,15140.0,241.5
2018-10-01T16:54:24,37.4,200.2,197.0,0.5,15150.0,239.6
2018-10-01T16:54:55,37.4,223.8,190.4,0.4,15150.0,240.6
2018-10-01T16:55:26,37.4,226.8,184.5,0.4,15150.0,240.6
2018-10-01T16:55:58,37.4,205.5,187.5,0.5,15160.0,241.5
2018-10-01T16:56:29,37.4,230.3,191.6,0.4,15160.0,241.5
2018-10-01T16:57:00,37.2,209.7,194.6,0.5,15170.0,238.6
2018-10-01T16:57:31,37.2,220.3,188.1,0.5,15170.0,239.6
2018-10-01T16:58:02,37.2,229.7,190.4,0.4,15180.0,241.5
2018-10-01T16:58:33,37.2,209.7,198.1,0.5,15180.0,240.6
2018-10-01T16:59:04,37.2,189.6,195.2,0.5,15180.0,239.6
2018-10-01T16:59:35,37.2,177.2,185.7,0.6,15190.0,240.6
2018-10-01T17:00:06,37.2,156.5,192.8,0.7,15190.0,240.6
2018-10-01T17:00:38,37.1,164.8,198.1,0.6,15200.0,241.5
2018-10-01T17:01:09,37.1,167.7,196.4,0.6,15200.0,239.6
2018-10-01T17:01:40,37.1,157.1,185.7,0.7,15200.0,240.6
2018-10-01T17:02:11,37.1,165.9,192.8,0.8,15210.0,239.6
2018-10-01T17:02:42,37.1,153.5,202.9,0.9,15210.0,239.6
2018-10-01T17:03:13,37.1,142.9,191.6,1.0,15220.0,241.5
2018-10-01T17:03:44,37.1,117.5,199.9,1.7,15220.0,240.6
2018-10-01T17:04:15,37.0,114.0,187.5,1.7,15220.0,240.6
2018-10-01T17:04:46,37.0,121.6,199.3,1.5,15230.0,240.6
2018-10-01T17:05:17,37.0,117.5,196.4,1.6,15230.0,241.5
2018-10-01T17:05:49,37.0,121.6,194.6,1.5,15240.0,240.6
2018-10-01T17:06:20,37.0,122.8,191.0,1.4,15240.0,240.6
2018-10-01T17:06:51,36.9,114.6,185.1,1.6,15240.0,240.6
2018-10-01T17:07:22,36.9,129.9,195.8,1.5,15250.0,240.6
2018-10-01T17:07:53,36.9,140.0,194.6,1.4,15250.0,241.5
2018-10-01T17:08:24,36.9,144.7,185.1,1.6,15260.0,241.5
2018-10-01T17:08:55,36.9,144.7,196.4,1.6,15260.0,240.6
2018-10-01T17:09:26,36.8,152.9,189.3,1.4,15260.0,239.6
2018-10-01T17:09:57,36.8,154.7,194.0,1.4,15270.0,240.6
2018-10-01T17:10:28,36.7,150.0,198.1,1.4,15270.0,240.6
2018-10-01T17:11:00,36.7,151.8,204.1,1.3,15280.0,239.6
2018-10-01T17:11:31,36.7,150.0,197.5,1.4,15280.0,240.6
2018-10-01T17:12:02,36.7,145.9,189.9,1.4,15280.0,241.5
2018-10-01T17:12:33,36.7,170.1,173.9,1.3,15290.0,242.5
2018-10-01T17:13:04,36.7,177.2,186.3,1.3,15290.0,239.6
2018-10-01T17:13:35,36.5,183.7,190.4,1.3,15300.0,241.5
2018-10-01T17:14:06,36.5,175.4,181.0,1.3,15300.0,241.5
2018-10-01T17:14:37,36.5,177.8,179.2,1.2,15300.0,241.5
2018-10-01T17:15:08,36.5,161.8,179.8,1.3,15310.0,242.5
2018-10-01T17:15:39,36.5,169.5,183.3,1.3,15310.0,240.6
2018-10-01T17:16:11,36.4,170.7,182.8,1.1,15310.0,240.6
2018-10-01T17:16:42,36.4,175.4,179.8,1.1,15320.0,241.5
2018-10-01T17:17:13,36.4,160.0,170.9,1.3,15320.0,241.5
2018-10-01T17:17:44,36.4,173.6,186.3,1.1,15320.0,241.5
2018-10-01T17:18:15,36.3,163.0,184.5,1.1,15330.0,241.5
2018-10-01T17:18:46,36.3,181.9,181.0,1.1,15330.0,242.5
2018-10-01T17:19:17,36.3,179.5,166.2,1.1,15330.0,241.5
2018-10-01T17:19:48,36.3,180.7,174.5,1.0,15340.0,241.5
2018-10-01T17:20:19,36.3,180.1,165.6,1.0,15340.0,239.6
2018-10-01T17:20:51,36.2,177.8,170.9,0.9,15340.0,239.6
2018-10-01T17:21:22,36.2,173.0,171.5,1.0,15340.0,241.5
2018-10-01T17:21:53,36.2,171.9,161.5,1.0,15350.0,242.5
2018-10-01T17:22:24,36.2,160.6,178.6,1.0,15350.0,239.6
2018-10-01T17:22:55,36.1,160.0,161.5,1.0,15350.0,240.6
2018-10-01T17:23:26,36.1,174.2,175.1,0.9,15350.0,240.6
2018-10-01T17:23:57,36.1,161.2,163.2,1.0,15360.0,240.6
2018-10-01T17:24:28,36.1,167.7,168.6,0.9,15360.0,240.6
2018-10-01T17:24:59,36.0,168.9,162.6,0.9,15360.0,240.6
2018-10-01T17:25:30,36.0,157.7,165.6,0.9,15360.0,241.5
2018-10-01T17:26:02,35.9,166.5,168.6,0.8,15370.0,238.6
2018-10-01T17:26:33,35.7,159.4,170.9,0.8,15370.0,241.5
2018-10-01T17:27:04,35.7,166.5,171.5,0.7,15370.0,240.6
2018-10-01T17:27:35,35.7,164.2,166.2,0.7,15370.0,240.6
2018-10-01T17:28:06,35.7,174.8,185.7,0.6,15370.0,241.5
2018-10-01T17:28:37,35.6,175.4,171.5,0.5,15370.0,240.6
2018-10-01T17:29:08,35.6,183.1,170.3,0.5,15380.0,240.6
2018-10-01T17:29:39,35.5,163.0,191.6,0.5,15380.0,240.6
2018-10-01T17:30:10,35.5,167.7,173.9,0.5,15380.0,240.6
2018-10-01T17:30:41,35.5,163.6,179.2,0.5,15380.0,241.5
2018-10-01T17:31:13,35.4,166.5,173.3,0.4,15380.0,240.6
2018-10-01T17:31:44,35.4,156.5,194.6,0.4,15380.0,241.5
2018-10-01T17:32:15,35.4,149.4,181.6,0.4,15380.0,241.5
2018-10-01T17:32:46,35.3,157.1,179.2,0.4,15380.0,241.5
2018-10-01T17:33:17,35.3,137.0,197.0,0.4,15390.0,240.6
2018-10-01T17:33:48,35.2,122.8,192.8,0.5,15390.0,240.6
2018-10-01T17:34:19,35.0,137.6,192.8,0.3,15390.0,240.6
2018-10-01T17:34:50,35.0,116.3,176.2,0.4,15390.0,241.5
2018-10-01T17:35:21,35.0,128.1,194.0,0.3,15390.0,240.6
2018-10-01T17:35:52,34.9,119.9,192.2,0.2,15390.0,241.5
2018-10-01T17:36:24,34.8,114.6,198.1,0.2,15390.0,241.5
2018-10-01T17:36:55,34.7,133.5,201.7,0.1,15390.0,239.6
2018-10-01T17:37:26,34.7,155.3,217.7,0.1,15390.0,240.6
2018-10-01T17:37:57,34.7,176.0,210.0,0.1,15390.0,240.6
2018-10-01T17:38:28,34.6,199.0,227.7,0.1,15390.0,242.5
2018-10-01T17:38:59,34.6,178.3,204.1,0.1,15390.0,240.6
2018-10-01T17:39:30,34.5,160.6,184.5,0.1,15390.0,240.6
2018-10-01T17:40:01,34.5,141.7,163.8,0.1,15390.0,240.6
2018-10-01T17:40:32,34.4,163.6,178.0,0.1,15390.0,241.5
2018-10-01T17:41:04,34.4,182.5,197.0,0.1,15390.0,242.5
2018-10-01T17:41:35,34.2,202.6,215.3,0.1,15390.0,240.6
2018-10-01T17:42:06,34.2,183.1,223.0,0.1,15390.0,242.5
2018-10-01T17:42:37,34.1,164.8,205.2,0.1,15390.0,240.6
2018-10-01T17:43:08,34.1,144.7,182.8,0.0,15390.0,241.5
2018-10-01T17:43:39,34.0,142.9,162.0,0.0,15390.0,240.6
2018-10-01T17:44:10,34.0,160.6,182.2,0.1,15390.0,238.6
2018-10-01T17:44:41,33.9,180.7,203.5,0.0,15390.0,239.6
2018-10-01T17:45:12,33.8,203.2,221.8,0.0,15390.0,239.6
2018-10-01T17:45:43,33.5,164.2,202.9,0.0,15390.0,238.6
2018-10-01T17:46:15,33.5,153.5,171.5,0.0,15390.0,238.6
2018-10-01T17:46:46,33.4,163.6,170.9,0.1,15390.0,237.7
2018-10-01T17:47:17,33.4,197.8,221.8,0.0,15390.0,239.6
2018-10-01T17:47:48,33.3,196.7,218.8,0.0,15390.0,239.6
2018-10-01T17:48:19,33.3,194.9,215.9,0.0,15390.0,237.7
2018-10-01T17:48:50,33.2,193.1,211.7,0.0,15390.0,237.7
2018-10-01T17:49:21,33.1,191.9,207.6,0.0,15390.0,240.6
2018-10-01T17:49:52,33.1,190.2,202.3,0.0,15390.0,238.6
2018-10-01T17:50:23,33.0,187.8,194.6,0.0,15390.0,237.7
2018-10-01T17:50:54,33.0,186.0,188.7,0.0,15390.0,237.7
2018-10-01T17:51:26,32.9,181.9,182.2,0.0,15390.0,237.7
2018-10-01T17:51:57,32.9,140.5,177.4,0.0,15390.0,237.7
2018-10-01T17:52:28,32.7,163.6,163.8,0.0,15390.0,236.7
2018-10-01T17:52:59,32.6,150.0,150.2,0.0,15390.0,239.6
2018-10-01T17:53:30,32.6,125.2,125.4,0.0,15390.0,239.6
