2018-10-11T06:35:29,23.9,203.2,196.4,0.3,70.0,240.6
2018-10-11T06:36:01,23.5,181.9,215.9,0.4,70.0,240.6
2018-10-11T06:36:32,23.9,192.5,236.0,0.4,70.0,241.5
2018-10-11T06:37:03,23.9,213.2,235.4,0.3,70.0,239.6
2018-10-11T06:37:34,23.9,202.0,214.7,0.4,70.0,239.6
2018-10-11T06:38:05,23.9,181.3,202.3,0.4,70.0,239.6
2018-10-11T06:38:36,23.9,185.4,224.8,0.4,70.0,239.6
2018-10-11T06:39:07,24.2,205.5,244.3,0.4,70.0,239.6
2018-10-11T06:39:38,24.2,202.0,223.0,0.4,70.0,239.6
2018-10-11T06:40:09,24.2,186.0,201.7,0.4,80.0,239.6
2018-10-11T06:40:41,24.2,206.7,204.6,0.4,80.0,241.5
2018-10-11T06:41:12,24.2,206.1,227.1,0.4,80.0,241.5
2018-10-11T06:41:43,24.6,185.4,246.1,0.4,80.0,241.5
2018-10-11T06:42:14,24.6,184.8,225.4,0.4,80.0,240.6
2018-10-11T06:42:45,24.6,207.9,203.5,0.4,80.0,241.5
2018-10-11T06:43:16,24.6,202.0,223.6,0.4,80.0,240.6
2018-10-11T06:43:47,24.6,184.3,244.3,0.4,80.0,239.6
2018-10-11T06:44:18,24.6,205.5,223.0,0.4,80.0,240.6
2018-10-11T06:44:49,24.6,208.5,204.1,0.4,80.0,240.6
2018-10-11T06:45:20,25.0,187.8,205.8,0.5,90.0,240.6
2018-10-11T06:45:52,25.0,192.5,228.3,0.5,90.0,240.6
2018-10-11T06:46:23,25.0,212.6,239.5,0.4,90.0,240.6
2018-10-11T06:46:54,25.0,204.3,217.1,0.4,90.0,240.6
2018-10-11T06:47:25,25.0,184.8,197.0,0.4,90.0,239.6
2018-10-11T06:47:56,25.0,205.5,218.3,0.4,90.0,240.6
2018-10-11T06:48:27,25.3,209.7,239.0,0.4,90.0,239.6
2018-10-11T06:48:58,25.3,187.2,226.5,0.4,90.0,239.6
2018-10-11T06:49:29,25.3,208.5,206.4,0.4,100.0,239.6
2018-10-11T06:50:00,25.3,204.3,211.7,0.4,100.0,240.6
2018-10-11T06:50:32,25.3,187.8,233.0,0.5,100.0,238.6
2018-10-11T06:51:03,25.3,209.7,235.4,0.4,100.0,238.6
2018-10-11T06:51:34,25.7,204.9,212.9,0.5,100.0,240.6
2018-10-11T06:52:05,25.7,184.8,199.3,0.5,100.0,240.6
2018-10-11T06:52:36,25.7,187.8,221.2,0.5,100.0,240.6
2018-10-11T06:53:07,25.7,209.7,242.5,0.5,100.0,241.5
2018-10-11T06:53:38,25.7,205.5,228.3,0.5,110.0,241.5
2018-10-11T06:54:09,26.1,184.8,208.2,0.5,110.0,240.6
2018-10-11T06:54:40,26.1,193.7,227.7,0.5,110.0,240.6
2018-10-11T06:55:11,26.1,215.0,248.4,0.5,110.0,241.5
2018-10-11T06:55:43,26.1,197.3,224.8,0.5,110.0,240.6
2018-10-11T06:56:14,26.1,184.8,204.6,0.6,110.0,241.5
2018-10-11T06:56:45,26.1,207.3,224.2,0.5,110.0,241.5
2018-10-11T06:57:16,26.4,210.8,245.5,0.5,120.0,241.5
2018-10-11T06:57:47,26.4,189.0,226.5,0.5,120.0,240.6
2018-10-11T06:58:18,26.4,192.5,205.8,0.6,120.0,239.6
2018-10-11T06:58:49,26.4,215.0,211.7,0.5,120.0,240.6
2018-10-11T06:59:20,26.4,204.9,234.2,0.5,120.0,241.5
2018-10-11T06:59:51,26.8,183.7,237.8,0.6,120.0,240.6
2018-10-11T07:00:22,26.8,199.6,215.9,0.6,130.0,242.5
2018-10-11T07:00:54,26.8,219.7,230.1,0.5,130.0,241.5
2018-10-11T07:01:26,26.8,197.8,247.2,0.6,130.0,242.5
2018-10-11T07:01:57,26.8,184.8,223.6,0.6,130.0,240.6
2018-10-11T07:02:28,26.8,206.7,218.3,0.6,130.0,242.5
2018-10-11T07:02:59,27.2,214.4,241.9,0.6,140.0,241.5
2018-10-11T07:03:30,27.2,194.3,228.3,0.7,140.0,241.5
2018-10-11T07:04:01,27.2,215.6,209.4,0.6,140.0,240.6
2018-10-11T07:04:32,27.2,204.3,230.1,0.6,140.0,240.6
2018-10-11T07:05:03,27.5,206.7,247.2,0.7,140.0,240.6
2018-10-11T07:05:34,27.5,216.2,223.6,0.7,150.0,240.6
2018-10-11T07:06:34,27.5,208.5,250.2,0.7,150.0,241.5
2018-10-11T07:07:05,27.5,187.8,227.1,0.7,150.0,240.6
2018-10-11T07:07:36,27.9,202.0,211.2,0.7,150.0,242.5
2018-10-11T07:08:07,27.9,218.5,234.2,0.6,160.0,240.6
2018-10-11T07:08:38,27.9,197.3,233.0,0.7,160.0,242.5
2018-10-11T07:09:09,27.9,196.1,221.2,0.7,160.0,243.5
2018-10-11T07:09:40,27.9,218.5,243.1,0.7,160.0,240.6
2018-10-11T07:10:11,28.3,210.2,232.4,0.6,170.0,243.5
2018-10-11T07:10:42,28.3,187.2,211.2,0.8,170.0,242.5
2018-10-11T07:11:14,28.3,202.0,227.1,0.7,170.0,242.5
2018-10-11T07:11:45,28.3,183.7,223.0,0.8,170.0,243.5
2018-10-11T07:12:16,28.3,202.6,242.5,0.7,180.0,243.5
2018-10-11T07:12:47,28.6,217.9,236.0,0.7,180.0,244.4
2018-10-11T07:13:18,28.6,197.8,223.6,0.9,180.0,243.5
2018-10-11T07:13:49,28.6,176.0,245.5,0.9,180.0,243.5
2018-10-11T07:14:20,28.6,177.8,228.9,1.0,190.0,242.5
2018-10-11T07:14:51,28.6,200.2,223.0,0.9,190.0,244.4
2018-10-11T07:15:22,28.6,222.7,245.5,0.8,190.0,243.5
2018-10-11T07:15:54,28.6,202.0,227.7,0.9,200.0,243.5
2018-10-11T07:16:25,28.6,181.9,232.4,1.0,200.0,243.5
2018-10-11T07:16:56,28.6,173.6,225.4,1.2,200.0,243.5
2018-10-11T07:17:27,29.0,196.1,240.1,1.0,200.0,243.5
2018-10-11T07:17:58,29.0,206.7,232.4,0.9,210.0,241.5
2018-10-11T07:18:29,29.0,218.5,231.3,1.0,210.0,243.5
2018-10-11T07:19:00,29.0,215.6,241.9,1.0,220.0,245.4
2018-10-11T07:19:31,29.4,208.5,229.5,1.0,220.0,242.5
2018-10-11T07:20:02,29.4,209.1,247.2,1.0,220.0,243.5
2018-10-11T07:20:34,29.4,215.0,226.5,1.1,230.0,244.4
2018-10-11T07:21:05,29.4,221.5,231.3,1.0,230.0,245.4
2018-10-11T07:21:36,29.4,219.1,226.5,0.9,230.0,244.4
2018-10-11T07:22:07,29.4,194.9,205.8,1.3,240.0,244.4
2018-10-11T07:22:38,29.4,195.5,220.0,0.8,240.0,243.5
2018-10-11T07:23:09,29.7,204.3,244.9,1.2,240.0,243.5
2018-10-11T07:23:40,29.7,202.6,239.0,0.7,250.0,243.5
2018-10-11T07:24:11,29.7,186.0,211.2,1.2,250.0,244.4
2018-10-11T07:24:42,30.1,194.9,228.3,0.7,250.0,243.5
2018-10-11T07:25:13,30.1,213.2,247.8,1.1,260.0,244.4
2018-10-11T07:25:45,30.1,213.8,234.2,0.9,260.0,243.5
2018-10-11T07:26:16,30.2,220.3,231.3,1.0,270.0,244.4
2018-10-11T07:26:47,30.2,219.1,239.5,0.8,270.0,243.5
2018-10-11T07:27:18,30.2,194.3,215.9,1.4,270.0,245.4
2018-10-11T07:27:49,30.3,194.9,240.1,1.5,280.0,244.4
2018-10-11T07:28:20,30.3,170.7,247.2,1.9,280.0,245.4
2018-10-11T07:28:51,30.3,164.2,236.0,1.0,290.0,244.4
2018-10-11T07:29:22,30.4,179.5,232.4,1.0,290.0,244.4
2018-10-11T07:29:53,30.4,209.1,199.3,1.2,300.0,244.4
2018-10-11T07:30:24,30.4,209.7,211.7,0.9,300.0,243.5
2018-10-11T07:30:56,30.3,206.1,228.3,0.8,300.0,243.5
2018-10-11T07:31:27,30.3,208.5,230.1,0.8,310.0,242.5
2018-10-11T07:31:58,30.3,209.1,211.7,0.9,310.0,242.5
2018-10-11T07:32:29,30.4,206.7,228.9,0.8,310.0,243.5
2018-10-11T07:33:00,30.4,213.8,247.2,0.8,310.0,243.5
2018-10-11T07:33:31,30.4,218.5,248.4,1.2,320.0,243.5
2018-10-11T07:34:02,30.4,208.5,237.2,0.9,320.0,240.6
2018-10-11T07:34:33,30.4,213.8,226.5,1.0,330.0,242.5
2018-10-11T07:35:04,30.5,229.7,246.6,1.0,330.0,244.4
2018-10-11T07:35:36,30.4,208.5,257.9,1.2,340.0,243.5
2018-10-11T07:36:07,30.5,179.5,225.9,1.8,340.0,245.4
2018-10-11T07:36:38,30.5,200.8,246.1,1.8,350.0,246.4
2018-10-11T07:37:09,30.5,198.4,236.0,1.8,350.0,247.3
2018-10-11T07:37:40,30.7,176.0,241.3,2.1,360.0,246.4
2018-10-11T07:38:11,30.7,181.3,241.3,1.6,370.0,245.4
2018-10-11T07:38:42,30.7,193.7,223.0,2.2,370.0,247.3
2018-10-11T07:39:13,30.8,194.9,238.4,1.2,380.0,244.4
2018-10-11T07:39:44,30.8,189.0,238.4,1.2,390.0,244.4
2018-10-11T07:40:15,30.9,189.0,234.2,1.3,390.0,245.4
2018-10-11T07:40:47,30.9,186.0,228.3,1.3,390.0,244.4
2018-10-11T07:41:18,31.0,187.8,227.1,1.2,400.0,243.5
2018-10-11T07:41:49,31.0,190.8,233.0,1.3,400.0,244.4
2018-10-11T07:42:20,31.0,187.8,227.1,1.3,410.0,243.5
2018-10-11T07:42:51,31.1,202.6,237.2,1.1,410.0,244.4
2018-10-11T07:43:22,31.1,220.9,234.8,1.0,420.0,244.4
2018-10-11T07:43:53,31.1,198.4,228.3,1.3,420.0,242.5
2018-10-11T07:44:24,31.1,190.2,233.0,1.4,420.0,244.4
2018-10-11T07:44:55,31.2,212.6,225.4,1.2,430.0,246.4
2018-10-11T07:45:26,31.2,218.5,230.7,1.2,430.0,245.4
2018-10-11T07:45:58,31.2,222.1,241.3,1.2,440.0,245.4
2018-10-11T07:46:29,31.2,208.5,233.0,1.5,440.0,243.5
2018-10-11T07:47:00,31.2,216.2,244.3,1.4,450.0,243.5
2018-10-11T07:47:31,31.2,222.1,232.4,1.2,460.0,244.4
2018-10-11T07:48:02,31.2,201.4,222.4,1.3,460.0,244.4
2018-10-11T07:48:33,31.2,221.5,244.9,1.4,470.0,245.4
2018-10-11T07:49:04,31.4,218.5,227.7,1.4,470.0,246.4
2018-10-11T07:49:35,31.4,220.3,230.7,1.2,480.0,244.4
2018-10-11T07:50:06,31.4,221.5,223.0,1.2,480.0,245.4
2018-10-11T07:50:38,31.5,213.8,234.2,1.4,490.0,245.4
2018-10-11T07:51:09,31.5,217.3,229.5,1.3,490.0,245.4
2018-10-11T07:51:40,31.5,222.1,230.1,1.3,500.0,244.4
2018-10-11T07:52:11,31.5,222.1,236.0,1.2,500.0,244.4
2018-10-11T07:52:42,31.5,222.1,234.8,1.3,510.0,243.5
2018-10-11T07:53:13,31.6,217.3,227.1,1.3,520.0,243.5
2018-10-11T07:53:44,31.6,217.9,232.4,1.3,520.0,243.5
2018-10-11T07:54:15,31.6,223.2,236.0,1.3,530.0,243.5
2018-10-11T07:54:46,31.6,222.7,240.1,1.3,530.0,244.4
2018-10-11T07:55:17,31.6,223.2,225.9,1.3,540.0,242.5
2018-10-11T07:55:49,31.7,223.2,240.1,1.3,540.0,242.5
2018-10-11T07:56:20,31.6,220.3,234.8,1.3,550.0,242.5
2018-10-11T07:56:51,31.6,220.3,231.3,1.2,550.0,243.5
2018-10-11T07:57:22,31.6,216.7,245.5,1.3,560.0,243.5
2018-10-11T07:57:53,31.7,219.1,234.8,1.2,570.0,242.5
2018-10-11T07:58:24,31.7,219.1,236.0,1.3,570.0,242.5
2018-10-11T07:58:55,31.7,219.7,227.7,1.2,580.0,240.6
2018-10-11T07:59:26,31.5,209.7,234.8,1.2,580.0,240.6
2018-10-11T07:59:57,31.5,213.8,239.0,1.2,590.0,241.5
2018-10-11T08:00:28,31.6,222.7,226.5,1.2,590.0,243.5
2018-10-11T08:01:00,31.6,212.6,243.7,1.3,600.0,244.4
2018-10-11T08:01:31,31.6,223.2,233.0,1.2,600.0,244.4
2018-10-11T08:02:02,31.7,209.7,233.6,1.3,610.0,243.5
2018-10-11T08:02:33,31.7,218.5,235.4,1.4,620.0,245.4
2018-10-11T08:03:04,31.7,225.0,225.4,1.2,620.0,244.4
2018-10-11T08:03:35,31.8,220.9,232.4,1.4,630.0,243.5
2018-10-11T08:04:06,31.8,224.4,227.7,1.4,630.0,243.5
2018-10-11T08:04:37,31.8,200.2,225.9,1.6,640.0,243.5
2018-10-11T08:05:08,31.9,192.5,225.4,1.7,650.0,246.4
2018-10-11T08:05:39,31.9,171.9,233.0,1.9,650.0,247.3
2018-10-11T08:06:11,32.0,164.2,240.1,2.0,660.0,247.3
2018-10-11T08:06:42,32.0,180.1,236.0,1.8,670.0,248.3
2018-10-11T08:07:13,32.0,191.3,231.3,1.6,670.0,247.3
2018-10-11T08:07:44,32.0,197.3,224.2,1.5,680.0,246.4
2018-10-11T08:08:15,32.0,196.1,234.2,1.4,690.0,247.3
2018-10-11T08:08:46,32.0,191.3,234.8,1.3,690.0,247.3
2018-10-11T08:09:17,32.0,193.7,230.1,1.3,700.0,247.3
2018-10-11T08:09:48,32.2,197.3,228.9,1.2,700.0,248.3
2018-10-11T08:10:19,32.2,198.4,241.3,1.2,710.0,247.3
2018-10-11T08:10:50,32.2,175.4,228.3,1.4,710.0,247.3
2018-10-11T08:11:22,32.3,197.3,231.9,1.3,720.0,247.3
2018-10-11T08:11:53,32.3,196.1,239.5,1.2,720.0,247.3
2018-10-11T08:12:24,32.4,196.7,230.7,1.2,730.0,248.3
2018-10-11T08:12:55,32.4,196.7,225.9,1.3,730.0,246.4
2018-10-11T08:13:26,32.4,190.8,242.5,1.3,740.0,246.4
2018-10-11T08:13:57,32.4,191.3,227.7,1.4,740.0,247.3
2018-10-11T08:14:28,32.3,194.9,231.3,1.4,750.0,246.4
2018-10-11T08:14:59,32.3,173.6,228.3,1.6,750.0,248.3
2018-10-11T08:15:30,32.3,176.0,234.2,1.5,760.0,247.3
2018-10-11T08:16:01,32.3,199.6,212.3,1.4,760.0,247.3
2018-10-11T08:16:32,32.3,173.6,189.3,2.3,770.0,247.3
2018-10-11T08:17:03,32.2,165.9,198.7,2.1,780.0,247.3
2018-10-11T08:17:34,32.0,158.9,191.0,2.5,790.0,247.3
2018-10-11T08:18:05,32.0,172.4,203.5,1.7,790.0,247.3
2018-10-11T08:18:36,32.0,167.7,222.4,1.8,800.0,247.3
2018-10-11T08:19:07,32.0,177.8,230.7,1.5,810.0,248.3
2018-10-11T08:19:38,32.2,199.0,231.3,1.4,810.0,246.4
2018-10-11T08:20:09,32.2,225.0,237.2,1.3,820.0,246.4
2018-10-11T08:20:40,32.2,211.4,224.2,1.6,820.0,247.3
2018-10-11T08:21:12,32.2,210.8,245.5,2.0,830.0,249.3
2018-10-11T08:21:43,32.2,226.8,227.7,2.8,840.0,249.3
2018-10-11T08:22:14,32.2,220.3,231.9,2.7,850.0,248.3
2018-10-11T08:22:45,32.2,215.6,244.3,2.4,860.0,248.3
2018-10-11T08:23:16,32.2,220.3,250.2,3.3,870.0,251.2
2018-10-11T08:23:47,32.2,209.1,235.4,3.5,880.0,250.2
2018-10-11T08:24:18,32.3,197.8,240.1,2.2,890.0,247.3
2018-10-11T08:24:49,32.3,213.8,233.6,1.7,900.0,246.4
2018-10-11T08:25:20,32.3,216.2,227.7,1.3,910.0,245.4
2018-10-11T08:25:51,32.3,213.8,239.0,1.2,910.0,246.4
2018-10-11T08:26:23,32.4,221.5,223.6,1.2,920.0,246.4
2018-10-11T08:26:54,32.5,203.2,211.7,1.4,920.0,247.3
2018-10-11T08:27:25,32.4,218.5,240.7,1.4,930.0,247.3
2018-10-11T08:27:56,32.4,223.8,222.4,1.4,940.0,247.3
2018-10-11T08:28:27,32.4,196.1,199.9,1.9,940.0,247.3
2018-10-11T08:28:58,32.4,226.2,217.1,4.0,950.0,251.2
2018-10-11T08:29:29,32.3,220.9,239.5,1.7,970.0,250.2
2018-10-11T08:30:00,32.3,218.5,233.0,1.4,980.0,249.3
2018-10-11T08:30:31,32.4,213.8,232.4,1.4,980.0,247.3
2018-10-11T08:31:03,32.4,219.7,228.9,1.3,990.0,247.3
2018-10-11T08:31:34,32.4,194.3,253.7,3.1,1000.0,249.3
2018-10-11T08:32:05,32.5,184.8,237.2,4.3,1010.0,252.2
2018-10-11T08:32:36,32.5,199.6,239.0,4.1,1030.0,251.2
2018-10-11T08:33:07,32.6,212.0,237.8,4.0,1040.0,251.2
2018-10-11T08:33:38,32.6,213.2,215.3,3.6,1050.0,250.2
2018-10-11T08:34:09,32.6,217.9,234.2,4.1,1070.0,252.2
2018-10-11T08:34:40,32.6,212.0,230.1,4.0,1090.0,251.2
2018-10-11T08:35:11,32.5,207.9,239.0,4.0,1100.0,252.2
2018-10-11T08:35:42,32.6,213.2,236.0,4.4,1120.0,252.2
2018-10-11T08:36:14,32.6,210.8,225.4,4.2,1130.0,251.2
2018-10-11T08:36:45,32.6,217.9,221.8,1.7,1150.0,249.3
2018-10-11T08:37:16,32.7,207.9,222.4,1.6,1150.0,248.3
2018-10-11T08:37:47,32.9,203.7,217.1,1.5,1160.0,248.3
2018-10-11T08:38:18,33.0,215.0,222.4,1.4,1170.0,247.3
2018-10-11T08:38:49,33.1,196.7,234.2,1.6,1170.0,248.3
2018-10-11T08:39:20,33.2,191.3,232.4,3.3,1180.0,250.2
2018-10-11T08:39:51,33.2,193.7,244.9,1.9,1190.0,248.3
2018-10-11T08:40:22,33.2,192.5,223.0,1.9,1200.0,247.3
2018-10-11T08:40:54,33.2,192.5,215.3,1.9,1210.0,248.3
2018-10-11T08:41:25,33.2,163.6,239.0,3.2,1210.0,248.3
2018-10-11T08:41:56,33.2,164.2,231.3,2.4,1220.0,247.3
2018-10-11T08:42:27,33.1,189.0,216.5,3.1,1230.0,251.2
2018-10-11T08:42:58,33.1,192.5,228.3,1.8,1240.0,248.3
2018-10-11T08:43:29,33.1,189.6,225.4,2.0,1250.0,248.3
2018-10-11T08:44:00,33.0,196.1,220.0,2.6,1260.0,248.3
2018-10-11T08:44:31,33.0,209.7,228.3,1.9,1270.0,245.4
2018-10-11T08:45:02,32.9,213.8,231.3,1.6,1270.0,246.4
2018-10-11T08:45:34,32.9,212.0,230.1,1.5,1280.0,246.4
2018-10-11T08:46:05,32.9,215.6,233.0,2.1,1290.0,246.4
2018-10-11T08:46:36,33.0,212.0,247.2,4.8,1300.0,250.2
2018-10-11T08:47:07,33.1,213.8,239.0,1.8,1310.0,245.4
2018-10-11T08:47:38,33.0,199.6,223.6,3.2,1320.0,247.3
2018-10-11T08:48:09,33.1,180.7,218.3,3.5,1340.0,249.3
2018-10-11T08:48:40,33.1,194.9,243.1,4.9,1350.0,248.3
2018-10-11T08:49:11,33.1,201.4,237.8,1.7,1360.0,246.4
2018-10-11T08:49:42,33.1,216.2,219.4,1.4,1370.0,245.4
2018-10-11T08:50:13,33.0,202.0,199.3,1.6,1380.0,245.4
2018-10-11T08:50:45,33.0,213.8,220.0,1.6,1380.0,248.3
2018-10-11T08:51:16,33.1,209.7,225.4,1.7,1390.0,247.3
2018-10-11T08:51:47,33.1,184.8,203.5,2.9,1400.0,248.3
2018-10-11T08:52:18,33.1,215.6,228.3,5.0,1410.0,250.2
2018-10-11T08:52:49,33.2,216.2,224.8,4.7,1430.0,251.2
2018-10-11T08:53:20,33.2,212.0,227.1,4.7,1450.0,250.2
2018-10-11T08:53:51,33.2,210.2,231.3,4.8,1470.0,250.2
2018-10-11T08:54:22,33.3,213.8,231.3,4.6,1490.0,250.2
2018-10-11T08:54:53,33.3,220.3,232.4,1.6,1500.0,246.4
2018-10-11T08:55:24,33.3,220.9,219.4,1.8,1510.0,247.3
2018-10-11T08:55:56,33.4,206.7,229.5,1.6,1520.0,247.3
2018-10-11T08:56:27,33.3,214.4,230.7,1.1,1520.0,245.4
2018-10-11T08:56:58,33.1,209.7,220.0,1.1,1530.0,246.4
2018-10-11T08:57:29,33.3,213.2,225.9,1.2,1530.0,246.4
2018-10-11T08:58:00,33.3,197.8,233.0,1.2,1540.0,245.4
2018-10-11T08:58:31,33.4,207.9,230.7,1.3,1540.0,247.3
2018-10-11T08:59:02,33.5,217.9,220.6,1.5,1550.0,246.4
2018-10-11T08:59:33,33.5,225.0,197.0,4.5,1560.0,251.2
2018-10-11T09:00:04,33.5,212.0,226.5,5.1,1580.0,251.2
2018-10-11T09:00:36,33.5,207.9,241.9,5.3,1600.0,250.2
2018-10-11T09:01:07,33.5,216.2,231.9,3.3,1610.0,249.3
2018-10-11T09:01:38,33.7,206.7,237.8,2.8,1630.0,249.3
2018-10-11T09:02:09,33.5,210.8,227.7,2.0,1640.0,249.3
2018-10-11T09:02:40,33.7,201.4,227.1,1.5,1640.0,246.4
2018-10-11T09:03:11,33.7,211.4,219.4,1.3,1650.0,245.4
2018-10-11T09:03:42,33.7,215.6,211.2,1.7,1650.0,248.3
2018-10-11T09:04:13,33.8,214.4,227.1,1.5,1660.0,248.3
2018-10-11T09:04:44,33.8,228.6,201.7,2.7,1670.0,250.2
2018-10-11T09:05:15,33.9,215.6,210.0,4.7,1680.0,250.2
2018-10-11T09:05:47,33.9,216.2,209.4,1.6,1690.0,246.4
2018-10-11T09:06:18,33.9,217.3,231.3,4.9,1700.0,249.3
2018-10-11T09:06:49,33.9,216.2,233.6,2.6,1710.0,249.3
2018-10-11T09:07:20,33.8,200.8,246.6,2.8,1730.0,249.3
2018-10-11T09:07:51,33.8,197.8,225.9,2.2,1740.0,247.3
2018-10-11T09:08:22,33.9,204.3,230.7,1.6,1740.0,247.3
2018-10-11T09:08:53,33.9,222.1,201.7,2.1,1750.0,249.3
2018-10-11T09:09:24,34.0,213.8,204.1,5.6,1760.0,253.1
2018-10-11T09:09:55,34.0,202.0,208.2,3.3,1780.0,250.2
2018-10-11T09:10:26,33.9,214.4,223.0,3.2,1790.0,249.3
2018-10-11T09:10:58,33.9,204.9,232.4,2.8,1800.0,251.2
2018-10-11T09:11:29,33.9,189.6,222.4,2.8,1810.0,247.3
2018-10-11T09:12:00,33.8,171.3,205.2,6.0,1820.0,252.2
2018-10-11T09:12:31,33.8,190.8,228.3,5.3,1840.0,254.1
2018-10-11T09:13:02,33.8,189.6,232.4,5.2,1860.0,251.2
2018-10-11T09:13:33,33.9,189.6,225.9,5.2,1880.0,252.2
2018-10-11T09:14:04,34.0,200.8,225.4,5.0,1890.0,253.1
2018-10-11T09:14:35,33.9,200.2,222.4,3.3,1910.0,251.2
2018-10-11T09:15:06,33.9,194.9,228.3,4.7,1930.0,252.2
2018-10-11T09:15:39,34.0,186.6,232.4,3.0,1940.0,252.2
2018-10-11T09:16:10,34.1,188.4,220.6,5.3,1960.0,254.1
2018-10-11T09:16:41,34.1,194.9,220.6,5.3,1980.0,252.2
2018-10-11T09:17:12,34.1,190.2,216.5,3.9,1990.0,251.2
2018-10-11T09:17:43,34.2,199.6,218.8,1.3,2000.0,247.3
2018-10-11T09:18:14,34.4,186.0,225.4,5.5,2010.0,252.2
2018-10-11T09:18:45,34.4,186.6,221.8,5.4,2030.0,252.2
2018-10-11T09:19:16,34.5,189.0,220.6,5.4,2050.0,252.2
2018-10-11T09:19:47,34.5,208.5,223.6,2.4,2070.0,249.3
2018-10-11T09:20:18,34.6,202.6,232.4,3.0,2070.0,247.3
2018-10-11T09:20:50,34.5,203.2,228.9,4.5,2090.0,251.2
2018-10-11T09:21:21,34.5,206.7,233.0,1.0,2100.0,244.4
2018-10-11T09:21:52,34.2,210.8,214.1,0.9,2110.0,244.4
2018-10-11T09:22:23,34.2,187.8,192.2,1.1,2110.0,245.4
2018-10-11T09:22:54,34.0,165.9,209.4,1.3,2110.0,244.4
2018-10-11T09:23:25,33.9,149.4,233.0,1.6,2120.0,245.4
2018-10-11T09:23:56,33.7,156.5,219.4,1.5,2120.0,244.4
2018-10-11T09:24:27,33.7,177.8,221.2,1.4,2130.0,245.4
2018-10-11T09:24:58,33.5,184.8,222.4,1.4,2130.0,244.4
2018-10-11T09:25:29,33.7,155.9,255.5,4.3,2140.0,248.3
2018-10-11T09:26:01,33.5,151.2,239.0,3.2,2150.0,249.3
2018-10-11T09:26:32,33.7,163.0,241.3,2.1,2170.0,246.4
2018-10-11T09:27:03,33.7,197.3,227.1,5.8,2180.0,249.3
2018-10-11T09:27:34,33.7,201.4,228.9,5.8,2200.0,252.2
2018-10-11T09:28:05,33.8,199.6,231.3,5.7,2220.0,253.1
2018-10-11T09:28:36,33.9,199.6,224.2,5.6,2240.0,251.2
2018-10-11T09:29:07,33.9,196.7,224.8,5.6,2260.0,252.2
2018-10-11T09:29:38,33.9,201.4,234.2,5.5,2280.0,252.2
2018-10-11T09:30:09,34.0,194.9,225.4,5.6,2300.0,252.2
2018-10-11T09:30:40,34.1,184.8,231.3,5.5,2320.0,254.1
2018-10-11T09:31:12,34.1,180.1,225.9,3.1,2340.0,251.2
2018-10-11T09:31:43,34.2,194.3,245.5,5.4,2350.0,252.2
2018-10-11T09:32:14,34.5,197.3,219.4,5.9,2370.0,252.2
2018-10-11T09:32:45,34.6,196.7,207.0,5.9,2390.0,252.2
2018-10-11T09:33:16,34.7,200.2,221.8,5.8,2410.0,252.2
2018-10-11T09:33:47,34.8,194.3,225.4,6.1,2430.0,252.2
2018-10-11T09:34:18,34.9,195.5,223.6,4.5,2450.0,251.2
2018-10-11T09:34:49,34.9,177.8,225.4,6.2,2470.0,252.2
2018-10-11T09:35:20,34.8,194.3,216.5,5.8,2490.0,253.1
2018-10-11T09:35:51,34.8,195.5,216.5,5.6,2510.0,251.2
2018-10-11T09:36:23,34.9,196.1,215.9,5.7,2530.0,251.2
2018-10-11T09:36:54,34.9,195.5,217.1,5.6,2550.0,251.2
2018-10-11T09:37:25,34.8,180.7,216.5,4.5,2570.0,248.3
2018-10-11T09:37:56,34.9,190.8,216.5,1.4,2570.0,245.4
2018-10-11T09:38:27,34.9,194.9,205.2,1.4,2580.0,246.4
2018-10-11T09:38:58,34.8,210.8,176.2,2.5,2580.0,248.3
2018-10-11T09:39:29,34.8,192.5,159.1,4.0,2600.0,246.4
2018-10-11T09:40:00,34.7,191.9,154.9,6.0,2610.0,246.4
2018-10-11T09:40:31,34.6,193.1,194.0,6.2,2630.0,248.3
2018-10-11T09:41:03,34.7,194.3,219.4,6.0,2650.0,250.2
2018-10-11T09:41:34,34.9,191.9,225.9,6.2,2670.0,249.3
2018-10-11T09:42:05,34.9,191.9,222.4,6.0,2690.0,246.4
2018-10-11T09:42:36,34.8,190.8,220.6,6.1,2710.0,248.3
2018-10-11T09:43:07,35.0,197.3,230.1,5.5,2730.0,247.3
2018-10-11T09:43:38,35.0,190.8,218.3,6.1,2750.0,249.3
2018-10-11T09:44:09,35.3,191.3,220.0,6.1,2770.0,249.3
2018-10-11T09:44:40,35.4,190.8,224.2,6.2,2790.0,251.2
2018-10-11T09:45:11,35.5,193.7,222.4,6.1,2810.0,251.2
2018-10-11T09:45:42,35.6,193.7,210.0,6.3,2840.0,249.3
2018-10-11T09:46:13,35.7,189.0,214.7,6.2,2860.0,250.2
2018-10-11T09:46:44,35.9,189.0,224.8,5.4,2880.0,248.3
2018-10-11T09:47:15,36.0,197.8,223.6,4.9,2900.0,250.2
2018-10-11T09:47:46,36.1,190.8,222.4,6.5,2920.0,248.3
2018-10-11T09:48:17,36.2,191.3,218.3,6.1,2940.0,249.3
2018-10-11T09:48:48,36.2,182.5,212.3,6.2,2960.0,249.3
2018-10-11T09:49:19,36.4,193.7,214.1,6.1,2980.0,250.2
2018-10-11T09:49:51,36.3,191.9,218.3,6.2,3000.0,250.2
2018-10-11T09:50:22,36.5,190.8,211.7,6.3,3020.0,251.2
2018-10-11T09:50:54,36.7,191.9,208.8,6.3,3050.0,250.2
2018-10-11T09:51:25,36.7,188.4,206.4,6.3,3070.0,250.2
2018-10-11T09:51:56,36.9,204.9,198.1,5.0,3090.0,252.2
2018-10-11T09:52:27,36.9,194.9,206.4,4.7,3110.0,249.3
2018-10-11T09:52:58,36.8,184.8,195.2,2.7,3120.0,247.3
2018-10-11T09:53:29,36.9,181.3,201.7,2.0,3130.0,245.4
2018-10-11T09:54:00,37.0,171.9,186.3,6.9,3140.0,250.2
2018-10-11T09:54:31,37.0,184.8,197.5,5.5,3160.0,249.3
2018-10-11T09:55:02,37.1,204.9,196.4,3.8,3180.0,250.2
2018-10-11T09:55:34,37.1,203.2,202.9,3.0,3200.0,249.3
2018-10-11T09:56:05,37.1,209.1,215.9,4.2,3210.0,249.3
2018-10-11T09:56:36,37.0,202.6,215.3,3.5,3220.0,249.3
2018-10-11T09:57:07,37.0,185.4,207.0,2.2,3230.0,246.4
2018-10-11T09:57:38,36.9,165.9,219.4,5.7,3250.0,250.2
2018-10-11T09:58:09,37.0,178.9,220.0,2.0,3250.0,245.4
2018-10-11T09:58:40,36.9,181.9,218.8,2.1,3260.0,247.3
2018-10-11T09:59:11,37.0,187.2,218.8,1.8,3270.0,245.4
2018-10-11T09:59:42,37.0,181.3,217.1,1.8,3280.0,244.4
2018-10-11T10:00:13,36.8,189.6,218.3,1.6,3280.0,245.4
2018-10-11T10:00:45,36.7,189.0,221.2,1.7,3290.0,245.4
2018-10-11T10:01:16,36.8,190.2,219.4,1.7,3300.0,243.5
2018-10-11T10:01:47,36.8,184.8,217.1,1.8,3300.0,245.4
2018-10-11T10:02:18,36.8,189.0,223.0,1.7,3310.0,245.4
2018-10-11T10:02:49,36.9,191.3,224.8,1.7,3310.0,244.4
2018-10-11T10:03:20,36.9,186.6,227.7,1.6,3320.0,245.4
2018-10-11T10:03:51,36.9,187.8,225.4,1.7,3330.0,245.4
2018-10-11T10:04:22,36.9,174.8,214.1,2.1,3330.0,246.4
2018-10-11T10:04:53,36.9,141.7,178.6,4.7,3340.0,246.4
2018-10-11T10:05:24,37.0,165.9,163.2,3.7,3350.0,246.4
2018-10-11T10:05:55,37.0,168.9,179.2,2.7,3360.0,244.4
2018-10-11T10:06:27,37.0,194.3,214.1,3.3,3370.0,246.4
2018-10-11T10:06:58,37.1,178.3,234.8,4.3,3380.0,248.3
2018-10-11T10:07:29,36.8,181.3,231.9,6.4,3400.0,249.3
2018-10-11T10:08:00,36.7,193.7,213.5,6.7,3430.0,251.2
2018-10-11T10:08:31,36.7,186.0,211.2,4.0,3450.0,249.3
2018-10-11T10:09:02,36.8,165.9,221.8,7.6,3470.0,250.2
2018-10-11T10:09:33,36.9,178.9,220.6,7.2,3490.0,250.2
2018-10-11T10:10:04,36.9,181.3,225.4,7.8,3510.0,250.2
2018-10-11T10:10:35,36.7,176.6,215.3,7.4,3540.0,250.2
2018-10-11T10:11:07,36.7,177.8,220.0,6.0,3560.0,250.2
2018-10-11T10:11:38,36.5,183.1,218.8,2.5,3580.0,247.3
2018-10-11T10:12:09,36.5,182.5,213.5,2.7,3580.0,246.4
2018-10-11T10:12:40,36.5,176.0,207.0,3.4,3590.0,248.3
2018-10-11T10:13:11,36.5,181.9,210.6,2.8,3610.0,247.3
2018-10-11T10:13:42,36.5,175.4,231.3,3.5,3620.0,246.4
2018-10-11T10:14:13,36.5,165.4,218.3,3.3,3630.0,246.4
2018-10-11T10:14:44,36.4,166.5,219.4,3.2,3640.0,247.3
2018-10-11T10:15:15,36.3,172.4,222.4,2.8,3650.0,247.3
2018-10-11T10:15:46,36.3,192.5,215.3,2.5,3660.0,246.4
2018-10-11T10:16:18,36.2,190.8,220.0,2.3,3670.0,247.3
2018-10-11T10:16:49,36.3,193.7,223.6,2.1,3680.0,247.3
2018-10-11T10:17:20,36.3,190.2,228.3,2.0,3690.0,245.4
2018-10-11T10:17:51,36.3,191.9,222.4,2.1,3700.0,246.4
2018-10-11T10:18:22,36.3,193.7,219.4,1.9,3700.0,246.4
2018-10-11T10:18:53,36.1,189.6,221.8,1.9,3710.0,246.4
2018-10-11T10:19:24,36.0,188.4,222.4,2.0,3720.0,247.3
2018-10-11T10:19:55,36.0,199.0,223.6,1.8,3730.0,247.3
2018-10-11T10:20:26,35.9,196.7,231.3,1.9,3740.0,246.4
2018-10-11T10:20:57,35.6,196.7,227.1,2.0,3750.0,247.3
2018-10-11T10:21:29,35.5,194.3,226.5,2.0,3750.0,246.4
2018-10-11T10:22:00,35.4,193.7,224.2,2.0,3760.0,246.4
2018-10-11T10:22:31,35.5,190.8,218.3,1.9,3770.0,246.4
2018-10-11T10:23:02,35.6,181.3,240.1,2.1,3780.0,246.4
2018-10-11T10:23:33,35.6,156.5,213.5,2.8,3790.0,246.4
2018-10-11T10:24:04,35.7,169.5,236.0,3.0,3800.0,247.3
2018-10-11T10:24:35,35.7,183.7,240.1,3.6,3810.0,249.3
2018-10-11T10:25:06,35.6,191.9,228.9,3.1,3820.0,248.3
2018-10-11T10:25:37,35.6,193.7,230.1,1.6,3830.0,246.4
2018-10-11T10:26:09,35.5,192.5,225.4,1.4,3840.0,244.4
2018-10-11T10:26:40,35.4,209.7,223.0,1.2,3840.0,245.4
2018-10-11T10:27:11,35.3,209.1,225.4,1.2,3850.0,245.4
2018-10-11T10:27:42,35.2,212.6,224.8,1.3,3860.0,246.4
2018-10-11T10:28:13,35.2,210.8,228.3,1.2,3860.0,243.5
2018-10-11T10:28:44,35.3,213.8,230.1,1.1,3870.0,245.4
2018-10-11T10:29:15,35.2,210.2,223.0,1.0,3870.0,245.4
2018-10-11T10:29:46,35.2,203.7,224.2,1.1,3880.0,244.4
2018-10-11T10:30:17,35.3,207.9,224.8,0.9,3880.0,244.4
2018-10-11T10:30:48,35.4,210.2,230.1,1.0,3880.0,244.4
2018-10-11T10:31:20,35.5,211.4,230.7,1.0,3890.0,244.4
2018-10-11T10:31:51,35.5,215.0,221.2,0.9,3890.0,244.4
2018-10-11T10:32:22,35.5,213.2,210.0,0.8,3900.0,244.4
2018-10-11T10:32:53,35.4,215.0,232.4,0.8,3900.0,244.4
2018-10-11T10:33:24,35.2,216.7,229.5,0.7,3900.0,243.5
2018-10-11T10:33:55,35.3,204.3,223.0,0.9,3910.0,243.5
2018-10-11T10:34:26,35.3,206.1,228.3,0.8,3910.0,243.5
2018-10-11T10:34:57,35.3,212.6,232.4,0.7,3910.0,243.5
2018-10-11T10:35:28,35.3,215.0,220.6,0.8,3920.0,243.5
2018-10-11T10:35:59,35.0,203.7,230.1,0.8,3920.0,243.5
2018-10-11T10:36:31,35.0,197.3,231.3,0.8,3930.0,242.5
2018-10-11T10:37:02,34.9,181.9,233.0,0.9,3930.0,243.5
2018-10-11T10:37:33,34.9,196.7,230.1,0.8,3930.0,244.4
2018-10-11T10:38:04,34.7,216.7,228.3,0.8,3940.0,244.4
2018-10-11T10:38:35,34.6,197.3,207.0,1.0,3940.0,243.5
2018-10-11T10:39:06,34.6,217.9,233.0,0.9,3940.0,245.4
2018-10-11T10:39:37,34.5,194.9,223.0,1.1,3950.0,244.4
2018-10-11T10:40:08,34.6,168.9,198.7,1.4,3950.0,244.4
2018-10-11T10:40:39,34.7,165.4,201.1,1.5,3960.0,246.4
2018-10-11T10:41:11,34.7,165.9,208.8,1.4,3960.0,247.3
2018-10-11T10:41:42,34.8,166.5,218.3,1.2,3970.0,245.4
2018-10-11T10:42:13,34.6,168.3,221.2,1.0,3970.0,246.4
2018-10-11T10:42:44,34.7,154.7,236.0,0.9,3970.0,245.4
2018-10-11T10:43:15,34.7,173.6,235.4,1.0,3980.0,245.4
2018-10-11T10:43:46,34.6,199.0,227.7,1.1,3980.0,246.4
2018-10-11T10:44:17,34.5,215.0,204.6,1.1,3980.0,245.4
2018-10-11T10:44:48,34.4,203.7,228.3,1.1,3990.0,247.3
2018-10-11T10:45:19,34.4,216.2,225.4,1.1,3990.0,246.4
2018-10-11T10:45:50,34.2,197.3,233.0,1.1,4000.0,245.4
2018-10-11T10:46:22,34.2,210.2,217.1,1.0,4000.0,245.4
2018-10-11T10:46:53,34.2,206.7,220.6,1.1,4010.0,246.4
2018-10-11T10:47:24,34.2,215.6,218.3,1.0,4010.0,246.4
2018-10-11T10:47:55,34.0,203.7,204.1,1.2,4010.0,246.4
2018-10-11T10:48:26,33.9,203.7,237.2,1.2,4020.0,246.4
2018-10-11T10:48:57,33.9,177.2,233.6,1.9,4030.0,247.3
2018-10-11T10:49:28,34.0,151.8,208.2,2.2,4030.0,247.3
2018-10-11T10:49:59,34.1,129.9,186.9,2.7,4040.0,250.2
2018-10-11T10:50:30,34.1,144.7,211.7,2.7,4050.0,248.3
2018-10-11T10:51:01,34.2,157.7,233.0,2.5,4060.0,249.3
2018-10-11T10:51:32,34.2,173.0,230.1,2.4,4070.0,249.3
2018-10-11T10:52:03,34.4,171.9,238.4,2.2,4080.0,247.3
2018-10-11T10:52:34,34.5,173.6,234.8,2.1,4080.0,248.3
2018-10-11T10:53:05,34.6,170.7,229.5,2.1,4090.0,248.3
2018-10-11T10:53:36,34.5,176.0,229.5,2.0,4100.0,248.3
2018-10-11T10:54:07,34.4,173.0,230.1,2.1,4110.0,247.3
2018-10-11T10:54:38,34.4,194.3,228.3,1.8,4120.0,248.3
2018-10-11T10:55:09,34.4,182.5,224.2,1.9,4120.0,250.2
2018-10-11T10:55:41,34.4,165.9,230.1,2.2,4130.0,248.3
2018-10-11T10:56:12,34.4,191.3,237.2,2.0,4140.0,248.3
2018-10-11T10:56:43,34.2,196.7,227.7,2.1,4150.0,249.3
2018-10-11T10:57:14,34.2,193.1,227.7,2.1,4160.0,249.3
2018-10-11T10:57:45,34.1,193.7,231.9,2.3,4170.0,250.2
2018-10-11T10:58:16,34.2,199.0,233.0,2.1,4180.0,250.2
2018-10-11T10:58:47,34.5,191.9,236.0,2.2,4190.0,249.3
2018-10-11T10:59:18,34.5,189.6,234.8,2.3,4200.0,249.3
2018-10-11T10:59:49,34.6,201.4,225.4,2.3,4210.0,250.2
2018-10-11T11:00:20,34.7,196.1,233.0,2.3,4220.0,248.3
2018-10-11T11:00:52,34.7,211.4,226.5,2.1,4230.0,249.3
2018-10-11T11:01:23,34.8,218.5,231.9,2.0,4240.0,250.2
2018-10-11T11:01:54,34.7,223.8,227.1,1.8,4250.0,250.2
2018-10-11T11:02:25,34.8,221.5,232.4,1.8,4260.0,248.3
2018-10-11T11:02:56,34.8,220.9,225.4,1.8,4270.0,250.2
2018-10-11T11:03:27,34.8,217.3,231.3,1.7,4270.0,249.3
2018-10-11T11:03:58,34.8,217.9,229.5,1.7,4280.0,250.2
2018-10-11T11:04:29,34.6,220.9,220.6,1.7,4290.0,249.3
2018-10-11T11:05:00,34.6,205.5,225.4,1.7,4300.0,249.3
2018-10-11T11:05:32,34.6,212.0,228.3,1.6,4310.0,249.3
2018-10-11T11:06:03,34.5,217.9,229.5,1.4,4320.0,248.3
2018-10-11T11:06:34,34.6,220.3,227.1,1.2,4320.0,248.3
2018-10-11T11:07:05,34.6,216.7,232.4,1.3,4330.0,249.3
2018-10-11T11:07:36,34.4,221.5,223.0,1.1,4340.0,249.3
2018-10-11T11:08:07,34.5,218.5,228.9,1.2,4340.0,248.3
2018-10-11T11:08:38,34.5,210.8,231.9,1.4,4350.0,248.3
2018-10-11T11:09:09,34.5,215.6,230.1,1.3,4360.0,249.3
2018-10-11T11:09:40,34.4,212.6,226.5,1.3,4360.0,248.3
2018-10-11T11:10:11,34.4,211.4,225.4,1.2,4370.0,248.3
2018-10-11T11:10:43,34.1,218.5,227.7,1.3,4380.0,247.3
2018-10-11T11:11:14,34.1,213.2,225.9,1.2,4380.0,248.3
2018-10-11T11:11:45,34.1,215.0,227.1,1.3,4390.0,248.3
2018-10-11T11:12:16,34.4,217.9,228.3,1.3,4400.0,247.3
2018-10-11T11:12:47,34.5,213.8,231.3,1.2,4400.0,248.3
2018-10-11T11:13:18,34.5,211.4,235.4,1.3,4410.0,249.3
2018-10-11T11:13:49,34.5,221.5,238.4,1.2,4420.0,248.3
2018-10-11T11:14:20,34.5,222.1,240.7,1.2,4420.0,248.3
2018-10-11T11:14:51,34.5,221.5,240.7,1.3,4430.0,249.3
2018-10-11T11:15:22,34.5,217.9,238.4,1.3,4440.0,248.3
2018-10-11T11:15:54,34.5,219.7,235.4,1.3,4450.0,248.3
2018-10-11T11:16:26,34.4,215.0,237.2,1.4,4450.0,246.4
2018-10-11T11:16:57,34.2,210.8,233.0,1.5,4460.0,248.3
2018-10-11T11:17:28,34.4,215.0,225.4,1.4,4470.0,248.3
2018-10-11T11:17:59,34.2,221.5,234.8,1.2,4470.0,247.3
2018-10-11T11:18:30,34.2,222.1,233.0,1.2,4480.0,248.3
2018-10-11T11:19:01,34.1,216.2,231.9,1.2,4490.0,248.3
2018-10-11T11:19:32,34.0,220.9,231.3,1.0,4490.0,247.3
2018-10-11T11:20:03,34.0,219.7,232.4,1.0,4500.0,247.3
2018-10-11T11:20:34,34.0,222.1,231.9,0.9,4500.0,247.3
2018-10-11T11:21:06,34.1,219.7,233.0,1.0,4510.0,246.4
2018-10-11T11:21:37,34.1,220.9,234.2,0.9,4510.0,248.3
2018-10-11T11:22:08,34.2,222.7,230.1,0.9,4520.0,247.3
2018-10-11T11:22:39,34.2,205.5,227.7,1.0,4520.0,247.3
2018-10-11T11:23:10,34.2,216.7,225.9,1.0,4530.0,248.3
2018-10-11T11:23:41,34.0,216.2,228.3,1.0,4530.0,248.3
2018-10-11T11:24:12,33.8,212.6,230.7,1.0,4540.0,247.3
2018-10-11T11:24:43,33.8,212.0,232.4,0.9,4540.0,246.4
2018-10-11T11:25:14,33.8,213.8,233.0,0.8,4550.0,245.4
2018-10-11T11:25:45,33.5,207.9,234.2,0.8,4550.0,245.4
2018-10-11T11:26:17,33.5,209.1,231.3,0.8,4550.0,246.4
2018-10-11T11:26:48,33.5,209.7,232.4,0.8,4560.0,246.4
2018-10-11T11:27:19,33.5,205.5,226.5,0.8,4560.0,245.4
2018-10-11T11:27:50,33.5,215.0,228.3,0.8,4570.0,244.4
2018-10-11T11:28:21,33.5,204.3,230.7,0.8,4570.0,245.4
2018-10-11T11:28:52,33.5,219.7,229.5,0.8,4570.0,245.4
2018-10-11T11:29:23,33.7,215.6,233.0,0.7,4580.0,244.4
2018-10-11T11:29:54,33.8,213.2,230.7,0.7,4580.0,245.4
2018-10-11T11:30:25,33.8,204.3,232.4,0.7,4580.0,245.4
2018-10-11T11:30:56,33.8,219.7,225.4,0.6,4590.0,245.4
2018-10-11T11:31:28,33.8,197.3,224.8,0.7,4590.0,245.4
2018-10-11T11:31:59,33.9,176.6,231.3,0.8,4590.0,244.4
2018-10-11T11:32:30,33.9,155.3,224.2,0.9,4600.0,244.4
2018-10-11T11:33:01,34.0,177.2,230.1,0.9,4600.0,244.4
2018-10-11T11:33:32,34.0,194.9,222.4,0.8,4600.0,244.4
2018-10-11T11:34:03,34.1,176.0,227.7,1.0,4610.0,245.4
2018-10-11T11:34:34,34.1,165.4,221.2,1.0,4610.0,243.5
2018-10-11T11:35:05,34.1,187.8,233.0,0.9,4610.0,242.5
2018-10-11T11:35:36,34.2,189.6,224.2,0.9,4620.0,244.4
2018-10-11T11:36:08,34.2,167.1,235.4,1.0,4620.0,244.4
2018-10-11T11:36:39,34.1,186.6,214.1,0.9,4620.0,245.4
2018-10-11T11:37:10,34.1,208.5,231.3,0.9,4630.0,246.4
2018-10-11T11:37:41,34.1,216.7,232.4,0.9,4630.0,244.4
2018-10-11T11:38:12,34.1,194.9,210.0,1.0,4630.0,245.4
2018-10-11T11:38:43,34.0,172.4,189.3,1.2,4640.0,246.4
2018-10-11T11:39:14,34.0,149.4,176.8,1.5,4640.0,247.3
2018-10-11T11:39:45,34.1,128.7,211.7,1.7,4650.0,246.4
2018-10-11T11:40:16,34.0,153.5,239.0,1.6,4650.0,247.3
2018-10-11T11:40:47,34.0,177.8,233.6,1.4,4660.0,246.4
2018-10-11T11:41:19,33.9,183.1,232.4,1.2,4670.0,246.4
2018-10-11T11:41:50,33.8,183.7,239.0,1.1,4670.0,247.3
2018-10-11T11:42:21,33.8,189.0,226.5,1.1,4680.0,247.3
2018-10-11T11:42:52,33.7,169.5,240.1,1.2,4680.0,247.3
2018-10-11T11:43:23,33.5,161.8,229.5,1.3,4690.0,249.3
2018-10-11T11:43:54,33.7,183.1,230.7,1.2,4690.0,247.3
2018-10-11T11:44:25,33.7,183.1,231.9,1.0,4690.0,248.3
2018-10-11T11:44:56,33.7,184.3,231.3,1.0,4700.0,246.4
2018-10-11T11:45:27,33.8,179.5,231.9,1.0,4700.0,247.3
2018-10-11T11:45:58,33.8,180.7,230.7,0.9,4710.0,248.3
2018-10-11T11:46:30,33.7,178.3,228.3,0.7,4710.0,247.3
2018-10-11T11:47:01,33.5,180.7,233.0,0.7,4710.0,247.3
2018-10-11T11:47:32,33.5,177.2,230.1,0.6,4720.0,246.4
2018-10-11T11:48:03,33.4,177.2,229.5,0.6,4720.0,247.3
2018-10-11T11:48:34,33.4,192.5,231.3,0.5,4720.0,246.4
2018-10-11T11:49:05,33.4,189.6,224.2,0.5,4720.0,246.4
2018-10-11T11:49:36,33.5,180.7,228.3,0.5,4720.0,246.4
2018-10-11T11:50:07,33.5,183.1,225.9,0.4,4730.0,245.4
2018-10-11T11:50:38,33.4,177.2,223.6,0.4,4730.0,244.4
2018-10-11T11:51:10,33.4,176.6,221.2,0.4,4730.0,246.4
2018-10-11T11:51:41,33.3,198.4,240.1,0.4,4730.0,245.4
2018-10-11T11:52:12,33.1,217.9,215.9,0.3,4730.0,245.4
2018-10-11T11:52:43,33.2,194.9,195.8,0.4,4730.0,246.4
2018-10-11T11:53:14,33.3,173.6,210.6,0.5,4740.0,245.4
2018-10-11T11:53:45,33.3,152.4,234.8,0.6,4740.0,246.4
2018-10-11T11:54:16,33.3,150.6,223.6,0.5,4740.0,247.3
2018-10-11T11:54:47,33.3,173.6,207.0,0.6,4740.0,245.4
2018-10-11T11:55:18,33.2,196.1,231.3,0.4,4740.0,245.4
2018-10-11T11:55:50,33.2,215.6,229.5,0.5,4750.0,245.4
2018-10-11T11:56:21,33.1,201.4,208.8,0.5,4750.0,246.4
2018-10-11T11:56:52,33.1,210.8,231.3,0.5,4750.0,245.4
2018-10-11T11:57:23,33.2,204.3,226.5,0.5,4750.0,246.4
2018-10-11T11:57:54,33.2,183.1,232.4,0.5,4750.0,244.4
2018-10-11T11:58:25,33.2,199.6,227.7,0.5,4760.0,246.4
2018-10-11T11:58:56,33.2,214.4,227.7,0.4,4760.0,245.4
2018-10-11T11:59:27,33.3,206.7,225.9,0.4,4760.0,246.4
2018-10-11T11:59:58,33.3,204.3,228.3,0.4,4760.0,246.4
2018-10-11T12:00:29,33.3,210.8,231.3,0.4,4760.0,246.4
2018-10-11T12:01:01,33.1,196.7,230.1,0.4,4760.0,245.4
2018-10-11T12:01:32,33.0,209.7,227.1,0.3,4770.0,245.4
2018-10-11T12:02:03,32.9,191.9,223.0,0.3,4770.0,244.4
2018-10-11T12:02:34,32.9,212.6,215.3,0.3,4770.0,244.4
2018-10-11T12:03:05,32.7,191.3,230.7,0.3,4770.0,245.4
2018-10-11T12:03:36,32.7,171.3,210.0,0.3,4770.0,244.4
2018-10-11T12:04:07,32.6,185.4,224.8,0.2,4770.0,244.4
2018-10-11T12:04:38,32.6,204.9,219.4,0.2,4770.0,244.4
2018-10-11T12:05:09,32.6,196.1,234.2,0.3,4770.0,245.4
2018-10-11T12:05:40,32.5,194.9,211.7,0.2,4770.0,244.4
2018-10-11T12:06:12,32.5,209.1,202.3,0.2,4770.0,245.4
2018-10-11T12:06:43,32.6,186.6,223.0,0.2,4780.0,245.4
2018-10-11T12:07:14,32.6,165.9,224.2,0.2,4780.0,246.4
2018-10-11T12:07:45,32.6,173.0,202.3,0.2,4780.0,244.4
2018-10-11T12:08:16,32.5,194.9,207.0,0.2,4780.0,244.4
2018-10-11T12:08:47,32.5,208.5,225.9,0.1,4780.0,244.4
2018-10-11T12:09:18,32.4,185.4,225.4,0.2,4780.0,245.4
2018-10-11T12:09:49,32.4,164.8,204.1,0.2,4780.0,245.4
2018-10-11T12:10:20,32.4,145.3,184.5,0.2,4780.0,245.4
2018-10-11T12:10:51,32.3,165.4,205.8,0.2,4780.0,244.4
2018-10-11T12:11:23,32.2,187.8,225.9,0.2,4780.0,243.5
2018-10-11T12:11:54,32.0,207.9,232.4,0.2,4780.0,244.4
2018-10-11T12:12:25,32.0,198.4,210.0,0.2,4780.0,243.5
2018-10-11T12:12:56,32.0,178.3,189.9,0.2,4780.0,243.5
2018-10-11T12:13:27,32.0,157.1,169.1,0.3,4780.0,244.4
2018-10-11T12:13:58,31.9,163.6,175.7,0.2,4780.0,243.5
2018-10-11T12:14:29,31.8,183.7,198.7,0.2,4790.0,243.5
2018-10-11T12:15:00,31.8,206.1,223.0,0.2,4790.0,243.5
2018-10-11T12:15:31,31.6,207.3,240.1,0.2,4790.0,244.4
2018-10-11T12:16:03,31.6,184.8,215.9,0.3,4790.0,243.5
2018-10-11T12:16:34,31.6,166.5,207.0,0.4,4790.0,243.5
2018-10-11T12:17:05,31.7,144.1,229.5,0.3,4790.0,243.5
2018-10-11T12:17:36,31.7,148.8,230.1,0.3,4790.0,243.5
2018-10-11T12:18:07,31.7,170.7,223.6,0.3,4790.0,243.5
2018-10-11T12:18:38,31.7,191.3,232.4,0.2,4790.0,244.4
2018-10-11T12:19:09,31.7,212.6,219.4,0.2,4790.0,244.4
2018-10-11T12:19:40,31.7,199.6,228.9,0.2,4800.0,244.4
2018-10-11T12:20:11,31.8,178.9,214.1,0.2,4800.0,243.5
2018-10-11T12:20:42,31.7,157.7,231.3,0.2,4800.0,242.5
2018-10-11T12:21:14,31.7,169.5,210.6,0.2,4800.0,245.4
2018-10-11T12:21:45,31.7,189.6,230.1,0.2,4800.0,243.5
2018-10-11T12:22:16,31.6,210.2,211.2,0.1,4800.0,243.5
2018-10-11T12:22:47,31.6,190.8,225.4,0.2,4800.0,243.5
2018-10-11T12:23:18,31.6,171.3,214.7,0.1,4800.0,243.5
2018-10-11T12:23:49,31.6,193.1,219.4,0.1,4800.0,245.4
2018-10-11T12:24:20,31.6,204.9,220.0,0.1,4800.0,244.4
2018-10-11T12:24:51,31.5,184.3,199.9,0.1,4800.0,243.5
2018-10-11T12:25:22,31.4,164.2,213.5,0.1,4800.0,243.5
2018-10-11T12:25:54,31.2,154.7,221.8,0.1,4800.0,243.5
2018-10-11T12:26:26,31.4,176.0,200.5,0.1,4800.0,244.4
2018-10-11T12:26:57,31.4,199.0,186.3,0.0,4800.0,244.4
2018-10-11T12:27:28,31.4,200.8,206.4,0.1,4800.0,244.4
2018-10-11T12:27:59,31.2,180.1,228.3,0.1,4800.0,242.5
2018-10-11T12:28:30,31.2,161.8,219.4,0.1,4800.0,243.5
2018-10-11T12:29:01,31.1,140.5,199.3,0.1,4800.0,244.4
2018-10-11T12:29:32,31.1,144.7,178.0,0.1,4800.0,244.4
2018-10-11T12:30:03,31.1,164.8,191.0,0.1,4800.0,244.4
2018-10-11T12:30:34,31.1,185.4,211.7,0.1,4800.0,244.4
2018-10-11T12:31:06,31.0,206.1,231.3,0.1,4810.0,245.4
2018-10-11T12:31:37,30.9,184.8,221.8,0.1,4810.0,244.4
2018-10-11T12:32:08,30.9,165.9,201.1,0.1,4810.0,244.4
2018-10-11T12:32:39,30.8,145.3,179.8,0.1,4810.0,244.4
2018-10-11T12:33:10,30.8,148.2,159.7,0.1,4810.0,244.4
2018-10-11T12:33:41,30.8,168.9,156.7,0.1,4810.0,245.4
2018-10-11T12:34:12,30.7,186.6,178.6,0.0,4810.0,244.4
2018-10-11T12:34:43,30.7,208.5,198.7,0.0,4810.0,244.4
2018-10-11T12:35:14,30.5,190.2,218.8,0.0,4810.0,244.4
2018-10-11T12:35:45,30.4,171.3,225.4,0.1,4810.0,243.5
2018-10-11T12:36:17,30.4,148.8,206.4,0.1,4810.0,243.5
2018-10-11T12:36:48,30.4,128.1,186.3,0.1,4810.0,243.5
2018-10-11T12:37:19,30.4,107.5,165.6,0.1,4810.0,243.5
2018-10-11T12:37:50,30.3,116.3,144.9,0.1,4810.0,244.4
2018-10-11T12:38:21,30.3,137.6,123.6,0.1,4810.0,244.4
2018-10-11T12:38:52,30.2,158.3,104.1,0.1,4810.0,243.5
2018-10-11T12:39:23,30.2,179.5,124.8,0.1,4810.0,243.5
2018-10-11T12:39:54,30.2,200.8,146.1,0.1,4810.0,244.4
2018-10-11T12:40:25,30.1,209.1,168.0,0.1,4810.0,244.4
2018-10-11T12:40:56,30.1,187.8,190.4,0.1,4810.0,244.4
2018-10-11T12:41:28,29.7,165.9,211.7,0.1,4810.0,245.4
2018-10-11T12:41:59,29.7,144.7,232.4,0.1,4810.0,244.4
2018-10-11T12:42:30,29.4,124.0,233.0,0.2,4810.0,245.4
2018-10-11T12:43:01,29.4,127.0,212.3,0.2,4810.0,244.4
2018-10-11T12:43:32,29.0,150.0,191.0,0.2,4810.0,244.4
2018-10-11T12:44:03,28.6,171.9,179.8,0.2,4810.0,244.4
2018-10-11T12:44:34,28.6,190.2,201.1,0.1,4810.0,244.4
2018-10-11T12:45:05,28.3,212.0,222.4,0.1,4810.0,244.4
2018-10-11T12:45:36,28.3,199.6,239.5,0.1,4810.0,244.4
2018-10-11T12:46:08,28.3,178.3,217.7,0.2,4810.0,244.4
2018-10-11T12:46:39,27.9,157.1,196.4,0.2,4810.0,244.4
2018-10-11T12:47:10,27.9,167.7,215.3,0.1,4810.0,244.4
2018-10-11T12:47:41,27.5,189.6,218.3,0.1,4810.0,243.5
2018-10-11T12:48:12,27.2,204.3,204.6,0.1,4810.0,243.5
2018-10-11T12:48:43,27.2,184.8,224.2,0.1,4810.0,245.4
2018-10-11T12:49:14,27.2,163.6,205.2,0.1,4820.0,244.4
2018-10-11T12:49:45,27.2,173.6,187.5,0.1,4820.0,244.4
2018-10-11T12:50:16,27.2,194.9,207.0,0.1,4820.0,244.4
2018-10-11T12:50:47,26.8,202.0,228.3,0.0,4820.0,244.4
2018-10-11T12:51:19,26.8,180.7,231.3,0.1,4820.0,245.4
2018-10-11T12:51:50,26.4,160.6,207.0,0.1,4820.0,245.4
2018-10-11T12:52:21,26.4,140.0,185.7,0.1,4820.0,245.4
2018-10-11T12:52:52,26.4,121.0,165.0,0.2,4820.0,246.4
2018-10-11T12:53:23,26.4,103.9,144.3,0.2,4820.0,245.4
2018-10-11T12:53:54,26.4,126.4,123.0,0.2,4820.0,245.4
2018-10-11T12:54:25,26.1,147.6,102.3,0.2,4820.0,245.4
2018-10-11T12:54:56,26.1,170.7,122.4,0.3,4820.0,244.4
2018-10-11T12:55:27,26.1,191.9,145.5,0.2,4820.0,245.4
2018-10-11T12:55:58,26.1,213.8,168.6,0.2,4820.0,245.4
2018-10-11T12:56:30,26.1,210.2,192.2,0.2,4820.0,243.5
2018-10-11T12:57:01,26.1,190.2,214.1,0.3,4820.0,242.5
2018-10-11T12:57:32,25.7,168.9,237.8,0.3,4820.0,243.5
2018-10-11T12:58:03,25.7,148.2,228.3,0.3,4820.0,242.5
2018-10-11T12:58:34,25.7,128.7,212.9,0.4,4820.0,244.4
2018-10-11T12:59:05,25.7,128.1,236.0,0.4,4830.0,244.4
2018-10-11T12:59:36,25.7,151.2,237.8,0.4,4830.0,244.4
2018-10-11T13:00:07,25.7,172.4,217.7,0.4,4830.0,245.4
2018-10-11T13:00:38,25.7,193.7,211.2,0.3,4830.0,245.4
2018-10-11T13:01:10,26.1,215.0,233.6,0.3,4830.0,246.4
2018-10-11T13:01:41,26.1,212.0,247.2,0.3,4830.0,246.4
2018-10-11T13:02:12,25.7,191.9,223.0,0.4,4830.0,245.4
2018-10-11T13:02:43,25.7,171.3,221.8,0.4,4840.0,246.4
2018-10-11T13:03:14,25.7,161.2,244.9,0.4,4840.0,246.4
2018-10-11T13:03:45,26.1,173.0,236.6,0.4,4840.0,245.4
2018-10-11T13:04:16,25.7,193.7,239.0,0.4,4840.0,245.4
2018-10-11T13:04:47,25.7,216.2,230.7,0.3,4840.0,245.4
2018-10-11T13:05:18,25.7,209.1,210.0,0.3,4840.0,246.4
2018-10-11T13:05:49,25.7,189.0,230.1,0.4,4840.0,245.4
2018-10-11T13:06:21,25.7,167.1,247.8,0.4,4850.0,245.4
2018-10-11T13:06:52,25.7,147.0,225.4,0.5,4850.0,245.4
2018-10-11T13:07:23,25.3,141.1,230.1,0.5,4850.0,247.3
2018-10-11T13:07:54,25.3,163.6,250.8,0.5,4850.0,246.4
2018-10-11T13:08:25,25.7,184.8,228.3,0.4,4850.0,247.3
2018-10-11T13:08:56,25.7,176.0,237.2,0.5,4850.0,247.3
2018-10-11T13:09:27,25.3,155.9,241.9,0.6,4860.0,247.3
2018-10-11T13:09:58,25.7,172.4,239.0,0.5,4860.0,247.3
2018-10-11T13:10:29,25.7,194.9,244.9,0.5,4860.0,248.3
2018-10-11T13:11:00,26.1,215.6,226.5,0.4,4860.0,247.3
2018-10-11T13:11:31,26.1,216.7,244.9,0.4,4860.0,247.3
2018-10-11T13:12:02,25.7,195.5,223.6,0.4,4860.0,247.3
2018-10-11T13:12:33,26.1,197.3,240.7,0.4,4870.0,247.3
2018-10-11T13:13:04,26.1,218.5,224.2,0.3,4870.0,247.3
2018-10-11T13:13:35,26.1,201.4,241.9,0.3,4870.0,247.3
2018-10-11T13:14:06,26.1,215.6,226.5,0.4,4870.0,246.4
2018-10-11T13:14:37,26.1,211.4,223.0,0.4,4870.0,246.4
2018-10-11T13:15:08,26.1,190.2,244.9,0.4,4870.0,246.4
2018-10-11T13:15:40,26.4,194.9,224.8,0.4,4870.0,246.4
2018-10-11T13:16:11,26.4,173.0,220.6,0.4,4880.0,246.4
2018-10-11T13:16:42,26.8,165.4,227.7,0.4,4880.0,246.4
2018-10-11T13:17:13,26.8,185.4,247.8,0.4,4880.0,246.4
2018-10-11T13:17:44,27.2,206.7,230.7,0.4,4880.0,246.4
2018-10-11T13:18:15,27.2,218.5,210.0,0.4,4880.0,246.4
2018-10-11T13:18:46,27.2,197.8,202.3,0.4,4880.0,246.4
2018-10-11T13:19:17,27.2,176.0,226.5,0.5,4890.0,248.3
2018-10-11T13:19:48,27.2,155.3,249.0,0.5,4890.0,246.4
2018-10-11T13:20:19,27.5,155.9,232.4,0.6,4890.0,248.3
2018-10-11T13:20:51,27.5,146.4,242.5,0.6,4890.0,247.3
2018-10-11T13:21:22,27.5,170.1,232.4,0.5,4890.0,247.3
2018-10-11T13:21:53,27.5,150.0,254.3,0.6,4890.0,247.3
2018-10-11T13:22:24,27.5,152.9,230.1,0.6,4900.0,247.3
2018-10-11T13:22:55,27.9,173.6,241.9,0.6,4900.0,246.4
2018-10-11T13:23:26,27.9,196.7,240.1,0.6,4900.0,246.4
2018-10-11T13:23:57,28.3,218.5,219.4,0.5,4900.0,247.3
2018-10-11T13:24:28,27.9,222.7,230.7,0.6,4910.0,247.3
2018-10-11T13:24:59,28.3,200.2,252.6,0.6,4910.0,247.3
2018-10-11T13:25:30,28.3,195.5,236.0,0.7,4910.0,247.3
2018-10-11T13:26:02,28.3,207.9,239.5,0.6,4920.0,247.3
2018-10-11T13:26:33,28.3,186.0,236.6,0.7,4920.0,248.3
2018-10-11T13:27:04,28.6,165.9,242.5,0.9,4920.0,247.3
2018-10-11T13:27:35,28.6,170.1,228.3,0.8,4920.0,246.4
2018-10-11T13:28:06,28.3,190.2,249.6,0.7,4930.0,246.4
2018-10-11T13:28:37,28.3,197.3,230.1,0.7,4930.0,247.3
2018-10-11T13:29:08,28.6,177.2,246.6,0.8,4930.0,248.3
2018-10-11T13:29:39,28.6,160.6,240.1,0.9,4940.0,248.3
2018-10-11T13:30:10,28.6,183.1,218.8,0.7,4940.0,248.3
2018-10-11T13:30:41,28.6,206.1,198.7,0.7,4940.0,248.3
2018-10-11T13:31:13,29.0,229.7,186.9,0.7,4950.0,249.3
2018-10-11T13:31:44,29.0,213.8,217.1,0.8,4950.0,249.3
2018-10-11T13:32:15,29.0,191.9,247.2,0.9,4950.0,249.3
2018-10-11T13:32:46,29.0,185.4,243.7,1.0,4960.0,248.3
2018-10-11T13:33:17,29.0,163.6,252.0,1.3,4960.0,248.3
2018-10-11T13:33:48,29.4,156.5,234.8,1.2,4970.0,248.3
2018-10-11T13:34:19,29.4,181.9,244.9,1.3,4980.0,248.3
2018-10-11T13:34:50,29.4,203.7,246.1,1.1,4980.0,248.3
2018-10-11T13:35:21,29.4,203.7,237.8,1.1,4990.0,249.3
2018-10-11T13:35:52,29.4,204.9,242.5,1.1,4990.0,249.3
2018-10-11T13:36:24,29.7,195.5,247.2,1.2,5000.0,248.3
2018-10-11T13:36:55,29.7,173.6,246.6,1.3,5000.0,250.2
2018-10-11T13:37:26,29.7,188.4,245.5,1.2,5010.0,249.3
2018-10-11T13:37:57,30.1,182.5,249.0,1.2,5010.0,249.3
2018-10-11T13:38:28,30.1,178.3,246.6,1.2,5020.0,247.3
2018-10-11T13:38:59,30.1,177.8,237.8,1.2,5020.0,248.3
2018-10-11T13:39:30,30.1,199.6,254.3,1.1,5030.0,247.3
2018-10-11T13:40:01,30.1,197.3,234.8,1.1,5030.0,246.4
2018-10-11T13:40:32,30.1,176.0,244.9,1.2,5040.0,248.3
2018-10-11T13:41:04,30.2,173.6,240.1,1.3,5050.0,248.3
2018-10-11T13:41:35,30.2,196.7,238.4,1.2,5050.0,246.4
2018-10-11T13:42:06,30.2,201.4,241.9,1.2,5060.0,247.3
2018-10-11T13:42:37,30.2,209.1,249.0,1.2,5060.0,246.4
2018-10-11T13:43:08,30.3,207.9,241.3,1.3,5070.0,247.3
2018-10-11T13:43:39,30.3,204.3,242.5,1.2,5070.0,245.4
2018-10-11T13:44:10,30.4,199.6,243.7,1.3,5080.0,246.4
2018-10-11T13:44:41,30.3,202.0,246.1,1.2,5090.0,245.4
2018-10-11T13:45:12,30.3,197.8,242.5,1.1,5090.0,247.3
2018-10-11T13:45:43,30.3,196.7,241.9,1.2,5100.0,245.4
2018-10-11T13:46:15,30.3,199.6,238.4,1.0,5100.0,246.4
2018-10-11T13:46:46,30.3,198.4,240.7,1.0,5110.0,243.5
2018-10-11T13:47:17,30.2,202.6,241.3,1.0,5110.0,245.4
2018-10-11T13:47:48,30.2,202.0,240.7,0.9,5110.0,244.4
2018-10-11T13:48:19,30.1,200.8,234.8,0.9,5120.0,245.4
2018-10-11T13:48:50,30.1,196.7,236.6,0.9,5120.0,245.4
2018-10-11T13:49:21,30.1,189.0,225.9,0.9,5130.0,246.4
2018-10-11T13:49:52,30.1,168.9,240.1,1.1,5130.0,244.4
2018-10-11T13:50:23,30.2,176.6,237.8,1.1,5130.0,245.4
2018-10-11T13:50:55,30.2,199.6,243.7,0.9,5140.0,245.4
2018-10-11T13:51:26,30.1,222.1,231.3,0.8,5140.0,246.4
2018-10-11T13:51:57,30.1,215.0,234.8,0.9,5150.0,246.4
2018-10-11T13:52:28,30.1,193.7,240.7,1.1,5150.0,245.4
2018-10-11T13:52:59,30.1,174.2,244.9,1.2,5160.0,246.4
2018-10-11T13:53:30,30.2,176.0,233.6,1.1,5160.0,245.4
2018-10-11T13:54:01,30.2,199.6,244.9,1.1,5170.0,245.4
2018-10-11T13:54:32,30.2,191.9,240.1,1.1,5170.0,245.4
2018-10-11T13:55:03,30.3,197.8,234.8,1.2,5170.0,246.4
2018-10-11T13:55:35,30.2,203.7,236.6,1.1,5180.0,246.4
2018-10-11T13:56:06,30.2,202.0,244.3,1.1,5190.0,246.4
2018-10-11T13:56:37,30.3,204.9,246.1,1.0,5190.0,246.4
2018-10-11T13:57:08,30.3,194.3,236.6,1.2,5190.0,246.4
2018-10-11T13:57:39,30.4,194.9,236.0,1.1,5200.0,245.4
2018-10-11T13:58:10,30.4,203.7,239.0,1.1,5200.0,246.4
2018-10-11T13:58:41,30.4,200.2,237.2,1.0,5210.0,246.4
2018-10-11T13:59:12,30.5,198.4,236.0,1.0,5210.0,244.4
2018-10-11T13:59:43,30.5,199.6,250.8,1.0,5220.0,247.3
2018-10-11T14:00:14,30.4,204.9,232.4,1.0,5220.0,245.4
2018-10-11T14:00:46,30.4,181.9,234.8,1.1,5230.0,245.4
2018-10-11T14:01:17,30.3,172.4,249.6,1.2,5230.0,246.4
2018-10-11T14:01:48,30.4,166.5,236.6,1.2,5240.0,246.4
2018-10-11T14:02:19,30.4,190.2,239.5,1.2,5240.0,246.4
2018-10-11T14:02:50,30.5,204.3,237.8,1.1,5250.0,245.4
2018-10-11T14:03:21,30.3,190.2,240.7,1.3,5250.0,245.4
2018-10-11T14:03:52,30.3,168.3,244.3,1.4,5260.0,246.4
2018-10-11T14:04:23,30.4,182.5,234.8,1.3,5260.0,246.4
2018-10-11T14:04:54,30.4,205.5,244.9,1.3,5270.0,246.4
2018-10-11T14:05:25,30.5,199.6,242.5,1.3,5280.0,246.4
2018-10-11T14:05:57,30.7,202.6,239.5,1.4,5280.0,247.3
2018-10-11T14:06:28,30.7,199.0,240.1,1.4,5290.0,247.3
2018-10-11T14:06:59,30.8,201.4,239.0,1.4,5290.0,247.3
2018-10-11T14:07:30,30.8,202.0,240.7,1.4,5300.0,246.4
2018-10-11T14:08:01,30.9,196.7,241.9,1.4,5310.0,246.4
2018-10-11T14:08:32,30.9,199.6,239.5,1.4,5310.0,246.4
2018-10-11T14:09:03,30.9,199.0,241.9,1.3,5320.0,246.4
2018-10-11T14:09:34,31.0,199.6,239.5,1.3,5320.0,247.3
2018-10-11T14:10:05,31.0,202.0,234.8,1.2,5330.0,248.3
2018-10-11T14:10:37,31.1,202.0,237.2,1.1,5340.0,247.3
2018-10-11T14:11:08,31.1,203.7,239.5,1.1,5340.0,245.4
2018-10-11T14:11:39,31.1,197.3,236.0,1.2,5350.0,246.4
2018-10-11T14:12:10,31.1,194.3,237.8,1.1,5350.0,245.4
2018-10-11T14:12:41,31.2,193.7,236.6,1.0,5350.0,245.4
2018-10-11T14:13:12,31.2,189.6,237.8,1.0,5360.0,245.4
2018-10-11T14:13:43,31.2,194.9,235.4,1.0,5360.0,247.3
2018-10-11T14:14:14,31.2,206.1,233.0,0.9,5370.0,245.4
2018-10-11T14:14:45,31.2,224.4,236.0,0.8,5370.0,247.3
2018-10-11T14:15:16,31.2,223.2,235.4,0.7,5370.0,247.3
2018-10-11T14:15:48,31.4,223.2,232.4,0.7,5380.0,246.4
2018-10-11T14:16:19,31.4,223.2,235.4,0.7,5380.0,245.4
2018-10-11T14:16:50,31.4,214.4,231.9,0.7,5380.0,245.4
2018-10-11T14:17:21,31.2,216.7,234.8,0.6,5390.0,246.4
2018-10-11T14:17:52,31.2,213.8,232.4,0.6,5390.0,246.4
2018-10-11T14:18:23,31.4,216.2,230.1,0.6,5390.0,246.4
2018-10-11T14:18:54,31.4,217.9,233.0,0.5,5390.0,244.4
2018-10-11T14:19:25,31.4,207.9,237.2,0.5,5400.0,245.4
2018-10-11T14:19:56,31.4,213.8,224.2,0.6,5400.0,246.4
2018-10-11T14:20:27,31.4,216.2,240.1,0.5,5400.0,245.4
2018-10-11T14:20:59,31.4,204.3,218.8,0.5,5400.0,245.4
2018-10-11T14:21:30,31.4,220.9,237.8,0.4,5410.0,246.4
2018-10-11T14:22:01,31.4,218.5,233.0,0.4,5410.0,246.4
2018-10-11T14:22:32,31.4,204.9,228.9,0.4,5410.0,245.4
2018-10-11T14:23:03,31.5,184.8,241.9,0.5,5410.0,245.4
2018-10-11T14:23:34,31.5,163.6,227.7,0.6,5410.0,245.4
2018-10-11T14:24:05,31.5,142.9,249.0,0.7,5420.0,246.4
2018-10-11T14:24:36,31.5,146.4,239.0,0.8,5420.0,246.4
2018-10-11T14:25:07,31.5,164.8,220.6,0.7,5420.0,246.4
2018-10-11T14:25:39,31.5,187.8,236.6,0.7,5420.0,246.4
2018-10-11T14:26:10,31.6,191.3,246.1,0.7,5430.0,246.4
2018-10-11T14:26:41,31.6,193.7,245.5,0.7,5430.0,246.4
2018-10-11T14:27:12,31.5,192.5,244.9,0.7,5430.0,246.4
2018-10-11T14:27:43,31.4,215.0,224.8,0.6,5430.0,243.5
2018-10-11T14:28:14,31.2,213.8,241.9,0.6,5440.0,244.4
2018-10-11T14:28:45,31.4,192.5,233.0,0.6,5440.0,244.4
2018-10-11T14:29:16,31.4,193.7,239.0,0.7,5440.0,244.4
2018-10-11T14:29:47,31.4,209.1,241.9,0.6,5450.0,245.4
2018-10-11T14:30:18,31.4,187.8,247.2,0.7,5450.0,243.5
2018-10-11T14:30:50,31.4,166.5,229.5,0.7,5450.0,245.4
2018-10-11T14:31:21,31.4,174.8,249.6,0.8,5460.0,245.4
2018-10-11T14:31:52,31.5,197.3,227.1,0.7,5460.0,244.4
2018-10-11T14:32:23,31.5,217.9,207.0,0.7,5460.0,244.4
2018-10-11T14:32:54,31.5,219.1,199.3,0.7,5460.0,244.4
2018-10-11T14:33:25,31.5,199.6,225.4,0.7,5470.0,246.4
2018-10-11T14:33:56,31.6,178.9,247.8,0.8,5470.0,245.4
2018-10-11T14:34:27,31.6,180.1,230.7,0.9,5480.0,245.4
2018-10-11T14:34:58,31.6,202.6,229.5,0.8,5480.0,246.4
2018-10-11T14:35:29,31.6,225.6,249.6,0.8,5480.0,246.4
2018-10-11T14:36:01,31.7,213.2,237.2,0.8,5490.0,248.3
2018-10-11T14:36:32,31.7,228.0,239.0,0.8,5490.0,246.4
2018-10-11T14:37:03,31.7,209.1,240.1,0.9,5500.0,245.4
2018-10-11T14:37:34,31.7,195.5,235.4,1.0,5500.0,245.4
2018-10-11T14:38:05,31.7,191.9,240.1,1.1,5510.0,243.5
2018-10-11T14:38:36,31.7,197.8,237.2,0.9,5510.0,245.4
2018-10-11T14:39:07,31.7,196.1,234.8,1.0,5510.0,245.4
2018-10-11T14:39:38,31.7,202.6,233.0,1.0,5520.0,243.5
2018-10-11T14:40:09,31.7,196.1,232.4,0.9,5520.0,244.4
2018-10-11T14:40:40,31.7,197.8,232.4,1.0,5530.0,244.4
2018-10-11T14:41:12,31.8,189.6,231.3,0.9,5530.0,245.4
2018-10-11T14:41:43,31.7,197.8,242.5,0.9,5530.0,246.4
2018-10-11T14:42:14,31.7,204.9,230.7,0.8,5540.0,246.4
2018-10-11T14:42:45,31.7,225.0,237.2,0.7,5540.0,245.4
2018-10-11T14:43:16,31.6,209.1,239.0,0.8,5550.0,244.4
2018-10-11T14:43:47,31.7,219.1,243.7,0.8,5550.0,245.4
2018-10-11T14:44:18,31.6,213.8,230.1,0.8,5550.0,246.4
2018-10-11T14:44:49,31.7,213.2,246.1,0.8,5560.0,246.4
2018-10-11T14:45:20,31.7,222.7,225.9,0.8,5560.0,245.4
2018-10-11T14:45:51,31.7,216.2,246.6,0.7,5560.0,245.4
2018-10-11T14:46:23,31.7,212.6,241.9,0.8,5570.0,244.4
2018-10-11T14:46:54,31.7,219.1,234.2,0.7,5570.0,244.4
2018-10-11T14:47:25,31.7,210.8,237.8,0.7,5570.0,245.4
2018-10-11T14:47:56,31.7,220.9,240.1,0.7,5580.0,244.4
2018-10-11T14:48:27,31.8,225.0,236.6,0.6,5580.0,244.4
2018-10-11T14:48:58,31.8,212.0,233.6,0.6,5580.0,243.5
2018-10-11T14:49:29,31.8,215.0,236.6,0.6,5590.0,244.4
2018-10-11T14:50:00,31.8,215.6,235.4,0.6,5590.0,243.5
2018-10-11T14:50:31,31.8,208.5,237.8,0.6,5590.0,245.4
2018-10-11T14:51:03,31.8,220.3,237.8,0.5,5590.0,243.5
2018-10-11T14:51:34,31.8,209.7,239.5,0.4,5600.0,245.4
2018-10-11T14:52:05,31.8,210.8,236.6,0.4,5600.0,244.4
2018-10-11T14:52:36,31.6,211.4,237.2,0.4,5600.0,243.5
2018-10-11T14:53:07,31.5,210.2,234.8,0.4,5600.0,243.5
2018-10-11T14:53:38,31.5,206.1,234.2,0.4,5600.0,242.5
2018-10-11T14:54:09,31.5,220.9,227.1,0.4,5610.0,242.5
2018-10-11T14:54:40,31.5,200.8,214.7,0.4,5610.0,242.5
2018-10-11T14:55:11,31.6,219.7,237.2,0.3,5610.0,242.5
2018-10-11T14:55:42,31.6,196.7,229.5,0.4,5610.0,242.5
2018-10-11T14:56:14,31.6,175.4,213.5,0.5,5610.0,243.5
2018-10-11T14:56:45,31.6,155.3,234.8,0.5,5610.0,243.5
2018-10-11T14:57:16,31.6,173.6,228.3,0.5,5620.0,242.5
2018-10-11T14:57:47,31.7,194.9,215.9,0.5,5620.0,242.5
2018-10-11T14:58:18,31.7,215.6,237.8,0.4,5620.0,241.5
2018-10-11T14:58:49,31.7,205.5,230.7,0.4,5620.0,241.5
2018-10-11T14:59:20,31.7,184.3,210.0,0.5,5620.0,241.5
2018-10-11T14:59:51,31.7,163.6,189.3,0.6,5630.0,242.5
2018-10-11T15:00:22,31.8,142.9,179.8,0.6,5630.0,241.5
2018-10-11T15:00:55,31.8,157.1,207.6,0.7,5630.0,243.5
2018-10-11T15:01:27,31.8,181.3,236.6,0.6,5630.0,245.4
2018-10-11T15:01:58,31.8,203.2,214.1,0.6,5630.0,244.4
2018-10-11T15:02:29,31.8,225.0,193.4,0.6,5640.0,244.4
2018-10-11T15:03:00,31.8,205.5,202.3,0.7,5640.0,243.5
2018-10-11T15:03:31,31.8,183.1,230.1,0.8,5640.0,243.5
2018-10-11T15:04:02,31.8,161.8,250.8,0.9,5650.0,243.5
2018-10-11T15:04:33,31.8,160.6,232.4,0.9,5650.0,244.4
2018-10-11T15:05:04,31.8,177.8,239.0,0.9,5650.0,243.5
2018-10-11T15:05:35,31.9,199.6,236.6,0.8,5660.0,242.5
2018-10-11T15:06:07,31.9,220.9,236.0,0.7,5660.0,243.5
2018-10-11T15:06:38,31.9,207.3,243.1,0.6,5670.0,243.5
2018-10-11T15:07:09,31.9,220.9,234.2,0.7,5670.0,241.5
2018-10-11T15:07:40,31.9,213.2,239.5,0.6,5670.0,243.5
2018-10-11T15:08:11,31.9,212.6,232.4,0.6,5670.0,242.5
2018-10-11T15:08:42,31.9,217.9,228.3,0.6,5680.0,242.5
2018-10-11T15:09:13,31.9,216.7,228.9,0.5,5680.0,242.5
2018-10-11T15:09:44,31.9,212.0,234.8,0.5,5680.0,241.5
2018-10-11T15:10:15,31.9,210.2,238.4,0.5,5680.0,243.5
2018-10-11T15:10:46,32.0,211.4,223.0,0.5,5690.0,241.5
2018-10-11T15:11:18,32.0,210.8,237.8,0.4,5690.0,241.5
2018-10-11T15:11:49,32.0,190.2,218.3,0.5,5690.0,240.6
2018-10-11T15:12:20,32.0,196.1,234.8,0.5,5690.0,242.5
2018-10-11T15:12:51,32.0,215.6,227.1,0.4,5690.0,241.5
2018-10-11T15:13:22,32.0,206.1,233.6,0.4,5700.0,242.5
2018-10-11T15:13:53,32.0,186.0,212.9,0.4,5700.0,242.5
2018-10-11T15:14:24,32.0,165.9,220.0,0.5,5700.0,240.6
2018-10-11T15:14:55,32.0,168.9,241.9,0.5,5700.0,240.6
2018-10-11T15:15:26,32.0,190.8,241.9,0.4,5700.0,243.5
2018-10-11T15:15:57,32.0,212.0,235.4,0.4,5710.0,240.6
2018-10-11T15:16:29,32.0,213.8,223.0,0.4,5710.0,243.5
2018-10-11T15:17:00,32.0,217.9,228.3,0.4,5710.0,243.5
2018-10-11T15:17:31,32.0,199.6,225.9,0.3,5710.0,242.5
2018-10-11T15:18:02,32.0,216.2,229.5,0.3,5710.0,243.5
2018-10-11T15:18:33,32.0,194.3,227.7,0.3,5710.0,242.5
2018-10-11T15:19:04,32.0,212.6,228.3,0.3,5710.0,241.5
2018-10-11T15:19:35,32.0,196.1,227.7,0.3,5710.0,243.5
2018-10-11T15:20:06,32.0,187.8,223.0,0.3,5720.0,242.5
2018-10-11T15:20:37,32.0,209.1,225.9,0.2,5720.0,242.5
2018-10-11T15:21:09,32.0,199.6,225.4,0.2,5720.0,243.5
2018-10-11T15:21:40,32.0,178.9,204.1,0.3,5720.0,242.5
2018-10-11T15:22:11,32.0,160.0,216.5,0.3,5720.0,243.5
2018-10-11T15:22:42,31.9,176.6,232.4,0.2,5720.0,242.5
2018-10-11T15:23:13,31.9,197.8,211.7,0.2,5720.0,241.5
2018-10-11T15:23:44,31.9,216.2,190.4,0.2,5720.0,242.5
2018-10-11T15:24:15,31.9,191.9,170.9,0.3,5720.0,242.5
2018-10-11T15:24:46,31.9,171.9,149.6,0.3,5720.0,243.5
2018-10-11T15:25:17,31.9,150.6,159.7,0.4,5720.0,243.5
2018-10-11T15:25:48,31.9,129.3,182.8,0.4,5720.0,244.4
2018-10-11T15:26:20,31.9,129.9,186.3,0.4,5730.0,243.5
2018-10-11T15:26:51,31.8,151.8,169.7,0.4,5730.0,243.5
2018-10-11T15:27:22,31.8,173.0,192.8,0.4,5730.0,245.4
2018-10-11T15:27:53,31.8,192.5,215.9,0.4,5730.0,244.4
2018-10-11T15:28:24,31.8,213.8,234.8,0.3,5730.0,244.4
2018-10-11T15:28:55,31.8,199.6,228.9,0.3,5730.0,243.5
2018-10-11T15:29:26,31.8,213.2,227.7,0.3,5730.0,244.4
2018-10-11T15:29:57,31.8,191.9,223.6,0.3,5730.0,243.5
2018-10-11T15:30:28,31.7,211.4,217.7,0.2,5740.0,242.5
2018-10-11T15:30:59,31.7,196.1,222.4,0.2,5740.0,243.5
2018-10-11T15:31:31,31.7,198.4,228.3,0.2,5740.0,243.5
2018-10-11T15:32:02,31.7,204.9,214.7,0.2,5740.0,241.5
2018-10-11T15:32:33,31.7,183.7,235.4,0.2,5740.0,242.5
2018-10-11T15:33:04,31.7,164.2,213.5,0.2,5740.0,242.5
2018-10-11T15:33:35,31.7,142.3,196.4,0.2,5740.0,243.5
2018-10-11T15:34:06,31.7,142.9,218.8,0.2,5740.0,243.5
2018-10-11T15:34:37,31.6,163.0,223.0,0.1,5740.0,242.5
2018-10-11T15:35:08,31.6,183.7,200.5,0.2,5740.0,243.5
2018-10-11T15:35:39,31.6,206.7,200.5,0.1,5740.0,242.5
2018-10-11T15:36:11,31.6,202.6,180.4,0.2,5740.0,244.4
2018-10-11T15:36:42,31.6,181.9,166.8,0.2,5740.0,244.4
2018-10-11T15:37:13,31.6,190.2,149.0,0.2,5740.0,243.5
2018-10-11T15:37:44,31.6,212.0,171.5,0.1,5740.0,243.5
2018-10-11T15:38:15,31.5,196.1,192.8,0.2,5740.0,243.5
2018-10-11T15:38:46,31.5,174.8,215.9,0.2,5740.0,243.5
2018-10-11T15:39:17,31.5,154.7,236.6,0.2,5740.0,244.4
2018-10-11T15:39:48,31.5,134.0,225.4,0.3,5750.0,244.4
2018-10-11T15:40:19,31.5,113.4,204.1,0.3,5750.0,243.5
2018-10-11T15:40:50,31.5,111.6,182.8,0.4,5750.0,243.5
2018-10-11T15:41:22,31.5,134.6,205.2,0.4,5750.0,243.5
2018-10-11T15:41:53,31.4,157.1,227.7,0.3,5750.0,243.5
2018-10-11T15:42:24,31.4,178.9,241.9,0.4,5750.0,244.4
2018-10-11T15:42:55,31.4,202.0,218.8,0.3,5750.0,244.4
2018-10-11T15:43:26,31.4,220.9,197.5,0.3,5750.0,245.4
2018-10-11T15:43:57,31.4,199.0,201.1,0.4,5750.0,243.5
2018-10-11T15:44:28,31.4,178.9,224.2,0.4,5760.0,244.4
2018-10-11T15:44:59,31.4,164.2,243.7,0.4,5760.0,244.4
2018-10-11T15:45:30,31.4,184.3,221.8,0.4,5760.0,244.4
2018-10-11T15:46:01,31.4,206.1,217.7,0.4,5760.0,244.4
2018-10-11T15:46:32,31.4,220.9,239.5,0.3,5760.0,243.5
2018-10-11T15:47:03,31.4,210.2,236.0,0.4,5760.0,243.5
2018-10-11T15:47:34,31.2,213.2,215.9,0.4,5770.0,243.5
2018-10-11T15:48:05,31.2,192.5,230.7,0.4,5770.0,243.5
2018-10-11T15:48:36,31.2,171.3,241.9,0.5,5770.0,245.4
2018-10-11T15:49:07,31.2,151.8,221.2,0.5,5770.0,245.4
2018-10-11T15:49:38,31.2,140.5,230.7,0.6,5770.0,245.4
2018-10-11T15:50:09,31.2,162.4,240.1,0.6,5780.0,245.4
2018-10-11T15:50:41,31.2,183.1,232.4,0.5,5780.0,245.4
2018-10-11T15:51:12,31.2,206.1,215.9,0.5,5780.0,243.5
2018-10-11T15:51:43,31.2,220.3,197.0,0.5,5780.0,243.5
2018-10-11T15:52:14,31.2,213.2,214.1,0.5,5780.0,243.5
2018-10-11T15:52:45,31.1,215.6,237.8,0.5,5790.0,243.5
2018-10-11T15:53:16,31.1,193.7,234.8,0.6,5790.0,243.5
2018-10-11T15:53:47,31.1,173.0,237.2,0.7,5790.0,244.4
2018-10-11T15:54:18,31.1,176.0,223.6,0.7,5800.0,245.4
2018-10-11T15:54:49,31.1,197.8,241.9,0.7,5800.0,244.4
2018-10-11T15:55:20,31.1,212.0,243.1,0.6,5800.0,243.5
2018-10-11T15:55:52,31.1,220.9,240.1,0.6,5800.0,245.4
2018-10-11T15:56:24,31.2,210.8,232.4,0.6,5810.0,245.4
2018-10-11T15:56:55,31.1,222.1,236.6,0.6,5810.0,245.4
2018-10-11T15:57:26,31.2,222.7,239.0,0.5,5810.0,244.4
2018-10-11T15:57:57,31.2,217.9,230.7,0.5,5810.0,245.4
2018-10-11T15:58:28,31.2,221.5,241.3,0.5,5820.0,245.4
2018-10-11T15:58:59,31.2,216.7,236.6,0.4,5820.0,244.4
2018-10-11T15:59:30,31.2,207.9,233.6,0.4,5820.0,245.4
2018-10-11T16:00:01,31.1,219.7,231.9,0.4,5820.0,245.4
2018-10-11T16:00:32,31.0,217.9,235.4,0.3,5820.0,244.4
2018-10-11T16:01:04,31.0,200.2,228.3,0.3,5830.0,245.4
2018-10-11T16:01:35,31.0,201.4,222.4,0.3,5830.0,245.4
2018-10-11T16:02:06,31.0,209.7,225.9,0.2,5830.0,245.4
2018-10-11T16:02:37,31.0,204.9,219.4,0.2,5830.0,244.4
2018-10-11T16:03:08,31.0,193.1,217.1,0.2,5830.0,245.4
2018-10-11T16:03:39,31.0,199.6,220.6,0.2,5830.0,244.4
2018-10-11T16:04:10,31.0,197.8,212.9,0.1,5830.0,245.4
2018-10-11T16:04:41,31.0,176.6,223.0,0.2,5830.0,244.4
2018-10-11T16:05:12,31.0,168.3,202.9,0.1,5830.0,244.4
2018-10-11T16:05:43,31.0,189.6,181.6,0.2,5830.0,244.4
2018-10-11T16:06:15,31.0,209.7,189.3,0.1,5830.0,241.5
2018-10-11T16:06:46,31.0,194.3,211.7,0.1,5830.0,243.5
2018-10-11T16:07:17,31.0,172.4,233.0,0.1,5830.0,241.5
2018-10-11T16:07:48,30.9,152.9,221.2,0.2,5830.0,239.6
2018-10-11T16:08:19,31.0,151.2,199.9,0.2,5830.0,239.6
2018-10-11T16:08:50,30.9,173.6,178.6,0.1,5830.0,240.6
2018-10-11T16:09:21,30.9,193.7,162.0,0.1,5830.0,239.6
2018-10-11T16:09:52,31.0,213.2,185.7,0.1,5840.0,239.6
2018-10-11T16:10:23,30.9,190.2,207.6,0.2,5840.0,239.6
2018-10-11T16:10:55,30.9,168.9,227.7,0.2,5840.0,238.6
2018-10-11T16:11:26,30.9,147.0,240.7,0.2,5840.0,239.6
2018-10-11T16:11:57,30.9,145.9,217.1,0.2,5840.0,240.6
2018-10-11T16:12:28,30.9,167.7,197.0,0.2,5840.0,239.6
2018-10-11T16:12:59,30.9,189.6,176.2,0.2,5840.0,239.6
2018-10-11T16:13:30,30.9,209.7,180.4,0.2,5840.0,239.6
2018-10-11T16:14:01,30.8,202.0,201.7,0.2,5840.0,239.6
2018-10-11T16:14:32,30.8,181.9,224.2,0.3,5840.0,240.6
2018-10-11T16:15:03,30.8,159.4,246.1,0.3,5840.0,240.6
2018-10-11T16:15:35,30.8,137.0,221.2,0.3,5840.0,240.6
2018-10-11T16:16:06,30.8,117.5,199.9,0.3,5840.0,239.6
2018-10-11T16:16:37,30.8,112.2,210.6,0.4,5840.0,238.6
2018-10-11T16:17:08,30.8,135.2,233.0,0.4,5850.0,242.5
2018-10-11T16:17:39,30.8,157.7,242.5,0.4,5850.0,240.6
2018-10-11T16:18:10,30.8,180.1,218.8,0.4,5850.0,241.5
2018-10-11T16:18:41,30.8,202.0,197.5,0.3,5850.0,241.5
2018-10-11T16:19:12,30.8,222.1,179.8,0.3,5850.0,241.5
2018-10-11T16:19:43,30.7,204.3,204.1,0.4,5850.0,242.5
2018-10-11T16:20:14,30.8,182.5,227.7,0.4,5850.0,242.5
2018-10-11T16:20:46,30.7,161.8,247.2,0.6,5860.0,243.5
2018-10-11T16:21:17,30.7,140.5,223.6,0.6,5860.0,243.5
2018-10-11T16:21:48,30.7,146.4,220.6,0.7,5860.0,244.4
2018-10-11T16:22:19,30.7,166.5,241.9,0.6,5860.0,245.4
2018-10-11T16:22:50,30.5,188.4,228.9,0.5,5860.0,245.4
2018-10-11T16:23:21,30.5,209.1,229.5,0.4,5870.0,244.4
2018-10-11T16:23:52,30.5,215.0,235.4,0.4,5870.0,245.4
2018-10-11T16:24:23,30.5,197.8,234.8,0.4,5870.0,244.4
2018-10-11T16:24:54,30.5,219.7,223.6,0.4,5870.0,244.4
2018-10-11T16:25:25,30.5,199.6,228.3,0.4,5870.0,244.4
2018-10-11T16:25:57,30.4,178.9,240.1,0.4,5870.0,242.5
2018-10-11T16:26:28,30.5,176.0,218.8,0.5,5880.0,244.4
2018-10-11T16:26:59,30.5,197.3,223.6,0.4,5880.0,243.5
2018-10-11T16:27:30,30.4,216.2,239.0,0.3,5880.0,245.4
2018-10-11T16:28:01,30.4,198.4,218.3,0.3,5880.0,245.4
2018-10-11T16:28:32,30.4,188.4,231.9,0.4,5880.0,245.4
2018-10-11T16:29:03,30.4,210.2,231.3,0.3,5880.0,245.4
2018-10-11T16:29:34,30.4,207.3,218.8,0.3,5880.0,245.4
2018-10-11T16:30:05,30.4,187.2,239.0,0.3,5890.0,245.4
2018-10-11T16:30:37,30.4,184.8,228.3,0.3,5890.0,244.4
2018-10-11T16:31:08,30.4,206.7,225.9,0.3,5890.0,244.4
2018-10-11T16:31:39,30.4,212.0,239.0,0.3,5890.0,245.4
2018-10-11T16:32:10,30.4,190.2,216.5,0.3,5890.0,244.4
2018-10-11T16:32:41,30.4,170.7,196.4,0.3,5890.0,244.4
2018-10-11T16:33:12,30.3,154.1,214.7,0.4,5890.0,245.4
2018-10-11T16:33:43,30.4,175.4,236.6,0.3,5890.0,243.5
2018-10-11T16:34:14,30.4,196.7,219.4,0.3,5890.0,244.4
2018-10-11T16:34:45,30.3,214.4,225.9,0.3,5900.0,243.5
2018-10-11T16:35:16,30.3,192.5,238.4,0.3,5900.0,243.5
2018-10-11T16:35:48,30.4,172.4,217.7,0.3,5900.0,243.5
2018-10-11T16:36:19,30.3,150.6,220.0,0.3,5900.0,243.5
2018-10-11T16:36:50,30.3,170.7,241.9,0.3,5900.0,244.4
2018-10-11T16:37:21,30.3,191.3,221.2,0.3,5900.0,243.5
2018-10-11T16:37:52,30.4,213.8,209.4,0.3,5900.0,244.4
2018-10-11T16:38:23,30.3,196.1,230.7,0.2,5900.0,243.5
2018-10-11T16:38:54,30.3,213.2,229.5,0.2,5900.0,243.5
2018-10-11T16:39:25,30.3,193.1,218.3,0.2,5900.0,242.5
2018-10-11T16:39:56,30.3,171.9,233.0,0.2,5910.0,243.5
2018-10-11T16:40:27,30.3,170.1,220.6,0.2,5910.0,244.4
2018-10-11T16:40:59,30.3,190.8,199.3,0.2,5910.0,244.4
2018-10-11T16:41:30,30.3,212.0,213.5,0.2,5910.0,244.4
2018-10-11T16:42:01,30.3,204.9,233.0,0.2,5910.0,245.4
2018-10-11T16:42:32,30.3,183.1,219.4,0.2,5910.0,245.4
2018-10-11T16:43:03,30.2,163.0,199.3,0.2,5910.0,245.4
2018-10-11T16:43:34,30.2,150.0,216.5,0.2,5910.0,244.4
2018-10-11T16:44:05,30.2,170.1,236.6,0.2,5910.0,245.4
2018-10-11T16:44:36,30.2,192.5,224.8,0.2,5910.0,243.5
2018-10-11T16:45:07,30.2,212.0,204.1,0.1,5910.0,244.4
2018-10-11T16:45:39,30.1,198.4,225.4,0.2,5910.0,245.4
2018-10-11T16:46:10,30.1,176.0,238.4,0.2,5910.0,244.4
2018-10-11T16:46:41,30.1,197.3,217.1,0.2,5910.0,244.4
2018-10-11T16:47:12,30.1,210.8,211.2,0.2,5910.0,243.5
2018-10-11T16:47:43,30.1,189.0,230.7,0.2,5920.0,242.5
2018-10-11T16:48:14,30.1,168.9,228.3,0.2,5920.0,241.5
2018-10-11T16:48:45,30.1,177.2,207.6,0.2,5920.0,243.5
2018-10-11T16:49:16,30.1,197.8,217.7,0.1,5920.0,242.5
2018-10-11T16:49:47,29.7,204.9,228.3,0.2,5920.0,243.5
2018-10-11T16:50:18,29.7,183.7,221.8,0.2,5920.0,242.5
2018-10-11T16:50:50,29.7,166.5,215.9,0.2,5920.0,243.5
2018-10-11T16:51:21,29.4,186.6,199.9,0.1,5920.0,245.4
2018-10-11T16:51:52,29.7,204.9,220.0,0.1,5920.0,243.5
2018-10-11T16:52:23,29.7,199.0,234.2,0.1,5920.0,242.5
2018-10-11T16:52:54,29.7,177.2,237.8,0.1,5920.0,242.5
2018-10-11T16:53:25,29.7,156.5,216.5,0.1,5920.0,242.5
2018-10-11T16:53:56,29.7,161.8,196.4,0.1,5920.0,243.5
2018-10-11T16:54:27,29.4,185.4,215.3,0.0,5920.0,243.5
2018-10-11T16:54:58,29.4,205.5,210.6,0.0,5920.0,243.5
2018-10-11T16:55:29,29.4,183.7,190.4,0.1,5920.0,243.5
2018-10-11T16:56:01,29.4,160.0,168.0,0.1,5920.0,243.5
2018-10-11T16:56:32,29.0,140.5,147.9,0.1,5920.0,243.5
2018-10-11T16:57:03,29.0,120.5,156.7,0.1,5920.0,242.5
2018-10-11T16:57:34,29.0,104.5,179.2,0.1,5920.0,241.5
2018-10-11T16:58:05,29.0,124.6,201.7,0.1,5920.0,242.5
2018-10-11T16:58:36,29.0,145.3,221.2,0.1,5920.0,242.5
2018-10-11T16:59:07,29.0,167.1,240.1,0.1,5920.0,243.5
2018-10-11T16:59:38,29.0,188.4,224.2,0.1,5920.0,243.5
2018-10-11T17:00:09,29.0,208.5,203.5,0.0,5920.0,240.6
2018-10-11T17:00:40,29.0,196.7,182.2,0.1,5920.0,242.5
2018-10-11T17:01:12,29.0,175.4,162.0,0.1,5920.0,243.5
2018-10-11T17:01:43,28.6,154.7,162.0,0.2,5920.0,244.4
2018-10-11T17:02:14,28.6,133.5,182.8,0.2,5920.0,242.5
2018-10-11T17:02:45,28.6,113.4,205.2,0.2,5930.0,243.5
2018-10-11T17:03:16,28.6,111.6,227.7,0.2,5930.0,241.5
2018-10-11T17:03:47,28.6,132.3,236.0,0.2,5930.0,241.5
2018-10-11T17:04:18,28.6,154.7,214.1,0.2,5930.0,240.6
2018-10-11T17:04:49,28.6,175.4,194.0,0.2,5930.0,241.5
2018-10-11T17:05:20,28.6,197.3,172.7,0.2,5930.0,241.5
2018-10-11T17:05:51,28.6,217.3,152.0,0.2,5930.0,241.5
2018-10-11T17:06:23,28.6,193.1,131.3,0.2,5930.0,242.5
2018-10-11T17:06:54,28.6,172.4,117.1,0.3,5930.0,241.5
2018-10-11T17:07:25,28.6,152.9,139.0,0.3,5930.0,242.5
2018-10-11T17:07:56,28.6,150.0,163.2,0.3,5930.0,242.5
2018-10-11T17:08:27,28.6,171.3,185.7,0.3,5930.0,241.5
2018-10-11T17:08:58,28.6,194.3,201.1,0.3,5930.0,241.5
2018-10-11T17:09:29,28.6,215.6,204.6,0.2,5930.0,240.6
2018-10-11T17:10:00,28.6,209.7,225.9,0.2,5940.0,241.5
2018-10-11T17:10:32,28.3,202.0,228.3,0.2,5940.0,240.6
2018-10-11T17:11:03,28.6,180.7,226.5,0.3,5940.0,240.6
2018-10-11T17:11:34,28.3,160.6,236.0,0.3,5940.0,240.6
2018-10-11T17:12:05,28.3,163.6,214.1,0.3,5940.0,242.5
2018-10-11T17:12:36,28.3,185.4,223.0,0.2,5940.0,240.6
2018-10-11T17:13:07,28.3,204.3,243.1,0.2,5940.0,241.5
2018-10-11T17:13:38,28.3,200.8,227.1,0.3,5940.0,241.5
2018-10-11T17:14:09,28.3,176.6,249.0,0.5,5940.0,242.5
2018-10-11T17:14:40,28.3,158.3,250.2,0.6,5940.0,240.6
2018-10-11T17:15:11,28.3,156.5,246.6,0.4,5950.0,240.6
2018-10-11T17:15:43,27.9,176.6,240.7,0.3,5950.0,242.5
2018-10-11T17:16:14,27.9,197.8,218.3,0.3,5950.0,243.5
2018-10-11T17:16:45,27.9,219.1,197.5,0.2,5950.0,243.5
2018-10-11T17:17:16,27.9,199.0,205.8,0.3,5950.0,242.5
2018-10-11T17:17:47,27.9,180.7,227.7,0.3,5950.0,243.5
2018-10-11T17:18:18,27.9,158.9,249.0,0.4,5950.0,240.6
2018-10-11T17:18:49,27.9,135.8,240.7,0.5,5950.0,242.5
2018-10-11T17:19:20,27.9,115.1,242.5,0.7,5960.0,244.4
2018-10-11T17:19:51,27.5,137.6,259.1,0.7,5960.0,244.4
2018-10-11T17:20:22,28.3,134.0,241.9,0.8,5960.0,244.4
2018-10-11T17:20:54,28.3,132.9,253.7,0.6,5960.0,244.4
2018-10-11T17:21:26,28.3,147.0,233.0,0.5,5960.0,243.5
2018-10-11T17:21:57,28.3,154.1,227.7,0.6,5960.0,241.5
2018-10-11T17:22:28,27.9,158.9,231.3,0.3,5970.0,240.6
2018-10-11T17:22:59,27.9,180.1,211.2,0.3,5970.0,243.5
2018-10-11T17:23:30,27.9,203.2,198.7,0.3,5970.0,241.5
2018-10-11T17:24:01,27.9,228.0,197.5,0.4,5970.0,242.5
2018-10-11T17:24:32,27.5,207.3,176.8,0.4,5970.0,242.5
2018-10-11T17:25:03,27.9,194.3,159.1,0.4,5970.0,244.4
2018-10-11T17:25:34,27.9,216.7,173.3,0.4,5980.0,243.5
2018-10-11T17:26:06,28.3,217.3,170.9,0.3,5980.0,242.5
2018-10-11T17:26:37,28.3,207.3,170.3,0.3,5980.0,241.5
2018-10-11T17:27:08,28.3,219.1,193.4,0.3,5980.0,243.5
2018-10-11T17:27:39,28.3,206.1,183.9,0.3,5980.0,242.5
2018-10-11T17:28:10,27.9,212.6,182.8,0.3,5980.0,241.5
2018-10-11T17:28:41,27.9,207.9,182.2,0.3,5980.0,243.5
2018-10-11T17:29:12,27.9,196.7,161.5,0.3,5980.0,243.5
2018-10-11T17:29:43,27.9,176.0,136.0,0.3,5980.0,242.5
2018-10-11T17:30:14,28.3,154.7,126.0,0.3,5990.0,241.5
2018-10-11T17:30:45,28.3,152.4,147.9,0.3,5990.0,239.6
2018-10-11T17:31:17,27.9,174.8,168.6,0.3,5990.0,241.5
2018-10-11T17:31:48,27.9,194.9,177.4,0.2,5990.0,242.5
2018-10-11T17:32:19,27.9,215.0,181.0,0.2,5990.0,241.5
2018-10-11T17:32:50,27.9,203.2,185.7,0.2,5990.0,240.6
2018-10-11T17:33:21,27.9,194.9,197.5,0.2,5990.0,241.5
2018-10-11T17:33:52,27.9,215.0,218.8,0.1,5990.0,242.5
2018-10-11T17:34:23,27.5,197.3,241.3,0.2,5990.0,241.5
2018-10-11T17:34:54,27.5,176.6,239.5,0.2,5990.0,242.5
2018-10-11T17:35:25,27.2,193.1,237.2,0.2,5990.0,242.5
2018-10-11T17:35:56,27.5,193.1,228.3,0.1,5990.0,241.5
2018-10-11T17:36:28,27.5,184.8,207.0,0.1,5990.0,241.5
2018-10-11T17:36:59,27.5,203.2,202.9,0.1,5990.0,241.5
2018-10-11T17:37:30,27.5,192.5,223.6,0.1,6000.0,240.6
2018-10-11T17:38:01,27.9,171.9,217.1,0.1,6000.0,240.6
2018-10-11T17:38:32,27.9,151.8,199.9,0.1,6000.0,240.6
2018-10-11T17:39:03,27.9,150.6,221.2,0.1,6000.0,243.5
2018-10-11T17:39:34,27.9,171.3,228.3,0.1,6000.0,243.5
2018-10-11T17:40:05,27.9,189.6,210.0,0.1,6000.0,241.5
2018-10-11T17:40:36,27.9,208.5,188.7,0.0,6000.0,242.5
2018-10-11T17:41:08,27.9,184.8,166.8,0.1,6000.0,241.5
2018-10-11T17:41:39,27.9,163.6,183.3,0.1,6000.0,241.5
2018-10-11T17:42:10,27.5,143.5,202.3,0.1,6000.0,242.5
2018-10-11T17:42:41,27.5,160.6,221.8,0.1,6000.0,240.6
2018-10-11T17:43:12,27.5,182.5,228.3,0.1,6000.0,241.5
2018-10-11T17:43:43,27.5,203.2,205.2,0.1,6000.0,241.5
2018-10-11T17:44:14,27.5,193.7,182.8,0.1,6000.0,241.5
2018-10-11T17:44:45,27.5,174.8,163.2,0.0,6000.0,241.5
2018-10-11T17:45:16,27.5,151.8,180.4,0.1,6000.0,242.5
2018-10-11T17:45:47,27.5,131.1,205.2,0.1,6000.0,241.5
2018-10-11T17:46:19,27.5,147.0,221.8,0.1,6000.0,241.5
2018-10-11T17:46:50,27.2,165.9,219.4,0.1,6000.0,240.6
2018-10-11T17:47:21,27.2,187.8,201.7,0.1,6000.0,240.6
2018-10-11T17:47:52,27.2,204.3,182.2,0.0,6000.0,241.5
2018-10-11T17:48:23,27.2,203.2,159.7,0.0,6000.0,241.5
2018-10-11T17:48:54,27.2,163.6,139.0,0.0,6000.0,241.5
2018-10-11T17:49:25,27.2,144.1,118.3,0.0,6000.0,241.5
2018-10-11T17:49:56,27.2,121.6,105.8,0.0,6000.0,242.5
2018-10-11T17:50:27,27.2,102.1,126.0,0.0,6000.0,241.5
2018-10-11T17:50:58,27.2,124.6,147.3,0.0,6000.0,241.5
2018-10-11T17:51:30,27.2,145.3,169.1,0.0,6000.0,241.5
2018-10-11T17:52:01,26.8,163.0,188.1,0.0,6000.0,241.5
2018-10-11T17:52:32,26.4,184.8,204.1,0.0,6000.0,239.6
2018-10-11T17:53:03,26.4,198.4,228.3,0.0,6000.0,240.6
2018-10-11T17:53:34,26.4,196.1,224.2,0.0,6000.0,240.6
2018-10-11T17:54:05,26.4,194.3,217.1,0.0,6000.0,239.6
2018-10-11T17:54:36,26.1,194.9,217.1,0.0,6000.0,240.6
2018-10-11T17:55:07,26.1,191.9,210.6,0.0,6000.0,238.6
2018-10-11T17:55:38,26.1,187.8,194.6,0.0,6000.0,240.6
2018-10-11T17:56:10,26.1,180.7,181.0,0.0,6000.0,240.6
2018-10-11T17:56:41,26.1,135.8,159.1,0.0,6000.0,240.6
2018-10-11T17:57:12,25.7,82.1,82.2,0.0,6000.0,240.6
