2018-10-12T06:35:29,18.7,225.0,218.3,0.5,110.0,242.5
2018-10-12T06:36:00,19.1,206.1,240.7,0.6,110.0,242.5
2018-10-12T06:36:31,18.7,220.9,242.5,0.6,110.0,242.5
2018-10-12T06:37:02,18.7,207.9,221.2,0.6,110.0,242.5
2018-10-12T06:37:33,18.7,187.2,201.1,0.7,120.0,243.5
2018-10-12T06:38:04,18.7,165.9,218.3,0.8,120.0,242.5
2018-10-12T06:38:35,18.7,152.9,244.3,0.9,120.0,243.5
2018-10-12T06:39:06,19.1,176.0,239.5,0.9,120.0,245.4
2018-10-12T06:39:37,19.1,199.6,218.8,0.9,130.0,245.4
2018-10-12T06:40:08,19.1,224.4,221.8,0.8,130.0,246.4
2018-10-12T06:40:40,19.1,212.6,247.8,0.9,130.0,246.4
2018-10-12T06:41:11,19.5,229.7,235.4,0.8,140.0,247.3
2018-10-12T06:41:42,19.5,206.7,236.6,1.0,140.0,245.4
2018-10-12T06:42:13,19.5,186.6,248.4,1.0,150.0,246.4
2018-10-12T06:42:44,19.5,165.4,225.9,1.1,150.0,245.4
2018-10-12T06:43:15,19.5,182.5,238.4,1.1,150.0,245.4
2018-10-12T06:43:46,19.8,203.7,247.2,1.0,160.0,245.4
2018-10-12T06:44:17,19.8,184.8,225.9,1.2,160.0,247.3
2018-10-12T06:44:48,19.8,175.4,247.8,1.2,170.0,247.3
2018-10-12T06:45:19,20.2,197.3,234.8,1.1,170.0,247.3
2018-10-12T06:45:51,20.2,198.4,246.1,1.1,170.0,247.3
2018-10-12T06:46:22,20.2,188.4,232.4,1.2,180.0,247.3
2018-10-12T06:46:53,20.6,199.6,244.9,1.1,180.0,247.3
2018-10-12T06:47:24,20.6,192.5,241.9,1.0,190.0,245.4
2018-10-12T06:47:55,20.6,196.7,241.9,1.0,190.0,244.4
2018-10-12T06:48:26,20.9,194.9,240.7,0.9,190.0,244.4
2018-10-12T06:48:57,20.9,194.9,236.6,0.9,200.0,244.4
2018-10-12T06:49:28,20.9,192.5,234.8,0.8,200.0,243.5
2018-10-12T06:49:59,20.9,191.9,235.4,0.7,200.0,244.4
2018-10-12T06:50:30,21.3,193.1,244.3,0.8,210.0,243.5
2018-10-12T06:51:02,21.3,190.2,229.5,0.7,210.0,242.5
2018-10-12T06:51:33,21.3,191.3,245.5,0.6,210.0,243.5
2018-10-12T06:52:04,21.3,211.4,242.5,0.6,220.0,244.4
2018-10-12T06:52:35,21.3,206.7,241.3,0.6,220.0,245.4
2018-10-12T06:53:06,21.7,222.7,223.6,0.5,220.0,241.5
2018-10-12T06:53:37,21.7,205.5,245.5,0.6,220.0,244.4
2018-10-12T06:54:08,21.7,223.8,243.7,0.6,230.0,244.4
2018-10-12T06:54:39,22.0,206.7,223.6,0.6,230.0,245.4
2018-10-12T06:55:10,22.0,186.6,233.6,0.7,230.0,244.4
2018-10-12T06:55:41,22.0,165.9,244.9,0.9,230.0,245.4
2018-10-12T06:56:13,22.0,185.4,228.3,0.8,240.0,243.5
2018-10-12T06:56:44,22.0,206.7,235.4,0.6,240.0,244.4
2018-10-12T06:57:15,22.4,222.7,235.4,0.6,240.0,245.4
2018-10-12T06:57:46,22.4,201.4,213.5,0.8,250.0,244.4
2018-10-12T06:58:17,22.4,180.7,237.2,0.8,250.0,245.4
2018-10-12T06:58:48,22.4,157.7,244.3,1.1,250.0,244.4
2018-10-12T06:59:19,22.8,137.6,220.6,1.2,260.0,247.3
2018-10-12T06:59:50,22.8,116.9,198.7,1.4,260.0,244.4
2018-10-12T07:00:21,22.8,128.7,192.8,1.4,260.0,245.4
2018-10-12T07:00:53,22.8,154.7,222.4,1.4,270.0,245.4
2018-10-12T07:01:24,23.1,178.9,247.8,1.3,270.0,245.4
2018-10-12T07:01:55,23.1,201.4,239.5,1.2,280.0,245.4
2018-10-12T07:02:26,23.1,199.0,240.7,1.2,280.0,243.5
2018-10-12T07:02:57,23.1,198.4,234.8,1.0,290.0,245.4
2018-10-12T07:03:28,23.5,199.0,243.1,1.0,290.0,243.5
2018-10-12T07:03:59,23.5,198.4,240.1,1.0,300.0,244.4
2018-10-12T07:04:30,23.5,204.3,243.7,0.9,300.0,244.4
2018-10-12T07:05:01,23.9,197.8,236.6,0.9,300.0,243.5
2018-10-12T07:05:33,24.2,200.2,234.8,0.8,310.0,243.5
2018-10-12T07:06:04,23.9,200.8,243.7,0.8,310.0,244.4
2018-10-12T07:06:35,23.9,183.7,234.2,0.8,310.0,242.5
2018-10-12T07:07:06,23.5,195.5,241.9,0.7,320.0,244.4
2018-10-12T07:07:37,23.5,216.7,237.8,0.6,320.0,244.4
2018-10-12T07:08:08,23.9,210.8,230.1,0.6,320.0,244.4
2018-10-12T07:08:39,23.5,219.7,239.5,0.6,330.0,243.5
2018-10-12T07:09:10,23.9,213.8,237.2,0.5,330.0,242.5
2018-10-12T07:09:41,23.9,215.0,230.1,0.5,330.0,241.5
2018-10-12T07:10:12,23.9,218.5,244.3,0.5,330.0,240.6
2018-10-12T07:10:44,23.9,212.0,231.3,0.5,340.0,243.5
2018-10-12T07:11:15,23.9,191.3,239.5,0.6,340.0,242.5
2018-10-12T07:11:46,23.9,171.3,221.8,0.6,340.0,242.5
2018-10-12T07:12:17,23.9,179.5,244.3,0.6,340.0,242.5
2018-10-12T07:12:48,24.2,200.8,224.8,0.5,340.0,243.5
2018-10-12T07:13:19,23.9,223.2,211.7,0.6,350.0,242.5
2018-10-12T07:13:50,23.9,206.7,239.5,0.7,350.0,242.5
2018-10-12T07:14:21,24.2,196.7,241.3,0.8,350.0,244.4
2018-10-12T07:14:52,24.2,218.5,230.7,0.7,360.0,243.5
2018-10-12T07:15:23,24.2,227.4,246.6,0.7,360.0,242.5
2018-10-12T07:15:55,24.2,222.7,233.0,0.8,360.0,242.5
2018-10-12T07:16:26,24.2,224.4,237.2,0.7,370.0,243.5
2018-10-12T07:16:57,24.2,212.6,237.2,0.9,370.0,243.5
2018-10-12T07:17:28,24.2,229.2,243.7,0.8,380.0,245.4
2018-10-12T07:17:59,24.2,210.2,220.6,1.0,380.0,243.5
2018-10-12T07:18:30,24.2,188.4,247.8,1.1,380.0,243.5
2018-10-12T07:19:01,24.6,165.9,237.2,1.4,390.0,245.4
2018-10-12T07:19:32,24.2,146.4,216.5,1.5,390.0,244.4
2018-10-12T07:20:03,24.2,172.4,244.3,1.5,400.0,244.4
2018-10-12T07:20:35,24.2,193.1,237.8,1.3,410.0,244.4
2018-10-12T07:21:06,24.2,196.7,234.2,1.3,410.0,244.4
2018-10-12T07:21:37,24.6,176.0,249.6,1.4,420.0,242.5
2018-10-12T07:22:08,24.6,184.3,229.5,1.5,420.0,244.4
2018-10-12T07:22:39,24.6,206.1,245.5,1.3,430.0,244.4
2018-10-12T07:23:10,25.0,204.3,237.8,1.3,430.0,244.4
2018-10-12T07:23:41,24.6,200.8,237.2,1.5,440.0,244.4
2018-10-12T07:24:12,24.6,195.5,244.9,1.4,440.0,243.5
2018-10-12T07:24:43,24.6,197.3,231.3,1.4,450.0,244.4
2018-10-12T07:25:14,25.0,202.0,239.5,1.4,460.0,243.5
2018-10-12T07:25:46,24.6,199.0,240.1,1.2,460.0,244.4
2018-10-12T07:26:17,24.6,200.8,237.2,1.1,470.0,245.4
2018-10-12T07:26:48,25.0,202.0,230.7,1.0,470.0,244.4
2018-10-12T07:27:19,25.0,224.4,246.6,0.9,470.0,245.4
2018-10-12T07:27:50,25.3,212.0,234.8,0.9,480.0,246.4
2018-10-12T07:28:21,25.3,189.6,214.7,1.1,480.0,244.4
2018-10-12T07:28:52,25.3,187.8,218.3,1.4,490.0,245.4
2018-10-12T07:29:23,25.3,201.4,244.3,1.2,490.0,244.4
2018-10-12T07:29:54,25.7,196.7,240.7,1.3,500.0,245.4
2018-10-12T07:30:25,25.7,196.7,241.9,1.2,510.0,243.5
2018-10-12T07:30:57,25.7,201.4,241.3,1.1,510.0,243.5
2018-10-12T07:31:28,25.7,199.0,239.0,1.0,510.0,242.5
2018-10-12T07:31:59,26.1,201.4,237.8,0.8,520.0,243.5
2018-10-12T07:32:30,26.1,192.5,237.8,0.9,520.0,243.5
2018-10-12T07:33:01,26.1,197.3,237.8,0.7,520.0,243.5
2018-10-12T07:33:32,26.4,212.6,229.5,0.7,530.0,243.5
2018-10-12T07:34:03,26.4,214.4,237.2,0.7,530.0,243.5
2018-10-12T07:34:34,26.8,213.2,235.4,0.6,530.0,242.5
2018-10-12T07:35:05,26.8,212.0,234.8,0.6,540.0,242.5
2018-10-12T07:35:37,26.8,219.1,228.3,0.6,540.0,241.5
2018-10-12T07:36:08,26.8,206.1,218.3,0.6,540.0,241.5
2018-10-12T07:36:39,26.8,208.5,230.7,0.7,540.0,242.5
2018-10-12T07:37:10,26.8,200.2,242.5,0.9,550.0,243.5
2018-10-12T07:37:41,26.8,204.3,241.3,1.0,550.0,243.5
2018-10-12T07:38:12,27.2,181.3,218.8,1.2,560.0,243.5
2018-10-12T07:38:43,27.2,163.6,243.7,1.2,560.0,243.5
2018-10-12T07:39:14,27.2,182.5,236.0,1.3,570.0,242.5
2018-10-12T07:39:45,27.5,203.7,243.7,1.1,570.0,245.4
2018-10-12T07:40:16,27.5,203.7,234.2,1.1,580.0,244.4
2018-10-12T07:40:48,27.5,201.4,244.9,1.2,580.0,244.4
2018-10-12T07:41:19,27.5,191.9,240.7,1.2,590.0,244.4
2018-10-12T07:41:50,27.2,190.2,234.8,1.2,590.0,243.5
2018-10-12T07:42:21,27.5,198.4,249.6,1.2,600.0,244.4
2018-10-12T07:42:52,27.5,203.7,239.5,1.2,600.0,245.4
2018-10-12T07:43:23,27.5,199.6,235.4,1.1,610.0,245.4
2018-10-12T07:43:54,27.9,198.4,236.6,1.1,610.0,244.4
2018-10-12T07:44:25,27.5,191.9,238.4,1.1,620.0,243.5
2018-10-12T07:44:56,27.9,197.8,233.0,1.0,620.0,245.4
2018-10-12T07:45:27,27.9,197.8,240.7,1.0,630.0,244.4
2018-10-12T07:45:59,27.9,198.4,243.7,1.0,630.0,243.5
2018-10-12T07:46:30,27.9,193.7,230.7,1.1,630.0,244.4
2018-10-12T07:47:01,27.9,197.8,238.4,1.0,640.0,244.4
2018-10-12T07:47:32,27.9,198.4,231.3,1.0,640.0,244.4
2018-10-12T07:48:03,27.9,196.7,231.9,1.1,650.0,244.4
2018-10-12T07:48:34,27.9,178.9,238.4,1.2,650.0,243.5
2018-10-12T07:49:05,28.3,202.0,241.3,1.0,660.0,243.5
2018-10-12T07:49:36,28.3,227.4,233.0,1.1,660.0,244.4
2018-10-12T07:50:07,28.6,209.7,227.7,1.2,670.0,244.4
2018-10-12T07:50:39,28.6,206.7,231.9,1.3,670.0,245.4
2018-10-12T07:51:10,28.6,205.5,242.5,1.3,680.0,245.4
2018-10-12T07:51:41,28.6,209.1,234.8,1.2,680.0,244.4
2018-10-12T07:52:12,29.0,202.0,241.3,1.3,690.0,245.4
2018-10-12T07:52:43,29.0,200.8,236.6,1.2,690.0,244.4
2018-10-12T07:53:14,29.0,210.8,228.9,1.1,700.0,244.4
2018-10-12T07:53:45,29.0,225.6,252.0,1.2,710.0,244.4
2018-10-12T07:54:16,29.0,203.7,249.0,1.3,710.0,244.4
2018-10-12T07:54:47,29.0,180.7,228.3,1.6,720.0,244.4
2018-10-12T07:55:18,29.4,169.5,243.7,1.8,720.0,245.4
2018-10-12T07:55:50,29.4,191.9,239.5,1.6,730.0,244.4
2018-10-12T07:56:21,29.4,196.7,236.6,1.5,740.0,244.4
2018-10-12T07:56:52,29.4,199.0,239.5,1.4,740.0,244.4
2018-10-12T07:57:23,29.4,203.2,239.5,1.2,750.0,244.4
2018-10-12T07:57:54,29.4,202.6,242.5,1.2,750.0,244.4
2018-10-12T07:58:25,29.4,203.2,233.0,1.2,760.0,244.4
2018-10-12T07:58:56,29.7,204.3,241.3,1.1,760.0,243.5
2018-10-12T07:59:27,29.7,201.4,234.8,1.2,770.0,242.5
2018-10-12T07:59:58,29.7,197.3,234.2,1.1,770.0,242.5
2018-10-12T08:00:29,29.7,202.0,237.8,1.0,780.0,243.5
2018-10-12T08:01:01,29.7,203.2,230.1,1.0,780.0,242.5
2018-10-12T08:01:32,30.1,201.4,239.0,1.1,790.0,242.5
2018-10-12T08:02:03,30.1,201.4,233.6,1.1,790.0,243.5
2018-10-12T08:02:34,29.7,190.2,231.3,1.2,800.0,243.5
2018-10-12T08:03:05,29.7,171.3,240.7,1.3,800.0,244.4
2018-10-12T08:03:36,29.7,184.8,230.1,1.1,810.0,243.5
2018-10-12T08:04:07,30.1,197.8,239.5,1.1,810.0,243.5
2018-10-12T08:04:38,30.1,196.1,237.2,1.1,820.0,243.5
2018-10-12T08:05:09,30.1,196.7,232.4,1.1,820.0,243.5
2018-10-12T08:05:40,30.2,197.8,242.5,1.0,820.0,240.6
2018-10-12T08:06:12,30.1,196.1,233.0,1.0,830.0,242.5
2018-10-12T08:06:43,30.1,196.7,234.8,0.9,830.0,241.5
2018-10-12T08:07:14,30.1,197.3,237.8,0.8,840.0,240.6
2018-10-12T08:07:45,30.2,196.7,237.8,0.8,840.0,240.6
2018-10-12T08:08:16,30.2,195.5,231.9,0.8,840.0,241.5
2018-10-12T08:08:47,30.2,185.4,236.6,0.7,850.0,243.5
2018-10-12T08:09:18,30.3,196.1,226.5,0.7,850.0,243.5
2018-10-12T08:09:49,30.3,217.3,243.7,0.6,850.0,243.5
2018-10-12T08:10:20,30.3,209.7,225.4,0.6,850.0,243.5
2018-10-12T08:10:51,30.3,189.0,244.9,0.7,860.0,243.5
2018-10-12T08:11:23,30.2,167.7,223.0,0.8,860.0,243.5
2018-10-12T08:11:54,30.3,168.3,235.4,0.9,860.0,243.5
2018-10-12T08:12:25,30.2,191.3,234.8,0.8,870.0,242.5
2018-10-12T08:12:56,30.2,190.2,221.8,0.7,870.0,244.4
2018-10-12T08:13:27,30.2,170.7,245.5,0.9,870.0,244.4
2018-10-12T08:13:58,30.2,166.5,225.9,0.9,880.0,243.5
2018-10-12T08:14:29,30.3,189.0,218.3,0.9,880.0,243.5
2018-10-12T08:15:00,30.2,198.4,243.7,0.8,880.0,244.4
2018-10-12T08:15:31,30.3,177.8,230.7,1.0,890.0,245.4
2018-10-12T08:16:03,30.3,167.7,239.5,1.0,890.0,244.4
2018-10-12T08:16:34,30.4,190.8,237.2,0.9,900.0,243.5
2018-10-12T08:17:05,30.4,198.4,244.3,1.0,900.0,244.4
2018-10-12T08:17:36,30.4,201.4,241.3,1.0,910.0,243.5
2018-10-12T08:18:07,30.4,200.8,242.5,0.9,910.0,242.5
2018-10-12T08:18:38,30.5,193.7,235.4,0.8,910.0,243.5
2018-10-12T08:19:09,30.5,195.5,239.5,0.8,920.0,243.5
2018-10-12T08:19:40,30.5,216.7,241.3,0.7,920.0,243.5
2018-10-12T08:20:11,30.5,213.8,235.4,0.8,920.0,242.5
2018-10-12T08:20:42,30.4,215.6,229.5,0.7,930.0,242.5
2018-10-12T08:21:14,30.5,210.8,234.8,0.6,930.0,242.5
2018-10-12T08:21:45,30.4,210.8,234.2,0.6,930.0,243.5
2018-10-12T08:22:16,30.4,216.2,233.0,0.6,940.0,243.5
2018-10-12T08:22:47,30.4,211.4,236.6,0.7,940.0,242.5
2018-10-12T08:23:18,30.4,215.6,232.4,0.6,940.0,242.5
2018-10-12T08:23:49,30.4,210.2,228.3,0.6,950.0,241.5
2018-10-12T08:24:20,30.4,217.3,245.5,0.6,950.0,241.5
2018-10-12T08:24:51,30.3,212.6,221.2,0.6,950.0,241.5
2018-10-12T08:25:22,30.4,217.3,228.3,0.7,950.0,239.6
2018-10-12T08:25:54,30.4,196.1,243.7,0.7,960.0,243.5
2018-10-12T08:26:25,30.4,174.2,220.0,0.9,960.0,243.5
2018-10-12T08:26:56,30.4,166.5,237.2,0.9,960.0,245.4
2018-10-12T08:27:27,30.5,187.8,236.6,0.7,970.0,243.5
2018-10-12T08:27:58,30.5,210.2,247.8,0.7,970.0,244.4
2018-10-12T08:28:29,30.5,216.7,235.4,0.7,970.0,244.4
2018-10-12T08:29:00,30.4,197.8,236.6,0.8,980.0,244.4
2018-10-12T08:29:32,30.3,175.4,215.3,1.0,980.0,244.4
2018-10-12T08:30:03,30.3,154.1,194.6,1.2,980.0,243.5
2018-10-12T08:30:34,30.3,142.3,205.2,1.3,990.0,244.4
2018-10-12T08:31:06,30.4,126.4,189.3,1.4,990.0,244.4
2018-10-12T08:31:37,30.4,138.2,202.9,1.4,1000.0,245.4
2018-10-12T08:32:08,30.4,166.5,235.4,1.5,1000.0,244.4
2018-10-12T08:32:39,30.3,189.6,239.5,1.4,1010.0,245.4
2018-10-12T08:33:10,30.4,204.3,245.5,1.3,1010.0,245.4
2018-10-12T08:33:41,30.4,181.3,230.7,1.5,1020.0,246.4
2018-10-12T08:34:12,30.5,174.8,244.9,1.7,1030.0,246.4
2018-10-12T08:34:43,30.5,171.3,233.6,1.8,1030.0,246.4
2018-10-12T08:35:14,30.7,171.9,237.2,1.7,1040.0,246.4
2018-10-12T08:35:45,30.7,173.6,240.7,1.6,1050.0,246.4
2018-10-12T08:36:17,30.7,172.4,241.9,1.6,1050.0,245.4
2018-10-12T08:36:48,30.8,177.2,237.2,1.5,1060.0,245.4
2018-10-12T08:37:19,30.8,178.9,241.3,1.3,1060.0,244.4
2018-10-12T08:37:50,30.8,173.0,236.6,1.2,1070.0,245.4
2018-10-12T08:38:21,30.9,185.4,237.8,1.1,1070.0,245.4
2018-10-12T08:38:52,30.8,199.6,235.4,1.1,1080.0,244.4
2018-10-12T08:39:23,30.9,197.3,238.4,0.9,1080.0,243.5
2018-10-12T08:39:54,30.8,201.4,234.8,0.9,1090.0,244.4
2018-10-12T08:40:25,30.8,194.9,244.9,0.9,1090.0,243.5
2018-10-12T08:40:56,30.9,187.2,227.7,0.9,1090.0,244.4
2018-10-12T08:41:28,30.9,196.1,238.4,0.9,1100.0,244.4
2018-10-12T08:41:59,30.9,196.7,242.5,0.9,1100.0,244.4
2018-10-12T08:42:30,30.9,176.6,227.7,1.0,1110.0,245.4
2018-10-12T08:43:01,30.9,180.1,246.1,1.0,1110.0,244.4
2018-10-12T08:43:32,30.8,201.4,228.3,0.9,1110.0,245.4
2018-10-12T08:44:03,30.8,201.4,242.5,0.9,1120.0,246.4
2018-10-12T08:44:34,30.8,200.8,236.6,0.9,1120.0,244.4
2018-10-12T08:45:05,30.8,180.7,234.2,1.0,1130.0,244.4
2018-10-12T08:45:36,30.8,200.8,244.3,0.9,1130.0,243.5
2018-10-12T08:46:08,30.8,222.7,234.8,0.8,1130.0,244.4
2018-10-12T08:46:39,30.9,212.6,233.6,0.8,1140.0,244.4
2018-10-12T08:47:10,30.9,217.9,243.7,0.9,1140.0,242.5
2018-10-12T08:47:41,30.9,208.5,237.8,0.9,1150.0,244.4
2018-10-12T08:48:12,30.9,197.8,247.2,0.8,1150.0,245.4
2018-10-12T08:48:43,30.8,197.8,238.4,0.9,1150.0,244.4
2018-10-12T08:49:14,30.9,205.5,240.7,0.9,1160.0,245.4
2018-10-12T08:49:45,30.9,224.4,232.4,0.7,1160.0,245.4
2018-10-12T08:50:16,30.9,215.6,236.6,0.8,1170.0,244.4
2018-10-12T08:50:47,31.0,212.0,243.7,0.7,1170.0,244.4
2018-10-12T08:51:19,31.0,223.8,230.1,0.8,1170.0,244.4
2018-10-12T08:51:50,31.0,218.5,236.6,0.7,1180.0,243.5
2018-10-12T08:52:21,31.0,221.5,239.5,0.7,1180.0,243.5
2018-10-12T08:52:52,31.0,206.7,230.1,0.7,1180.0,244.4
2018-10-12T08:53:23,31.0,218.5,244.9,0.7,1190.0,243.5
2018-10-12T08:53:54,31.0,225.6,231.3,0.6,1190.0,243.5
2018-10-12T08:54:25,31.0,204.3,240.7,0.7,1190.0,242.5
2018-10-12T08:54:56,31.0,224.4,234.8,0.6,1200.0,243.5
2018-10-12T08:55:27,31.1,207.9,231.9,0.6,1200.0,243.5
2018-10-12T08:55:58,31.1,222.7,231.3,0.7,1200.0,244.4
2018-10-12T08:56:30,31.0,199.6,241.3,0.7,1210.0,241.5
2018-10-12T08:57:01,31.1,208.5,234.8,0.8,1210.0,243.5
2018-10-12T08:57:32,31.1,218.5,226.5,0.8,1210.0,243.5
2018-10-12T08:58:03,31.1,197.3,246.6,0.9,1220.0,244.4
2018-10-12T08:58:34,31.0,176.6,248.4,1.0,1220.0,243.5
2018-10-12T08:59:05,31.1,163.6,223.6,1.0,1220.0,242.5
2018-10-12T08:59:36,31.1,166.5,223.6,1.1,1230.0,243.5
2018-10-12T09:00:07,31.2,180.7,246.6,1.0,1230.0,243.5
2018-10-12T09:00:38,31.2,203.7,225.9,0.9,1240.0,243.5
2018-10-12T09:01:10,31.2,226.2,243.7,0.8,1240.0,244.4
2018-10-12T09:01:41,31.2,222.7,243.7,0.9,1240.0,244.4
2018-10-12T09:02:12,31.2,220.9,239.5,1.0,1250.0,244.4
2018-10-12T09:02:43,31.1,206.7,241.3,0.9,1250.0,244.4
2018-10-12T09:03:14,31.1,196.7,229.5,1.1,1260.0,244.4
2018-10-12T09:03:45,31.1,191.3,240.7,1.1,1260.0,245.4
2018-10-12T09:04:16,31.0,170.1,239.5,1.2,1270.0,243.5
2018-10-12T09:04:47,30.9,170.7,234.8,1.2,1270.0,243.5
2018-10-12T09:05:18,31.0,166.5,237.2,1.4,1280.0,244.4
2018-10-12T09:05:49,31.0,179.5,237.2,1.1,1280.0,244.4
2018-10-12T09:06:21,31.1,166.5,230.1,1.3,1290.0,243.5
2018-10-12T09:06:52,31.1,189.6,241.9,1.2,1290.0,244.4
2018-10-12T09:07:23,31.1,199.0,243.1,1.2,1300.0,246.4
2018-10-12T09:07:54,31.1,205.5,233.0,1.2,1300.0,247.3
2018-10-12T09:08:25,31.1,225.6,240.7,1.1,1310.0,245.4
2018-10-12T09:08:56,31.1,224.4,244.3,1.1,1310.0,245.4
2018-10-12T09:09:27,31.1,223.8,238.4,1.0,1320.0,244.4
2018-10-12T09:09:58,31.1,222.1,244.3,1.0,1320.0,245.4
2018-10-12T09:10:29,31.2,225.6,232.4,1.0,1330.0,245.4
2018-10-12T09:11:00,31.2,226.2,240.1,1.0,1330.0,244.4
2018-10-12T09:11:31,31.2,227.4,241.3,1.0,1340.0,243.5
2018-10-12T09:12:02,31.2,226.2,234.2,1.1,1350.0,244.4
2018-10-12T09:12:33,31.2,227.4,246.1,1.0,1350.0,243.5
2018-10-12T09:13:04,31.4,213.8,244.9,1.1,1360.0,244.4
2018-10-12T09:13:35,31.4,219.1,233.0,1.2,1360.0,244.4
2018-10-12T09:14:06,31.4,226.2,236.0,1.0,1370.0,246.4
2018-10-12T09:14:37,31.5,226.8,243.7,1.1,1370.0,246.4
2018-10-12T09:15:08,31.5,219.7,244.3,1.1,1380.0,245.4
2018-10-12T09:15:40,31.5,218.5,241.9,1.1,1380.0,245.4
2018-10-12T09:16:11,31.4,219.1,232.4,1.0,1390.0,247.3
2018-10-12T09:16:42,31.4,226.8,239.5,1.1,1390.0,247.3
2018-10-12T09:17:13,31.4,225.6,237.2,1.0,1400.0,246.4
2018-10-12T09:17:44,31.4,227.4,230.7,1.0,1400.0,246.4
2018-10-12T09:18:15,31.5,209.1,237.8,1.0,1410.0,245.4
2018-10-12T09:18:46,31.5,218.5,242.5,1.0,1410.0,245.4
2018-10-12T09:19:17,31.5,225.6,234.8,0.9,1420.0,246.4
2018-10-12T09:19:48,31.5,224.4,236.6,0.9,1420.0,245.4
2018-10-12T09:20:19,31.5,218.5,242.5,0.9,1430.0,246.4
2018-10-12T09:20:51,31.6,219.7,239.5,0.9,1430.0,247.3
2018-10-12T09:21:22,31.6,226.2,228.3,0.9,1440.0,247.3
2018-10-12T09:21:53,31.6,220.3,241.3,0.9,1440.0,247.3
2018-10-12T09:22:24,31.5,218.5,240.7,0.9,1450.0,246.4
2018-10-12T09:22:55,31.6,217.3,231.3,0.9,1450.0,247.3
2018-10-12T09:23:26,31.6,213.2,235.4,0.9,1450.0,246.4
2018-10-12T09:23:57,31.6,219.7,243.7,0.9,1460.0,247.3
2018-10-12T09:24:28,31.6,224.4,241.3,0.8,1460.0,246.4
2018-10-12T09:24:59,31.6,223.2,236.6,0.7,1470.0,247.3
2018-10-12T09:25:30,31.6,205.5,233.0,0.8,1470.0,245.4
2018-10-12T09:26:02,31.7,194.3,241.9,0.9,1470.0,247.3
2018-10-12T09:26:33,31.7,190.2,234.8,0.9,1480.0,246.4
2018-10-12T09:27:04,31.6,200.2,232.4,0.8,1480.0,245.4
2018-10-12T09:27:35,31.7,180.7,237.2,0.8,1490.0,245.4
2018-10-12T09:28:06,31.7,196.1,228.3,0.8,1490.0,245.4
2018-10-12T09:28:37,31.7,195.5,247.2,0.9,1490.0,245.4
2018-10-12T09:29:08,31.6,206.7,231.9,0.7,1500.0,246.4
2018-10-12T09:29:39,31.5,218.5,243.7,0.8,1500.0,245.4
2018-10-12T09:30:10,31.6,225.6,238.4,0.6,1500.0,244.4
2018-10-12T09:30:41,31.6,211.4,235.4,0.8,1510.0,246.4
2018-10-12T09:31:13,31.6,217.3,225.9,0.8,1510.0,246.4
2018-10-12T09:31:44,31.7,216.7,236.0,0.7,1510.0,245.4
2018-10-12T09:32:15,31.6,212.0,220.0,0.8,1520.0,244.4
2018-10-12T09:32:46,31.7,190.8,243.7,0.8,1520.0,245.4
2018-10-12T09:33:17,31.7,169.5,230.7,0.9,1520.0,244.4
2018-10-12T09:33:48,31.7,152.9,235.4,1.0,1530.0,245.4
2018-10-12T09:34:19,31.7,160.0,232.4,1.0,1530.0,245.4
2018-10-12T09:34:50,31.7,160.6,231.3,1.1,1530.0,245.4
2018-10-12T09:35:21,31.6,163.6,246.1,1.1,1540.0,245.4
2018-10-12T09:35:53,31.6,185.4,240.1,1.0,1540.0,244.4
2018-10-12T09:36:24,31.6,208.5,228.3,0.9,1550.0,245.4
2018-10-12T09:36:55,31.6,225.0,243.7,0.9,1550.0,245.4
2018-10-12T09:37:26,31.6,209.1,234.2,0.9,1550.0,243.5
2018-10-12T09:37:57,31.6,199.6,230.7,1.0,1560.0,245.4
2018-10-12T09:38:28,31.5,180.7,245.5,1.1,1560.0,246.4
2018-10-12T09:38:59,31.5,158.9,237.8,1.2,1570.0,246.4
2018-10-12T09:39:30,31.5,183.1,236.6,1.1,1570.0,246.4
2018-10-12T09:40:01,31.5,197.8,237.8,1.1,1580.0,245.4
2018-10-12T09:40:33,31.5,192.5,240.7,1.1,1580.0,247.3
2018-10-12T09:41:04,31.5,196.7,231.3,1.2,1590.0,247.3
2018-10-12T09:41:35,31.5,194.9,237.2,1.1,1590.0,247.3
2018-10-12T09:42:06,31.6,199.0,237.2,1.1,1600.0,246.4
2018-10-12T09:42:37,31.6,202.0,235.4,1.2,1600.0,247.3
2018-10-12T09:43:08,31.6,183.7,237.8,1.2,1610.0,246.4
2018-10-12T09:43:39,31.6,197.3,238.4,1.2,1610.0,247.3
2018-10-12T09:44:10,31.6,202.0,237.8,1.3,1620.0,247.3
2018-10-12T09:44:41,31.4,200.8,246.6,1.2,1620.0,247.3
2018-10-12T09:45:12,31.4,203.2,237.2,1.1,1630.0,246.4
2018-10-12T09:45:44,31.4,204.9,233.0,1.1,1640.0,246.4
2018-10-12T09:46:15,31.2,200.8,241.3,1.2,1640.0,247.3
2018-10-12T09:46:46,31.2,195.5,245.5,1.2,1650.0,247.3
2018-10-12T09:47:17,31.2,199.6,237.2,1.3,1650.0,247.3
2018-10-12T09:47:48,31.1,204.3,228.9,1.3,1660.0,248.3
2018-10-12T09:48:19,31.0,197.3,237.8,1.3,1660.0,249.3
2018-10-12T09:48:50,31.0,199.0,233.6,1.2,1670.0,247.3
2018-10-12T09:49:21,31.1,200.2,239.0,1.3,1670.0,248.3
2018-10-12T09:49:52,31.1,201.4,234.2,1.3,1680.0,249.3
2018-10-12T09:50:23,31.1,199.6,244.3,1.3,1680.0,248.3
2018-10-12T09:50:55,31.1,196.1,240.7,1.3,1690.0,249.3
2018-10-12T09:51:26,31.2,196.7,230.7,1.2,1700.0,247.3
2018-10-12T09:51:57,31.2,193.7,240.1,1.3,1700.0,246.4
2018-10-12T09:52:28,31.2,196.7,238.4,1.2,1710.0,248.3
2018-10-12T09:52:59,31.4,204.3,231.9,1.2,1710.0,247.3
2018-10-12T09:53:30,31.4,196.7,239.5,1.2,1720.0,246.4
2018-10-12T09:54:01,31.5,199.0,246.1,1.2,1720.0,247.3
2018-10-12T09:54:32,31.5,203.2,234.2,1.2,1730.0,247.3
2018-10-12T09:55:03,31.5,199.6,243.1,1.1,1730.0,248.3
2018-10-12T09:55:35,31.5,186.0,238.4,1.1,1740.0,247.3
2018-10-12T09:56:06,31.5,194.3,233.0,1.2,1740.0,247.3
2018-10-12T09:56:37,31.6,203.7,232.4,1.2,1750.0,247.3
2018-10-12T09:57:08,31.6,203.7,244.9,1.2,1760.0,247.3
2018-10-12T09:57:39,31.6,194.3,231.3,1.2,1760.0,248.3
2018-10-12T09:58:10,31.6,196.7,240.1,1.2,1770.0,249.3
2018-10-12T09:58:41,31.6,187.8,232.4,1.4,1770.0,249.3
2018-10-12T09:59:12,31.6,199.6,237.8,1.4,1780.0,248.3
2018-10-12T09:59:43,31.6,202.0,236.6,1.4,1790.0,248.3
2018-10-12T10:00:14,31.7,201.4,243.7,1.5,1790.0,249.3
2018-10-12T10:00:46,31.7,206.1,239.5,1.5,1800.0,249.3
2018-10-12T10:01:20,31.7,196.7,243.7,1.4,1810.0,247.3
2018-10-12T10:01:51,31.7,197.8,240.7,1.4,1810.0,248.3
2018-10-12T10:02:22,31.7,200.8,244.9,1.5,1820.0,249.3
2018-10-12T10:02:53,31.7,206.1,238.4,1.5,1830.0,248.3
2018-10-12T10:03:24,31.8,201.4,238.4,1.5,1830.0,249.3
2018-10-12T10:03:55,31.8,200.2,237.8,1.4,1840.0,246.4
2018-10-12T10:04:26,31.8,203.7,239.0,1.4,1850.0,245.4
2018-10-12T10:04:57,31.8,204.3,241.9,1.4,1850.0,245.4
2018-10-12T10:05:28,31.8,204.3,244.3,1.3,1860.0,245.4
2018-10-12T10:05:59,31.7,183.7,237.8,1.5,1870.0,246.4
2018-10-12T10:06:31,31.7,199.6,230.7,1.4,1870.0,247.3
2018-10-12T10:07:02,31.8,200.2,233.0,1.5,1880.0,246.4
2018-10-12T10:07:33,31.8,193.7,234.2,1.5,1880.0,246.4
2018-10-12T10:08:04,31.8,195.5,240.7,1.4,1890.0,245.4
2018-10-12T10:08:35,31.8,196.1,237.8,1.4,1900.0,246.4
2018-10-12T10:09:06,31.9,203.2,244.3,1.3,1900.0,245.4
2018-10-12T10:09:37,31.8,204.3,237.2,1.3,1910.0,246.4
2018-10-12T10:10:08,31.9,204.3,234.8,1.3,1920.0,245.4
2018-10-12T10:10:39,31.9,203.2,233.0,1.3,1920.0,245.4
2018-10-12T10:11:11,31.9,179.5,245.5,1.5,1930.0,247.3
2018-10-12T10:11:42,31.9,171.3,231.3,1.6,1930.0,246.4
2018-10-12T10:12:13,31.9,194.3,236.6,1.5,1940.0,248.3
2018-10-12T10:12:44,31.9,194.3,244.9,1.6,1950.0,248.3
2018-10-12T10:13:15,31.9,193.7,227.7,1.5,1950.0,249.3
2018-10-12T10:13:46,32.0,204.3,239.5,1.4,1960.0,249.3
2018-10-12T10:14:17,32.0,202.0,230.7,1.6,1970.0,248.3
2018-10-12T10:14:48,32.0,196.7,237.8,1.6,1970.0,249.3
2018-10-12T10:15:19,32.0,197.8,240.7,1.7,1980.0,248.3
2018-10-12T10:15:50,32.0,194.3,231.3,1.6,1990.0,249.3
2018-10-12T10:16:22,32.2,197.3,233.0,1.6,1990.0,248.3
2018-10-12T10:16:53,32.2,200.8,237.2,1.5,2000.0,247.3
2018-10-12T10:17:24,32.2,213.8,238.4,1.5,2010.0,248.3
2018-10-12T10:17:55,32.3,219.7,238.4,1.4,2020.0,247.3
2018-10-12T10:18:26,32.2,219.7,243.7,1.5,2020.0,248.3
2018-10-12T10:18:57,32.0,224.4,243.7,1.4,2030.0,247.3
2018-10-12T10:19:28,32.2,226.2,239.5,1.5,2040.0,248.3
2018-10-12T10:19:59,32.2,220.9,236.6,1.5,2040.0,247.3
2018-10-12T10:20:30,32.2,225.6,233.6,1.6,2050.0,249.3
2018-10-12T10:21:01,32.0,212.6,237.8,1.5,2060.0,247.3
2018-10-12T10:21:32,32.0,228.0,239.5,1.5,2070.0,249.3
2018-10-12T10:22:03,32.0,228.0,243.1,1.5,2070.0,247.3
2018-10-12T10:22:34,32.2,229.2,243.7,1.5,2080.0,248.3
2018-10-12T10:23:05,32.2,223.2,244.3,1.6,2090.0,249.3
2018-10-12T10:23:36,32.2,216.2,244.3,1.6,2100.0,248.3
2018-10-12T10:24:07,32.3,223.2,243.7,1.5,2100.0,248.3
2018-10-12T10:24:38,32.3,225.0,239.0,1.5,2110.0,249.3
2018-10-12T10:25:09,32.3,226.8,240.1,1.5,2120.0,249.3
2018-10-12T10:25:41,32.3,228.0,237.2,1.5,2130.0,248.3
2018-10-12T10:26:12,32.3,226.2,240.7,1.4,2140.0,249.3
2018-10-12T10:26:43,32.3,227.4,236.6,1.4,2140.0,249.3
2018-10-12T10:27:14,32.3,219.1,235.4,1.3,2150.0,248.3
2018-10-12T10:27:45,32.3,222.1,238.4,1.3,2160.0,247.3
2018-10-12T10:28:16,32.3,225.0,235.4,1.1,2160.0,247.3
2018-10-12T10:28:47,32.0,222.7,239.5,1.1,2170.0,248.3
2018-10-12T10:29:18,31.9,220.9,238.4,1.0,2170.0,247.3
2018-10-12T10:29:49,31.8,221.5,238.4,0.9,2180.0,248.3
2018-10-12T10:30:20,31.8,218.5,239.5,1.0,2180.0,247.3
2018-10-12T10:30:52,31.6,215.6,240.7,1.0,2190.0,247.3
2018-10-12T10:31:23,31.6,219.7,234.8,1.0,2190.0,247.3
2018-10-12T10:31:54,31.6,215.6,233.6,1.0,2200.0,247.3
2018-10-12T10:32:25,31.7,213.8,244.3,0.9,2200.0,247.3
2018-10-12T10:32:56,31.7,226.8,235.4,0.9,2210.0,247.3
2018-10-12T10:33:27,31.7,222.7,232.4,1.0,2210.0,247.3
2018-10-12T10:33:58,31.6,226.8,244.3,0.9,2220.0,246.4
2018-10-12T10:34:29,31.7,214.4,231.3,1.1,2220.0,247.3
2018-10-12T10:35:00,31.8,220.9,236.0,1.1,2230.0,248.3
2018-10-12T10:35:32,31.7,218.5,234.8,1.0,2230.0,247.3
2018-10-12T10:36:03,31.8,220.3,235.4,1.0,2240.0,247.3
2018-10-12T10:36:34,31.8,212.0,233.0,1.0,2240.0,248.3
2018-10-12T10:37:05,31.9,222.1,238.4,1.0,2250.0,246.4
2018-10-12T10:37:36,31.9,216.2,233.0,1.1,2250.0,246.4
2018-10-12T10:38:07,32.0,213.8,239.5,1.1,2260.0,247.3
2018-10-12T10:38:38,32.0,213.8,229.5,1.2,2260.0,248.3
2018-10-12T10:39:09,32.0,225.6,243.1,1.2,2270.0,249.3
2018-10-12T10:39:40,32.0,228.0,239.0,1.2,2270.0,248.3
2018-10-12T10:40:11,32.0,220.3,231.9,1.3,2280.0,248.3
2018-10-12T10:40:43,32.0,227.4,236.0,1.3,2290.0,246.4
2018-10-12T10:41:14,31.9,225.6,234.2,1.3,2290.0,247.3
2018-10-12T10:41:45,32.0,229.7,237.2,1.2,2300.0,246.4
2018-10-12T10:42:16,32.0,220.3,244.9,1.2,2310.0,246.4
2018-10-12T10:42:47,31.9,228.0,239.5,1.3,2310.0,246.4
2018-10-12T10:43:18,31.8,223.8,233.6,1.3,2320.0,247.3
2018-10-12T10:43:49,31.8,223.8,233.6,1.3,2330.0,247.3
2018-10-12T10:44:20,31.8,223.2,239.5,1.5,2330.0,247.3
2018-10-12T10:44:51,31.9,225.6,245.5,1.5,2340.0,247.3
2018-10-12T10:45:22,31.9,225.0,236.0,1.5,2350.0,246.4
2018-10-12T10:45:54,32.0,226.8,232.4,1.5,2360.0,248.3
2018-10-12T10:46:26,32.0,229.2,238.4,1.4,2360.0,247.3
2018-10-12T10:46:57,32.0,219.7,237.8,1.5,2370.0,246.4
2018-10-12T10:47:28,32.0,223.8,234.8,1.5,2380.0,246.4
2018-10-12T10:47:59,32.0,227.4,239.5,1.4,2390.0,246.4
2018-10-12T10:48:30,32.0,222.7,231.9,1.4,2390.0,248.3
2018-10-12T10:49:01,32.2,220.9,233.0,1.4,2400.0,246.4
2018-10-12T10:49:32,32.2,221.5,243.7,1.3,2410.0,248.3
2018-10-12T10:50:03,32.2,226.8,239.5,1.3,2410.0,246.4
2018-10-12T10:50:34,32.2,228.6,238.4,1.3,2420.0,246.4
2018-10-12T10:51:06,32.3,217.9,243.7,1.4,2430.0,247.3
2018-10-12T10:51:37,32.3,217.3,241.9,1.3,2430.0,247.3
2018-10-12T10:52:08,32.3,217.9,238.4,1.3,2440.0,245.4
2018-10-12T10:52:39,32.3,217.9,236.6,1.2,2450.0,245.4
2018-10-12T10:53:10,32.3,216.2,231.3,1.2,2450.0,245.4
2018-10-12T10:53:41,32.3,215.6,230.7,1.2,2460.0,245.4
2018-10-12T10:54:12,32.3,222.7,230.7,1.1,2460.0,244.4
2018-10-12T10:54:43,32.3,220.9,234.8,1.2,2470.0,244.4
2018-10-12T10:55:14,32.2,217.9,237.2,1.1,2480.0,243.5
2018-10-12T10:55:45,32.2,217.9,238.4,1.0,2480.0,244.4
2018-10-12T10:56:17,32.2,221.5,237.8,1.0,2490.0,245.4
2018-10-12T10:56:48,32.2,212.6,235.4,1.2,2490.0,245.4
2018-10-12T10:57:19,32.0,217.3,238.4,1.1,2500.0,245.4
2018-10-12T10:57:50,32.2,220.9,236.6,1.1,2500.0,243.5
2018-10-12T10:58:21,32.2,219.1,231.9,1.1,2510.0,244.4
2018-10-12T10:58:52,32.3,220.9,238.4,0.9,2510.0,245.4
2018-10-12T10:59:23,32.2,222.7,237.8,0.8,2520.0,246.4
2018-10-12T10:59:54,32.2,220.9,244.3,0.9,2520.0,245.4
2018-10-12T11:00:25,32.2,224.4,235.4,0.8,2520.0,243.5
2018-10-12T11:00:56,31.9,217.3,237.8,0.8,2530.0,245.4
2018-10-12T11:01:28,31.9,210.2,244.3,0.9,2530.0,244.4
2018-10-12T11:01:59,32.0,215.0,237.8,0.8,2540.0,244.4
2018-10-12T11:02:30,32.0,194.9,233.0,1.0,2540.0,246.4
2018-10-12T11:03:01,32.2,184.8,237.8,1.0,2540.0,244.4
2018-10-12T11:03:32,32.0,186.6,242.5,1.0,2550.0,245.4
2018-10-12T11:04:03,32.2,174.8,241.9,0.9,2550.0,245.4
2018-10-12T11:04:34,32.2,183.7,239.5,0.9,2550.0,244.4
2018-10-12T11:05:05,32.2,194.9,240.1,0.8,2560.0,244.4
2018-10-12T11:05:36,32.2,206.1,235.4,0.7,2560.0,244.4
2018-10-12T11:06:08,32.2,220.3,234.8,0.7,2560.0,245.4
2018-10-12T11:06:39,32.2,201.4,231.9,0.7,2570.0,244.4
2018-10-12T11:07:10,32.2,220.3,222.4,0.6,2570.0,245.4
2018-10-12T11:07:41,32.2,199.0,246.1,0.7,2570.0,245.4
2018-10-12T11:08:12,32.2,176.6,222.4,0.9,2580.0,245.4
2018-10-12T11:08:43,32.0,155.3,199.9,1.0,2580.0,246.4
2018-10-12T11:09:14,32.0,134.6,179.8,1.1,2580.0,245.4
2018-10-12T11:09:45,31.9,155.3,208.2,1.1,2590.0,246.4
2018-10-12T11:10:16,31.9,177.8,233.0,1.0,2590.0,246.4
2018-10-12T11:10:47,31.9,187.8,242.5,1.0,2600.0,246.4
2018-10-12T11:11:19,32.0,191.3,236.0,0.9,2600.0,246.4
2018-10-12T11:11:50,31.9,192.5,244.9,0.9,2600.0,247.3
2018-10-12T11:12:21,31.8,193.1,237.2,0.9,2610.0,245.4
2018-10-12T11:12:52,31.8,171.3,234.8,1.1,2610.0,244.4
2018-10-12T11:13:23,31.9,167.7,237.2,1.2,2620.0,244.4
2018-10-12T11:13:54,31.8,191.3,246.6,1.1,2620.0,245.4
2018-10-12T11:14:25,31.8,194.9,242.5,1.0,2620.0,245.4
2018-10-12T11:14:56,31.9,180.1,231.3,1.0,2630.0,245.4
2018-10-12T11:15:27,31.9,201.4,242.5,1.0,2630.0,245.4
2018-10-12T11:15:58,31.8,222.7,243.7,0.9,2640.0,246.4
2018-10-12T11:16:30,31.9,226.8,243.7,0.8,2640.0,247.3
2018-10-12T11:17:01,31.9,218.5,239.0,0.9,2650.0,247.3
2018-10-12T11:17:32,31.9,220.9,237.2,0.9,2650.0,245.4
2018-10-12T11:18:03,31.9,223.2,237.8,0.8,2650.0,244.4
2018-10-12T11:18:34,31.9,223.2,241.3,0.8,2660.0,245.4
2018-10-12T11:19:05,32.0,222.7,239.0,0.6,2660.0,245.4
2018-10-12T11:19:36,32.0,211.4,238.4,0.7,2670.0,244.4
2018-10-12T11:20:07,32.0,209.1,236.6,0.6,2670.0,244.4
2018-10-12T11:20:38,32.0,215.6,234.8,0.6,2670.0,244.4
2018-10-12T11:21:10,32.0,213.8,233.6,0.5,2670.0,246.4
2018-10-12T11:21:41,32.0,215.6,234.8,0.6,2680.0,245.4
2018-10-12T11:22:12,32.0,218.5,233.6,0.5,2680.0,244.4
2018-10-12T11:22:43,32.0,212.6,236.6,0.4,2680.0,244.4
2018-10-12T11:23:14,32.0,218.5,237.8,0.4,2680.0,244.4
2018-10-12T11:23:45,32.0,211.4,232.4,0.5,2690.0,244.4
2018-10-12T11:24:16,32.0,218.5,226.5,0.3,2690.0,244.4
2018-10-12T11:24:47,32.0,215.6,227.1,0.4,2690.0,243.5
2018-10-12T11:25:18,32.0,201.4,238.4,0.4,2690.0,244.4
2018-10-12T11:25:49,32.0,180.7,217.1,0.4,2690.0,244.4
2018-10-12T11:26:21,32.0,158.9,215.3,0.6,2700.0,244.4
2018-10-12T11:26:52,31.9,165.9,237.8,0.5,2700.0,244.4
2018-10-12T11:27:23,31.9,185.4,244.3,0.4,2700.0,243.5
2018-10-12T11:27:54,31.8,185.4,223.6,0.5,2700.0,243.5
2018-10-12T11:28:25,31.8,189.6,233.6,0.4,2700.0,243.5
2018-10-12T11:28:56,31.8,169.5,212.9,0.4,2700.0,245.4
2018-10-12T11:29:27,31.7,178.3,229.5,0.4,2710.0,243.5
2018-10-12T11:29:58,31.7,199.6,232.4,0.4,2710.0,244.4
2018-10-12T11:30:29,31.7,217.9,223.6,0.3,2710.0,243.5
2018-10-12T11:31:00,31.7,200.8,244.3,0.4,2710.0,244.4
2018-10-12T11:31:31,31.7,190.8,233.6,0.4,2710.0,244.4
2018-10-12T11:32:02,31.6,213.2,227.1,0.4,2710.0,244.4
2018-10-12T11:32:33,31.6,204.3,214.7,0.4,2710.0,245.4
2018-10-12T11:33:04,31.6,216.2,219.4,0.3,2720.0,244.4
2018-10-12T11:33:35,31.6,194.3,241.3,0.4,2720.0,244.4
2018-10-12T11:34:06,31.6,173.6,220.6,0.4,2720.0,245.4
2018-10-12T11:34:37,31.6,152.9,218.8,0.4,2720.0,243.5
2018-10-12T11:35:08,31.5,175.4,241.9,0.4,2720.0,243.5
2018-10-12T11:35:40,31.5,194.9,223.0,0.3,2720.0,244.4
2018-10-12T11:36:11,31.5,216.7,236.0,0.3,2720.0,243.5
2018-10-12T11:36:42,31.5,200.8,225.4,0.3,2730.0,243.5
2018-10-12T11:37:13,31.5,191.3,230.7,0.3,2730.0,242.5
2018-10-12T11:37:44,31.5,211.4,225.4,0.3,2730.0,242.5
2018-10-12T11:38:15,31.2,199.6,218.3,0.3,2730.0,241.5
2018-10-12T11:38:46,31.2,177.8,221.8,0.3,2730.0,242.5
2018-10-12T11:39:17,31.2,193.1,235.4,0.3,2730.0,242.5
2018-10-12T11:39:48,31.2,213.8,231.3,0.3,2730.0,242.5
2018-10-12T11:40:19,31.2,197.3,214.7,0.3,2730.0,243.5
2018-10-12T11:40:51,31.1,177.2,208.8,0.3,2740.0,243.5
2018-10-12T11:41:22,31.1,154.7,232.4,0.4,2740.0,244.4
2018-10-12T11:41:53,31.1,134.6,246.6,0.5,2740.0,242.5
2018-10-12T11:42:24,31.1,114.0,223.0,0.5,2740.0,242.5
2018-10-12T11:42:55,31.1,131.1,202.3,0.5,2740.0,243.5
2018-10-12T11:43:26,31.1,154.7,181.0,0.5,2740.0,244.4
2018-10-12T11:43:57,31.1,176.6,188.1,0.5,2740.0,244.4
2018-10-12T11:44:28,31.1,198.4,212.9,0.5,2750.0,243.5
2018-10-12T11:44:59,31.1,221.5,238.4,0.5,2750.0,243.5
2018-10-12T11:45:30,31.1,215.6,251.4,0.5,2750.0,243.5
2018-10-12T11:46:02,31.2,192.5,225.4,0.6,2750.0,244.4
2018-10-12T11:46:33,31.2,170.7,204.6,0.8,2760.0,243.5
2018-10-12T11:47:04,31.1,148.8,186.9,0.9,2760.0,244.4
2018-10-12T11:47:35,31.2,129.9,215.3,1.0,2760.0,243.5
2018-10-12T11:48:06,31.2,116.3,242.5,1.1,2760.0,243.5
2018-10-12T11:48:37,31.2,139.4,238.4,1.2,2770.0,244.4
2018-10-12T11:49:08,31.2,166.5,235.4,1.1,2770.0,244.4
2018-10-12T11:49:39,31.2,166.5,241.3,1.1,2780.0,243.5
2018-10-12T11:50:10,31.1,187.8,248.4,1.0,2780.0,244.4
2018-10-12T11:50:41,31.1,207.3,241.3,0.9,2780.0,245.4
2018-10-12T11:51:13,31.1,207.3,244.3,0.9,2790.0,243.5
2018-10-12T11:51:44,31.1,204.9,240.7,0.9,2790.0,244.4
2018-10-12T11:52:15,31.1,200.2,230.7,0.8,2790.0,243.5
2018-10-12T11:52:46,31.0,194.3,247.8,0.7,2800.0,242.5
2018-10-12T11:53:17,31.1,201.4,241.3,0.8,2800.0,244.4
2018-10-12T11:53:48,31.0,190.8,233.0,0.8,2810.0,245.4
2018-10-12T11:54:19,31.1,198.4,243.1,0.8,2810.0,245.4
2018-10-12T11:54:50,31.1,203.7,237.2,0.7,2810.0,244.4
2018-10-12T11:55:21,31.1,199.6,247.8,0.8,2810.0,244.4
2018-10-12T11:55:53,31.0,194.9,233.6,0.8,2820.0,243.5
2018-10-12T11:56:24,31.1,216.2,237.8,0.7,2820.0,244.4
2018-10-12T11:56:55,31.0,223.8,243.1,0.8,2820.0,244.4
2018-10-12T11:57:26,31.0,202.6,221.2,0.9,2830.0,244.4
2018-10-12T11:57:57,31.0,181.9,244.3,0.9,2830.0,245.4
2018-10-12T11:58:28,31.0,169.5,241.9,1.0,2840.0,244.4
2018-10-12T11:58:59,31.0,191.9,244.3,0.9,2840.0,244.4
2018-10-12T11:59:30,31.0,173.6,240.7,1.0,2840.0,246.4
2018-10-12T12:00:01,31.0,189.6,250.2,0.9,2850.0,244.4
2018-10-12T12:00:33,31.0,191.9,241.3,0.8,2850.0,244.4
2018-10-12T12:01:04,31.0,197.8,240.7,0.8,2850.0,244.4
2018-10-12T12:01:35,31.0,196.7,231.9,0.7,2860.0,244.4
2018-10-12T12:02:06,31.0,175.4,249.6,0.9,2860.0,243.5
2018-10-12T12:02:37,31.0,179.5,239.5,0.8,2860.0,243.5
2018-10-12T12:03:08,31.0,201.4,241.9,0.8,2870.0,244.4
2018-10-12T12:03:39,31.0,199.6,246.1,0.8,2870.0,244.4
2018-10-12T12:04:10,31.0,178.9,240.7,0.9,2880.0,244.4
2018-10-12T12:04:41,31.0,157.1,218.8,1.1,2880.0,246.4
2018-10-12T12:05:12,31.0,144.7,209.4,1.2,2880.0,244.4
2018-10-12T12:05:44,30.9,170.7,241.3,1.3,2890.0,244.4
2018-10-12T12:06:15,31.0,182.5,237.8,1.2,2890.0,245.4
2018-10-12T12:06:46,31.0,160.0,226.5,1.5,2900.0,247.3
2018-10-12T12:07:17,31.0,161.8,254.3,1.5,2910.0,244.4
2018-10-12T12:07:48,31.0,183.7,236.6,1.5,2910.0,246.4
2018-10-12T12:08:19,31.0,183.7,231.3,1.5,2920.0,246.4
2018-10-12T12:08:50,31.0,172.4,231.3,1.5,2920.0,246.4
2018-10-12T12:09:21,31.0,170.7,247.2,1.6,2930.0,246.4
2018-10-12T12:09:52,31.0,172.4,247.2,1.5,2940.0,244.4
2018-10-12T12:10:23,31.0,178.3,248.4,1.5,2940.0,244.4
2018-10-12T12:10:55,31.0,175.4,244.9,1.3,2950.0,244.4
2018-10-12T12:11:26,31.0,183.1,250.8,1.3,2960.0,246.4
2018-10-12T12:11:57,31.1,177.8,248.4,1.4,2960.0,246.4
2018-10-12T12:12:28,31.1,178.3,247.8,1.3,2970.0,244.4
2018-10-12T12:12:59,31.1,176.0,247.2,1.3,2970.0,245.4
2018-10-12T12:13:30,31.1,177.2,252.0,1.4,2980.0,245.4
2018-10-12T12:14:01,31.1,171.3,250.2,1.3,2980.0,245.4
2018-10-12T12:14:32,31.1,189.6,250.8,1.2,2990.0,245.4
2018-10-12T12:15:03,31.2,186.6,241.9,1.1,2990.0,245.4
2018-10-12T12:15:35,31.2,183.1,242.5,1.1,3000.0,245.4
2018-10-12T12:16:06,31.2,175.4,246.6,1.2,3000.0,245.4
2018-10-12T12:16:37,31.2,177.2,240.1,1.1,3010.0,245.4
2018-10-12T12:17:08,31.2,175.4,249.6,1.0,3010.0,247.3
2018-10-12T12:17:39,31.2,194.9,244.9,0.9,3020.0,246.4
2018-10-12T12:18:10,31.4,198.4,235.4,1.0,3020.0,246.4
2018-10-12T12:18:41,31.4,197.3,249.6,0.9,3030.0,246.4
2018-10-12T12:19:12,31.4,182.5,233.6,1.1,3030.0,246.4
2018-10-12T12:19:43,31.4,168.3,242.5,1.2,3040.0,247.3
2018-10-12T12:20:14,31.4,190.2,237.8,1.0,3040.0,247.3
2018-10-12T12:20:46,31.5,205.5,244.9,1.0,3040.0,246.4
2018-10-12T12:21:17,31.5,206.7,251.4,1.0,3050.0,247.3
2018-10-12T12:21:48,31.5,209.1,248.4,0.9,3050.0,247.3
2018-10-12T12:22:19,31.5,187.2,246.6,1.0,3060.0,247.3
2018-10-12T12:22:50,31.5,166.5,236.0,1.1,3060.0,246.4
2018-10-12T12:23:21,31.5,176.6,244.3,1.2,3070.0,246.4
2018-10-12T12:23:52,31.5,200.2,237.2,1.1,3070.0,247.3
2018-10-12T12:24:23,31.5,203.7,246.6,1.1,3080.0,247.3
2018-10-12T12:24:54,31.6,202.0,235.4,1.2,3080.0,246.4
2018-10-12T12:25:25,31.6,197.8,249.0,1.1,3090.0,246.4
2018-10-12T12:25:57,31.6,199.6,249.0,1.1,3090.0,247.3
2018-10-12T12:26:28,31.6,199.6,248.4,1.1,3100.0,247.3
2018-10-12T12:26:59,31.6,199.6,246.6,1.2,3100.0,246.4
2018-10-12T12:27:30,31.6,194.9,236.6,1.2,3110.0,247.3
2018-10-12T12:28:01,31.6,201.4,252.6,1.2,3120.0,245.4
2018-10-12T12:28:32,31.6,181.3,228.3,1.3,3120.0,246.4
2018-10-12T12:29:03,31.6,178.3,208.2,1.5,3130.0,247.3
2018-10-12T12:29:34,31.7,204.3,201.1,1.4,3130.0,244.4
2018-10-12T12:30:05,31.7,197.3,233.0,1.5,3140.0,244.4
2018-10-12T12:30:37,31.7,200.2,244.3,1.5,3150.0,245.4
2018-10-12T12:31:08,31.7,203.7,245.5,1.5,3160.0,245.4
2018-10-12T12:31:39,31.7,196.7,241.3,1.5,3160.0,246.4
2018-10-12T12:32:10,31.8,205.5,249.0,1.5,3170.0,245.4
2018-10-12T12:32:41,31.7,199.0,248.4,1.5,3180.0,248.3
2018-10-12T12:33:12,31.8,206.7,246.6,1.4,3180.0,245.4
2018-10-12T12:33:43,31.8,207.9,247.8,1.3,3190.0,247.3
2018-10-12T12:34:14,31.8,204.3,248.4,1.3,3200.0,247.3
2018-10-12T12:34:45,31.7,199.0,240.7,1.4,3200.0,248.3
2018-10-12T12:35:16,31.7,200.8,240.7,1.4,3210.0,247.3
2018-10-12T12:35:48,31.6,207.3,236.6,1.3,3210.0,247.3
2018-10-12T12:36:19,31.6,205.5,242.5,1.3,3220.0,246.4
2018-10-12T12:36:50,31.7,206.1,237.2,1.2,3230.0,246.4
2018-10-12T12:37:21,31.7,197.3,239.0,1.1,3230.0,245.4
2018-10-12T12:37:52,31.7,199.6,240.7,1.0,3240.0,245.4
2018-10-12T12:38:23,31.7,194.3,242.5,1.0,3240.0,246.4
2018-10-12T12:38:54,31.7,189.6,232.4,1.0,3240.0,247.3
2018-10-12T12:39:25,31.7,168.3,241.9,1.1,3250.0,246.4
2018-10-12T12:39:56,31.8,181.3,239.0,1.0,3250.0,245.4
2018-10-12T12:40:27,31.8,186.6,240.7,1.0,3260.0,246.4
2018-10-12T12:40:59,31.8,196.1,241.9,0.9,3260.0,246.4
2018-10-12T12:41:30,31.8,189.6,234.8,0.9,3260.0,246.4
2018-10-12T12:42:01,31.8,187.8,249.0,0.9,3270.0,246.4
2018-10-12T12:42:32,31.8,167.7,227.7,1.0,3270.0,246.4
2018-10-12T12:43:03,31.8,183.1,211.2,1.0,3280.0,246.4
2018-10-12T12:43:34,31.8,206.7,239.5,0.9,3280.0,247.3
2018-10-12T12:44:05,31.8,222.1,249.6,1.0,3280.0,246.4
2018-10-12T12:44:36,31.8,219.1,240.1,1.0,3290.0,247.3
2018-10-12T12:45:07,31.8,219.1,237.8,0.9,3290.0,246.4
2018-10-12T12:45:39,31.8,221.5,244.3,1.0,3300.0,246.4
2018-10-12T12:46:10,31.8,226.2,243.7,0.8,3300.0,246.4
2018-10-12T12:46:41,31.7,220.3,241.9,1.0,3310.0,247.3
2018-10-12T12:47:12,31.8,226.2,241.3,0.9,3310.0,246.4
2018-10-12T12:47:43,31.8,219.1,240.7,0.8,3320.0,246.4
2018-10-12T12:48:14,31.8,217.3,242.5,0.8,3320.0,245.4
2018-10-12T12:48:45,31.8,227.4,243.7,0.7,3320.0,246.4
2018-10-12T12:49:16,31.7,205.5,224.8,0.9,3330.0,247.3
2018-10-12T12:49:48,31.7,199.0,245.5,1.0,3330.0,246.4
2018-10-12T12:50:19,31.7,197.3,241.3,1.0,3340.0,245.4
2018-10-12T12:50:50,31.7,207.3,243.7,0.9,3340.0,246.4
2018-10-12T12:51:21,31.7,226.2,230.7,0.8,3340.0,246.4
2018-10-12T12:51:53,31.7,216.2,241.3,0.9,3350.0,248.3
2018-10-12T12:52:24,31.7,219.7,244.3,0.8,3350.0,247.3
2018-10-12T12:52:55,31.7,226.2,235.4,0.8,3360.0,247.3
2018-10-12T12:53:26,31.7,225.6,241.9,0.8,3360.0,247.3
2018-10-12T12:53:57,31.7,228.0,242.5,0.8,3360.0,247.3
2018-10-12T12:54:28,31.7,219.1,237.2,0.7,3370.0,247.3
2018-10-12T12:54:59,31.8,227.4,240.7,0.7,3370.0,248.3
2018-10-12T12:55:30,31.8,221.5,243.7,0.8,3380.0,248.3
2018-10-12T12:56:01,31.8,216.2,244.3,0.7,3380.0,246.4
2018-10-12T12:56:32,31.7,216.2,244.3,0.7,3380.0,245.4
2018-10-12T12:57:03,31.8,216.7,246.6,0.6,3390.0,246.4
2018-10-12T12:57:34,31.8,222.7,241.3,0.7,3390.0,245.4
2018-10-12T12:58:05,31.8,217.3,237.8,0.7,3390.0,244.4
2018-10-12T12:58:36,31.8,211.4,235.4,0.6,3400.0,245.4
2018-10-12T12:59:07,31.8,189.6,238.4,0.7,3400.0,246.4
2018-10-12T12:59:38,31.8,209.1,237.2,0.7,3400.0,245.4
2018-10-12T13:00:09,31.8,222.7,245.5,0.6,3410.0,244.4
2018-10-12T13:00:41,31.8,213.8,230.7,0.7,3410.0,245.4
2018-10-12T13:01:12,31.8,216.7,241.3,0.6,3410.0,244.4
2018-10-12T13:01:43,31.7,208.5,237.2,0.6,3420.0,244.4
2018-10-12T13:02:14,31.7,220.9,233.0,0.6,3420.0,245.4
2018-10-12T13:02:45,31.7,201.4,230.7,0.7,3420.0,244.4
2018-10-12T13:03:16,31.7,193.1,237.2,0.7,3420.0,244.4
2018-10-12T13:03:47,31.7,172.4,236.6,0.8,3430.0,244.4
2018-10-12T13:04:18,31.7,173.6,238.4,0.8,3430.0,244.4
2018-10-12T13:04:49,31.7,179.5,241.3,0.8,3430.0,245.4
2018-10-12T13:05:20,31.7,170.1,229.5,0.8,3440.0,244.4
2018-10-12T13:05:52,31.8,192.5,247.8,0.8,3440.0,244.4
2018-10-12T13:06:23,31.8,215.6,223.6,0.8,3440.0,244.4
2018-10-12T13:06:54,31.8,212.6,246.6,0.7,3450.0,243.5
2018-10-12T13:07:25,31.8,222.7,238.4,0.7,3450.0,246.4
2018-10-12T13:07:56,31.7,219.7,235.4,0.7,3450.0,245.4
2018-10-12T13:08:27,31.7,216.7,230.7,0.6,3460.0,245.4
2018-10-12T13:08:58,31.6,212.0,239.5,0.6,3460.0,245.4
2018-10-12T13:09:29,31.6,223.8,225.9,0.6,3460.0,246.4
2018-10-12T13:10:00,31.7,203.7,248.4,0.7,3470.0,246.4
2018-10-12T13:10:32,31.7,182.5,227.7,0.8,3470.0,247.3
2018-10-12T13:11:03,31.7,161.2,234.8,0.9,3470.0,247.3
2018-10-12T13:11:34,31.7,172.4,242.5,0.9,3480.0,248.3
2018-10-12T13:12:05,31.7,177.2,239.5,0.9,3480.0,248.3
2018-10-12T13:12:36,31.6,168.3,239.5,1.0,3480.0,247.3
2018-10-12T13:13:07,31.6,191.3,218.8,0.9,3490.0,247.3
2018-10-12T13:13:38,31.7,195.5,241.3,0.9,3490.0,247.3
2018-10-12T13:14:09,31.7,175.4,233.0,1.0,3500.0,248.3
2018-10-12T13:14:40,31.7,175.4,243.7,1.0,3500.0,249.3
2018-10-12T13:15:11,31.7,194.9,237.2,0.9,3500.0,247.3
2018-10-12T13:15:43,31.7,196.7,237.8,0.9,3510.0,248.3
2018-10-12T13:16:14,31.7,191.3,233.6,0.9,3510.0,250.2
2018-10-12T13:16:45,31.7,196.7,237.8,0.9,3520.0,248.3
2018-10-12T13:17:16,31.8,200.8,240.1,0.8,3520.0,248.3
2018-10-12T13:17:47,31.7,196.7,237.8,0.7,3520.0,248.3
2018-10-12T13:18:18,31.7,194.9,239.5,0.7,3530.0,247.3
2018-10-12T13:18:49,31.7,186.6,237.8,0.6,3530.0,245.4
2018-10-12T13:19:20,31.7,202.6,237.8,0.6,3530.0,245.4
2018-10-12T13:19:51,31.7,216.7,235.4,0.5,3530.0,247.3
2018-10-12T13:20:22,31.7,218.5,236.6,0.5,3540.0,246.4
2018-10-12T13:20:54,31.7,217.3,239.5,0.5,3540.0,245.4
2018-10-12T13:21:26,31.7,202.0,238.4,0.4,3540.0,245.4
2018-10-12T13:21:57,31.7,217.9,233.6,0.3,3540.0,245.4
2018-10-12T13:22:28,31.8,199.6,228.3,0.4,3540.0,245.4
2018-10-12T13:22:59,31.7,183.1,236.0,0.4,3550.0,245.4
2018-10-12T13:23:30,31.8,203.2,220.0,0.4,3550.0,245.4
2018-10-12T13:24:01,31.7,197.8,220.6,0.4,3550.0,245.4
2018-10-12T13:24:32,31.7,185.4,240.7,0.4,3550.0,245.4
2018-10-12T13:25:03,31.7,206.7,229.5,0.3,3550.0,246.4
2018-10-12T13:25:34,31.7,215.6,207.6,0.4,3550.0,244.4
2018-10-12T13:26:06,31.7,194.3,186.9,0.4,3560.0,245.4
2018-10-12T13:26:37,31.7,173.6,209.4,0.4,3560.0,245.4
2018-10-12T13:27:08,31.7,153.5,232.4,0.5,3560.0,245.4
2018-10-12T13:27:39,31.7,164.8,238.4,0.4,3560.0,245.4
2018-10-12T13:28:10,31.7,185.4,231.3,0.4,3560.0,244.4
2018-10-12T13:28:41,31.7,207.3,238.4,0.4,3560.0,244.4
2018-10-12T13:29:12,31.7,220.9,217.1,0.4,3570.0,244.4
2018-10-12T13:29:43,31.7,197.8,198.7,0.4,3570.0,244.4
2018-10-12T13:30:14,31.7,176.0,222.4,0.5,3570.0,243.5
2018-10-12T13:30:45,31.7,154.7,232.4,0.5,3570.0,244.4
2018-10-12T13:31:17,31.6,136.4,213.5,0.6,3570.0,244.4
2018-10-12T13:31:48,31.6,158.3,218.8,0.6,3580.0,243.5
2018-10-12T13:32:19,31.6,179.5,237.8,0.5,3580.0,246.4
2018-10-12T13:32:50,31.6,199.0,233.6,0.4,3580.0,245.4
2018-10-12T13:33:21,31.6,219.7,236.6,0.4,3580.0,247.3
2018-10-12T13:33:52,31.6,206.7,229.5,0.4,3580.0,245.4
2018-10-12T13:34:23,31.6,186.0,229.5,0.5,3590.0,246.4
2018-10-12T13:34:54,31.6,196.7,240.1,0.4,3590.0,245.4
2018-10-12T13:35:25,31.6,217.3,220.0,0.4,3590.0,245.4
2018-10-12T13:35:56,31.6,210.2,233.0,0.4,3590.0,245.4
2018-10-12T13:36:28,31.6,189.0,231.9,0.4,3590.0,245.4
2018-10-12T13:36:59,31.6,199.0,230.7,0.4,3600.0,245.4
2018-10-12T13:37:30,31.6,219.7,237.2,0.4,3600.0,245.4
2018-10-12T13:38:01,31.5,204.3,216.5,0.4,3600.0,246.4
2018-10-12T13:38:32,31.6,184.3,229.5,0.5,3600.0,246.4
2018-10-12T13:39:03,31.5,194.3,230.1,0.4,3600.0,246.4
2018-10-12T13:39:34,31.5,215.0,228.3,0.4,3600.0,245.4
2018-10-12T13:40:05,31.5,209.7,246.6,0.4,3610.0,246.4
2018-10-12T13:40:36,31.5,189.0,223.0,0.4,3610.0,246.4
2018-10-12T13:41:08,31.5,168.3,236.0,0.5,3610.0,245.4
2018-10-12T13:41:39,31.5,173.6,231.3,0.5,3610.0,244.4
2018-10-12T13:42:10,31.5,193.7,234.8,0.4,3610.0,245.4
2018-10-12T13:42:41,31.5,183.1,236.0,0.3,3610.0,244.4
2018-10-12T13:43:12,31.5,203.7,235.4,0.3,3620.0,245.4
2018-10-12T13:43:43,31.5,218.5,220.0,0.3,3620.0,245.4
2018-10-12T13:44:14,31.5,197.3,221.2,0.3,3620.0,245.4
2018-10-12T13:44:45,31.5,176.6,241.9,0.3,3620.0,245.4
2018-10-12T13:45:16,31.4,169.5,225.4,0.4,3620.0,245.4
2018-10-12T13:45:47,31.4,190.8,218.3,0.4,3620.0,246.4
2018-10-12T13:46:19,31.4,212.0,235.4,0.3,3620.0,245.4
2018-10-12T13:46:50,31.4,199.0,223.6,0.2,3620.0,245.4
2018-10-12T13:47:21,31.4,216.2,234.8,0.2,3630.0,245.4
2018-10-12T13:47:52,31.2,206.7,232.4,0.2,3630.0,245.4
2018-10-12T13:48:23,31.2,206.1,239.5,0.3,3630.0,245.4
2018-10-12T13:48:54,31.2,186.6,223.0,0.2,3630.0,244.4
2018-10-12T13:49:25,31.2,165.9,202.3,0.2,3630.0,244.4
2018-10-12T13:49:56,31.2,161.8,201.7,0.3,3630.0,245.4
2018-10-12T13:50:27,31.2,183.1,222.4,0.2,3630.0,245.4
2018-10-12T13:50:59,31.2,204.9,230.7,0.2,3630.0,245.4
2018-10-12T13:51:30,31.1,214.4,208.8,0.2,3630.0,244.4
2018-10-12T13:52:01,31.1,193.7,214.1,0.3,3630.0,245.4
2018-10-12T13:52:32,31.1,173.0,234.8,0.3,3630.0,244.4
2018-10-12T13:53:03,31.1,152.4,219.4,0.3,3630.0,245.4
2018-10-12T13:53:34,31.1,161.2,227.1,0.3,3640.0,246.4
2018-10-12T13:54:05,31.1,181.3,230.1,0.2,3640.0,244.4
2018-10-12T13:54:36,31.1,202.6,208.8,0.2,3640.0,245.4
2018-10-12T13:55:07,31.0,216.7,218.8,0.2,3640.0,243.5
2018-10-12T13:55:39,31.0,193.1,240.1,0.2,3640.0,245.4
2018-10-12T13:56:10,31.0,171.3,224.8,0.2,3640.0,245.4
2018-10-12T13:56:41,31.0,183.1,204.6,0.2,3640.0,244.4
2018-10-12T13:57:12,31.0,203.7,182.8,0.2,3640.0,244.4
2018-10-12T13:57:43,31.0,209.1,196.4,0.2,3640.0,245.4
2018-10-12T13:58:14,31.0,187.8,218.3,0.3,3640.0,245.4
2018-10-12T13:58:45,30.9,166.5,240.7,0.3,3640.0,245.4
2018-10-12T13:59:16,30.9,173.6,221.2,0.3,3650.0,245.4
2018-10-12T13:59:47,30.9,194.9,216.5,0.2,3650.0,246.4
2018-10-12T14:00:18,30.9,191.9,228.3,0.2,3650.0,245.4
2018-10-12T14:00:50,30.9,171.3,207.0,0.3,3650.0,246.4
2018-10-12T14:01:21,30.9,178.3,219.4,0.2,3650.0,245.4
2018-10-12T14:01:52,30.8,198.4,241.3,0.2,3650.0,245.4
2018-10-12T14:02:23,30.8,217.9,227.7,0.2,3650.0,246.4
2018-10-12T14:02:54,30.8,197.8,218.3,0.2,3650.0,245.4
2018-10-12T14:03:25,30.8,206.7,198.1,0.2,3650.0,246.4
2018-10-12T14:03:56,30.8,209.7,215.3,0.2,3650.0,245.4
2018-10-12T14:04:27,30.7,189.6,235.4,0.2,3650.0,245.4
2018-10-12T14:04:58,30.7,167.7,234.2,0.2,3650.0,245.4
2018-10-12T14:05:29,30.7,177.2,240.7,0.2,3660.0,245.4
2018-10-12T14:06:01,30.7,197.8,227.7,0.2,3660.0,245.4
2018-10-12T14:06:32,30.7,217.9,207.6,0.2,3660.0,244.4
2018-10-12T14:07:03,30.7,197.3,199.3,0.2,3660.0,246.4
2018-10-12T14:07:34,30.7,176.6,222.4,0.3,3660.0,245.4
2018-10-12T14:08:05,30.7,157.1,242.5,0.3,3660.0,245.4
2018-10-12T14:08:36,30.7,135.2,225.4,0.3,3660.0,245.4
2018-10-12T14:09:07,30.7,152.4,204.1,0.3,3660.0,245.4
2018-10-12T14:09:38,30.7,175.4,202.3,0.3,3660.0,245.4
2018-10-12T14:10:09,30.5,197.3,225.9,0.3,3660.0,245.4
2018-10-12T14:10:40,30.5,217.3,244.3,0.2,3660.0,246.4
2018-10-12T14:11:12,30.5,203.7,220.6,0.3,3660.0,246.4
2018-10-12T14:11:43,30.5,204.3,201.1,0.2,3670.0,245.4
2018-10-12T14:12:14,30.5,218.5,215.9,0.2,3670.0,245.4
2018-10-12T14:12:45,30.5,193.7,237.8,0.2,3670.0,246.4
2018-10-12T14:13:16,30.5,180.1,231.3,0.3,3670.0,246.4
2018-10-12T14:13:47,30.5,199.6,233.6,0.2,3670.0,245.4
2018-10-12T14:14:18,30.5,217.9,212.3,0.2,3670.0,246.4
2018-10-12T14:14:49,30.4,194.3,192.2,0.3,3670.0,247.3
2018-10-12T14:15:20,30.5,174.8,211.7,0.3,3670.0,245.4
2018-10-12T14:15:51,30.4,173.0,210.0,0.3,3670.0,245.4
2018-10-12T14:16:23,30.4,194.3,231.3,0.2,3670.0,245.4
2018-10-12T14:16:54,30.4,214.4,227.1,0.2,3680.0,246.4
2018-10-12T14:17:25,30.4,212.0,228.3,0.2,3680.0,245.4
2018-10-12T14:17:56,30.4,191.3,240.1,0.2,3680.0,247.3
2018-10-12T14:18:27,30.4,196.1,239.0,0.3,3680.0,245.4
2018-10-12T14:18:58,30.4,215.6,217.1,0.2,3680.0,246.4
2018-10-12T14:19:29,30.4,198.4,223.6,0.2,3680.0,246.4
2018-10-12T14:20:00,30.4,210.2,223.6,0.2,3680.0,247.3
2018-10-12T14:20:32,30.4,199.0,221.8,0.2,3680.0,245.4
2018-10-12T14:21:03,30.4,177.8,233.6,0.2,3680.0,244.4
2018-10-12T14:21:34,30.3,157.1,211.2,0.2,3680.0,246.4
2018-10-12T14:22:05,30.4,163.6,215.9,0.2,3680.0,245.4
2018-10-12T14:22:36,30.4,185.4,237.2,0.2,3680.0,245.4
2018-10-12T14:23:07,30.3,206.7,221.8,0.2,3680.0,245.4
2018-10-12T14:23:38,30.3,210.8,201.7,0.2,3690.0,245.4
2018-10-12T14:24:09,30.3,189.6,180.4,0.2,3690.0,246.4
2018-10-12T14:24:40,30.3,168.3,199.3,0.2,3690.0,246.4
2018-10-12T14:25:11,30.3,154.7,220.6,0.3,3690.0,245.4
2018-10-12T14:25:43,30.3,175.4,232.4,0.2,3690.0,245.4
2018-10-12T14:26:14,30.3,197.3,211.2,0.2,3690.0,244.4
2018-10-12T14:26:45,30.3,217.3,190.4,0.2,3690.0,244.4
2018-10-12T14:27:16,30.2,199.0,195.2,0.2,3690.0,245.4
2018-10-12T14:27:47,30.3,178.9,215.3,0.2,3690.0,245.4
2018-10-12T14:28:18,30.2,157.1,237.8,0.2,3690.0,245.4
2018-10-12T14:28:49,30.2,170.1,215.3,0.2,3690.0,244.4
2018-10-12T14:29:20,30.2,190.2,201.1,0.2,3690.0,244.4
2018-10-12T14:29:51,30.2,211.4,221.2,0.2,3690.0,244.4
2018-10-12T14:30:22,30.2,199.6,242.5,0.2,3690.0,244.4
2018-10-12T14:30:54,30.2,178.3,220.0,0.2,3700.0,244.4
2018-10-12T14:31:26,30.2,157.1,199.3,0.2,3700.0,243.5
2018-10-12T14:31:57,30.2,166.5,196.4,0.2,3700.0,244.4
2018-10-12T14:32:28,30.2,187.8,219.4,0.2,3700.0,244.4
2018-10-12T14:32:59,30.2,208.5,239.5,0.2,3700.0,244.4
2018-10-12T14:33:30,30.2,213.2,230.7,0.2,3700.0,245.4
2018-10-12T14:34:01,30.2,203.7,208.8,0.2,3700.0,244.4
2018-10-12T14:34:32,30.2,215.0,195.8,0.2,3700.0,244.4
2018-10-12T14:35:03,30.2,192.5,218.3,0.2,3700.0,243.5
2018-10-12T14:35:34,30.1,182.5,225.4,0.2,3700.0,244.4
2018-10-12T14:36:06,30.1,203.7,221.8,0.1,3700.0,243.5
2018-10-12T14:36:37,30.1,202.0,218.3,0.1,3700.0,244.4
2018-10-12T14:37:08,30.1,181.9,230.7,0.1,3700.0,244.4
2018-10-12T14:37:39,30.1,160.6,207.6,0.2,3700.0,243.5
2018-10-12T14:38:10,30.1,180.7,211.7,0.1,3700.0,244.4
2018-10-12T14:38:41,29.7,200.8,231.9,0.1,3700.0,245.4
2018-10-12T14:39:12,29.7,220.3,249.6,0.0,3700.0,245.4
2018-10-12T14:39:43,29.7,197.8,225.9,0.2,3710.0,244.4
2018-10-12T14:40:14,29.7,176.6,201.7,0.2,3710.0,244.4
2018-10-12T14:40:45,29.4,155.3,181.6,0.3,3710.0,244.4
2018-10-12T14:41:17,29.0,132.9,164.4,0.3,3710.0,243.5
2018-10-12T14:41:48,28.6,149.4,186.3,0.3,3710.0,246.4
2018-10-12T14:42:19,28.6,170.7,205.8,0.2,3710.0,245.4
2018-10-12T14:42:50,28.3,191.3,227.7,0.2,3710.0,245.4
2018-10-12T14:43:21,28.3,212.6,221.8,0.2,3710.0,244.4
2018-10-12T14:43:52,27.9,203.7,201.7,0.2,3710.0,244.4
2018-10-12T14:44:23,27.5,183.1,181.6,0.2,3710.0,245.4
2018-10-12T14:44:54,27.2,161.8,160.3,0.3,3710.0,246.4
2018-10-12T14:45:25,26.8,141.1,140.2,0.3,3710.0,247.3
2018-10-12T14:45:56,26.8,119.9,118.9,0.4,3710.0,241.5
2018-10-12T14:46:28,26.8,125.8,140.8,0.4,3710.0,241.5
2018-10-12T14:46:59,26.8,148.2,162.0,0.3,3720.0,241.5
2018-10-12T14:47:30,26.8,166.5,185.1,0.3,3720.0,242.5
2018-10-12T14:48:01,26.8,190.2,206.4,0.3,3720.0,243.5
2018-10-12T14:48:32,27.2,210.8,228.3,0.3,3720.0,244.4
2018-10-12T14:49:03,26.8,213.8,243.7,0.2,3720.0,244.4
2018-10-12T14:49:34,27.2,193.7,221.8,0.3,3720.0,245.4
2018-10-12T14:50:05,27.2,173.0,227.7,0.3,3720.0,245.4
2018-10-12T14:50:36,26.8,173.6,244.3,0.3,3720.0,244.4
2018-10-12T14:51:08,26.4,194.3,221.2,0.3,3720.0,242.5
2018-10-12T14:51:39,26.4,216.7,201.1,0.2,3720.0,242.5
2018-10-12T14:52:10,26.4,210.8,181.0,0.3,3730.0,243.5
2018-10-12T14:52:41,26.1,189.6,187.5,0.3,3730.0,242.5
2018-10-12T14:53:12,26.4,181.3,209.4,0.3,3730.0,245.4
2018-10-12T14:53:43,26.4,201.4,230.7,0.3,3730.0,244.4
2018-10-12T14:54:14,26.4,220.9,240.7,0.2,3730.0,244.4
2018-10-12T14:54:45,26.4,202.0,220.6,0.2,3730.0,246.4
2018-10-12T14:55:16,26.4,213.8,232.4,0.2,3730.0,246.4
2018-10-12T14:55:47,26.4,215.0,241.9,0.2,3730.0,246.4
2018-10-12T14:56:19,26.8,193.1,220.0,0.3,3730.0,246.4
2018-10-12T14:56:50,26.8,173.6,217.7,0.3,3740.0,245.4
2018-10-12T14:57:21,26.8,165.4,238.4,0.3,3740.0,246.4
2018-10-12T14:57:52,26.8,185.4,234.8,0.3,3740.0,245.4
2018-10-12T14:58:23,26.8,206.7,214.1,0.2,3740.0,246.4
2018-10-12T14:58:54,26.8,219.7,205.8,0.3,3740.0,246.4
2018-10-12T14:59:25,26.8,197.3,221.8,0.2,3740.0,246.4
2018-10-12T14:59:56,26.8,217.3,230.7,0.2,3740.0,246.4
2018-10-12T15:00:27,26.8,204.9,221.2,0.2,3740.0,248.3
2018-10-12T15:00:58,26.8,184.3,241.3,0.3,3740.0,247.3
2018-10-12T15:01:30,26.8,163.0,230.1,0.3,3740.0,246.4
2018-10-12T15:02:01,26.8,142.9,210.0,0.3,3750.0,246.4
2018-10-12T15:02:32,26.8,121.6,193.4,0.3,3750.0,246.4
2018-10-12T15:03:03,26.8,136.4,215.3,0.4,3750.0,246.4
2018-10-12T15:03:34,26.8,158.3,237.8,0.4,3750.0,247.3
2018-10-12T15:04:05,26.8,180.1,230.7,0.3,3750.0,246.4
2018-10-12T15:04:36,26.8,200.8,210.6,0.3,3750.0,245.4
2018-10-12T15:05:07,26.8,221.5,223.6,0.3,3750.0,246.4
2018-10-12T15:05:38,26.8,203.2,244.3,0.3,3750.0,246.4
2018-10-12T15:06:10,26.8,182.5,233.0,0.3,3750.0,246.4
2018-10-12T15:06:41,26.8,160.6,211.7,0.4,3760.0,247.3
2018-10-12T15:07:12,26.8,140.0,216.5,0.4,3760.0,248.3
2018-10-12T15:07:43,26.8,161.8,237.8,0.4,3760.0,245.4
2018-10-12T15:08:14,26.8,181.9,233.0,0.4,3760.0,247.3
2018-10-12T15:08:45,26.8,204.3,214.7,0.3,3760.0,248.3
2018-10-12T15:09:16,26.8,224.4,235.4,0.2,3760.0,248.3
2018-10-12T15:09:47,26.8,201.4,239.0,0.3,3760.0,247.3
2018-10-12T15:10:18,26.8,181.9,218.8,0.3,3760.0,246.4
2018-10-12T15:10:50,26.8,160.0,231.3,0.4,3770.0,247.3
2018-10-12T15:11:21,26.8,173.6,246.6,0.3,3770.0,246.4
2018-10-12T15:11:52,26.4,194.9,224.8,0.3,3770.0,248.3
2018-10-12T15:12:23,26.4,215.6,206.4,0.3,3770.0,247.3
2018-10-12T15:12:54,26.4,210.2,228.3,0.3,3770.0,246.4
2018-10-12T15:13:25,26.8,190.8,247.2,0.3,3770.0,247.3
2018-10-12T15:13:56,26.4,170.7,225.9,0.4,3770.0,244.4
2018-10-12T15:14:27,26.4,157.7,211.2,0.4,3770.0,243.5
2018-10-12T15:14:58,26.8,178.3,233.6,0.3,3780.0,244.4
2018-10-12T15:15:29,26.4,199.6,247.2,0.3,3780.0,245.4
2018-10-12T15:16:01,26.4,220.3,223.6,0.3,3780.0,243.5
2018-10-12T15:16:32,26.4,207.3,234.8,0.3,3780.0,243.5
2018-10-12T15:17:03,26.1,212.6,230.1,0.2,3780.0,245.4
2018-10-12T15:17:34,26.1,193.1,225.4,0.2,3780.0,243.5
2018-10-12T15:18:05,26.1,171.9,240.1,0.3,3780.0,243.5
2018-10-12T15:18:36,26.1,162.4,232.4,0.3,3780.0,245.4
2018-10-12T15:19:07,26.1,184.8,211.7,0.3,3780.0,244.4
2018-10-12T15:19:38,26.1,206.7,191.6,0.3,3790.0,244.4
2018-10-12T15:20:09,26.1,216.2,186.3,0.3,3790.0,245.4
2018-10-12T15:20:40,26.4,194.9,166.8,0.3,3790.0,245.4
2018-10-12T15:21:12,26.4,175.4,171.5,0.3,3790.0,244.4
2018-10-12T15:21:43,26.4,154.1,195.2,0.4,3790.0,245.4
2018-10-12T15:22:14,26.8,132.9,217.1,0.4,3790.0,245.4
2018-10-12T15:22:45,26.8,152.4,238.4,0.4,3790.0,244.4
2018-10-12T15:23:16,26.4,175.4,238.4,0.4,3790.0,244.4
2018-10-12T15:23:47,26.8,195.5,217.1,0.4,3800.0,244.4
2018-10-12T15:24:18,26.8,216.7,231.3,0.3,3800.0,244.4
2018-10-12T15:24:49,26.8,209.1,226.5,0.3,3800.0,244.4
2018-10-12T15:25:20,26.8,188.4,242.5,0.3,3800.0,245.4
2018-10-12T15:25:51,26.8,192.5,242.5,0.3,3800.0,244.4
2018-10-12T15:26:23,27.2,213.8,223.6,0.3,3800.0,245.4
2018-10-12T15:26:54,27.2,209.1,218.8,0.2,3800.0,244.4
2018-10-12T15:27:25,27.2,187.2,233.0,0.3,3800.0,244.4
2018-10-12T15:27:56,27.2,186.0,227.1,0.2,3800.0,245.4
2018-10-12T15:28:27,27.2,206.7,230.7,0.2,3810.0,243.5
2018-10-12T15:28:58,27.2,216.2,208.8,0.2,3810.0,244.4
2018-10-12T15:29:29,27.2,197.3,202.3,0.2,3810.0,244.4
2018-10-12T15:30:00,27.2,217.3,221.8,0.2,3810.0,243.5
2018-10-12T15:30:31,27.2,197.3,222.4,0.2,3810.0,244.4
2018-10-12T15:31:03,27.2,206.1,227.7,0.2,3810.0,244.4
2018-10-12T15:31:34,27.2,200.8,225.4,0.1,3810.0,243.5
2018-10-12T15:32:05,27.2,181.3,220.0,0.1,3810.0,243.5
2018-10-12T15:32:36,27.2,202.0,232.4,0.1,3810.0,243.5
2018-10-12T15:33:07,27.2,197.3,212.9,0.1,3810.0,243.5
2018-10-12T15:33:38,27.2,176.6,191.0,0.1,3810.0,243.5
2018-10-12T15:34:09,27.2,156.5,213.5,0.1,3810.0,243.5
2018-10-12T15:34:40,27.2,142.3,234.2,0.1,3810.0,243.5
2018-10-12T15:35:11,27.2,163.6,230.1,0.1,3810.0,242.5
2018-10-12T15:35:42,27.2,186.0,208.8,0.1,3810.0,243.5
2018-10-12T15:36:14,27.2,206.7,188.1,0.1,3810.0,242.5
2018-10-12T15:36:45,27.2,209.1,176.8,0.1,3810.0,243.5
2018-10-12T15:37:16,27.2,187.8,199.3,0.1,3810.0,243.5
2018-10-12T15:37:47,27.2,166.5,220.6,0.2,3820.0,243.5
2018-10-12T15:38:18,27.2,148.8,233.6,0.2,3820.0,243.5
2018-10-12T15:38:49,27.2,170.1,214.7,0.1,3820.0,242.5
2018-10-12T15:39:20,27.2,190.8,234.2,0.1,3820.0,242.5
2018-10-12T15:39:51,27.2,211.4,227.1,0.1,3820.0,243.5
2018-10-12T15:40:22,27.2,199.0,205.8,0.2,3820.0,242.5
2018-10-12T15:40:54,27.2,177.8,185.1,0.2,3820.0,242.5
2018-10-12T15:41:25,27.2,157.7,208.2,0.2,3820.0,243.5
2018-10-12T15:41:56,27.2,136.4,231.3,0.2,3820.0,243.5
2018-10-12T15:42:27,27.2,115.7,241.9,0.2,3820.0,244.4
2018-10-12T15:42:58,27.2,107.5,218.3,0.3,3820.0,243.5
2018-10-12T15:43:29,27.2,128.1,198.7,0.3,3820.0,243.5
2018-10-12T15:44:00,27.2,150.6,204.1,0.2,3820.0,243.5
2018-10-12T15:44:31,27.2,170.7,202.3,0.2,3820.0,243.5
2018-10-12T15:45:02,26.8,191.9,219.4,0.2,3820.0,243.5
2018-10-12T15:45:34,26.8,213.2,241.3,0.2,3820.0,244.4
2018-10-12T15:46:05,26.8,201.4,221.8,0.2,3820.0,243.5
2018-10-12T15:46:36,26.8,180.1,214.7,0.2,3830.0,242.5
2018-10-12T15:47:07,26.8,159.4,235.4,0.2,3830.0,242.5
2018-10-12T15:47:38,26.8,147.0,225.9,0.2,3830.0,242.5
2018-10-12T15:48:09,26.8,167.7,204.6,0.2,3830.0,243.5
2018-10-12T15:48:40,26.8,189.0,183.3,0.2,3830.0,242.5
2018-10-12T15:49:11,26.8,209.7,201.7,0.1,3830.0,242.5
2018-10-12T15:49:42,26.8,206.1,223.0,0.2,3830.0,243.5
2018-10-12T15:50:13,26.8,185.4,239.5,0.2,3830.0,242.5
2018-10-12T15:50:45,26.8,164.2,217.7,0.2,3830.0,242.5
2018-10-12T15:51:16,26.4,142.3,197.0,0.2,3830.0,242.5
2018-10-12T15:51:47,26.8,157.1,176.2,0.2,3830.0,241.5
2018-10-12T15:52:18,26.8,177.8,156.1,0.2,3830.0,242.5
2018-10-12T15:52:49,26.8,199.6,162.0,0.2,3830.0,241.5
2018-10-12T15:53:20,26.8,216.7,183.3,0.1,3830.0,242.5
2018-10-12T15:53:51,26.8,195.5,205.8,0.2,3830.0,243.5
2018-10-12T15:54:22,26.8,175.4,225.4,0.2,3830.0,242.5
2018-10-12T15:54:53,26.8,153.5,240.7,0.2,3830.0,243.5
2018-10-12T15:55:24,26.4,176.0,217.7,0.2,3830.0,241.5
2018-10-12T15:55:56,26.4,196.7,202.9,0.1,3830.0,243.5
2018-10-12T15:56:27,26.1,218.5,223.0,0.0,3830.0,243.5
2018-10-12T15:56:58,25.7,196.1,240.1,0.1,3840.0,243.5
2018-10-12T15:57:29,25.7,174.8,218.3,0.1,3840.0,242.5
2018-10-12T15:58:00,25.7,154.7,197.5,0.2,3840.0,242.5
2018-10-12T15:58:31,25.7,152.9,194.0,0.1,3840.0,240.6
2018-10-12T15:59:02,25.7,173.6,215.3,0.2,3840.0,241.5
2018-10-12T15:59:33,26.1,194.3,235.4,0.1,3840.0,242.5
2018-10-12T16:00:04,25.7,215.6,233.6,0.0,3840.0,241.5
2018-10-12T16:00:36,25.7,199.6,230.7,0.1,3840.0,239.6
2018-10-12T16:01:07,25.7,178.3,233.6,0.1,3840.0,242.5
2018-10-12T16:01:38,25.7,157.1,212.3,0.1,3840.0,241.5
2018-10-12T16:02:09,25.7,165.9,192.8,0.2,3840.0,242.5
2018-10-12T16:02:40,25.7,187.8,182.8,0.1,3840.0,241.5
2018-10-12T16:03:11,25.7,206.1,204.6,0.1,3840.0,242.5
2018-10-12T16:03:42,25.7,206.7,223.6,0.1,3840.0,242.5
2018-10-12T16:04:13,25.7,185.4,244.3,0.1,3840.0,242.5
2018-10-12T16:04:44,26.1,163.6,221.2,0.1,3840.0,241.5
2018-10-12T16:05:15,25.7,143.5,201.7,0.1,3840.0,240.6
2018-10-12T16:05:47,25.7,126.4,180.4,0.1,3840.0,241.5
2018-10-12T16:06:18,25.7,147.0,189.9,0.1,3840.0,240.6
2018-10-12T16:06:49,25.7,168.9,211.7,0.1,3840.0,242.5
2018-10-12T16:07:20,25.7,189.6,233.0,0.1,3840.0,242.5
2018-10-12T16:07:51,25.7,212.6,232.4,0.0,3840.0,242.5
2018-10-12T16:08:22,25.7,193.7,211.2,0.1,3840.0,241.5
2018-10-12T16:08:53,25.7,170.7,191.0,0.1,3840.0,242.5
2018-10-12T16:09:24,25.7,150.6,174.5,0.1,3840.0,241.5
2018-10-12T16:09:55,25.7,161.8,195.2,0.1,3840.0,241.5
2018-10-12T16:10:26,25.7,184.3,218.3,0.1,3840.0,241.5
2018-10-12T16:10:58,25.7,206.1,237.2,0.1,3840.0,241.5
2018-10-12T16:11:29,25.7,197.8,218.8,0.1,3840.0,241.5
2018-10-12T16:12:00,25.7,175.4,198.1,0.1,3850.0,241.5
2018-10-12T16:12:31,25.7,154.7,181.0,0.1,3850.0,243.5
2018-10-12T16:13:02,25.7,177.2,202.3,0.1,3850.0,242.5
2018-10-12T16:13:33,25.7,197.3,222.4,0.1,3850.0,242.5
2018-10-12T16:14:04,25.7,213.2,244.9,0.0,3850.0,240.6
2018-10-12T16:14:35,25.7,189.6,225.4,0.1,3850.0,242.5
2018-10-12T16:15:06,25.7,171.9,204.1,0.1,3850.0,242.5
2018-10-12T16:15:38,25.7,150.0,183.3,0.1,3850.0,240.6
2018-10-12T16:16:09,25.7,129.9,162.0,0.2,3850.0,242.5
2018-10-12T16:16:40,25.7,128.7,141.9,0.1,3850.0,241.5
2018-10-12T16:17:11,25.7,150.0,130.7,0.1,3850.0,242.5
2018-10-12T16:17:42,25.7,170.7,151.4,0.1,3850.0,243.5
2018-10-12T16:18:13,25.7,191.3,171.5,0.1,3850.0,242.5
2018-10-12T16:18:44,25.3,212.6,194.6,0.1,3850.0,242.5
2018-10-12T16:19:15,25.3,202.0,214.7,0.1,3850.0,241.5
2018-10-12T16:19:46,25.3,179.5,236.0,0.1,3850.0,241.5
2018-10-12T16:20:17,25.3,159.4,220.6,0.1,3850.0,242.5
2018-10-12T16:20:49,25.3,168.3,198.1,0.1,3850.0,242.5
2018-10-12T16:21:20,25.3,191.3,178.0,0.1,3850.0,242.5
2018-10-12T16:21:51,25.3,212.0,183.3,0.0,3850.0,241.5
2018-10-12T16:22:22,25.3,196.1,204.6,0.1,3850.0,240.6
2018-10-12T16:22:53,25.3,178.9,225.9,0.1,3850.0,239.6
2018-10-12T16:23:24,25.3,158.3,226.5,0.1,3850.0,241.5
2018-10-12T16:23:55,25.3,137.6,205.8,0.1,3850.0,241.5
2018-10-12T16:24:26,25.3,138.2,185.1,0.1,3850.0,241.5
2018-10-12T16:24:57,25.3,160.0,172.7,0.1,3850.0,241.5
2018-10-12T16:25:28,25.3,180.1,194.0,0.1,3850.0,241.5
2018-10-12T16:26:00,25.3,203.2,215.3,0.1,3850.0,242.5
2018-10-12T16:26:31,25.3,207.3,234.8,0.0,3850.0,241.5
2018-10-12T16:27:02,25.3,183.7,224.8,0.1,3850.0,242.5
2018-10-12T16:27:33,25.3,164.2,204.6,0.1,3850.0,242.5
2018-10-12T16:28:04,25.3,144.1,185.1,0.1,3850.0,242.5
2018-10-12T16:28:35,25.3,154.7,163.2,0.1,3850.0,242.5
2018-10-12T16:29:06,25.3,173.6,169.7,0.1,3850.0,243.5
2018-10-12T16:29:37,25.3,198.4,190.4,0.0,3850.0,242.5
2018-10-12T16:30:08,25.3,205.5,211.7,0.1,3850.0,242.5
2018-10-12T16:30:39,25.3,184.3,233.0,0.1,3850.0,242.5
2018-10-12T16:31:11,25.3,162.4,224.8,0.1,3850.0,242.5
2018-10-12T16:31:42,25.3,142.3,202.3,0.1,3860.0,243.5
2018-10-12T16:32:13,25.3,121.0,182.8,0.1,3860.0,242.5
2018-10-12T16:32:44,25.3,139.4,180.4,0.1,3860.0,242.5
2018-10-12T16:33:15,25.3,159.4,201.7,0.1,3860.0,242.5
2018-10-12T16:33:46,25.3,183.7,224.2,0.0,3860.0,241.5
2018-10-12T16:34:17,25.3,200.8,240.7,0.0,3860.0,241.5
2018-10-12T16:34:48,25.3,202.6,218.8,0.1,3860.0,241.5
2018-10-12T16:35:19,25.0,183.7,201.1,0.0,3860.0,242.5
2018-10-12T16:35:50,25.3,160.6,178.6,0.1,3860.0,242.5
2018-10-12T16:36:22,25.3,138.8,158.5,0.1,3860.0,242.5
2018-10-12T16:36:53,25.0,122.2,148.4,0.1,3860.0,242.5
2018-10-12T16:37:24,25.3,141.7,168.6,0.1,3860.0,241.5
2018-10-12T16:37:55,25.3,161.8,189.3,0.1,3860.0,242.5
2018-10-12T16:38:26,25.0,184.8,211.7,0.1,3860.0,242.5
2018-10-12T16:38:57,25.3,202.6,234.8,0.0,3860.0,243.5
2018-10-12T16:39:28,25.0,200.8,232.4,0.0,3860.0,242.5
2018-10-12T16:39:59,25.0,177.8,208.8,0.1,3860.0,242.5
2018-10-12T16:40:30,25.0,157.1,188.7,0.1,3860.0,242.5
2018-10-12T16:41:01,25.0,137.6,166.8,0.1,3860.0,244.4
2018-10-12T16:41:32,25.0,121.0,147.3,0.1,3860.0,244.4
2018-10-12T16:42:03,25.0,141.7,161.5,0.1,3860.0,242.5
2018-10-12T16:42:34,25.0,162.4,180.4,0.1,3860.0,242.5
2018-10-12T16:43:05,25.0,182.5,201.7,0.1,3860.0,242.5
2018-10-12T16:43:36,25.0,206.1,227.7,0.0,3860.0,243.5
2018-10-12T16:44:07,25.0,194.3,236.0,0.1,3860.0,243.5
2018-10-12T16:44:38,25.0,177.8,218.3,0.0,3860.0,242.5
2018-10-12T16:45:09,25.0,154.7,194.0,0.1,3860.0,242.5
2018-10-12T16:45:41,25.0,135.2,172.7,0.1,3860.0,241.5
2018-10-12T16:46:12,25.0,137.6,152.6,0.1,3860.0,242.5
2018-10-12T16:46:43,25.0,158.3,164.4,0.1,3860.0,242.5
2018-10-12T16:47:14,25.0,181.3,185.1,0.0,3860.0,243.5
2018-10-12T16:47:45,25.0,203.7,207.0,0.0,3860.0,241.5
2018-10-12T16:48:16,25.0,202.0,227.1,0.1,3860.0,242.5
2018-10-12T16:48:47,24.6,177.2,219.4,0.1,3860.0,242.5
2018-10-12T16:49:18,24.6,156.5,201.7,0.1,3860.0,242.5
2018-10-12T16:49:49,24.6,136.4,181.6,0.1,3860.0,242.5
2018-10-12T16:50:20,24.6,135.8,160.9,0.1,3860.0,241.5
2018-10-12T16:50:52,24.6,156.5,153.2,0.1,3860.0,242.5
2018-10-12T16:51:23,25.0,180.1,173.9,0.0,3860.0,241.5
2018-10-12T16:51:54,24.6,199.0,195.2,0.1,3860.0,241.5
2018-10-12T16:52:25,24.2,203.2,217.7,0.1,3860.0,240.6
2018-10-12T16:52:56,24.2,180.7,238.4,0.0,3860.0,240.6
2018-10-12T16:53:27,24.2,159.4,227.7,0.1,3860.0,241.5
2018-10-12T16:53:58,24.2,139.4,208.2,0.1,3860.0,241.5
2018-10-12T16:54:29,24.2,141.1,185.7,0.1,3860.0,241.5
2018-10-12T16:55:00,24.2,163.0,163.8,0.1,3860.0,241.5
2018-10-12T16:55:32,24.2,181.9,156.7,0.1,3860.0,241.5
2018-10-12T16:56:03,24.2,206.1,176.2,0.0,3860.0,240.6
2018-10-12T16:56:34,24.2,194.9,196.4,0.1,3860.0,241.5
2018-10-12T16:57:05,24.2,173.0,219.4,0.1,3860.0,240.6
2018-10-12T16:57:36,24.2,153.5,235.4,0.0,3860.0,240.6
2018-10-12T16:58:07,24.2,134.0,210.6,0.1,3860.0,239.6
2018-10-12T16:58:38,24.2,112.8,193.4,0.1,3860.0,242.5
2018-10-12T16:59:09,24.2,125.8,173.9,0.1,3860.0,241.5
2018-10-12T16:59:40,24.2,144.1,151.4,0.1,3860.0,240.6
2018-10-12T17:00:11,24.2,165.4,138.4,0.0,3860.0,240.6
2018-10-12T17:00:43,24.2,186.6,159.1,0.0,3860.0,241.5
2018-10-12T17:01:14,23.9,199.6,181.6,0.0,3860.0,241.5
2018-10-12T17:01:45,23.9,176.6,197.0,0.0,3860.0,241.5
2018-10-12T17:02:16,23.9,156.5,221.8,0.0,3860.0,240.6
2018-10-12T17:02:47,23.5,133.5,224.2,0.1,3860.0,240.6
2018-10-12T17:03:18,23.1,197.8,223.0,0.0,3860.0,240.6
2018-10-12T17:03:49,23.1,197.3,218.8,0.0,3860.0,238.6
2018-10-12T17:04:20,23.1,196.7,218.3,0.0,3860.0,241.5
2018-10-12T17:04:51,23.1,196.1,217.1,0.0,3860.0,241.5
2018-10-12T17:05:22,23.1,196.1,216.5,0.0,3860.0,240.6
2018-10-12T17:05:54,23.1,197.3,217.7,0.0,3860.0,240.6
2018-10-12T17:06:26,23.1,199.6,221.2,0.0,3860.0,241.5
2018-10-12T17:06:57,23.1,201.4,225.4,0.0,3860.0,241.5
2018-10-12T17:07:28,23.1,203.2,228.9,0.0,3860.0,240.6
2018-10-12T17:07:59,23.1,204.3,231.3,0.0,3860.0,240.6
2018-10-12T17:08:30,23.1,205.5,233.6,0.0,3860.0,240.6
2018-10-12T17:09:01,23.1,206.1,236.0,0.0,3860.0,240.6
2018-10-12T17:09:32,23.1,206.7,238.4,0.0,3860.0,239.6
2018-10-12T17:10:03,23.1,207.3,241.9,0.0,3860.0,240.6
2018-10-12T17:10:34,22.8,207.3,243.1,0.0,3860.0,240.6
2018-10-12T17:11:06,22.8,207.9,243.1,0.0,3860.0,239.6
2018-10-12T17:11:37,22.8,164.2,202.3,0.0,3860.0,240.6
2018-10-12T17:12:08,22.8,209.1,239.0,0.0,3860.0,240.6
2018-10-12T17:12:39,22.8,210.2,240.1,0.0,3860.0,240.6
2018-10-12T17:13:10,22.8,210.2,240.7,0.0,3860.0,240.6
2018-10-12T17:13:41,22.8,210.2,241.9,0.0,3860.0,241.5
2018-10-12T17:14:12,22.8,210.2,245.5,0.0,3860.0,241.5
2018-10-12T17:14:43,22.4,210.2,245.5,0.0,3860.0,241.5
2018-10-12T17:15:14,22.4,128.1,150.8,0.1,3860.0,241.5
2018-10-12T17:15:45,22.4,210.2,240.7,0.0,3860.0,241.5
2018-10-12T17:16:17,22.4,209.7,240.1,0.0,3860.0,241.5
2018-10-12T17:16:48,22.4,209.1,239.5,0.0,3860.0,240.6
2018-10-12T17:17:19,22.4,207.9,238.4,0.0,3860.0,240.6
2018-10-12T17:17:50,22.0,207.9,239.0,0.0,3860.0,241.5
2018-10-12T17:18:21,22.0,207.9,240.7,0.0,3860.0,240.6
2018-10-12T17:18:52,22.0,207.9,243.1,0.0,3860.0,242.5
2018-10-12T17:19:23,22.0,205.5,242.5,0.0,3860.0,242.5
2018-10-12T17:19:54,22.0,135.2,152.0,0.1,3860.0,241.5
2018-10-12T17:20:25,22.0,207.9,237.2,0.0,3860.0,241.5
2018-10-12T17:20:56,21.7,207.9,236.6,0.0,3860.0,242.5
2018-10-12T17:21:28,22.0,207.3,236.0,0.0,3860.0,240.6
2018-10-12T17:21:59,21.7,206.1,234.8,0.0,3860.0,241.5
2018-10-12T17:22:30,21.7,204.3,233.0,0.0,3860.0,241.5
2018-10-12T17:23:01,21.7,202.0,230.1,0.0,3860.0,241.5
2018-10-12T17:23:32,21.7,200.8,227.7,0.0,3860.0,241.5
2018-10-12T17:24:03,21.7,200.8,227.1,0.0,3860.0,241.5
2018-10-12T17:24:34,21.7,202.0,228.3,0.0,3860.0,240.6
2018-10-12T17:25:05,21.3,202.0,229.5,0.0,3860.0,241.5
2018-10-12T17:25:36,21.7,202.0,229.5,0.0,3860.0,241.5
2018-10-12T17:26:08,21.3,201.4,228.3,0.0,3860.0,241.5
2018-10-12T17:26:39,21.3,199.6,225.9,0.0,3860.0,240.6
2018-10-12T17:27:10,21.3,196.7,220.6,0.0,3860.0,240.6
2018-10-12T17:27:41,21.3,192.5,210.6,0.0,3860.0,240.6
2018-10-12T17:28:12,21.3,166.5,196.4,0.0,3860.0,239.6
2018-10-12T17:28:43,21.3,155.3,178.6,0.0,3860.0,239.6
2018-10-12T17:29:14,21.3,168.9,169.1,0.0,3860.0,239.6
2018-10-12T17:29:45,21.3,160.0,160.3,0.0,3860.0,240.6
2018-10-12T17:30:16,21.3,154.1,154.4,0.0,3860.0,240.6
2018-10-12T17:30:47,21.3,90.9,156.1,0.0,3860.0,241.5
2018-10-12T17:31:19,20.9,150.0,150.2,0.0,3860.0,240.6
2018-10-12T17:31:50,20.9,145.9,154.9,0.0,3860.0,240.6
2018-10-12T17:32:21,20.9,160.6,160.9,0.0,3860.0,242.5
2018-10-12T17:32:52,20.9,163.6,164.4,0.0,3860.0,241.5
2018-10-12T17:33:23,20.9,163.0,163.2,0.0,3860.0,241.5
2018-10-12T17:33:54,20.9,153.5,157.9,0.0,3860.0,240.6
2018-10-12T17:34:25,20.9,145.9,146.1,0.0,3860.0,240.6
2018-10-12T17:34:56,20.9,125.2,126.0,0.0,3860.0,239.6
