2018-10-13T06:35:27,16.2,202.0,197.5,0.2,40.0,242.5
2018-10-13T06:35:59,16.2,180.1,221.2,0.2,40.0,242.5
2018-10-13T06:36:31,16.5,157.1,244.3,0.3,40.0,240.6
2018-10-13T06:37:02,16.5,169.5,231.3,0.4,50.0,240.6
2018-10-13T06:37:33,16.5,191.9,211.7,0.4,50.0,241.5
2018-10-13T06:38:04,16.5,215.0,237.2,0.4,50.0,240.6
2018-10-13T06:38:35,16.5,227.4,253.7,0.4,50.0,240.6
2018-10-13T06:39:06,16.5,204.3,228.9,0.4,50.0,241.5
2018-10-13T06:39:37,16.5,182.5,220.6,0.5,50.0,241.5
2018-10-13T06:40:08,16.5,199.0,241.9,0.4,60.0,239.6
2018-10-13T06:40:39,16.9,187.8,232.4,0.4,60.0,242.5
2018-10-13T06:41:11,16.9,186.6,237.2,0.4,60.0,241.5
2018-10-13T06:41:42,16.9,207.9,241.9,0.3,60.0,240.6
2018-10-13T06:42:13,16.9,217.9,226.5,0.3,60.0,240.6
2018-10-13T06:42:44,16.9,210.8,242.5,0.3,60.0,240.6
2018-10-13T06:43:15,17.3,222.7,228.3,0.2,60.0,240.6
2018-10-13T06:43:46,16.9,199.6,235.4,0.3,70.0,243.5
2018-10-13T06:44:17,16.9,202.6,225.9,0.3,70.0,242.5
2018-10-13T06:44:48,17.3,217.3,215.9,0.3,70.0,243.5
2018-10-13T06:45:19,17.3,196.7,237.2,0.3,70.0,243.5
2018-10-13T06:45:50,17.3,176.0,244.9,0.3,70.0,245.4
2018-10-13T06:46:22,17.3,154.1,221.8,0.4,70.0,244.4
2018-10-13T06:46:53,17.3,163.6,200.5,0.3,70.0,243.5
2018-10-13T06:47:24,17.3,183.1,211.2,0.3,70.0,243.5
2018-10-13T06:47:55,17.3,205.5,233.6,0.3,70.0,241.5
2018-10-13T06:48:26,17.3,225.0,250.2,0.2,80.0,241.5
2018-10-13T06:48:57,17.3,206.7,228.3,0.3,80.0,241.5
2018-10-13T06:49:28,17.3,186.6,218.3,0.3,80.0,241.5
2018-10-13T06:49:59,17.3,165.9,239.5,0.4,80.0,244.4
2018-10-13T06:50:30,17.3,164.2,244.3,0.4,80.0,242.5
2018-10-13T06:51:01,17.6,186.0,222.4,0.4,80.0,242.5
2018-10-13T06:51:32,17.6,206.7,214.1,0.3,80.0,241.5
2018-10-13T06:52:03,17.6,225.0,237.2,0.3,90.0,241.5
2018-10-13T06:52:34,17.6,202.6,240.1,0.3,90.0,242.5
2018-10-13T06:53:05,17.6,209.7,226.5,0.4,90.0,242.5
2018-10-13T06:53:36,17.6,221.5,242.5,0.3,90.0,242.5
2018-10-13T06:54:07,17.6,201.4,235.4,0.4,90.0,242.5
2018-10-13T06:54:38,18.0,179.5,226.5,0.4,90.0,243.5
2018-10-13T06:55:09,18.0,164.2,248.4,0.5,100.0,242.5
2018-10-13T06:55:41,18.0,184.8,228.3,0.4,100.0,240.6
2018-10-13T06:56:12,18.0,184.8,214.1,0.4,100.0,240.6
2018-10-13T06:56:43,18.0,164.2,234.8,0.5,100.0,242.5
2018-10-13T06:57:14,18.0,177.8,247.2,0.4,100.0,242.5
2018-10-13T06:57:45,18.0,199.0,224.8,0.4,100.0,242.5
2018-10-13T06:58:16,18.0,220.9,234.2,0.4,110.0,242.5
2018-10-13T06:58:47,18.4,211.4,251.4,0.4,110.0,241.5
2018-10-13T06:59:18,18.4,191.9,228.3,0.5,110.0,242.5
2018-10-13T06:59:49,18.4,171.9,212.3,0.5,110.0,242.5
2018-10-13T07:00:20,18.4,156.5,235.4,0.5,110.0,242.5
2018-10-13T07:00:52,18.7,178.3,246.6,0.5,110.0,241.5
2018-10-13T07:01:23,18.7,202.0,224.2,0.5,120.0,242.5
2018-10-13T07:01:54,18.7,223.8,203.5,0.5,120.0,241.5
2018-10-13T07:02:25,18.7,217.3,213.5,0.5,120.0,241.5
2018-10-13T07:02:56,18.7,195.5,238.4,0.5,120.0,241.5
2018-10-13T07:03:27,18.7,174.8,245.5,0.7,120.0,242.5
2018-10-13T07:03:58,18.7,163.6,223.6,0.7,130.0,241.5
2018-10-13T07:04:29,19.1,185.4,241.3,0.6,130.0,241.5
2018-10-13T07:05:00,19.1,205.5,240.7,0.6,130.0,241.5
2018-10-13T07:05:32,19.1,226.8,240.1,0.5,130.0,240.6
2018-10-13T07:06:03,19.1,216.2,245.5,0.5,140.0,242.5
2018-10-13T07:06:34,19.1,213.8,241.9,0.5,140.0,242.5
2018-10-13T07:07:05,19.1,193.1,241.3,0.6,140.0,241.5
2018-10-13T07:07:36,18.7,197.3,251.4,0.5,140.0,241.5
2018-10-13T07:08:07,18.7,212.0,233.6,0.5,150.0,243.5
2018-10-13T07:08:38,19.1,226.8,228.9,0.5,150.0,243.5
2018-10-13T07:09:09,19.1,216.7,241.3,0.5,150.0,241.5
2018-10-13T07:09:40,19.1,219.1,237.8,0.5,150.0,242.5
2018-10-13T07:10:11,19.1,198.4,237.8,0.6,160.0,242.5
2018-10-13T07:10:43,19.1,186.0,249.6,0.6,160.0,242.5
2018-10-13T07:11:14,19.1,201.4,232.4,0.5,160.0,241.5
2018-10-13T07:11:45,19.1,190.8,229.5,0.6,160.0,242.5
2018-10-13T07:12:16,19.1,173.0,233.0,0.6,170.0,241.5
2018-10-13T07:12:47,19.5,163.0,243.7,0.7,170.0,240.6
2018-10-13T07:13:18,19.5,184.8,239.0,0.7,170.0,243.5
2018-10-13T07:13:49,19.5,206.1,222.4,0.6,170.0,242.5
2018-10-13T07:14:20,19.5,228.0,240.1,0.5,180.0,241.5
2018-10-13T07:14:51,19.5,211.4,228.3,0.6,180.0,241.5
2018-10-13T07:15:22,19.8,190.8,252.0,0.7,180.0,243.5
2018-10-13T07:15:54,19.8,168.9,229.5,0.7,190.0,242.5
2018-10-13T07:16:26,19.8,169.5,241.9,0.8,190.0,243.5
2018-10-13T07:16:57,19.8,190.8,247.8,0.7,190.0,242.5
2018-10-13T07:17:28,20.2,213.8,228.9,0.7,190.0,243.5
2018-10-13T07:17:59,20.2,231.5,253.2,0.6,200.0,244.4
2018-10-13T07:18:30,20.2,216.2,233.0,0.7,200.0,243.5
2018-10-13T07:19:01,20.2,228.0,237.2,0.7,200.0,242.5
2018-10-13T07:19:32,20.2,213.8,250.2,0.7,210.0,242.5
2018-10-13T07:20:03,20.6,232.1,244.3,0.7,210.0,243.5
2018-10-13T07:20:34,20.2,223.2,246.6,0.6,220.0,243.5
2018-10-13T07:21:06,20.2,225.0,239.5,0.7,220.0,244.4
2018-10-13T07:21:37,20.2,223.2,246.6,0.7,220.0,244.4
2018-10-13T07:22:08,20.6,219.1,242.5,0.7,230.0,243.5
2018-10-13T07:22:39,20.6,219.7,249.6,0.6,230.0,244.4
2018-10-13T07:23:10,20.9,220.9,242.5,0.7,230.0,244.4
2018-10-13T07:23:41,20.9,225.6,244.3,0.7,240.0,243.5
2018-10-13T07:24:12,20.9,215.6,248.4,0.6,240.0,245.4
2018-10-13T07:24:43,20.9,230.9,239.5,0.6,240.0,244.4
2018-10-13T07:25:14,21.3,208.5,252.6,0.7,250.0,244.4
2018-10-13T07:25:45,21.3,187.2,241.3,0.8,250.0,243.5
2018-10-13T07:26:17,21.3,165.9,244.9,0.9,260.0,243.5
2018-10-13T07:26:48,21.3,184.8,249.0,0.9,260.0,244.4
2018-10-13T07:27:19,20.9,199.6,241.3,0.7,260.0,245.4
2018-10-13T07:27:50,20.9,199.6,244.9,0.7,270.0,244.4
2018-10-13T07:28:21,21.3,192.5,246.6,0.7,270.0,244.4
2018-10-13T07:28:52,21.3,173.0,244.3,0.7,270.0,243.5
2018-10-13T07:29:23,21.3,174.8,237.2,0.8,280.0,241.5
2018-10-13T07:29:54,21.7,197.3,219.4,0.7,280.0,241.5
2018-10-13T07:30:25,21.7,198.4,243.7,0.7,280.0,242.5
2018-10-13T07:30:56,21.3,193.7,238.4,0.7,290.0,241.5
2018-10-13T07:31:28,21.3,215.6,254.3,0.6,290.0,241.5
2018-10-13T07:31:59,21.3,223.2,228.9,0.7,290.0,242.5
2018-10-13T07:32:30,21.7,198.4,207.0,0.9,300.0,242.5
2018-10-13T07:33:01,21.3,176.0,185.7,1.2,300.0,243.5
2018-10-13T07:33:32,21.7,154.7,207.6,1.3,300.0,243.5
2018-10-13T07:34:03,21.7,165.4,235.4,1.2,310.0,242.5
2018-10-13T07:34:34,21.7,187.8,244.9,1.1,310.0,241.5
2018-10-13T07:35:05,21.7,180.7,242.5,1.1,320.0,241.5
2018-10-13T07:35:37,21.7,176.0,246.6,1.0,320.0,241.5
2018-10-13T07:36:08,21.7,188.4,244.3,1.0,330.0,242.5
2018-10-13T07:36:39,21.7,179.5,244.3,1.1,330.0,242.5
2018-10-13T07:37:10,22.0,172.4,247.2,1.1,330.0,241.5
2018-10-13T07:37:41,21.7,192.5,235.4,0.8,340.0,241.5
2018-10-13T07:38:12,21.7,197.3,248.4,0.8,340.0,241.5
2018-10-13T07:38:43,22.0,202.0,239.5,0.9,350.0,241.5
2018-10-13T07:39:14,22.0,196.1,243.1,0.9,350.0,241.5
2018-10-13T07:39:45,22.0,196.1,246.6,0.8,350.0,239.6
2018-10-13T07:40:16,22.0,203.2,239.5,0.8,360.0,239.6
2018-10-13T07:40:48,22.4,203.2,236.0,0.8,360.0,239.6
2018-10-13T07:41:19,22.4,190.8,241.3,0.7,360.0,239.6
2018-10-13T07:41:50,22.4,201.4,233.0,0.7,370.0,239.6
2018-10-13T07:42:21,22.0,189.0,244.3,0.7,370.0,241.5
2018-10-13T07:42:52,22.4,173.0,239.5,0.7,370.0,240.6
2018-10-13T07:43:23,22.4,161.8,241.9,0.7,370.0,240.6
2018-10-13T07:43:54,22.4,176.0,231.9,0.7,380.0,241.5
2018-10-13T07:44:25,22.4,197.3,245.5,0.6,380.0,242.5
2018-10-13T07:44:56,22.4,217.9,237.8,0.5,380.0,243.5
2018-10-13T07:45:27,22.4,217.9,243.1,0.6,390.0,241.5
2018-10-13T07:45:59,22.4,196.1,236.6,0.6,390.0,242.5
2018-10-13T07:46:30,22.4,174.8,244.9,0.7,390.0,241.5
2018-10-13T07:47:01,22.4,174.8,225.4,0.7,390.0,241.5
2018-10-13T07:47:32,22.8,196.7,248.4,0.7,400.0,242.5
2018-10-13T07:48:03,22.8,191.9,230.7,0.7,400.0,242.5
2018-10-13T07:48:34,22.8,171.9,235.4,0.7,400.0,241.5
2018-10-13T07:49:05,22.8,183.1,242.5,0.8,410.0,243.5
2018-10-13T07:49:36,22.4,204.9,227.1,0.7,410.0,242.5
2018-10-13T07:50:07,22.4,184.8,249.6,0.7,410.0,242.5
2018-10-13T07:50:39,22.4,170.1,228.9,0.9,410.0,243.5
2018-10-13T07:51:10,22.4,190.2,248.4,0.8,420.0,241.5
2018-10-13T07:51:41,22.4,197.3,232.4,0.7,420.0,243.5
2018-10-13T07:52:12,22.4,203.2,238.4,0.7,420.0,243.5
2018-10-13T07:52:43,22.4,188.4,245.5,0.7,430.0,242.5
2018-10-13T07:53:14,22.8,202.0,239.5,0.7,430.0,242.5
2018-10-13T07:53:45,22.8,201.4,248.4,0.7,430.0,241.5
2018-10-13T07:54:16,22.8,222.7,231.9,0.7,440.0,242.5
2018-10-13T07:54:47,22.8,212.0,251.4,0.7,440.0,242.5
2018-10-13T07:55:18,23.1,194.9,229.5,0.8,440.0,242.5
2018-10-13T07:55:50,23.1,193.7,246.6,0.7,450.0,241.5
2018-10-13T07:56:21,23.1,172.4,231.9,0.9,450.0,242.5
2018-10-13T07:56:52,23.1,178.3,249.6,0.8,450.0,244.4
2018-10-13T07:57:23,23.1,201.4,225.4,0.8,460.0,242.5
2018-10-13T07:57:54,23.1,196.1,248.4,0.7,460.0,241.5
2018-10-13T07:58:25,23.1,215.6,242.5,0.7,460.0,241.5
2018-10-13T07:58:56,23.1,223.8,231.9,0.7,470.0,242.5
2018-10-13T07:59:27,23.1,202.6,242.5,0.8,470.0,242.5
2018-10-13T07:59:58,23.5,182.5,238.4,0.8,470.0,242.5
2018-10-13T08:00:29,23.5,176.0,239.5,0.9,480.0,240.6
2018-10-13T08:01:01,23.5,197.8,239.5,0.8,480.0,240.6
2018-10-13T08:01:32,23.9,218.5,242.5,0.7,490.0,240.6
2018-10-13T08:02:03,23.9,223.2,231.9,0.7,490.0,239.6
2018-10-13T08:02:34,23.9,211.4,250.2,0.8,490.0,240.6
2018-10-13T08:03:05,23.9,227.4,227.7,0.7,500.0,240.6
2018-10-13T08:03:36,23.9,206.1,248.4,0.7,500.0,239.6
2018-10-13T08:04:07,24.2,185.4,234.2,0.9,500.0,239.6
2018-10-13T08:04:38,24.2,165.9,248.4,1.0,510.0,241.5
2018-10-13T08:05:09,24.2,172.4,233.6,1.0,510.0,241.5
2018-10-13T08:05:40,24.2,194.3,239.5,1.0,510.0,239.6
2018-10-13T08:06:12,24.2,195.5,237.2,0.9,520.0,241.5
2018-10-13T08:06:43,24.2,205.5,237.8,0.9,520.0,242.5
2018-10-13T08:07:14,24.6,199.0,245.5,0.9,530.0,242.5
2018-10-13T08:07:45,24.6,219.1,234.2,0.8,530.0,242.5
2018-10-13T08:08:16,24.2,217.3,239.5,0.8,530.0,242.5
2018-10-13T08:08:47,24.6,221.5,236.0,0.7,540.0,242.5
2018-10-13T08:09:18,24.6,225.0,233.6,0.7,540.0,241.5
2018-10-13T08:09:49,25.0,215.6,239.0,0.7,540.0,242.5
2018-10-13T08:10:20,25.0,217.9,244.3,0.7,550.0,241.5
2018-10-13T08:10:51,25.0,226.2,235.4,0.6,550.0,240.6
2018-10-13T08:11:23,25.0,212.6,236.0,0.7,550.0,242.5
2018-10-13T08:11:54,25.0,223.2,238.4,0.6,560.0,242.5
2018-10-13T08:12:25,25.0,219.7,236.0,0.6,560.0,240.6
2018-10-13T08:12:56,24.6,213.8,241.3,0.7,560.0,241.5
2018-10-13T08:13:27,24.6,213.8,233.0,0.6,560.0,242.5
2018-10-13T08:13:58,25.0,219.7,249.6,0.7,570.0,240.6
2018-10-13T08:14:29,25.0,199.6,225.9,0.7,570.0,242.5
2018-10-13T08:15:00,25.0,183.1,247.8,0.7,570.0,241.5
2018-10-13T08:15:31,25.0,202.6,225.9,0.6,580.0,241.5
2018-10-13T08:16:03,25.3,197.3,246.6,0.7,580.0,241.5
2018-10-13T08:16:34,25.0,216.7,229.5,0.6,580.0,241.5
2018-10-13T08:17:05,25.3,213.2,244.3,0.6,580.0,241.5
2018-10-13T08:17:36,25.3,225.0,230.1,0.6,590.0,241.5
2018-10-13T08:18:07,25.3,206.1,241.3,0.6,590.0,241.5
2018-10-13T08:18:38,25.3,225.0,233.6,0.6,590.0,240.6
2018-10-13T08:19:09,25.3,208.5,230.7,0.7,600.0,243.5
2018-10-13T08:19:40,25.3,187.8,244.3,0.7,600.0,239.6
2018-10-13T08:20:11,25.3,167.7,227.1,0.8,600.0,239.6
2018-10-13T08:20:42,25.7,170.1,249.0,0.8,600.0,241.5
2018-10-13T08:21:14,25.3,190.8,230.7,0.7,610.0,240.6
2018-10-13T08:21:45,25.3,213.2,245.5,0.7,610.0,240.6
2018-10-13T08:22:16,25.7,220.3,230.7,0.6,610.0,239.6
2018-10-13T08:22:47,25.3,226.2,245.5,0.6,620.0,241.5
2018-10-13T08:23:18,25.3,218.5,241.3,0.6,620.0,242.5
2018-10-13T08:23:49,25.3,214.4,231.9,0.6,620.0,240.6
2018-10-13T08:24:20,25.3,219.1,244.3,0.6,630.0,241.5
2018-10-13T08:24:51,25.7,211.4,230.1,0.6,630.0,240.6
2018-10-13T08:25:22,25.7,219.7,245.5,0.6,630.0,238.6
2018-10-13T08:25:54,25.3,213.8,227.7,0.6,630.0,239.6
2018-10-13T08:26:25,25.3,191.9,249.0,0.6,640.0,239.6
2018-10-13T08:26:56,25.3,171.3,230.1,0.8,640.0,238.6
2018-10-13T08:27:27,25.3,164.8,237.2,0.8,640.0,237.7
2018-10-13T08:27:58,25.3,186.0,240.1,0.7,640.0,239.6
2018-10-13T08:28:29,25.3,199.6,230.1,0.7,650.0,237.7
2018-10-13T08:29:00,25.7,178.9,252.0,0.8,650.0,240.6
2018-10-13T08:29:31,25.7,157.7,232.4,0.9,650.0,238.6
2018-10-13T08:30:02,26.1,180.1,221.2,0.8,660.0,238.6
2018-10-13T08:30:34,25.7,203.7,245.5,0.8,660.0,238.6
2018-10-13T08:31:05,26.1,202.6,233.6,0.8,660.0,239.6
2018-10-13T08:31:36,25.7,200.8,243.1,0.7,670.0,238.6
2018-10-13T08:32:07,26.1,202.0,241.3,0.7,670.0,238.6
2018-10-13T08:32:38,26.1,196.7,239.0,0.7,670.0,239.6
2018-10-13T08:33:09,26.4,191.9,233.0,0.7,680.0,237.7
2018-10-13T08:33:40,26.4,211.4,252.6,0.6,680.0,237.7
2018-10-13T08:34:11,26.4,196.1,229.5,0.7,680.0,238.6
2018-10-13T08:34:42,26.4,215.6,244.3,0.6,690.0,240.6
2018-10-13T08:35:13,26.8,214.4,234.2,0.6,690.0,241.5
2018-10-13T08:35:45,26.4,193.1,237.2,0.6,690.0,238.6
2018-10-13T08:36:16,26.4,172.4,241.3,0.9,690.0,240.6
2018-10-13T08:36:47,26.8,170.1,238.4,0.9,700.0,238.6
2018-10-13T08:37:18,26.8,167.7,240.7,0.8,700.0,238.6
2018-10-13T08:37:49,26.4,168.3,239.5,0.7,700.0,239.6
2018-10-13T08:38:20,26.4,171.9,237.8,0.6,710.0,240.6
2018-10-13T08:38:51,26.4,183.7,237.8,0.5,710.0,237.7
2018-10-13T08:39:22,26.4,190.8,233.0,0.5,710.0,239.6
2018-10-13T08:39:53,26.4,187.2,232.4,0.4,710.0,240.6
2018-10-13T08:40:24,26.4,206.7,226.5,0.4,710.0,237.7
2018-10-13T08:40:56,26.4,215.0,236.6,0.4,720.0,240.6
2018-10-13T08:41:27,26.8,193.7,215.9,0.4,720.0,240.6
2018-10-13T08:41:58,26.8,173.0,234.8,0.4,720.0,238.6
2018-10-13T08:42:29,26.8,176.0,231.3,0.4,720.0,238.6
2018-10-13T08:43:00,26.4,194.3,237.2,0.4,720.0,241.5
2018-10-13T08:43:31,26.8,216.7,222.4,0.3,720.0,237.7
2018-10-13T08:44:02,26.8,206.1,215.9,0.4,720.0,239.6
2018-10-13T08:44:33,26.8,185.4,238.4,0.4,730.0,240.6
2018-10-13T08:45:04,26.8,165.4,236.0,0.4,730.0,239.6
2018-10-13T08:45:36,26.8,170.7,214.7,0.4,730.0,238.6
2018-10-13T08:46:07,27.2,191.3,214.7,0.4,730.0,239.6
2018-10-13T08:46:38,27.2,213.2,236.6,0.3,730.0,241.5
2018-10-13T08:47:09,27.2,216.2,238.4,0.3,730.0,240.6
2018-10-13T08:47:40,27.2,197.3,227.7,0.3,740.0,240.6
2018-10-13T08:48:11,27.5,195.5,228.3,0.3,740.0,241.5
2018-10-13T08:48:42,27.5,190.8,228.3,0.2,740.0,240.6
2018-10-13T08:49:13,27.5,184.8,227.7,0.2,740.0,239.6
2018-10-13T08:49:44,27.5,206.7,216.5,0.2,740.0,238.6
2018-10-13T08:50:15,27.5,206.7,236.0,0.2,740.0,240.6
2018-10-13T08:50:47,27.5,199.0,228.3,0.1,740.0,239.6
2018-10-13T08:51:18,27.5,199.0,225.9,0.1,740.0,237.7
2018-10-13T08:51:49,27.5,177.8,229.5,0.1,740.0,239.6
2018-10-13T08:52:20,27.5,177.8,206.4,0.1,740.0,238.6
2018-10-13T08:52:51,27.5,199.6,187.5,0.1,740.0,238.6
2018-10-13T08:53:22,27.5,218.5,165.6,0.1,740.0,238.6
2018-10-13T08:53:53,27.5,194.9,145.5,0.2,740.0,239.6
2018-10-13T08:54:24,27.5,176.0,124.2,0.2,740.0,237.7
2018-10-13T08:54:55,27.5,154.7,103.5,0.3,740.0,239.6
2018-10-13T08:55:26,27.5,135.8,123.0,0.3,750.0,241.5
2018-10-13T08:55:58,27.5,157.1,144.9,0.2,750.0,239.6
2018-10-13T08:56:29,27.5,177.2,166.2,0.2,750.0,240.6
2018-10-13T08:57:00,27.5,197.3,185.7,0.1,750.0,239.6
2018-10-13T08:57:31,27.5,197.8,207.0,0.1,750.0,240.6
2018-10-13T08:58:02,27.5,178.3,227.1,0.2,750.0,240.6
2018-10-13T08:58:33,27.5,158.9,227.1,0.1,750.0,240.6
2018-10-13T08:59:04,27.5,180.7,207.0,0.1,750.0,240.6
2018-10-13T08:59:35,27.5,202.0,185.1,0.1,750.0,241.5
2018-10-13T09:00:06,27.5,215.0,165.0,0.0,750.0,240.6
2018-10-13T09:00:38,27.5,191.9,145.5,0.2,750.0,241.5
2018-10-13T09:01:10,27.5,169.5,120.6,0.3,750.0,241.5
2018-10-13T09:01:41,27.5,147.6,103.5,0.4,750.0,241.5
2018-10-13T09:02:12,27.5,127.0,127.1,0.5,750.0,240.6
2018-10-13T09:02:43,27.5,106.3,151.4,0.5,750.0,241.5
2018-10-13T09:03:14,27.5,118.1,175.7,0.5,750.0,241.5
2018-10-13T09:03:45,27.2,140.0,197.0,0.5,750.0,241.5
2018-10-13T09:04:16,27.2,163.0,221.8,0.5,760.0,242.5
2018-10-13T09:04:47,27.5,152.9,230.1,0.5,760.0,241.5
2018-10-13T09:05:18,27.2,160.6,239.0,0.6,760.0,242.5
2018-10-13T09:05:49,27.2,183.1,246.6,0.5,760.0,243.5
2018-10-13T09:06:21,26.8,204.9,246.6,0.5,760.0,242.5
2018-10-13T09:06:52,27.2,225.6,223.6,0.4,770.0,243.5
2018-10-13T09:07:23,27.2,207.3,234.2,0.4,770.0,242.5
2018-10-13T09:07:54,27.2,187.2,246.6,0.5,770.0,245.4
2018-10-13T09:08:25,27.2,165.4,224.8,0.5,770.0,243.5
2018-10-13T09:08:56,26.8,178.9,238.4,0.6,770.0,243.5
2018-10-13T09:09:27,27.2,199.0,235.4,0.5,780.0,241.5
2018-10-13T09:09:58,27.2,219.7,228.9,0.4,780.0,243.5
2018-10-13T09:10:29,27.2,216.2,244.9,0.4,780.0,243.5
2018-10-13T09:11:00,27.2,194.9,223.6,0.5,780.0,243.5
2018-10-13T09:11:31,27.5,174.2,234.8,0.5,780.0,243.5
2018-10-13T09:12:02,27.5,163.6,244.9,0.6,790.0,243.5
2018-10-13T09:12:33,27.5,185.4,236.6,0.5,790.0,243.5
2018-10-13T09:13:04,27.5,199.6,238.4,0.5,790.0,244.4
2018-10-13T09:13:35,27.5,200.8,225.9,0.4,790.0,243.5
2018-10-13T09:14:06,27.5,221.5,246.1,0.3,790.0,242.5
2018-10-13T09:14:37,27.5,207.9,228.3,0.4,790.0,242.5
2018-10-13T09:15:08,27.5,223.8,231.9,0.4,800.0,244.4
2018-10-13T09:15:40,27.5,204.3,242.5,0.4,800.0,243.5
2018-10-13T09:16:11,27.5,183.1,220.6,0.4,800.0,243.5
2018-10-13T09:16:42,27.5,163.0,236.0,0.5,800.0,242.5
2018-10-13T09:17:13,27.9,159.4,244.9,0.5,800.0,243.5
2018-10-13T09:17:44,27.9,180.7,221.8,0.4,800.0,244.4
2018-10-13T09:18:15,27.9,202.0,234.8,0.4,810.0,242.5
2018-10-13T09:18:46,27.9,223.2,249.0,0.4,810.0,243.5
2018-10-13T09:19:17,27.9,209.7,225.4,0.4,810.0,242.5
2018-10-13T09:19:48,27.9,188.4,221.8,0.5,810.0,242.5
2018-10-13T09:20:19,27.9,168.9,243.7,0.6,810.0,242.5
2018-10-13T09:20:51,27.9,147.6,236.6,0.6,820.0,244.4
2018-10-13T09:21:22,27.9,163.0,223.6,0.6,820.0,242.5
2018-10-13T09:21:53,27.9,186.0,246.6,0.5,820.0,243.5
2018-10-13T09:22:24,27.9,207.9,231.9,0.4,820.0,242.5
2018-10-13T09:22:55,27.5,227.4,233.0,0.4,830.0,244.4
2018-10-13T09:23:26,27.5,207.3,246.6,0.5,830.0,244.4
2018-10-13T09:23:57,27.5,186.0,233.6,0.6,830.0,243.5
2018-10-13T09:24:28,27.5,173.6,249.0,0.6,830.0,243.5
2018-10-13T09:24:59,27.5,194.3,230.7,0.5,830.0,243.5
2018-10-13T09:25:30,27.5,216.2,236.6,0.5,840.0,244.4
2018-10-13T09:26:02,27.5,228.6,252.6,0.4,840.0,245.4
2018-10-13T09:26:33,27.5,219.7,243.1,0.5,840.0,244.4
2018-10-13T09:27:04,27.5,217.9,241.3,0.5,840.0,244.4
2018-10-13T09:27:35,27.5,222.7,246.1,0.5,850.0,244.4
2018-10-13T09:28:06,27.2,213.8,227.7,0.6,850.0,244.4
2018-10-13T09:28:37,27.2,229.2,243.7,0.5,850.0,244.4
2018-10-13T09:29:08,27.5,207.9,232.4,0.6,850.0,243.5
2018-10-13T09:29:39,27.5,201.4,218.8,0.6,860.0,244.4
2018-10-13T09:30:10,27.5,182.5,240.7,0.7,860.0,245.4
2018-10-13T09:30:41,27.5,170.7,246.6,0.7,860.0,244.4
2018-10-13T09:31:13,27.5,193.1,244.9,0.7,870.0,243.5
2018-10-13T09:31:44,27.5,212.6,224.2,0.6,870.0,244.4
2018-10-13T09:32:15,27.5,223.2,243.7,0.6,870.0,242.5
2018-10-13T09:32:46,27.5,215.0,237.8,0.6,870.0,242.5
2018-10-13T09:33:17,27.5,225.0,232.4,0.6,880.0,243.5
2018-10-13T09:33:48,27.5,204.9,249.0,0.6,880.0,242.5
2018-10-13T09:34:19,27.5,186.0,230.1,0.7,880.0,243.5
2018-10-13T09:34:50,27.5,179.5,231.9,0.8,890.0,243.5
2018-10-13T09:35:21,27.5,199.0,250.8,0.7,890.0,243.5
2018-10-13T09:35:52,27.5,194.9,236.6,0.7,890.0,244.4
2018-10-13T09:36:24,27.5,202.6,231.9,0.6,890.0,243.5
2018-10-13T09:36:55,27.5,223.8,252.6,0.6,900.0,244.4
2018-10-13T09:37:26,27.5,222.7,231.3,0.6,900.0,244.4
2018-10-13T09:37:57,27.5,226.8,247.2,0.7,900.0,243.5
2018-10-13T09:38:28,27.5,212.0,239.0,0.6,910.0,244.4
2018-10-13T09:38:59,27.5,229.7,243.1,0.6,910.0,246.4
2018-10-13T09:39:30,27.5,209.7,230.7,0.6,910.0,244.4
2018-10-13T09:40:01,27.2,228.6,249.6,0.6,920.0,245.4
2018-10-13T09:40:32,27.5,212.0,227.7,0.6,920.0,245.4
2018-10-13T09:41:04,27.9,226.2,249.0,0.6,920.0,244.4
2018-10-13T09:41:35,27.9,212.6,231.9,0.7,930.0,245.4
2018-10-13T09:42:06,27.9,225.6,249.6,0.6,930.0,245.4
2018-10-13T09:42:37,27.5,219.1,246.1,0.6,930.0,245.4
2018-10-13T09:43:08,27.5,223.2,232.4,0.7,940.0,244.4
2018-10-13T09:43:39,27.9,200.2,252.6,0.7,940.0,246.4
2018-10-13T09:44:10,27.9,197.8,230.1,0.8,940.0,244.4
2018-10-13T09:44:41,28.3,177.8,247.2,0.9,940.0,245.4
2018-10-13T09:45:12,28.3,174.2,241.9,0.9,950.0,244.4
2018-10-13T09:45:43,28.3,197.3,239.0,0.8,950.0,244.4
2018-10-13T09:46:15,28.3,217.9,236.0,0.6,960.0,245.4
2018-10-13T09:46:46,28.6,224.4,249.0,0.7,960.0,243.5
2018-10-13T09:47:17,28.6,216.2,240.7,0.7,960.0,244.4
2018-10-13T09:47:48,28.6,222.7,239.5,0.7,970.0,244.4
2018-10-13T09:48:19,29.0,216.2,248.4,0.7,970.0,245.4
2018-10-13T09:48:50,29.0,226.8,233.0,0.7,970.0,246.4
2018-10-13T09:49:21,29.0,205.5,245.5,0.7,980.0,245.4
2018-10-13T09:49:52,29.0,198.4,243.7,0.8,980.0,245.4
2018-10-13T09:50:23,29.0,193.1,239.0,0.8,980.0,243.5
2018-10-13T09:50:54,29.4,184.8,233.6,0.9,990.0,245.4
2018-10-13T09:51:26,29.0,174.8,244.9,1.0,990.0,243.5
2018-10-13T09:51:57,29.4,196.7,237.2,0.8,990.0,246.4
2018-10-13T09:52:28,29.4,196.7,249.0,0.8,1000.0,245.4
2018-10-13T09:52:59,29.4,176.0,238.4,1.0,1000.0,244.4
2018-10-13T09:53:30,29.4,173.0,242.5,1.0,1010.0,245.4
2018-10-13T09:54:01,29.4,193.7,237.8,0.9,1010.0,244.4
2018-10-13T09:54:32,29.7,199.6,246.6,1.0,1010.0,245.4
2018-10-13T09:55:03,29.7,180.7,227.7,1.0,1020.0,244.4
2018-10-13T09:55:34,30.1,165.9,250.8,1.1,1020.0,244.4
2018-10-13T09:56:06,29.7,180.7,244.3,1.1,1030.0,245.4
2018-10-13T09:56:37,29.7,174.8,245.5,1.1,1030.0,246.4
2018-10-13T09:57:08,29.7,172.4,237.8,1.0,1030.0,243.5
2018-10-13T09:57:39,30.1,194.9,251.4,0.9,1040.0,244.4
2018-10-13T09:58:10,30.1,200.8,232.4,0.9,1040.0,245.4
2018-10-13T09:58:41,30.1,179.5,247.8,1.1,1050.0,245.4
2018-10-13T09:59:12,30.1,176.0,230.7,1.1,1050.0,245.4
2018-10-13T09:59:43,30.1,195.5,250.2,0.9,1060.0,244.4
2018-10-13T10:00:14,30.2,198.4,233.0,1.0,1060.0,245.4
2018-10-13T10:00:45,30.2,196.7,248.4,1.0,1060.0,245.4
2018-10-13T10:01:19,30.2,196.7,244.9,1.0,1070.0,245.4
2018-10-13T10:01:50,30.2,176.0,234.2,1.1,1070.0,247.3
2018-10-13T10:02:21,30.2,177.8,252.6,1.1,1080.0,246.4
2018-10-13T10:02:52,30.2,197.3,239.0,1.0,1080.0,245.4
2018-10-13T10:03:23,30.3,196.1,244.3,1.1,1090.0,244.4
2018-10-13T10:03:54,30.2,200.2,242.5,1.0,1090.0,246.4
2018-10-13T10:04:25,30.3,191.3,248.4,1.1,1100.0,245.4
2018-10-13T10:04:56,30.3,201.4,235.4,1.0,1100.0,245.4
2018-10-13T10:05:27,30.3,194.3,249.0,1.1,1100.0,243.5
2018-10-13T10:05:59,30.3,200.2,241.9,1.0,1110.0,245.4
2018-10-13T10:06:30,30.2,199.6,239.0,1.1,1110.0,245.4
2018-10-13T10:07:01,30.2,204.9,246.6,1.0,1120.0,246.4
2018-10-13T10:07:32,30.2,199.6,238.4,1.1,1120.0,246.4
2018-10-13T10:08:03,30.2,198.4,244.3,1.0,1130.0,245.4
2018-10-13T10:08:34,30.3,198.4,244.9,1.1,1130.0,246.4
2018-10-13T10:09:05,30.3,203.7,236.6,1.1,1140.0,245.4
2018-10-13T10:09:36,30.3,186.6,240.7,1.2,1140.0,245.4
2018-10-13T10:10:07,30.3,166.5,249.0,1.2,1150.0,244.4
2018-10-13T10:10:39,30.4,183.1,246.6,1.2,1150.0,246.4
2018-10-13T10:11:10,30.4,206.7,237.8,1.1,1160.0,246.4
2018-10-13T10:11:41,30.4,204.9,240.1,1.0,1160.0,246.4
2018-10-13T10:12:12,30.5,202.0,244.9,1.0,1170.0,246.4
2018-10-13T10:12:43,30.5,200.8,251.4,1.0,1170.0,245.4
2018-10-13T10:13:14,30.5,196.7,244.9,1.0,1180.0,244.4
2018-10-13T10:13:45,30.5,197.8,235.4,1.0,1180.0,245.4
2018-10-13T10:14:16,30.5,197.3,249.6,1.1,1190.0,244.4
2018-10-13T10:14:47,30.5,177.2,237.2,1.2,1190.0,245.4
2018-10-13T10:15:18,30.5,180.1,240.1,1.2,1200.0,245.4
2018-10-13T10:15:50,30.7,173.0,252.0,1.1,1200.0,245.4
2018-10-13T10:16:21,30.5,189.6,246.1,1.0,1210.0,245.4
2018-10-13T10:16:52,30.5,168.3,246.6,1.1,1210.0,245.4
2018-10-13T10:17:23,30.7,178.9,242.5,1.0,1210.0,245.4
2018-10-13T10:17:54,30.7,196.1,244.9,1.0,1220.0,244.4
2018-10-13T10:18:25,30.7,200.2,255.5,0.8,1220.0,245.4
2018-10-13T10:18:56,30.7,204.9,239.5,0.7,1230.0,244.4
2018-10-13T10:19:27,30.7,198.4,241.9,0.7,1230.0,244.4
2018-10-13T10:19:58,30.5,202.6,239.0,0.6,1230.0,243.5
2018-10-13T10:20:29,30.7,193.1,239.5,0.6,1240.0,244.4
2018-10-13T10:21:01,30.7,213.8,240.7,0.5,1240.0,244.4
2018-10-13T10:21:32,30.7,215.6,246.1,0.5,1240.0,243.5
2018-10-13T10:22:03,30.7,194.9,243.7,0.6,1240.0,243.5
2018-10-13T10:22:34,30.7,173.6,244.9,0.7,1250.0,241.5
2018-10-13T10:23:05,30.7,178.3,249.6,0.7,1250.0,243.5
2018-10-13T10:23:36,30.7,202.0,224.8,0.7,1250.0,243.5
2018-10-13T10:24:07,30.8,224.4,204.1,0.7,1250.0,244.4
2018-10-13T10:24:38,30.8,213.2,184.5,0.8,1260.0,244.4
2018-10-13T10:25:09,30.8,191.9,207.0,0.9,1260.0,244.4
2018-10-13T10:25:40,30.8,170.7,234.2,1.1,1260.0,245.4
2018-10-13T10:26:12,30.8,170.7,245.5,1.1,1270.0,245.4
2018-10-13T10:26:43,30.9,176.0,244.9,0.9,1270.0,244.4
2018-10-13T10:27:14,30.8,168.9,236.6,1.0,1270.0,244.4
2018-10-13T10:27:45,30.8,189.0,236.6,0.8,1280.0,243.5
2018-10-13T10:28:16,30.8,200.2,244.9,0.8,1280.0,243.5
2018-10-13T10:28:47,30.8,199.6,239.0,0.7,1280.0,244.4
2018-10-13T10:29:18,30.8,191.9,237.2,0.8,1290.0,243.5
2018-10-13T10:29:49,30.8,171.9,241.9,0.9,1290.0,244.4
2018-10-13T10:30:20,30.8,159.4,231.9,1.1,1290.0,244.4
2018-10-13T10:30:51,30.9,167.1,239.5,1.0,1300.0,245.4
2018-10-13T10:31:23,30.9,170.7,233.0,0.9,1300.0,244.4
2018-10-13T10:31:54,30.9,179.5,233.6,0.8,1310.0,244.4
2018-10-13T10:32:25,30.9,166.5,235.4,1.0,1310.0,246.4
2018-10-13T10:32:56,30.9,189.6,236.0,0.9,1310.0,244.4
2018-10-13T10:33:27,30.8,199.0,244.9,0.9,1320.0,244.4
2018-10-13T10:33:58,30.9,176.6,244.3,1.1,1320.0,244.4
2018-10-13T10:34:29,30.9,173.6,243.7,1.0,1320.0,245.4
2018-10-13T10:35:00,30.9,193.7,243.1,1.0,1330.0,244.4
2018-10-13T10:35:31,31.0,199.6,236.0,1.0,1330.0,243.5
2018-10-13T10:36:03,31.0,178.9,249.6,1.2,1340.0,243.5
2018-10-13T10:36:34,31.0,174.8,236.6,1.1,1340.0,244.4
2018-10-13T10:37:05,31.0,171.3,240.1,1.2,1350.0,243.5
2018-10-13T10:37:36,31.0,177.8,250.2,1.0,1350.0,244.4
2018-10-13T10:38:07,31.0,167.1,241.3,1.1,1360.0,244.4
2018-10-13T10:38:38,30.9,178.3,239.0,1.0,1360.0,245.4
2018-10-13T10:39:09,30.9,199.0,244.9,0.9,1360.0,243.5
2018-10-13T10:39:40,31.0,194.9,244.3,0.8,1370.0,244.4
2018-10-13T10:40:11,30.9,197.3,241.3,0.7,1370.0,244.4
2018-10-13T10:40:42,30.9,199.0,242.5,0.7,1380.0,242.5
2018-10-13T10:41:14,30.9,220.9,240.7,0.7,1380.0,242.5
2018-10-13T10:41:45,30.9,216.7,246.1,0.8,1380.0,242.5
2018-10-13T10:42:16,30.9,193.7,220.6,1.0,1390.0,242.5
2018-10-13T10:42:47,30.9,168.9,199.9,1.2,1390.0,241.5
2018-10-13T10:43:18,31.0,151.8,217.1,1.4,1390.0,242.5
2018-10-13T10:43:49,30.9,176.0,244.9,1.3,1400.0,242.5
2018-10-13T10:44:20,30.9,197.8,234.8,1.1,1400.0,244.4
2018-10-13T10:44:51,30.9,199.0,249.6,1.1,1410.0,243.5
2018-10-13T10:45:22,30.9,204.3,237.8,1.0,1410.0,243.5
2018-10-13T10:45:54,30.9,206.1,236.6,1.0,1420.0,244.4
2018-10-13T10:46:25,30.9,206.7,244.3,1.1,1420.0,243.5
2018-10-13T10:46:56,30.9,203.2,237.2,1.0,1430.0,243.5
2018-10-13T10:47:27,30.9,206.7,237.8,1.1,1430.0,243.5
2018-10-13T10:47:58,30.9,202.0,241.9,1.1,1440.0,243.5
2018-10-13T10:48:29,31.0,197.8,247.2,1.1,1440.0,243.5
2018-10-13T10:49:00,30.9,206.1,242.5,1.0,1450.0,243.5
2018-10-13T10:49:31,30.9,205.5,249.6,1.0,1450.0,243.5
2018-10-13T10:50:02,30.7,202.6,251.4,0.9,1460.0,245.4
2018-10-13T10:50:34,30.8,191.3,228.3,1.0,1460.0,245.4
2018-10-13T10:51:05,30.8,168.9,253.7,1.2,1470.0,245.4
2018-10-13T10:51:36,30.8,178.3,237.2,1.2,1470.0,244.4
2018-10-13T10:52:07,31.0,174.8,252.6,1.3,1480.0,244.4
2018-10-13T10:52:38,30.9,178.3,244.3,1.2,1480.0,245.4
2018-10-13T10:53:09,30.9,187.2,233.0,1.1,1490.0,245.4
2018-10-13T10:53:40,30.9,207.9,251.4,1.1,1490.0,245.4
2018-10-13T10:54:11,31.0,200.8,243.7,1.1,1500.0,245.4
2018-10-13T10:54:42,31.0,200.8,246.6,1.1,1500.0,245.4
2018-10-13T10:55:13,30.9,197.3,248.4,1.0,1510.0,246.4
2018-10-13T10:55:45,30.9,197.8,247.8,1.1,1510.0,244.4
2018-10-13T10:56:16,30.8,176.0,238.4,1.2,1520.0,245.4
2018-10-13T10:56:47,30.9,183.7,239.5,1.1,1520.0,245.4
2018-10-13T10:57:18,30.9,178.3,239.0,1.2,1520.0,244.4
2018-10-13T10:57:49,30.9,185.4,238.4,1.0,1530.0,245.4
2018-10-13T10:58:20,31.0,206.7,247.8,0.9,1530.0,246.4
2018-10-13T10:58:51,31.0,205.5,241.9,1.0,1540.0,245.4
2018-10-13T10:59:22,30.9,190.8,243.7,1.1,1540.0,245.4
2018-10-13T10:59:53,30.9,169.5,240.7,1.3,1550.0,244.4
2018-10-13T11:00:24,30.9,176.6,240.1,1.2,1550.0,244.4
2018-10-13T11:00:56,30.9,197.8,249.0,1.1,1560.0,244.4
2018-10-13T11:01:28,30.9,199.6,249.0,1.0,1560.0,245.4
2018-10-13T11:01:59,30.9,196.1,240.1,1.0,1570.0,243.5
2018-10-13T11:02:30,30.9,176.0,245.5,1.3,1570.0,245.4
2018-10-13T11:03:01,31.0,174.8,244.9,1.2,1580.0,245.4
2018-10-13T11:03:32,31.1,170.1,244.3,1.4,1580.0,244.4
2018-10-13T11:04:03,31.0,186.0,243.1,1.3,1590.0,244.4
2018-10-13T11:04:34,31.0,207.9,236.6,1.2,1590.0,245.4
2018-10-13T11:05:05,31.0,201.4,246.6,1.1,1600.0,245.4
2018-10-13T11:05:36,31.0,206.7,239.5,1.0,1600.0,245.4
2018-10-13T11:06:08,31.0,207.9,237.8,1.0,1610.0,246.4
2018-10-13T11:06:39,31.0,207.9,246.1,1.1,1610.0,247.3
2018-10-13T11:07:10,31.0,189.0,235.4,1.1,1620.0,246.4
2018-10-13T11:07:41,31.0,202.0,239.5,1.2,1620.0,245.4
2018-10-13T11:08:12,31.0,197.3,242.5,1.2,1630.0,247.3
2018-10-13T11:08:43,31.0,204.9,235.4,1.1,1630.0,247.3
2018-10-13T11:09:14,31.0,194.3,244.9,1.3,1640.0,245.4
2018-10-13T11:09:45,31.0,203.2,249.6,1.2,1650.0,246.4
2018-10-13T11:10:16,30.9,202.0,244.9,1.2,1650.0,246.4
2018-10-13T11:10:47,30.9,207.9,240.1,1.1,1660.0,246.4
2018-10-13T11:11:19,30.9,200.2,241.9,1.2,1660.0,247.3
2018-10-13T11:11:50,30.9,209.1,244.9,1.1,1670.0,246.4
2018-10-13T11:12:21,30.8,202.0,249.0,1.1,1670.0,247.3
2018-10-13T11:12:52,30.8,200.8,240.7,1.1,1680.0,247.3
2018-10-13T11:13:23,30.9,201.4,238.4,1.2,1680.0,245.4
2018-10-13T11:13:54,30.8,202.0,240.1,1.1,1690.0,247.3
2018-10-13T11:14:25,30.7,194.9,246.6,1.1,1690.0,247.3
2018-10-13T11:14:56,30.7,199.6,239.0,1.0,1700.0,247.3
2018-10-13T11:15:27,30.8,200.2,246.6,1.1,1700.0,248.3
2018-10-13T11:15:58,30.9,186.0,236.6,1.1,1710.0,247.3
2018-10-13T11:16:30,30.9,206.7,243.1,1.1,1710.0,248.3
2018-10-13T11:17:01,30.9,204.9,244.9,1.0,1720.0,247.3
2018-10-13T11:17:32,30.9,204.3,239.0,1.0,1720.0,246.4
2018-10-13T11:18:03,30.9,206.1,240.7,1.0,1730.0,247.3
2018-10-13T11:18:34,31.0,201.4,243.1,1.0,1730.0,246.4
2018-10-13T11:19:05,31.0,199.6,242.5,1.0,1740.0,245.4
2018-10-13T11:19:36,31.0,197.8,242.5,0.9,1740.0,247.3
2018-10-13T11:20:07,31.0,202.0,240.1,0.9,1740.0,247.3
2018-10-13T11:20:38,31.1,191.9,246.6,0.7,1750.0,246.4
2018-10-13T11:21:10,31.1,195.5,239.0,0.8,1750.0,246.4
2018-10-13T11:21:41,31.1,194.9,250.8,0.7,1760.0,247.3
2018-10-13T11:22:12,31.1,174.8,228.9,0.9,1760.0,245.4
2018-10-13T11:22:43,31.1,168.9,246.1,0.9,1760.0,246.4
2018-10-13T11:23:14,31.1,187.2,241.9,0.8,1770.0,246.4
2018-10-13T11:23:45,31.1,179.5,243.1,0.7,1770.0,248.3
2018-10-13T11:24:16,31.0,177.8,241.9,0.7,1770.0,246.4
2018-10-13T11:24:47,30.9,173.0,241.9,0.6,1780.0,245.4
2018-10-13T11:25:18,30.9,170.1,241.3,0.6,1780.0,246.4
2018-10-13T11:25:49,30.9,178.3,242.5,0.6,1780.0,245.4
2018-10-13T11:26:21,30.8,196.1,239.0,0.5,1780.0,246.4
2018-10-13T11:26:52,30.9,186.0,239.5,0.5,1780.0,245.4
2018-10-13T11:27:23,30.9,182.5,233.0,0.4,1790.0,245.4
2018-10-13T11:27:54,30.9,200.2,239.0,0.4,1790.0,245.4
2018-10-13T11:28:25,31.0,190.8,235.4,0.4,1790.0,244.4
2018-10-13T11:28:56,31.0,185.4,236.6,0.3,1790.0,245.4
2018-10-13T11:29:27,31.0,202.6,232.4,0.3,1790.0,245.4
2018-10-13T11:29:58,31.0,181.9,225.4,0.3,1790.0,244.4
2018-10-13T11:30:29,31.1,199.0,235.4,0.2,1790.0,245.4
2018-10-13T11:31:00,31.1,207.3,228.9,0.2,1800.0,243.5
2018-10-13T11:31:31,31.1,202.6,233.6,0.2,1800.0,243.5
2018-10-13T11:32:02,31.1,204.9,230.7,0.2,1800.0,243.5
2018-10-13T11:32:33,31.1,184.8,225.9,0.2,1800.0,244.4
2018-10-13T11:33:04,31.1,162.4,246.6,0.3,1800.0,245.4
2018-10-13T11:33:35,31.1,140.5,241.3,0.3,1800.0,242.5
2018-10-13T11:34:06,31.1,121.0,217.7,0.4,1800.0,244.4
2018-10-13T11:34:37,31.1,132.3,204.1,0.4,1800.0,245.4
2018-10-13T11:35:08,31.1,152.9,225.9,0.4,1800.0,244.4
2018-10-13T11:35:40,31.1,174.8,244.9,0.3,1800.0,245.4
2018-10-13T11:36:11,31.0,196.7,223.0,0.3,1800.0,243.5
2018-10-13T11:36:42,31.0,217.9,204.6,0.3,1810.0,244.4
2018-10-13T11:37:13,31.0,209.1,227.1,0.3,1810.0,244.4
2018-10-13T11:37:44,31.0,190.2,247.8,0.4,1810.0,245.4
2018-10-13T11:38:15,31.0,169.5,226.5,0.4,1810.0,243.5
2018-10-13T11:38:46,31.0,148.8,205.2,0.4,1810.0,244.4
2018-10-13T11:39:17,30.9,128.1,185.7,0.5,1810.0,245.4
2018-10-13T11:39:48,30.9,150.6,207.6,0.5,1810.0,244.4
2018-10-13T11:40:19,30.8,172.4,230.1,0.4,1810.0,244.4
2018-10-13T11:40:51,30.8,196.7,252.0,0.4,1820.0,246.4
2018-10-13T11:41:22,30.8,219.1,233.0,0.4,1820.0,245.4
2018-10-13T11:41:53,30.8,217.3,212.9,0.5,1820.0,245.4
2018-10-13T11:42:24,30.8,194.9,191.6,0.6,1820.0,244.4
2018-10-13T11:42:55,30.8,173.6,179.2,0.7,1820.0,244.4
2018-10-13T11:43:26,30.8,152.9,206.4,0.8,1830.0,244.4
2018-10-13T11:43:57,30.7,132.9,235.4,1.0,1830.0,244.4
2018-10-13T11:44:28,30.7,111.6,259.1,1.1,1830.0,244.4
2018-10-13T11:44:59,30.7,128.1,233.0,1.1,1840.0,246.4
2018-10-13T11:45:30,30.7,154.7,224.8,1.1,1840.0,247.3
2018-10-13T11:46:02,30.7,180.1,250.8,1.0,1840.0,246.4
2018-10-13T11:46:33,30.7,201.4,242.5,0.9,1850.0,246.4
2018-10-13T11:47:04,30.7,197.8,239.5,1.0,1850.0,245.4
2018-10-13T11:47:35,30.7,176.6,244.3,1.1,1860.0,245.4
2018-10-13T11:48:06,30.7,174.2,252.0,1.1,1860.0,247.3
2018-10-13T11:48:37,30.7,193.7,243.7,1.0,1860.0,246.4
2018-10-13T11:49:08,30.7,172.4,243.7,1.1,1870.0,247.3
2018-10-13T11:49:39,30.7,180.1,240.1,1.0,1870.0,247.3
2018-10-13T11:50:10,30.7,170.7,243.7,1.1,1880.0,247.3
2018-10-13T11:50:41,30.7,191.3,252.6,0.9,1880.0,247.3
2018-10-13T11:51:13,30.7,203.7,243.1,0.9,1890.0,246.4
2018-10-13T11:51:44,30.7,182.5,241.9,1.0,1890.0,249.3
2018-10-13T11:52:15,30.7,165.9,240.7,1.0,1890.0,246.4
2018-10-13T11:52:46,30.7,187.2,246.6,1.0,1900.0,247.3
2018-10-13T11:53:17,30.8,208.5,243.7,0.8,1900.0,247.3
2018-10-13T11:53:48,30.7,204.9,239.5,0.9,1910.0,246.4
2018-10-13T11:54:19,30.7,199.0,245.5,0.9,1910.0,246.4
2018-10-13T11:54:50,30.8,199.0,241.9,0.9,1910.0,247.3
2018-10-13T11:55:21,30.7,204.3,239.5,0.9,1920.0,247.3
2018-10-13T11:55:53,30.7,206.7,249.6,0.9,1920.0,246.4
2018-10-13T11:56:24,30.8,195.5,243.7,0.9,1930.0,246.4
2018-10-13T11:56:55,30.8,200.2,239.5,0.9,1930.0,247.3
2018-10-13T11:57:26,30.8,180.7,241.9,1.0,1930.0,246.4
2018-10-13T11:57:57,30.8,165.9,243.1,1.0,1940.0,246.4
2018-10-13T11:58:28,30.8,189.0,243.7,0.9,1940.0,245.4
2018-10-13T11:58:59,30.7,209.1,241.9,0.9,1950.0,244.4
2018-10-13T11:59:30,30.7,186.6,244.9,1.0,1950.0,244.4
2018-10-13T12:00:01,30.7,165.9,242.5,1.1,1950.0,245.4
2018-10-13T12:00:33,30.7,181.9,244.9,1.0,1960.0,244.4
2018-10-13T12:01:04,30.7,204.9,236.0,1.0,1960.0,245.4
2018-10-13T12:01:35,30.7,206.7,247.2,1.0,1970.0,245.4
2018-10-13T12:02:06,30.7,203.2,249.0,1.0,1970.0,244.4
2018-10-13T12:02:37,30.8,191.9,233.0,1.0,1980.0,244.4
2018-10-13T12:03:08,30.7,180.1,246.6,1.1,1980.0,245.4
2018-10-13T12:03:39,30.7,179.5,252.6,1.3,1990.0,245.4
2018-10-13T12:04:10,30.7,184.8,249.0,1.2,1990.0,244.4
2018-10-13T12:04:41,30.8,203.7,242.5,1.0,2000.0,245.4
2018-10-13T12:05:12,30.8,207.9,251.4,1.0,2000.0,246.4
2018-10-13T12:05:44,30.7,185.4,234.8,1.1,2010.0,246.4
2018-10-13T12:06:15,30.8,173.6,244.9,1.4,2010.0,246.4
2018-10-13T12:06:46,30.8,178.3,244.9,1.3,2020.0,246.4
2018-10-13T12:07:17,30.8,170.1,249.0,1.3,2020.0,245.4
2018-10-13T12:07:48,30.8,185.4,241.9,1.2,2030.0,245.4
2018-10-13T12:08:19,30.9,206.7,238.4,1.1,2030.0,245.4
2018-10-13T12:08:51,30.8,190.8,250.8,1.2,2040.0,246.4
2018-10-13T12:09:22,30.9,169.5,249.0,1.4,2040.0,246.4
2018-10-13T12:09:53,30.9,177.8,234.8,1.4,2050.0,246.4
2018-10-13T12:10:24,30.9,166.5,246.1,1.4,2050.0,246.4
2018-10-13T12:10:55,31.0,184.3,242.5,1.3,2060.0,246.4
2018-10-13T12:11:27,31.0,208.5,239.5,1.2,2060.0,246.4
2018-10-13T12:11:58,31.0,207.3,251.4,1.2,2070.0,246.4
2018-10-13T12:12:29,31.0,199.0,236.6,1.3,2070.0,245.4
2018-10-13T12:13:00,31.0,202.0,242.5,1.2,2080.0,246.4
2018-10-13T12:13:31,31.0,202.0,252.0,1.3,2090.0,245.4
2018-10-13T12:14:02,31.1,204.3,234.8,1.3,2090.0,245.4
2018-10-13T12:14:33,31.1,210.2,244.9,1.3,2100.0,245.4
2018-10-13T12:15:04,31.1,206.1,246.1,1.4,2100.0,246.4
2018-10-13T12:15:35,31.1,196.7,246.6,1.3,2110.0,246.4
2018-10-13T12:16:07,31.1,198.4,241.3,1.4,2120.0,248.3
2018-10-13T12:16:38,31.1,200.8,237.2,1.3,2120.0,245.4
2018-10-13T12:17:09,31.1,202.0,241.9,1.4,2130.0,246.4
2018-10-13T12:17:40,31.2,207.9,252.6,1.5,2140.0,245.4
2018-10-13T12:18:11,31.2,206.7,249.6,1.5,2140.0,246.4
2018-10-13T12:18:42,31.2,211.4,248.4,1.4,2150.0,247.3
2018-10-13T12:19:13,31.2,204.9,251.4,1.5,2160.0,247.3
2018-10-13T12:19:44,31.2,197.3,239.0,1.5,2160.0,245.4
2018-10-13T12:20:15,31.2,201.4,239.0,1.5,2170.0,246.4
2018-10-13T12:20:46,31.4,202.6,244.9,1.5,2180.0,245.4
2018-10-13T12:21:18,31.4,199.6,239.0,1.6,2190.0,246.4
2018-10-13T12:21:49,31.4,204.9,251.4,1.6,2190.0,246.4
2018-10-13T12:22:20,31.4,208.5,249.0,1.6,2200.0,246.4
2018-10-13T12:22:51,31.4,209.1,243.7,1.4,2210.0,246.4
2018-10-13T12:23:22,31.4,204.9,245.5,1.6,2220.0,247.3
2018-10-13T12:23:53,31.4,202.6,249.6,1.6,2230.0,248.3
2018-10-13T12:24:24,31.4,210.8,252.0,1.5,2230.0,247.3
2018-10-13T12:24:55,31.5,209.1,249.6,1.5,2240.0,248.3
2018-10-13T12:25:26,31.5,206.7,249.6,1.5,2250.0,248.3
2018-10-13T12:25:58,31.5,206.7,246.6,1.5,2260.0,248.3
2018-10-13T12:26:29,31.6,210.2,245.5,1.4,2260.0,248.3
2018-10-13T12:27:00,31.5,204.9,246.6,1.5,2270.0,248.3
2018-10-13T12:27:31,31.6,210.2,243.7,1.3,2280.0,248.3
2018-10-13T12:28:02,31.6,205.5,243.7,1.6,2280.0,247.3
2018-10-13T12:28:33,31.6,205.5,241.9,1.5,2290.0,248.3
2018-10-13T12:29:04,31.7,204.9,247.2,1.5,2300.0,247.3
2018-10-13T12:29:35,31.7,202.0,240.7,1.4,2310.0,245.4
2018-10-13T12:30:06,31.7,208.5,243.1,1.5,2310.0,247.3
2018-10-13T12:30:38,31.7,206.7,240.1,1.5,2320.0,245.4
2018-10-13T12:31:09,31.7,202.6,239.0,1.5,2330.0,245.4
2018-10-13T12:31:40,31.7,207.9,238.4,1.5,2330.0,245.4
2018-10-13T12:32:11,31.7,207.9,240.1,1.6,2340.0,246.4
2018-10-13T12:32:42,31.7,204.9,240.7,1.6,2350.0,246.4
2018-10-13T12:33:13,31.8,207.9,243.7,1.6,2360.0,245.4
2018-10-13T12:33:44,31.8,200.2,241.9,1.5,2360.0,246.4
2018-10-13T12:34:15,31.8,208.5,243.7,1.5,2370.0,244.4
2018-10-13T12:34:46,31.8,209.1,243.1,1.3,2380.0,244.4
2018-10-13T12:35:17,31.9,204.3,246.1,1.5,2380.0,244.4
2018-10-13T12:35:49,31.9,209.1,243.7,1.3,2390.0,243.5
2018-10-13T12:36:20,31.9,201.4,240.1,1.3,2400.0,242.5
2018-10-13T12:36:51,32.0,206.7,249.0,1.2,2400.0,243.5
2018-10-13T12:37:22,32.0,204.3,246.6,1.3,2410.0,243.5
2018-10-13T12:37:53,32.0,205.5,243.1,1.1,2420.0,243.5
2018-10-13T12:38:24,32.0,199.0,246.6,1.1,2420.0,242.5
2018-10-13T12:38:55,32.0,196.7,243.1,0.9,2430.0,243.5
2018-10-13T12:39:26,32.0,197.3,245.5,0.9,2430.0,242.5
2018-10-13T12:39:57,32.0,194.9,249.6,1.0,2440.0,243.5
2018-10-13T12:40:28,31.9,173.6,228.3,1.2,2440.0,244.4
2018-10-13T12:41:00,32.0,178.3,249.0,1.2,2440.0,244.4
2018-10-13T12:41:31,32.0,200.8,235.4,1.1,2450.0,245.4
2018-10-13T12:42:02,32.0,194.9,249.0,1.1,2450.0,245.4
2018-10-13T12:42:33,32.0,173.0,231.9,1.3,2460.0,247.3
2018-10-13T12:43:04,32.0,173.0,242.5,1.4,2460.0,246.4
2018-10-13T12:43:35,31.9,177.8,241.9,1.4,2470.0,245.4
2018-10-13T12:44:06,32.0,181.3,247.8,1.4,2480.0,246.4
2018-10-13T12:44:37,32.0,183.1,243.1,1.2,2480.0,245.4
2018-10-13T12:45:08,32.0,174.2,236.6,1.3,2490.0,245.4
2018-10-13T12:45:39,32.2,173.6,244.9,1.5,2490.0,247.3
2018-10-13T12:46:11,32.0,180.1,246.1,1.3,2500.0,245.4
2018-10-13T12:46:42,32.0,180.1,243.7,1.4,2500.0,244.4
2018-10-13T12:47:13,32.0,168.9,238.4,1.5,2510.0,245.4
2018-10-13T12:47:44,32.0,190.8,249.0,1.4,2520.0,247.3
2018-10-13T12:48:15,32.0,211.4,246.6,1.2,2520.0,247.3
2018-10-13T12:48:46,32.0,202.0,240.7,1.3,2530.0,245.4
2018-10-13T12:49:17,32.0,198.4,243.1,1.3,2530.0,247.3
2018-10-13T12:49:48,32.0,199.6,239.5,1.2,2540.0,247.3
2018-10-13T12:50:19,32.0,206.1,243.7,1.2,2550.0,246.4
2018-10-13T12:50:50,32.0,200.8,244.9,1.2,2550.0,247.3
2018-10-13T12:51:22,32.2,203.7,245.5,1.2,2560.0,245.4
2018-10-13T12:51:53,32.0,208.5,243.1,0.9,2560.0,245.4
2018-10-13T12:52:24,32.2,203.7,246.1,1.1,2570.0,247.3
2018-10-13T12:52:55,32.2,202.6,243.1,1.1,2570.0,246.4
2018-10-13T12:53:26,32.2,181.9,237.2,1.2,2580.0,246.4
2018-10-13T12:53:57,32.2,170.7,246.1,1.3,2580.0,247.3
2018-10-13T12:54:28,32.2,193.1,236.6,1.2,2590.0,247.3
2018-10-13T12:54:59,32.2,200.8,249.6,1.1,2590.0,246.4
2018-10-13T12:55:30,32.2,197.3,243.7,1.2,2600.0,248.3
2018-10-13T12:56:01,32.2,199.6,239.5,1.1,2600.0,248.3
2018-10-13T12:56:32,32.2,179.5,250.8,1.2,2610.0,246.4
2018-10-13T12:57:03,32.2,168.3,241.9,1.4,2610.0,247.3
2018-10-13T12:57:34,32.2,190.2,237.8,1.2,2620.0,246.4
2018-10-13T12:58:05,32.2,208.5,238.4,1.1,2620.0,248.3
2018-10-13T12:58:36,32.2,206.1,243.1,1.2,2630.0,246.4
2018-10-13T12:59:07,32.2,199.6,240.7,1.0,2630.0,247.3
2018-10-13T12:59:38,32.2,199.6,244.9,1.0,2640.0,247.3
2018-10-13T13:00:09,32.3,190.2,243.7,1.0,2640.0,247.3
2018-10-13T13:00:41,32.3,168.9,231.3,1.2,2650.0,247.3
2018-10-13T13:01:12,32.2,176.0,239.5,1.1,2650.0,247.3
2018-10-13T13:01:43,32.3,173.6,243.7,1.1,2660.0,247.3
2018-10-13T13:02:14,32.3,179.5,240.7,1.1,2660.0,246.4
2018-10-13T13:02:45,32.3,176.0,239.0,1.0,2660.0,244.4
2018-10-13T13:03:16,32.3,177.8,240.7,0.9,2670.0,245.4
2018-10-13T13:03:47,32.2,189.6,240.1,0.9,2670.0,245.4
2018-10-13T13:04:18,32.2,204.9,241.9,0.7,2680.0,247.3
2018-10-13T13:04:49,32.2,206.1,242.5,0.7,2680.0,245.4
2018-10-13T13:05:20,32.2,206.1,243.7,0.7,2680.0,246.4
2018-10-13T13:05:52,32.2,183.7,247.8,0.9,2690.0,247.3
2018-10-13T13:06:23,32.2,161.8,231.9,1.1,2690.0,246.4
2018-10-13T13:06:54,32.2,154.7,232.4,1.1,2690.0,246.4
2018-10-13T13:07:25,32.2,178.3,247.2,1.0,2700.0,247.3
2018-10-13T13:07:56,32.2,201.4,224.8,0.9,2700.0,248.3
2018-10-13T13:08:27,32.2,200.2,249.6,1.0,2710.0,248.3
2018-10-13T13:08:58,32.2,204.9,241.3,1.1,2710.0,248.3
2018-10-13T13:09:29,32.2,190.8,223.0,1.2,2720.0,248.3
2018-10-13T13:10:00,32.2,168.9,249.0,1.2,2720.0,247.3
2018-10-13T13:10:32,32.2,184.3,234.8,1.1,2730.0,247.3
2018-10-13T13:11:03,32.2,206.1,245.5,1.1,2730.0,249.3
2018-10-13T13:11:34,32.2,207.3,249.0,1.1,2740.0,247.3
2018-10-13T13:12:05,32.0,208.5,249.6,0.9,2740.0,249.3
2018-10-13T13:12:36,31.9,209.1,246.6,0.9,2750.0,249.3
2018-10-13T13:13:07,32.0,203.7,234.8,1.1,2750.0,248.3
2018-10-13T13:13:38,32.0,223.8,246.1,0.9,2750.0,247.3
2018-10-13T13:14:09,32.0,232.1,249.0,0.9,2760.0,250.2
2018-10-13T13:14:40,32.0,223.2,249.6,0.9,2760.0,248.3
2018-10-13T13:15:11,32.0,219.1,233.0,1.0,2770.0,247.3
2018-10-13T13:15:43,32.0,227.4,250.8,1.0,2770.0,248.3
2018-10-13T13:16:14,32.0,214.4,240.7,1.0,2780.0,248.3
2018-10-13T13:16:45,32.0,231.5,237.2,0.9,2780.0,249.3
2018-10-13T13:17:16,32.0,223.8,242.5,1.0,2790.0,248.3
2018-10-13T13:17:47,32.0,228.0,241.3,0.9,2790.0,249.3
2018-10-13T13:18:18,32.0,221.5,249.6,1.1,2800.0,249.3
2018-10-13T13:18:49,32.0,220.9,240.7,1.0,2800.0,249.3
2018-10-13T13:19:20,32.0,231.5,250.8,1.0,2810.0,248.3
2018-10-13T13:19:51,32.0,211.4,236.6,1.0,2810.0,248.3
2018-10-13T13:20:22,32.0,230.3,241.3,1.1,2820.0,248.3
2018-10-13T13:20:54,32.0,225.0,244.9,1.0,2830.0,247.3
2018-10-13T13:21:26,32.0,225.6,249.0,1.0,2830.0,247.3
2018-10-13T13:21:57,32.0,228.0,246.6,1.0,2840.0,248.3
2018-10-13T13:22:28,32.0,227.4,239.0,0.9,2840.0,248.3
2018-10-13T13:22:59,32.0,229.7,237.8,0.9,2850.0,248.3
2018-10-13T13:23:30,32.0,218.5,247.2,0.9,2850.0,248.3
2018-10-13T13:24:01,32.0,229.2,240.7,0.9,2860.0,247.3
2018-10-13T13:24:32,31.9,224.4,241.9,1.0,2860.0,248.3
2018-10-13T13:25:03,31.9,229.7,240.1,0.9,2870.0,247.3
2018-10-13T13:25:34,31.9,220.9,243.7,0.9,2870.0,248.3
2018-10-13T13:26:06,31.9,223.2,242.5,0.8,2870.0,247.3
2018-10-13T13:26:37,31.9,224.4,240.1,0.7,2880.0,247.3
2018-10-13T13:27:08,31.8,219.7,240.7,0.7,2880.0,247.3
2018-10-13T13:27:39,31.8,222.1,240.1,0.6,2890.0,246.4
2018-10-13T13:28:10,31.8,222.1,237.8,0.5,2890.0,245.4
2018-10-13T13:28:41,31.8,219.1,236.0,0.5,2890.0,245.4
2018-10-13T13:29:12,31.9,215.6,231.9,0.4,2890.0,246.4
2018-10-13T13:29:43,31.9,212.0,236.0,0.4,2900.0,245.4
2018-10-13T13:30:14,31.9,213.8,233.0,0.3,2900.0,245.4
2018-10-13T13:30:45,31.9,196.7,230.7,0.4,2900.0,244.4
2018-10-13T13:31:17,31.9,174.8,220.0,0.4,2900.0,245.4
2018-10-13T13:31:48,31.9,193.1,240.7,0.4,2900.0,245.4
2018-10-13T13:32:19,31.9,213.8,227.1,0.3,2900.0,245.4
2018-10-13T13:32:50,31.8,204.3,230.1,0.3,2900.0,245.4
2018-10-13T13:33:21,31.8,212.0,237.2,0.3,2910.0,245.4
2018-10-13T13:33:52,31.6,217.9,236.0,0.3,2910.0,245.4
2018-10-13T13:34:23,31.6,194.3,211.7,0.4,2910.0,243.5
2018-10-13T13:34:54,31.6,168.9,186.3,0.7,2910.0,245.4
2018-10-13T13:35:55,31.6,127.0,143.7,0.9,2910.0,244.4
2018-10-13T13:36:27,31.6,109.2,163.8,1.0,2920.0,245.4
2018-10-13T13:36:58,31.5,134.0,194.6,1.1,2920.0,244.4
2018-10-13T13:37:29,31.6,161.2,224.2,1.0,2920.0,245.4
2018-10-13T13:38:00,31.5,183.7,249.6,1.0,2930.0,246.4
2018-10-13T13:38:31,31.4,192.5,249.6,1.1,2930.0,245.4
2018-10-13T13:39:02,31.2,209.7,243.7,0.9,2940.0,245.4
2018-10-13T13:39:33,31.4,197.8,236.0,1.0,2940.0,245.4
2018-10-13T13:40:04,31.4,204.9,241.9,1.1,2950.0,245.4
2018-10-13T13:40:35,31.4,199.6,231.9,1.1,2950.0,246.4
2018-10-13T13:41:07,31.4,202.6,244.9,1.1,2960.0,248.3
2018-10-13T13:41:38,31.5,197.8,239.5,1.2,2960.0,248.3
2018-10-13T13:42:09,31.4,176.0,241.3,1.4,2970.0,247.3
2018-10-13T13:42:40,31.2,154.7,241.9,1.7,2980.0,248.3
2018-10-13T13:43:11,31.2,173.0,245.5,1.5,2980.0,246.4
2018-10-13T13:43:42,31.2,178.3,249.6,1.5,2990.0,248.3
2018-10-13T13:44:13,31.2,186.6,249.0,1.4,2990.0,248.3
2018-10-13T13:44:44,31.2,182.5,242.5,1.4,3000.0,248.3
2018-10-13T13:45:15,31.2,178.3,244.9,1.4,3010.0,247.3
2018-10-13T13:45:46,31.2,180.7,246.1,1.3,3010.0,247.3
2018-10-13T13:46:18,31.2,180.1,244.9,1.2,3020.0,247.3
2018-10-13T13:46:49,31.4,176.6,247.2,1.1,3020.0,247.3
2018-10-13T13:47:20,31.4,173.6,246.1,1.1,3030.0,247.3
2018-10-13T13:47:51,31.5,177.2,244.9,1.0,3030.0,245.4
2018-10-13T13:48:22,31.5,172.4,243.1,0.8,3040.0,247.3
2018-10-13T13:48:53,31.5,173.6,239.5,0.8,3040.0,245.4
2018-10-13T13:49:24,31.4,194.3,233.6,0.6,3040.0,245.4
2018-10-13T13:49:55,31.2,194.9,239.5,0.7,3050.0,246.4
2018-10-13T13:50:26,31.1,200.2,240.1,0.6,3050.0,247.3
2018-10-13T13:50:57,31.1,197.8,241.3,0.6,3050.0,245.4
2018-10-13T13:51:29,31.2,198.4,238.4,0.6,3050.0,247.3
2018-10-13T13:52:00,31.2,208.5,237.8,0.5,3060.0,244.4
2018-10-13T13:52:31,31.2,228.6,216.5,0.5,3060.0,245.4
2018-10-13T13:53:02,31.4,208.5,196.4,0.6,3060.0,245.4
2018-10-13T13:53:33,31.2,186.0,205.8,0.7,3070.0,245.4
2018-10-13T13:54:04,31.2,163.0,237.2,1.0,3070.0,246.4
2018-10-13T13:54:35,31.4,142.3,244.3,1.0,3070.0,246.4
2018-10-13T13:55:06,31.4,160.6,243.7,0.9,3080.0,245.4
2018-10-13T13:55:37,31.2,182.5,239.0,0.8,3080.0,247.3
2018-10-13T13:56:09,31.2,176.0,239.0,0.7,3080.0,247.3
2018-10-13T13:56:40,31.2,172.4,243.1,0.7,3090.0,246.4
2018-10-13T13:57:11,31.2,165.9,241.9,0.7,3090.0,245.4
2018-10-13T13:57:42,31.2,171.3,237.8,0.7,3090.0,246.4
2018-10-13T13:58:13,31.4,174.8,234.2,0.6,3090.0,245.4
2018-10-13T13:58:44,31.2,180.1,237.8,0.5,3100.0,246.4
2018-10-13T13:59:15,31.1,173.6,236.0,0.5,3100.0,245.4
2018-10-13T13:59:46,31.1,194.9,223.0,0.4,3100.0,244.4
2018-10-13T14:00:17,31.1,215.6,236.6,0.4,3100.0,244.4
2018-10-13T14:00:48,31.1,217.9,249.6,0.4,3100.0,245.4
2018-10-13T14:01:20,31.1,194.3,225.4,0.6,3110.0,245.4
2018-10-13T14:01:51,31.0,174.2,204.6,0.7,3110.0,246.4
2018-10-13T14:02:22,31.0,150.0,180.4,0.8,3110.0,247.3
2018-10-13T14:02:53,31.1,127.5,156.1,1.1,3110.0,247.3
2018-10-13T14:03:24,31.1,112.8,144.3,1.3,3120.0,248.3
2018-10-13T14:03:55,31.1,137.0,173.9,1.1,3120.0,246.4
2018-10-13T14:04:26,31.1,160.6,202.9,1.1,3120.0,248.3
2018-10-13T14:04:57,31.1,187.2,234.2,1.1,3130.0,248.3
2018-10-13T14:05:52,31.1,192.5,234.2,1.2,3140.0,248.3
2018-10-13T14:06:23,31.0,168.9,241.3,1.4,3140.0,248.3
2018-10-13T14:06:54,30.9,186.6,239.5,1.3,3150.0,248.3
2018-10-13T14:07:25,30.9,177.8,249.6,1.4,3160.0,246.4
2018-10-13T14:07:56,30.9,176.0,249.6,1.4,3160.0,247.3
2018-10-13T14:08:27,30.8,177.8,247.2,1.4,3170.0,248.3
2018-10-13T14:08:58,30.8,176.6,239.5,1.3,3170.0,248.3
2018-10-13T14:09:29,30.7,184.3,241.9,1.3,3180.0,248.3
2018-10-13T14:10:00,30.7,176.6,246.6,1.2,3180.0,248.3
2018-10-13T14:10:32,30.7,180.7,249.6,1.1,3190.0,247.3
2018-10-13T14:11:03,30.8,170.7,241.9,1.2,3190.0,247.3
2018-10-13T14:11:34,30.9,180.7,246.6,1.1,3200.0,248.3
2018-10-13T14:12:05,30.9,168.9,244.9,1.0,3200.0,247.3
2018-10-13T14:12:36,31.0,172.4,244.9,1.0,3210.0,247.3
2018-10-13T14:13:07,31.0,164.8,249.6,1.0,3210.0,248.3
2018-10-13T14:13:38,31.0,180.1,234.8,1.1,3220.0,248.3
2018-10-13T14:14:09,30.9,203.2,241.9,1.0,3220.0,249.3
2018-10-13T14:14:40,30.9,190.2,232.4,1.1,3220.0,247.3
2018-10-13T14:15:11,31.0,168.9,252.0,1.1,3230.0,248.3
2018-10-13T14:15:45,30.9,156.5,234.8,1.3,3230.0,249.3
2018-10-13T14:16:17,30.9,182.5,250.8,1.2,3240.0,248.3
2018-10-13T14:16:48,31.0,206.1,228.3,1.1,3240.0,249.3
2018-10-13T14:17:19,30.9,204.3,233.6,1.1,3250.0,247.3
2018-10-13T14:17:50,30.9,196.1,249.0,1.3,3250.0,247.3
2018-10-13T14:18:21,31.0,190.8,243.7,1.3,3260.0,248.3
2018-10-13T14:18:52,30.9,204.9,249.6,1.2,3270.0,247.3
2018-10-13T14:19:23,30.9,206.7,245.5,1.1,3270.0,248.3
2018-10-13T14:19:54,30.9,205.5,243.1,1.2,3280.0,249.3
2018-10-13T14:20:25,31.0,196.7,236.0,1.2,3280.0,248.3
2018-10-13T14:20:56,31.0,202.0,244.9,1.1,3290.0,248.3
2018-10-13T14:21:28,30.9,206.7,240.7,1.0,3290.0,248.3
2018-10-13T14:21:59,30.9,206.1,247.2,1.0,3300.0,248.3
2018-10-13T14:22:30,31.0,201.4,244.3,1.1,3300.0,248.3
2018-10-13T14:23:01,31.0,200.8,239.5,0.9,3310.0,248.3
2018-10-13T14:23:32,30.9,195.5,241.3,1.0,3310.0,247.3
2018-10-13T14:24:03,30.9,186.6,246.1,0.9,3310.0,246.4
2018-10-13T14:24:34,31.0,199.6,237.8,0.8,3320.0,248.3
2018-10-13T14:25:05,31.0,201.4,237.2,0.8,3320.0,246.4
2018-10-13T14:25:36,31.1,202.0,229.5,0.8,3330.0,245.4
2018-10-13T14:26:08,31.1,222.7,238.4,0.7,3330.0,247.3
2018-10-13T14:26:39,31.1,211.4,230.7,0.7,3330.0,247.3
2018-10-13T14:27:10,31.2,226.8,236.0,0.6,3340.0,247.3
2018-10-13T14:27:41,31.2,212.6,237.2,0.6,3340.0,247.3
2018-10-13T14:28:12,31.2,217.9,226.5,0.6,3340.0,248.3
2018-10-13T14:28:43,31.2,196.7,237.2,0.7,3340.0,248.3
2018-10-13T14:29:14,31.2,199.6,234.2,0.6,3350.0,248.3
2018-10-13T14:29:45,31.2,193.7,234.8,0.6,3350.0,247.3
2018-10-13T14:30:16,31.1,196.1,235.4,0.5,3350.0,247.3
2018-10-13T14:30:47,31.1,194.9,230.1,0.5,3350.0,245.4
2018-10-13T14:31:19,31.1,216.2,221.2,0.4,3360.0,245.4
2018-10-13T14:31:50,31.2,209.7,199.3,0.5,3360.0,246.4
2018-10-13T14:32:21,31.2,186.0,176.2,0.7,3360.0,245.4
2018-10-13T14:32:52,31.2,163.0,155.5,0.9,3360.0,245.4
2018-10-13T14:33:23,31.2,142.9,143.1,1.0,3360.0,245.4
2018-10-13T14:33:54,31.2,157.1,172.1,1.0,3370.0,246.4
2018-10-13T14:34:25,31.4,180.1,200.5,0.9,3370.0,247.3
2018-10-13T14:34:56,31.4,204.3,231.3,0.8,3370.0,246.4
2018-10-13T14:35:27,31.4,202.0,236.0,0.9,3380.0,247.3
2018-10-13T14:35:58,31.2,186.0,252.6,1.0,3380.0,247.3
2018-10-13T14:36:30,31.4,168.9,241.3,1.1,3380.0,246.4
2018-10-13T14:37:01,31.4,190.2,239.0,0.9,3390.0,247.3
2018-10-13T14:37:32,31.2,197.3,248.4,0.9,3390.0,246.4
2018-10-13T14:38:03,31.2,202.0,243.1,0.9,3400.0,246.4
2018-10-13T14:38:34,31.2,204.3,239.5,0.9,3400.0,248.3
2018-10-13T14:39:05,31.2,205.5,236.0,0.9,3410.0,246.4
2018-10-13T14:39:36,31.2,200.8,249.0,1.0,3410.0,247.3
2018-10-13T14:40:07,31.2,197.8,236.6,0.9,3410.0,247.3
2018-10-13T14:40:39,31.2,193.1,241.9,0.9,3420.0,246.4
2018-10-13T14:41:10,31.4,194.9,246.1,1.0,3420.0,247.3
2018-10-13T14:41:41,31.2,207.9,234.8,0.9,3430.0,248.3
2018-10-13T14:42:12,31.1,229.2,249.0,0.7,3430.0,248.3
2018-10-13T14:42:43,31.1,215.0,241.9,0.9,3430.0,247.3
2018-10-13T14:43:14,31.1,225.0,241.9,0.8,3440.0,247.3
2018-10-13T14:43:45,31.2,217.9,237.8,0.9,3440.0,247.3
2018-10-13T14:44:16,31.2,221.5,249.0,0.8,3450.0,247.3
2018-10-13T14:44:47,31.2,225.6,241.9,0.9,3450.0,246.4
2018-10-13T14:45:18,31.2,213.8,237.8,0.9,3460.0,247.3
2018-10-13T14:45:50,31.2,223.8,247.2,0.9,3460.0,247.3
2018-10-13T14:46:21,31.4,229.7,233.0,0.8,3460.0,247.3
2018-10-13T14:46:52,31.4,212.6,249.6,0.9,3470.0,247.3
2018-10-13T14:47:23,31.2,227.4,236.6,0.9,3470.0,247.3
2018-10-13T14:47:54,31.2,216.2,247.2,0.9,3480.0,247.3
2018-10-13T14:48:25,31.2,229.7,250.8,0.8,3480.0,246.4
2018-10-13T14:48:56,31.2,230.3,246.6,0.8,3490.0,248.3
2018-10-13T14:49:27,31.2,229.7,246.6,0.9,3490.0,245.4
2018-10-13T14:49:58,31.2,230.3,241.9,0.9,3500.0,246.4
2018-10-13T14:50:29,31.1,212.0,242.5,0.9,3500.0,246.4
2018-10-13T14:51:01,31.2,229.7,249.0,0.8,3510.0,244.4
2018-10-13T14:51:32,31.2,222.7,237.8,0.9,3510.0,245.4
2018-10-13T14:52:03,31.1,225.6,249.6,0.8,3510.0,245.4
2018-10-13T14:52:34,31.2,226.8,242.5,0.8,3520.0,244.4
2018-10-13T14:53:05,31.0,225.6,244.9,0.8,3520.0,245.4
2018-10-13T14:53:36,31.1,223.8,243.7,0.7,3530.0,243.5
2018-10-13T14:54:07,31.0,219.7,240.7,0.7,3530.0,243.5
2018-10-13T14:54:38,31.1,222.1,239.0,0.7,3530.0,243.5
2018-10-13T14:55:09,31.1,226.2,242.5,0.6,3540.0,243.5
2018-10-13T14:55:40,31.1,223.2,238.4,0.7,3540.0,243.5
2018-10-13T14:56:12,31.1,207.9,237.2,0.7,3550.0,242.5
2018-10-13T14:56:43,31.1,196.1,237.8,0.7,3550.0,242.5
2018-10-13T14:57:14,31.1,184.8,242.5,0.7,3550.0,243.5
2018-10-13T14:57:45,31.1,197.3,236.0,0.7,3560.0,243.5
2018-10-13T14:58:16,31.2,196.1,239.0,0.8,3560.0,242.5
2018-10-13T14:58:47,31.2,197.8,241.3,0.7,3560.0,241.5
2018-10-13T14:59:18,31.2,196.7,236.0,0.7,3560.0,241.5
2018-10-13T14:59:49,31.2,199.6,240.7,0.6,3570.0,243.5
2018-10-13T15:00:20,31.2,178.3,237.8,0.7,3570.0,240.6
2018-10-13T15:00:51,31.2,165.9,236.0,0.8,3570.0,241.5
2018-10-13T15:01:23,31.2,189.0,230.7,0.7,3580.0,241.5
2018-10-13T15:01:54,31.2,209.1,249.0,0.6,3580.0,242.5
2018-10-13T15:02:25,31.2,228.0,227.7,0.6,3580.0,241.5
2018-10-13T15:02:56,31.2,224.4,247.2,0.6,3590.0,242.5
2018-10-13T15:03:27,31.2,214.4,230.7,0.6,3590.0,242.5
2018-10-13T15:03:58,31.2,229.2,239.0,0.5,3590.0,242.5
2018-10-13T15:04:29,31.2,225.0,239.5,0.5,3590.0,242.5
2018-10-13T15:05:00,31.2,218.5,238.4,0.5,3600.0,241.5
2018-10-13T15:05:31,31.1,212.0,231.9,0.4,3600.0,243.5
2018-10-13T15:06:03,31.0,191.9,232.4,0.4,3600.0,243.5
2018-10-13T15:06:34,31.0,170.7,231.3,0.5,3600.0,241.5
2018-10-13T15:07:05,31.0,171.3,242.5,0.6,3600.0,240.6
2018-10-13T15:07:36,31.1,191.3,239.5,0.5,3610.0,240.6
2018-10-13T15:08:07,31.1,197.3,233.6,0.4,3610.0,240.6
2018-10-13T15:08:38,31.0,214.4,233.0,0.4,3610.0,241.5
2018-10-13T15:09:09,31.0,213.2,233.6,0.3,3610.0,243.5
2018-10-13T15:09:40,31.0,204.9,228.3,0.3,3610.0,242.5
2018-10-13T15:10:11,31.0,217.3,228.3,0.2,3610.0,242.5
2018-10-13T15:10:42,31.0,196.1,225.4,0.3,3610.0,244.4
2018-10-13T15:11:14,30.9,213.8,221.2,0.2,3620.0,242.5
2018-10-13T15:11:45,30.9,197.3,211.7,0.2,3620.0,241.5
2018-10-13T15:12:16,30.8,212.0,227.7,0.2,3620.0,242.5
2018-10-13T15:12:47,30.8,190.2,215.3,0.2,3620.0,242.5
2018-10-13T15:13:18,30.8,168.9,194.0,0.2,3620.0,242.5
2018-10-13T15:13:49,30.9,149.4,173.9,0.3,3620.0,242.5
2018-10-13T15:14:20,30.9,127.5,153.2,0.3,3620.0,241.5
2018-10-13T15:14:51,30.9,132.9,176.8,0.3,3620.0,242.5
2018-10-13T15:15:22,30.9,154.7,199.9,0.3,3620.0,242.5
2018-10-13T15:15:54,30.8,178.3,227.7,0.4,3620.0,242.5
2018-10-13T15:16:25,30.7,202.6,244.9,0.4,3620.0,242.5
2018-10-13T15:16:56,30.8,225.0,239.0,0.3,3630.0,242.5
2018-10-13T15:17:27,30.7,206.7,249.0,0.5,3630.0,245.4
2018-10-13T15:17:58,30.7,182.5,221.2,0.6,3630.0,242.5
2018-10-13T15:18:29,30.7,161.8,198.7,0.7,3630.0,244.4
2018-10-13T15:19:00,30.7,140.0,176.2,0.9,3630.0,244.4
2018-10-13T15:19:31,30.5,127.5,171.5,1.0,3640.0,245.4
2018-10-13T15:20:02,30.5,151.8,197.0,1.0,3640.0,243.5
2018-10-13T15:20:34,30.5,168.9,214.1,0.9,3640.0,244.4
2018-10-13T15:21:05,30.5,189.6,236.6,0.7,3650.0,241.5
2018-10-13T15:21:36,30.7,196.7,241.9,0.7,3650.0,243.5
2018-10-13T15:22:07,30.7,196.1,237.8,0.6,3650.0,243.5
2018-10-13T15:22:38,30.5,200.2,239.0,0.6,3660.0,244.4
2018-10-13T15:23:09,30.5,201.4,235.4,0.5,3660.0,242.5
2018-10-13T15:23:40,30.5,193.7,237.8,0.6,3660.0,244.4
2018-10-13T15:24:11,30.4,192.5,235.4,0.5,3660.0,242.5
2018-10-13T15:24:42,30.5,188.4,237.8,0.4,3660.0,244.4
2018-10-13T15:25:13,30.5,208.5,234.8,0.4,3670.0,241.5
2018-10-13T15:25:45,30.5,209.7,231.9,0.3,3670.0,242.5
2018-10-13T15:26:16,30.5,210.8,230.7,0.3,3670.0,242.5
2018-10-13T15:26:47,30.5,204.9,223.6,0.3,3670.0,241.5
2018-10-13T15:27:18,30.5,216.2,241.9,0.3,3670.0,241.5
2018-10-13T15:27:49,30.5,219.1,220.6,0.3,3670.0,242.5
2018-10-13T15:28:20,30.5,202.0,212.9,0.4,3670.0,240.6
2018-10-13T15:28:51,30.5,177.8,188.7,0.6,3680.0,243.5
2018-10-13T15:29:22,30.5,155.3,197.0,0.7,3680.0,242.5
2018-10-13T15:29:53,30.5,134.0,226.5,0.9,3680.0,243.5
2018-10-13T15:30:24,30.5,113.4,237.2,1.1,3680.0,244.4
2018-10-13T15:30:56,30.5,134.0,243.7,0.9,3690.0,242.5
2018-10-13T15:31:27,30.4,157.1,247.8,0.9,3690.0,244.4
2018-10-13T15:31:58,30.4,178.9,232.4,0.8,3690.0,244.4
2018-10-13T15:32:29,30.4,200.8,241.3,0.7,3700.0,241.5
2018-10-13T15:33:00,30.4,190.8,237.2,0.8,3700.0,243.5
2018-10-13T15:33:31,30.5,199.6,246.1,0.7,3700.0,243.5
2018-10-13T15:34:02,30.5,199.6,244.9,0.6,3710.0,241.5
2018-10-13T15:34:33,30.5,191.9,241.3,0.6,3710.0,242.5
2018-10-13T15:35:04,30.5,193.1,239.5,0.6,3710.0,243.5
2018-10-13T15:35:36,30.5,188.4,237.2,0.6,3710.0,242.5
2018-10-13T15:36:07,30.5,209.7,246.6,0.5,3720.0,243.5
2018-10-13T15:36:38,30.5,225.0,225.4,0.5,3720.0,241.5
2018-10-13T15:37:09,30.5,203.7,244.9,0.5,3720.0,243.5
2018-10-13T15:37:40,30.5,182.5,228.3,0.6,3720.0,242.5
2018-10-13T15:38:11,30.4,161.2,246.6,0.6,3730.0,242.5
2018-10-13T15:38:42,30.4,182.5,232.4,0.6,3730.0,244.4
2018-10-13T15:39:13,30.4,204.3,228.9,0.5,3730.0,243.5
2018-10-13T15:39:44,30.4,182.5,250.2,0.6,3730.0,244.4
2018-10-13T15:40:15,30.4,172.4,228.3,0.6,3730.0,245.4
2018-10-13T15:40:47,30.4,194.3,239.5,0.5,3740.0,245.4
2018-10-13T15:41:18,30.3,199.6,240.1,0.4,3740.0,242.5
2018-10-13T15:41:49,30.3,192.5,236.6,0.4,3740.0,245.4
2018-10-13T15:42:20,30.3,190.2,237.8,0.4,3740.0,244.4
2018-10-13T15:42:51,30.3,191.3,238.4,0.4,3740.0,243.5
2018-10-13T15:43:22,30.3,212.6,233.6,0.4,3750.0,244.4
2018-10-13T15:43:53,30.3,225.0,223.6,0.4,3750.0,244.4
2018-10-13T15:44:24,30.3,219.7,234.2,0.5,3750.0,245.4
2018-10-13T15:44:55,30.2,217.9,213.5,0.4,3750.0,244.4
2018-10-13T15:45:26,30.3,194.9,210.0,0.5,3750.0,244.4
2018-10-13T15:45:58,30.2,174.8,236.0,0.6,3760.0,246.4
2018-10-13T15:46:29,30.2,161.8,249.0,0.6,3760.0,245.4
2018-10-13T15:47:00,30.3,183.1,226.5,0.5,3760.0,244.4
2018-10-13T15:47:31,30.2,202.0,246.6,0.5,3760.0,245.4
2018-10-13T15:48:02,30.2,222.7,235.4,0.4,3770.0,245.4
2018-10-13T15:48:33,30.2,215.0,239.0,0.4,3770.0,243.5
2018-10-13T15:49:04,30.3,212.0,232.4,0.4,3770.0,244.4
2018-10-13T15:49:35,30.3,219.1,233.0,0.3,3770.0,244.4
2018-10-13T15:50:06,30.2,210.2,238.4,0.3,3770.0,242.5
2018-10-13T15:50:38,30.2,211.4,217.1,0.3,3770.0,244.4
2018-10-13T15:51:09,30.1,192.5,239.5,0.3,3770.0,242.5
2018-10-13T15:51:40,29.7,171.3,230.1,0.4,3780.0,241.5
2018-10-13T15:52:11,29.7,163.6,234.8,0.4,3780.0,244.4
2018-10-13T15:52:42,29.7,183.7,218.8,0.3,3780.0,243.5
2018-10-13T15:53:13,29.7,204.9,239.5,0.3,3780.0,243.5
2018-10-13T15:53:44,30.1,223.8,228.9,0.2,3780.0,243.5
2018-10-13T15:54:15,30.1,201.4,229.5,0.3,3780.0,243.5
2018-10-13T15:54:46,30.1,180.7,230.1,0.3,3780.0,243.5
2018-10-13T15:55:17,30.2,201.4,224.2,0.3,3790.0,242.5
2018-10-13T15:55:49,30.2,222.7,246.1,0.3,3790.0,241.5
2018-10-13T15:56:20,30.1,201.4,222.4,0.3,3790.0,241.5
2018-10-13T15:56:51,30.1,182.5,220.6,0.3,3790.0,243.5
2018-10-13T15:57:22,30.1,161.2,217.7,0.4,3790.0,243.5
2018-10-13T15:57:53,30.1,154.7,239.5,0.4,3790.0,240.6
2018-10-13T15:58:24,30.1,174.8,228.3,0.3,3790.0,241.5
2018-10-13T15:58:55,29.7,196.1,234.8,0.3,3790.0,241.5
2018-10-13T15:59:26,29.4,217.9,244.9,0.3,3800.0,243.5
2018-10-13T15:59:57,29.4,210.8,221.8,0.3,3800.0,241.5
2018-10-13T16:00:28,29.4,190.2,208.2,0.4,3800.0,241.5
2018-10-13T16:01:00,29.4,196.1,203.5,0.4,3800.0,240.6
2018-10-13T16:01:31,29.4,219.1,201.7,0.3,3800.0,242.5
2018-10-13T16:02:02,29.4,221.5,220.0,0.3,3800.0,243.5
2018-10-13T16:02:33,29.4,204.3,239.5,0.3,3800.0,243.5
2018-10-13T16:03:04,29.4,184.3,225.9,0.4,3810.0,239.6
2018-10-13T16:03:35,29.4,163.6,211.2,0.4,3810.0,243.5
2018-10-13T16:04:06,29.4,151.8,233.0,0.4,3810.0,242.5
2018-10-13T16:04:37,29.4,152.4,233.6,0.4,3810.0,241.5
2018-10-13T16:05:08,29.4,168.9,220.6,0.4,3810.0,241.5
2018-10-13T16:05:40,29.4,189.6,240.7,0.3,3810.0,242.5
2018-10-13T16:06:11,29.4,212.0,234.8,0.3,3810.0,241.5
2018-10-13T16:06:42,29.0,209.7,226.5,0.3,3810.0,241.5
2018-10-13T16:07:13,29.0,189.0,231.9,0.3,3820.0,240.6
2018-10-13T16:07:44,28.6,170.1,220.6,0.3,3820.0,241.5
2018-10-13T16:08:15,28.3,172.4,243.1,0.3,3820.0,241.5
2018-10-13T16:08:46,28.3,193.7,243.7,0.3,3820.0,241.5
2018-10-13T16:09:17,28.3,175.4,223.6,0.3,3820.0,242.5
2018-10-13T16:09:48,28.3,183.7,235.4,0.3,3820.0,243.5
2018-10-13T16:10:19,28.3,204.9,214.7,0.2,3820.0,241.5
2018-10-13T16:10:51,28.3,214.4,233.6,0.2,3820.0,241.5
2018-10-13T16:11:22,28.3,193.7,233.0,0.2,3820.0,242.5
2018-10-13T16:11:53,28.3,173.0,211.7,0.3,3820.0,242.5
2018-10-13T16:12:24,28.6,151.2,191.0,0.4,3830.0,241.5
2018-10-13T16:12:55,28.3,130.5,169.7,0.4,3830.0,241.5
2018-10-13T16:13:26,28.3,121.6,188.7,0.4,3830.0,242.5
2018-10-13T16:13:57,27.9,143.5,211.2,0.4,3830.0,242.5
2018-10-13T16:14:28,27.5,164.8,232.4,0.4,3830.0,242.5
2018-10-13T16:14:59,27.5,186.6,246.1,0.4,3830.0,242.5
2018-10-13T16:15:30,27.5,207.3,223.6,0.3,3830.0,242.5
2018-10-13T16:16:02,27.5,221.5,232.4,0.3,3830.0,241.5
2018-10-13T16:16:33,27.2,198.4,241.3,0.3,3840.0,244.4
2018-10-13T16:17:04,27.2,178.3,225.9,0.3,3840.0,242.5
2018-10-13T16:17:35,27.2,194.9,236.0,0.3,3840.0,239.6
2018-10-13T16:18:06,27.2,216.2,214.7,0.2,3840.0,240.6
2018-10-13T16:18:37,27.2,207.3,236.0,0.3,3840.0,241.5
2018-10-13T16:19:08,27.5,186.0,244.3,0.3,3840.0,241.5
2018-10-13T16:19:39,27.5,166.5,222.4,0.3,3840.0,238.6
2018-10-13T16:20:10,27.5,161.8,212.3,0.3,3840.0,241.5
2018-10-13T16:20:41,27.5,183.7,233.6,0.3,3840.0,242.5
2018-10-13T16:21:13,27.5,204.3,236.0,0.2,3850.0,241.5
2018-10-13T16:21:44,27.2,217.9,220.6,0.3,3850.0,240.6
2018-10-13T16:22:15,27.2,197.8,240.7,0.2,3850.0,239.6
2018-10-13T16:22:46,27.2,176.0,228.3,0.3,3850.0,240.6
2018-10-13T16:23:17,27.2,155.9,223.0,0.3,3850.0,240.6
2018-10-13T16:23:48,27.2,167.7,241.9,0.3,3850.0,240.6
2018-10-13T16:24:19,26.8,189.6,227.1,0.3,3850.0,239.6
2018-10-13T16:24:50,27.2,212.0,236.6,0.2,3850.0,240.6
2018-10-13T16:25:21,27.2,206.1,230.7,0.2,3850.0,240.6
2018-10-13T16:25:52,27.2,185.4,212.9,0.2,3850.0,240.6
2018-10-13T16:26:24,27.2,164.8,234.2,0.3,3860.0,240.6
2018-10-13T16:26:55,27.2,154.7,230.7,0.3,3860.0,241.5
2018-10-13T16:27:26,27.2,175.4,218.3,0.2,3860.0,242.5
2018-10-13T16:27:57,27.2,194.9,233.0,0.2,3860.0,239.6
2018-10-13T16:28:28,27.2,212.6,212.3,0.2,3860.0,241.5
2018-10-13T16:28:59,27.2,191.3,230.7,0.2,3860.0,239.6
2018-10-13T16:29:30,27.2,170.7,233.0,0.2,3860.0,241.5
2018-10-13T16:30:01,27.2,189.6,212.3,0.2,3860.0,239.6
2018-10-13T16:30:32,27.2,209.7,198.1,0.2,3860.0,239.6
2018-10-13T16:31:04,27.2,206.7,218.8,0.2,3860.0,240.6
2018-10-13T16:31:35,26.8,186.6,239.5,0.2,3860.0,241.5
2018-10-13T16:32:06,26.8,165.9,228.3,0.2,3860.0,239.6
2018-10-13T16:32:37,27.2,151.8,207.0,0.2,3860.0,240.6
2018-10-13T16:33:08,27.2,172.4,186.9,0.2,3860.0,239.6
2018-10-13T16:33:39,26.8,193.1,206.4,0.2,3860.0,240.6
2018-10-13T16:34:10,26.8,215.6,227.1,0.1,3870.0,238.6
2018-10-13T16:34:41,26.8,198.4,247.8,0.2,3870.0,237.7
2018-10-13T16:35:12,26.8,178.9,225.9,0.2,3870.0,238.6
2018-10-13T16:35:43,26.8,157.1,204.6,0.2,3870.0,238.6
2018-10-13T16:36:15,26.4,137.0,183.3,0.2,3870.0,238.6
2018-10-13T16:36:46,26.4,134.0,198.1,0.3,3870.0,239.6
2018-10-13T16:37:17,26.4,154.7,220.0,0.2,3870.0,238.6
2018-10-13T16:37:48,26.4,176.0,209.4,0.2,3870.0,238.6
2018-10-13T16:38:19,26.4,196.7,199.3,0.2,3870.0,238.6
2018-10-13T16:38:50,26.4,204.3,217.7,0.1,3870.0,240.6
2018-10-13T16:39:21,26.4,185.4,237.8,0.2,3870.0,236.7
2018-10-13T16:39:52,26.1,163.6,225.4,0.2,3870.0,238.6
2018-10-13T16:40:23,26.1,143.5,203.5,0.2,3870.0,237.7
2018-10-13T16:40:55,25.7,122.8,201.7,0.2,3870.0,238.6
2018-10-13T16:41:26,25.3,135.2,223.6,0.2,3870.0,237.7
2018-10-13T16:41:57,25.7,157.1,228.9,0.2,3870.0,238.6
2018-10-13T16:42:28,25.7,177.8,208.8,0.2,3880.0,239.6
2018-10-13T16:42:59,25.7,200.8,194.0,0.2,3880.0,238.6
2018-10-13T16:43:30,25.7,213.2,186.3,0.2,3880.0,238.6
2018-10-13T16:44:01,25.7,191.9,208.2,0.2,3880.0,237.7
2018-10-13T16:44:32,25.7,171.3,230.7,0.2,3880.0,239.6
2018-10-13T16:45:03,25.7,150.0,235.4,0.2,3880.0,239.6
2018-10-13T16:45:35,25.7,141.1,212.3,0.2,3880.0,238.6
2018-10-13T16:46:06,25.7,162.4,215.9,0.2,3880.0,239.6
2018-10-13T16:46:37,25.7,184.3,236.0,0.2,3880.0,237.7
2018-10-13T16:47:08,25.7,204.9,233.0,0.2,3880.0,239.6
2018-10-13T16:47:39,25.7,209.1,213.5,0.2,3880.0,238.6
2018-10-13T16:48:10,25.7,188.4,199.3,0.2,3880.0,238.6
2018-10-13T16:48:41,25.7,166.5,221.8,0.2,3880.0,239.6
2018-10-13T16:49:12,25.7,163.0,222.4,0.2,3880.0,240.6
2018-10-13T16:49:43,26.1,183.7,201.7,0.2,3880.0,239.6
2018-10-13T16:50:14,26.1,204.9,217.1,0.1,3880.0,241.5
2018-10-13T16:50:46,26.1,189.0,238.4,0.1,3880.0,239.6
2018-10-13T16:51:17,26.1,168.3,222.4,0.1,3880.0,239.6
2018-10-13T16:51:48,26.1,173.0,224.8,0.2,3880.0,239.6
2018-10-13T16:52:19,26.1,194.9,204.1,0.1,3890.0,237.7
2018-10-13T16:52:50,26.1,215.6,197.5,0.1,3890.0,237.7
2018-10-13T16:53:21,26.1,194.9,219.4,0.1,3890.0,237.7
2018-10-13T16:53:52,26.1,173.6,240.1,0.1,3890.0,237.7
2018-10-13T16:54:23,26.1,154.1,220.0,0.2,3890.0,237.7
2018-10-13T16:54:54,26.1,140.5,199.3,0.2,3890.0,236.7
2018-10-13T16:55:25,26.1,161.2,178.0,0.2,3890.0,238.6
2018-10-13T16:55:57,26.4,182.5,201.7,0.1,3890.0,240.6
2018-10-13T16:56:28,26.1,204.3,222.4,0.1,3890.0,239.6
2018-10-13T16:56:59,26.1,206.1,238.4,0.1,3890.0,239.6
2018-10-13T16:57:30,26.1,184.8,238.4,0.1,3890.0,238.6
2018-10-13T16:58:01,26.1,164.2,215.9,0.2,3890.0,239.6
2018-10-13T16:58:32,26.1,144.7,195.2,0.1,3890.0,239.6
2018-10-13T16:59:03,26.1,142.9,202.9,0.1,3890.0,237.7
2018-10-13T16:59:34,26.1,163.0,223.0,0.1,3890.0,238.6
2018-10-13T17:00:05,26.1,183.1,242.5,0.1,3890.0,238.6
2018-10-13T17:00:37,26.1,202.6,220.0,0.1,3890.0,239.6
2018-10-13T17:01:08,26.1,193.1,199.3,0.1,3890.0,239.6
2018-10-13T17:01:39,26.1,173.6,178.0,0.1,3890.0,239.6
2018-10-13T17:02:11,26.1,152.4,182.8,0.1,3890.0,239.6
2018-10-13T17:02:42,26.1,132.9,203.5,0.1,3890.0,239.6
2018-10-13T17:03:13,25.7,111.6,223.0,0.1,3890.0,238.6
2018-10-13T17:03:44,25.7,121.0,239.0,0.1,3890.0,240.6
2018-10-13T17:04:15,25.7,140.0,218.3,0.1,3890.0,238.6
2018-10-13T17:04:46,26.1,161.2,197.5,0.1,3890.0,237.7
2018-10-13T17:05:17,25.7,182.5,197.5,0.1,3890.0,239.6
2018-10-13T17:05:48,25.3,206.1,219.4,0.0,3890.0,238.6
2018-10-13T17:06:20,25.3,192.5,222.4,0.1,3890.0,238.6
2018-10-13T17:06:51,25.3,172.4,199.9,0.0,3890.0,239.6
2018-10-13T17:07:22,25.0,152.4,187.5,0.1,3890.0,239.6
2018-10-13T17:07:53,25.0,131.7,206.4,0.1,3890.0,238.6
2018-10-13T17:08:24,25.0,147.6,229.5,0.1,3890.0,239.6
2018-10-13T17:08:55,25.0,165.4,215.9,0.1,3890.0,240.6
2018-10-13T17:09:26,25.0,191.3,192.8,0.0,3890.0,240.6
2018-10-13T17:09:57,25.0,209.7,173.3,0.0,3890.0,241.5
2018-10-13T17:10:28,25.0,209.7,152.0,0.0,3890.0,240.6
2018-10-13T17:10:59,25.0,194.3,131.3,0.0,3890.0,242.5
2018-10-13T17:11:31,25.0,168.9,110.0,0.1,3890.0,241.5
2018-10-13T17:12:02,25.0,151.8,114.7,0.1,3890.0,243.5
2018-10-13T17:12:33,25.0,131.7,134.2,0.1,3890.0,242.5
2018-10-13T17:13:04,25.0,111.0,155.5,0.1,3890.0,244.4
2018-10-13T17:13:35,25.0,113.4,176.8,0.1,3890.0,241.5
2018-10-13T17:14:06,25.0,132.9,195.2,0.1,3890.0,243.5
2018-10-13T17:14:37,25.0,154.1,217.1,0.1,3890.0,242.5
2018-10-13T17:15:08,24.6,175.4,236.6,0.0,3890.0,244.4
2018-10-13T17:15:39,24.6,194.9,220.0,0.1,3890.0,242.5
2018-10-13T17:16:11,24.6,209.7,199.9,0.0,3890.0,243.5
2018-10-13T17:16:42,24.6,209.1,183.3,0.0,3890.0,242.5
2018-10-13T17:17:13,24.6,167.1,161.5,0.1,3890.0,242.5
2018-10-13T17:17:44,24.6,148.2,140.8,0.1,3890.0,242.5
2018-10-13T17:18:15,24.6,127.0,120.0,0.0,3890.0,243.5
2018-10-13T17:18:46,24.6,130.5,126.0,0.0,3890.0,243.5
2018-10-13T17:19:17,24.6,150.0,147.3,0.1,3890.0,243.5
2018-10-13T17:19:48,24.6,170.7,166.2,0.0,3890.0,243.5
2018-10-13T17:20:19,24.2,194.9,188.1,0.0,3890.0,243.5
2018-10-13T17:20:50,24.2,201.4,210.0,0.0,3890.0,242.5
2018-10-13T17:21:22,24.2,199.6,236.0,0.0,3890.0,242.5
2018-10-13T17:21:53,23.9,199.6,225.9,0.0,3890.0,241.5
2018-10-13T17:22:24,23.9,199.6,226.5,0.0,3890.0,238.6
2018-10-13T17:22:55,23.9,199.6,226.5,0.0,3890.0,240.6
2018-10-13T17:23:26,23.9,199.6,227.1,0.0,3890.0,242.5
2018-10-13T17:23:57,23.9,199.6,229.5,0.0,3890.0,240.6
2018-10-13T17:24:28,23.9,198.4,231.3,0.0,3890.0,241.5
2018-10-13T17:24:59,23.5,191.9,230.7,0.0,3890.0,241.5
2018-10-13T17:25:30,23.9,171.9,203.5,0.0,3890.0,240.6
2018-10-13T17:26:01,23.5,170.7,199.3,0.0,3890.0,240.6
2018-10-13T17:26:32,23.5,137.0,146.1,0.1,3890.0,240.6
2018-10-13T17:27:03,23.5,200.8,221.8,0.0,3890.0,240.6
2018-10-13T17:27:34,23.5,200.8,221.8,0.0,3890.0,240.6
2018-10-13T17:28:05,23.5,200.2,220.0,0.0,3890.0,240.6
2018-10-13T17:28:36,23.5,199.0,218.3,0.0,3890.0,240.6
2018-10-13T17:29:07,23.5,199.6,218.3,0.0,3890.0,239.6
2018-10-13T17:29:38,23.1,199.6,220.0,0.0,3890.0,238.6
2018-10-13T17:30:09,23.1,199.6,220.6,0.0,3890.0,241.5
2018-10-13T17:30:41,23.1,200.8,221.2,0.0,3890.0,239.6
2018-10-13T17:31:12,23.1,201.4,222.4,0.0,3890.0,240.6
2018-10-13T17:31:43,23.1,201.4,223.6,0.0,3890.0,239.6
2018-10-13T17:32:14,23.1,202.0,223.6,0.0,3890.0,240.6
2018-10-13T17:32:45,22.8,202.0,224.8,0.0,3890.0,240.6
2018-10-13T17:33:16,22.8,202.0,226.5,0.0,3890.0,241.5
2018-10-13T17:33:47,22.8,202.6,227.7,0.0,3890.0,241.5
2018-10-13T17:34:18,22.8,202.6,228.9,0.0,3890.0,241.5
2018-10-13T17:34:49,22.8,202.6,228.3,0.0,3890.0,238.6
2018-10-13T17:35:20,22.8,202.0,227.7,0.0,3890.0,239.6
2018-10-13T17:35:52,22.4,200.8,225.4,0.0,3890.0,239.6
2018-10-13T17:36:23,22.8,199.6,222.4,0.0,3890.0,239.6
2018-10-13T17:36:54,22.4,198.4,220.6,0.0,3890.0,240.6
2018-10-13T17:37:25,22.4,197.8,219.4,0.0,3890.0,239.6
2018-10-13T17:37:56,22.4,196.7,218.8,0.0,3890.0,239.6
2018-10-13T17:38:27,22.4,194.9,215.9,0.0,3890.0,239.6
2018-10-13T17:38:58,22.4,191.3,209.4,0.0,3890.0,237.7
2018-10-13T17:39:29,22.0,186.6,197.0,0.0,3890.0,238.6
2018-10-13T17:40:00,22.0,100.4,185.7,0.0,3890.0,238.6
2018-10-13T17:43:42,21.7,192.5,211.2,0.0,3890.0,239.6
2018-10-13T17:44:13,21.7,192.5,209.4,0.0,3890.0,238.6
2018-10-13T17:44:44,21.3,191.9,208.2,0.0,3890.0,239.6
2018-10-13T17:45:15,21.7,190.8,205.2,0.0,3890.0,239.6
2018-10-13T17:45:47,21.3,189.0,198.7,0.0,3890.0,239.6
