2018-10-18T06:35:28,26.1,203.2,218.3,0.3,100.0,242.5
2018-10-18T06:36:00,26.1,182.5,239.0,0.3,100.0,241.5
2018-10-18T06:36:31,26.1,161.8,232.4,0.3,100.0,241.5
2018-10-18T06:37:02,26.4,170.7,211.7,0.3,100.0,242.5
2018-10-18T06:37:33,26.4,190.8,218.3,0.3,110.0,241.5
2018-10-18T06:38:04,26.4,212.6,240.1,0.2,110.0,241.5
2018-10-18T06:38:35,26.4,205.5,218.8,0.2,110.0,240.6
2018-10-18T06:39:06,26.4,184.8,215.9,0.3,110.0,241.5
2018-10-18T06:39:37,26.4,168.9,235.4,0.3,110.0,241.5
2018-10-18T06:40:08,26.8,190.2,227.7,0.2,110.0,240.6
2018-10-18T06:40:40,26.8,210.8,207.0,0.2,110.0,242.5
2018-10-18T06:41:11,26.8,200.8,228.9,0.2,110.0,242.5
2018-10-18T06:41:42,26.8,180.7,228.9,0.2,110.0,243.5
2018-10-18T06:42:13,26.8,160.6,209.4,0.2,110.0,244.4
2018-10-18T06:42:44,26.8,151.8,213.5,0.2,110.0,244.4
2018-10-18T06:43:15,27.2,173.0,234.8,0.2,120.0,244.4
2018-10-18T06:43:46,27.2,192.5,223.0,0.2,120.0,244.4
2018-10-18T06:44:17,27.2,211.4,205.8,0.1,120.0,244.4
2018-10-18T06:44:48,27.2,188.4,226.5,0.2,120.0,244.4
2018-10-18T06:45:19,27.2,169.5,234.2,0.2,120.0,243.5
2018-10-18T06:45:51,27.2,159.4,212.9,0.2,120.0,244.4
2018-10-18T06:46:22,27.2,180.7,192.2,0.2,120.0,243.5
2018-10-18T06:46:53,27.5,202.0,194.0,0.1,120.0,244.4
2018-10-18T06:47:24,27.5,199.0,215.9,0.1,120.0,243.5
2018-10-18T06:47:55,27.5,179.5,206.4,0.1,120.0,243.5
2018-10-18T06:48:26,27.5,158.3,223.6,0.1,120.0,243.5
2018-10-18T06:48:57,27.5,136.4,225.9,0.2,120.0,243.5
2018-10-18T06:49:28,27.5,157.1,205.2,0.2,120.0,243.5
2018-10-18T06:49:59,27.5,178.3,183.3,0.2,120.0,243.5
2018-10-18T06:50:30,27.5,200.2,162.6,0.1,120.0,243.5
2018-10-18T06:51:02,27.5,211.4,147.9,0.1,120.0,243.5
2018-10-18T06:51:33,27.5,190.8,168.0,0.2,120.0,243.5
2018-10-18T06:52:04,27.5,169.5,191.0,0.2,120.0,241.5
2018-10-18T06:52:35,27.9,148.2,215.3,0.2,120.0,241.5
2018-10-18T06:53:06,27.9,128.7,236.6,0.3,130.0,242.5
2018-10-18T06:53:37,27.9,108.1,243.1,0.3,130.0,243.5
2018-10-18T06:54:08,27.9,116.3,218.8,0.3,130.0,242.5
2018-10-18T06:54:39,27.9,138.2,211.7,0.3,130.0,241.5
2018-10-18T06:55:10,27.9,158.9,215.9,0.3,130.0,241.5
2018-10-18T06:55:41,27.9,180.7,236.0,0.3,130.0,241.5
2018-10-18T06:56:13,27.9,202.0,227.7,0.2,130.0,242.5
2018-10-18T06:56:44,27.9,209.7,215.3,0.2,130.0,243.5
2018-10-18T06:57:15,27.9,190.2,235.4,0.3,130.0,242.5
2018-10-18T06:57:46,27.9,168.9,230.1,0.3,130.0,242.5
2018-10-18T06:58:17,28.3,151.8,211.2,0.3,130.0,243.5
2018-10-18T06:58:48,27.9,173.0,233.6,0.2,140.0,243.5
2018-10-18T06:59:19,27.9,194.9,225.4,0.2,140.0,242.5
2018-10-18T06:59:50,27.9,213.8,204.6,0.2,140.0,243.5
2018-10-18T07:00:21,27.9,199.0,203.5,0.2,140.0,244.4
2018-10-18T07:00:52,28.3,178.3,225.4,0.2,140.0,244.4
2018-10-18T07:01:24,28.3,157.1,237.2,0.2,140.0,244.4
2018-10-18T07:01:55,28.3,152.9,216.5,0.3,140.0,244.4
2018-10-18T07:02:26,28.3,174.2,194.6,0.2,140.0,243.5
2018-10-18T07:02:57,28.3,195.5,199.3,0.2,140.0,244.4
2018-10-18T07:03:28,28.3,215.6,221.2,0.2,140.0,243.5
2018-10-18T07:03:59,28.3,199.0,241.9,0.2,140.0,243.5
2018-10-18T07:04:30,28.3,178.3,228.9,0.2,140.0,242.5
2018-10-18T07:05:01,28.3,158.9,207.6,0.2,150.0,243.5
2018-10-18T07:05:32,28.3,137.6,218.8,0.3,150.0,240.6
2018-10-18T07:06:04,28.3,152.9,240.1,0.3,150.0,240.6
2018-10-18T07:06:35,28.3,175.4,230.1,0.2,150.0,241.5
2018-10-18T07:07:06,28.3,196.1,210.0,0.2,150.0,240.6
2018-10-18T07:07:37,28.3,215.6,215.9,0.2,150.0,239.6
2018-10-18T07:08:08,28.3,199.0,236.0,0.2,150.0,238.6
2018-10-18T07:08:39,28.3,178.9,221.2,0.2,150.0,242.5
2018-10-18T07:09:10,28.6,158.9,202.3,0.3,150.0,240.6
2018-10-18T07:09:41,28.6,137.6,225.4,0.3,150.0,240.6
2018-10-18T07:10:12,28.6,128.7,245.5,0.3,150.0,240.6
2018-10-18T07:10:43,28.6,150.6,223.6,0.3,150.0,241.5
2018-10-18T07:11:15,28.6,173.0,201.7,0.3,150.0,240.6
2018-10-18T07:11:46,28.6,193.7,182.2,0.3,160.0,241.5
2018-10-18T07:12:17,28.6,215.6,188.7,0.3,160.0,241.5
2018-10-18T07:12:48,28.6,204.9,211.7,0.3,160.0,240.6
2018-10-18T07:13:19,28.6,183.7,235.4,0.4,160.0,240.6
2018-10-18T07:13:50,28.6,162.4,241.9,0.4,160.0,241.5
2018-10-18T07:14:21,28.6,141.7,218.8,0.5,160.0,241.5
2018-10-18T07:14:52,28.6,121.6,199.3,0.5,160.0,240.6
2018-10-18T07:15:23,29.0,141.1,195.2,0.6,170.0,240.6
2018-10-18T07:15:55,29.0,163.6,218.8,0.5,170.0,240.6
2018-10-18T07:16:26,29.0,186.0,228.9,0.4,170.0,241.5
2018-10-18T07:16:57,29.0,206.7,234.2,0.4,170.0,239.6
2018-10-18T07:17:28,29.0,220.9,224.2,0.4,170.0,239.6
2018-10-18T07:17:59,29.0,199.0,210.0,0.4,170.0,239.6
2018-10-18T07:18:30,29.0,176.6,235.4,0.5,180.0,239.6
2018-10-18T07:19:01,29.0,156.5,242.5,0.6,180.0,241.5
2018-10-18T07:19:32,29.0,152.4,218.8,0.7,180.0,240.6
2018-10-18T07:20:03,29.4,176.0,243.1,0.6,180.0,241.5
2018-10-18T07:20:35,29.4,173.6,230.1,0.7,180.0,241.5
2018-10-18T07:21:06,29.4,157.1,217.1,0.6,190.0,241.5
2018-10-18T07:21:37,29.4,177.8,240.1,0.6,190.0,240.6
2018-10-18T07:22:08,29.4,200.8,237.2,0.6,190.0,241.5
2018-10-18T07:22:39,29.4,220.9,227.7,0.5,190.0,241.5
2018-10-18T07:23:10,29.4,210.2,249.0,0.5,200.0,240.6
2018-10-18T07:23:41,29.7,189.6,228.3,0.6,200.0,241.5
2018-10-18T07:24:12,29.4,168.3,247.2,0.7,200.0,240.6
2018-10-18T07:24:43,29.7,164.2,231.9,0.7,200.0,241.5
2018-10-18T07:25:14,29.7,175.4,237.2,0.6,210.0,241.5
2018-10-18T07:25:46,29.7,174.2,235.4,0.5,210.0,241.5
2018-10-18T07:26:17,29.7,171.3,231.9,0.6,210.0,242.5
2018-10-18T07:26:48,29.7,193.1,247.8,0.5,210.0,240.6
2018-10-18T07:27:19,29.7,215.0,224.2,0.4,220.0,240.6
2018-10-18T07:27:50,29.7,214.4,233.0,0.4,220.0,241.5
2018-10-18T07:28:21,29.7,193.1,237.8,0.6,220.0,240.6
2018-10-18T07:29:17,30.1,155.9,234.2,0.6,220.0,241.5
2018-10-18T07:29:48,30.1,176.0,239.0,0.6,230.0,241.5
2018-10-18T07:30:19,30.1,197.3,230.1,0.5,230.0,241.5
2018-10-18T07:30:50,30.1,218.5,233.0,0.4,230.0,240.6
2018-10-18T07:31:22,30.1,201.4,235.4,0.4,230.0,242.5
2018-10-18T07:31:53,30.1,180.1,214.7,0.5,230.0,244.4
2018-10-18T07:32:24,30.2,158.3,234.8,0.6,240.0,244.4
2018-10-18T07:32:55,30.1,138.8,247.2,0.6,240.0,242.5
2018-10-18T07:33:26,30.1,154.7,225.4,0.6,240.0,242.5
2018-10-18T07:33:57,30.1,175.4,239.5,0.5,240.0,242.5
2018-10-18T07:34:28,30.1,176.6,236.0,0.5,250.0,242.5
2018-10-18T07:34:59,30.1,170.1,239.0,0.4,250.0,242.5
2018-10-18T07:35:30,30.1,158.9,230.1,0.4,250.0,241.5
2018-10-18T07:36:01,30.1,169.5,225.4,0.4,250.0,242.5
2018-10-18T07:36:32,30.2,189.6,236.0,0.3,250.0,241.5
2018-10-18T07:37:03,30.2,211.4,235.4,0.3,250.0,241.5
2018-10-18T07:37:34,30.2,201.4,230.1,0.3,250.0,241.5
2018-10-18T07:38:05,30.3,181.9,225.4,0.3,260.0,241.5
2018-10-18T07:38:36,30.2,166.5,241.9,0.4,260.0,241.5
2018-10-18T07:39:07,30.3,149.4,239.0,0.5,260.0,241.5
2018-10-18T07:39:38,30.3,171.9,228.9,0.4,260.0,240.6
2018-10-18T07:40:09,30.3,192.5,215.3,0.4,260.0,241.5
2018-10-18T07:40:41,30.3,213.8,212.9,0.3,260.0,241.5
2018-10-18T07:41:12,30.3,202.0,231.9,0.3,260.0,241.5
2018-10-18T07:41:43,30.4,182.5,223.6,0.3,270.0,241.5
2018-10-18T07:42:14,30.3,161.8,235.4,0.4,270.0,242.5
2018-10-18T07:42:45,30.4,140.5,249.6,0.5,270.0,243.5
2018-10-18T07:43:16,30.4,121.0,223.0,0.6,270.0,242.5
2018-10-18T07:43:47,30.4,103.9,200.5,0.6,270.0,243.5
2018-10-18T07:44:18,30.4,131.7,176.2,0.8,270.0,242.5
2018-10-18T07:44:49,30.4,154.7,156.1,0.8,280.0,243.5
2018-10-18T07:45:20,30.4,177.2,172.7,0.8,280.0,244.4
2018-10-18T07:45:52,30.5,201.4,199.9,0.7,280.0,242.5
2018-10-18T07:46:23,30.5,185.4,228.3,0.8,280.0,244.4
2018-10-18T07:46:54,30.5,202.0,243.7,0.6,290.0,245.4
2018-10-18T07:47:25,30.5,200.8,239.5,0.6,290.0,244.4
2018-10-18T07:47:56,30.5,202.0,237.2,0.6,290.0,244.4
2018-10-18T07:48:27,30.7,188.4,223.0,0.6,300.0,243.5
2018-10-18T07:48:58,30.7,186.0,212.3,0.8,300.0,245.4
2018-10-18T07:49:29,30.7,199.0,193.4,0.8,300.0,244.4
2018-10-18T07:50:00,30.7,199.0,199.3,0.7,300.0,242.5
2018-10-18T07:50:32,30.7,190.2,225.4,0.8,310.0,242.5
2018-10-18T07:51:03,30.7,165.9,250.2,1.1,310.0,243.5
2018-10-18T07:51:34,30.8,143.5,241.3,1.4,320.0,243.5
2018-10-18T07:52:05,30.8,121.6,215.3,1.6,320.0,242.5
2018-10-18T07:52:36,30.8,109.2,201.7,1.9,320.0,244.4
2018-10-18T07:53:07,30.9,134.6,218.3,1.8,330.0,243.5
2018-10-18T07:53:38,30.9,161.8,248.4,1.8,340.0,244.4
2018-10-18T07:54:09,30.9,173.6,237.8,1.7,340.0,245.4
2018-10-18T07:54:40,30.9,187.2,239.5,1.5,350.0,245.4
2018-10-18T07:55:11,30.9,189.0,247.8,1.5,350.0,246.4
2018-10-18T07:55:43,31.0,190.8,246.1,1.5,360.0,247.3
2018-10-18T07:56:14,31.0,191.3,244.9,1.4,370.0,247.3
2018-10-18T07:56:45,31.0,189.6,241.3,1.3,370.0,247.3
2018-10-18T07:57:16,31.0,186.6,241.3,1.3,380.0,246.4
2018-10-18T07:57:47,31.1,204.3,240.1,1.2,380.0,246.4
2018-10-18T07:58:18,31.1,198.4,243.1,1.2,390.0,246.4
2018-10-18T07:58:49,31.1,204.3,233.0,1.0,390.0,245.4
2018-10-18T07:59:20,31.2,200.8,239.5,1.1,400.0,245.4
2018-10-18T07:59:51,31.2,200.2,234.8,1.2,400.0,245.4
2018-10-18T08:00:22,31.2,192.5,248.4,1.2,410.0,246.4
2018-10-18T08:00:55,31.2,189.6,231.3,1.3,410.0,245.4
2018-10-18T08:01:27,31.2,200.8,244.3,1.4,420.0,246.4
2018-10-18T08:01:58,31.4,178.3,236.0,1.6,420.0,245.4
2018-10-18T08:02:29,31.4,161.2,241.9,2.0,430.0,245.4
2018-10-18T08:03:00,31.5,186.6,231.9,1.9,440.0,246.4
2018-10-18T08:03:31,31.5,201.4,243.1,1.7,450.0,246.4
2018-10-18T08:04:02,31.5,194.3,234.8,1.9,450.0,246.4
2018-10-18T08:04:33,31.5,181.9,241.9,2.1,460.0,247.3
2018-10-18T08:05:04,31.6,204.3,238.4,2.0,470.0,247.3
2018-10-18T08:05:35,31.6,188.4,241.9,2.1,480.0,246.4
2018-10-18T08:06:07,31.7,187.2,239.5,2.0,480.0,247.3
2018-10-18T08:06:38,31.7,184.3,239.5,2.0,490.0,248.3
2018-10-18T08:07:09,31.7,187.2,235.4,1.9,500.0,247.3
2018-10-18T08:07:40,31.8,199.0,231.9,1.7,510.0,246.4
2018-10-18T08:08:11,31.8,190.2,238.4,1.9,510.0,247.3
2018-10-18T08:08:42,31.8,190.8,242.5,1.8,520.0,247.3
2018-10-18T08:09:13,31.9,194.9,228.9,1.9,530.0,247.3
2018-10-18T08:09:44,31.9,171.3,239.5,2.3,540.0,247.3
2018-10-18T08:10:15,32.0,151.8,215.9,2.6,540.0,246.4
2018-10-18T08:10:46,32.0,187.8,217.7,2.5,550.0,245.4
2018-10-18T08:11:18,32.0,186.6,226.5,2.5,560.0,246.4
2018-10-18T08:11:49,32.0,176.6,231.3,2.7,570.0,246.4
2018-10-18T08:12:20,32.2,189.0,233.6,2.2,580.0,246.4
2018-10-18T08:12:51,32.2,184.3,248.4,2.4,590.0,247.3
2018-10-18T08:13:22,32.3,163.0,223.6,2.7,600.0,246.4
2018-10-18T08:13:53,32.3,170.7,231.3,1.9,610.0,244.4
2018-10-18T08:14:24,32.4,190.8,249.6,1.6,610.0,245.4
2018-10-18T08:14:55,32.4,199.0,232.4,1.6,620.0,245.4
2018-10-18T08:15:26,32.4,220.3,207.6,2.1,630.0,247.3
2018-10-18T08:15:57,32.4,223.8,220.6,1.6,630.0,245.4
2018-10-18T08:16:29,32.5,215.6,237.2,1.5,640.0,245.4
2018-10-18T08:17:00,32.5,206.7,231.9,1.3,650.0,244.4
2018-10-18T08:17:31,32.5,196.7,236.0,1.3,650.0,246.4
2018-10-18T08:18:02,32.6,196.1,235.4,1.2,660.0,246.4
2018-10-18T08:18:33,32.6,194.9,237.2,1.2,660.0,245.4
2018-10-18T08:19:04,32.6,186.0,235.4,1.2,670.0,245.4
2018-10-18T08:19:35,32.6,188.4,223.0,1.2,670.0,245.4
2018-10-18T08:20:06,32.7,168.3,216.5,1.4,680.0,246.4
2018-10-18T08:20:37,32.7,180.1,241.9,1.3,680.0,246.4
2018-10-18T08:21:09,32.7,196.7,220.6,1.4,690.0,247.3
2018-10-18T08:21:40,32.7,213.8,198.1,1.7,690.0,248.3
2018-10-18T08:22:11,32.7,213.8,176.8,1.9,700.0,249.3
2018-10-18T08:22:42,32.7,213.8,196.4,1.6,710.0,248.3
2018-10-18T08:23:13,32.9,225.0,227.1,1.6,710.0,249.3
2018-10-18T08:23:44,32.9,207.9,235.4,1.9,720.0,250.2
2018-10-18T08:24:15,32.9,194.9,228.9,2.1,730.0,250.2
2018-10-18T08:24:46,32.9,199.0,235.4,2.2,740.0,249.3
2018-10-18T08:25:17,33.0,211.4,249.6,2.5,750.0,249.3
2018-10-18T08:25:48,33.0,220.9,247.8,4.0,760.0,250.2
2018-10-18T08:26:20,33.1,223.2,226.5,3.3,780.0,250.2
2018-10-18T08:26:51,33.1,219.1,227.1,4.4,790.0,251.2
2018-10-18T08:27:22,33.2,217.9,240.1,4.4,810.0,251.2
2018-10-18T08:27:53,33.2,219.1,244.9,3.1,820.0,250.2
2018-10-18T08:28:24,33.3,208.5,231.9,4.5,840.0,251.2
2018-10-18T08:28:55,33.3,216.2,237.8,4.4,860.0,250.2
2018-10-18T08:29:26,33.4,220.9,250.8,3.8,870.0,250.2
2018-10-18T08:29:57,33.5,214.4,244.9,2.3,880.0,247.3
2018-10-18T08:30:28,33.5,215.6,230.7,4.2,900.0,249.3
2018-10-18T08:30:59,33.5,210.8,223.0,1.5,910.0,247.3
2018-10-18T08:31:31,33.7,184.8,201.1,1.9,910.0,247.3
2018-10-18T08:32:02,33.7,212.6,233.0,2.9,920.0,249.3
2018-10-18T08:32:33,33.8,203.7,208.2,4.1,930.0,249.3
2018-10-18T08:33:04,33.8,217.9,229.5,2.7,950.0,250.2
2018-10-18T08:33:35,33.8,217.9,220.0,1.5,960.0,247.3
2018-10-18T08:34:06,33.9,215.6,224.2,2.0,970.0,248.3
2018-10-18T08:34:37,33.9,211.4,225.9,1.1,970.0,247.3
2018-10-18T08:35:08,33.9,191.9,215.9,1.3,980.0,245.4
2018-10-18T08:35:39,33.9,189.0,246.1,1.7,980.0,247.3
2018-10-18T08:36:11,34.0,209.7,246.6,2.6,1000.0,248.3
2018-10-18T08:36:42,34.0,212.6,246.6,1.1,1000.0,246.4
2018-10-18T08:37:13,34.0,215.6,230.7,1.1,1010.0,246.4
2018-10-18T08:37:44,34.0,204.3,228.3,1.0,1010.0,245.4
2018-10-18T08:38:15,34.0,208.5,231.3,1.0,1010.0,246.4
2018-10-18T08:38:46,34.1,206.7,221.2,1.0,1020.0,246.4
2018-10-18T08:39:17,34.1,207.3,232.4,0.9,1020.0,246.4
2018-10-18T08:39:48,34.1,217.3,225.4,0.7,1030.0,246.4
2018-10-18T08:40:19,34.1,215.6,227.1,0.7,1030.0,245.4
2018-10-18T08:40:50,34.1,215.0,230.1,0.7,1030.0,246.4
2018-10-18T08:41:22,34.1,191.9,215.3,0.8,1040.0,247.3
2018-10-18T08:41:53,34.1,169.5,203.5,0.9,1040.0,246.4
2018-10-18T08:42:24,34.1,164.8,227.7,0.8,1040.0,246.4
2018-10-18T08:42:55,34.1,165.9,227.1,0.8,1050.0,245.4
2018-10-18T08:43:26,34.1,187.8,230.1,0.7,1050.0,246.4
2018-10-18T08:43:57,34.1,209.1,224.2,0.6,1050.0,245.4
2018-10-18T08:44:28,34.1,203.7,233.0,0.6,1050.0,244.4
2018-10-18T08:44:59,34.1,210.8,220.6,0.5,1060.0,246.4
2018-10-18T08:45:30,34.1,201.4,239.0,0.6,1060.0,245.4
2018-10-18T08:46:01,34.1,180.7,215.9,0.7,1060.0,244.4
2018-10-18T08:46:32,34.1,160.0,238.4,0.8,1060.0,244.4
2018-10-18T08:47:03,34.1,140.0,217.7,0.9,1070.0,244.4
2018-10-18T08:47:34,34.1,160.0,215.9,0.9,1070.0,245.4
2018-10-18T08:48:05,34.1,183.1,239.0,0.8,1070.0,245.4
2018-10-18T08:48:36,34.1,204.9,224.2,0.8,1080.0,245.4
2018-10-18T08:49:07,34.1,212.0,231.3,0.8,1080.0,245.4
2018-10-18T08:49:38,34.1,215.0,231.9,0.8,1080.0,245.4
2018-10-18T08:50:09,34.1,204.3,232.4,0.7,1090.0,245.4
2018-10-18T08:50:41,34.1,217.9,225.4,0.8,1090.0,244.4
2018-10-18T08:51:12,34.1,215.0,237.2,0.8,1090.0,244.4
2018-10-18T08:51:43,34.1,205.5,236.0,0.7,1100.0,244.4
2018-10-18T08:52:14,34.1,210.2,235.4,0.7,1100.0,245.4
2018-10-18T08:52:45,34.1,204.9,234.2,0.7,1100.0,245.4
2018-10-18T08:53:16,34.1,217.9,211.7,0.7,1110.0,245.4
2018-10-18T08:53:47,34.1,209.1,223.0,0.7,1110.0,244.4
2018-10-18T08:54:18,34.1,217.9,243.1,0.7,1110.0,246.4
2018-10-18T08:54:49,34.1,209.7,234.2,0.7,1120.0,246.4
2018-10-18T08:55:20,34.1,210.2,235.4,0.7,1120.0,245.4
2018-10-18T08:55:52,34.1,213.2,225.9,0.7,1120.0,245.4
2018-10-18T08:56:23,34.2,204.9,240.1,0.7,1130.0,245.4
2018-10-18T08:56:54,34.1,213.2,223.6,0.8,1130.0,245.4
2018-10-18T08:57:25,34.2,215.0,228.3,0.8,1130.0,244.4
2018-10-18T08:57:56,34.2,206.1,221.2,0.8,1140.0,244.4
2018-10-18T08:58:27,34.2,183.7,234.8,1.1,1140.0,245.4
2018-10-18T08:58:58,34.2,157.7,240.1,1.3,1140.0,244.4
2018-10-18T08:59:29,34.2,183.1,253.2,1.5,1150.0,243.5
2018-10-18T09:00:00,34.2,219.1,211.7,2.1,1150.0,245.4
2018-10-18T09:00:32,34.2,223.8,223.0,1.8,1160.0,246.4
2018-10-18T09:01:04,34.2,223.8,242.5,1.6,1170.0,247.3
2018-10-18T09:01:35,34.2,225.6,230.1,1.5,1180.0,244.4
2018-10-18T09:02:06,34.2,225.0,237.2,1.4,1190.0,247.3
2018-10-18T09:02:37,34.2,216.2,229.5,1.5,1190.0,246.4
2018-10-18T09:03:08,34.4,216.7,236.0,1.4,1200.0,246.4
2018-10-18T09:03:39,34.4,218.5,234.8,1.5,1210.0,247.3
2018-10-18T09:04:10,34.4,220.3,236.6,1.4,1210.0,245.4
2018-10-18T09:04:41,34.4,204.3,214.7,1.6,1220.0,247.3
2018-10-18T09:05:12,34.4,206.1,221.8,2.3,1230.0,250.2
2018-10-18T09:05:43,34.5,231.5,247.2,3.8,1240.0,251.2
2018-10-18T09:06:15,34.5,227.4,252.6,1.4,1260.0,247.3
2018-10-18T09:06:46,34.5,217.3,234.8,1.4,1260.0,246.4
2018-10-18T09:07:17,34.5,220.9,230.7,1.1,1270.0,246.4
2018-10-18T09:07:48,34.6,216.2,231.3,1.0,1270.0,245.4
2018-10-18T09:08:19,34.6,215.0,232.4,0.9,1280.0,244.4
2018-10-18T09:08:50,34.6,212.0,230.7,0.9,1280.0,243.5
2018-10-18T09:09:21,34.6,215.0,225.9,0.7,1290.0,245.4
2018-10-18T09:09:52,34.6,216.7,230.1,0.7,1290.0,244.4
2018-10-18T09:10:23,34.6,215.0,225.9,0.6,1290.0,245.4
2018-10-18T09:10:54,34.6,212.6,230.7,0.6,1300.0,244.4
2018-10-18T09:11:26,34.6,207.9,225.9,0.5,1300.0,244.4
2018-10-18T09:11:57,34.6,207.3,225.9,0.5,1300.0,243.5
2018-10-18T09:12:28,34.6,210.8,228.9,0.4,1300.0,244.4
2018-10-18T09:12:59,34.6,198.4,231.3,0.5,1300.0,242.5
2018-10-18T09:13:30,34.6,191.9,229.5,0.4,1310.0,243.5
2018-10-18T09:14:01,34.6,183.7,231.9,0.4,1310.0,244.4
2018-10-18T09:14:32,34.6,204.3,211.7,0.4,1310.0,243.5
2018-10-18T09:15:03,34.6,194.9,211.7,0.4,1310.0,244.4
2018-10-18T09:15:34,34.6,174.8,234.2,0.4,1310.0,242.5
2018-10-18T09:16:06,34.6,171.9,212.9,0.4,1310.0,242.5
2018-10-18T09:16:37,34.6,164.8,224.2,0.4,1320.0,243.5
2018-10-18T09:17:08,34.6,181.3,220.6,0.3,1320.0,243.5
2018-10-18T09:17:39,34.5,181.9,220.6,0.3,1320.0,242.5
2018-10-18T09:18:10,34.5,202.6,221.2,0.2,1320.0,243.5
2018-10-18T09:18:41,34.5,194.3,214.1,0.2,1320.0,243.5
2018-10-18T09:19:12,34.5,173.0,214.1,0.3,1320.0,243.5
2018-10-18T09:19:43,34.5,152.4,235.4,0.3,1320.0,243.5
2018-10-18T09:20:14,34.4,132.3,223.6,0.4,1320.0,242.5
2018-10-18T09:20:46,34.4,111.0,199.9,0.4,1320.0,243.5
2018-10-18T09:21:17,34.4,115.1,197.5,0.5,1320.0,243.5
2018-10-18T09:21:48,34.4,139.4,222.4,0.5,1330.0,242.5
2018-10-18T09:22:19,34.2,162.4,243.1,0.5,1330.0,242.5
2018-10-18T09:22:50,34.2,181.9,220.0,0.4,1330.0,242.5
2018-10-18T09:23:21,34.2,203.2,218.8,0.4,1330.0,243.5
2018-10-18T09:23:52,34.2,221.5,239.5,0.3,1330.0,243.5
2018-10-18T09:24:23,34.1,200.2,221.2,0.4,1330.0,244.4
2018-10-18T09:24:54,34.1,179.5,230.1,0.4,1340.0,244.4
2018-10-18T09:25:25,34.1,157.7,240.1,0.5,1340.0,244.4
2018-10-18T09:25:57,34.1,151.2,218.3,0.5,1340.0,243.5
2018-10-18T09:26:28,34.0,173.6,220.0,0.5,1340.0,244.4
2018-10-18T09:26:59,34.0,195.5,243.1,0.4,1340.0,245.4
2018-10-18T09:27:30,34.0,216.7,228.3,0.5,1350.0,245.4
2018-10-18T09:28:01,34.0,210.2,207.0,0.5,1350.0,244.4
2018-10-18T09:28:32,34.0,187.2,185.1,0.7,1350.0,244.4
2018-10-18T09:29:03,34.0,163.0,163.8,1.0,1350.0,244.4
2018-10-18T09:29:34,33.9,140.5,141.9,1.2,1350.0,243.5
2018-10-18T09:30:05,33.9,118.7,121.2,1.3,1360.0,245.4
2018-10-18T09:30:37,33.9,109.2,134.8,1.6,1360.0,243.5
2018-10-18T09:31:08,33.9,138.2,168.6,1.6,1360.0,246.4
2018-10-18T09:31:39,33.9,165.9,201.7,1.6,1370.0,245.4
2018-10-18T09:32:10,33.9,191.3,235.4,1.6,1370.0,244.4
2018-10-18T09:32:41,33.9,197.3,243.1,1.5,1380.0,246.4
2018-10-18T09:33:12,33.9,173.6,231.9,2.0,1390.0,245.4
2018-10-18T09:33:43,33.9,165.9,243.1,2.0,1390.0,246.4
2018-10-18T09:34:14,33.9,165.4,249.0,2.2,1400.0,246.4
2018-10-18T09:34:45,34.0,189.0,230.7,2.0,1410.0,245.4
2018-10-18T09:35:16,34.0,202.0,248.4,1.9,1420.0,245.4
2018-10-18T09:35:48,34.0,206.7,241.9,1.9,1430.0,244.4
2018-10-18T09:36:19,34.0,197.8,234.8,1.9,1430.0,246.4
2018-10-18T09:36:50,34.0,200.2,241.9,2.0,1440.0,245.4
2018-10-18T09:37:21,34.0,204.3,248.4,1.9,1450.0,244.4
2018-10-18T09:37:52,34.0,205.5,239.0,2.0,1460.0,244.4
2018-10-18T09:38:23,34.1,202.6,237.2,1.9,1470.0,245.4
2018-10-18T09:38:54,34.1,198.4,240.7,2.0,1480.0,244.4
2018-10-18T09:39:25,34.1,200.2,237.8,1.9,1490.0,246.4
2018-10-18T09:39:56,34.1,203.2,234.2,1.8,1490.0,245.4
2018-10-18T09:40:27,34.1,207.9,237.2,1.6,1500.0,248.3
2018-10-18T09:40:59,34.1,206.1,241.9,1.6,1510.0,244.4
2018-10-18T09:41:30,34.2,204.3,239.5,1.5,1520.0,246.4
2018-10-18T09:42:01,34.2,202.0,237.8,1.5,1530.0,245.4
2018-10-18T09:42:32,34.2,206.1,241.9,1.5,1530.0,246.4
2018-10-18T09:43:03,34.2,199.0,243.7,1.6,1540.0,245.4
2018-10-18T09:43:34,34.2,203.7,241.9,1.5,1550.0,245.4
2018-10-18T09:44:05,34.2,206.1,243.1,1.4,1550.0,246.4
2018-10-18T09:44:36,34.2,204.3,244.9,1.5,1560.0,246.4
2018-10-18T09:45:07,34.2,205.5,244.3,1.3,1570.0,246.4
2018-10-18T09:45:39,34.2,203.7,240.7,1.4,1570.0,246.4
2018-10-18T09:46:10,34.2,202.0,236.0,1.3,1580.0,243.5
2018-10-18T09:46:41,34.2,202.0,240.1,1.3,1590.0,244.4
2018-10-18T09:47:12,34.2,203.7,239.0,1.3,1590.0,246.4
2018-10-18T09:47:43,34.2,199.6,241.3,1.2,1600.0,244.4
2018-10-18T09:48:14,34.2,197.8,243.1,1.2,1600.0,245.4
2018-10-18T09:48:45,34.2,196.1,241.3,1.2,1610.0,244.4
2018-10-18T09:49:16,34.2,196.7,237.8,1.2,1610.0,245.4
2018-10-18T09:49:47,34.2,199.0,234.2,1.1,1620.0,245.4
2018-10-18T09:50:18,34.2,193.7,233.0,1.1,1620.0,244.4
2018-10-18T09:50:50,34.2,187.2,234.2,1.2,1630.0,244.4
2018-10-18T09:51:21,34.2,190.2,239.5,1.1,1630.0,245.4
2018-10-18T09:51:52,34.2,212.0,241.3,1.1,1640.0,247.3
2018-10-18T09:52:23,34.2,216.2,230.1,1.0,1640.0,246.4
2018-10-18T09:52:54,34.2,194.3,239.0,1.2,1650.0,244.4
2018-10-18T09:53:25,34.2,203.2,233.0,1.2,1650.0,244.4
2018-10-18T09:53:56,34.2,199.6,232.4,1.2,1660.0,245.4
2018-10-18T09:54:27,34.4,197.8,239.5,1.4,1660.0,245.4
2018-10-18T09:54:58,34.4,190.2,228.9,1.4,1670.0,246.4
2018-10-18T09:55:29,34.4,200.2,239.5,1.4,1680.0,247.3
2018-10-18T09:56:01,34.4,203.7,242.5,1.4,1680.0,246.4
2018-10-18T09:56:32,34.4,199.0,225.4,1.6,1690.0,246.4
2018-10-18T09:57:03,34.4,185.4,246.6,1.7,1700.0,247.3
2018-10-18T09:57:34,34.4,163.6,224.2,2.0,1700.0,248.3
2018-10-18T09:58:05,34.5,190.2,242.5,1.9,1710.0,248.3
2018-10-18T09:58:36,34.4,201.4,231.3,1.9,1720.0,247.3
2018-10-18T09:59:07,34.5,181.3,230.7,2.2,1730.0,248.3
2018-10-18T09:59:38,34.5,163.0,249.0,2.5,1740.0,247.3
2018-10-18T10:00:09,34.5,171.9,232.4,2.5,1750.0,248.3
2018-10-18T10:00:40,34.5,170.7,234.8,2.8,1760.0,248.3
2018-10-18T10:01:12,34.6,197.8,236.6,2.5,1770.0,248.3
2018-10-18T10:01:43,34.6,198.4,231.9,2.6,1780.0,247.3
2018-10-18T10:02:14,34.6,197.3,232.4,2.8,1790.0,246.4
2018-10-18T10:02:45,34.7,200.2,232.4,2.8,1800.0,249.3
2018-10-18T10:03:16,34.7,196.7,234.8,2.8,1810.0,248.3
2018-10-18T10:03:47,34.8,194.9,240.7,3.0,1830.0,248.3
2018-10-18T10:04:18,34.8,194.3,227.1,3.2,1840.0,249.3
2018-10-18T10:04:49,34.9,196.7,233.0,3.4,1850.0,250.2
2018-10-18T10:05:20,34.9,203.2,226.5,3.9,1870.0,251.2
2018-10-18T10:05:51,34.9,164.8,196.4,6.6,1890.0,253.1
2018-10-18T10:06:23,35.0,174.2,215.3,5.4,1910.0,252.2
2018-10-18T10:06:54,35.2,188.4,221.2,6.1,1930.0,251.2
2018-10-18T10:07:25,35.2,193.7,231.9,4.5,1950.0,251.2
2018-10-18T10:07:56,35.2,184.8,222.4,4.8,1960.0,252.2
2018-10-18T10:08:27,35.3,195.5,232.4,4.1,1980.0,250.2
2018-10-18T10:08:58,35.4,189.0,234.8,3.8,2000.0,250.2
2018-10-18T10:09:29,35.4,164.2,216.5,5.6,2010.0,251.2
2018-10-18T10:10:00,35.5,169.5,224.2,4.0,2030.0,249.3
2018-10-18T10:10:31,35.5,159.4,231.3,5.6,2040.0,252.2
2018-10-18T10:11:03,35.6,160.6,228.3,6.1,2060.0,251.2
2018-10-18T10:11:34,35.6,160.0,227.7,4.6,2080.0,250.2
2018-10-18T10:12:05,35.7,170.1,231.3,4.6,2090.0,249.3
2018-10-18T10:12:36,35.7,161.2,232.4,5.1,2110.0,249.3
2018-10-18T10:13:07,35.7,162.4,225.9,4.4,2130.0,248.3
2018-10-18T10:13:38,35.9,165.4,228.9,4.1,2140.0,248.3
2018-10-18T10:14:09,35.9,184.3,235.4,4.9,2160.0,249.3
2018-10-18T10:14:40,36.0,189.6,227.7,4.2,2170.0,250.2
2018-10-18T10:15:11,36.0,183.1,222.4,4.6,2190.0,250.2
2018-10-18T10:15:42,36.0,191.9,228.3,3.7,2200.0,248.3
2018-10-18T10:16:14,36.1,191.9,224.2,2.8,2220.0,247.3
2018-10-18T10:16:45,36.1,191.3,224.2,2.3,2230.0,248.3
2018-10-18T10:17:16,36.1,192.5,225.4,1.9,2240.0,246.4
2018-10-18T10:17:47,36.2,191.3,225.4,1.8,2240.0,246.4
2018-10-18T10:18:18,36.2,196.1,228.3,1.6,2250.0,246.4
2018-10-18T10:18:49,36.2,194.9,227.7,1.6,2260.0,246.4
2018-10-18T10:19:20,36.2,186.6,228.3,1.6,2270.0,247.3
2018-10-18T10:19:51,36.2,187.8,230.1,1.4,2270.0,246.4
2018-10-18T10:20:22,36.2,187.8,227.7,1.4,2280.0,243.5
2018-10-18T10:20:54,36.2,192.5,231.9,1.5,2280.0,245.4
2018-10-18T10:21:25,36.2,193.7,232.4,1.4,2290.0,245.4
2018-10-18T10:21:56,36.2,171.9,225.9,1.7,2300.0,246.4
2018-10-18T10:22:27,36.2,166.5,222.4,1.7,2300.0,244.4
2018-10-18T10:22:58,36.1,189.6,223.0,1.6,2310.0,244.4
2018-10-18T10:23:29,36.1,189.6,231.9,1.6,2320.0,244.4
2018-10-18T10:24:00,36.1,215.6,210.0,1.5,2320.0,245.4
2018-10-18T10:24:31,36.2,210.8,239.0,1.7,2330.0,246.4
2018-10-18T10:25:02,36.2,219.7,217.1,1.7,2340.0,247.3
2018-10-18T10:25:34,36.2,215.6,228.9,2.0,2340.0,246.4
2018-10-18T10:26:05,36.2,212.6,237.2,2.0,2350.0,247.3
2018-10-18T10:26:36,36.2,217.9,217.1,2.1,2360.0,248.3
2018-10-18T10:27:07,36.2,216.7,234.2,2.1,2370.0,246.4
2018-10-18T10:27:38,36.3,223.2,231.9,2.2,2380.0,249.3
2018-10-18T10:28:09,36.3,220.3,259.1,3.0,2390.0,251.2
2018-10-18T10:28:40,36.3,206.1,228.9,7.9,2420.0,254.1
2018-10-18T10:29:11,36.4,196.1,224.2,7.1,2450.0,254.1
2018-10-18T10:29:42,36.4,187.8,222.4,8.2,2470.0,255.1
2018-10-18T10:30:13,36.5,175.4,223.0,8.2,2500.0,255.1
2018-10-18T10:30:45,36.7,174.8,217.1,7.9,2530.0,254.1
2018-10-18T10:31:16,36.8,177.2,222.4,7.5,2560.0,255.1
2018-10-18T10:31:47,36.9,172.4,218.8,7.8,2580.0,254.1
2018-10-18T10:32:18,37.0,168.9,217.7,7.8,2610.0,253.1
2018-10-18T10:32:49,37.1,173.0,212.9,7.5,2630.0,254.1
2018-10-18T10:33:20,37.2,180.1,215.3,6.4,2660.0,253.1
2018-10-18T10:33:51,37.2,175.4,215.3,7.7,2680.0,253.1
2018-10-18T10:34:22,37.4,163.6,214.7,7.6,2700.0,253.1
2018-10-18T10:34:53,37.5,172.4,212.9,7.8,2730.0,252.2
2018-10-18T10:35:24,37.6,187.8,217.1,6.3,2750.0,251.2
2018-10-18T10:35:56,37.6,191.9,215.3,6.1,2770.0,253.1
2018-10-18T10:36:27,37.6,165.9,212.3,7.6,2800.0,252.2
2018-10-18T10:36:58,37.8,163.0,216.5,7.8,2820.0,251.2
2018-10-18T10:37:29,37.8,165.9,211.2,7.7,2840.0,251.2
2018-10-18T10:38:00,37.8,160.6,212.9,8.0,2870.0,250.2
2018-10-18T10:38:31,37.9,165.9,211.2,4.6,2880.0,249.3
2018-10-18T10:39:02,37.9,157.1,204.1,2.2,2900.0,245.4
2018-10-18T10:39:34,37.9,163.0,215.9,1.9,2900.0,245.4
2018-10-18T10:40:05,37.9,181.3,216.5,1.8,2910.0,246.4
2018-10-18T10:40:36,37.9,176.6,194.6,2.0,2910.0,246.4
2018-10-18T10:41:08,37.9,172.4,227.1,2.2,2920.0,246.4
2018-10-18T10:41:39,37.9,155.9,215.3,2.5,2930.0,247.3
2018-10-18T10:42:10,37.9,184.8,194.0,2.4,2940.0,248.3
2018-10-18T10:42:41,37.9,218.5,162.0,3.1,2950.0,250.2
2018-10-18T10:43:12,37.9,223.8,179.2,4.8,2970.0,251.2
2018-10-18T10:43:43,37.9,192.5,210.0,6.3,2990.0,251.2
2018-10-18T10:44:14,37.9,181.9,213.5,5.5,3010.0,250.2
2018-10-18T10:44:45,37.9,190.8,199.3,5.9,3030.0,251.2
2018-10-18T10:45:16,37.9,199.6,219.4,4.8,3050.0,249.3
2018-10-18T10:45:47,38.0,199.0,220.0,2.5,3060.0,248.3
2018-10-18T10:46:19,38.0,199.6,220.6,2.2,3070.0,247.3
2018-10-18T10:46:50,38.0,199.0,222.4,2.4,3080.0,248.3
2018-10-18T10:47:21,38.0,194.9,223.0,2.2,3090.0,247.3
2018-10-18T10:47:52,38.0,186.0,220.0,2.5,3100.0,247.3
2018-10-18T10:48:23,38.0,212.6,228.9,2.5,3100.0,247.3
2018-10-18T10:48:54,38.0,193.1,197.0,3.1,3120.0,249.3
2018-10-18T10:49:25,38.0,181.9,216.5,5.4,3130.0,251.2
2018-10-18T10:49:56,38.0,176.0,216.5,4.4,3150.0,252.2
2018-10-18T10:50:27,38.0,187.2,225.4,7.4,3170.0,252.2
2018-10-18T10:50:58,38.2,172.4,207.6,7.1,3200.0,253.1
2018-10-18T10:51:30,38.2,161.8,210.6,5.2,3220.0,250.2
2018-10-18T10:52:01,38.3,158.9,215.3,4.2,3230.0,246.4
2018-10-18T10:52:32,38.3,164.8,219.4,3.6,3250.0,249.3
2018-10-18T10:53:03,38.3,166.5,223.0,3.2,3260.0,248.3
2018-10-18T10:53:34,38.3,163.0,221.2,3.2,3270.0,247.3
2018-10-18T10:54:05,38.3,163.6,224.2,3.1,3280.0,248.3
2018-10-18T10:54:36,38.3,167.1,230.1,3.0,3290.0,247.3
2018-10-18T10:55:07,38.3,161.8,217.1,3.1,3300.0,248.3
2018-10-18T10:55:38,38.3,163.6,222.4,3.2,3310.0,248.3
2018-10-18T10:56:10,38.3,157.1,223.0,3.7,3320.0,248.3
2018-10-18T10:56:41,38.3,160.6,223.0,3.6,3340.0,247.3
2018-10-18T10:57:12,38.3,165.4,228.3,3.3,3350.0,248.3
2018-10-18T10:57:43,38.2,171.3,224.2,3.0,3360.0,248.3
2018-10-18T10:58:14,38.2,165.9,227.1,3.1,3370.0,247.3
2018-10-18T10:58:45,38.2,163.6,220.6,3.3,3380.0,248.3
2018-10-18T10:59:16,38.2,171.9,221.2,3.0,3390.0,247.3
2018-10-18T10:59:47,38.0,167.1,227.7,3.3,3410.0,249.3
2018-10-18T11:00:18,38.0,176.0,221.2,3.3,3420.0,248.3
2018-10-18T11:00:49,38.0,190.2,214.7,3.2,3430.0,249.3
2018-10-18T11:01:21,38.0,180.7,214.1,5.7,3450.0,251.2
2018-10-18T11:01:52,38.0,183.1,231.9,4.5,3460.0,250.2
2018-10-18T11:02:23,38.2,158.9,204.6,6.1,3480.0,250.2
2018-10-18T11:02:54,38.2,170.7,223.0,4.2,3500.0,249.3
2018-10-18T11:03:25,38.2,178.9,230.7,3.7,3510.0,248.3
2018-10-18T11:03:56,38.2,181.9,225.4,3.1,3530.0,248.3
2018-10-18T11:04:27,38.2,194.3,225.4,2.9,3540.0,247.3
2018-10-18T11:04:58,38.3,190.8,224.8,2.7,3550.0,248.3
2018-10-18T11:05:29,38.3,185.4,225.4,2.7,3560.0,248.3
2018-10-18T11:06:00,38.2,191.9,230.7,2.6,3570.0,248.3
2018-10-18T11:06:31,38.2,194.9,224.8,2.4,3580.0,247.3
2018-10-18T11:07:02,38.2,189.6,228.9,2.3,3590.0,247.3
2018-10-18T11:07:33,38.2,188.4,228.3,2.3,3600.0,246.4
2018-10-18T11:08:04,38.2,193.1,228.9,2.4,3610.0,247.3
2018-10-18T11:08:35,38.2,190.2,230.1,2.6,3620.0,249.3
2018-10-18T11:09:06,38.2,190.8,228.9,2.7,3630.0,247.3
2018-10-18T11:09:37,38.2,194.9,228.9,2.6,3640.0,248.3
2018-10-18T11:10:08,38.2,195.5,232.4,2.6,3650.0,248.3
2018-10-18T11:10:40,38.2,193.7,225.9,2.8,3660.0,247.3
2018-10-18T11:11:11,38.2,191.3,228.9,2.9,3670.0,248.3
2018-10-18T11:11:42,38.2,196.1,224.2,3.1,3690.0,248.3
2018-10-18T11:12:13,38.2,191.3,220.6,3.2,3700.0,248.3
2018-10-18T11:12:44,38.2,186.0,229.5,3.2,3710.0,248.3
2018-10-18T11:13:15,38.2,189.6,226.5,2.7,3720.0,247.3
2018-10-18T11:13:46,38.2,197.8,225.4,2.6,3730.0,248.3
2018-10-18T11:14:17,38.2,191.9,225.4,2.4,3740.0,249.3
2018-10-18T11:14:48,38.2,192.5,224.8,2.3,3750.0,247.3
2018-10-18T11:15:19,38.2,191.9,227.7,2.3,3760.0,246.4
2018-10-18T11:15:51,38.2,197.3,232.4,2.1,3770.0,246.4
2018-10-18T11:16:22,38.2,189.6,231.9,2.1,3780.0,247.3
2018-10-18T11:16:53,38.2,196.7,231.3,2.1,3790.0,247.3
2018-10-18T11:17:24,38.2,190.8,225.9,2.1,3800.0,246.4
2018-10-18T11:17:55,38.2,198.4,226.5,2.0,3810.0,247.3
2018-10-18T11:18:26,38.2,194.9,224.2,2.0,3820.0,246.4
2018-10-18T11:18:57,38.2,190.2,224.2,2.1,3830.0,247.3
2018-10-18T11:19:28,38.2,190.8,228.3,2.1,3840.0,246.4
2018-10-18T11:19:59,38.2,197.8,228.3,2.1,3850.0,246.4
2018-10-18T11:20:30,38.0,194.3,231.9,2.1,3850.0,247.3
2018-10-18T11:21:02,38.0,193.1,231.9,1.9,3860.0,246.4
2018-10-18T11:21:33,38.0,194.3,228.3,1.9,3870.0,247.3
2018-10-18T11:22:04,38.0,196.1,229.5,1.8,3880.0,246.4
2018-10-18T11:22:35,38.0,199.6,233.0,1.8,3890.0,247.3
2018-10-18T11:23:06,38.0,197.3,232.4,1.7,3900.0,247.3
2018-10-18T11:23:37,38.0,199.0,230.1,1.7,3900.0,246.4
2018-10-18T11:24:08,37.9,199.0,232.4,1.6,3910.0,244.4
2018-10-18T11:24:39,37.9,199.0,237.2,1.5,3920.0,246.4
2018-10-18T11:25:10,37.9,190.2,235.4,1.4,3930.0,245.4
2018-10-18T11:25:41,37.9,197.8,231.3,1.3,3930.0,246.4
2018-10-18T11:26:13,37.9,188.4,230.1,1.3,3940.0,246.4
2018-10-18T11:26:44,37.8,189.0,233.0,1.4,3950.0,245.4
2018-10-18T11:27:15,37.8,190.2,238.4,1.3,3950.0,247.3
2018-10-18T11:27:46,37.8,188.4,236.0,1.3,3960.0,245.4
2018-10-18T11:28:17,37.8,189.6,234.8,1.3,3960.0,246.4
2018-10-18T11:28:48,37.8,210.8,235.4,1.2,3970.0,246.4
2018-10-18T11:29:19,37.7,210.2,230.1,1.2,3980.0,246.4
2018-10-18T11:29:50,37.7,215.0,233.0,1.2,3980.0,246.4
2018-10-18T11:30:21,37.7,212.6,239.5,1.1,3990.0,246.4
2018-10-18T11:30:52,37.7,219.1,232.4,1.1,3990.0,244.4
2018-10-18T11:31:24,37.7,219.1,235.4,1.2,4000.0,244.4
2018-10-18T11:31:55,37.7,219.7,232.4,1.1,4000.0,245.4
2018-10-18T11:32:26,37.7,215.0,239.5,1.2,4010.0,247.3
2018-10-18T11:32:57,37.7,220.3,233.6,1.2,4010.0,245.4
2018-10-18T11:33:28,37.7,213.8,236.6,1.2,4020.0,244.4
2018-10-18T11:33:59,37.7,219.1,235.4,1.1,4020.0,244.4
2018-10-18T11:34:30,37.6,208.5,235.4,1.3,4030.0,245.4
2018-10-18T11:35:01,37.6,216.2,230.1,1.1,4040.0,246.4
2018-10-18T11:35:32,37.6,212.6,226.5,1.2,4040.0,245.4
2018-10-18T11:36:04,37.6,212.6,235.4,1.3,4050.0,246.4
2018-10-18T11:36:35,37.6,218.5,237.2,1.3,4050.0,245.4
2018-10-18T11:37:06,37.6,202.0,236.0,1.3,4060.0,245.4
2018-10-18T11:37:37,37.6,219.7,229.5,1.3,4060.0,245.4
2018-10-18T11:38:08,37.6,215.6,225.9,1.4,4070.0,245.4
2018-10-18T11:38:39,37.6,221.5,226.5,1.3,4080.0,246.4
2018-10-18T11:39:10,37.5,217.3,239.0,1.4,4080.0,246.4
2018-10-18T11:39:41,37.5,204.9,231.9,1.5,4090.0,246.4
2018-10-18T11:40:12,37.5,218.5,224.8,1.5,4100.0,246.4
2018-10-18T11:40:43,37.5,216.7,243.1,1.5,4100.0,247.3
2018-10-18T11:41:15,37.5,217.9,230.1,1.6,4110.0,248.3
2018-10-18T11:41:46,37.5,208.5,232.4,1.6,4120.0,246.4
2018-10-18T11:42:17,37.4,217.9,241.9,1.7,4120.0,247.3
2018-10-18T11:42:48,37.4,219.7,221.8,1.7,4130.0,247.3
2018-10-18T11:43:19,37.4,213.8,240.1,1.7,4140.0,247.3
2018-10-18T11:43:50,37.4,219.1,232.4,1.8,4150.0,247.3
2018-10-18T11:44:21,37.4,223.8,228.9,1.8,4150.0,248.3
2018-10-18T11:44:52,37.4,222.7,240.7,1.9,4160.0,248.3
2018-10-18T11:45:23,37.4,210.8,224.8,2.0,4170.0,248.3
2018-10-18T11:45:55,37.4,220.9,230.7,2.0,4180.0,248.3
2018-10-18T11:46:26,37.4,210.8,237.2,2.0,4190.0,247.3
2018-10-18T11:46:57,37.5,217.3,232.4,2.0,4200.0,248.3
2018-10-18T11:47:28,37.5,224.4,231.3,2.1,4210.0,247.3
2018-10-18T11:47:59,37.5,217.3,239.0,2.2,4220.0,248.3
2018-10-18T11:48:30,37.5,216.7,234.2,2.1,4230.0,248.3
2018-10-18T11:49:01,37.5,223.2,232.4,2.1,4240.0,248.3
2018-10-18T11:49:32,37.5,223.8,229.5,2.2,4250.0,248.3
2018-10-18T11:50:03,37.5,222.1,230.1,2.3,4260.0,247.3
2018-10-18T11:50:35,37.5,219.7,237.8,2.5,4270.0,248.3
2018-10-18T11:51:06,37.5,215.6,234.8,2.6,4280.0,248.3
2018-10-18T11:51:37,37.5,221.5,224.2,2.5,4290.0,250.2
2018-10-18T11:52:08,37.5,215.6,232.4,2.6,4310.0,249.3
2018-10-18T11:52:39,37.5,215.0,233.6,2.7,4320.0,250.2
2018-10-18T11:53:10,37.5,191.9,224.2,3.1,4330.0,252.2
2018-10-18T11:53:41,37.6,199.6,223.0,3.3,4340.0,251.2
2018-10-18T11:54:12,37.6,225.0,226.5,3.0,4360.0,250.2
2018-10-18T11:54:43,37.6,228.0,239.0,3.4,4380.0,251.2
2018-10-18T11:55:14,37.7,228.6,214.7,3.8,4390.0,250.2
2018-10-18T11:55:46,37.7,224.4,221.8,3.2,4410.0,251.2
2018-10-18T11:56:17,37.8,211.4,234.2,3.1,4430.0,251.2
2018-10-18T11:56:48,37.8,200.2,221.8,3.6,4440.0,251.2
2018-10-18T11:57:19,37.8,217.3,213.5,3.2,4460.0,251.2
2018-10-18T11:57:50,37.8,219.1,225.9,3.3,4470.0,250.2
2018-10-18T11:58:21,37.9,222.7,231.3,3.9,4490.0,250.2
2018-10-18T11:58:52,37.9,217.9,223.6,3.0,4510.0,248.3
2018-10-18T11:59:24,38.0,219.1,222.4,2.7,4520.0,248.3
2018-10-18T11:59:55,38.0,215.0,224.2,2.5,4530.0,248.3
2018-10-18T12:00:26,38.0,212.6,223.6,2.4,4550.0,247.3
2018-10-18T12:00:58,38.2,215.0,222.4,2.4,4560.0,247.3
2018-10-18T12:01:29,38.2,215.0,225.9,2.3,4570.0,246.4
2018-10-18T12:02:00,38.2,212.6,225.9,2.3,4580.0,247.3
2018-10-18T12:02:31,38.2,215.6,220.6,2.2,4590.0,246.4
2018-10-18T12:03:02,38.2,212.6,222.4,2.1,4600.0,246.4
2018-10-18T12:03:33,38.2,213.8,221.2,2.0,4610.0,246.4
2018-10-18T12:04:04,38.2,216.2,228.9,1.9,4620.0,247.3
2018-10-18T12:04:35,38.2,218.5,225.4,1.8,4620.0,245.4
2018-10-18T12:05:06,38.2,212.6,227.1,1.8,4630.0,244.4
2018-10-18T12:05:38,38.2,211.4,224.8,1.6,4640.0,243.5
2018-10-18T12:06:09,38.3,214.4,224.8,1.6,4650.0,243.5
2018-10-18T12:06:40,38.3,213.8,223.0,1.6,4660.0,243.5
2018-10-18T12:07:11,38.3,201.4,227.7,1.7,4660.0,245.4
2018-10-18T12:07:42,38.2,206.1,213.5,1.8,4670.0,245.4
2018-10-18T12:08:13,38.2,217.3,224.8,1.8,4680.0,245.4
2018-10-18T12:08:44,38.2,211.4,203.5,2.0,4690.0,245.4
2018-10-18T12:09:15,38.3,209.7,223.6,2.1,4700.0,246.4
2018-10-18T12:09:46,38.2,212.6,231.9,2.1,4710.0,245.4
2018-10-18T12:10:17,38.2,215.0,218.8,2.1,4710.0,246.4
2018-10-18T12:10:49,38.3,218.5,228.9,2.2,4720.0,245.4
2018-10-18T12:11:20,38.3,214.4,228.9,2.4,4740.0,247.3
2018-10-18T12:11:51,38.3,226.8,251.4,2.6,4750.0,247.3
2018-10-18T12:12:22,38.3,223.8,223.6,2.2,4760.0,247.3
2018-10-18T12:12:53,38.3,200.8,202.9,2.8,4770.0,249.3
2018-10-18T12:13:24,38.3,194.3,212.3,2.3,4780.0,245.4
2018-10-18T12:13:55,38.3,192.5,225.9,2.2,4790.0,246.4
2018-10-18T12:14:26,38.3,192.5,228.3,2.2,4800.0,245.4
2018-10-18T12:14:57,38.3,191.9,222.4,2.3,4810.0,246.4
2018-10-18T12:15:28,38.3,184.3,224.2,2.2,4820.0,244.4
2018-10-18T12:16:00,38.3,195.5,218.3,2.3,4830.0,245.4
2018-10-18T12:16:31,38.3,194.9,235.4,2.4,4840.0,245.4
2018-10-18T12:17:02,38.3,186.6,215.9,2.8,4850.0,247.3
2018-10-18T12:17:33,38.3,196.1,237.2,2.7,4860.0,246.4
2018-10-18T12:18:04,38.3,201.4,223.6,2.5,4870.0,246.4
2018-10-18T12:18:35,38.2,217.3,224.2,2.4,4880.0,246.4
2018-10-18T12:19:06,38.3,216.7,231.3,2.4,4890.0,247.3
2018-10-18T12:19:37,38.2,210.8,231.9,2.3,4900.0,248.3
2018-10-18T12:20:08,38.3,223.8,215.3,2.4,4920.0,248.3
2018-10-18T12:20:39,38.3,217.3,229.5,2.4,4930.0,247.3
2018-10-18T12:21:11,38.3,219.1,225.9,2.3,4940.0,247.3
2018-10-18T12:21:42,38.3,220.9,223.6,2.4,4950.0,247.3
2018-10-18T12:22:13,38.3,216.7,227.1,2.3,4960.0,248.3
2018-10-18T12:22:44,38.3,218.5,227.7,2.1,4970.0,247.3
2018-10-18T12:23:15,38.3,215.0,229.5,2.2,4980.0,246.4
2018-10-18T12:23:46,38.4,212.6,231.9,2.3,4990.0,248.3
2018-10-18T12:24:17,38.4,214.4,229.5,2.1,5000.0,246.4
2018-10-18T12:24:48,38.4,217.3,228.3,2.1,5010.0,246.4
2018-10-18T12:25:19,38.4,217.9,224.8,2.1,5020.0,247.3
2018-10-18T12:25:50,38.4,215.0,225.4,2.0,5030.0,247.3
2018-10-18T12:26:22,38.4,213.8,217.1,2.0,5040.0,247.3
2018-10-18T12:26:53,38.4,215.0,230.1,1.9,5050.0,246.4
2018-10-18T12:27:24,38.4,216.2,227.7,2.0,5060.0,246.4
2018-10-18T12:27:55,38.4,219.1,224.2,1.9,5070.0,243.5
2018-10-18T12:28:26,38.4,212.6,227.1,1.8,5080.0,247.3
2018-10-18T12:28:57,38.4,217.9,226.5,1.7,5090.0,245.4
2018-10-18T12:29:28,38.4,216.7,230.1,1.6,5100.0,245.4
2018-10-18T12:29:59,38.4,215.0,224.2,1.6,5100.0,245.4
2018-10-18T12:30:30,38.4,215.6,232.4,1.6,5110.0,245.4
2018-10-18T12:31:01,38.4,210.2,228.9,1.6,5120.0,245.4
2018-10-18T12:31:32,38.4,209.7,230.1,1.7,5130.0,246.4
2018-10-18T12:32:03,38.4,212.6,230.7,1.5,5130.0,245.4
2018-10-18T12:32:34,38.4,217.3,231.3,1.5,5140.0,246.4
2018-10-18T12:33:05,38.4,213.8,230.1,1.4,5150.0,245.4
2018-10-18T12:33:36,38.4,212.0,227.1,1.3,5150.0,245.4
2018-10-18T12:34:07,38.3,215.0,224.2,1.3,5160.0,245.4
2018-10-18T12:34:38,38.3,213.8,228.3,1.2,5170.0,244.4
2018-10-18T12:35:09,38.3,217.9,231.3,1.3,5170.0,245.4
2018-10-18T12:35:41,38.3,216.2,229.5,1.3,5180.0,244.4
2018-10-18T12:36:12,38.3,213.8,234.2,1.4,5190.0,245.4
2018-10-18T12:36:43,38.3,204.3,227.7,1.4,5190.0,245.4
2018-10-18T12:37:14,38.3,220.3,223.6,1.3,5200.0,245.4
2018-10-18T12:37:45,38.3,208.5,222.4,1.5,5210.0,245.4
2018-10-18T12:38:16,38.3,207.9,237.8,1.7,5210.0,245.4
2018-10-18T12:38:47,38.3,184.8,211.7,2.0,5220.0,247.3
2018-10-18T12:39:18,38.3,160.0,191.0,2.5,5230.0,246.4
2018-10-18T12:39:49,38.3,137.6,170.3,3.0,5230.0,247.3
2018-10-18T12:40:20,38.3,156.5,191.6,3.1,5240.0,247.3
2018-10-18T12:40:52,38.3,177.8,227.1,3.6,5260.0,250.2
2018-10-18T12:41:23,38.3,178.9,220.0,3.8,5270.0,250.2
2018-10-18T12:41:54,38.3,177.8,229.5,3.6,5290.0,249.3
2018-10-18T12:42:25,38.3,180.7,225.4,3.6,5300.0,250.2
2018-10-18T12:42:56,38.3,178.9,230.7,3.4,5320.0,250.2
2018-10-18T12:43:27,38.3,176.0,220.6,3.6,5330.0,249.3
2018-10-18T12:43:58,38.4,173.0,234.8,3.9,5350.0,250.2
2018-10-18T12:44:29,38.4,170.7,239.0,3.7,5370.0,250.2
2018-10-18T12:45:00,38.4,178.3,219.4,3.6,5380.0,251.2
2018-10-18T12:45:32,38.4,169.5,225.4,4.2,5400.0,251.2
2018-10-18T12:46:03,38.4,177.8,227.7,3.8,5410.0,251.2
2018-10-18T12:46:34,38.5,176.0,215.3,4.3,5430.0,250.2
2018-10-18T12:47:05,38.5,176.6,225.4,4.4,5450.0,251.2
2018-10-18T12:47:36,38.5,170.7,223.0,4.2,5470.0,251.2
2018-10-18T12:48:07,38.5,173.0,218.8,4.2,5480.0,251.2
2018-10-18T12:48:38,38.6,176.0,224.2,3.7,5500.0,249.3
2018-10-18T12:49:09,38.6,170.7,221.2,3.7,5520.0,249.3
2018-10-18T12:49:40,38.6,171.9,224.2,3.1,5530.0,249.3
2018-10-18T12:50:11,38.6,171.3,224.2,3.0,5540.0,248.3
2018-10-18T12:50:43,38.6,170.7,218.3,3.1,5550.0,248.3
2018-10-18T12:51:14,38.6,165.9,230.1,3.0,5570.0,249.3
2018-10-18T12:51:45,38.7,165.9,233.6,3.0,5580.0,250.2
2018-10-18T12:52:16,38.7,168.3,228.9,3.3,5590.0,249.3
2018-10-18T12:52:47,38.7,171.3,233.6,3.7,5600.0,250.2
2018-10-18T12:53:18,38.7,173.0,214.7,3.7,5620.0,250.2
2018-10-18T12:53:49,38.7,184.8,249.0,3.5,5630.0,252.2
2018-10-18T12:54:20,38.7,201.4,209.4,3.5,5650.0,253.1
2018-10-18T12:54:51,38.9,195.5,216.5,3.9,5680.0,253.1
2018-10-18T12:55:22,38.9,193.7,212.9,3.5,5700.0,252.2
2018-10-18T12:55:54,39.0,194.3,215.9,3.1,5720.0,251.2
2018-10-18T12:56:26,39.1,222.7,228.3,2.8,5730.0,251.2
2018-10-18T12:56:57,39.1,214.4,218.8,2.5,5750.0,250.2
2018-10-18T12:57:28,39.1,217.3,221.8,2.6,5760.0,250.2
2018-10-18T12:57:59,39.2,211.4,207.0,2.4,5780.0,249.3
2018-10-18T12:58:30,39.2,210.8,219.4,2.2,5790.0,249.3
2018-10-18T12:59:01,39.2,210.8,218.8,1.8,5800.0,248.3
2018-10-18T12:59:32,39.2,209.7,218.8,1.7,5800.0,245.4
2018-10-18T13:00:03,39.2,209.7,220.6,1.6,5810.0,247.3
2018-10-18T13:00:34,39.2,206.7,225.9,1.6,5820.0,246.4
2018-10-18T13:01:06,39.2,203.7,224.2,1.6,5830.0,247.3
2018-10-18T13:01:37,39.2,208.5,224.2,1.7,5840.0,247.3
2018-10-18T13:02:08,39.2,209.1,219.4,1.7,5840.0,246.4
2018-10-18T13:02:39,39.2,213.8,218.8,1.7,5850.0,247.3
2018-10-18T13:03:10,39.1,215.0,225.4,1.6,5860.0,248.3
2018-10-18T13:03:41,39.1,213.8,230.1,1.5,5870.0,246.4
2018-10-18T13:04:12,39.1,217.9,226.5,1.4,5870.0,246.4
2018-10-18T13:04:43,39.1,211.4,225.4,1.4,5880.0,247.3
2018-10-18T13:05:14,39.0,210.2,224.8,1.4,5890.0,247.3
2018-10-18T13:05:45,39.0,209.1,228.9,1.4,5890.0,247.3
2018-10-18T13:06:17,39.0,215.6,225.9,1.4,5900.0,245.4
2018-10-18T13:06:48,38.9,216.2,232.4,1.4,5910.0,246.4
2018-10-18T13:07:19,38.9,215.0,232.4,1.3,5910.0,246.4
2018-10-18T13:07:50,38.9,216.7,230.7,1.2,5920.0,248.3
2018-10-18T13:08:21,38.9,219.7,234.2,1.2,5930.0,245.4
2018-10-18T13:08:52,38.7,214.4,227.7,1.2,5930.0,245.4
2018-10-18T13:09:23,38.7,211.4,225.9,1.1,5940.0,246.4
2018-10-18T13:09:54,38.6,213.8,224.2,1.1,5940.0,245.4
2018-10-18T13:10:25,38.6,215.6,224.8,1.0,5950.0,246.4
2018-10-18T13:10:56,38.5,215.0,228.3,1.1,5950.0,245.4
2018-10-18T13:11:28,38.6,201.4,236.0,1.1,5960.0,245.4
2018-10-18T13:11:59,38.5,219.1,228.9,1.1,5960.0,246.4
2018-10-18T13:12:30,38.5,196.7,225.9,1.3,5970.0,245.4
2018-10-18T13:13:01,38.5,171.9,237.2,1.6,5980.0,246.4
2018-10-18T13:13:32,38.5,164.2,220.6,1.8,5980.0,246.4
2018-10-18T13:14:03,38.5,184.8,228.3,1.8,5990.0,247.3
2018-10-18T13:14:34,38.4,160.0,231.3,2.2,6000.0,246.4
2018-10-18T13:15:05,38.4,173.0,207.6,2.3,6010.0,246.4
2018-10-18T13:15:36,38.4,157.7,206.4,2.5,6020.0,247.3
2018-10-18T13:16:08,38.4,178.3,241.3,2.4,6030.0,248.3
2018-10-18T13:16:39,38.4,173.6,217.7,2.8,6040.0,247.3
2018-10-18T13:17:10,38.4,177.2,222.4,2.7,6050.0,247.3
2018-10-18T13:17:41,38.4,174.8,225.4,2.9,6060.0,248.3
2018-10-18T13:18:12,38.4,170.7,223.6,2.9,6070.0,250.2
2018-10-18T13:18:43,38.4,174.2,232.4,2.7,6080.0,249.3
2018-10-18T13:19:14,38.5,173.6,228.9,2.5,6100.0,248.3
2018-10-18T13:19:45,38.5,177.8,231.3,2.4,6110.0,249.3
2018-10-18T13:20:16,38.5,171.3,228.3,2.4,6120.0,248.3
2018-10-18T13:20:48,38.5,170.7,246.6,2.6,6130.0,248.3
2018-10-18T13:21:19,38.5,168.3,230.1,2.6,6140.0,249.3
2018-10-18T13:21:50,38.5,176.6,242.5,2.9,6150.0,252.2
2018-10-18T13:22:21,38.4,204.3,214.1,2.9,6170.0,252.2
2018-10-18T13:22:52,38.5,204.3,215.3,2.9,6190.0,254.1
2018-10-18T13:23:23,38.5,191.3,234.8,3.0,6210.0,252.2
2018-10-18T13:23:54,38.6,207.3,214.1,2.9,6230.0,253.1
2018-10-18T13:24:25,38.7,210.2,212.9,2.9,6260.0,253.1
2018-10-18T13:24:56,38.7,205.5,209.4,3.1,6280.0,252.2
2018-10-18T13:25:27,38.9,200.2,211.7,3.1,6300.0,251.2
2018-10-18T13:25:59,39.0,191.9,211.2,2.7,6320.0,248.3
2018-10-18T13:26:30,39.0,189.0,215.9,2.7,6330.0,248.3
2018-10-18T13:27:01,39.1,190.8,215.3,2.5,6340.0,250.2
2018-10-18T13:27:32,39.1,190.8,218.3,2.4,6350.0,248.3
2018-10-18T13:28:03,39.1,193.7,223.0,2.0,6360.0,248.3
2018-10-18T13:28:34,39.1,190.8,217.7,2.1,6370.0,247.3
2018-10-18T13:29:05,39.1,185.4,220.6,2.1,6380.0,248.3
2018-10-18T13:29:36,39.1,190.2,217.7,2.1,6390.0,248.3
2018-10-18T13:30:07,39.1,193.7,223.0,2.0,6400.0,247.3
2018-10-18T13:30:39,39.1,190.2,215.3,2.2,6410.0,248.3
2018-10-18T13:31:10,39.1,189.6,219.4,2.2,6420.0,249.3
2018-10-18T13:31:41,39.1,189.0,220.0,2.2,6430.0,248.3
2018-10-18T13:32:12,39.1,185.4,225.4,2.1,6440.0,248.3
2018-10-18T13:32:43,39.0,189.6,223.6,2.2,6450.0,250.2
2018-10-18T13:33:14,39.0,194.9,221.8,2.1,6460.0,248.3
2018-10-18T13:33:45,39.1,194.9,221.8,1.8,6460.0,247.3
2018-10-18T13:34:16,39.0,195.5,218.3,1.7,6470.0,248.3
2018-10-18T13:34:47,39.0,190.8,223.6,1.7,6480.0,247.3
2018-10-18T13:35:18,38.9,190.8,224.8,1.4,6490.0,246.4
2018-10-18T13:35:50,39.0,187.2,223.0,1.5,6490.0,246.4
2018-10-18T13:36:21,39.0,193.7,215.9,1.3,6500.0,248.3
2018-10-18T13:36:52,38.9,193.1,224.8,1.4,6510.0,245.4
2018-10-18T13:37:23,38.9,189.6,224.8,1.3,6510.0,246.4
2018-10-18T13:37:54,38.9,190.8,222.4,1.3,6520.0,245.4
2018-10-18T13:38:25,38.9,197.3,227.7,1.2,6520.0,246.4
2018-10-18T13:38:56,38.9,215.6,225.9,1.2,6530.0,246.4
2018-10-18T13:39:27,38.7,212.6,218.3,1.2,6530.0,247.3
2018-10-18T13:39:58,38.7,211.4,227.1,1.2,6540.0,246.4
2018-10-18T13:40:29,38.7,204.3,230.7,1.3,6540.0,246.4
2018-10-18T13:41:01,38.7,199.6,220.0,1.3,6550.0,246.4
2018-10-18T13:41:32,38.7,184.8,228.3,1.3,6560.0,245.4
2018-10-18T13:42:03,38.7,195.5,220.6,1.3,6560.0,246.4
2018-10-18T13:42:34,38.6,189.0,217.1,1.5,6570.0,247.3
2018-10-18T13:43:05,38.6,191.9,232.4,1.5,6570.0,246.4
2018-10-18T13:43:36,38.6,190.2,231.3,1.5,6580.0,245.4
2018-10-18T13:44:07,38.5,194.9,228.3,1.3,6590.0,245.4
2018-10-18T13:44:38,38.5,194.3,231.9,1.4,6590.0,246.4
2018-10-18T13:45:09,38.5,191.3,224.8,1.4,6600.0,244.4
2018-10-18T13:45:40,38.5,194.9,228.3,1.1,6600.0,246.4
2018-10-18T13:46:12,38.5,191.9,231.3,1.1,6610.0,246.4
2018-10-18T13:46:43,38.4,209.1,230.7,1.0,6610.0,246.4
2018-10-18T13:47:14,38.4,204.3,234.2,1.1,6620.0,244.4
2018-10-18T13:47:45,38.4,213.2,225.4,1.0,6620.0,244.4
2018-10-18T13:48:16,38.3,218.5,228.9,0.9,6630.0,244.4
2018-10-18T13:48:47,38.3,196.7,235.4,1.1,6630.0,245.4
2018-10-18T13:49:18,38.3,189.6,219.4,1.2,6640.0,244.4
2018-10-18T13:49:49,38.2,186.6,237.8,1.3,6640.0,244.4
2018-10-18T13:50:20,38.2,199.6,220.0,1.2,6650.0,245.4
2018-10-18T13:50:51,38.2,193.1,235.4,1.3,6650.0,245.4
2018-10-18T13:51:23,38.2,187.8,220.0,1.3,6660.0,244.4
2018-10-18T13:51:54,38.0,190.2,231.3,1.4,6660.0,245.4
2018-10-18T13:52:25,38.0,196.7,233.6,1.3,6670.0,244.4
2018-10-18T13:52:56,37.9,191.9,230.7,1.4,6670.0,244.4
2018-10-18T13:53:27,37.9,196.7,223.0,1.3,6680.0,246.4
2018-10-18T13:53:58,37.9,196.1,235.4,1.2,6680.0,246.4
2018-10-18T13:54:29,37.8,198.4,232.4,1.3,6690.0,245.4
2018-10-18T13:55:00,37.8,198.4,230.7,1.2,6700.0,246.4
2018-10-18T13:58:42,37.7,191.3,223.6,1.4,6730.0,247.3
2018-10-18T13:59:13,37.7,190.8,230.7,1.3,6740.0,245.4
2018-10-18T13:59:44,37.7,195.5,237.8,1.4,6750.0,245.4
2018-10-18T14:00:15,37.7,185.4,223.0,1.3,6750.0,246.4
2018-10-18T14:03:57,37.5,200.2,233.0,1.2,6790.0,245.4
2018-10-18T14:04:28,37.5,216.2,237.8,1.3,6800.0,247.3
2018-10-18T14:04:59,37.5,220.3,225.4,1.1,6800.0,245.4
2018-10-18T14:05:30,37.5,217.3,232.4,1.2,6810.0,245.4
2018-10-18T14:06:01,37.5,219.1,234.2,1.2,6810.0,246.4
2018-10-18T14:06:32,37.4,203.7,223.6,1.3,6820.0,246.4
2018-10-18T14:07:03,37.5,215.0,231.3,1.2,6820.0,246.4
2018-10-18T14:07:34,37.4,217.9,241.3,1.2,6830.0,246.4
2018-10-18T14:08:05,37.4,217.3,228.9,1.2,6830.0,246.4
2018-10-18T14:08:36,37.4,206.1,231.3,1.2,6840.0,246.4
2018-10-18T14:09:07,37.4,220.9,236.0,1.2,6850.0,247.3
2018-10-18T14:09:38,37.4,216.7,225.4,1.2,6850.0,247.3
2018-10-18T14:10:09,37.4,207.9,230.1,1.4,6860.0,247.3
2018-10-18T14:10:41,37.4,222.7,241.3,1.3,6870.0,248.3
2018-10-18T14:11:12,37.4,220.9,234.8,1.3,6870.0,246.4
2018-10-18T14:11:43,37.4,222.7,226.5,1.3,6880.0,249.3
2018-10-18T14:12:14,37.4,218.5,231.9,1.3,6880.0,246.4
2018-10-18T14:12:45,37.4,220.9,234.8,1.4,6890.0,247.3
2018-10-18T14:13:16,37.4,219.7,232.4,1.3,6900.0,245.4
2018-10-18T14:13:47,37.4,221.5,233.0,1.3,6900.0,247.3
2018-10-18T14:14:18,37.4,213.2,230.1,1.3,6910.0,245.4
2018-10-18T14:14:49,37.4,213.2,228.3,1.5,6920.0,247.3
2018-10-18T14:15:20,37.4,213.8,234.8,1.4,6920.0,245.4
2018-10-18T14:15:52,37.4,222.1,236.0,1.5,6930.0,246.4
2018-10-18T14:16:23,37.4,222.1,225.9,1.5,6940.0,246.4
2018-10-18T14:16:54,37.4,220.3,233.0,1.5,6940.0,247.3
2018-10-18T14:17:25,37.4,219.1,233.6,1.5,6950.0,248.3
2018-10-18T14:17:56,37.4,223.2,231.3,1.4,6960.0,246.4
2018-10-18T14:18:27,37.4,219.7,230.1,1.5,6970.0,246.4
2018-10-18T14:18:58,37.4,222.7,241.3,1.5,6970.0,248.3
2018-10-18T14:19:30,37.4,220.9,233.0,1.7,6980.0,247.3
2018-10-18T14:20:01,37.4,219.7,224.8,1.6,6990.0,247.3
2018-10-18T14:20:32,37.4,217.9,230.7,1.6,7000.0,247.3
2018-10-18T14:21:04,37.4,220.9,234.2,1.7,7010.0,247.3
2018-10-18T14:21:35,37.5,223.2,227.7,1.5,7020.0,247.3
2018-10-18T14:22:06,37.5,220.9,231.9,1.6,7020.0,246.4
2018-10-18T14:22:37,37.5,220.9,232.4,1.5,7030.0,246.4
2018-10-18T14:23:08,37.5,219.7,233.0,1.6,7040.0,246.4
2018-10-18T14:23:39,37.5,216.7,232.4,1.6,7050.0,245.4
2018-10-18T14:24:10,37.5,218.5,235.4,1.4,7060.0,246.4
2018-10-18T14:24:41,37.5,215.0,233.6,1.4,7060.0,246.4
2018-10-18T14:25:12,37.5,218.5,236.0,1.5,7070.0,246.4
2018-10-18T14:25:43,37.6,221.5,230.7,1.3,7080.0,246.4
2018-10-18T14:26:15,37.6,221.5,232.4,1.3,7080.0,247.3
2018-10-18T14:26:46,37.6,220.3,234.8,1.3,7090.0,246.4
2018-10-18T14:27:17,37.7,217.9,234.2,1.5,7100.0,246.4
2018-10-18T14:27:48,37.6,220.9,230.1,1.3,7100.0,246.4
2018-10-18T14:28:19,37.6,220.9,222.4,1.5,7110.0,246.4
2018-10-18T14:28:50,37.6,221.5,233.0,1.5,7120.0,246.4
2018-10-18T14:29:21,37.6,217.9,237.2,1.5,7130.0,247.3
2018-10-18T14:29:52,37.6,219.7,234.2,1.5,7130.0,246.4
2018-10-18T14:30:23,37.6,217.9,230.1,1.5,7140.0,247.3
2018-10-18T14:30:55,37.6,216.7,230.1,1.4,7150.0,246.4
2018-10-18T14:31:26,37.6,219.7,230.1,1.3,7150.0,245.4
2018-10-18T14:31:57,37.6,212.6,227.1,1.2,7160.0,245.4
2018-10-18T14:32:28,37.6,217.9,230.1,1.1,7170.0,243.5
2018-10-18T14:32:59,37.6,212.0,226.5,1.0,7170.0,245.4
2018-10-18T14:33:30,37.6,217.3,228.3,0.9,7180.0,243.5
2018-10-18T14:34:01,37.6,214.4,230.1,0.9,7180.0,244.4
2018-10-18T14:34:32,37.6,213.8,225.4,1.0,7180.0,244.4
2018-10-18T14:35:03,37.6,212.6,227.7,0.8,7190.0,244.4
2018-10-18T14:35:35,37.5,210.8,228.3,0.9,7190.0,245.4
2018-10-18T14:36:06,37.5,213.8,217.1,0.9,7200.0,244.4
2018-10-18T14:36:37,37.5,197.8,223.0,0.9,7200.0,245.4
2018-10-18T14:37:08,37.5,218.5,227.7,0.9,7200.0,244.4
2018-10-18T14:37:39,37.5,215.6,228.3,1.0,7210.0,244.4
2018-10-18T14:38:10,37.5,199.6,230.1,1.0,7210.0,244.4
2018-10-18T14:38:42,37.5,220.3,227.1,1.0,7220.0,243.5
2018-10-18T14:39:13,37.5,206.7,233.6,1.0,7220.0,245.4
2018-10-18T14:39:44,37.4,208.5,216.5,1.1,7230.0,244.4
2018-10-18T14:40:15,37.4,207.9,227.7,1.0,7230.0,244.4
2018-10-18T14:40:46,37.4,216.2,232.4,0.9,7240.0,244.4
2018-10-18T14:41:18,37.4,210.2,230.1,0.8,7240.0,243.5
2018-10-18T14:41:49,37.4,212.0,226.5,0.7,7240.0,244.4
2018-10-18T14:42:20,37.4,213.2,225.9,0.7,7250.0,244.4
2018-10-18T14:42:51,37.2,209.1,230.1,0.6,7250.0,244.4
2018-10-18T14:43:22,37.2,207.9,226.5,0.6,7250.0,245.4
2018-10-18T14:43:53,37.2,206.1,228.9,0.5,7260.0,243.5
2018-10-18T14:44:24,37.2,198.4,225.9,0.4,7260.0,243.5
2018-10-18T14:44:55,37.2,203.7,224.8,0.4,7260.0,243.5
2018-10-18T14:45:26,37.2,196.7,220.6,0.4,7260.0,243.5
2018-10-18T14:45:58,37.2,211.4,223.6,0.4,7260.0,244.4
2018-10-18T14:46:29,37.1,188.4,225.4,0.4,7260.0,244.4
2018-10-18T14:47:00,37.1,183.7,221.2,0.4,7270.0,243.5
2018-10-18T14:47:31,37.1,206.1,220.6,0.3,7270.0,243.5
2018-10-18T14:48:02,37.0,197.8,236.0,0.4,7270.0,243.5
2018-10-18T14:48:33,36.9,177.2,212.9,0.4,7270.0,244.4
2018-10-18T14:49:04,36.9,186.6,223.0,0.4,7270.0,243.5
2018-10-18T14:49:35,36.9,209.1,232.4,0.4,7270.0,242.5
2018-10-18T14:50:06,36.8,199.0,209.4,0.4,7280.0,244.4
2018-10-18T14:50:38,36.8,181.9,212.3,0.5,7280.0,243.5
2018-10-18T14:51:10,36.8,160.6,236.0,0.6,7280.0,244.4
2018-10-18T14:51:41,36.7,147.6,228.9,0.6,7280.0,243.5
2018-10-18T14:52:12,36.7,170.1,207.0,0.6,7280.0,244.4
2018-10-18T14:52:43,36.7,193.1,199.3,0.6,7290.0,242.5
2018-10-18T14:53:14,36.7,215.0,224.2,0.6,7290.0,243.5
2018-10-18T14:53:45,36.5,204.3,246.1,0.6,7290.0,243.5
2018-10-18T14:54:16,36.5,183.1,223.6,0.7,7290.0,241.5
2018-10-18T14:54:47,36.5,163.0,208.2,0.7,7300.0,242.5
2018-10-18T14:55:18,36.5,146.4,233.0,0.8,7300.0,243.5
2018-10-18T14:55:50,36.4,170.1,233.6,0.7,7300.0,243.5
2018-10-18T14:56:21,36.4,190.8,230.7,0.7,7300.0,243.5
2018-10-18T14:56:52,36.4,189.0,234.8,0.7,7310.0,242.5
2018-10-18T14:57:23,36.4,193.7,233.0,0.6,7310.0,243.5
2018-10-18T14:57:54,36.4,215.0,234.8,0.6,7310.0,243.5
2018-10-18T14:58:25,36.3,210.2,239.5,0.6,7320.0,243.5
2018-10-18T14:58:56,36.3,208.5,226.5,0.6,7320.0,243.5
2018-10-18T14:59:27,36.3,215.0,237.8,0.6,7320.0,243.5
2018-10-18T14:59:58,36.3,194.9,227.7,0.6,7320.0,242.5
2018-10-18T15:00:29,36.3,176.6,244.3,0.7,7330.0,244.4
2018-10-18T15:01:01,36.3,199.0,221.2,0.6,7330.0,244.4
2018-10-18T15:01:32,36.2,220.3,235.4,0.5,7330.0,244.4
2018-10-18T15:02:03,36.2,203.7,235.4,0.7,7340.0,244.4
2018-10-18T15:02:34,36.2,216.7,223.0,0.6,7340.0,244.4
2018-10-18T15:03:05,36.2,209.7,244.9,0.7,7340.0,243.5
2018-10-18T15:03:36,36.2,189.0,225.9,0.7,7340.0,244.4
2018-10-18T15:04:07,36.2,193.7,230.7,0.7,7350.0,245.4
2018-10-18T15:04:38,36.2,215.0,234.8,0.7,7350.0,244.4
2018-10-18T15:05:09,36.1,206.7,239.0,0.6,7350.0,244.4
2018-10-18T15:05:40,36.1,185.4,225.4,0.7,7360.0,244.4
2018-10-18T15:06:12,36.1,189.0,231.9,0.7,7360.0,244.4
2018-10-18T15:06:43,36.1,202.6,239.0,0.7,7360.0,243.5
2018-10-18T15:07:14,36.1,207.9,231.9,0.7,7370.0,244.4
2018-10-18T15:07:45,36.1,217.3,231.9,0.7,7370.0,244.4
2018-10-18T15:08:16,36.1,204.3,237.8,0.7,7370.0,244.4
2018-10-18T15:08:47,36.1,219.1,229.5,0.6,7370.0,244.4
2018-10-18T15:09:18,36.1,202.0,240.1,0.7,7380.0,245.4
2018-10-18T15:09:49,36.0,181.3,225.9,0.8,7380.0,245.4
2018-10-18T15:10:20,36.0,190.2,239.5,0.7,7380.0,245.4
2018-10-18T15:10:51,36.0,186.6,221.2,0.8,7390.0,245.4
2018-10-18T15:11:23,36.0,206.7,243.1,0.7,7390.0,244.4
2018-10-18T15:11:54,36.0,219.7,228.9,0.6,7390.0,244.4
2018-10-18T15:12:25,36.0,215.6,230.1,0.6,7390.0,245.4
2018-10-18T15:12:56,36.0,204.9,237.2,0.6,7400.0,243.5
2018-10-18T15:13:27,36.0,219.1,235.4,0.6,7400.0,243.5
2018-10-18T15:13:58,36.0,207.9,234.2,0.6,7400.0,245.4
2018-10-18T15:14:29,35.9,209.7,231.3,0.6,7410.0,245.4
2018-10-18T15:15:00,35.9,208.5,222.4,0.5,7410.0,244.4
2018-10-18T15:15:31,35.9,207.3,233.0,0.5,7410.0,244.4
2018-10-18T15:16:03,35.9,205.5,217.7,0.5,7410.0,243.5
2018-10-18T15:16:34,35.9,209.1,234.2,0.5,7420.0,245.4
2018-10-18T15:17:05,35.9,215.0,216.5,0.5,7420.0,244.4
2018-10-18T15:17:36,35.7,200.2,233.0,0.5,7420.0,243.5
2018-10-18T15:18:36,35.9,197.8,228.9,0.6,7420.0,243.5
2018-10-18T15:19:07,35.9,177.8,234.2,0.6,7430.0,243.5
2018-10-18T15:19:38,35.9,158.9,218.8,0.7,7430.0,243.5
2018-10-18T15:20:09,35.9,180.7,241.9,0.7,7430.0,244.4
2018-10-18T15:20:41,35.9,203.2,218.8,0.6,7430.0,243.5
2018-10-18T15:21:13,35.9,216.2,233.6,0.6,7440.0,243.5
2018-10-18T15:21:44,35.7,195.5,213.5,0.6,7440.0,244.4
2018-10-18T15:22:15,35.7,182.5,228.3,0.7,7440.0,244.4
2018-10-18T15:22:46,35.7,202.0,236.6,0.6,7450.0,244.4
2018-10-18T15:23:17,35.7,219.1,217.7,0.6,7450.0,244.4
2018-10-18T15:23:48,35.7,199.0,241.3,0.6,7450.0,244.4
2018-10-18T15:24:19,35.7,220.3,221.2,0.6,7450.0,243.5
2018-10-18T15:24:50,35.7,200.2,235.4,0.6,7460.0,244.4
2018-10-18T15:25:21,35.7,220.3,230.1,0.6,7460.0,244.4
2018-10-18T15:25:52,35.7,197.3,234.2,0.6,7460.0,244.4
2018-10-18T15:26:24,35.7,176.0,224.2,0.7,7470.0,245.4
2018-10-18T15:26:55,35.7,191.3,237.8,0.8,7470.0,245.4
2018-10-18T15:27:26,35.7,212.6,229.5,0.7,7470.0,244.4
2018-10-18T15:27:57,35.7,209.7,213.5,0.7,7480.0,244.4
2018-10-18T15:28:28,35.7,189.0,240.1,0.9,7480.0,244.4
2018-10-18T15:28:59,35.7,168.3,226.5,1.0,7480.0,246.4
2018-10-18T15:29:30,35.7,147.6,235.4,1.1,7490.0,246.4
2018-10-18T15:30:01,35.7,165.9,233.0,1.0,7490.0,246.4
2018-10-18T15:30:32,35.7,189.0,241.9,1.1,7490.0,246.4
2018-10-18T15:31:04,35.7,189.0,234.2,1.1,7500.0,247.3
2018-10-18T15:31:35,35.7,190.2,239.5,1.1,7500.0,246.4
2018-10-18T15:32:06,35.7,187.2,231.9,1.1,7510.0,247.3
2018-10-18T15:32:37,35.7,193.1,243.1,1.0,7510.0,245.4
2018-10-18T15:33:08,35.7,186.0,237.2,1.0,7520.0,246.4
2018-10-18T15:33:39,35.7,208.5,228.3,1.0,7520.0,247.3
2018-10-18T15:34:10,35.7,214.4,241.9,1.0,7530.0,246.4
2018-10-18T15:34:41,35.7,218.5,221.2,1.0,7530.0,245.4
2018-10-18T15:35:12,35.7,207.9,243.7,1.1,7540.0,247.3
2018-10-18T15:35:43,35.7,189.6,222.4,1.3,7540.0,247.3
2018-10-18T15:36:15,35.9,189.0,241.3,1.3,7550.0,245.4
2018-10-18T15:36:46,35.7,197.3,233.0,1.3,7550.0,244.4
2018-10-18T15:37:17,35.7,199.6,226.5,1.3,7560.0,246.4
2018-10-18T15:37:48,35.7,206.1,235.4,1.1,7560.0,246.4
2018-10-18T15:38:19,35.7,223.2,230.1,1.1,7570.0,245.4
2018-10-18T15:38:50,35.7,222.1,230.7,1.0,7570.0,247.3
2018-10-18T15:39:21,35.7,221.5,233.6,1.0,7580.0,246.4
2018-10-18T15:39:52,35.7,219.1,237.8,1.0,7580.0,246.4
2018-10-18T15:40:23,35.7,217.9,239.0,1.0,7590.0,246.4
2018-10-18T15:40:55,35.9,218.5,228.3,1.1,7590.0,246.4
2018-10-18T15:41:26,35.9,222.1,234.2,1.0,7600.0,246.4
2018-10-18T15:41:57,35.9,217.9,230.1,1.0,7600.0,246.4
2018-10-18T15:42:28,35.9,219.7,239.5,1.0,7610.0,246.4
2018-10-18T15:42:59,35.7,215.0,236.6,1.2,7620.0,246.4
2018-10-18T15:43:30,35.9,204.9,233.0,1.1,7620.0,246.4
2018-10-18T15:44:01,35.9,194.3,246.1,1.2,7630.0,246.4
2018-10-18T15:44:32,35.9,189.0,227.7,1.3,7630.0,245.4
2018-10-18T15:45:03,35.9,213.8,225.4,1.2,7640.0,246.4
2018-10-18T15:45:35,35.9,210.2,239.5,1.3,7640.0,246.4
2018-10-18T15:46:06,35.9,222.1,240.7,1.3,7650.0,247.3
2018-10-18T15:46:37,35.9,217.3,241.9,1.3,7660.0,245.4
2018-10-18T15:47:08,35.9,220.9,234.8,1.2,7670.0,245.4
2018-10-18T15:47:39,35.9,216.7,240.1,1.2,7670.0,245.4
2018-10-18T15:48:10,36.0,222.1,245.5,1.2,7680.0,245.4
2018-10-18T15:48:41,36.0,218.5,241.3,1.2,7680.0,245.4
2018-10-18T15:49:12,36.0,213.8,243.1,1.3,7690.0,244.4
2018-10-18T15:49:43,36.0,217.9,238.4,1.2,7700.0,244.4
2018-10-18T15:50:14,36.1,217.3,236.0,1.1,7700.0,244.4
2018-10-18T15:50:46,36.1,218.5,233.0,1.2,7710.0,244.4
2018-10-18T15:51:17,36.1,213.8,224.2,1.3,7720.0,244.4
2018-10-18T15:51:48,36.1,220.9,243.1,1.3,7720.0,244.4
2018-10-18T15:52:19,36.2,220.3,239.5,1.3,7730.0,243.5
2018-10-18T15:52:50,36.2,205.5,214.7,1.4,7740.0,245.4
2018-10-18T15:53:21,36.2,184.8,204.1,1.6,7740.0,245.4
2018-10-18T15:53:52,36.2,190.8,224.8,1.5,7750.0,246.4
2018-10-18T15:54:23,36.2,189.6,228.9,1.5,7760.0,246.4
2018-10-18T15:54:54,36.3,190.2,241.3,1.4,7770.0,246.4
2018-10-18T15:55:25,36.3,210.2,241.3,1.3,7770.0,246.4
2018-10-18T15:55:57,36.3,217.9,241.9,1.2,7780.0,246.4
2018-10-18T15:56:28,36.3,219.7,246.1,1.3,7790.0,246.4
2018-10-18T15:56:59,36.3,217.3,248.4,1.2,7790.0,246.4
2018-10-18T15:57:30,36.3,215.0,254.3,1.2,7800.0,248.3
2018-10-18T15:58:02,36.3,217.3,242.5,1.3,7810.0,246.4
2018-10-18T15:58:33,36.2,223.2,221.2,1.2,7810.0,246.4
2018-10-18T15:59:04,36.2,217.9,215.9,1.2,7820.0,246.4
2018-10-18T15:59:35,36.2,217.9,213.5,1.1,7830.0,247.3
2018-10-18T16:00:06,36.2,209.7,195.2,1.2,7830.0,247.3
2018-10-18T16:00:37,36.2,215.6,204.1,1.2,7840.0,247.3
2018-10-18T16:01:09,36.3,211.4,201.1,1.3,7850.0,249.3
2018-10-18T16:01:40,36.3,229.2,215.9,1.2,7860.0,248.3
2018-10-18T16:02:11,36.3,210.2,232.4,1.3,7860.0,249.3
2018-10-18T16:02:42,36.3,186.0,213.5,1.6,7870.0,248.3
2018-10-18T16:03:13,36.4,175.4,203.5,1.8,7880.0,250.2
2018-10-18T16:03:44,36.4,183.1,208.8,1.7,7890.0,250.2
2018-10-18T16:04:15,36.4,173.0,208.8,1.6,7910.0,250.2
2018-10-18T16:04:46,36.5,188.4,214.1,1.5,7920.0,249.3
2018-10-18T16:05:17,36.5,213.8,218.3,1.4,7930.0,249.3
2018-10-18T16:05:48,36.7,213.8,201.1,1.5,7940.0,250.2
2018-10-18T16:06:20,36.7,224.4,193.4,1.2,7950.0,247.3
2018-10-18T16:06:51,36.7,213.8,199.9,1.1,7960.0,247.3
2018-10-18T16:07:22,36.7,222.7,218.3,1.1,7960.0,246.4
2018-10-18T16:07:53,36.7,226.2,231.9,1.1,7970.0,246.4
2018-10-18T16:08:24,36.7,220.9,225.4,1.0,7980.0,246.4
2018-10-18T16:08:55,36.8,224.4,210.6,0.9,7980.0,246.4
2018-10-18T16:09:26,36.8,220.9,204.1,0.9,7990.0,246.4
2018-10-18T16:09:57,36.8,213.2,207.0,0.8,7990.0,245.4
2018-10-18T16:10:28,36.8,207.3,212.9,0.7,8000.0,243.5
2018-10-18T16:10:59,36.8,207.9,224.2,0.6,8000.0,244.4
2018-10-18T16:11:31,36.8,215.6,215.3,0.6,8000.0,244.4
2018-10-18T16:12:02,36.8,209.7,233.6,0.7,8010.0,244.4
2018-10-18T16:12:33,36.8,212.0,220.6,0.7,8010.0,245.4
2018-10-18T16:13:04,36.8,215.0,234.2,0.6,8010.0,243.5
2018-10-18T16:13:35,36.7,197.8,209.4,0.7,8010.0,243.5
2018-10-18T16:14:06,36.7,177.8,212.3,0.8,8020.0,244.4
2018-10-18T16:14:37,36.7,172.4,235.4,0.7,8020.0,244.4
2018-10-18T16:15:08,36.7,194.9,220.6,0.7,8020.0,243.5
2018-10-18T16:15:39,36.7,211.4,230.1,0.7,8030.0,245.4
2018-10-18T16:16:11,36.5,216.2,231.9,0.6,8030.0,243.5
2018-10-18T16:16:42,36.5,217.9,238.4,0.7,8030.0,244.4
2018-10-18T16:17:13,36.5,197.8,241.9,0.9,8040.0,244.4
2018-10-18T16:17:44,36.5,213.8,246.6,0.8,8040.0,243.5
2018-10-18T16:18:15,36.5,192.5,235.4,0.9,8050.0,242.5
2018-10-18T16:18:46,36.5,207.9,244.3,0.8,8050.0,244.4
2018-10-18T16:19:17,36.5,215.6,220.6,0.9,8050.0,244.4
2018-10-18T16:19:48,36.5,209.7,195.2,0.9,8060.0,244.4
2018-10-18T16:20:19,36.5,209.7,194.0,0.8,8060.0,244.4
2018-10-18T16:20:50,36.5,210.8,193.4,0.9,8070.0,242.5
2018-10-18T16:21:22,36.5,218.5,172.1,1.0,8070.0,244.4
2018-10-18T16:21:53,36.5,217.9,185.7,1.0,8080.0,244.4
2018-10-18T16:22:24,36.5,212.0,180.4,1.1,8090.0,245.4
2018-10-18T16:22:55,36.7,211.4,166.8,1.1,8090.0,245.4
2018-10-18T16:23:26,36.7,196.7,142.5,1.2,8100.0,245.4
2018-10-18T16:23:57,36.8,213.8,172.7,1.2,8110.0,246.4
2018-10-18T16:24:28,36.8,223.2,181.0,1.1,8110.0,246.4
2018-10-18T16:24:59,36.9,225.0,180.4,1.1,8120.0,246.4
2018-10-18T16:25:30,37.0,216.7,186.9,1.2,8130.0,245.4
2018-10-18T16:26:01,37.0,216.2,181.0,1.2,8140.0,244.4
2018-10-18T16:26:32,37.1,220.3,171.5,1.0,8150.0,245.4
2018-10-18T16:27:03,37.1,223.2,159.1,1.0,8150.0,244.4
2018-10-18T16:27:34,37.1,215.0,170.3,1.0,8160.0,245.4
2018-10-18T16:28:05,37.1,218.5,190.4,1.0,8160.0,245.4
2018-10-18T16:28:36,37.1,215.6,168.0,1.0,8170.0,246.4
2018-10-18T16:29:07,37.2,215.0,173.3,1.1,8180.0,247.3
2018-10-18T16:29:38,37.2,193.1,183.9,1.2,8180.0,247.3
2018-10-18T16:30:09,37.2,213.2,181.0,1.0,8190.0,245.4
2018-10-18T16:30:41,37.2,207.9,169.1,1.0,8200.0,245.4
2018-10-18T16:31:12,37.2,216.2,183.3,0.9,8200.0,245.4
2018-10-18T16:31:43,37.2,217.9,209.4,0.8,8200.0,244.4
2018-10-18T16:32:14,37.1,213.2,236.0,0.8,8210.0,246.4
2018-10-18T16:33:13,37.1,217.9,257.9,0.7,8220.0,245.4
2018-10-18T16:33:44,37.1,192.5,233.0,1.0,8220.0,246.4
2018-10-18T16:34:15,37.1,206.1,253.7,1.0,8220.0,247.3
2018-10-18T16:34:46,37.2,212.0,256.7,0.9,8230.0,246.4
2018-10-18T16:35:17,37.2,205.5,237.8,0.8,8230.0,245.4
2018-10-18T16:35:49,37.2,212.0,244.9,0.8,8230.0,245.4
2018-10-18T16:36:20,37.2,205.5,240.1,0.8,8240.0,244.4
2018-10-18T16:36:51,37.2,203.2,241.3,0.7,8240.0,244.4
2018-10-18T16:37:22,37.1,210.8,226.5,0.6,8240.0,244.4
2018-10-18T16:37:53,37.1,188.4,244.9,0.9,8250.0,245.4
2018-10-18T16:38:24,37.1,180.7,253.2,0.9,8250.0,246.4
2018-10-18T16:38:55,37.1,176.6,239.5,0.9,8250.0,246.4
2018-10-18T16:39:26,37.1,201.4,259.1,0.9,8260.0,245.4
2018-10-18T16:39:57,37.1,218.5,251.4,0.8,8260.0,245.4
2018-10-18T16:40:28,37.1,207.9,249.0,0.8,8260.0,246.4
2018-10-18T16:41:00,37.0,190.2,233.6,0.9,8270.0,246.4
2018-10-18T16:41:31,37.0,213.8,254.9,0.9,8270.0,246.4
2018-10-18T16:42:02,37.0,217.3,260.3,0.9,8280.0,246.4
2018-10-18T16:42:33,37.0,226.8,265.6,0.9,8280.0,245.4
2018-10-18T16:43:04,37.0,212.6,254.9,1.0,8280.0,246.4
2018-10-18T16:43:35,37.0,226.2,263.2,0.8,8290.0,247.3
2018-10-18T16:44:06,37.0,215.0,247.8,0.8,8290.0,246.4
2018-10-18T16:44:37,36.9,194.3,225.9,0.8,8290.0,246.4
2018-10-18T16:45:08,36.9,185.4,227.1,0.9,8300.0,246.4
2018-10-18T16:45:39,36.9,197.3,234.8,0.8,8300.0,247.3
2018-10-18T16:46:11,36.9,220.9,255.5,0.7,8300.0,246.4
2018-10-18T16:46:42,36.9,205.5,243.7,0.8,8310.0,247.3
2018-10-18T16:47:13,36.9,196.1,253.7,0.8,8310.0,246.4
2018-10-18T16:47:44,36.9,217.3,256.7,0.8,8310.0,246.4
2018-10-18T16:48:15,36.9,226.8,266.2,0.7,8310.0,246.4
2018-10-18T16:48:46,36.9,220.3,263.2,0.7,8320.0,245.4
2018-10-18T16:49:17,37.0,211.4,249.6,0.7,8320.0,245.4
2018-10-18T16:49:48,37.0,204.9,250.8,0.8,8320.0,246.4
2018-10-18T16:50:19,37.0,225.0,251.4,0.7,8330.0,245.4
2018-10-18T16:50:50,37.0,220.9,244.3,0.7,8330.0,246.4
2018-10-18T16:51:22,37.0,215.0,221.2,0.7,8330.0,246.4
2018-10-18T16:51:53,37.0,230.3,243.1,0.7,8330.0,246.4
2018-10-18T16:52:24,37.0,212.0,224.2,0.7,8340.0,246.4
2018-10-18T16:52:55,37.0,232.7,227.7,0.7,8340.0,246.4
2018-10-18T16:53:26,37.0,212.0,225.9,0.8,8340.0,246.4
2018-10-18T16:53:57,37.0,232.7,221.2,0.8,8350.0,246.4
2018-10-18T16:54:28,37.1,214.4,218.8,0.7,8350.0,246.4
2018-10-18T16:54:59,37.1,226.2,225.9,0.8,8350.0,245.4
2018-10-18T16:55:30,37.1,208.5,213.5,0.9,8360.0,245.4
2018-10-18T16:56:01,37.1,203.7,228.3,0.8,8360.0,246.4
2018-10-18T16:56:32,37.1,225.6,231.9,0.9,8360.0,246.4
2018-10-18T16:57:03,37.1,223.2,221.2,0.8,8370.0,245.4
2018-10-18T16:57:34,37.1,202.0,220.6,0.9,8370.0,245.4
2018-10-18T16:58:05,37.2,178.3,211.7,1.1,8370.0,247.3
2018-10-18T16:58:36,37.2,191.3,205.8,1.1,8380.0,247.3
2018-10-18T16:59:07,37.2,217.9,195.8,1.1,8380.0,246.4
2018-10-18T16:59:38,37.2,225.0,194.6,1.1,8380.0,246.4
2018-10-18T17:00:09,37.2,215.0,192.8,1.2,8390.0,246.4
2018-10-18T17:00:41,37.2,228.6,189.3,1.1,8390.0,246.4
2018-10-18T17:01:12,37.2,224.4,173.9,1.0,8400.0,245.4
2018-10-18T17:01:43,37.2,223.8,163.8,1.1,8400.0,244.4
2018-10-18T17:02:14,37.2,228.0,154.9,1.1,8400.0,245.4
2018-10-18T17:02:45,37.2,224.4,152.0,1.0,8410.0,245.4
2018-10-18T17:03:16,37.2,213.8,159.1,1.1,8410.0,244.4
2018-10-18T17:03:47,37.2,209.7,140.8,0.9,8420.0,246.4
2018-10-18T17:04:18,37.2,213.8,140.2,0.6,8420.0,245.4
2018-10-18T17:04:49,37.2,197.8,149.6,0.8,8420.0,245.4
2018-10-18T17:05:20,37.2,187.8,139.0,0.8,8430.0,246.4
2018-10-18T17:05:52,37.2,206.1,140.2,0.6,8430.0,244.4
2018-10-18T17:06:23,37.2,194.9,131.3,0.6,8430.0,245.4
2018-10-18T17:06:54,37.1,193.7,108.8,0.7,8430.0,244.4
2018-10-18T17:07:25,37.1,181.9,113.5,0.7,8430.0,245.4
2018-10-18T17:07:56,37.1,180.7,129.5,0.7,8440.0,244.4
2018-10-18T17:08:27,37.0,185.4,132.5,0.7,8440.0,244.4
2018-10-18T17:08:58,37.0,184.3,111.2,0.8,8440.0,244.4
2018-10-18T17:09:29,36.9,197.3,119.5,0.6,8440.0,244.4
2018-10-18T17:10:00,36.9,173.6,146.7,0.8,8450.0,246.4
2018-10-18T17:10:32,36.9,161.8,143.1,1.0,8450.0,244.4
2018-10-18T17:11:03,36.9,155.3,140.2,0.7,8450.0,247.3
2018-10-18T17:11:34,36.9,145.9,136.0,0.7,8450.0,246.4
2018-10-18T17:12:05,36.9,149.4,147.3,0.6,8450.0,244.4
2018-10-18T17:12:36,36.9,156.5,171.5,0.5,8460.0,245.4
2018-10-18T17:13:07,36.8,180.1,172.7,0.6,8460.0,246.4
2018-10-18T17:13:38,36.8,178.3,160.3,0.5,8460.0,245.4
2018-10-18T17:14:09,36.8,193.1,157.3,0.5,8460.0,246.4
2018-10-18T17:14:40,36.8,185.4,151.4,0.6,8460.0,245.4
2018-10-18T17:15:11,36.8,185.4,154.4,0.6,8470.0,245.4
2018-10-18T17:15:43,36.7,189.6,148.4,0.4,8470.0,246.4
2018-10-18T17:16:14,36.7,176.0,141.9,0.5,8470.0,245.4
2018-10-18T17:16:45,36.7,169.5,147.9,0.5,8470.0,244.4
2018-10-18T17:17:16,36.7,163.6,149.6,0.5,8470.0,244.4
2018-10-18T17:17:47,36.7,157.7,147.9,0.5,8470.0,244.4
2018-10-18T17:18:18,36.5,150.0,146.1,0.4,8480.0,244.4
2018-10-18T17:18:49,36.5,144.1,149.0,0.3,8480.0,244.4
2018-10-18T17:19:20,36.4,144.1,147.9,0.3,8480.0,244.4
2018-10-18T17:19:51,36.4,132.9,150.2,0.3,8480.0,243.5
2018-10-18T17:20:22,36.4,154.1,165.0,0.2,8480.0,245.4
2018-10-18T17:20:55,36.4,176.6,188.1,0.2,8480.0,245.4
2018-10-18T17:21:26,36.3,197.8,207.6,0.2,8480.0,244.4
2018-10-18T17:21:57,36.3,184.8,223.6,0.1,8480.0,244.4
2018-10-18T17:22:28,36.2,176.0,209.4,0.1,8480.0,244.4
2018-10-18T17:22:59,36.2,199.0,209.4,0.1,8480.0,244.4
2018-10-18T17:23:30,36.1,181.3,211.7,0.1,8480.0,245.4
2018-10-18T17:24:01,36.1,158.9,198.1,0.1,8480.0,245.4
2018-10-18T17:24:32,36.1,176.6,218.8,0.1,8480.0,244.4
2018-10-18T17:25:03,36.0,198.4,207.0,0.1,8480.0,244.4
2018-10-18T17:25:35,36.0,189.6,186.3,0.1,8480.0,244.4
2018-10-18T17:26:07,35.9,165.9,163.8,0.1,8480.0,244.4
2018-10-18T17:26:38,35.9,144.1,185.7,0.1,8480.0,245.4
2018-10-18T17:27:09,35.7,163.6,207.0,0.1,8480.0,245.4
2018-10-18T17:27:40,35.7,183.7,220.0,0.1,8480.0,244.4
2018-10-18T17:28:11,35.7,201.4,199.9,0.0,8480.0,244.4
2018-10-18T17:28:42,35.6,200.2,181.6,0.0,8480.0,244.4
2018-10-18T17:29:13,35.6,177.8,160.3,0.1,8480.0,246.4
2018-10-18T17:29:44,35.5,158.3,139.0,0.0,8480.0,245.4
2018-10-18T17:30:15,35.5,137.0,119.5,0.0,8480.0,245.4
2018-10-18T17:30:47,35.4,148.2,107.6,0.0,8480.0,244.4
2018-10-18T17:31:18,35.4,168.3,128.3,0.1,8480.0,243.5
2018-10-18T17:31:49,35.3,187.8,148.4,0.1,8480.0,242.5
2018-10-18T17:32:20,35.2,196.7,170.9,0.0,8480.0,243.5
2018-10-18T17:32:51,35.2,185.4,189.9,0.1,8480.0,244.4
2018-10-18T17:33:22,35.2,168.9,210.6,0.0,8480.0,242.5
2018-10-18T17:33:53,35.0,144.7,230.7,0.1,8480.0,241.5
2018-10-18T17:34:24,34.8,196.1,230.7,0.0,8480.0,241.5
2018-10-18T17:34:55,34.8,196.7,224.8,0.0,8480.0,240.6
2018-10-18T17:35:26,34.8,196.1,225.4,0.0,8480.0,239.6
2018-10-18T17:35:58,34.7,196.1,225.4,0.0,8480.0,239.6
2018-10-18T17:36:29,34.6,195.5,225.4,0.0,8480.0,238.6
2018-10-18T17:37:00,34.6,195.5,226.5,0.0,8480.0,240.6
2018-10-18T17:37:31,34.5,194.3,227.7,0.0,8480.0,239.6
2018-10-18T17:38:02,34.5,190.2,228.3,0.0,8480.0,240.6
2018-10-18T17:38:33,34.4,176.6,214.1,0.0,8480.0,240.6
2018-10-18T17:39:04,34.4,155.3,179.8,0.0,8480.0,238.6
2018-10-18T17:39:35,34.2,135.2,146.1,0.0,8480.0,241.5
2018-10-18T17:40:06,34.2,192.5,216.5,0.0,8480.0,240.6
2018-10-18T17:40:38,34.1,155.9,163.2,0.1,8480.0,238.6
2018-10-18T17:41:09,34.0,135.2,144.3,0.1,8480.0,238.6
2018-10-18T17:41:40,34.0,188.4,202.3,0.0,8480.0,238.6
2018-10-18T17:42:11,33.9,189.0,210.0,0.0,8480.0,240.6
2018-10-18T17:42:42,33.9,188.4,208.2,0.0,8480.0,238.6
2018-10-18T17:43:13,33.8,187.8,205.8,0.0,8480.0,239.6
2018-10-18T17:43:44,33.8,187.2,204.1,0.0,8480.0,239.6
2018-10-18T17:44:15,33.7,186.6,201.7,0.0,8480.0,241.5
2018-10-18T17:44:46,33.7,186.0,199.3,0.0,8480.0,239.6
2018-10-18T17:45:17,33.5,185.4,196.4,0.0,8480.0,239.6
2018-10-18T17:45:49,33.5,184.8,192.8,0.0,8480.0,239.6
2018-10-18T17:46:21,33.4,183.7,188.7,0.0,8480.0,239.6
2018-10-18T17:46:52,33.4,183.1,188.7,0.0,8480.0,239.6
2018-10-18T17:47:23,33.3,182.5,187.5,0.0,8480.0,239.6
2018-10-18T17:47:54,33.3,165.4,186.3,0.0,8480.0,241.5
2018-10-18T17:48:25,33.3,135.8,181.6,0.1,8480.0,239.6
2018-10-18T17:48:56,33.2,176.6,176.8,0.0,8480.0,238.6
2018-10-18T17:49:27,33.2,176.0,176.2,0.0,8480.0,237.7
2018-10-18T17:49:58,33.1,159.4,176.2,0.0,8480.0,239.6
2018-10-18T17:50:29,33.1,132.3,173.3,0.2,8480.0,239.6
2018-10-18T17:51:00,33.0,167.1,167.4,0.0,8480.0,238.6
2018-10-18T17:51:31,33.0,163.6,163.8,0.0,8480.0,237.7
2018-10-18T17:52:02,33.0,157.1,157.3,0.0,8480.0,236.7
2018-10-18T17:52:33,32.9,147.6,147.9,0.0,8480.0,235.7
2018-10-18T17:53:04,32.9,131.7,131.9,0.0,8480.0,237.7
2018-10-18T17:53:35,32.7,93.3,93.4,0.0,8480.0,236.7
