2018-10-24T06:35:27,26.1,184.8,238.4,0.6,120.0,242.5
2018-10-24T06:35:59,26.4,191.9,232.4,0.5,120.0,241.5
2018-10-24T06:36:30,26.4,215.6,236.0,0.5,120.0,242.5
2018-10-24T06:37:01,26.1,198.4,230.7,0.6,120.0,240.6
2018-10-24T06:37:32,26.4,215.0,227.1,0.5,120.0,241.5
2018-10-24T06:38:03,26.4,197.3,229.5,0.5,120.0,242.5
2018-10-24T06:38:34,26.4,217.3,217.7,0.4,130.0,243.5
2018-10-24T06:39:05,26.4,197.3,237.8,0.5,130.0,243.5
2018-10-24T06:39:36,26.4,199.0,234.8,0.5,130.0,242.5
2018-10-24T06:40:07,26.4,212.0,211.7,0.4,130.0,244.4
2018-10-24T06:40:39,26.4,190.8,231.3,0.5,130.0,242.5
2018-10-24T06:41:10,26.4,202.6,222.4,0.5,130.0,244.4
2018-10-24T06:41:41,26.8,215.6,210.0,0.5,130.0,242.5
2018-10-24T06:42:12,26.8,197.3,233.0,0.5,140.0,244.4
2018-10-24T06:42:43,26.8,218.5,234.8,0.5,140.0,243.5
2018-10-24T06:43:14,26.8,200.2,214.7,0.5,140.0,242.5
2018-10-24T06:43:45,26.8,181.3,210.0,0.6,140.0,243.5
2018-10-24T06:44:16,27.2,203.7,233.0,0.5,140.0,243.5
2018-10-24T06:44:47,27.2,220.3,244.9,0.5,140.0,242.5
2018-10-24T06:45:18,27.2,203.2,222.4,0.5,150.0,241.5
2018-10-24T06:45:50,27.2,223.2,230.1,0.4,150.0,241.5
2018-10-24T06:46:21,27.2,200.8,249.0,0.5,150.0,240.6
2018-10-24T06:46:52,27.2,220.3,225.9,0.5,150.0,239.6
2018-10-24T06:47:23,27.5,203.2,222.4,0.5,150.0,240.6
2018-10-24T06:47:54,27.5,216.2,243.7,0.6,150.0,242.5
2018-10-24T06:48:25,27.5,218.5,228.9,0.5,160.0,241.5
2018-10-24T06:48:56,27.5,197.3,212.3,0.5,160.0,242.5
2018-10-24T06:49:27,27.5,196.7,233.0,0.6,160.0,242.5
2018-10-24T06:49:59,27.5,218.5,238.4,0.5,160.0,243.5
2018-10-24T06:50:30,27.2,204.3,217.7,0.6,160.0,242.5
2018-10-24T06:51:01,27.2,216.2,230.7,0.6,170.0,243.5
2018-10-24T06:51:32,27.5,206.1,244.9,0.6,170.0,241.5
2018-10-24T06:52:03,27.5,195.5,223.0,0.6,170.0,243.5
2018-10-24T06:52:34,27.9,217.3,207.6,0.5,170.0,242.5
2018-10-24T06:53:05,27.9,202.6,230.1,0.6,170.0,243.5
2018-10-24T06:53:36,27.9,215.0,249.0,0.6,180.0,243.5
2018-10-24T06:54:07,27.9,209.7,226.5,0.6,180.0,242.5
2018-10-24T06:54:38,28.3,197.3,224.8,0.6,180.0,242.5
2018-10-24T06:55:09,28.3,220.3,246.1,0.5,180.0,242.5
2018-10-24T06:55:41,28.3,207.3,231.3,0.6,180.0,242.5
2018-10-24T06:56:12,28.3,206.7,215.9,0.6,190.0,242.5
2018-10-24T06:56:43,28.6,220.3,236.6,0.6,190.0,241.5
2018-10-24T06:57:14,28.6,200.2,241.3,0.6,190.0,241.5
2018-10-24T06:57:45,28.6,222.1,218.8,0.6,190.0,241.5
2018-10-24T06:58:16,28.6,209.1,230.7,0.7,190.0,241.5
2018-10-24T06:58:47,28.6,216.2,223.0,0.7,200.0,240.6
2018-10-24T06:59:18,28.6,194.3,244.9,0.7,200.0,240.6
2018-10-24T06:59:49,28.6,206.1,233.0,0.7,200.0,240.6
2018-10-24T07:00:20,29.0,222.7,214.1,0.6,200.0,240.6
2018-10-24T07:00:52,29.0,199.0,237.2,0.7,210.0,241.5
2018-10-24T07:01:23,29.0,222.1,237.2,0.7,210.0,241.5
2018-10-24T07:01:54,29.0,201.4,215.3,0.8,210.0,240.6
2018-10-24T07:02:25,29.0,180.7,201.1,0.8,210.0,242.5
2018-10-24T07:02:56,29.4,171.9,225.4,1.0,220.0,240.6
2018-10-24T07:03:27,29.4,194.3,242.5,0.8,220.0,239.6
2018-10-24T07:03:58,29.4,200.8,230.1,0.5,220.0,241.5
2018-10-24T07:04:29,29.4,207.9,236.6,0.7,220.0,240.6
2018-10-24T07:05:00,29.4,191.3,227.1,0.9,230.0,241.5
2018-10-24T07:05:32,29.7,208.5,249.6,0.8,230.0,240.6
2018-10-24T07:06:03,29.7,217.3,227.7,0.9,230.0,240.6
2018-10-24T07:06:34,29.7,221.5,235.4,0.9,230.0,241.5
2018-10-24T07:07:05,29.7,209.1,236.6,0.8,240.0,240.6
2018-10-24T07:07:36,29.7,204.9,244.3,1.0,240.0,241.5
2018-10-24T07:08:07,29.7,197.3,239.5,1.0,240.0,241.5
2018-10-24T07:08:38,30.1,220.9,217.7,1.0,250.0,241.5
2018-10-24T07:09:09,30.1,220.3,237.2,1.0,250.0,239.6
2018-10-24T07:09:40,30.1,213.2,225.9,1.0,260.0,240.6
2018-10-24T07:10:11,30.1,214.4,244.9,0.9,260.0,242.5
2018-10-24T07:10:43,30.1,217.3,223.6,1.0,260.0,242.5
2018-10-24T07:11:14,30.1,194.3,211.2,1.1,270.0,244.4
2018-10-24T07:11:45,30.1,216.2,239.5,1.1,270.0,244.4
2018-10-24T07:12:16,30.1,204.9,246.6,1.0,270.0,244.4
2018-10-24T07:12:47,30.1,197.3,232.4,1.2,280.0,243.5
2018-10-24T07:13:18,30.2,210.2,238.4,1.0,280.0,245.4
2018-10-24T07:13:49,30.2,229.7,219.4,0.8,290.0,242.5
2018-10-24T07:14:20,30.3,209.1,241.9,0.9,290.0,245.4
2018-10-24T07:14:51,30.3,199.6,239.0,0.9,300.0,244.4
2018-10-24T07:15:22,30.3,194.9,239.0,0.9,300.0,244.4
2018-10-24T07:15:54,30.3,178.9,235.4,1.0,300.0,245.4
2018-10-24T07:16:25,30.4,155.9,244.9,1.4,310.0,244.4
2018-10-24T07:16:56,30.4,158.3,246.6,1.1,310.0,245.4
2018-10-24T07:17:27,30.4,161.8,240.1,0.7,310.0,245.4
2018-10-24T07:17:58,30.4,180.1,236.6,0.6,320.0,244.4
2018-10-24T07:18:30,30.4,187.2,243.7,0.7,320.0,245.4
2018-10-24T07:19:01,30.4,156.5,224.2,1.6,320.0,245.4
2018-10-24T07:19:32,30.4,173.0,247.2,1.8,330.0,246.4
2018-10-24T07:20:03,30.4,181.3,247.8,1.7,330.0,246.4
2018-10-24T07:20:34,30.5,171.3,236.6,1.2,340.0,245.4
2018-10-24T07:21:06,30.5,173.0,229.5,1.3,340.0,246.4
2018-10-24T07:21:37,30.5,179.5,225.4,0.9,350.0,244.4
2018-10-24T07:22:08,30.5,173.0,236.0,0.6,350.0,246.4
2018-10-24T07:22:39,30.7,202.0,209.4,1.2,350.0,245.4
2018-10-24T07:23:10,30.7,198.4,206.4,0.9,360.0,246.4
2018-10-24T07:23:41,30.7,215.0,225.9,1.2,360.0,246.4
2018-10-24T07:24:12,30.7,204.3,246.1,1.0,360.0,246.4
2018-10-24T07:24:43,30.8,199.6,239.5,1.5,370.0,246.4
2018-10-24T07:25:14,30.7,200.2,237.8,1.3,370.0,246.4
2018-10-24T07:25:45,30.7,203.7,239.0,0.7,380.0,245.4
2018-10-24T07:26:17,30.7,220.3,225.9,0.6,380.0,244.4
2018-10-24T07:26:48,30.7,229.7,207.0,1.2,390.0,245.4
2018-10-24T07:27:19,30.5,216.2,203.5,1.0,390.0,245.4
2018-10-24T07:27:50,30.4,229.2,201.1,1.1,390.0,245.4
2018-10-24T07:28:21,30.4,230.3,195.8,0.8,400.0,246.4
2018-10-24T07:28:52,30.4,213.8,211.2,1.0,400.0,246.4
2018-10-24T07:29:23,30.5,230.3,235.4,1.0,410.0,246.4
2018-10-24T07:29:54,30.5,221.5,241.9,1.0,410.0,246.4
2018-10-24T07:30:25,30.7,226.2,221.2,1.1,420.0,247.3
2018-10-24T07:30:56,30.7,214.4,199.3,1.3,420.0,246.4
2018-10-24T07:31:28,30.7,233.9,209.4,1.3,430.0,247.3
2018-10-24T07:31:59,30.7,227.4,221.2,1.2,430.0,246.4
2018-10-24T07:32:30,30.8,207.9,205.8,1.4,440.0,246.4
2018-10-24T07:33:01,30.8,203.2,233.0,1.7,440.0,247.3
2018-10-24T07:33:32,31.0,193.1,237.8,2.1,450.0,247.3
2018-10-24T07:34:03,30.9,197.8,237.8,1.9,460.0,246.4
2018-10-24T07:34:34,31.0,197.3,231.3,0.6,460.0,245.4
2018-10-24T07:35:05,31.0,210.2,232.4,0.4,460.0,245.4
2018-10-24T07:35:36,31.0,187.8,224.2,0.6,470.0,244.4
2018-10-24T07:36:08,31.0,159.4,197.5,1.8,470.0,247.3
2018-10-24T07:36:39,31.1,151.8,209.4,2.1,470.0,246.4
2018-10-24T07:37:10,31.1,175.4,239.0,1.8,480.0,247.3
2018-10-24T07:37:41,31.2,184.8,235.4,0.7,480.0,244.4
2018-10-24T07:38:12,31.2,207.3,216.5,0.9,490.0,245.4
2018-10-24T07:38:43,31.2,217.9,218.3,0.8,490.0,243.5
2018-10-24T07:39:14,31.4,203.2,215.3,1.2,490.0,245.4
2018-10-24T07:39:45,31.4,193.7,224.8,0.6,500.0,243.5
2018-10-24T07:40:16,31.4,220.3,239.0,1.2,500.0,244.4
2018-10-24T07:40:47,31.4,204.9,238.4,1.3,510.0,244.4
2018-10-24T07:41:19,31.2,181.3,228.9,1.8,510.0,245.4
2018-10-24T07:41:50,31.2,188.4,235.4,1.8,520.0,247.3
2018-10-24T07:42:21,31.4,184.8,240.7,2.0,530.0,245.4
2018-10-24T07:42:52,31.4,188.4,230.1,1.9,530.0,243.5
2018-10-24T07:43:23,31.4,191.9,228.3,1.9,540.0,242.5
2018-10-24T07:43:54,31.2,196.7,222.4,2.0,550.0,242.5
2018-10-24T07:44:25,31.4,186.6,246.1,2.0,560.0,243.5
2018-10-24T07:44:56,31.4,187.8,246.1,1.9,560.0,243.5
2018-10-24T07:45:27,31.5,185.4,247.8,1.2,570.0,243.5
2018-10-24T07:45:58,31.4,180.7,243.7,2.5,570.0,243.5
2018-10-24T07:46:30,31.4,175.4,237.2,1.3,580.0,241.5
2018-10-24T07:47:01,31.4,203.2,225.4,1.8,580.0,241.5
2018-10-24T07:47:32,31.4,202.0,228.9,0.8,590.0,239.6
2018-10-24T07:48:03,31.4,214.4,237.2,0.8,590.0,240.6
2018-10-24T07:48:34,31.4,211.4,256.1,1.1,600.0,240.6
2018-10-24T07:49:05,31.4,206.1,238.4,1.6,600.0,243.5
2018-10-24T07:49:36,31.5,181.9,231.9,2.0,610.0,242.5
2018-10-24T07:50:07,31.5,190.2,233.0,2.2,620.0,243.5
2018-10-24T07:50:38,31.6,184.3,230.1,2.2,630.0,244.4
2018-10-24T07:51:10,31.6,196.1,230.1,1.8,640.0,243.5
2018-10-24T07:51:41,31.6,183.1,242.5,2.4,640.0,246.4
2018-10-24T07:52:12,31.7,190.2,225.9,2.3,650.0,245.4
2018-10-24T07:52:43,31.6,175.4,239.5,2.0,660.0,246.4
2018-10-24T07:53:14,31.7,184.8,231.3,2.2,670.0,247.3
2018-10-24T07:53:45,31.6,180.7,241.9,2.6,680.0,247.3
2018-10-24T07:54:16,31.7,177.8,244.9,2.1,680.0,245.4
2018-10-24T07:54:47,31.8,180.7,235.4,1.3,690.0,245.4
2018-10-24T07:55:18,31.8,180.1,240.1,2.9,700.0,246.4
2018-10-24T07:55:49,31.8,203.7,236.0,2.0,710.0,247.3
2018-10-24T07:56:21,31.9,213.2,211.7,2.7,720.0,248.3
2018-10-24T07:56:52,31.9,212.6,211.2,1.4,730.0,244.4
2018-10-24T07:57:23,31.9,214.4,218.8,0.9,730.0,243.5
2018-10-24T07:57:54,31.9,211.4,230.1,0.7,740.0,243.5
2018-10-24T07:58:25,32.0,204.9,230.1,0.7,740.0,242.5
2018-10-24T07:58:56,32.0,192.5,202.9,1.0,750.0,244.4
2018-10-24T07:59:27,32.2,220.3,180.4,1.1,750.0,243.5
2018-10-24T07:59:58,32.2,207.9,172.7,1.3,750.0,244.4
2018-10-24T08:00:29,32.0,199.0,209.4,1.8,760.0,246.4
2018-10-24T08:01:00,32.0,196.1,214.7,2.2,770.0,245.4
2018-10-24T08:01:31,32.0,191.9,223.6,1.4,770.0,244.4
2018-10-24T08:02:02,32.2,200.8,242.5,1.4,780.0,244.4
2018-10-24T08:02:33,32.0,207.3,233.0,1.1,780.0,243.5
2018-10-24T08:03:04,32.0,210.2,230.1,0.9,790.0,243.5
2018-10-24T08:03:35,32.0,209.1,225.9,0.9,790.0,243.5
2018-10-24T08:04:06,32.0,211.4,223.0,1.0,800.0,243.5
2018-10-24T08:04:37,32.2,212.0,218.8,0.9,800.0,243.5
2018-10-24T08:05:08,32.3,209.1,195.2,1.2,800.0,245.4
2018-10-24T08:05:40,32.3,200.8,192.2,3.0,810.0,245.4
2018-10-24T08:06:11,32.3,192.5,229.5,3.2,820.0,246.4
2018-10-24T08:06:42,32.4,197.3,235.4,3.2,830.0,246.4
2018-10-24T08:07:13,32.4,193.7,236.0,1.3,840.0,245.4
2018-10-24T08:07:44,32.4,199.0,235.4,1.0,850.0,243.5
2018-10-24T08:08:15,32.4,212.6,225.9,0.8,850.0,244.4
2018-10-24T08:08:46,32.4,185.4,215.9,1.4,860.0,242.5
2018-10-24T08:09:17,32.4,161.2,211.2,1.8,860.0,244.4
2018-10-24T08:09:48,32.4,186.6,198.1,2.2,870.0,244.4
2018-10-24T08:10:19,32.4,181.9,210.0,2.9,880.0,244.4
2018-10-24T08:10:51,32.4,173.6,235.4,3.5,890.0,244.4
2018-10-24T08:11:22,32.5,189.0,246.6,3.3,900.0,246.4
2018-10-24T08:11:53,32.6,186.6,246.6,2.9,910.0,244.4
2018-10-24T08:12:24,32.7,194.3,232.4,1.9,920.0,242.5
2018-10-24T08:12:55,32.7,166.5,232.4,3.7,930.0,245.4
2018-10-24T08:13:26,32.7,170.7,238.4,2.3,940.0,245.4
2018-10-24T08:13:57,32.6,165.4,229.5,2.3,950.0,245.4
2018-10-24T08:14:28,32.7,183.1,234.8,3.6,960.0,248.3
2018-10-24T08:14:59,32.5,192.5,228.3,3.5,970.0,246.4
2018-10-24T08:15:30,32.5,203.7,237.8,3.6,990.0,248.3
2018-10-24T08:16:02,32.6,210.2,224.2,3.5,1000.0,247.3
2018-10-24T08:16:33,32.5,211.4,234.2,3.7,1020.0,246.4
2018-10-24T08:17:04,32.5,206.1,221.8,3.8,1030.0,247.3
2018-10-24T08:17:35,32.6,210.8,224.8,1.4,1040.0,245.4
2018-10-24T08:18:06,32.6,200.8,211.2,1.3,1040.0,244.4
2018-10-24T08:18:37,32.7,217.9,232.4,1.2,1050.0,243.5
2018-10-24T08:19:08,32.7,212.6,223.6,1.3,1050.0,244.4
2018-10-24T08:19:39,32.9,185.4,230.1,2.1,1060.0,246.4
2018-10-24T08:20:10,32.9,186.0,229.5,1.4,1070.0,244.4
2018-10-24T08:20:42,33.0,191.9,230.7,1.5,1070.0,244.4
2018-10-24T08:21:13,33.0,191.9,244.3,2.6,1080.0,245.4
2018-10-24T08:21:44,33.1,198.4,230.1,1.8,1090.0,242.5
2018-10-24T08:22:15,33.1,206.7,226.5,1.3,1090.0,242.5
2018-10-24T08:22:46,33.1,219.7,221.8,1.2,1100.0,243.5
2018-10-24T08:23:17,33.1,217.3,239.0,1.3,1100.0,243.5
2018-10-24T08:23:48,33.0,200.8,216.5,1.5,1110.0,242.5
2018-10-24T08:24:19,33.0,181.9,249.6,3.8,1120.0,243.5
2018-10-24T08:24:50,33.0,185.4,233.6,4.8,1130.0,245.4
2018-10-24T08:25:21,33.0,183.1,233.6,1.8,1150.0,243.5
2018-10-24T08:25:53,33.0,187.2,228.3,1.5,1150.0,241.5
2018-10-24T08:26:24,33.1,191.3,231.3,1.3,1160.0,240.6
2018-10-24T08:26:55,33.0,187.2,235.4,1.4,1160.0,241.5
2018-10-24T08:27:26,33.0,189.6,221.2,1.4,1170.0,243.5
2018-10-24T08:27:57,33.0,165.9,207.0,1.7,1170.0,243.5
2018-10-24T08:28:28,33.1,142.9,236.0,2.2,1180.0,244.4
2018-10-24T08:28:59,33.1,115.1,204.1,4.6,1190.0,246.4
2018-10-24T08:29:30,33.2,117.5,209.4,2.5,1200.0,245.4
2018-10-24T08:30:01,33.2,140.0,229.5,2.1,1200.0,243.5
2018-10-24T08:30:33,33.3,161.2,245.5,2.3,1210.0,244.4
2018-10-24T08:31:04,33.2,173.6,231.3,2.0,1220.0,243.5
2018-10-24T08:31:35,33.1,188.4,231.3,1.8,1220.0,244.4
2018-10-24T08:32:06,33.2,159.4,234.2,3.1,1230.0,246.4
2018-10-24T08:32:37,33.3,171.9,214.7,3.3,1240.0,244.4
2018-10-24T08:33:08,33.3,186.6,223.0,1.9,1250.0,245.4
2018-10-24T08:33:39,33.3,187.2,223.0,2.2,1260.0,245.4
2018-10-24T08:34:10,33.4,191.9,213.5,3.6,1260.0,246.4
2018-10-24T08:34:41,33.4,177.8,235.4,4.1,1280.0,249.3
2018-10-24T08:35:12,33.4,172.4,230.1,4.3,1290.0,248.3
2018-10-24T08:35:44,33.4,191.3,234.8,4.1,1300.0,249.3
2018-10-24T08:36:15,33.5,190.2,230.1,4.0,1320.0,248.3
2018-10-24T08:36:46,33.5,191.9,239.0,4.0,1330.0,247.3
2018-10-24T08:37:17,33.7,203.2,228.9,3.8,1340.0,247.3
2018-10-24T08:37:48,33.8,214.4,233.6,3.8,1360.0,248.3
2018-10-24T08:38:19,33.8,211.4,234.8,3.9,1370.0,248.3
2018-10-24T08:38:50,33.9,215.6,225.9,3.7,1390.0,249.3
2018-10-24T08:39:21,34.0,207.9,225.4,4.0,1400.0,248.3
2018-10-24T08:39:52,34.0,213.8,237.8,3.8,1410.0,248.3
2018-10-24T08:40:23,34.0,210.8,239.0,3.9,1430.0,247.3
2018-10-24T08:40:55,34.1,210.2,231.3,3.8,1440.0,247.3
2018-10-24T08:41:26,34.1,214.4,231.9,3.9,1460.0,248.3
2018-10-24T08:41:57,34.0,208.5,233.0,3.9,1470.0,247.3
2018-10-24T08:42:28,34.1,210.8,225.9,3.9,1490.0,247.3
2018-10-24T08:42:59,34.1,211.4,227.7,3.9,1500.0,250.2
2018-10-24T08:43:30,34.2,211.4,223.0,4.0,1510.0,249.3
2018-10-24T08:44:01,34.2,210.2,232.4,4.0,1530.0,248.3
2018-10-24T08:44:32,34.1,207.9,231.9,4.0,1540.0,248.3
2018-10-24T08:45:03,34.0,209.1,220.6,4.1,1560.0,249.3
2018-10-24T08:45:35,34.0,211.4,225.4,4.0,1570.0,249.3
2018-10-24T08:46:06,34.0,207.9,228.9,4.1,1590.0,248.3
2018-10-24T08:46:37,34.0,210.2,230.1,4.0,1600.0,248.3
2018-10-24T08:47:08,34.1,215.0,228.3,4.1,1610.0,248.3
2018-10-24T08:47:39,34.1,212.0,225.9,4.0,1630.0,248.3
2018-10-24T08:48:10,34.1,206.7,227.1,4.2,1640.0,248.3
2018-10-24T08:48:41,34.2,206.7,230.7,4.1,1660.0,248.3
2018-10-24T08:49:12,34.4,208.5,228.9,4.1,1670.0,248.3
2018-10-24T08:49:43,34.4,206.1,223.0,4.1,1690.0,247.3
2018-10-24T08:50:14,34.5,211.4,225.4,4.1,1700.0,247.3
2018-10-24T08:50:46,34.6,210.8,223.0,4.0,1720.0,246.4
2018-10-24T08:51:17,34.6,207.3,230.1,3.9,1730.0,246.4
2018-10-24T08:51:48,34.6,207.3,230.7,4.2,1750.0,245.4
2018-10-24T08:52:19,34.7,209.7,224.8,4.0,1760.0,246.4
2018-10-24T08:52:50,34.7,215.0,223.6,3.9,1780.0,246.4
2018-10-24T08:53:21,34.8,208.5,234.2,3.8,1790.0,246.4
2018-10-24T08:53:52,34.8,201.4,228.3,4.1,1810.0,246.4
2018-10-24T08:54:23,34.8,200.8,221.2,4.1,1820.0,247.3
2018-10-24T08:54:54,34.7,201.4,227.1,4.1,1830.0,247.3
2018-10-24T08:55:25,34.6,202.0,228.9,4.1,1850.0,246.4
2018-10-24T08:55:57,34.5,200.2,229.5,4.3,1860.0,247.3
2018-10-24T08:56:28,34.4,195.5,217.7,4.3,1880.0,245.4
2018-10-24T08:56:59,34.4,201.4,237.2,4.2,1890.0,246.4
2018-10-24T08:57:30,34.4,203.2,227.7,4.2,1910.0,247.3
2018-10-24T08:58:01,34.5,199.6,218.8,4.3,1920.0,246.4
2018-10-24T08:58:32,34.6,197.3,227.1,4.4,1940.0,247.3
2018-10-24T08:59:03,34.6,197.8,231.3,4.3,1950.0,249.3
2018-10-24T08:59:34,34.7,197.3,225.4,4.5,1970.0,249.3
2018-10-24T09:00:05,34.8,197.3,230.1,4.4,1980.0,249.3
2018-10-24T09:00:37,34.8,195.5,228.3,4.4,2000.0,248.3
2018-10-24T09:01:09,34.9,194.9,233.6,4.5,2020.0,248.3
2018-10-24T09:01:40,35.0,196.7,218.8,4.5,2030.0,249.3
2018-10-24T09:02:11,35.0,197.3,223.0,4.5,2050.0,247.3
2018-10-24T09:02:42,35.0,194.3,224.2,4.6,2060.0,248.3
2018-10-24T09:03:13,35.0,196.1,228.3,4.6,2080.0,248.3
2018-10-24T09:03:44,35.2,196.1,223.0,4.5,2090.0,249.3
2018-10-24T09:04:15,35.3,197.3,224.8,4.6,2110.0,249.3
2018-10-24T09:04:46,35.3,197.8,227.7,4.5,2120.0,249.3
2018-10-24T09:05:17,35.2,200.2,220.6,4.4,2140.0,249.3
2018-10-24T09:05:48,35.3,197.3,227.7,4.7,2160.0,249.3
2018-10-24T09:06:20,35.4,196.1,231.3,4.7,2170.0,249.3
2018-10-24T09:06:51,35.3,200.8,228.9,4.4,2190.0,248.3
2018-10-24T09:07:22,35.3,195.5,230.7,4.6,2200.0,249.3
2018-10-24T09:07:53,35.3,199.0,232.4,4.6,2220.0,248.3
2018-10-24T09:08:24,35.3,199.0,228.9,4.7,2230.0,247.3
2018-10-24T09:08:55,35.3,195.5,224.2,4.6,2250.0,248.3
2018-10-24T09:09:26,35.3,199.0,223.6,4.7,2270.0,247.3
2018-10-24T09:09:57,35.0,196.7,230.7,4.6,2280.0,248.3
2018-10-24T09:10:28,35.2,195.5,227.1,4.8,2300.0,248.3
2018-10-24T09:10:59,35.3,194.3,223.0,4.8,2320.0,249.3
2018-10-24T09:11:31,35.2,197.8,228.9,4.7,2330.0,248.3
2018-10-24T09:12:02,35.0,194.3,221.8,4.8,2350.0,247.3
2018-10-24T09:12:33,35.2,198.4,227.1,4.7,2360.0,249.3
2018-10-24T09:13:04,35.2,197.8,214.7,4.7,2380.0,248.3
2018-10-24T09:13:35,35.0,198.4,219.4,4.7,2400.0,248.3
2018-10-24T09:14:06,34.9,200.2,224.8,4.6,2410.0,249.3
2018-10-24T09:14:37,34.9,199.6,223.0,4.7,2430.0,249.3
2018-10-24T09:15:08,34.8,200.2,217.1,4.8,2450.0,250.2
2018-10-24T09:15:39,34.8,198.4,224.8,4.8,2460.0,250.2
2018-10-24T09:16:11,34.9,197.8,233.0,4.9,2480.0,250.2
2018-10-24T09:16:42,34.9,199.0,227.1,4.8,2500.0,250.2
2018-10-24T09:17:13,35.2,196.7,227.1,4.9,2510.0,249.3
2018-10-24T09:17:44,35.3,199.6,228.9,4.9,2530.0,248.3
2018-10-24T09:18:15,35.4,199.0,219.4,4.8,2550.0,249.3
2018-10-24T09:18:46,35.4,193.1,221.8,5.0,2570.0,248.3
2018-10-24T09:19:17,35.4,194.9,226.5,5.0,2580.0,250.2
2018-10-24T09:19:48,35.5,196.7,224.8,5.0,2600.0,249.3
2018-10-24T09:20:19,35.6,200.2,219.4,4.8,2620.0,248.3
2018-10-24T09:20:50,35.6,199.0,223.6,5.0,2630.0,250.2
2018-10-24T09:21:22,35.7,200.2,225.4,5.0,2650.0,250.2
2018-10-24T09:21:53,35.7,200.8,231.3,4.9,2670.0,249.3
2018-10-24T09:22:24,35.6,194.9,227.7,5.1,2690.0,249.3
2018-10-24T09:22:55,35.6,195.5,223.0,5.1,2700.0,249.3
2018-10-24T09:23:26,35.7,200.2,220.6,5.0,2720.0,249.3
2018-10-24T09:23:57,35.7,194.9,225.9,5.1,2740.0,250.2
2018-10-24T09:24:28,35.9,199.0,227.1,4.9,2760.0,250.2
2018-10-24T09:24:59,35.9,193.7,230.7,5.2,2770.0,249.3
2018-10-24T09:25:30,35.9,196.7,223.0,5.2,2790.0,249.3
2018-10-24T09:26:01,35.9,196.7,220.0,5.1,2810.0,248.3
2018-10-24T09:26:32,36.0,192.5,223.0,4.9,2830.0,249.3
2018-10-24T09:27:03,36.0,180.1,230.1,5.6,2850.0,249.3
2018-10-24T09:27:34,36.0,185.4,227.7,5.3,2860.0,249.3
2018-10-24T09:28:05,36.0,178.9,219.4,5.5,2880.0,249.3
2018-10-24T09:28:36,36.1,180.7,218.8,5.6,2900.0,248.3
2018-10-24T09:29:07,36.1,181.9,224.2,5.4,2920.0,248.3
2018-10-24T09:29:38,36.1,193.1,230.7,5.3,2930.0,248.3
2018-10-24T09:30:10,36.2,197.3,224.8,5.0,2950.0,248.3
2018-10-24T09:30:41,36.2,180.1,217.1,5.5,2970.0,249.3
2018-10-24T09:31:13,36.3,180.1,229.5,5.7,2990.0,248.3
2018-10-24T09:31:44,36.2,183.1,221.8,5.6,3000.0,249.3
2018-10-24T09:32:15,36.1,184.8,220.0,5.5,3020.0,249.3
2018-10-24T09:32:46,35.9,180.1,218.8,5.6,3040.0,249.3
2018-10-24T09:33:17,35.6,182.5,228.3,5.6,3060.0,250.2
2018-10-24T09:33:48,35.4,177.2,230.1,5.7,3080.0,250.2
2018-10-24T09:34:19,35.4,184.8,227.7,5.6,3100.0,250.2
2018-10-24T09:34:50,35.6,177.2,221.2,5.7,3110.0,250.2
2018-10-24T09:35:21,35.7,183.7,226.5,5.6,3130.0,249.3
2018-10-24T09:35:52,35.7,177.8,229.5,5.8,3150.0,248.3
2018-10-24T09:36:24,36.0,181.9,218.8,5.7,3170.0,248.3
2018-10-24T09:36:55,36.0,179.5,216.5,5.8,3190.0,247.3
2018-10-24T09:37:26,36.1,181.3,221.8,5.7,3200.0,247.3
2018-10-24T09:37:57,36.2,185.4,225.4,5.5,3220.0,249.3
2018-10-24T09:38:28,36.2,175.4,227.7,5.8,3240.0,249.3
2018-10-24T09:38:59,36.3,180.7,223.0,5.8,3260.0,249.3
2018-10-24T09:39:30,36.3,181.9,215.3,5.7,3280.0,248.3
2018-10-24T09:40:01,36.3,177.2,219.4,5.9,3300.0,248.3
2018-10-24T09:40:32,36.3,182.5,226.5,5.7,3320.0,248.3
2018-10-24T09:41:04,36.3,180.1,225.9,5.9,3330.0,249.3
2018-10-24T09:41:35,36.3,180.1,220.0,5.9,3350.0,250.2
2018-10-24T09:42:06,36.2,181.3,217.1,5.9,3370.0,249.3
2018-10-24T09:42:37,36.3,180.1,217.1,5.9,3390.0,249.3
2018-10-24T09:43:08,36.4,182.5,224.2,5.8,3410.0,248.3
2018-10-24T09:43:39,36.4,178.9,225.4,6.0,3430.0,248.3
2018-10-24T09:44:10,36.3,182.5,229.5,5.8,3450.0,248.3
2018-10-24T09:44:41,36.4,180.1,224.8,6.0,3470.0,247.3
2018-10-24T09:45:12,36.4,178.3,222.4,6.0,3480.0,247.3
2018-10-24T09:45:43,36.5,180.1,220.6,6.1,3500.0,246.4
2018-10-24T09:46:15,36.7,181.3,224.8,6.0,3520.0,246.4
2018-10-24T09:46:46,36.5,177.2,218.3,6.2,3540.0,246.4
2018-10-24T09:47:17,36.5,178.9,215.9,6.0,3560.0,247.3
2018-10-24T09:47:48,36.7,182.5,221.8,5.9,3580.0,246.4
2018-10-24T09:48:19,36.4,184.3,215.3,5.9,3600.0,247.3
2018-10-24T09:48:50,36.3,179.5,217.1,6.0,3620.0,246.4
2018-10-24T09:49:21,36.2,178.3,215.9,6.1,3640.0,247.3
2018-10-24T09:49:52,36.1,183.1,220.0,5.9,3660.0,247.3
2018-10-24T09:50:23,36.1,176.6,224.8,6.1,3680.0,249.3
2018-10-24T09:50:54,36.2,178.3,225.9,6.2,3700.0,247.3
2018-10-24T09:51:26,36.2,178.9,222.4,6.2,3720.0,248.3
2018-10-24T09:51:57,36.4,181.9,224.2,5.9,3740.0,249.3
2018-10-24T09:52:28,36.4,177.8,224.2,6.3,3760.0,248.3
2018-10-24T09:52:59,36.4,175.4,220.0,6.3,3780.0,248.3
2018-10-24T09:53:30,36.4,183.1,226.5,6.0,3790.0,249.3
2018-10-24T09:54:01,36.7,178.9,223.0,6.1,3810.0,248.3
2018-10-24T09:54:32,36.7,178.9,217.7,6.2,3830.0,249.3
2018-10-24T09:55:03,36.8,177.8,223.0,6.2,3850.0,248.3
2018-10-24T09:55:34,37.0,176.0,223.0,6.3,3870.0,246.4
2018-10-24T09:56:06,37.0,175.4,222.4,6.3,3890.0,250.2
2018-10-24T09:56:37,37.1,178.9,223.0,6.2,3910.0,249.3
2018-10-24T09:57:08,37.1,172.4,222.4,6.5,3930.0,251.2
2018-10-24T09:57:39,37.0,177.2,223.0,6.2,3950.0,250.2
2018-10-24T09:58:10,37.0,177.2,221.8,6.3,3970.0,251.2
2018-10-24T09:58:41,37.2,175.4,219.4,6.4,3990.0,250.2
2018-10-24T09:59:12,37.2,177.8,218.8,6.2,4010.0,251.2
2018-10-24T09:59:44,0.0,0.0,0.0,0.0,0.0,0.0
2018-10-24T14:40:11,46.0,211.4,198.1,0.9,13720.0,250.2
2018-10-24T14:40:42,0.0,0.0,0.0,0.0,0.0,0.0
2018-10-24T14:41:14,46.0,199.0,201.1,0.8,13740.0,251.2
2018-10-24T14:41:45,46.0,215.0,203.5,0.8,13760.0,250.2
2018-10-24T14:42:16,46.0,211.4,202.3,0.8,13770.0,250.2
2018-10-24T14:42:47,46.1,199.6,195.2,0.8,13780.0,248.3
2018-10-24T14:43:18,46.0,197.3,194.0,0.8,13790.0,249.3
2018-10-24T14:43:49,46.1,208.5,206.4,0.9,13810.0,249.3
2018-10-24T14:44:21,0.0,0.0,0.0,0.0,0.0,0.0
