2019-06-07T06:35:27,7.0,57.3,57.3,0.0,0.0,235.7
2019-06-07T11:35:51,32.0,174.8,227.1,1.0,4310.0,247.3
2019-06-07T11:36:28,32.0,151.2,249.6,1.1,4310.0,246.4
2019-06-07T11:36:59,32.2,129.3,221.2,1.3,4320.0,246.4
2019-06-07T11:44:51,32.4,215.0,237.2,1.7,4400.0,246.4
2019-06-07T11:45:22,32.4,196.1,212.9,2.2,4410.0,248.3
2019-06-07T11:45:54,32.4,220.3,215.9,2.5,4420.0,249.3
2019-06-07T11:46:26,32.4,217.3,227.7,4.5,4430.0,250.2
2019-06-07T11:46:57,32.5,217.9,233.6,5.8,4450.0,253.1
2019-06-07T11:47:28,32.6,210.2,225.4,3.0,4470.0,250.2
2019-06-07T11:47:59,32.7,191.3,201.7,6.3,4490.0,252.2
2019-06-07T11:48:30,32.7,183.7,207.0,4.0,4510.0,251.2
2019-06-07T11:49:01,32.9,196.1,221.2,3.3,4520.0,252.2
2019-06-07T11:49:32,32.9,209.1,224.2,2.2,4530.0,249.3
2019-06-07T11:50:03,33.0,212.0,236.0,2.1,4540.0,250.2
2019-06-07T11:50:34,33.0,216.2,210.6,2.7,4540.0,251.2
2019-06-07T11:51:06,32.9,217.9,214.7,1.8,4550.0,250.2
2019-06-07T11:51:37,32.9,217.9,231.9,1.5,4560.0,248.3
2019-06-07T11:52:08,32.9,217.9,232.4,1.4,4570.0,249.3
2019-06-07T11:52:39,32.9,217.9,231.3,1.2,4570.0,247.3
2019-06-07T11:53:10,32.9,219.7,231.3,1.1,4580.0,248.3
2019-06-07T11:53:41,32.9,211.4,225.9,1.1,4580.0,247.3
2019-06-07T11:54:12,32.9,210.8,225.9,1.1,4590.0,248.3
2019-06-07T11:54:43,32.9,213.8,235.4,1.1,4590.0,248.3
2019-06-07T11:55:14,33.0,209.7,224.8,1.0,4600.0,246.4
2019-06-07T11:55:45,33.0,215.0,233.0,1.0,4600.0,247.3
2019-06-07T11:56:17,33.0,220.3,229.5,1.0,4610.0,247.3
2019-06-07T11:56:48,33.1,217.3,234.2,0.9,4610.0,247.3
2019-06-07T11:57:19,33.1,198.4,218.3,1.1,4620.0,247.3
2019-06-07T11:57:50,33.1,173.6,244.3,1.3,4620.0,248.3
2019-06-07T11:58:21,33.1,150.0,225.9,1.7,4630.0,247.3
2019-06-07T11:58:52,33.1,128.7,202.3,2.0,4630.0,248.3
2019-06-07T11:59:23,33.1,131.1,206.4,1.9,4640.0,248.3
2019-06-07T11:59:54,33.1,142.3,219.4,1.5,4640.0,248.3
2019-06-07T12:00:25,33.1,158.3,230.1,1.4,4650.0,247.3
2019-06-07T12:00:56,33.1,167.7,230.7,1.2,4650.0,247.3
2019-06-07T12:01:28,33.1,172.4,229.5,1.0,4660.0,246.4
2019-06-07T12:01:59,33.1,169.5,230.7,0.9,4660.0,247.3
2019-06-07T12:02:30,33.1,172.4,234.2,0.8,4660.0,246.4
2019-06-07T12:03:01,33.1,192.5,220.6,0.8,4670.0,246.4
2019-06-07T12:03:32,33.1,186.6,241.3,0.8,4670.0,247.3
2019-06-07T12:04:03,33.1,165.9,220.6,0.9,4670.0,247.3
2019-06-07T12:04:34,33.1,177.2,239.0,0.7,4680.0,247.3
2019-06-07T12:05:05,33.1,197.3,228.3,0.7,4680.0,247.3
2019-06-07T12:05:36,33.1,177.8,240.1,0.8,4680.0,248.3
2019-06-07T12:06:08,33.1,192.5,220.0,0.8,4690.0,247.3
2019-06-07T12:06:39,33.1,213.8,244.3,0.7,4690.0,247.3
2019-06-07T12:07:10,33.1,213.8,225.9,0.7,4690.0,248.3
2019-06-07T12:07:41,33.1,192.5,205.8,0.9,4700.0,248.3
2019-06-07T12:08:12,33.0,172.4,208.2,1.0,4700.0,249.3
2019-06-07T12:08:43,33.0,165.4,234.8,1.0,4710.0,247.3
2019-06-07T12:09:14,32.9,186.0,237.8,1.0,4710.0,247.3
2019-06-07T12:09:45,33.0,194.9,241.3,0.8,4710.0,247.3
2019-06-07T12:10:16,33.0,189.0,242.5,0.9,4720.0,248.3
2019-06-07T12:10:47,33.0,199.0,235.4,0.8,4720.0,248.3
2019-06-07T12:11:19,33.0,186.0,233.0,0.9,4730.0,247.3
2019-06-07T12:11:50,33.0,164.2,235.4,1.0,4730.0,246.4
2019-06-07T12:12:21,33.0,163.6,231.3,1.0,4730.0,247.3
2019-06-07T12:12:52,32.7,186.6,242.5,1.0,4740.0,248.3
2019-06-07T12:13:23,32.7,197.3,224.2,1.0,4740.0,247.3
2019-06-07T12:13:54,32.9,194.3,239.5,1.0,4750.0,246.4
2019-06-07T12:14:25,32.9,195.5,239.5,1.0,4750.0,247.3
2019-06-07T12:14:56,32.7,197.3,234.8,0.9,4750.0,246.4
2019-06-07T12:15:27,32.7,197.3,232.4,0.8,4760.0,247.3
2019-06-07T12:15:58,32.6,193.7,237.2,0.9,4760.0,247.3
2019-06-07T12:16:30,32.6,194.9,240.7,0.8,4770.0,246.4
2019-06-07T12:17:01,32.6,203.2,230.1,0.9,4770.0,246.4
2019-06-07T12:17:32,32.6,216.7,240.1,0.7,4770.0,245.4
2019-06-07T12:18:03,32.6,207.3,242.5,0.8,4780.0,246.4
2019-06-07T12:18:34,32.5,218.5,241.9,0.9,4780.0,245.4
2019-06-07T12:19:05,32.6,197.3,227.7,0.9,4790.0,246.4
2019-06-07T12:19:36,32.6,176.6,235.4,1.1,4790.0,245.4
2019-06-07T12:20:07,32.7,174.8,228.3,1.2,4800.0,246.4
2019-06-07T12:20:38,32.7,187.8,244.3,1.1,4800.0,246.4
2019-06-07T12:21:10,32.9,192.5,223.0,1.2,4800.0,247.3
2019-06-07T12:21:41,32.7,200.2,246.6,1.2,4810.0,247.3
2019-06-07T12:22:12,32.9,178.9,225.9,1.4,4810.0,247.3
2019-06-07T12:22:43,32.9,173.6,246.6,1.3,4820.0,248.3
2019-06-07T12:23:14,32.9,161.2,222.4,1.5,4830.0,248.3
2019-06-07T12:23:45,32.9,174.2,240.1,1.5,4830.0,248.3
2019-06-07T12:24:16,32.9,165.4,223.0,1.7,4840.0,247.3
2019-06-07T12:24:47,32.9,158.9,239.0,1.7,4840.0,246.4
2019-06-07T12:25:18,32.9,177.2,228.3,1.6,4850.0,247.3
2019-06-07T12:25:49,32.9,175.4,232.4,1.6,4860.0,247.3
2019-06-07T12:26:21,32.7,178.9,234.8,1.5,4860.0,248.3
2019-06-07T12:26:52,32.7,175.4,237.2,1.6,4870.0,247.3
2019-06-07T12:27:23,32.7,169.5,243.1,1.6,4880.0,248.3
2019-06-07T12:27:54,32.7,165.4,222.4,1.7,4880.0,248.3
2019-06-07T12:28:25,32.7,175.4,242.5,1.7,4890.0,248.3
2019-06-07T12:28:56,32.7,173.0,219.4,1.8,4900.0,248.3
2019-06-07T12:29:27,32.7,156.5,206.4,2.5,4900.0,248.3
2019-06-07T12:29:58,32.7,161.2,220.0,2.1,4910.0,248.3
2019-06-07T12:30:29,32.9,173.6,234.2,1.9,4920.0,248.3
2019-06-07T12:31:00,32.9,165.4,224.8,2.0,4920.0,248.3
2019-06-07T12:31:31,32.9,178.3,240.7,1.9,4930.0,248.3
2019-06-07T12:32:02,33.0,174.8,227.7,2.0,4940.0,248.3
2019-06-07T12:32:33,33.0,199.0,244.3,2.2,4950.0,249.3
2019-06-07T12:33:04,33.0,207.9,227.1,2.1,4950.0,249.3
2019-06-07T12:33:35,33.1,196.1,216.5,2.7,4960.0,250.2
2019-06-07T12:34:06,33.1,167.1,214.1,3.9,4970.0,250.2
2019-06-07T12:34:37,33.1,164.8,215.3,4.6,4990.0,251.2
2019-06-07T12:35:08,33.2,178.9,237.2,4.7,5000.0,252.2
2019-06-07T12:35:40,33.2,167.7,210.6,6.4,5020.0,253.1
2019-06-07T12:36:11,33.3,178.3,223.0,4.8,5040.0,253.1
2019-06-07T12:36:42,33.3,190.2,228.3,3.1,5050.0,250.2
2019-06-07T12:37:13,33.3,195.5,230.1,2.1,5060.0,249.3
2019-06-07T12:37:44,33.4,193.7,228.3,2.0,5070.0,248.3
2019-06-07T12:38:15,33.4,193.7,230.1,1.6,5080.0,248.3
2019-06-07T12:38:46,33.4,191.3,227.1,1.5,5080.0,247.3
2019-06-07T12:39:17,33.4,191.3,223.0,1.2,5090.0,247.3
2019-06-07T12:39:48,33.4,191.3,221.2,1.2,5090.0,246.4
2019-06-07T12:40:19,33.5,189.6,230.1,1.0,5100.0,248.3
2019-06-07T12:40:51,33.5,187.2,232.4,1.0,5100.0,246.4
2019-06-07T12:41:22,33.5,187.2,223.0,1.0,5100.0,246.4
2019-06-07T12:41:53,33.5,189.6,232.4,0.9,5110.0,247.3
2019-06-07T12:42:24,33.5,201.4,215.3,0.9,5110.0,246.4
2019-06-07T12:42:55,33.5,217.9,237.2,0.8,5110.0,247.3
2019-06-07T12:43:26,33.5,215.0,224.8,0.8,5120.0,246.4
2019-06-07T12:43:57,33.5,216.2,226.5,0.8,5120.0,246.4
2019-06-07T12:44:28,33.5,217.9,230.1,0.8,5130.0,245.4
2019-06-07T12:44:59,33.4,203.7,230.1,0.8,5130.0,246.4
2019-06-07T12:45:30,33.4,212.0,224.8,0.8,5130.0,245.4
2019-06-07T12:46:02,33.4,217.3,230.1,0.6,5130.0,244.4
2019-06-07T12:46:33,33.4,207.9,227.1,0.6,5140.0,244.4
2019-06-07T12:47:04,33.4,206.7,225.9,0.6,5140.0,244.4
2019-06-07T12:47:35,33.4,209.7,234.2,0.6,5140.0,247.3
2019-06-07T12:48:06,33.4,219.1,218.8,0.5,5140.0,245.4
2019-06-07T12:48:37,33.4,210.2,224.8,0.5,5150.0,246.4
2019-06-07T12:49:08,33.3,189.6,230.7,0.5,5150.0,244.4
2019-06-07T12:49:39,33.3,184.3,224.2,0.6,5150.0,245.4
2019-06-07T12:50:10,33.3,187.8,234.8,0.5,5150.0,246.4
2019-06-07T12:50:41,33.3,197.8,223.0,0.4,5150.0,245.4
2019-06-07T12:51:13,33.3,217.3,220.6,0.4,5160.0,246.4
2019-06-07T12:51:44,33.3,199.6,224.8,0.4,5160.0,245.4
2019-06-07T12:52:15,33.3,212.6,220.6,0.5,5160.0,246.4
2019-06-07T12:52:46,33.3,204.9,241.3,0.4,5160.0,246.4
2019-06-07T12:53:17,33.2,183.7,221.8,0.5,5160.0,245.4
2019-06-07T12:53:48,33.2,162.4,201.1,0.6,5170.0,246.4
2019-06-07T12:54:19,33.2,145.3,224.2,0.7,5170.0,245.4
2019-06-07T12:54:50,33.2,168.3,240.1,0.6,5170.0,246.4
2019-06-07T12:55:21,33.2,191.3,217.1,0.6,5170.0,246.4
2019-06-07T12:55:52,33.2,212.0,225.9,0.5,5170.0,245.4
2019-06-07T12:56:24,33.2,204.3,236.0,0.5,5180.0,246.4
2019-06-07T12:56:55,33.2,213.2,218.3,0.6,5180.0,247.3
2019-06-07T12:57:26,33.1,204.3,240.1,0.5,5180.0,246.4
2019-06-07T12:57:57,33.0,217.9,218.8,0.5,5180.0,246.4
2019-06-07T12:58:28,33.0,203.7,237.2,0.5,5190.0,246.4
2019-06-07T12:58:59,33.0,213.2,223.6,0.5,5190.0,246.4
2019-06-07T12:59:30,32.9,206.1,227.1,0.5,5190.0,246.4
2019-06-07T13:00:01,32.7,206.1,235.4,0.5,5190.0,247.3
2019-06-07T13:00:32,32.6,209.7,224.2,0.4,5190.0,245.4
2019-06-07T13:01:04,32.6,209.7,234.8,0.5,5200.0,246.4
2019-06-07T13:01:35,32.5,209.1,215.9,0.5,5200.0,245.4
2019-06-07T13:02:06,32.5,187.2,237.2,0.4,5200.0,247.3
2019-06-07T13:02:37,32.5,167.1,228.3,0.5,5200.0,245.4
2019-06-07T13:03:08,32.3,147.0,208.2,0.6,5200.0,247.3
2019-06-07T13:03:39,32.2,164.2,210.0,0.5,5200.0,247.3
2019-06-07T13:04:10,32.2,185.4,233.6,0.5,5210.0,247.3
2019-06-07T13:04:41,32.2,206.1,235.4,0.5,5210.0,247.3
2019-06-07T13:05:12,32.2,217.3,214.1,0.5,5210.0,247.3
2019-06-07T13:05:43,32.2,219.1,220.0,0.5,5210.0,247.3
2019-06-07T13:06:15,32.0,204.9,242.5,0.5,5210.0,246.4
2019-06-07T13:06:46,32.0,220.3,225.4,0.5,5220.0,248.3
2019-06-07T13:07:17,32.0,213.2,228.9,0.5,5220.0,248.3
2019-06-07T13:07:48,32.0,210.8,237.2,0.5,5220.0,247.3
2019-06-07T13:08:19,32.0,190.2,224.8,0.6,5220.0,246.4
2019-06-07T13:08:50,32.2,175.4,244.3,0.6,5230.0,247.3
2019-06-07T13:09:21,32.2,196.7,222.4,0.5,5230.0,248.3
2019-06-07T13:09:52,31.9,217.9,239.5,0.5,5230.0,247.3
2019-06-07T13:10:23,31.9,211.4,221.2,0.5,5230.0,248.3
2019-06-07T13:10:57,31.8,207.9,241.3,0.5,5230.0,248.3
2019-06-07T13:11:28,31.7,187.8,222.4,0.5,5240.0,247.3
2019-06-07T13:11:59,31.7,197.3,243.1,0.5,5240.0,248.3
2019-06-07T13:12:30,31.8,217.3,221.8,0.5,5240.0,246.4
2019-06-07T13:13:01,31.8,202.0,228.3,0.5,5240.0,247.3
2019-06-07T13:13:32,31.8,181.3,240.7,0.6,5240.0,246.4
2019-06-07T13:14:03,31.8,160.6,219.4,0.6,5250.0,247.3
2019-06-07T13:14:34,31.8,155.3,215.3,0.7,5250.0,246.4
2019-06-07T13:15:05,31.7,174.8,235.4,0.7,5250.0,247.3
2019-06-07T13:15:37,31.8,187.2,246.6,0.7,5250.0,248.3
2019-06-07T13:16:08,31.8,190.8,225.9,0.7,5250.0,249.3
2019-06-07T13:16:39,31.8,199.0,216.5,0.7,5260.0,247.3
2019-06-07T13:17:10,31.8,222.1,241.3,0.6,5260.0,248.3
2019-06-07T13:17:41,31.8,206.7,232.4,0.7,5260.0,249.3
2019-06-07T13:18:12,31.7,187.2,233.0,0.8,5270.0,248.3
2019-06-07T13:18:43,31.8,194.3,238.4,0.8,5270.0,248.3
2019-06-07T13:19:14,31.7,173.6,217.7,1.0,5270.0,248.3
2019-06-07T13:19:45,31.7,178.9,241.9,0.9,5280.0,248.3
2019-06-07T13:20:16,31.8,202.0,234.8,0.8,5280.0,248.3
2019-06-07T13:20:48,31.8,181.9,224.8,0.9,5280.0,249.3
2019-06-07T13:21:19,31.8,160.6,247.2,1.1,5290.0,248.3
2019-06-07T13:21:50,31.8,175.4,225.4,1.1,5290.0,249.3
2019-06-07T13:22:21,31.8,197.3,243.1,1.0,5290.0,249.3
2019-06-07T13:22:52,31.9,203.2,231.3,1.0,5300.0,249.3
2019-06-07T13:23:23,31.9,200.2,237.8,1.0,5300.0,248.3
2019-06-07T13:23:54,31.8,202.0,237.2,1.0,5310.0,249.3
2019-06-07T13:24:25,31.9,201.4,234.2,1.0,5310.0,250.2
2019-06-07T13:24:56,31.9,201.4,233.6,1.0,5320.0,249.3
2019-06-07T13:25:27,31.9,196.1,234.8,0.9,5320.0,249.3
2019-06-07T13:25:59,31.8,196.1,236.0,0.9,5320.0,249.3
2019-06-07T13:26:30,31.9,196.1,232.4,0.8,5330.0,248.3
2019-06-07T13:27:01,31.9,187.8,231.3,0.9,5330.0,249.3
2019-06-07T13:27:32,31.9,192.5,231.3,0.8,5330.0,249.3
2019-06-07T13:28:03,31.9,197.8,235.4,0.7,5340.0,247.3
2019-06-07T13:28:34,31.9,217.9,235.4,0.6,5340.0,248.3
2019-06-07T13:29:05,31.9,204.3,221.2,0.6,5340.0,248.3
2019-06-07T13:29:36,31.9,216.7,237.8,0.6,5340.0,247.3
2019-06-07T13:30:07,31.9,212.6,221.2,0.6,5350.0,246.4
2019-06-07T13:30:39,31.9,209.7,224.8,0.7,5350.0,247.3
2019-06-07T13:31:10,31.9,216.7,246.1,0.7,5350.0,247.3
2019-06-07T13:31:41,31.9,213.8,237.8,0.7,5350.0,247.3
2019-06-07T13:32:12,31.8,192.5,230.1,1.0,5360.0,248.3
2019-06-07T13:32:43,31.8,172.4,222.4,1.1,5360.0,248.3
2019-06-07T13:33:14,31.8,184.3,238.4,1.0,5370.0,248.3
2019-06-07T13:33:45,31.7,197.8,238.4,1.0,5370.0,249.3
2019-06-07T13:34:16,31.5,199.0,230.1,1.0,5370.0,250.2
2019-06-07T13:34:47,31.2,220.9,244.9,0.9,5380.0,248.3
2019-06-07T13:35:18,31.1,212.6,233.6,0.9,5380.0,248.3
2019-06-07T13:35:50,31.1,220.9,241.3,0.9,5390.0,248.3
2019-06-07T13:36:21,31.1,217.3,232.4,0.9,5390.0,248.3
2019-06-07T13:36:52,31.1,219.7,237.2,0.7,5390.0,248.3
2019-06-07T13:37:23,31.1,225.0,237.2,0.7,5400.0,248.3
2019-06-07T13:37:54,31.0,225.6,232.4,0.7,5400.0,247.3
2019-06-07T13:38:25,31.1,216.7,234.2,0.6,5400.0,248.3
2019-06-07T13:38:56,31.1,212.6,239.0,0.7,5410.0,247.3
2019-06-07T13:39:27,31.2,216.2,233.6,0.6,5410.0,247.3
2019-06-07T13:39:58,31.2,220.3,232.4,0.6,5410.0,247.3
2019-06-07T13:40:29,31.2,212.0,230.7,0.5,5410.0,247.3
2019-06-07T13:41:01,31.2,216.2,246.1,0.5,5420.0,247.3
2019-06-07T13:41:32,31.1,216.7,223.6,0.5,5420.0,247.3
2019-06-07T13:42:03,31.1,208.5,237.2,0.5,5420.0,247.3
2019-06-07T13:42:34,31.0,217.9,230.7,0.5,5420.0,248.3
2019-06-07T13:43:05,31.1,197.3,243.1,0.6,5430.0,248.3
2019-06-07T13:43:36,31.1,176.0,221.2,0.7,5430.0,245.4
2019-06-07T13:44:07,31.1,154.7,225.4,0.9,5430.0,246.4
2019-06-07T13:44:38,31.1,134.0,250.2,0.9,5440.0,247.3
2019-06-07T13:45:09,31.2,151.2,232.4,0.9,5440.0,247.3
2019-06-07T13:45:40,31.1,175.4,215.9,0.9,5440.0,247.3
2019-06-07T13:46:12,31.0,199.0,236.6,0.8,5450.0,247.3
2019-06-07T13:46:43,31.2,190.8,239.5,1.0,5450.0,246.4
2019-06-07T13:47:14,31.1,197.3,244.3,0.9,5450.0,244.4
2019-06-07T13:47:45,31.1,203.7,241.9,0.9,5460.0,244.4
2019-06-07T13:48:16,31.2,197.3,233.6,0.9,5460.0,246.4
2019-06-07T13:48:47,31.2,199.0,247.2,1.0,5470.0,246.4
2019-06-07T13:49:18,31.2,197.8,238.4,1.0,5470.0,247.3
2019-06-07T13:49:49,31.2,197.3,241.3,1.0,5470.0,247.3
2019-06-07T13:50:20,31.2,194.9,241.9,1.0,5480.0,247.3
2019-06-07T13:50:51,31.2,193.7,231.9,1.0,5480.0,246.4
2019-06-07T13:51:23,31.1,192.5,239.5,1.0,5490.0,247.3
2019-06-07T13:51:54,31.1,194.9,242.5,1.1,5490.0,246.4
2019-06-07T13:52:25,31.1,190.2,228.3,1.0,5490.0,246.4
2019-06-07T13:52:56,31.2,200.2,246.6,1.1,5500.0,247.3
2019-06-07T13:53:27,31.2,199.6,234.2,1.0,5500.0,246.4
2019-06-07T13:53:58,31.1,191.9,237.2,1.0,5510.0,246.4
2019-06-07T13:54:29,31.1,193.7,243.7,1.0,5510.0,246.4
2019-06-07T13:55:00,31.1,196.1,236.0,1.0,5520.0,245.4
2019-06-07T13:55:31,31.0,197.8,237.2,1.0,5520.0,245.4
2019-06-07T13:56:03,31.0,190.2,244.9,1.0,5520.0,246.4
2019-06-07T13:56:34,31.0,199.6,235.4,1.0,5530.0,246.4
2019-06-07T13:57:05,31.1,186.6,234.8,1.0,5530.0,245.4
2019-06-07T13:57:36,31.1,191.3,230.7,1.0,5540.0,246.4
2019-06-07T13:58:07,31.2,195.5,239.0,1.0,5540.0,246.4
2019-06-07T13:58:38,31.2,203.2,246.6,1.0,5550.0,246.4
2019-06-07T13:59:09,31.2,199.6,229.5,0.9,5550.0,246.4
2019-06-07T13:59:40,31.2,196.1,244.9,1.1,5550.0,245.4
2019-06-07T14:00:11,31.1,187.8,229.5,1.0,5560.0,245.4
2019-06-07T14:00:42,31.1,210.2,237.2,1.0,5560.0,245.4
2019-06-07T14:01:14,31.1,220.3,239.5,1.0,5570.0,245.4
2019-06-07T14:01:45,31.2,225.0,232.4,0.9,5570.0,248.3
2019-06-07T14:02:16,31.2,225.0,237.2,0.9,5580.0,247.3
2019-06-07T14:02:47,31.1,223.2,227.1,0.9,5580.0,246.4
2019-06-07T14:03:18,31.1,211.4,239.0,1.0,5580.0,247.3
2019-06-07T14:03:49,31.0,216.2,242.5,0.9,5590.0,247.3
2019-06-07T14:04:20,31.1,218.5,234.2,0.9,5590.0,246.4
2019-06-07T14:04:51,31.1,220.9,232.4,1.0,5600.0,246.4
2019-06-07T14:05:22,31.1,216.2,243.7,1.0,5600.0,246.4
2019-06-07T14:05:53,31.2,222.1,231.3,0.8,5610.0,247.3
2019-06-07T14:06:25,31.2,223.8,241.9,0.9,5610.0,246.4
2019-06-07T14:06:56,31.4,209.1,237.2,0.8,5610.0,247.3
2019-06-07T14:07:27,31.4,219.7,234.2,0.8,5620.0,246.4
2019-06-07T14:07:58,31.4,210.8,232.4,1.0,5620.0,246.4
2019-06-07T14:08:29,31.4,224.4,246.6,0.9,5630.0,246.4
2019-06-07T14:09:00,31.4,219.7,236.6,0.9,5630.0,246.4
2019-06-07T14:09:31,31.4,219.1,216.5,0.9,5640.0,245.4
2019-06-07T14:10:02,31.4,225.0,243.1,1.0,5640.0,246.4
2019-06-07T14:10:33,31.5,212.0,240.1,1.0,5650.0,246.4
2019-06-07T14:11:05,31.5,189.6,232.4,1.2,5650.0,246.4
2019-06-07T14:11:36,31.5,203.2,232.4,1.2,5660.0,248.3
2019-06-07T14:12:07,31.5,203.2,244.3,1.3,5660.0,247.3
2019-06-07T14:12:38,31.4,202.0,246.6,1.3,5670.0,247.3
2019-06-07T14:13:09,31.2,199.0,242.5,1.3,5670.0,247.3
2019-06-07T14:13:40,31.2,191.3,236.6,1.4,5680.0,247.3
2019-06-07T14:14:11,31.4,203.7,237.2,1.3,5690.0,247.3
2019-06-07T14:14:42,31.4,191.3,233.0,1.4,5690.0,247.3
2019-06-07T14:15:13,31.5,194.3,229.5,1.5,5700.0,248.3
2019-06-07T14:15:44,31.5,196.1,236.0,1.3,5700.0,247.3
2019-06-07T14:16:16,31.5,191.9,238.4,1.4,5710.0,248.3
2019-06-07T14:16:47,31.5,195.5,241.9,1.4,5720.0,248.3
2019-06-07T14:17:18,31.6,197.3,238.4,1.5,5720.0,247.3
2019-06-07T14:17:49,31.6,196.7,235.4,1.4,5730.0,248.3
2019-06-07T14:18:20,31.5,201.4,232.4,1.4,5730.0,247.3
2019-06-07T14:18:51,31.6,203.7,233.0,1.1,5740.0,247.3
2019-06-07T14:19:22,31.6,196.7,236.0,1.0,5740.0,247.3
2019-06-07T14:19:53,31.6,193.1,234.2,1.0,5750.0,246.4
2019-06-07T14:20:24,31.7,197.8,230.1,0.8,5750.0,247.3
2019-06-07T14:20:55,31.7,196.7,233.0,0.7,5760.0,246.4
2019-06-07T14:21:27,31.7,193.7,230.7,0.7,5760.0,246.4
2019-06-07T14:21:58,31.7,187.2,230.7,0.6,5760.0,246.4
2019-06-07T14:22:29,31.7,187.8,230.1,0.5,5760.0,245.4
2019-06-07T14:23:00,31.7,184.3,230.1,0.5,5770.0,246.4
2019-06-07T14:23:31,31.6,204.9,224.8,0.4,5770.0,245.4
2019-06-07T14:24:02,31.4,204.3,229.5,0.4,5770.0,245.4
2019-06-07T14:24:33,31.2,199.6,222.4,0.4,5770.0,245.4
2019-06-07T14:25:04,31.0,218.5,236.0,0.3,5770.0,244.4
2019-06-07T14:25:35,31.0,197.3,213.5,0.4,5770.0,244.4
2019-06-07T14:26:07,30.7,173.6,193.4,0.5,5780.0,244.4
2019-06-07T14:26:38,30.7,152.4,172.1,0.6,5780.0,244.4
2019-06-07T14:27:09,30.7,132.9,152.0,0.7,5780.0,245.4
2019-06-07T14:27:40,30.7,127.0,158.5,0.7,5780.0,245.4
2019-06-07T14:28:11,30.7,142.9,173.9,0.7,5780.0,245.4
2019-06-07T14:28:42,30.5,165.9,198.1,0.8,5790.0,246.4
2019-06-07T14:29:13,30.4,188.4,225.9,0.7,5790.0,245.4
2019-06-07T14:29:44,30.4,210.8,248.4,0.7,5790.0,246.4
2019-06-07T14:30:15,30.4,229.7,233.6,0.6,5790.0,246.4
2019-06-07T14:30:46,30.3,210.2,238.4,0.6,5800.0,245.4
2019-06-07T14:31:18,30.3,229.7,239.5,0.6,5800.0,246.4
2019-06-07T14:31:49,30.3,207.9,240.1,0.6,5800.0,246.4
2019-06-07T14:32:20,30.2,186.6,233.6,0.7,5810.0,246.4
2019-06-07T14:32:51,30.2,206.1,244.9,0.6,5810.0,247.3
2019-06-07T14:33:22,30.2,183.7,232.4,0.8,5810.0,247.3
2019-06-07T14:33:53,30.3,163.0,241.3,0.9,5820.0,246.4
2019-06-07T14:34:24,30.3,171.3,240.7,0.8,5820.0,246.4
2019-06-07T14:34:55,30.2,193.7,226.5,0.7,5820.0,246.4
2019-06-07T14:35:26,30.2,216.2,249.0,0.7,5830.0,246.4
2019-06-07T14:35:57,30.2,220.3,231.9,0.7,5830.0,247.3
2019-06-07T14:36:29,30.1,218.5,233.6,0.7,5830.0,247.3
2019-06-07T14:37:00,29.7,219.1,247.2,0.8,5840.0,247.3
2019-06-07T14:37:31,29.7,195.5,223.6,0.9,5840.0,248.3
2019-06-07T14:38:02,29.7,184.8,235.4,0.9,5840.0,249.3
2019-06-07T14:38:33,29.7,204.3,240.7,0.9,5850.0,248.3
2019-06-07T14:39:04,29.7,201.4,245.5,0.9,5850.0,247.3
2019-06-07T14:39:35,30.1,192.5,244.3,0.8,5850.0,247.3
2019-06-07T14:40:06,29.7,191.9,236.6,0.8,5860.0,246.4
2019-06-07T14:40:37,29.4,191.9,234.2,0.7,5860.0,247.3
2019-06-07T14:41:09,29.4,197.3,236.0,0.6,5860.0,247.3
2019-06-07T14:41:40,29.4,193.7,235.4,0.6,5870.0,247.3
2019-06-07T14:42:11,29.4,197.3,232.4,0.5,5870.0,246.4
2019-06-07T14:42:42,29.4,195.5,231.9,0.5,5870.0,246.4
2019-06-07T14:43:13,29.4,206.1,218.8,0.4,5870.0,246.4
2019-06-07T14:43:44,29.4,220.9,239.0,0.3,5870.0,246.4
2019-06-07T14:44:15,29.4,197.8,241.9,0.4,5870.0,245.4
2019-06-07T14:44:46,29.4,174.8,218.3,0.6,5880.0,246.4
2019-06-07T14:45:17,29.7,152.4,195.8,0.6,5880.0,247.3
2019-06-07T14:45:48,29.7,131.7,173.9,0.9,5880.0,246.4
2019-06-07T14:46:20,29.7,111.6,153.2,0.9,5880.0,249.3
2019-06-07T14:46:51,29.7,112.2,158.5,1.0,5890.0,247.3
2019-06-07T14:47:22,29.4,137.6,186.9,0.9,5890.0,247.3
2019-06-07T14:47:53,29.4,157.1,208.2,1.0,5890.0,247.3
2019-06-07T14:48:24,29.4,164.2,231.3,0.9,5890.0,247.3
2019-06-07T14:48:55,29.4,181.9,242.5,0.8,5900.0,248.3
2019-06-07T14:49:26,29.0,173.6,239.5,0.8,5900.0,248.3
2019-06-07T14:49:57,29.0,180.1,236.6,0.6,5900.0,247.3
2019-06-07T14:50:28,29.4,177.2,236.6,0.6,5910.0,247.3
2019-06-07T14:50:59,29.7,171.3,235.4,0.6,5910.0,247.3
2019-06-07T14:51:31,29.4,165.4,232.4,0.6,5910.0,248.3
2019-06-07T14:52:02,29.7,186.6,232.4,0.5,5910.0,247.3
2019-06-07T14:52:33,29.4,207.9,232.4,0.5,5920.0,247.3
2019-06-07T14:53:04,29.4,212.0,234.2,0.5,5920.0,247.3
2019-06-07T14:53:35,29.4,215.0,232.4,0.4,5920.0,246.4
2019-06-07T14:54:06,29.4,194.9,221.2,0.5,5920.0,246.4
2019-06-07T14:54:37,29.4,171.9,199.3,0.5,5920.0,246.4
2019-06-07T14:55:08,29.4,150.6,178.6,0.6,5920.0,246.4
2019-06-07T14:55:39,29.4,154.1,174.5,0.7,5930.0,246.4
2019-06-07T14:56:11,29.4,177.2,199.3,0.7,5930.0,246.4
2019-06-07T14:56:42,29.4,198.4,223.6,0.6,5930.0,247.3
2019-06-07T14:57:13,29.4,220.3,246.1,0.5,5930.0,247.3
2019-06-07T14:57:44,29.4,204.9,231.3,0.6,5940.0,247.3
2019-06-07T14:58:15,29.4,184.8,210.0,0.6,5940.0,248.3
2019-06-07T14:58:46,29.4,163.6,224.2,0.7,5940.0,248.3
2019-06-07T14:59:17,29.0,184.8,246.1,0.7,5940.0,247.3
2019-06-07T14:59:48,29.0,207.3,230.7,0.6,5950.0,247.3
2019-06-07T15:00:19,29.0,225.6,238.4,0.5,5950.0,245.4
2019-06-07T15:00:50,29.0,210.8,241.9,0.6,5950.0,244.4
2019-06-07T15:01:22,29.0,216.7,231.9,0.6,5950.0,244.4
2019-06-07T15:01:53,29.0,217.9,235.4,0.5,5960.0,243.5
2019-06-07T15:02:24,29.0,212.6,234.2,0.5,5960.0,243.5
2019-06-07T15:02:55,29.0,215.6,235.4,0.4,5960.0,244.4
2019-06-07T15:03:26,29.4,207.9,228.3,0.4,5960.0,244.4
2019-06-07T15:03:57,29.0,209.1,225.4,0.3,5960.0,243.5
2019-06-07T15:04:28,29.0,190.2,225.9,0.3,5960.0,244.4
2019-06-07T15:04:59,28.6,190.8,237.2,0.3,5970.0,243.5
2019-06-07T15:05:30,28.6,213.2,225.9,0.3,5970.0,243.5
2019-06-07T15:06:01,28.6,199.6,233.6,0.3,5970.0,243.5
2019-06-07T15:06:32,28.6,212.6,212.3,0.3,5970.0,243.5
2019-06-07T15:07:03,28.6,203.7,225.4,0.3,5970.0,243.5
2019-06-07T15:07:34,28.6,186.6,229.5,0.3,5970.0,243.5
2019-06-07T15:08:05,28.6,207.3,213.5,0.2,5970.0,244.4
2019-06-07T15:08:36,28.6,207.9,234.8,0.2,5970.0,243.5
2019-06-07T15:09:08,28.3,186.0,244.3,0.3,5970.0,244.4
2019-06-07T15:09:39,28.3,164.2,218.8,0.4,5980.0,244.4
2019-06-07T15:10:10,28.3,144.7,197.5,0.4,5980.0,245.4
2019-06-07T15:10:41,28.3,124.0,175.1,0.5,5980.0,243.5
2019-06-07T15:11:13,28.3,102.7,171.5,0.5,5980.0,244.4
2019-06-07T15:11:44,28.3,122.8,195.2,0.6,5980.0,244.4
2019-06-07T15:12:15,28.3,146.4,218.3,0.5,5980.0,243.5
2019-06-07T15:12:46,28.6,168.3,240.1,0.5,5990.0,243.5
2019-06-07T15:13:17,28.6,189.6,236.0,0.5,5990.0,242.5
2019-06-07T15:13:48,28.3,212.6,215.3,0.4,5990.0,243.5
2019-06-07T15:14:19,28.6,217.3,237.2,0.4,5990.0,244.4
2019-06-07T15:14:50,28.3,210.8,235.4,0.4,5990.0,244.4
2019-06-07T15:15:21,28.3,224.4,234.2,0.3,6000.0,245.4
2019-06-07T15:15:52,27.9,202.0,226.5,0.4,6000.0,244.4
2019-06-07T15:16:24,27.9,216.2,228.3,0.4,6000.0,243.5
2019-06-07T15:16:55,27.9,201.4,236.0,0.4,6000.0,244.4
2019-06-07T15:17:26,27.9,221.5,228.3,0.3,6000.0,244.4
2019-06-07T15:17:57,27.9,199.0,207.0,0.4,6000.0,244.4
2019-06-07T15:18:28,28.3,178.3,195.8,0.4,6000.0,244.4
2019-06-07T15:18:59,28.3,163.0,217.1,0.4,6010.0,245.4
2019-06-07T15:19:30,27.9,183.7,238.4,0.4,6010.0,243.5
2019-06-07T15:20:01,27.9,204.3,230.1,0.4,6010.0,244.4
2019-06-07T15:20:32,27.9,216.7,220.6,0.3,6010.0,244.4
2019-06-07T15:21:04,27.9,199.6,228.3,0.3,6010.0,244.4
2019-06-07T15:21:35,27.9,219.1,211.7,0.3,6010.0,243.5
2019-06-07T15:22:06,27.9,195.5,225.4,0.3,6010.0,243.5
2019-06-07T15:22:37,27.9,210.8,231.3,0.3,6020.0,244.4
2019-06-07T15:23:08,28.3,204.3,235.4,0.3,6020.0,243.5
2019-06-07T15:23:39,27.9,212.0,235.4,0.3,6020.0,243.5
2019-06-07T15:24:10,27.5,191.9,215.3,0.3,6020.0,243.5
2019-06-07T15:24:41,27.5,171.3,230.7,0.4,6020.0,244.4
2019-06-07T15:25:12,27.9,163.0,230.1,0.4,6020.0,244.4
2019-06-07T15:25:43,27.9,141.7,209.4,0.4,6020.0,244.4
2019-06-07T15:26:15,27.5,131.7,212.3,0.4,6020.0,244.4
2019-06-07T15:26:46,27.9,153.5,223.6,0.5,6030.0,244.4
2019-06-07T15:27:17,27.9,175.4,246.1,0.4,6030.0,243.5
2019-06-07T15:27:48,27.9,197.3,229.5,0.4,6030.0,244.4
2019-06-07T15:28:19,27.9,180.1,251.4,0.5,6030.0,243.5
2019-06-07T15:28:50,27.9,157.1,224.8,0.6,6030.0,244.4
2019-06-07T15:29:21,28.3,135.2,201.7,0.7,6040.0,245.4
2019-06-07T15:29:52,28.3,116.3,188.7,0.9,6040.0,244.4
2019-06-07T15:30:23,27.9,121.0,213.5,0.9,6040.0,245.4
2019-06-07T15:30:54,27.9,145.9,238.4,0.9,6040.0,243.5
2019-06-07T15:31:26,27.5,168.3,230.7,0.8,6050.0,246.4
2019-06-07T15:31:57,27.5,188.4,240.7,0.7,6050.0,243.5
2019-06-07T15:32:28,27.5,192.5,236.6,0.6,6050.0,243.5
2019-06-07T15:32:59,27.5,193.7,239.5,0.7,6050.0,245.4
2019-06-07T15:33:30,27.5,188.4,239.0,0.6,6060.0,244.4
2019-06-07T15:34:01,27.5,185.4,232.4,0.7,6060.0,244.4
2019-06-07T15:34:32,27.5,207.9,246.1,0.6,6060.0,244.4
2019-06-07T15:35:03,27.5,220.9,225.9,0.6,6060.0,245.4
2019-06-07T15:35:34,27.5,207.3,246.1,0.6,6070.0,246.4
2019-06-07T15:36:06,27.9,216.7,232.4,0.6,6070.0,246.4
2019-06-07T15:36:37,27.9,217.3,235.4,0.6,6070.0,244.4
2019-06-07T15:37:08,28.3,215.0,233.0,0.5,6070.0,244.4
2019-06-07T15:37:39,28.6,201.4,238.4,0.5,6080.0,246.4
2019-06-07T15:38:10,28.6,180.7,225.9,0.6,6080.0,245.4
2019-06-07T15:38:41,28.6,166.5,245.5,0.6,6080.0,245.4
2019-06-07T15:39:12,28.3,187.8,225.4,0.5,6080.0,244.4
2019-06-07T15:40:09,28.3,218.5,230.1,0.4,6090.0,244.4
2019-06-07T15:40:41,27.9,204.9,237.8,0.5,6090.0,244.4
2019-06-07T15:41:12,27.9,220.9,221.8,0.4,6090.0,243.5
2019-06-07T15:41:43,27.9,199.6,239.5,0.5,6090.0,244.4
2019-06-07T15:42:14,27.9,217.3,224.2,0.5,6100.0,244.4
2019-06-07T15:42:45,27.9,204.3,235.4,0.5,6100.0,244.4
2019-06-07T15:43:16,27.9,189.0,230.7,0.5,6100.0,245.4
2019-06-07T15:43:47,27.9,209.7,232.4,0.5,6100.0,243.5
2019-06-07T15:44:18,28.3,222.1,231.9,0.5,6100.0,245.4
2019-06-07T15:44:49,28.3,199.6,223.0,0.5,6110.0,244.4
2019-06-07T15:45:20,28.3,178.3,235.4,0.6,6110.0,244.4
2019-06-07T15:45:52,28.3,188.4,224.8,0.6,6110.0,242.5
2019-06-07T15:46:23,28.3,209.7,235.4,0.5,6110.0,243.5
2019-06-07T15:46:54,27.9,216.2,236.0,0.5,6110.0,245.4
2019-06-07T15:47:25,27.9,205.5,225.9,0.5,6120.0,243.5
2019-06-07T15:47:56,27.9,187.2,231.3,0.6,6120.0,244.4
2019-06-07T15:48:27,27.9,209.1,228.9,0.6,6120.0,243.5
2019-06-07T15:48:58,27.9,218.5,234.8,0.6,6120.0,244.4
2019-06-07T15:49:29,27.5,199.0,233.6,0.5,6130.0,243.5
2019-06-07T15:50:00,27.5,191.9,233.0,0.6,6130.0,243.5
2019-06-07T15:50:32,27.5,212.6,235.4,0.5,6130.0,244.4
2019-06-07T15:51:03,27.5,214.4,222.4,0.5,6130.0,243.5
2019-06-07T15:51:34,27.5,206.7,242.5,0.4,6130.0,244.4
2019-06-07T15:52:05,27.5,214.4,220.6,0.5,6140.0,245.4
2019-06-07T15:52:36,27.9,193.7,242.5,0.5,6140.0,244.4
2019-06-07T15:53:07,27.5,193.7,225.4,0.5,6140.0,244.4
2019-06-07T15:53:38,27.2,215.0,239.5,0.4,6140.0,244.4
2019-06-07T15:54:09,27.2,207.9,225.4,0.5,6140.0,243.5
2019-06-07T15:54:40,27.2,218.5,227.7,0.4,6150.0,244.4
2019-06-07T15:55:11,27.2,207.9,240.1,0.4,6150.0,244.4
2019-06-07T15:55:43,27.2,187.8,225.9,0.5,6150.0,243.5
2019-06-07T15:56:14,27.5,176.6,243.1,0.5,6150.0,244.4
2019-06-07T15:56:45,27.2,184.3,243.1,0.4,6150.0,243.5
2019-06-07T15:57:16,27.2,194.9,225.9,0.4,6150.0,244.4
2019-06-07T15:57:47,27.5,180.7,243.1,0.4,6160.0,244.4
2019-06-07T15:58:18,27.5,161.8,221.8,0.4,6160.0,243.5
2019-06-07T15:58:49,27.5,182.5,223.0,0.4,6160.0,243.5
2019-06-07T15:59:20,27.5,202.6,243.1,0.4,6160.0,244.4
2019-06-07T15:59:51,27.9,220.3,223.0,0.3,6160.0,243.5
2019-06-07T16:00:22,27.9,199.0,231.9,0.4,6160.0,243.5
2019-06-07T16:00:54,27.9,187.8,230.1,0.4,6160.0,244.4
2019-06-07T16:01:25,27.5,209.7,218.8,0.4,6170.0,242.5
2019-06-07T16:01:56,27.5,207.9,236.0,0.3,6170.0,242.5
2019-06-07T16:02:27,27.5,203.2,215.3,0.3,6170.0,242.5
2019-06-07T16:02:58,27.5,212.0,233.0,0.3,6170.0,242.5
2019-06-07T16:03:29,27.2,206.7,232.4,0.3,6170.0,242.5
2019-06-07T16:04:00,27.5,206.7,227.7,0.3,6170.0,243.5
2019-06-07T16:04:31,27.5,205.5,223.0,0.3,6170.0,243.5
2019-06-07T16:05:02,27.5,211.4,235.4,0.3,6170.0,243.5
2019-06-07T16:05:34,27.5,190.2,212.9,0.3,6180.0,243.5
2019-06-07T16:06:05,27.5,187.8,209.4,0.3,6180.0,243.5
2019-06-07T16:06:36,27.5,209.1,231.3,0.3,6180.0,241.5
2019-06-07T16:07:07,27.5,207.9,225.4,0.3,6180.0,242.5
2019-06-07T16:07:38,27.5,188.4,221.2,0.2,6180.0,242.5
2019-06-07T16:08:09,27.9,166.5,239.5,0.3,6180.0,243.5
2019-06-07T16:08:40,27.9,183.1,217.7,0.2,6180.0,243.5
2019-06-07T16:09:11,27.9,202.0,216.5,0.2,6180.0,242.5
2019-06-07T16:09:42,27.5,216.2,237.8,0.2,6180.0,241.5
2019-06-07T16:10:13,27.9,193.1,224.8,0.2,6180.0,242.5
2019-06-07T16:10:45,27.5,173.0,209.4,0.2,6180.0,241.5
2019-06-07T16:11:16,27.5,172.4,230.1,0.2,6190.0,240.6
2019-06-07T16:11:47,27.5,191.9,224.8,0.2,6190.0,241.5
2019-06-07T16:12:18,27.5,212.6,224.8,0.2,6190.0,242.5
2019-06-07T16:12:49,27.9,192.5,212.3,0.2,6190.0,240.6
2019-06-07T16:13:20,27.5,173.6,233.0,0.2,6190.0,242.5
2019-06-07T16:13:51,27.5,152.9,227.7,0.2,6190.0,241.5
2019-06-07T16:14:22,27.5,172.4,206.4,0.2,6190.0,241.5
2019-06-07T16:14:53,27.9,193.1,186.3,0.2,6190.0,240.6
2019-06-07T16:15:24,27.9,213.8,172.7,0.1,6190.0,241.5
2019-06-07T16:15:56,27.9,192.5,195.8,0.2,6190.0,241.5
2019-06-07T16:16:27,27.9,172.4,219.4,0.2,6190.0,240.6
2019-06-07T16:16:58,27.9,151.8,239.0,0.2,6190.0,240.6
2019-06-07T16:17:29,27.9,131.1,231.3,0.3,6190.0,240.6
2019-06-07T16:18:00,27.9,153.5,209.4,0.3,6190.0,240.6
2019-06-07T16:18:31,27.9,174.2,220.6,0.2,6190.0,240.6
2019-06-07T16:19:02,27.9,196.7,241.9,0.2,6200.0,240.6
2019-06-07T16:19:33,27.9,216.2,224.8,0.1,6200.0,240.6
2019-06-07T16:20:04,27.9,196.7,204.6,0.2,6200.0,240.6
2019-06-07T16:20:36,27.9,199.6,214.7,0.2,6200.0,240.6
2019-06-07T16:21:07,27.9,215.0,235.4,0.1,6200.0,242.5
2019-06-07T16:21:38,27.5,191.3,225.4,0.2,6200.0,240.6
2019-06-07T16:22:09,27.5,173.0,205.8,0.2,6200.0,240.6
2019-06-07T16:22:40,27.5,193.1,217.1,0.2,6200.0,239.6
2019-06-07T16:23:11,27.5,213.8,237.2,0.2,6200.0,240.6
2019-06-07T16:23:42,27.5,199.6,224.2,0.2,6200.0,242.5
2019-06-07T16:24:13,27.5,178.3,203.5,0.2,6200.0,241.5
2019-06-07T16:24:44,27.5,157.1,200.5,0.2,6200.0,240.6
2019-06-07T16:25:15,27.5,180.7,222.4,0.2,6200.0,240.6
2019-06-07T16:25:47,27.5,202.0,236.6,0.2,6200.0,240.6
2019-06-07T16:26:18,27.5,207.3,214.1,0.2,6200.0,241.5
2019-06-07T16:26:49,27.5,185.4,202.9,0.2,6210.0,240.6
2019-06-07T16:27:20,27.5,166.5,222.4,0.2,6210.0,241.5
2019-06-07T16:27:51,27.5,165.9,243.1,0.2,6210.0,241.5
2019-06-07T16:28:22,27.5,187.8,222.4,0.2,6210.0,241.5
2019-06-07T16:28:53,27.2,207.9,202.3,0.2,6210.0,240.6
2019-06-07T16:29:24,27.2,199.0,206.4,0.2,6210.0,240.6
2019-06-07T16:29:55,27.2,178.3,228.3,0.2,6210.0,240.6
2019-06-07T16:30:26,27.2,157.7,232.4,0.2,6210.0,243.5
2019-06-07T16:30:58,27.2,181.3,210.0,0.2,6210.0,242.5
2019-06-07T16:31:29,27.2,203.2,189.9,0.2,6210.0,241.5
2019-06-07T16:32:00,27.2,215.0,211.2,0.2,6210.0,242.5
2019-06-07T16:32:31,27.5,191.9,233.0,0.2,6210.0,242.5
2019-06-07T16:33:02,27.5,173.0,241.3,0.3,6210.0,241.5
2019-06-07T16:33:33,27.5,160.0,218.8,0.3,6210.0,241.5
2019-06-07T16:34:04,27.5,182.5,198.7,0.3,6210.0,242.5
2019-06-07T16:34:35,27.5,202.6,195.8,0.3,6210.0,241.5
2019-06-07T16:35:06,27.5,223.8,218.8,0.2,6220.0,241.5
2019-06-07T16:35:38,27.5,202.0,239.0,0.3,6220.0,241.5
2019-06-07T16:36:09,27.5,181.3,234.8,0.3,6220.0,241.5
2019-06-07T16:36:40,27.5,186.0,214.7,0.3,6220.0,240.6
2019-06-07T16:37:11,27.5,206.7,202.3,0.3,6220.0,241.5
2019-06-07T16:37:42,27.2,220.9,224.2,0.2,6220.0,241.5
2019-06-07T16:38:13,27.2,198.4,233.0,0.2,6220.0,241.5
2019-06-07T16:38:44,27.5,177.2,211.7,0.3,6220.0,239.6
2019-06-07T16:39:15,27.5,181.3,192.2,0.3,6220.0,240.6
2019-06-07T16:39:46,27.5,200.8,210.6,0.2,6220.0,240.6
2019-06-07T16:40:17,27.5,209.1,230.1,0.2,6220.0,241.5
2019-06-07T16:40:49,27.2,196.7,218.8,0.2,6220.0,240.6
2019-06-07T16:41:20,27.2,193.1,217.7,0.1,6220.0,240.6
2019-06-07T16:41:51,27.2,199.0,220.0,0.1,6220.0,240.6
2019-06-07T16:42:22,27.2,185.4,216.5,0.1,6220.0,241.5
2019-06-07T16:42:53,27.2,164.2,195.2,0.1,6220.0,240.6
2019-06-07T16:43:24,27.2,174.8,202.9,0.1,6220.0,239.6
2019-06-07T16:43:55,27.2,194.9,221.2,0.1,6230.0,240.6
2019-06-07T16:44:26,26.8,187.8,205.8,0.1,6230.0,239.6
2019-06-07T16:44:57,26.8,170.7,186.3,0.1,6230.0,240.6
2019-06-07T16:45:28,26.8,149.4,175.7,0.1,6230.0,239.6
2019-06-07T16:46:00,26.8,128.1,197.0,0.1,6230.0,240.6
2019-06-07T16:46:31,26.8,129.9,215.9,0.1,6230.0,240.6
2019-06-07T16:47:02,26.8,148.8,237.8,0.1,6230.0,241.5
2019-06-07T16:47:33,26.8,167.7,217.1,0.1,6230.0,240.6
2019-06-07T16:48:04,26.8,192.5,191.6,0.0,6230.0,240.6
2019-06-07T16:48:35,26.8,194.9,173.9,0.1,6230.0,240.6
2019-06-07T16:49:06,26.8,174.2,153.2,0.0,6230.0,239.6
2019-06-07T16:49:37,26.8,152.9,168.6,0.0,6230.0,242.5
2019-06-07T16:50:08,26.4,133.5,188.7,0.0,6230.0,241.5
2019-06-07T16:50:39,26.4,111.6,208.2,0.0,6230.0,241.5
2019-06-07T16:51:11,26.8,112.2,228.9,0.0,6230.0,241.5
2019-06-07T16:51:42,26.4,132.9,214.1,0.1,6230.0,241.5
2019-06-07T16:52:13,26.4,155.3,192.2,0.0,6230.0,241.5
2019-06-07T16:52:44,26.4,173.0,175.7,0.0,6230.0,241.5
2019-06-07T16:53:15,26.1,196.1,154.4,0.0,6230.0,241.5
2019-06-07T16:53:46,26.1,196.7,232.4,0.0,6230.0,240.6
2019-06-07T16:54:17,26.1,195.5,216.5,0.0,6230.0,240.6
2019-06-07T16:54:48,26.1,194.3,212.9,0.0,6230.0,239.6
2019-06-07T16:55:19,26.1,193.1,210.0,0.0,6230.0,240.6
2019-06-07T16:55:50,26.1,191.9,205.8,0.0,6230.0,240.6
2019-06-07T16:56:22,25.7,190.8,200.5,0.0,6230.0,240.6
2019-06-07T16:56:53,25.7,189.6,194.6,0.0,6230.0,240.6
2019-06-07T16:57:24,25.7,187.8,192.8,0.0,6230.0,240.6
2019-06-07T16:57:55,25.7,184.3,188.7,0.0,6230.0,241.5
2019-06-07T16:58:26,25.7,111.0,186.3,0.0,6230.0,240.6
2019-06-07T16:58:57,25.3,173.6,173.9,0.0,6230.0,240.6
2019-06-07T16:59:28,25.3,166.5,166.8,0.0,6230.0,241.5
2019-06-07T16:59:59,25.3,155.3,155.5,0.0,6230.0,241.5
2019-06-07T17:00:30,25.3,138.8,139.0,0.0,6230.0,242.5
2019-06-07T17:01:01,25.3,101.6,101.7,0.0,6230.0,242.5
2019-06-07T17:32:12,0.0,0.0,0.0,0.0,0.0,0.0
