2019-06-13T07:13:54,14.0,187.8,225.4,0.3,20.0,241.5
2019-06-13T07:14:25,14.0,166.5,204.1,0.3,20.0,241.5
2019-06-13T07:14:56,14.0,155.3,217.7,0.3,20.0,241.5
2019-06-13T07:15:27,14.3,177.8,239.5,0.2,20.0,240.6
2019-06-13T07:15:58,14.3,199.0,240.1,0.2,20.0,239.6
2019-06-13T07:16:30,14.3,217.9,219.4,0.2,20.0,239.6
2019-06-13T07:17:01,14.3,207.9,211.7,0.2,20.0,239.6
2019-06-13T07:17:32,14.3,187.8,232.4,0.2,20.0,239.6
2019-06-13T07:18:03,14.7,167.1,241.9,0.3,20.0,240.6
2019-06-13T07:18:34,14.7,161.2,219.4,0.3,30.0,240.6
2019-06-13T07:19:05,14.7,182.5,211.2,0.3,30.0,240.6
2019-06-13T07:19:36,14.7,203.2,233.0,0.2,30.0,239.6
2019-06-13T07:20:07,14.7,217.3,243.1,0.2,30.0,239.6
2019-06-13T07:20:38,15.1,194.3,221.2,0.3,30.0,238.6
2019-06-13T07:21:10,15.1,210.2,210.6,0.3,30.0,238.6
2019-06-13T07:21:41,15.1,219.1,232.4,0.2,30.0,240.6
2019-06-13T07:22:12,15.1,196.1,250.2,0.3,30.0,239.6
2019-06-13T07:22:43,15.1,176.0,228.3,0.3,30.0,239.6
2019-06-13T07:23:14,15.4,182.5,208.2,0.3,30.0,240.6
2019-06-13T07:23:45,15.4,204.3,206.4,0.3,30.0,240.6
2019-06-13T07:24:16,15.4,223.2,227.7,0.2,30.0,241.5
2019-06-13T07:24:47,15.4,201.4,249.6,0.2,40.0,240.6
2019-06-13T07:25:18,15.4,180.1,230.7,0.3,40.0,240.6
2019-06-13T07:25:49,15.4,159.4,208.2,0.3,40.0,241.5
2019-06-13T07:26:21,15.4,137.6,186.9,0.4,40.0,241.5
2019-06-13T07:26:52,15.8,116.3,197.0,0.5,40.0,242.5
2019-06-13T07:27:23,15.8,138.8,218.8,0.4,40.0,240.6
2019-06-13T07:27:54,15.8,162.4,217.7,0.5,40.0,240.6
2019-06-13T07:28:25,15.8,151.2,205.2,0.5,40.0,241.5
2019-06-13T07:28:56,15.8,173.0,227.7,0.4,40.0,240.6
2019-06-13T07:29:27,16.2,196.1,249.0,0.5,50.0,241.5
2019-06-13T07:29:58,16.2,217.3,235.4,0.4,50.0,240.6
2019-06-13T07:30:29,16.2,206.1,214.1,0.4,50.0,242.5
2019-06-13T07:31:00,16.2,206.1,228.9,0.4,50.0,242.5
2019-06-13T07:31:31,16.2,223.2,218.3,0.4,50.0,242.5
2019-06-13T07:32:02,16.5,199.6,230.7,0.4,50.0,242.5
2019-06-13T07:32:33,16.5,209.7,250.8,0.5,50.0,241.5
2019-06-13T07:33:04,16.5,211.4,234.2,0.5,50.0,241.5
2019-06-13T07:33:35,16.5,218.5,216.5,0.4,60.0,241.5
2019-06-13T07:34:06,16.5,206.1,237.8,0.4,60.0,242.5
2019-06-13T07:34:37,16.5,225.6,245.5,0.3,60.0,242.5
2019-06-13T07:35:08,16.9,204.3,225.4,0.4,60.0,245.4
2019-06-13T07:35:40,16.9,197.8,220.6,0.4,60.0,244.4
2019-06-13T07:36:11,16.9,220.3,241.9,0.4,60.0,244.4
2019-06-13T07:36:42,16.9,206.1,247.2,0.4,60.0,244.4
2019-06-13T07:37:13,17.3,220.3,244.9,0.5,70.0,245.4
2019-06-13T07:37:44,17.3,209.1,223.6,0.5,70.0,245.4
2019-06-13T07:38:15,17.3,199.6,223.0,0.4,70.0,245.4
2019-06-13T07:38:46,17.3,222.7,246.6,0.4,70.0,247.3
2019-06-13T07:39:17,17.3,206.1,243.1,0.5,70.0,244.4
2019-06-13T07:39:48,17.3,219.1,222.4,0.5,70.0,246.4
2019-06-13T07:40:19,17.6,206.7,223.0,0.5,80.0,246.4
2019-06-13T07:40:51,17.6,210.8,246.6,0.5,80.0,245.4
2019-06-13T07:41:22,17.6,199.0,232.4,0.5,80.0,245.4
2019-06-13T07:41:53,17.6,216.7,250.8,0.5,80.0,244.4
2019-06-13T07:42:24,17.6,213.2,233.6,0.5,80.0,246.4
2019-06-13T07:42:55,18.0,191.9,212.9,0.6,90.0,246.4
2019-06-13T07:43:26,18.0,171.9,220.6,0.6,90.0,246.4
2019-06-13T07:43:57,18.0,169.5,244.9,0.7,90.0,246.4
2019-06-13T07:44:28,18.0,191.9,239.5,0.7,90.0,245.4
2019-06-13T07:44:59,18.0,213.8,220.0,0.6,90.0,246.4
2019-06-13T07:45:30,18.4,220.3,243.7,0.7,100.0,244.4
2019-06-13T07:46:02,18.4,199.0,244.9,0.7,100.0,244.4
2019-06-13T07:46:33,18.4,178.3,223.0,0.8,100.0,243.5
2019-06-13T07:47:04,18.4,190.8,237.8,0.7,100.0,244.4
2019-06-13T07:47:35,18.4,213.8,249.0,0.8,110.0,245.4
2019-06-13T07:48:06,18.7,219.7,227.7,0.8,110.0,245.4
2019-06-13T07:48:37,18.7,209.7,234.8,0.8,110.0,246.4
2019-06-13T07:49:08,19.1,220.3,245.5,0.9,110.0,246.4
2019-06-13T07:49:39,19.1,219.1,239.5,0.8,120.0,245.4
2019-06-13T07:50:10,19.1,207.9,248.4,0.8,120.0,244.4
2019-06-13T07:50:41,19.1,226.8,243.7,0.8,120.0,246.4
2019-06-13T07:51:13,19.1,209.1,246.6,0.9,130.0,245.4
2019-06-13T07:51:44,19.1,199.6,234.2,0.9,130.0,243.5
2019-06-13T07:52:15,19.5,204.3,239.0,0.9,130.0,243.5
2019-06-13T07:52:46,19.5,190.8,228.3,0.9,140.0,244.4
2019-06-13T07:53:17,19.5,188.4,223.0,1.0,140.0,243.5
2019-06-13T07:53:48,19.5,178.9,246.6,1.0,140.0,243.5
2019-06-13T07:54:19,19.8,201.4,240.1,1.0,150.0,244.4
2019-06-13T07:54:50,19.8,225.6,256.7,1.0,150.0,242.5
2019-06-13T07:55:21,19.8,217.9,235.4,1.0,150.0,242.5
2019-06-13T07:55:52,19.8,223.8,232.4,1.0,160.0,242.5
2019-06-13T07:56:24,20.2,226.8,239.0,0.9,160.0,243.5
2019-06-13T07:56:55,20.2,222.1,233.0,1.0,170.0,243.5
2019-06-13T07:57:26,20.2,211.4,254.9,1.0,170.0,243.5
2019-06-13T07:57:57,20.2,223.2,239.5,1.1,170.0,243.5
2019-06-13T07:58:28,20.6,223.2,257.9,1.1,180.0,243.5
2019-06-13T07:58:59,20.6,218.5,247.2,1.1,180.0,243.5
2019-06-13T07:59:30,20.6,225.6,244.9,1.0,180.0,243.5
2019-06-13T08:00:01,20.6,220.3,248.4,1.0,190.0,242.5
2019-06-13T08:00:32,20.9,209.1,233.0,1.0,190.0,242.5
2019-06-13T08:01:04,20.6,211.4,236.0,1.0,200.0,242.5
2019-06-13T08:01:35,20.9,217.9,224.2,1.0,200.0,242.5
2019-06-13T08:02:06,20.9,215.0,243.7,0.9,200.0,242.5
2019-06-13T08:02:37,20.9,214.4,243.7,1.0,210.0,242.5
2019-06-13T08:03:08,20.9,220.9,245.5,0.7,210.0,241.5
2019-06-13T08:03:39,21.3,228.0,253.7,0.9,210.0,241.5
2019-06-13T12:55:16,26.8,213.2,232.4,1.8,250.0,247.3
2019-06-13T12:55:47,27.2,204.9,214.7,2.2,260.0,248.3
2019-06-13T12:56:19,27.2,215.0,229.5,2.0,270.0,247.3
2019-06-13T12:56:50,27.5,209.1,231.9,2.0,280.0,246.4
2019-06-13T12:57:21,27.5,207.9,225.4,2.0,290.0,248.3
2019-06-13T12:57:52,27.9,216.2,232.4,2.0,290.0,248.3
2019-06-13T12:58:23,27.9,214.4,234.2,2.1,300.0,246.4
2019-06-13T12:58:54,28.3,220.3,232.4,1.7,310.0,247.3
2019-06-13T12:59:25,28.3,215.0,228.3,1.6,320.0,247.3
2019-06-13T12:59:56,28.6,219.7,235.4,1.5,330.0,247.3
2019-06-13T13:00:27,28.6,222.1,229.5,1.5,330.0,244.4
2019-06-13T13:00:58,29.0,217.3,229.5,1.5,340.0,247.3
2019-06-13T13:01:30,29.0,209.7,231.9,1.5,350.0,245.4
2019-06-13T13:02:01,29.4,215.6,225.9,1.6,350.0,246.4
2019-06-13T13:02:32,29.4,212.0,234.8,1.8,360.0,247.3
2019-06-13T13:03:03,29.7,218.5,229.5,1.6,370.0,245.4
2019-06-13T13:03:34,29.7,217.3,234.8,1.6,370.0,246.4
2019-06-13T13:04:05,30.1,213.2,236.0,1.6,380.0,246.4
2019-06-13T13:04:36,30.1,214.4,233.6,1.6,390.0,246.4
2019-06-13T13:05:07,30.1,220.9,232.4,1.5,390.0,247.3
2019-06-13T13:05:39,30.2,215.0,232.4,1.6,400.0,247.3
2019-06-13T13:06:10,30.2,220.3,232.4,1.5,410.0,246.4
2019-06-13T13:06:41,30.3,217.9,232.4,1.5,410.0,245.4
2019-06-13T13:07:12,30.3,214.4,239.5,1.5,420.0,246.4
2019-06-13T13:07:43,30.4,215.0,222.4,1.6,430.0,247.3
2019-06-13T13:08:14,30.4,222.7,234.8,1.5,430.0,246.4
2019-06-13T13:08:45,30.4,200.8,228.3,1.8,440.0,247.3
2019-06-13T13:09:16,30.4,177.2,217.7,2.1,450.0,247.3
2019-06-13T13:09:47,30.5,154.1,247.2,2.6,460.0,248.3
2019-06-13T13:10:18,30.5,124.0,215.9,3.7,470.0,248.3
2019-06-13T13:10:50,30.7,133.5,220.6,4.1,480.0,250.2
2019-06-13T13:11:21,30.8,159.4,232.4,4.2,490.0,250.2
2019-06-13T13:11:52,30.8,163.6,243.7,3.7,500.0,251.2
2019-06-13T13:12:23,30.9,177.2,229.5,2.4,520.0,247.3
2019-06-13T13:12:54,30.9,189.0,254.9,5.0,530.0,251.2
2019-06-13T13:13:25,31.0,186.6,231.9,5.1,550.0,252.2
2019-06-13T13:13:56,31.1,199.0,233.6,3.8,560.0,251.2
2019-06-13T13:14:27,31.1,185.4,211.7,3.3,570.0,249.3
2019-06-13T13:14:58,31.1,180.7,220.0,2.7,580.0,248.3
2019-06-13T13:15:29,31.2,197.3,230.7,2.0,590.0,246.4
2019-06-13T13:16:01,31.2,203.7,225.9,1.8,600.0,247.3
2019-06-13T13:16:32,31.4,203.7,234.2,1.6,610.0,245.4
2019-06-13T13:17:03,31.4,207.9,228.9,1.6,610.0,247.3
2019-06-13T13:17:34,31.4,219.7,233.6,1.5,620.0,245.4
2019-06-13T13:18:05,31.5,217.3,235.4,1.4,630.0,246.4
2019-06-13T13:18:36,31.5,220.3,230.7,1.4,630.0,244.4
2019-06-13T13:19:07,31.6,219.1,234.8,1.3,640.0,246.4
2019-06-13T13:19:38,31.6,222.1,237.2,1.3,650.0,245.4
2019-06-13T13:20:09,31.6,220.3,230.1,1.3,650.0,245.4
2019-06-13T13:20:41,31.7,213.2,225.9,1.3,660.0,246.4
2019-06-13T13:21:13,31.7,210.8,230.1,1.4,660.0,245.4
2019-06-13T13:21:44,31.7,223.8,239.5,1.4,670.0,245.4
2019-06-13T13:22:15,31.7,207.9,227.7,1.5,680.0,246.4
2019-06-13T13:22:46,31.7,224.4,230.1,1.4,680.0,247.3
2019-06-13T13:23:17,31.8,219.1,233.0,1.4,690.0,246.4
2019-06-13T13:23:48,31.8,222.1,231.9,1.4,700.0,246.4
2019-06-13T13:24:19,31.9,222.7,228.9,1.4,700.0,246.4
2019-06-13T13:24:50,31.9,213.2,237.8,1.5,710.0,246.4
2019-06-13T13:25:21,31.9,212.0,240.7,1.6,720.0,246.4
2019-06-13T13:25:52,32.0,216.2,230.7,1.5,720.0,246.4
2019-06-13T13:26:24,32.0,216.7,228.9,1.4,730.0,246.4
2019-06-13T13:26:55,32.0,200.2,230.1,1.4,740.0,247.3
2019-06-13T13:27:26,32.0,191.3,227.7,1.5,740.0,245.4
2019-06-13T13:27:57,32.0,196.1,237.2,1.5,750.0,246.4
2019-06-13T13:28:28,32.2,180.1,219.4,1.6,750.0,246.4
2019-06-13T13:28:59,32.2,195.5,233.0,1.6,760.0,246.4
2019-06-13T13:29:30,32.2,192.5,232.4,1.5,770.0,245.4
2019-06-13T13:30:01,32.2,180.1,243.7,1.5,770.0,247.3
2019-06-13T13:30:32,32.3,199.0,225.4,1.4,780.0,245.4
2019-06-13T13:31:04,32.3,192.5,237.8,1.4,780.0,245.4
2019-06-13T13:31:35,32.4,215.0,239.5,1.3,790.0,246.4
2019-06-13T13:32:06,32.4,215.6,234.8,1.3,790.0,245.4
2019-06-13T13:32:37,32.4,221.5,227.1,1.3,800.0,245.4
2019-06-13T13:33:08,32.4,220.9,236.6,1.2,810.0,244.4
2019-06-13T13:33:39,32.5,212.0,225.4,1.2,810.0,245.4
2019-06-13T13:34:10,32.5,213.8,233.6,1.2,820.0,244.4
2019-06-13T13:34:41,32.5,212.6,228.3,1.2,820.0,245.4
2019-06-13T13:35:12,32.6,217.3,245.5,1.3,830.0,243.5
2019-06-13T13:35:43,32.6,194.3,218.3,1.4,830.0,245.4
2019-06-13T13:36:15,32.6,202.0,237.2,1.5,840.0,245.4
2019-06-13T13:36:46,32.7,203.2,225.9,1.5,840.0,245.4
2019-06-13T13:37:17,32.7,202.0,228.3,1.6,850.0,245.4
2019-06-13T13:37:48,32.7,183.7,233.6,1.7,860.0,246.4
2019-06-13T13:38:19,32.7,173.0,232.4,2.4,870.0,246.4
2019-06-13T13:38:50,32.9,157.1,245.5,2.2,870.0,246.4
2019-06-13T13:39:21,32.9,130.5,236.0,2.7,880.0,248.3
2019-06-13T13:39:52,32.9,141.1,232.4,2.0,890.0,245.4
2019-06-13T13:40:23,33.0,165.9,227.7,1.9,900.0,245.4
2019-06-13T13:40:54,33.0,174.2,224.8,1.8,900.0,246.4
2019-06-13T13:41:26,33.0,158.3,233.6,1.8,910.0,245.4
2019-06-13T13:41:57,33.0,172.4,239.5,1.7,910.0,246.4
2019-06-13T13:42:28,33.1,173.0,230.1,1.6,920.0,244.4
2019-06-13T13:42:59,33.1,175.4,233.6,1.5,930.0,243.5
2019-06-13T13:43:30,33.1,198.4,230.7,1.5,930.0,243.5
2019-06-13T13:44:01,33.1,179.5,225.9,1.9,940.0,245.4
2019-06-13T13:44:32,33.1,175.4,221.8,2.0,950.0,243.5
2019-06-13T13:45:03,33.1,162.4,224.2,2.0,950.0,243.5
2019-06-13T13:45:34,33.2,177.2,248.4,2.5,960.0,244.4
2019-06-13T13:46:06,33.2,161.2,242.5,2.0,970.0,246.4
2019-06-13T13:46:37,33.3,167.7,237.2,2.9,980.0,246.4
2019-06-13T13:47:08,33.3,158.9,228.9,1.9,980.0,246.4
2019-06-13T13:47:39,33.3,177.2,247.8,2.3,990.0,245.4
2019-06-13T13:48:10,33.4,167.7,217.1,3.3,1000.0,246.4
2019-06-13T13:48:41,33.4,173.6,213.5,3.7,1010.0,246.4
2019-06-13T13:49:12,33.4,152.9,241.9,5.4,1030.0,248.3
2019-06-13T13:49:43,33.5,159.4,242.5,4.5,1040.0,247.3
2019-06-13T13:50:14,33.5,164.2,217.7,4.2,1060.0,247.3
2019-06-13T13:50:45,33.7,154.1,229.5,4.5,1070.0,248.3
2019-06-13T13:51:17,33.7,158.3,228.9,4.7,1090.0,249.3
2019-06-13T13:51:48,33.8,152.9,228.3,4.9,1100.0,249.3
2019-06-13T13:52:19,33.8,160.0,233.0,4.2,1120.0,247.3
2019-06-13T13:52:50,33.8,163.6,237.8,3.1,1130.0,247.3
2019-06-13T13:53:21,33.9,146.4,223.0,4.9,1140.0,249.3
2019-06-13T13:53:52,33.9,159.4,236.6,4.3,1160.0,249.3
2019-06-13T13:54:23,34.0,155.3,227.1,3.5,1170.0,249.3
2019-06-13T13:54:54,34.0,159.4,232.4,3.3,1180.0,248.3
2019-06-13T13:55:25,34.1,165.4,225.9,3.7,1190.0,249.3
2019-06-13T13:55:56,34.1,161.8,221.2,3.1,1210.0,248.3
2019-06-13T13:56:28,34.2,160.6,225.9,2.5,1220.0,246.4
2019-06-13T13:56:59,34.2,152.4,221.8,3.2,1220.0,248.3
2019-06-13T13:57:30,34.4,141.7,212.9,2.6,1240.0,246.4
2019-06-13T13:58:01,34.4,166.5,241.9,2.5,1240.0,249.3
2019-06-13T13:58:32,34.4,183.7,220.6,2.1,1250.0,249.3
2019-06-13T13:59:03,34.4,173.0,225.9,2.2,1260.0,248.3
2019-06-13T13:59:34,34.4,169.5,207.0,2.7,1270.0,248.3
2019-06-13T14:00:05,34.4,147.6,199.9,3.2,1280.0,248.3
2019-06-13T14:00:36,34.4,145.9,221.8,2.5,1290.0,247.3
2019-06-13T14:01:08,34.5,165.9,203.5,2.8,1300.0,247.3
2019-06-13T14:01:39,34.5,160.0,212.9,2.6,1310.0,246.4
2019-06-13T14:02:10,34.5,146.4,237.8,2.9,1320.0,246.4
2019-06-13T14:02:41,34.5,140.5,249.0,1.8,1320.0,246.4
2019-06-13T14:03:12,34.5,158.3,229.5,1.5,1330.0,245.4
2019-06-13T14:03:43,34.5,165.9,228.9,1.3,1330.0,245.4
2019-06-13T14:04:14,34.5,188.4,223.6,1.2,1340.0,246.4
2019-06-13T14:04:45,34.6,207.3,232.4,1.1,1340.0,246.4
2019-06-13T14:05:16,34.6,217.9,226.5,1.0,1350.0,246.4
2019-06-13T14:05:47,34.6,210.2,236.0,1.2,1350.0,245.4
2019-06-13T14:06:19,34.6,206.7,224.2,1.1,1360.0,245.4
2019-06-13T14:06:50,34.6,217.3,234.8,1.1,1360.0,245.4
2019-06-13T14:07:21,34.6,199.6,221.8,1.3,1370.0,245.4
2019-06-13T14:07:52,34.7,188.4,233.6,1.3,1380.0,246.4
2019-06-13T14:08:23,34.7,209.1,233.0,1.3,1380.0,246.4
2019-06-13T14:08:54,34.7,228.0,245.5,1.5,1390.0,247.3
2019-06-13T14:09:25,34.7,224.4,241.9,1.4,1390.0,246.4
2019-06-13T14:09:56,34.7,217.9,234.8,1.6,1400.0,247.3
2019-06-13T14:10:27,34.7,225.0,231.9,1.5,1410.0,247.3
2019-06-13T14:10:58,34.7,206.1,208.8,1.7,1420.0,248.3
2019-06-13T14:11:30,34.7,220.9,226.5,1.8,1430.0,249.3
2019-06-13T14:12:01,34.8,220.9,245.5,1.9,1440.0,249.3
2019-06-13T14:12:32,34.8,228.0,239.5,1.7,1440.0,248.3
2019-06-13T14:13:03,34.8,216.2,217.7,2.0,1460.0,250.2
2019-06-13T14:13:34,34.8,234.5,234.8,2.0,1470.0,250.2
2019-06-13T14:14:05,34.8,231.5,234.2,2.0,1480.0,248.3
2019-06-13T14:14:36,34.8,233.3,222.4,1.8,1490.0,248.3
2019-06-13T14:15:07,34.8,228.0,230.1,1.8,1500.0,248.3
2019-06-13T14:15:38,34.7,233.3,223.6,1.9,1510.0,250.2
2019-06-13T14:16:10,34.8,231.5,230.1,1.7,1530.0,249.3
2019-06-13T14:16:41,34.8,228.0,216.5,1.6,1540.0,248.3
2019-06-13T14:17:12,34.9,229.7,231.3,1.4,1540.0,247.3
2019-06-13T14:17:43,34.9,225.0,233.0,1.6,1550.0,248.3
2019-06-13T14:18:14,34.9,219.1,227.7,1.4,1560.0,247.3
2019-06-13T14:18:45,35.0,221.5,221.2,1.4,1570.0,247.3
2019-06-13T14:19:16,35.0,210.2,233.0,1.4,1580.0,246.4
2019-06-13T14:19:47,35.0,218.5,227.7,1.3,1590.0,247.3
2019-06-13T14:20:18,35.0,220.3,221.8,1.3,1590.0,246.4
2019-06-13T14:20:49,35.2,217.3,232.4,1.2,1600.0,246.4
2019-06-13T14:21:21,35.2,215.0,218.3,1.2,1600.0,246.4
2019-06-13T14:21:52,35.2,228.0,206.4,1.2,1610.0,245.4
2019-06-13T14:22:23,35.2,207.9,224.8,1.2,1620.0,245.4
2019-06-13T14:22:54,35.2,192.5,250.8,1.5,1620.0,248.3
2019-06-13T14:23:25,35.3,185.4,239.5,1.4,1630.0,247.3
2019-06-13T14:23:56,35.3,210.2,225.9,1.4,1640.0,248.3
2019-06-13T14:24:27,35.3,211.4,227.7,1.3,1640.0,246.4
2019-06-13T14:24:58,35.3,197.3,205.2,1.5,1650.0,246.4
2019-06-13T14:25:29,35.3,219.7,231.9,1.4,1660.0,247.3
2019-06-13T14:26:00,35.4,203.7,244.3,1.8,1670.0,249.3
2019-06-13T14:26:31,35.4,206.7,235.4,1.4,1680.0,247.3
2019-06-13T14:27:02,35.4,209.7,243.7,1.5,1690.0,248.3
2019-06-13T14:27:33,35.4,213.2,237.8,1.2,1690.0,246.4
2019-06-13T14:28:04,35.4,190.2,206.4,1.4,1700.0,246.4
2019-06-13T14:28:35,35.4,204.3,230.1,1.6,1710.0,246.4
2019-06-13T14:29:06,35.5,203.2,229.5,1.6,1720.0,246.4
2019-06-13T14:29:37,35.4,206.7,226.5,1.5,1720.0,247.3
2019-06-13T14:30:08,35.5,197.3,225.9,1.2,1730.0,247.3
2019-06-13T14:30:40,35.5,208.5,229.5,1.1,1740.0,246.4
2019-06-13T14:31:11,35.5,207.3,231.9,1.1,1740.0,245.4
2019-06-13T14:31:42,35.5,187.2,205.8,1.5,1750.0,246.4
2019-06-13T14:32:13,35.5,180.7,182.8,1.7,1750.0,247.3
2019-06-13T14:32:44,35.5,177.2,212.9,1.8,1760.0,246.4
2019-06-13T14:33:15,35.5,178.3,230.7,1.6,1770.0,246.4
2019-06-13T14:33:46,35.5,165.4,216.5,2.1,1780.0,247.3
2019-06-13T14:34:17,35.5,158.3,228.3,1.8,1780.0,245.4
2019-06-13T14:34:48,35.6,121.0,263.2,4.2,1790.0,246.4
2019-06-13T14:35:19,35.5,104.5,239.0,4.1,1800.0,246.4
2019-06-13T14:35:51,35.5,122.8,224.8,2.8,1810.0,245.4
2019-06-13T14:36:22,35.6,150.0,203.5,4.0,1820.0,247.3
2019-06-13T14:36:53,35.6,144.1,215.3,2.9,1830.0,245.4
2019-06-13T14:37:24,35.6,148.2,227.1,2.4,1840.0,246.4
2019-06-13T14:37:55,35.6,147.0,227.1,2.1,1850.0,244.4
2019-06-13T14:38:26,35.6,140.5,223.6,2.6,1850.0,244.4
2019-06-13T14:38:57,35.7,131.1,228.9,3.3,1860.0,245.4
2019-06-13T14:39:28,35.7,152.4,214.1,2.8,1870.0,245.4
2019-06-13T14:39:59,35.7,142.3,221.8,2.4,1880.0,243.5
2019-06-13T14:40:30,35.7,139.4,228.9,1.6,1890.0,244.4
2019-06-13T14:41:02,35.7,125.2,223.6,1.6,1890.0,245.4
2019-06-13T14:41:33,35.7,102.7,197.5,2.3,1900.0,244.4
2019-06-13T14:42:04,35.7,119.9,199.3,1.8,1900.0,244.4
2019-06-13T14:42:35,35.7,157.1,237.8,2.8,1910.0,248.3
2019-06-13T14:43:06,35.7,145.9,234.8,4.4,1920.0,249.3
2019-06-13T14:43:37,35.9,122.8,218.8,5.8,1940.0,249.3
2019-06-13T14:44:08,35.9,126.4,226.5,4.1,1950.0,247.3
2019-06-13T14:44:39,35.9,108.6,242.5,3.6,1960.0,246.4
2019-06-13T14:45:10,35.9,129.9,208.8,5.1,1970.0,248.3
2019-06-13T14:45:41,35.9,124.0,227.7,5.4,1990.0,250.2
2019-06-13T14:46:13,36.0,126.4,227.7,5.2,2000.0,248.3
2019-06-13T14:46:44,36.0,122.8,229.5,5.3,2020.0,248.3
2019-06-13T14:47:15,36.0,123.4,229.5,5.1,2030.0,250.2
2019-06-13T14:47:46,36.1,116.9,222.4,3.8,2040.0,248.3
2019-06-13T14:48:17,36.0,125.8,246.6,5.1,2050.0,249.3
2019-06-13T14:48:48,36.1,121.0,222.4,5.6,2070.0,250.2
2019-06-13T14:49:19,36.1,121.6,230.7,5.4,2080.0,250.2
2019-06-13T14:49:50,36.1,116.3,225.9,5.5,2100.0,250.2
2019-06-13T14:50:21,36.2,122.2,221.8,5.2,2110.0,251.2
2019-06-13T14:50:52,36.2,118.1,227.7,5.2,2130.0,249.3
2019-06-13T14:51:24,36.2,122.2,236.6,4.9,2140.0,249.3
2019-06-13T14:51:55,36.3,115.7,217.7,4.7,2150.0,248.3
2019-06-13T14:52:26,36.3,119.3,227.7,4.7,2170.0,249.3
2019-06-13T14:52:57,36.3,127.0,222.4,4.2,2180.0,248.3
2019-06-13T14:53:28,36.4,118.1,219.4,4.8,2190.0,249.3
2019-06-13T14:53:59,36.4,124.6,228.3,4.2,2200.0,248.3
2019-06-13T14:54:30,36.4,131.1,215.9,0.9,2210.0,245.4
2019-06-13T14:55:01,36.4,148.8,195.8,1.6,2220.0,247.3
2019-06-13T14:55:32,36.4,129.9,223.6,3.3,2230.0,247.3
2019-06-13T14:56:04,36.4,137.0,239.0,2.0,2230.0,247.3
2019-06-13T14:56:35,36.4,131.7,229.5,2.0,2240.0,246.4
2019-06-13T14:57:06,36.4,135.2,231.3,1.3,2250.0,245.4
2019-06-13T14:57:37,36.4,118.1,230.1,1.7,2250.0,245.4
2019-06-13T14:58:08,36.4,119.3,213.5,1.6,2260.0,246.4
2019-06-13T14:58:39,36.3,127.0,174.5,3.2,2260.0,248.3
2019-06-13T14:59:10,36.3,117.5,176.8,3.6,2270.0,248.3
2019-06-13T14:59:41,36.3,118.7,189.3,2.2,2280.0,246.4
2019-06-13T15:00:12,36.3,124.6,213.5,2.3,2290.0,247.3
2019-06-13T15:00:43,36.3,112.2,241.3,4.1,2300.0,248.3
2019-06-13T15:01:15,36.3,106.9,231.9,3.5,2310.0,248.3
2019-06-13T15:01:46,36.3,105.7,225.4,4.0,2320.0,248.3
2019-06-13T15:02:17,36.3,119.9,229.5,4.3,2330.0,247.3
2019-06-13T15:02:48,36.4,118.1,223.0,4.2,2340.0,248.3
2019-06-13T15:03:19,36.4,117.5,223.6,3.7,2360.0,248.3
2019-06-13T15:03:50,36.4,125.2,235.4,3.3,2370.0,247.3
2019-06-13T15:04:21,36.4,126.4,217.1,3.1,2380.0,248.3
2019-06-13T15:04:52,36.5,122.8,225.9,3.1,2390.0,248.3
2019-06-13T15:05:23,36.5,125.8,223.0,2.8,2400.0,248.3
2019-06-13T15:05:54,36.5,128.1,218.8,2.8,2410.0,247.3
2019-06-13T15:06:26,36.5,124.0,221.2,3.1,2430.0,248.3
2019-06-13T15:06:57,36.5,125.8,221.8,2.6,2440.0,248.3
2019-06-13T15:07:28,36.5,121.0,229.5,2.8,2450.0,247.3
2019-06-13T15:07:59,36.5,116.9,236.6,2.7,2460.0,247.3
2019-06-13T15:08:30,36.5,113.4,227.1,3.1,2470.0,247.3
2019-06-13T15:09:01,36.5,115.1,215.3,2.9,2480.0,248.3
2019-06-13T15:09:32,36.5,111.0,221.8,3.3,2490.0,248.3
2019-06-13T15:10:03,36.5,106.9,225.4,3.2,2500.0,248.3
2019-06-13T15:10:34,36.5,113.4,224.8,2.9,2510.0,248.3
2019-06-13T15:11:06,36.5,115.7,225.9,2.5,2520.0,250.2
2019-06-13T15:11:37,36.7,127.0,220.6,2.2,2530.0,248.3
2019-06-13T15:12:08,36.7,126.4,230.1,2.0,2540.0,249.3
2019-06-13T15:12:39,36.7,129.3,227.1,1.4,2550.0,247.3
2019-06-13T15:13:10,36.7,116.3,228.3,2.4,2560.0,248.3
2019-06-13T15:13:41,36.7,117.5,223.6,1.9,2570.0,247.3
2019-06-13T15:14:12,36.7,116.9,225.9,2.0,2580.0,249.3
2019-06-13T15:14:43,36.7,112.2,232.4,1.9,2590.0,247.3
2019-06-13T15:15:14,36.7,114.0,221.8,1.8,2600.0,247.3
2019-06-13T15:15:45,36.8,111.6,204.6,1.8,2600.0,248.3
2019-06-13T15:16:17,36.8,102.7,235.4,2.7,2610.0,248.3
2019-06-13T15:16:48,36.8,102.7,214.7,2.4,2620.0,248.3
2019-06-13T15:17:19,36.8,105.7,229.5,1.5,2630.0,246.4
2019-06-13T15:17:50,36.8,114.6,240.7,1.1,2640.0,245.4
2019-06-13T15:18:21,36.8,116.9,206.4,1.8,2640.0,246.4
2019-06-13T15:18:52,36.8,115.1,233.0,1.9,2650.0,247.3
2019-06-13T15:19:23,36.8,113.4,227.1,1.7,2660.0,247.3
2019-06-13T15:19:54,36.8,114.6,228.3,1.8,2670.0,247.3
2019-06-13T15:20:25,36.8,110.4,239.0,1.7,2680.0,247.3
2019-06-13T15:20:58,36.8,120.5,225.9,1.7,2690.0,248.3
2019-06-13T15:21:29,36.8,108.1,231.9,1.8,2700.0,248.3
2019-06-13T15:22:00,36.8,103.3,228.9,2.1,2710.0,248.3
2019-06-13T15:22:31,36.8,102.7,226.5,2.1,2720.0,248.3
2019-06-13T15:23:02,36.8,102.7,226.5,2.0,2730.0,248.3
2019-06-13T15:23:33,36.8,102.7,225.9,1.7,2730.0,247.3
2019-06-13T15:24:04,36.9,102.7,225.4,1.7,2740.0,247.3
2019-06-13T15:24:35,36.9,102.7,223.0,1.5,2750.0,246.4
2019-06-13T15:25:06,36.9,102.7,221.2,1.1,2750.0,246.4
2019-06-13T15:25:38,36.9,115.1,214.1,0.8,2760.0,246.4
2019-06-13T15:26:09,36.9,109.8,234.8,1.0,2760.0,246.4
2019-06-13T15:26:40,36.8,102.1,225.9,1.3,2770.0,246.4
2019-06-13T15:27:11,36.8,102.1,238.4,1.3,2770.0,247.3
2019-06-13T15:27:42,36.8,111.0,230.7,1.0,2780.0,245.4
2019-06-13T15:28:13,36.8,134.0,225.9,0.8,2780.0,246.4
2019-06-13T15:28:44,36.8,155.9,225.9,0.8,2780.0,245.4
2019-06-13T15:29:15,36.8,179.5,199.9,0.7,2790.0,245.4
2019-06-13T15:29:46,36.8,178.3,205.2,0.7,2790.0,246.4
2019-06-13T15:30:17,36.7,189.0,234.2,0.9,2790.0,245.4
2019-06-13T15:30:49,36.7,202.0,238.4,0.7,2800.0,245.4
2019-06-13T15:31:20,36.8,220.9,220.0,0.6,2800.0,243.5
2019-06-13T15:31:51,36.7,199.0,196.4,0.8,2810.0,244.4
2019-06-13T15:32:22,36.7,181.3,176.2,0.8,2810.0,246.4
2019-06-13T15:32:53,36.5,201.4,185.7,0.7,2810.0,244.4
2019-06-13T15:33:24,36.7,187.2,188.7,0.8,2820.0,244.4
2019-06-13T15:33:55,36.5,200.2,208.2,0.8,2820.0,245.4
2019-06-13T15:34:26,36.5,219.1,231.3,0.7,2820.0,245.4
2019-06-13T15:34:57,36.5,194.9,262.0,0.9,2830.0,246.4
2019-06-13T15:35:28,36.5,191.9,251.4,0.7,2830.0,245.4
2019-06-13T15:36:00,36.5,170.7,212.9,0.9,2840.0,246.4
2019-06-13T15:36:31,36.4,156.5,231.3,1.0,2840.0,247.3
2019-06-13T15:37:02,36.4,177.8,242.5,1.0,2850.0,246.4
2019-06-13T15:37:33,36.4,202.6,226.5,0.9,2860.0,246.4
2019-06-13T15:38:04,36.4,226.8,199.3,0.9,2860.0,247.3
2019-06-13T15:38:35,36.4,217.9,223.6,0.9,2870.0,247.3
2019-06-13T15:39:06,36.4,225.6,226.5,0.8,2880.0,246.4
2019-06-13T15:39:37,36.3,218.5,236.0,0.8,2880.0,247.3
2019-06-13T15:40:08,36.4,209.7,231.9,0.8,2890.0,245.4
2019-06-13T15:40:39,36.4,215.0,228.3,0.7,2890.0,246.4
2019-06-13T15:41:11,36.4,204.9,243.7,0.7,2890.0,244.4
2019-06-13T15:41:42,36.4,209.7,237.2,0.7,2900.0,246.4
2019-06-13T15:42:13,36.4,212.0,210.6,0.7,2900.0,245.4
2019-06-13T15:42:44,36.4,219.1,231.3,0.7,2910.0,246.4
2019-06-13T15:43:15,36.4,198.4,249.0,0.9,2910.0,246.4
2019-06-13T15:43:46,36.4,202.0,234.2,0.8,2920.0,245.4
2019-06-13T15:44:17,36.4,222.7,225.9,0.8,2920.0,245.4
2019-06-13T15:44:48,36.4,209.7,189.9,0.9,2930.0,246.4
2019-06-13T15:45:19,36.4,212.6,198.7,0.8,2930.0,244.4
2019-06-13T15:45:50,36.3,225.0,230.1,0.8,2940.0,244.4
2019-06-13T15:46:22,36.3,215.6,233.0,0.9,2950.0,246.4
2019-06-13T15:46:53,36.4,228.0,224.2,0.8,2960.0,245.4
2019-06-13T15:47:24,36.4,212.6,239.5,0.8,2960.0,245.4
2019-06-13T15:47:55,36.4,229.2,233.6,0.8,2970.0,245.4
2019-06-13T15:48:26,36.4,223.2,231.9,0.7,2980.0,243.5
2019-06-13T15:48:57,36.4,221.5,228.3,0.6,2980.0,247.3
2019-06-13T15:49:28,36.4,199.6,252.0,0.7,2990.0,246.4
2019-06-13T15:49:59,36.4,199.0,237.8,0.7,2990.0,244.4
2019-06-13T15:50:30,36.3,222.7,212.3,0.7,3000.0,246.4
2019-06-13T15:51:01,36.4,219.1,226.5,0.7,3000.0,246.4
2019-06-13T15:51:32,36.4,207.3,234.8,0.8,3010.0,245.4
2019-06-13T15:52:03,36.3,215.6,229.5,0.7,3020.0,247.3
2019-06-13T15:52:34,36.4,230.3,230.1,0.7,3030.0,246.4
2019-06-13T15:53:05,36.4,220.9,234.2,0.7,3030.0,247.3
2019-06-13T15:53:36,36.4,226.2,229.5,0.7,3040.0,246.4
2019-06-13T15:54:07,36.4,218.5,225.9,0.6,3050.0,245.4
2019-06-13T15:54:38,36.4,231.5,232.4,0.6,3060.0,247.3
2019-06-13T15:55:09,36.4,227.4,231.3,0.6,3060.0,246.4
2019-06-13T15:55:41,36.4,224.4,220.0,0.6,3070.0,245.4
2019-06-13T15:56:12,36.4,222.1,227.1,0.6,3070.0,245.4
2019-06-13T15:56:43,36.4,206.7,236.6,0.6,3080.0,244.4
2019-06-13T15:57:14,36.4,228.0,210.6,0.5,3080.0,246.4
2019-06-13T15:57:45,36.3,213.8,215.9,0.5,3090.0,245.4
2019-06-13T15:58:16,36.3,229.7,242.5,0.4,3090.0,245.4
2019-06-13T15:58:47,36.4,210.8,244.3,0.5,3100.0,245.4
2019-06-13T15:59:18,36.3,203.7,228.3,0.5,3110.0,245.4
2019-06-13T15:59:49,36.3,225.0,228.3,0.5,3110.0,244.4
2019-06-13T16:00:20,36.3,215.6,217.7,0.5,3120.0,246.4
2019-06-13T16:00:52,36.3,194.3,229.5,0.5,3120.0,246.4
2019-06-13T16:01:23,36.3,196.7,236.6,0.5,3130.0,246.4
2019-06-13T16:01:54,36.3,187.8,228.3,0.6,3140.0,246.4
2019-06-13T16:02:25,36.3,168.3,230.7,0.6,3140.0,246.4
2019-06-13T16:02:56,36.3,187.2,237.8,0.5,3150.0,244.4
2019-06-13T16:03:27,36.3,206.7,236.6,0.5,3150.0,244.4
2019-06-13T16:03:58,36.3,227.4,231.9,0.5,3160.0,246.4
2019-06-13T16:04:29,36.3,231.5,228.9,0.4,3160.0,245.4
2019-06-13T16:05:00,36.3,213.2,222.4,0.5,3170.0,245.4
2019-06-13T16:05:32,36.3,191.9,228.3,0.5,3180.0,247.3
2019-06-13T16:06:03,36.2,201.4,236.6,0.5,3180.0,246.4
2019-06-13T16:06:34,36.2,222.7,231.9,0.5,3190.0,246.4
2019-06-13T16:07:05,36.3,225.0,225.4,0.4,3190.0,246.4
2019-06-13T16:07:36,36.2,219.1,233.0,0.4,3200.0,247.3
2019-06-13T16:08:07,36.2,228.0,234.8,0.5,3200.0,245.4
2019-06-13T16:08:38,36.2,207.9,223.0,0.5,3210.0,246.4
2019-06-13T16:09:09,36.2,187.8,228.9,0.5,3210.0,246.4
2019-06-13T16:09:40,36.2,165.4,231.9,0.6,3220.0,246.4
2019-06-13T16:10:11,36.2,158.9,234.8,0.6,3220.0,245.4
2019-06-13T16:10:43,36.2,180.1,230.1,0.5,3230.0,246.4
2019-06-13T16:11:14,36.2,162.4,225.4,0.6,3230.0,247.3
2019-06-13T16:11:45,36.2,151.8,227.7,0.6,3240.0,246.4
2019-06-13T16:12:16,36.2,135.2,223.0,0.6,3240.0,245.4
2019-06-13T16:12:47,36.2,129.9,224.2,0.6,3250.0,245.4
2019-06-13T16:13:18,36.2,142.3,232.4,0.7,3250.0,246.4
2019-06-13T16:13:49,36.2,163.0,234.8,0.5,3260.0,246.4
2019-06-13T16:14:20,36.2,183.7,225.9,0.5,3260.0,245.4
2019-06-13T16:14:51,36.1,203.7,239.0,0.5,3270.0,245.4
2019-06-13T16:15:22,36.1,225.6,230.7,0.4,3270.0,245.4
2019-06-13T16:15:54,36.1,216.2,224.8,0.4,3280.0,246.4
2019-06-13T16:16:25,36.1,194.9,231.3,0.5,3280.0,244.4
2019-06-13T16:16:56,36.1,176.0,234.8,0.6,3280.0,245.4
2019-06-13T16:17:27,36.1,172.4,231.3,0.5,3290.0,245.4
2019-06-13T16:17:58,36.1,194.3,231.3,0.5,3290.0,244.4
2019-06-13T16:18:29,36.1,214.4,228.3,0.5,3300.0,245.4
2019-06-13T16:19:00,36.1,204.9,233.6,0.5,3300.0,245.4
2019-06-13T16:19:31,36.1,183.1,224.2,0.5,3310.0,245.4
2019-06-13T16:20:02,36.1,202.6,234.8,0.5,3310.0,245.4
2019-06-13T16:20:34,36.1,200.8,225.9,0.5,3310.0,244.4
2019-06-13T16:21:05,36.1,221.5,228.9,0.4,3320.0,245.4
2019-06-13T16:21:36,36.0,218.5,227.1,0.4,3320.0,244.4
2019-06-13T16:22:07,36.1,197.3,225.9,0.4,3330.0,244.4
2019-06-13T16:22:38,36.0,209.7,225.9,0.4,3330.0,244.4
2019-06-13T16:23:09,36.0,224.4,226.5,0.4,3330.0,245.4
2019-06-13T16:23:40,36.0,203.7,230.7,0.4,3340.0,244.4
2019-06-13T16:24:11,36.0,183.1,233.6,0.4,3340.0,245.4
2019-06-13T16:24:42,36.0,173.0,233.0,0.4,3350.0,244.4
2019-06-13T16:25:13,36.0,194.9,236.0,0.4,3350.0,245.4
2019-06-13T16:25:45,36.0,177.8,239.0,0.4,3350.0,245.4
2019-06-13T16:26:16,36.0,201.4,241.9,0.4,3350.0,245.4
2019-06-13T16:26:47,36.0,222.7,240.1,0.4,3360.0,245.4
2019-06-13T16:27:18,35.9,218.5,237.8,0.4,3360.0,244.4
2019-06-13T16:27:49,35.9,199.0,236.6,0.4,3360.0,245.4
2019-06-13T16:28:20,35.9,177.2,234.8,0.4,3360.0,245.4
2019-06-13T16:28:51,35.9,181.3,255.5,0.4,3360.0,244.4
2019-06-13T16:29:22,35.9,202.6,236.6,0.3,3360.0,244.4
2019-06-13T16:29:53,35.9,223.2,252.6,0.3,3360.0,244.4
2019-06-13T16:30:24,35.9,203.2,240.7,0.4,3360.0,243.5
2019-06-13T16:30:56,35.7,200.8,231.9,0.3,3360.0,244.4
2019-06-13T16:31:27,35.9,221.5,252.0,0.3,3360.0,243.5
2019-06-13T16:31:58,35.9,199.6,231.9,0.4,3370.0,244.4
2019-06-13T16:32:29,35.9,194.9,211.7,0.3,3370.0,242.5
2019-06-13T16:33:00,35.9,215.0,234.8,0.3,3370.0,242.5
2019-06-13T16:33:31,35.9,207.9,235.4,0.3,3370.0,242.5
2019-06-13T16:34:02,35.9,196.7,214.7,0.3,3370.0,243.5
2019-06-13T16:34:33,35.9,216.7,197.5,0.3,3370.0,244.4
2019-06-13T16:35:04,35.7,204.9,218.3,0.3,3370.0,243.5
2019-06-13T16:35:36,35.7,184.3,239.5,0.3,3370.0,243.5
2019-06-13T16:36:07,35.7,182.5,225.9,0.3,3370.0,243.5
2019-06-13T16:36:38,35.7,204.9,205.8,0.3,3370.0,242.5
2019-06-13T16:37:09,35.7,219.1,225.4,0.2,3370.0,242.5
2019-06-13T16:37:40,35.7,196.7,235.4,0.3,3370.0,243.5
2019-06-13T16:38:11,35.6,176.0,213.5,0.3,3370.0,242.5
2019-06-13T16:38:42,35.6,189.6,220.0,0.3,3370.0,242.5
2019-06-13T16:39:13,35.6,211.4,241.3,0.3,3380.0,242.5
2019-06-13T16:39:44,35.6,207.3,218.3,0.3,3380.0,242.5
2019-06-13T16:40:15,35.6,187.8,223.6,0.3,3380.0,242.5
2019-06-13T16:40:47,35.5,189.6,237.2,0.3,3380.0,241.5
2019-06-13T16:41:18,35.4,212.0,215.3,0.3,3380.0,242.5
2019-06-13T16:41:49,35.4,199.6,200.5,0.2,3380.0,242.5
2019-06-13T16:42:20,35.4,178.9,222.4,0.3,3380.0,241.5
2019-06-13T16:42:51,35.4,192.5,232.4,0.2,3380.0,242.5
2019-06-13T16:43:22,35.3,213.8,210.6,0.2,3380.0,241.5
2019-06-13T16:43:53,35.3,201.4,194.6,0.3,3380.0,242.5
2019-06-13T16:44:24,35.2,208.5,215.3,0.2,3380.0,240.6
2019-06-13T16:44:55,35.2,212.6,236.6,0.2,3380.0,241.5
2019-06-13T16:45:26,35.2,192.5,212.3,0.2,3380.0,243.5
2019-06-13T16:45:58,35.0,183.1,192.8,0.2,3380.0,242.5
2019-06-13T16:46:29,35.0,204.3,201.7,0.2,3380.0,242.5
2019-06-13T16:47:00,34.9,188.4,218.3,0.1,3380.0,241.5
2019-06-13T16:47:31,34.9,184.3,197.5,0.1,3380.0,242.5
2019-06-13T16:48:02,34.9,162.4,178.0,0.1,3380.0,242.5
2019-06-13T16:48:33,34.8,177.8,174.5,0.1,3380.0,243.5
2019-06-13T16:49:04,34.8,192.5,195.8,0.1,3380.0,242.5
2019-06-13T16:49:35,34.8,199.0,217.7,0.0,3380.0,241.5
2019-06-13T16:50:06,34.7,176.0,234.2,0.1,3380.0,242.5
2019-06-13T16:50:38,34.7,155.3,211.7,0.1,3380.0,242.5
2019-06-13T16:51:09,34.6,157.1,189.9,0.1,3380.0,241.5
2019-06-13T16:51:40,34.6,178.9,168.6,0.1,3380.0,240.6
2019-06-13T16:52:11,34.6,199.6,149.6,0.0,3380.0,240.6
2019-06-13T16:52:42,34.5,181.9,158.5,0.1,3380.0,240.6
2019-06-13T16:53:13,34.5,158.3,179.2,0.1,3380.0,239.6
2019-06-13T16:53:44,34.5,159.4,198.7,0.1,3380.0,241.5
2019-06-13T16:54:15,34.4,180.7,220.0,0.0,3380.0,242.5
2019-06-13T16:54:46,34.4,201.4,206.4,0.0,3380.0,241.5
2019-06-13T16:55:17,34.2,201.4,191.6,0.0,3380.0,240.6
2019-06-13T16:55:49,34.2,186.6,166.2,0.1,3380.0,241.5
2019-06-13T16:56:20,34.2,161.2,147.9,0.1,3380.0,241.5
2019-06-13T16:56:51,34.1,141.7,144.9,0.1,3380.0,242.5
2019-06-13T16:57:22,34.1,122.8,161.5,0.1,3380.0,241.5
2019-06-13T16:57:53,34.0,136.4,184.5,0.1,3380.0,241.5
2019-06-13T16:58:24,34.0,154.1,205.2,0.1,3380.0,242.5
2019-06-13T16:58:55,33.9,174.8,227.7,0.0,3380.0,241.5
2019-06-13T16:59:26,33.8,194.9,229.5,0.0,3380.0,241.5
2019-06-13T16:59:57,33.8,194.3,218.3,0.0,3380.0,240.6
2019-06-13T17:00:28,33.7,192.5,214.7,0.0,3380.0,241.5
2019-06-13T17:01:00,33.7,191.9,211.7,0.0,3380.0,239.6
2019-06-13T17:01:31,33.5,190.2,208.2,0.0,3380.0,241.5
2019-06-13T17:02:02,33.5,189.0,204.1,0.0,3380.0,240.6
2019-06-13T17:02:33,33.5,187.2,199.3,0.0,3380.0,240.6
2019-06-13T17:03:04,33.4,185.4,195.2,0.0,3380.0,239.6
2019-06-13T17:03:35,33.4,132.3,192.2,0.0,3380.0,240.6
2019-06-13T17:04:06,33.3,178.9,179.2,0.0,3380.0,242.5
2019-06-13T17:04:37,33.3,174.8,175.1,0.0,3380.0,244.4
2019-06-13T17:05:08,33.2,169.5,169.7,0.0,3380.0,241.5
2019-06-13T17:05:39,33.2,142.9,162.6,0.0,3380.0,242.5
2019-06-13T17:06:11,33.2,148.2,148.4,0.0,3380.0,243.5
2019-06-13T17:06:42,33.1,128.1,128.3,0.0,3380.0,243.5
2019-06-13T17:07:13,33.0,61.4,61.5,0.0,3380.0,241.5
