2019-06-15T06:35:31,12.9,63.2,63.3,0.0,0.0,238.6
2019-06-15T12:18:12,39.9,196.7,218.8,5.8,6310.0,246.4
2019-06-15T12:18:43,39.9,199.0,218.8,5.7,6330.0,248.3
2019-06-15T12:19:14,40.0,199.0,218.3,5.6,6350.0,248.3
2019-06-15T12:19:45,40.0,190.8,218.8,5.8,6360.0,247.3
2019-06-15T12:20:16,40.0,196.1,214.1,5.8,6380.0,247.3
2019-06-15T12:20:48,40.0,194.9,217.1,5.8,6400.0,249.3
2019-06-15T12:21:19,40.0,194.3,214.1,5.8,6420.0,246.4
2019-06-15T12:21:50,40.1,199.0,211.2,5.6,6440.0,247.3
2019-06-15T12:22:21,40.1,199.0,215.3,5.6,6460.0,247.3
2019-06-15T12:22:52,40.1,195.5,220.6,5.8,6480.0,248.3
2019-06-15T12:23:23,40.1,196.7,221.8,5.7,6500.0,249.3
2019-06-15T12:23:54,40.1,194.9,215.3,5.8,6520.0,248.3
2019-06-15T12:24:25,40.1,195.5,215.9,5.8,6540.0,248.3
2019-06-15T12:24:56,40.1,193.1,226.5,5.7,6560.0,247.3
2019-06-15T12:25:27,40.1,198.4,220.0,5.7,6580.0,247.3
2019-06-15T12:25:59,40.1,186.0,225.4,5.9,6600.0,248.3
2019-06-15T12:26:30,40.1,196.1,211.2,5.8,6620.0,248.3
2019-06-15T12:27:01,40.1,192.5,210.0,6.1,6630.0,244.4
2019-06-15T12:27:32,40.1,195.5,217.1,5.8,6650.0,247.3
2019-06-15T12:28:03,40.1,193.7,207.0,5.7,6670.0,247.3
2019-06-15T12:28:34,40.1,192.5,218.3,5.9,6690.0,246.4
2019-06-15T12:29:05,40.1,193.1,212.3,5.9,6710.0,250.2
2019-06-15T12:29:36,40.1,191.9,209.4,5.9,6730.0,248.3
2019-06-15T12:30:07,40.1,196.1,221.2,5.9,6750.0,248.3
2019-06-15T12:30:39,40.1,196.1,212.3,6.0,6770.0,247.3
2019-06-15T12:31:10,40.1,199.0,214.7,5.8,6790.0,248.3
2019-06-15T12:31:41,40.0,197.3,211.7,6.1,6810.0,247.3
2019-06-15T12:32:12,40.0,197.3,215.3,6.1,6830.0,246.4
2019-06-15T12:32:43,40.1,197.8,212.9,6.0,6850.0,246.4
2019-06-15T12:33:14,40.1,196.7,213.5,6.0,6870.0,244.4
2019-06-15T12:33:45,40.2,190.2,212.3,6.1,6890.0,245.4
2019-06-15T12:34:16,40.2,192.5,213.5,6.1,6910.0,246.4
2019-06-15T12:34:47,40.2,191.3,210.0,6.1,6930.0,244.4
2019-06-15T12:35:18,40.4,195.5,212.9,6.0,6950.0,246.4
2019-06-15T12:35:50,40.4,189.6,214.7,6.2,6970.0,245.4
2019-06-15T12:36:21,40.2,196.1,218.8,5.8,6990.0,244.4
2019-06-15T12:36:52,40.2,190.2,218.3,6.1,7010.0,246.4
2019-06-15T12:37:23,40.2,194.9,211.7,5.9,7030.0,245.4
2019-06-15T12:37:54,40.2,194.3,211.7,5.9,7050.0,245.4
2019-06-15T12:38:25,40.4,190.8,210.0,5.9,7070.0,247.3
2019-06-15T12:38:56,40.4,194.3,211.7,5.8,7090.0,247.3
2019-06-15T12:39:27,40.4,194.9,208.2,5.8,7110.0,247.3
2019-06-15T12:39:58,40.5,190.8,211.2,5.6,7130.0,247.3
2019-06-15T12:40:29,40.4,194.3,216.5,5.8,7150.0,248.3
2019-06-15T12:41:01,40.5,191.3,212.3,5.9,7170.0,244.4
2019-06-15T12:41:32,40.5,190.8,210.0,5.9,7190.0,247.3
2019-06-15T12:42:03,40.6,191.9,208.2,5.8,7210.0,248.3
2019-06-15T12:42:34,40.5,196.7,212.3,5.8,7220.0,246.4
2019-06-15T12:43:05,40.6,194.9,220.0,5.9,7240.0,249.3
2019-06-15T12:43:36,40.6,195.5,214.7,5.8,7260.0,248.3
2019-06-15T12:44:07,40.6,190.8,211.2,5.9,7280.0,246.4
2019-06-15T12:44:38,40.6,196.7,217.1,5.7,7300.0,247.3
2019-06-15T12:45:09,40.7,196.1,211.7,5.7,7320.0,249.3
2019-06-15T12:45:40,40.7,194.9,212.9,5.9,7340.0,247.3
2019-06-15T12:46:12,40.7,197.8,209.4,5.7,7360.0,246.4
2019-06-15T12:46:43,40.6,194.9,208.2,5.9,7380.0,249.3
2019-06-15T12:47:14,40.6,191.9,210.6,5.9,7400.0,248.3
2019-06-15T12:47:45,40.6,191.9,215.9,6.0,7420.0,249.3
2019-06-15T12:48:16,40.6,194.9,212.3,5.8,7440.0,248.3
2019-06-15T12:48:47,40.7,190.8,210.0,6.0,7460.0,246.4
2019-06-15T12:49:18,40.7,189.6,211.2,5.9,7480.0,245.4
2019-06-15T12:49:49,40.7,190.8,218.8,5.9,7500.0,247.3
2019-06-15T12:50:20,40.8,190.8,215.9,5.9,7520.0,247.3
2019-06-15T12:50:51,40.8,194.9,211.7,5.8,7540.0,248.3
2019-06-15T12:51:23,40.8,194.3,211.7,5.8,7560.0,245.4
2019-06-15T12:51:54,40.9,193.1,210.6,5.9,7570.0,245.4
2019-06-15T12:52:25,40.9,194.9,214.1,5.8,7590.0,246.4
2019-06-15T12:52:56,41.0,190.8,207.0,5.8,7610.0,247.3
2019-06-15T12:53:27,41.0,189.0,207.0,5.9,7630.0,248.3
2019-06-15T12:53:58,41.0,190.8,208.2,5.8,7650.0,246.4
2019-06-15T12:54:29,41.0,196.7,208.8,5.5,7670.0,249.3
2019-06-15T12:55:00,41.0,196.1,211.2,5.5,7690.0,248.3
2019-06-15T12:55:31,41.2,192.5,216.5,5.6,7710.0,248.3
2019-06-15T12:56:03,41.2,194.9,208.8,5.6,7720.0,250.2
2019-06-15T12:56:34,41.2,191.9,208.2,5.9,7740.0,249.3
2019-06-15T12:57:05,41.2,197.8,212.3,5.7,7760.0,247.3
2019-06-15T12:57:36,41.2,194.9,218.3,5.3,7780.0,247.3
2019-06-15T12:58:07,41.2,181.3,215.3,5.8,7800.0,248.3
2019-06-15T12:58:38,41.3,190.2,210.0,5.8,7820.0,247.3
2019-06-15T12:59:09,41.3,196.1,207.0,5.7,7840.0,250.2
2019-06-15T12:59:40,41.3,199.0,209.4,5.4,7860.0,249.3
2019-06-15T13:00:11,41.3,196.1,215.9,5.5,7880.0,248.3
2019-06-15T13:00:42,41.3,190.2,207.6,5.9,7900.0,248.3
2019-06-15T13:01:14,41.4,198.4,212.3,5.6,7920.0,248.3
2019-06-15T13:01:45,41.4,197.8,215.3,5.5,7930.0,247.3
2019-06-15T13:02:16,41.4,194.9,215.9,5.7,7950.0,248.3
2019-06-15T13:02:47,41.4,187.8,212.3,5.8,7970.0,250.2
2019-06-15T13:03:18,41.4,186.0,209.4,5.7,7990.0,246.4
2019-06-15T13:03:49,41.4,193.7,211.7,5.4,8010.0,249.3
2019-06-15T13:04:20,41.4,196.1,210.6,5.1,8030.0,249.3
2019-06-15T13:04:51,41.5,203.7,215.3,4.9,8050.0,246.4
2019-06-15T13:05:22,41.5,190.8,217.7,5.5,8060.0,246.4
2019-06-15T13:05:54,41.5,187.2,211.2,5.6,8080.0,247.3
2019-06-15T13:06:25,41.5,186.6,211.7,5.6,8100.0,245.4
2019-06-15T13:06:56,41.5,182.5,213.5,5.7,8120.0,246.4
2019-06-15T13:07:27,41.5,188.4,212.9,5.4,8140.0,247.3
2019-06-15T13:07:58,41.5,186.0,212.9,5.6,8160.0,247.3
2019-06-15T13:08:29,41.5,185.4,218.8,5.6,8180.0,247.3
2019-06-15T13:09:00,41.4,189.0,203.5,5.4,8200.0,250.2
2019-06-15T13:09:31,41.3,190.8,211.2,5.3,8210.0,248.3
2019-06-15T13:10:02,40.9,189.0,208.2,5.5,8230.0,248.3
2019-06-15T13:10:34,40.6,191.9,213.5,5.3,8250.0,248.3
2019-06-15T13:11:05,40.5,190.8,212.9,5.4,8270.0,247.3
2019-06-15T13:11:36,40.6,189.0,217.1,5.4,8290.0,247.3
2019-06-15T13:12:07,40.6,189.6,215.3,5.5,8310.0,247.3
2019-06-15T13:12:38,40.7,190.8,212.9,5.2,8330.0,249.3
2019-06-15T13:13:09,40.6,196.7,212.9,5.2,8340.0,248.3
2019-06-15T13:13:40,40.6,202.0,210.6,4.9,8360.0,249.3
2019-06-15T13:14:11,40.7,200.2,208.8,4.7,8380.0,249.3
2019-06-15T13:14:42,40.6,210.2,217.7,4.7,8400.0,249.3
2019-06-15T13:15:13,40.6,213.8,211.7,3.9,8420.0,249.3
2019-06-15T13:15:45,40.5,204.3,213.5,3.7,8430.0,249.3
2019-06-15T13:16:16,40.1,187.8,210.6,4.8,8450.0,249.3
2019-06-15T13:16:47,40.2,180.1,213.5,5.5,8470.0,248.3
2019-06-15T13:17:18,40.4,175.4,215.9,5.6,8490.0,251.2
2019-06-15T13:17:49,40.5,180.7,216.5,5.5,8510.0,248.3
2019-06-15T13:18:20,40.5,176.0,212.9,5.7,8520.0,249.3
2019-06-15T13:18:51,40.5,177.2,202.9,5.8,8540.0,249.3
2019-06-15T13:19:22,40.4,179.5,211.7,5.7,8560.0,250.2
2019-06-15T13:19:53,40.4,179.5,207.6,5.6,8580.0,248.3
2019-06-15T13:20:24,40.5,176.0,208.2,5.7,8600.0,248.3
2019-06-15T13:20:56,40.6,175.4,207.6,5.7,8620.0,248.3
2019-06-15T13:21:27,40.7,180.1,219.4,5.1,8630.0,249.3
2019-06-15T13:21:58,40.7,180.1,211.7,5.2,8650.0,249.3
2019-06-15T13:22:29,40.7,183.7,211.7,5.3,8670.0,250.2
2019-06-15T13:23:00,40.7,171.9,210.0,5.7,8690.0,249.3
2019-06-15T13:23:31,40.7,171.9,202.9,5.5,8710.0,251.2
2019-06-15T13:24:02,40.8,164.2,205.2,5.8,8730.0,249.3
2019-06-15T13:24:33,40.9,163.0,212.3,6.0,8740.0,249.3
2019-06-15T13:25:04,40.9,167.1,207.0,5.2,8760.0,248.3
2019-06-15T13:25:36,41.0,161.2,216.5,6.1,8780.0,248.3
2019-06-15T13:26:07,41.0,170.7,204.1,5.7,8800.0,248.3
2019-06-15T13:26:38,41.0,180.7,209.4,4.6,8810.0,247.3
2019-06-15T13:27:09,41.2,177.2,210.0,5.7,8830.0,249.3
2019-06-15T13:27:40,41.2,161.2,212.9,6.1,8850.0,251.2
2019-06-15T13:28:11,41.2,144.1,223.6,6.2,8870.0,249.3
2019-06-15T13:28:42,41.2,155.9,207.6,5.9,8890.0,249.3
2019-06-15T13:29:13,41.2,150.0,211.7,6.3,8900.0,249.3
2019-06-15T13:29:44,41.3,154.1,220.0,6.1,8920.0,250.2
2019-06-15T13:30:15,41.3,154.7,211.7,6.2,8940.0,249.3
2019-06-15T13:30:47,41.3,149.4,208.8,6.5,8960.0,248.3
2019-06-15T13:31:18,41.4,153.5,212.9,6.3,8980.0,250.2
2019-06-15T13:31:49,41.4,150.0,212.9,6.4,9000.0,250.2
2019-06-15T13:32:20,41.4,151.8,212.9,6.3,9010.0,247.3
2019-06-15T13:32:51,41.4,150.6,210.6,6.0,9030.0,248.3
2019-06-15T13:33:22,41.5,151.8,210.0,6.1,9050.0,248.3
2019-06-15T13:33:53,41.5,152.4,211.2,6.0,9070.0,246.4
2019-06-15T13:34:24,41.5,154.1,204.6,5.9,9090.0,249.3
2019-06-15T13:34:55,41.5,154.7,210.6,5.9,9100.0,247.3
2019-06-15T13:35:26,41.4,151.8,215.3,6.1,9120.0,249.3
2019-06-15T13:35:58,41.4,153.5,212.9,6.0,9140.0,247.3
2019-06-15T13:36:29,41.3,154.1,214.1,6.0,9160.0,250.2
2019-06-15T13:37:00,41.3,150.0,205.2,6.0,9180.0,248.3
2019-06-15T13:37:31,41.3,154.7,210.0,5.8,9190.0,248.3
2019-06-15T13:38:02,41.3,150.0,207.6,5.9,9210.0,249.3
2019-06-15T13:38:33,41.4,152.9,211.2,5.8,9230.0,247.3
2019-06-15T13:39:04,41.4,154.1,208.8,5.8,9250.0,247.3
2019-06-15T13:39:35,41.5,147.6,202.3,4.3,9260.0,246.4
2019-06-15T13:40:06,41.5,158.3,215.3,2.9,9270.0,246.4
2019-06-15T13:40:38,41.5,142.9,216.5,3.0,9280.0,243.5
2019-06-15T13:41:09,41.5,142.9,218.8,2.5,9290.0,243.5
2019-06-15T13:41:40,41.5,112.8,213.5,3.9,9300.0,245.4
2019-06-15T13:42:11,41.4,126.4,199.9,2.2,9310.0,245.4
2019-06-15T13:42:42,41.4,161.8,234.2,4.0,9310.0,246.4
2019-06-15T13:43:13,41.4,142.9,202.3,5.9,9330.0,246.4
2019-06-15T13:43:44,41.4,152.9,218.3,5.8,9350.0,247.3
2019-06-15T13:44:15,41.4,154.7,213.5,5.8,9360.0,247.3
2019-06-15T13:44:46,41.4,151.8,213.5,5.8,9380.0,246.4
2019-06-15T13:45:17,41.4,151.8,215.3,5.8,9400.0,245.4
2019-06-15T13:45:49,41.4,154.1,208.8,5.4,9410.0,245.4
2019-06-15T13:46:20,41.4,163.0,207.6,5.0,9430.0,244.4
2019-06-15T13:46:51,41.4,150.0,224.2,5.2,9440.0,245.4
2019-06-15T13:47:22,41.5,168.9,231.9,4.4,9460.0,246.4
2019-06-15T13:47:53,41.5,152.9,241.3,4.0,9470.0,243.5
2019-06-15T13:48:24,41.4,141.7,235.4,2.2,9480.0,244.4
2019-06-15T13:48:55,41.5,138.2,234.2,2.7,9490.0,244.4
2019-06-15T13:49:26,41.4,141.7,228.9,2.2,9490.0,244.4
2019-06-15T13:49:57,41.4,165.9,199.9,2.5,9500.0,244.4
2019-06-15T13:50:28,41.3,182.5,186.3,1.5,9510.0,244.4
2019-06-15T13:51:00,41.3,178.3,194.0,1.2,9510.0,243.5
2019-06-15T13:51:31,41.3,180.1,208.2,1.1,9520.0,243.5
2019-06-15T13:52:02,41.2,179.5,225.4,1.1,9520.0,244.4
2019-06-15T13:52:33,41.2,180.7,218.8,1.2,9530.0,243.5
2019-06-15T13:53:04,41.0,181.9,215.9,1.1,9530.0,243.5
2019-06-15T13:53:35,40.9,181.9,208.8,1.1,9530.0,243.5
2019-06-15T13:54:06,40.9,185.4,219.4,1.1,9540.0,245.4
2019-06-15T13:54:37,40.9,191.3,212.9,1.2,9540.0,243.5
2019-06-15T13:55:08,40.8,183.1,217.7,1.1,9550.0,243.5
2019-06-15T13:55:39,40.8,185.4,225.4,1.2,9550.0,245.4
2019-06-15T13:56:11,40.7,206.1,224.8,1.1,9560.0,244.4
2019-06-15T13:56:42,40.7,201.4,220.0,1.1,9560.0,243.5
2019-06-15T13:57:13,40.6,210.8,227.7,1.2,9570.0,244.4
2019-06-15T13:57:44,40.6,189.6,246.1,1.4,9570.0,246.4
2019-06-15T13:58:15,40.5,174.2,221.8,1.5,9580.0,245.4
2019-06-15T13:58:46,40.5,175.4,223.0,1.1,9580.0,244.4
2019-06-15T13:59:17,40.4,183.7,216.5,1.0,9590.0,242.5
2019-06-15T13:59:48,40.4,174.8,215.3,1.0,9590.0,242.5
2019-06-15T14:00:19,40.2,183.1,223.6,1.0,9590.0,243.5
2019-06-15T14:00:50,40.2,193.1,217.1,0.9,9600.0,242.5
2019-06-15T14:01:22,40.1,213.2,221.2,0.8,9600.0,243.5
2019-06-15T14:01:53,40.2,204.3,212.3,0.9,9610.0,242.5
2019-06-15T14:02:24,40.1,184.8,224.8,0.9,9610.0,242.5
2019-06-15T14:02:55,40.0,165.4,223.0,1.0,9610.0,241.5
2019-06-15T14:03:26,40.0,148.2,207.6,1.1,9620.0,242.5
2019-06-15T14:03:57,40.0,171.9,226.5,1.1,9620.0,243.5
2019-06-15T14:04:28,39.9,162.4,234.2,1.4,9630.0,244.4
2019-06-15T14:04:59,39.9,167.1,224.2,1.1,9630.0,244.4
2019-06-15T14:05:30,39.9,166.5,236.0,1.2,9630.0,243.5
2019-06-15T14:06:01,39.8,189.6,213.5,1.2,9640.0,244.4
2019-06-15T14:06:32,39.8,203.7,237.8,1.8,9650.0,245.4
2019-06-15T14:07:03,39.8,196.7,226.5,2.2,9660.0,247.3
2019-06-15T14:07:34,39.7,187.8,225.4,2.4,9670.0,247.3
2019-06-15T14:08:05,39.7,175.4,218.8,2.9,9680.0,247.3
2019-06-15T14:08:36,39.8,154.7,227.7,4.4,9700.0,246.4
2019-06-15T14:09:07,39.7,153.5,224.2,5.0,9710.0,247.3
2019-06-15T14:09:38,39.7,159.4,218.8,0.7,9720.0,240.6
2019-06-15T14:10:09,39.7,158.3,212.3,0.6,9720.0,239.6
2019-06-15T14:10:41,39.5,182.5,223.0,0.6,9730.0,240.6
2019-06-15T14:11:12,39.4,197.3,237.2,1.7,9730.0,246.4
2019-06-15T14:11:43,39.4,199.6,228.3,1.8,9750.0,245.4
2019-06-15T14:12:14,39.4,202.6,221.2,1.6,9760.0,244.4
2019-06-15T14:12:45,39.4,212.6,211.2,1.0,9770.0,241.5
2019-06-15T14:13:16,39.4,194.3,225.4,1.1,9770.0,243.5
2019-06-15T14:13:47,39.4,217.9,203.5,1.4,9780.0,245.4
2019-06-15T14:14:18,39.4,209.7,231.9,1.5,9790.0,246.4
2019-06-15T14:14:49,39.4,209.7,227.7,1.4,9800.0,245.4
2019-06-15T14:15:20,39.4,205.5,224.2,1.4,9810.0,246.4
2019-06-15T14:15:52,39.4,220.3,220.6,1.2,9830.0,246.4
2019-06-15T14:16:23,39.4,215.0,217.7,1.2,9840.0,248.3
2019-06-15T14:16:54,39.4,217.9,220.0,1.0,9850.0,247.3
2019-06-15T14:17:25,39.4,201.4,227.7,1.2,9860.0,249.3
2019-06-15T14:17:56,39.4,210.8,218.8,1.1,9870.0,247.3
2019-06-15T14:18:27,39.4,215.6,220.6,1.0,9880.0,248.3
2019-06-15T14:18:58,39.4,209.1,215.9,1.0,9890.0,247.3
2019-06-15T14:19:29,39.5,212.0,215.9,1.0,9900.0,247.3
2019-06-15T14:20:00,39.5,232.1,215.9,0.9,9910.0,247.3
2019-06-15T14:20:32,39.5,215.0,218.8,1.0,9920.0,247.3
2019-06-15T14:21:04,39.4,201.4,218.3,1.3,9930.0,247.3
2019-06-15T14:21:35,39.5,199.0,214.1,1.3,9940.0,248.3
2019-06-15T14:22:06,39.5,194.3,224.2,1.5,9960.0,248.3
2019-06-15T14:22:37,39.5,194.9,223.0,1.3,9970.0,248.3
2019-06-15T14:23:08,39.5,187.8,221.8,1.3,9980.0,247.3
2019-06-15T14:23:39,39.5,163.6,220.0,3.5,9990.0,249.3
2019-06-15T14:24:10,39.5,158.9,219.4,3.5,10000.0,248.3
2019-06-15T14:24:41,39.5,163.0,223.0,3.1,10020.0,249.3
2019-06-15T14:25:12,39.5,165.9,221.2,3.3,10030.0,249.3
2019-06-15T14:25:43,39.5,155.3,219.4,3.4,10040.0,249.3
2019-06-15T14:26:15,39.5,134.6,221.2,5.1,10060.0,250.2
2019-06-15T14:26:46,39.5,133.5,218.8,5.2,10070.0,249.3
2019-06-15T14:27:17,39.7,132.9,216.5,5.1,10090.0,248.3
2019-06-15T14:27:48,39.7,132.3,212.3,4.9,10100.0,250.2
2019-06-15T14:28:19,39.7,133.5,211.7,5.1,10110.0,248.3
2019-06-15T14:28:50,39.7,137.0,211.7,4.9,10130.0,249.3
2019-06-15T14:29:21,39.7,140.0,215.3,4.8,10140.0,249.3
2019-06-15T14:29:52,39.7,141.7,221.2,4.6,10160.0,248.3
2019-06-15T14:30:23,39.8,139.4,223.0,4.7,10170.0,249.3
2019-06-15T14:30:54,39.8,129.9,223.6,5.0,10180.0,250.2
2019-06-15T14:31:26,39.8,142.3,221.8,4.6,10200.0,249.3
2019-06-15T14:31:57,39.8,134.6,220.6,4.9,10210.0,250.2
2019-06-15T14:32:28,39.8,128.1,221.2,4.8,10220.0,249.3
2019-06-15T14:32:59,39.9,135.8,225.4,4.8,10240.0,248.3
2019-06-15T14:33:30,39.9,133.5,223.0,4.9,10250.0,249.3
2019-06-15T14:34:01,39.9,132.9,220.0,5.0,10270.0,248.3
2019-06-15T14:34:32,39.9,135.2,220.6,4.9,10280.0,249.3
2019-06-15T14:35:03,39.9,134.6,221.2,4.8,10290.0,249.3
2019-06-15T14:35:34,39.9,132.3,212.3,4.9,10310.0,248.3
2019-06-15T14:36:06,39.9,134.0,217.7,4.9,10320.0,248.3
2019-06-15T14:36:37,39.9,139.4,214.1,4.7,10330.0,249.3
2019-06-15T14:37:08,39.9,141.1,218.8,4.4,10350.0,249.3
2019-06-15T14:37:39,39.9,148.2,220.0,4.0,10360.0,247.3
2019-06-15T14:38:10,39.9,141.7,218.3,4.4,10380.0,248.3
2019-06-15T14:38:41,40.0,140.0,225.9,4.7,10390.0,247.3
2019-06-15T14:39:12,40.0,138.2,218.3,4.7,10400.0,248.3
2019-06-15T14:39:43,40.0,140.5,215.3,4.7,10420.0,247.3
2019-06-15T14:40:14,40.0,137.6,220.0,4.7,10430.0,248.3
2019-06-15T14:40:45,40.0,134.6,221.2,4.8,10440.0,248.3
2019-06-15T14:41:17,40.0,128.1,217.7,4.9,10460.0,248.3
2019-06-15T14:41:48,40.0,128.7,219.4,4.7,10470.0,247.3
2019-06-15T14:42:19,40.0,130.5,221.8,4.4,10480.0,246.4
2019-06-15T14:42:50,40.0,132.3,220.0,4.4,10490.0,246.4
2019-06-15T14:43:21,40.0,129.9,212.9,4.4,10510.0,248.3
2019-06-15T14:43:52,40.0,136.4,218.8,4.0,10520.0,248.3
2019-06-15T14:44:23,40.0,127.5,218.3,4.3,10530.0,247.3
2019-06-15T14:44:54,40.0,140.0,223.0,4.1,10550.0,248.3
2019-06-15T14:45:25,40.0,149.4,223.6,3.7,10560.0,249.3
2019-06-15T14:45:56,40.0,144.7,224.8,3.5,10570.0,247.3
2019-06-15T14:46:28,40.0,144.7,220.6,3.5,10580.0,248.3
2019-06-15T14:46:59,40.0,142.3,218.8,3.3,10590.0,249.3
2019-06-15T14:47:30,40.0,140.0,223.0,3.8,10600.0,247.3
2019-06-15T14:48:01,40.0,144.1,220.0,3.2,10620.0,247.3
2019-06-15T14:48:32,40.0,142.3,219.4,3.4,10630.0,247.3
2019-06-15T14:49:03,40.0,142.9,217.7,2.1,10640.0,246.4
2019-06-15T14:49:34,40.0,158.9,220.6,2.0,10650.0,246.4
2019-06-15T14:50:05,39.9,157.7,217.7,2.2,10660.0,247.3
2019-06-15T14:50:36,39.9,154.1,218.3,1.8,10670.0,247.3
2019-06-15T14:51:08,39.9,144.1,218.8,2.8,10680.0,246.4
2019-06-15T14:51:39,39.9,118.7,223.6,4.3,10690.0,247.3
2019-06-15T14:52:10,39.9,115.1,223.0,4.4,10700.0,246.4
2019-06-15T14:52:41,39.9,116.3,223.0,2.9,10710.0,250.2
2019-06-15T14:53:12,39.9,119.9,218.3,4.4,10730.0,248.3
2019-06-15T14:53:43,39.9,114.6,215.9,4.0,10740.0,248.3
2019-06-15T14:54:14,39.9,116.9,217.7,3.9,10750.0,250.2
2019-06-15T14:54:45,39.8,112.2,223.0,4.2,10760.0,247.3
2019-06-15T14:55:16,39.8,122.8,222.4,4.1,10770.0,249.3
2019-06-15T14:55:47,39.8,119.9,221.2,4.2,10780.0,249.3
2019-06-15T14:56:21,39.8,116.9,228.3,4.2,10800.0,250.2
2019-06-15T14:56:52,39.8,108.6,225.4,4.3,10810.0,250.2
2019-06-15T14:57:23,39.8,111.0,220.0,4.1,10820.0,248.3
2019-06-15T14:57:54,39.8,116.9,215.9,3.7,10830.0,249.3
2019-06-15T14:58:25,39.8,112.2,225.9,4.1,10840.0,249.3
2019-06-15T14:58:56,39.8,109.8,228.9,4.1,10850.0,248.3
2019-06-15T14:59:27,39.7,108.1,224.8,3.6,10860.0,249.3
2019-06-15T14:59:58,39.7,112.8,217.1,4.0,10870.0,248.3
2019-06-15T15:00:29,39.7,106.9,219.4,3.9,10880.0,249.3
2019-06-15T15:01:00,39.7,113.4,223.6,3.8,10890.0,249.3
2019-06-15T15:01:31,39.7,107.5,224.8,4.2,10910.0,247.3
2019-06-15T15:02:02,39.7,111.0,227.1,3.8,10920.0,246.4
2019-06-15T15:02:33,39.7,111.0,224.2,3.6,10930.0,247.3
2019-06-15T15:03:04,39.7,114.0,227.1,3.7,10940.0,248.3
2019-06-15T15:03:35,39.7,119.9,225.4,3.0,10950.0,247.3
2019-06-15T15:04:06,39.7,102.7,218.8,3.9,10960.0,246.4
2019-06-15T15:04:37,39.7,108.6,222.4,3.9,10970.0,246.4
2019-06-15T15:05:08,39.5,104.5,215.9,3.6,10980.0,246.4
2019-06-15T15:05:40,39.5,102.7,230.1,3.7,10990.0,246.4
2019-06-15T15:06:11,39.5,111.0,229.5,4.1,11000.0,246.4
2019-06-15T15:06:42,39.5,105.1,227.7,3.7,11010.0,248.3
2019-06-15T15:07:13,39.5,101.0,224.2,3.3,11020.0,246.4
2019-06-15T15:07:44,39.5,106.3,224.8,3.4,11030.0,245.4
2019-06-15T15:08:15,39.5,103.3,223.0,3.7,11040.0,245.4
2019-06-15T15:08:46,39.5,111.6,218.3,3.1,11050.0,243.5
2019-06-15T15:09:17,39.4,103.9,223.0,4.1,11060.0,243.5
2019-06-15T15:09:48,39.5,102.7,231.3,3.7,11070.0,244.4
2019-06-15T15:10:19,39.4,101.0,230.7,2.8,11080.0,243.5
2019-06-15T15:10:51,39.4,134.6,225.4,1.4,11090.0,243.5
2019-06-15T15:11:22,39.4,137.6,231.3,1.3,11100.0,245.4
2019-06-15T15:11:53,39.3,131.1,228.9,1.8,11110.0,244.4
2019-06-15T15:12:24,39.3,130.5,222.4,1.6,11110.0,244.4
2019-06-15T15:12:55,39.3,119.9,225.9,1.9,11120.0,244.4
2019-06-15T15:13:26,39.3,124.0,227.7,1.6,11130.0,245.4
2019-06-15T15:13:57,39.3,122.8,223.0,1.5,11140.0,245.4
2019-06-15T15:14:28,39.3,129.3,219.4,1.8,11150.0,243.5
2019-06-15T15:14:59,39.2,124.0,219.4,1.5,11160.0,244.4
2019-06-15T15:15:30,39.2,109.2,221.8,1.8,11170.0,246.4
2019-06-15T15:16:02,39.2,115.1,220.6,1.7,11170.0,244.4
2019-06-15T15:16:33,39.2,109.8,222.4,1.8,11180.0,245.4
2019-06-15T15:17:04,39.2,102.7,228.9,2.4,11190.0,245.4
2019-06-15T15:17:35,39.2,102.1,225.9,2.1,11200.0,243.5
2019-06-15T15:18:06,39.2,102.7,217.1,2.2,11210.0,245.4
2019-06-15T15:18:37,39.1,103.9,221.8,2.1,11210.0,244.4
2019-06-15T15:19:08,39.1,103.9,225.4,2.0,11220.0,244.4
2019-06-15T15:19:39,39.1,104.5,223.0,2.0,11230.0,246.4
2019-06-15T15:20:10,39.1,105.1,231.3,1.9,11240.0,245.4
2019-06-15T15:20:41,39.1,104.5,227.1,1.8,11250.0,244.4
2019-06-15T15:21:14,39.1,102.1,225.4,1.9,11250.0,244.4
2019-06-15T15:21:45,39.0,107.5,220.6,1.9,11260.0,244.4
2019-06-15T15:22:16,39.0,102.7,225.4,1.9,11270.0,243.5
2019-06-15T15:22:47,39.0,105.7,224.2,1.6,11280.0,244.4
2019-06-15T15:23:18,39.0,102.7,233.0,2.3,11290.0,243.5
2019-06-15T15:23:49,39.0,102.7,227.7,1.7,11290.0,242.5
2019-06-15T15:24:20,38.9,105.7,224.2,1.8,11300.0,243.5
2019-06-15T15:24:51,38.9,102.1,221.2,1.7,11310.0,243.5
2019-06-15T15:25:22,38.9,103.9,225.4,1.7,11310.0,244.4
2019-06-15T15:25:53,38.9,103.9,231.3,1.7,11320.0,245.4
2019-06-15T15:26:25,38.7,101.6,231.9,1.8,11330.0,246.4
2019-06-15T15:26:56,38.7,104.5,230.7,1.6,11340.0,245.4
2019-06-15T15:27:27,38.7,104.5,228.3,1.6,11350.0,245.4
2019-06-15T15:27:58,38.7,102.7,219.4,1.6,11350.0,246.4
2019-06-15T15:28:29,38.7,104.5,224.2,1.2,11360.0,246.4
2019-06-15T15:29:00,38.7,102.1,232.4,1.6,11370.0,245.4
2019-06-15T15:29:31,38.6,101.6,224.8,1.5,11370.0,246.4
2019-06-15T15:30:02,38.6,105.7,223.6,1.2,11380.0,245.4
2019-06-15T15:30:34,38.6,105.7,227.7,1.5,11390.0,244.4
2019-06-15T15:31:05,38.6,108.6,224.2,1.0,11390.0,245.4
2019-06-15T15:31:36,38.6,103.9,230.1,1.1,11400.0,245.4
2019-06-15T15:32:07,38.5,121.6,225.9,0.9,11410.0,243.5
2019-06-15T15:32:38,38.5,104.5,223.0,1.5,11410.0,245.4
2019-06-15T15:33:09,38.5,102.1,228.9,1.1,11420.0,247.3
2019-06-15T15:33:40,38.5,103.9,227.7,1.0,11430.0,247.3
2019-06-15T15:34:11,38.4,103.9,224.2,1.1,11430.0,246.4
2019-06-15T15:34:42,38.4,109.2,231.9,0.9,11440.0,247.3
2019-06-15T15:35:13,38.4,109.8,229.5,1.0,11450.0,245.4
2019-06-15T15:35:45,38.4,101.6,223.0,1.1,11450.0,246.4
2019-06-15T15:36:16,38.3,104.5,222.4,1.1,11460.0,247.3
2019-06-15T15:36:47,38.3,103.9,222.4,1.1,11470.0,247.3
2019-06-15T15:37:18,38.3,111.6,221.2,0.9,11470.0,245.4
2019-06-15T15:37:49,38.3,131.1,232.4,0.8,11480.0,247.3
2019-06-15T15:38:20,38.3,138.2,225.9,0.7,11480.0,246.4
2019-06-15T15:38:51,38.2,161.2,224.8,0.7,11490.0,246.4
2019-06-15T15:39:22,38.2,182.5,230.1,0.6,11500.0,248.3
2019-06-15T15:39:53,38.2,204.3,225.4,0.6,11500.0,245.4
2019-06-15T15:40:24,38.0,206.7,221.8,0.5,11510.0,246.4
2019-06-15T15:40:56,38.0,219.7,227.7,0.6,11510.0,247.3
2019-06-15T15:41:27,38.0,212.6,230.1,0.5,11520.0,247.3
2019-06-15T15:41:58,37.9,200.8,234.2,0.5,11530.0,246.4
2019-06-15T15:42:29,37.9,222.7,225.9,0.5,11530.0,247.3
2019-06-15T15:43:00,37.9,214.4,225.4,0.5,11540.0,246.4
2019-06-15T15:43:31,37.9,194.3,232.4,0.6,11540.0,246.4
2019-06-15T15:44:02,37.9,216.7,228.3,0.6,11550.0,247.3
2019-06-15T15:44:33,37.8,220.9,224.2,0.5,11560.0,246.4
2019-06-15T15:45:04,37.8,206.1,223.6,0.6,11560.0,248.3
2019-06-15T15:45:36,37.8,227.4,231.3,0.5,11570.0,246.4
2019-06-15T15:46:07,37.8,209.7,235.4,0.6,11570.0,245.4
2019-06-15T15:46:38,37.8,192.5,225.4,0.6,11580.0,246.4
2019-06-15T15:47:09,37.8,215.0,224.8,0.5,11590.0,246.4
2019-06-15T15:47:40,37.7,223.2,236.6,0.5,11590.0,245.4
2019-06-15T15:48:11,37.7,209.1,224.2,0.6,11600.0,247.3
2019-06-15T15:48:42,37.7,228.6,223.0,0.5,11600.0,246.4
2019-06-15T15:49:13,37.7,210.8,234.2,0.5,11610.0,245.4
2019-06-15T15:49:44,37.7,225.6,227.7,0.5,11610.0,247.3
2019-06-15T15:50:15,37.7,210.2,231.3,0.5,11620.0,245.4
2019-06-15T15:50:47,37.7,217.3,233.0,0.6,11630.0,246.4
2019-06-15T15:51:18,37.7,220.3,231.3,0.5,11630.0,246.4
2019-06-15T15:51:49,37.6,202.6,227.1,0.6,11640.0,248.3
2019-06-15T15:52:20,37.6,225.0,222.4,0.5,11640.0,246.4
2019-06-15T15:52:51,37.6,210.8,228.3,0.6,11650.0,246.4
2019-06-15T15:53:22,37.6,227.4,233.6,0.5,11650.0,246.4
2019-06-15T15:53:53,37.6,206.7,230.1,0.6,11660.0,246.4
2019-06-15T15:54:24,37.6,218.5,221.2,0.5,11660.0,245.4
2019-06-15T15:54:55,37.6,213.2,230.7,0.6,11670.0,247.3
2019-06-15T15:55:26,37.6,228.0,230.7,0.4,11670.0,247.3
2019-06-15T15:55:58,37.5,204.3,222.4,0.5,11680.0,244.4
2019-06-15T15:56:29,37.5,215.0,233.0,0.5,11680.0,246.4
2019-06-15T15:57:00,37.5,220.9,208.2,0.5,11690.0,246.4
2019-06-15T15:57:31,37.5,200.2,225.9,0.5,11690.0,247.3
2019-06-15T15:58:02,37.5,214.4,224.8,0.5,11700.0,246.4
2019-06-15T15:58:33,37.4,220.9,233.0,0.5,11700.0,245.4
2019-06-15T15:59:04,37.4,227.4,227.7,0.5,11710.0,246.4
2019-06-15T15:59:35,37.4,207.3,233.0,0.5,11710.0,246.4
2019-06-15T16:00:06,37.4,219.7,228.9,0.5,11720.0,246.4
2019-06-15T16:00:38,37.4,215.0,235.4,0.5,11720.0,245.4
2019-06-15T16:01:09,37.4,212.0,228.3,0.5,11730.0,246.4
2019-06-15T16:01:40,37.4,207.9,219.4,0.4,11730.0,246.4
2019-06-15T16:02:11,37.2,198.4,215.9,0.3,11730.0,244.4
2019-06-15T16:02:42,37.2,180.1,217.1,0.3,11730.0,245.4
2019-06-15T16:03:13,37.2,206.1,251.4,0.5,11730.0,245.4
2019-06-15T16:03:44,37.1,212.6,245.5,0.3,11740.0,245.4
2019-06-15T16:04:15,37.1,191.9,235.4,0.4,11740.0,245.4
2019-06-15T16:04:46,37.1,205.5,224.8,0.4,11740.0,245.4
2019-06-15T16:05:17,37.1,189.6,232.4,0.3,11740.0,244.4
2019-06-15T16:05:49,37.0,203.2,215.9,0.3,11740.0,244.4
2019-06-15T16:06:20,37.0,181.3,215.9,0.3,11750.0,245.4
2019-06-15T16:06:51,37.0,203.7,235.4,0.3,11750.0,243.5
2019-06-15T16:07:22,36.9,191.9,214.7,0.3,11750.0,244.4
2019-06-15T16:07:53,36.9,210.8,233.0,0.2,11750.0,244.4
2019-06-15T16:08:24,36.8,188.4,212.3,0.3,11750.0,243.5
2019-06-15T16:08:55,36.8,174.8,211.7,0.3,11750.0,244.4
2019-06-15T16:09:26,36.8,196.7,233.0,0.3,11750.0,244.4
2019-06-15T16:09:57,36.7,205.5,215.3,0.3,11750.0,245.4
2019-06-15T16:10:28,36.7,185.4,199.9,0.3,11750.0,244.4
2019-06-15T16:11:00,36.5,162.4,237.8,0.4,11760.0,245.4
2019-06-15T16:11:31,36.5,140.5,260.8,0.5,11760.0,246.4
2019-06-15T16:12:02,36.5,142.3,237.2,0.5,11760.0,245.4
2019-06-15T16:12:33,36.4,146.4,221.2,0.5,11760.0,246.4
2019-06-15T16:13:04,36.4,157.1,234.8,0.5,11770.0,245.4
2019-06-15T16:13:35,36.4,167.1,221.2,0.5,11770.0,246.4
2019-06-15T16:14:06,36.4,188.4,223.0,0.4,11770.0,245.4
2019-06-15T16:14:37,36.3,209.1,238.4,0.4,11780.0,245.4
2019-06-15T16:15:08,36.3,212.6,237.2,0.3,11780.0,244.4
2019-06-15T16:15:39,36.3,196.7,208.8,0.4,11780.0,245.4
2019-06-15T16:16:11,36.2,185.4,195.8,0.4,11790.0,245.4
2019-06-15T16:16:42,36.2,196.1,201.7,0.2,11790.0,245.4
2019-06-15T16:17:13,36.2,183.7,217.7,0.2,11790.0,244.4
2019-06-15T16:17:44,36.2,203.7,211.7,0.2,11790.0,245.4
2019-06-15T16:18:15,36.1,191.3,224.8,0.2,11790.0,245.4
2019-06-15T16:18:46,36.1,171.3,204.1,0.2,11790.0,246.4
2019-06-15T16:19:17,36.1,187.8,221.2,0.2,11790.0,245.4
2019-06-15T16:19:48,36.1,204.9,217.1,0.2,11790.0,244.4
2019-06-15T16:20:19,36.0,184.3,209.4,0.2,11790.0,244.4
2019-06-15T16:20:50,36.0,163.6,225.9,0.2,11790.0,244.4
2019-06-15T16:21:22,35.9,159.4,204.1,0.2,11790.0,244.4
2019-06-15T16:21:53,35.9,180.7,201.1,0.2,11790.0,244.4
2019-06-15T16:22:24,35.7,200.8,221.2,0.2,11790.0,244.4
2019-06-15T16:22:55,35.7,194.9,222.4,0.2,11800.0,243.5
2019-06-15T16:23:26,35.7,174.2,199.9,0.1,11800.0,243.5
2019-06-15T16:23:57,35.6,152.9,207.0,0.2,11800.0,243.5
2019-06-15T16:24:28,35.6,174.2,225.9,0.2,11800.0,244.4
2019-06-15T16:24:59,35.6,195.5,212.3,0.1,11800.0,244.4
2019-06-15T16:25:30,35.5,201.4,197.0,0.1,11800.0,243.5
2019-06-15T16:26:02,35.5,180.1,218.3,0.2,11800.0,243.5
2019-06-15T16:26:33,35.5,160.0,230.1,0.2,11800.0,243.5
2019-06-15T16:27:04,35.4,148.8,214.7,0.2,11800.0,244.4
2019-06-15T16:27:35,35.4,168.9,199.3,0.2,11800.0,244.4
2019-06-15T16:28:06,35.3,191.3,207.0,0.2,11800.0,243.5
2019-06-15T16:28:37,35.3,213.2,230.1,0.2,11800.0,242.5
2019-06-15T16:29:08,35.3,206.7,246.6,0.3,11800.0,243.5
2019-06-15T16:29:39,35.2,184.8,224.2,0.3,11800.0,242.5
2019-06-15T16:30:10,35.2,173.6,203.5,0.3,11800.0,243.5
2019-06-15T16:30:41,35.0,194.9,195.8,0.2,11800.0,243.5
2019-06-15T16:31:13,35.0,195.5,216.5,0.2,11800.0,243.5
2019-06-15T16:31:44,35.0,191.3,218.8,0.2,11800.0,243.5
2019-06-15T16:32:15,35.0,186.6,214.1,0.1,11800.0,243.5
2019-06-15T16:32:46,34.9,170.7,217.7,0.1,11800.0,243.5
2019-06-15T16:33:17,34.9,191.9,197.5,0.1,11810.0,244.4
2019-06-15T16:33:48,34.9,200.8,176.2,0.1,11810.0,245.4
2019-06-15T16:34:19,34.8,180.1,193.4,0.1,11810.0,243.5
2019-06-15T16:34:50,34.8,159.4,214.1,0.1,11810.0,242.5
2019-06-15T16:35:21,34.8,168.9,230.1,0.1,11810.0,243.5
2019-06-15T16:35:52,34.7,190.2,208.2,0.1,11810.0,242.5
2019-06-15T16:36:24,34.7,204.3,187.5,0.0,11810.0,243.5
2019-06-15T16:36:55,34.7,182.5,182.8,0.1,11810.0,243.5
2019-06-15T16:37:26,34.6,161.8,204.1,0.1,11810.0,242.5
2019-06-15T16:37:57,34.6,141.7,224.2,0.1,11810.0,242.5
2019-06-15T16:38:28,34.5,150.6,221.8,0.1,11810.0,243.5
2019-06-15T16:38:59,34.5,170.7,199.3,0.1,11810.0,242.5
2019-06-15T16:39:30,34.5,192.5,179.8,0.1,11810.0,242.5
2019-06-15T16:40:01,34.4,194.9,186.9,0.0,11810.0,243.5
2019-06-15T16:40:32,34.4,171.3,208.2,0.1,11810.0,242.5
2019-06-15T16:41:04,34.4,149.4,225.9,0.1,11810.0,243.5
2019-06-15T16:41:35,34.2,129.3,213.5,0.1,11810.0,243.5
2019-06-15T16:42:06,34.2,125.8,195.2,0.1,11810.0,243.5
2019-06-15T16:42:37,34.2,147.0,173.9,0.1,11810.0,242.5
2019-06-15T16:43:08,34.1,169.5,168.6,0.1,11810.0,242.5
2019-06-15T16:43:39,34.1,189.6,186.9,0.0,11810.0,242.5
2019-06-15T16:44:10,34.1,197.8,209.4,0.1,11810.0,242.5
2019-06-15T16:44:41,34.0,174.2,225.9,0.1,11810.0,242.5
2019-06-15T16:45:12,34.0,155.3,211.7,0.1,11810.0,242.5
2019-06-15T16:45:43,34.0,138.2,190.4,0.1,11810.0,242.5
2019-06-15T16:46:15,33.9,160.0,166.8,0.1,11810.0,243.5
2019-06-15T16:46:46,33.9,182.5,169.1,0.0,11810.0,242.5
2019-06-15T16:47:17,33.9,201.4,188.1,0.0,11810.0,243.5
2019-06-15T16:47:48,33.8,203.7,210.0,0.0,11810.0,242.5
2019-06-15T16:48:19,33.8,190.2,230.1,0.0,11810.0,243.5
2019-06-15T16:48:50,33.8,170.7,204.1,0.0,11810.0,243.5
2019-06-15T16:49:21,33.7,148.2,185.7,0.0,11810.0,243.5
2019-06-15T16:49:52,33.7,127.5,165.6,0.0,11810.0,243.5
2019-06-15T16:50:23,33.5,109.8,145.5,0.0,11810.0,243.5
2019-06-15T16:50:54,33.5,131.7,149.0,0.0,11810.0,245.4
2019-06-15T16:51:26,33.5,151.2,168.0,0.0,11810.0,243.5
2019-06-15T16:51:57,33.5,173.6,191.6,0.1,11810.0,243.5
2019-06-15T16:52:28,33.4,194.3,213.5,0.0,11810.0,243.5
2019-06-15T16:52:59,33.3,197.3,233.0,0.0,11810.0,243.5
2019-06-15T16:53:30,33.3,196.7,230.1,0.0,11810.0,243.5
2019-06-15T16:54:01,33.3,195.5,229.5,0.0,11810.0,242.5
2019-06-15T16:54:32,33.2,191.9,230.1,0.0,11810.0,242.5
2019-06-15T16:55:03,33.2,180.1,220.0,0.0,11810.0,242.5
2019-06-15T16:55:34,33.2,183.7,223.6,0.0,11810.0,242.5
2019-06-15T16:56:06,33.1,186.6,225.9,0.0,11810.0,241.5
2019-06-15T16:56:37,33.1,176.0,213.5,0.0,11810.0,241.5
2019-06-15T16:57:08,33.0,159.4,184.5,0.0,11810.0,241.5
2019-06-15T16:57:39,33.0,140.0,150.8,0.0,11810.0,241.5
2019-06-15T16:58:10,32.9,151.2,157.3,0.1,11810.0,241.5
2019-06-15T16:58:41,32.9,189.0,206.4,0.0,11810.0,240.6
2019-06-15T16:59:12,32.9,187.2,201.1,0.0,11810.0,242.5
2019-06-15T16:59:43,32.9,185.4,194.6,0.0,11810.0,242.5
2019-06-15T17:00:14,32.7,183.7,189.3,0.0,11810.0,242.5
2019-06-15T17:00:45,32.7,182.5,184.5,0.0,11810.0,241.5
2019-06-15T17:01:17,32.7,179.5,179.8,0.0,11810.0,241.5
2019-06-15T17:01:48,32.6,131.7,177.4,0.0,11810.0,242.5
2019-06-15T17:02:19,32.6,166.5,166.8,0.0,11810.0,242.5
2019-06-15T17:02:50,32.5,158.9,159.7,0.0,11810.0,241.5
2019-06-15T17:03:21,32.5,148.8,149.0,0.0,11810.0,242.5
2019-06-15T17:03:52,32.5,132.9,133.1,0.0,11810.0,241.5
2019-06-15T17:04:23,32.4,96.2,96.4,0.0,11810.0,241.5
