2019-06-17T06:35:34,11.4,54.3,54.4,0.0,0.0,238.6
2019-06-17T06:43:03,11.1,205.5,227.1,0.0,0.0,237.7
2019-06-17T06:43:34,11.1,206.1,228.9,0.0,0.0,238.6
2019-06-17T06:44:05,11.1,206.7,230.7,0.0,0.0,238.6
2019-06-17T06:44:36,11.1,207.3,232.4,0.0,0.0,239.6
2019-06-17T06:45:07,11.1,207.9,233.6,0.0,0.0,238.6
2019-06-17T06:45:39,11.1,208.5,234.8,0.0,0.0,239.6
2019-06-17T06:46:10,11.1,209.1,236.0,0.0,0.0,241.5
2019-06-17T06:46:41,11.1,210.2,237.8,0.0,0.0,239.6
2019-06-17T06:47:12,11.1,210.8,239.0,0.0,0.0,240.6
2019-06-17T06:47:43,11.1,211.4,240.7,0.0,0.0,239.6
2019-06-17T06:48:14,11.1,212.6,243.7,0.0,0.0,239.6
2019-06-17T06:48:45,11.1,215.6,249.0,0.0,0.0,239.6
2019-06-17T06:49:16,11.1,217.9,250.2,0.0,0.0,239.6
2019-06-17T06:49:47,11.1,193.1,199.9,0.2,0.0,237.7
2019-06-17T06:50:18,11.1,220.9,248.4,0.0,0.0,239.6
2019-06-17T06:50:50,11.1,221.5,252.6,0.0,0.0,237.7
2019-06-17T06:51:21,11.1,220.9,241.3,0.0,0.0,239.6
2019-06-17T06:51:52,11.1,222.7,253.2,0.0,0.0,238.6
2019-06-17T06:52:23,11.1,158.9,141.9,0.1,0.0,238.6
2019-06-17T06:52:54,11.1,220.3,254.3,0.0,0.0,237.7
2019-06-17T06:53:25,11.1,220.9,254.9,0.0,0.0,240.6
2019-06-17T06:53:56,11.4,204.9,242.5,0.1,0.0,239.6
2019-06-17T06:54:27,11.4,187.2,224.8,0.1,0.0,240.6
2019-06-17T06:54:58,11.4,167.1,199.9,0.1,0.0,242.5
2019-06-17T06:55:29,11.4,146.4,181.0,0.2,0.0,242.5
2019-06-17T06:56:01,11.4,125.2,159.7,0.1,0.0,242.5
2019-06-17T06:56:32,11.4,144.1,138.4,0.1,0.0,242.5
2019-06-17T06:57:03,11.4,165.9,126.6,0.1,0.0,242.5
2019-06-17T06:57:34,11.4,187.2,147.9,0.1,0.0,243.5
2019-06-17T06:58:05,11.4,207.3,167.4,0.1,0.0,243.5
2019-06-17T06:58:36,11.4,206.7,190.4,0.1,0.0,243.5
2019-06-17T06:59:07,11.4,186.0,209.4,0.1,0.0,242.5
2019-06-17T06:59:38,11.4,165.9,233.6,0.1,0.0,241.5
2019-06-17T07:00:09,11.4,144.7,231.3,0.1,0.0,242.5
2019-06-17T07:00:40,11.8,147.0,214.7,0.2,0.0,242.5
2019-06-17T07:01:12,11.8,167.7,190.4,0.1,0.0,243.5
2019-06-17T07:01:43,11.8,189.6,192.2,0.0,0.0,243.5
2019-06-17T07:02:14,11.8,193.7,212.3,0.1,0.0,244.4
2019-06-17T07:02:45,11.4,177.8,228.9,0.1,0.0,244.4
2019-06-17T07:03:16,11.8,154.7,236.0,0.1,0.0,244.4
2019-06-17T07:03:47,11.8,149.4,210.6,0.1,0.0,242.5
2019-06-17T07:04:18,11.8,170.7,190.4,0.1,0.0,242.5
2019-06-17T07:04:49,11.8,191.3,171.5,0.0,0.0,242.5
2019-06-17T07:05:20,11.8,213.2,151.4,0.0,0.0,240.6
2019-06-17T07:05:51,11.8,190.2,128.9,0.1,0.0,239.6
2019-06-17T07:06:23,12.1,168.3,115.9,0.1,0.0,242.5
2019-06-17T07:06:54,12.1,184.3,137.8,0.1,0.0,241.5
2019-06-17T07:07:25,12.1,206.7,160.3,0.1,0.0,242.5
2019-06-17T07:07:56,12.1,196.1,178.6,0.1,0.0,241.5
2019-06-17T07:08:27,12.1,184.3,198.7,0.1,0.0,241.5
2019-06-17T07:08:58,12.1,163.0,218.8,0.1,0.0,240.6
2019-06-17T07:09:29,12.1,144.1,241.3,0.1,0.0,242.5
2019-06-17T07:10:00,12.1,141.7,233.0,0.1,0.0,243.5
2019-06-17T07:10:31,12.1,164.2,212.9,0.1,0.0,243.5
2019-06-17T07:11:03,12.1,181.9,191.6,0.1,0.0,242.5
2019-06-17T07:11:34,12.1,207.9,170.9,0.0,0.0,241.5
2019-06-17T07:12:05,12.1,203.2,150.8,0.1,0.0,242.5
2019-06-17T07:12:36,12.5,184.3,128.9,0.1,0.0,241.5
2019-06-17T07:13:07,12.5,163.6,108.2,0.1,0.0,239.6
2019-06-17T07:13:38,12.5,143.5,115.9,0.1,0.0,240.6
2019-06-17T07:14:09,12.5,122.2,137.8,0.1,0.0,241.5
2019-06-17T07:14:40,12.5,137.6,160.3,0.1,0.0,240.6
2019-06-17T07:15:11,12.5,159.4,178.6,0.1,0.0,241.5
2019-06-17T07:15:43,12.5,181.3,201.1,0.1,0.0,240.6
2019-06-17T07:16:14,12.5,202.0,221.2,0.1,0.0,242.5
2019-06-17T07:16:45,12.5,203.7,241.3,0.1,0.0,242.5
2019-06-17T07:17:16,12.5,180.7,229.5,0.1,0.0,243.5
2019-06-17T07:17:47,12.5,160.6,211.7,0.1,0.0,244.4
2019-06-17T07:18:18,12.5,149.4,190.4,0.1,0.0,243.5
2019-06-17T07:18:49,12.9,171.9,170.9,0.1,0.0,243.5
2019-06-17T07:19:20,12.5,194.9,149.0,0.2,0.0,241.5
2019-06-17T07:19:51,12.5,201.4,147.3,0.1,0.0,241.5
2019-06-17T07:20:22,12.9,181.3,169.1,0.1,0.0,242.5
2019-06-17T07:20:54,12.9,160.0,188.7,0.1,0.0,241.5
2019-06-17T07:21:25,12.9,170.7,211.7,0.1,0.0,240.6
2019-06-17T07:21:56,12.9,190.2,231.3,0.1,0.0,241.5
2019-06-17T07:22:27,12.9,213.2,240.7,0.1,0.0,241.5
2019-06-17T07:22:58,12.9,203.7,220.6,0.1,0.0,243.5
2019-06-17T07:23:29,12.9,185.4,200.5,0.1,0.0,242.5
2019-06-17T07:24:00,12.9,163.6,180.4,0.1,0.0,243.5
2019-06-17T07:24:31,12.9,142.9,159.1,0.1,10.0,241.5
2019-06-17T07:25:02,12.9,128.7,159.7,0.1,10.0,243.5
2019-06-17T07:25:34,12.9,149.4,181.6,0.1,10.0,245.4
2019-06-17T07:26:05,12.9,171.3,202.9,0.1,10.0,242.5
2019-06-17T07:26:36,12.9,191.9,225.9,0.1,10.0,242.5
2019-06-17T07:27:07,12.9,215.6,246.1,0.1,10.0,243.5
2019-06-17T07:27:38,13.2,200.2,224.2,0.1,10.0,243.5
2019-06-17T07:28:09,13.2,178.3,202.3,0.1,10.0,242.5
2019-06-17T07:28:40,13.2,157.1,182.2,0.1,10.0,243.5
2019-06-17T07:29:11,13.2,155.3,162.0,0.1,10.0,244.4
2019-06-17T07:29:42,13.2,176.0,173.9,0.1,10.0,245.4
2019-06-17T07:30:13,13.2,197.8,196.4,0.1,10.0,244.4
2019-06-17T07:30:45,13.2,215.6,217.7,0.1,10.0,243.5
2019-06-17T07:31:16,13.2,197.8,239.5,0.1,10.0,244.4
2019-06-17T07:31:47,13.2,177.8,234.2,0.2,10.0,243.5
2019-06-17T07:32:18,13.2,157.1,211.7,0.2,10.0,242.5
2019-06-17T07:32:49,13.2,135.8,191.0,0.1,10.0,241.5
2019-06-17T07:33:20,13.2,114.6,170.9,0.2,10.0,242.5
2019-06-17T07:33:51,13.6,140.5,149.6,0.2,10.0,242.5
2019-06-17T07:34:22,13.2,165.9,130.7,0.4,10.0,243.5
2019-06-17T07:34:53,13.2,187.2,108.2,0.4,10.0,241.5
2019-06-17T07:35:24,13.6,209.7,126.0,0.4,10.0,242.5
2019-06-17T07:35:56,13.6,219.1,146.7,0.4,10.0,242.5
2019-06-17T07:36:27,13.6,197.8,170.9,0.4,10.0,243.5
2019-06-17T07:36:58,13.6,176.6,192.2,0.4,10.0,244.4
2019-06-17T07:37:29,13.6,192.5,214.1,0.4,20.0,244.4
2019-06-17T07:38:00,13.6,214.4,228.9,0.4,20.0,242.5
2019-06-17T07:38:31,13.6,215.6,208.2,0.4,20.0,242.5
2019-06-17T07:39:02,13.6,199.6,192.8,0.4,20.0,243.5
2019-06-17T07:39:33,13.6,201.4,215.3,0.4,20.0,242.5
2019-06-17T07:40:04,13.6,222.7,236.6,0.3,20.0,243.5
2019-06-17T07:40:36,14.0,206.1,244.9,0.4,20.0,242.5
2019-06-17T07:41:07,14.0,194.3,230.1,0.3,20.0,242.5
2019-06-17T07:41:38,14.0,217.9,252.6,0.4,20.0,241.5
2019-06-17T07:42:09,14.0,199.6,233.0,0.4,20.0,241.5
2019-06-17T07:42:40,14.0,200.2,220.6,0.4,30.0,241.5
2019-06-17T07:43:11,14.0,222.7,243.7,0.4,30.0,241.5
2019-06-17T07:43:42,14.0,213.2,244.3,0.4,30.0,241.5
2019-06-17T07:44:13,14.0,192.5,223.0,0.4,30.0,242.5
2019-06-17T07:44:44,14.3,214.4,237.2,0.4,30.0,241.5
2019-06-17T07:45:15,14.3,218.5,252.0,0.4,30.0,242.5
2019-06-17T07:45:47,14.3,225.0,231.3,0.4,30.0,241.5
2019-06-17T07:46:22,14.3,212.6,217.1,0.3,30.0,241.5
2019-06-17T07:46:53,14.3,189.6,229.5,0.5,30.0,242.5
2019-06-17T07:47:24,14.3,207.3,250.2,0.5,40.0,240.6
2019-06-17T07:47:55,14.3,227.4,237.2,0.4,40.0,240.6
2019-06-17T07:48:26,14.7,226.8,234.2,0.4,40.0,240.6
2019-06-17T07:48:57,14.7,215.6,256.1,0.5,40.0,241.5
2019-06-17T07:49:28,14.7,210.8,253.7,0.5,40.0,240.6
2019-06-17T07:49:59,14.7,220.3,239.5,0.5,40.0,241.5
2019-06-17T07:50:30,14.7,199.0,254.3,0.6,40.0,241.5
2019-06-17T07:51:01,15.1,213.8,231.9,0.4,50.0,243.5
2019-06-17T07:51:32,15.1,230.3,212.9,0.4,50.0,242.5
2019-06-17T07:52:03,15.1,209.7,214.7,0.3,50.0,242.5
2019-06-17T07:52:34,15.1,193.7,233.6,0.3,50.0,240.6
2019-06-17T07:53:05,15.1,198.4,216.5,0.2,50.0,240.6
2019-06-17T07:53:36,15.1,219.7,197.5,0.3,50.0,241.5
2019-06-17T07:54:07,15.1,199.6,183.9,0.3,50.0,240.6
2019-06-17T07:54:38,15.1,181.9,179.8,0.5,50.0,239.6
2019-06-17T07:55:09,15.4,164.2,197.0,0.5,50.0,241.5
2019-06-17T07:55:41,15.4,150.6,222.4,0.7,60.0,242.5
2019-06-17T07:56:12,15.4,174.8,244.9,0.7,60.0,240.6
2019-06-17T07:56:43,15.4,198.4,243.1,0.6,60.0,241.5
2019-06-17T07:57:14,15.4,203.7,255.5,0.7,60.0,240.6
2019-06-17T07:57:45,15.4,212.0,252.0,0.6,60.0,241.5
2019-06-17T07:58:16,15.4,205.5,241.9,0.7,70.0,242.5
2019-06-17T07:58:47,15.8,227.4,227.7,0.6,70.0,241.5
2019-06-17T07:59:18,15.8,209.1,249.0,0.7,70.0,242.5
2019-06-17T07:59:49,15.8,213.8,241.9,0.7,70.0,242.5
2019-06-17T08:00:20,15.8,223.2,220.6,0.7,70.0,241.5
2019-06-17T08:00:52,15.8,210.2,236.6,0.7,80.0,240.6
2019-06-17T08:01:23,15.8,222.7,254.3,0.7,80.0,240.6
2019-06-17T08:01:54,16.2,210.8,253.2,0.8,80.0,239.6
2019-06-17T08:02:25,16.2,222.7,231.9,0.8,80.0,240.6
2019-06-17T08:02:56,16.2,212.0,230.7,0.8,90.0,241.5
2019-06-17T08:03:27,16.2,194.9,253.7,0.8,90.0,242.5
2019-06-17T08:03:58,16.2,218.5,237.8,0.8,90.0,244.4
2019-06-17T08:04:29,16.5,220.3,224.8,0.8,90.0,244.4
2019-06-17T08:05:00,16.5,211.4,247.8,0.8,100.0,244.4
2019-06-17T08:05:32,16.5,225.6,243.1,0.7,100.0,245.4
2019-06-17T08:06:03,16.5,212.0,223.0,0.8,100.0,248.3
2019-06-17T08:06:34,16.5,223.2,233.6,0.9,100.0,245.4
2019-06-17T08:07:05,16.9,213.8,223.0,0.9,110.0,243.5
2019-06-17T08:07:36,16.9,222.7,246.1,0.9,110.0,245.4
2019-06-17T08:08:07,16.9,213.8,242.5,0.9,110.0,244.4
2019-06-17T08:08:38,16.9,224.4,236.0,0.8,120.0,244.4
2019-06-17T08:09:09,16.9,204.3,256.1,0.9,120.0,245.4
2019-06-17T08:09:40,17.3,227.4,236.0,0.9,120.0,246.4
2019-06-17T08:10:11,17.3,209.1,247.8,0.9,120.0,246.4
2019-06-17T08:10:43,17.3,229.7,241.9,0.8,130.0,245.4
2019-06-17T08:11:14,17.3,212.6,242.5,1.0,130.0,245.4
2019-06-17T08:11:45,17.6,222.7,248.4,0.9,130.0,245.4
2019-06-17T08:12:16,17.6,201.4,227.7,1.0,140.0,245.4
2019-06-17T08:12:47,17.6,224.4,252.0,0.9,140.0,245.4
2019-06-17T08:13:18,17.6,212.0,239.0,1.0,140.0,245.4
2019-06-17T08:13:49,18.0,228.6,246.1,0.9,150.0,245.4
2019-06-17T08:14:20,18.0,217.9,246.1,1.0,150.0,246.4
2019-06-17T08:14:51,18.0,216.2,242.5,1.0,150.0,246.4
2019-06-17T08:15:22,18.0,228.6,246.6,1.0,160.0,245.4
2019-06-17T08:15:54,18.0,215.6,237.8,1.1,160.0,245.4
2019-06-17T08:16:25,18.4,218.5,253.7,1.1,160.0,245.4
2019-06-17T08:16:56,18.4,206.7,243.1,1.1,170.0,246.4
2019-06-17T08:17:27,18.4,225.6,246.1,1.0,170.0,245.4
2019-06-17T08:17:58,18.4,203.7,250.8,1.2,180.0,245.4
2019-06-17T08:18:29,18.7,222.1,241.3,1.1,180.0,246.4
2019-06-17T08:19:00,18.7,212.6,252.0,1.1,180.0,246.4
2019-06-17T08:19:31,18.7,213.8,243.7,1.1,190.0,246.4
2019-06-17T08:20:02,18.7,218.5,246.1,1.1,190.0,247.3
2019-06-17T08:20:34,18.7,218.5,254.3,1.1,200.0,247.3
2019-06-17T08:21:05,18.7,209.1,237.2,1.1,200.0,247.3
2019-06-17T08:21:36,19.1,217.9,254.9,1.1,200.0,246.4
2019-06-17T08:22:07,19.1,225.0,236.6,1.1,210.0,246.4
2019-06-17T08:22:38,19.1,217.3,252.6,1.2,210.0,246.4
2019-06-17T08:23:09,19.1,212.0,243.7,1.3,220.0,247.3
2019-06-17T08:23:40,19.5,219.1,244.3,1.2,220.0,246.4
2019-06-17T08:24:11,19.5,206.1,252.0,1.3,220.0,246.4
2019-06-17T08:24:42,19.5,224.4,239.0,1.2,230.0,246.4
2019-06-17T08:25:13,19.8,202.0,249.6,1.4,230.0,245.4
2019-06-17T08:25:45,19.8,224.4,254.3,1.3,240.0,245.4
2019-06-17T08:26:16,19.8,209.1,239.0,1.3,240.0,247.3
2019-06-17T08:26:47,20.2,223.2,249.0,1.2,250.0,246.4
2019-06-17T08:27:18,20.2,221.5,253.2,1.3,250.0,245.4
2019-06-17T08:27:49,20.2,211.4,236.6,1.4,260.0,245.4
2019-06-17T08:28:20,20.2,219.1,252.6,1.3,260.0,246.4
2019-06-17T08:28:51,20.6,224.4,252.0,1.3,270.0,245.4
2019-06-17T08:29:22,20.6,215.0,243.1,1.4,270.0,245.4
2019-06-17T08:29:53,20.6,216.2,244.9,1.3,280.0,244.4
2019-06-17T08:30:24,20.6,222.1,246.6,1.3,280.0,246.4
2019-06-17T08:30:56,20.9,209.7,241.9,1.5,290.0,246.4
2019-06-17T08:31:27,20.9,222.1,254.3,1.4,290.0,245.4
2019-06-17T08:31:58,20.9,216.2,249.0,1.4,300.0,244.4
2019-06-17T08:32:29,20.9,215.6,239.5,1.5,300.0,244.4
2019-06-17T08:33:00,21.3,223.2,253.7,1.4,310.0,243.5
2019-06-17T08:33:31,21.3,209.7,243.1,1.5,310.0,243.5
2019-06-17T08:34:02,21.3,225.6,241.9,1.4,320.0,246.4
2019-06-17T08:34:33,21.3,215.6,252.6,1.5,320.0,245.4
2019-06-17T08:35:04,21.7,215.6,243.7,1.6,330.0,243.5
2019-06-17T08:35:36,21.7,224.4,239.0,1.4,340.0,245.4
2019-06-17T08:36:07,21.7,217.3,250.8,1.5,340.0,244.4
2019-06-17T08:36:38,22.0,212.6,246.6,1.6,350.0,245.4
2019-06-17T08:37:09,22.0,220.3,236.6,1.5,350.0,244.4
2019-06-17T08:37:40,22.0,222.7,239.5,1.6,360.0,245.4
2019-06-17T08:38:11,22.0,222.1,249.0,1.6,360.0,245.4
2019-06-17T08:38:42,22.0,213.8,249.6,1.7,370.0,244.4
2019-06-17T08:39:13,22.4,217.3,244.3,1.6,380.0,245.4
2019-06-17T08:39:44,22.4,222.7,243.1,1.6,380.0,246.4
2019-06-17T08:40:15,22.4,215.6,252.0,1.7,390.0,246.4
2019-06-17T08:40:47,22.4,218.5,243.7,1.7,390.0,248.3
2019-06-17T08:41:18,22.8,219.7,237.8,1.7,400.0,248.3
2019-06-17T08:41:49,22.8,219.1,246.1,1.8,410.0,247.3
2019-06-17T08:42:20,22.8,213.8,250.2,1.8,410.0,246.4
2019-06-17T08:42:51,22.8,215.6,240.1,1.8,420.0,247.3
2019-06-17T08:43:22,22.8,222.7,240.7,1.6,430.0,248.3
2019-06-17T08:43:53,22.8,220.3,252.6,1.6,430.0,247.3
2019-06-17T08:44:24,23.1,211.4,244.9,1.8,440.0,246.4
2019-06-17T08:44:55,23.1,219.7,240.7,1.7,440.0,246.4
2019-06-17T08:45:26,23.1,216.7,243.7,1.8,450.0,246.4
2019-06-17T08:45:58,23.1,215.6,236.0,1.9,460.0,245.4
2019-06-17T08:46:29,23.1,222.7,244.9,1.7,460.0,245.4
2019-06-17T08:47:00,23.5,223.2,250.8,1.8,470.0,247.3
2019-06-17T08:47:31,23.5,220.3,240.7,1.9,480.0,248.3
2019-06-17T08:48:02,23.9,217.3,238.4,1.9,490.0,247.3
2019-06-17T08:48:33,23.9,214.4,247.8,1.8,490.0,247.3
2019-06-17T08:49:04,23.9,215.6,237.2,1.9,500.0,247.3
2019-06-17T08:49:35,24.2,226.8,249.0,1.8,510.0,247.3
2019-06-17T08:50:06,24.2,217.3,249.6,1.9,510.0,247.3
2019-06-17T08:50:38,24.2,212.0,237.2,2.0,520.0,246.4
2019-06-17T08:51:09,24.2,216.7,240.1,1.9,530.0,247.3
2019-06-17T08:51:40,24.6,222.7,249.6,1.9,540.0,245.4
2019-06-17T08:52:11,24.6,224.4,243.7,1.9,540.0,246.4
2019-06-17T08:52:42,25.0,216.2,235.4,2.1,550.0,246.4
2019-06-17T08:53:13,25.0,217.3,239.5,2.1,560.0,245.4
2019-06-17T08:53:44,25.0,215.0,247.8,2.1,560.0,245.4
2019-06-17T08:54:15,25.3,213.8,246.6,2.1,570.0,246.4
2019-06-17T08:54:46,25.3,216.2,241.3,2.1,580.0,245.4
2019-06-17T08:55:17,25.3,220.3,243.7,2.0,590.0,246.4
2019-06-17T08:55:49,25.7,225.0,236.0,2.1,600.0,246.4
2019-06-17T08:56:20,25.7,225.0,245.5,2.1,600.0,246.4
2019-06-17T08:56:51,25.7,227.4,250.2,2.0,610.0,245.4
2019-06-17T08:57:22,25.7,226.8,240.7,2.1,620.0,246.4
2019-06-17T08:57:53,26.1,217.9,237.8,2.2,630.0,246.4
2019-06-17T08:58:24,26.1,217.9,237.8,2.2,640.0,246.4
2019-06-17T08:58:55,26.1,221.5,243.7,2.2,640.0,246.4
2019-06-17T08:59:26,26.1,224.4,236.0,2.1,650.0,246.4
2019-06-17T08:59:57,26.1,223.2,250.2,2.2,660.0,246.4
2019-06-17T09:00:28,26.4,223.2,243.7,2.2,670.0,246.4
2019-06-17T09:01:00,26.4,215.0,244.9,2.3,680.0,246.4
2019-06-17T09:01:31,26.4,215.0,250.8,2.3,690.0,247.3
2019-06-17T09:02:02,26.1,219.7,248.4,2.2,690.0,246.4
2019-06-17T09:02:33,26.1,218.5,244.9,2.2,700.0,246.4
2019-06-17T09:03:04,26.1,218.5,240.7,2.4,710.0,246.4
2019-06-17T09:03:35,26.8,219.1,243.1,2.3,720.0,245.4
2019-06-17T09:04:06,26.1,216.7,247.8,2.3,730.0,248.3
2019-06-17T09:04:37,26.1,224.4,244.9,2.2,740.0,247.3
2019-06-17T09:05:08,26.4,227.4,234.8,2.3,750.0,248.3
2019-06-17T09:05:39,26.4,224.4,239.5,2.2,760.0,247.3
2019-06-17T09:06:11,26.4,225.6,240.1,2.3,760.0,247.3
2019-06-17T09:06:42,26.8,222.1,250.2,2.4,770.0,246.4
2019-06-17T09:07:13,26.4,219.7,246.1,2.4,780.0,246.4
2019-06-17T09:07:44,26.8,217.9,239.0,2.4,790.0,247.3
2019-06-17T09:08:15,26.4,216.7,236.6,2.5,800.0,247.3
2019-06-17T09:08:46,26.8,218.5,240.7,2.5,810.0,246.4
2019-06-17T09:09:17,26.8,220.9,247.8,2.4,820.0,247.3
2019-06-17T09:09:48,27.2,223.2,249.6,2.4,830.0,248.3
2019-06-17T09:10:19,27.2,222.1,245.5,2.5,840.0,247.3
2019-06-17T09:10:51,27.5,221.5,240.7,2.4,850.0,248.3
2019-06-17T09:11:22,27.5,226.8,236.6,2.4,860.0,248.3
2019-06-17T09:11:53,27.9,225.0,247.2,2.5,870.0,248.3
2019-06-17T09:12:24,27.9,226.8,247.8,2.4,880.0,248.3
2019-06-17T09:12:55,27.9,223.8,244.3,2.4,890.0,248.3
2019-06-17T09:13:26,28.3,224.4,239.5,2.5,900.0,248.3
2019-06-17T09:13:57,28.3,227.4,234.2,2.4,910.0,248.3
2019-06-17T09:14:28,28.3,223.2,237.8,2.6,920.0,248.3
2019-06-17T09:14:59,28.6,226.8,246.1,2.5,920.0,249.3
2019-06-17T09:15:30,28.6,220.3,246.6,2.6,930.0,248.3
2019-06-17T09:16:02,28.6,223.2,245.5,2.6,940.0,248.3
2019-06-17T09:16:33,28.6,223.8,241.3,2.5,950.0,249.3
2019-06-17T09:17:04,29.0,221.5,233.6,2.5,960.0,249.3
2019-06-17T09:17:35,29.0,223.8,237.2,2.6,970.0,249.3
2019-06-17T09:18:06,29.0,220.9,241.3,2.6,990.0,247.3
2019-06-17T09:18:37,29.4,225.6,249.0,2.6,990.0,249.3
2019-06-17T09:19:08,29.4,226.2,246.1,2.5,1010.0,248.3
2019-06-17T09:19:39,29.4,225.6,248.4,2.7,1020.0,250.2
2019-06-17T09:20:10,29.4,225.6,243.1,2.7,1030.0,249.3
2019-06-17T09:20:41,29.4,220.9,240.7,2.7,1040.0,250.2
2019-06-17T09:21:13,29.7,223.2,234.2,2.8,1050.0,251.2
2019-06-17T09:21:44,29.7,222.1,244.3,2.7,1060.0,251.2
2019-06-17T09:22:15,29.7,227.4,245.5,2.7,1070.0,250.2
2019-06-17T09:22:46,29.7,222.7,246.6,2.7,1080.0,251.2
2019-06-17T09:23:17,29.7,219.1,240.1,2.8,1090.0,250.2
2019-06-17T09:23:48,29.7,225.0,240.7,2.8,1100.0,251.2
2019-06-17T09:24:19,29.7,220.3,237.8,2.8,1110.0,250.2
2019-06-17T09:24:50,29.7,225.0,237.8,2.9,1120.0,250.2
2019-06-17T09:25:21,29.7,221.5,238.4,2.9,1130.0,250.2
2019-06-17T09:25:52,29.7,224.4,236.6,2.8,1140.0,251.2
2019-06-17T09:26:24,30.1,223.8,241.9,2.8,1150.0,250.2
2019-06-17T09:26:55,30.1,223.2,244.9,2.8,1170.0,250.2
2019-06-17T09:27:26,30.1,226.2,238.4,2.9,1180.0,248.3
2019-06-17T09:27:57,30.1,225.0,246.6,2.8,1190.0,249.3
2019-06-17T09:28:28,30.2,220.3,242.5,3.0,1200.0,250.2
2019-06-17T09:28:59,30.2,223.2,243.7,2.9,1210.0,250.2
2019-06-17T09:29:30,30.1,224.4,235.4,2.8,1220.0,250.2
2019-06-17T09:30:01,30.1,218.5,236.0,3.0,1230.0,250.2
2019-06-17T09:30:32,29.7,222.7,240.7,3.0,1240.0,251.2
2019-06-17T09:31:04,30.1,222.7,246.1,3.0,1260.0,250.2
2019-06-17T09:31:35,30.1,222.7,241.9,3.0,1270.0,249.3
2019-06-17T09:32:06,30.2,224.4,239.5,2.9,1280.0,250.2
2019-06-17T09:32:37,30.3,222.1,235.4,3.1,1290.0,249.3
2019-06-17T09:33:08,30.3,222.1,243.1,3.0,1300.0,250.2
2019-06-17T09:33:39,30.3,222.7,244.9,3.1,1310.0,249.3
2019-06-17T09:34:10,30.2,221.5,236.0,3.1,1330.0,250.2
2019-06-17T09:34:41,30.2,217.3,234.8,3.3,1340.0,250.2
2019-06-17T09:35:12,30.3,216.7,237.8,3.3,1350.0,250.2
2019-06-17T09:35:43,30.3,217.3,239.5,3.2,1360.0,249.3
2019-06-17T09:36:15,30.3,220.9,237.2,3.3,1380.0,250.2
2019-06-17T09:36:46,30.4,220.9,243.1,3.2,1390.0,250.2
2019-06-17T09:37:17,30.4,220.9,247.8,3.3,1400.0,250.2
2019-06-17T09:37:48,30.4,216.7,244.9,3.3,1410.0,249.3
2019-06-17T09:38:19,30.5,216.2,240.7,3.4,1420.0,249.3
2019-06-17T09:38:50,30.5,217.3,236.0,3.3,1440.0,248.3
2019-06-17T09:39:21,30.5,222.1,233.6,3.3,1450.0,249.3
2019-06-17T09:39:52,30.5,218.5,234.8,3.4,1460.0,249.3
2019-06-17T09:40:23,30.5,218.5,237.8,3.5,1470.0,249.3
2019-06-17T09:40:54,30.5,221.5,240.7,3.2,1490.0,249.3
2019-06-17T09:41:26,30.5,220.3,238.4,3.3,1500.0,248.3
2019-06-17T09:41:57,30.5,217.3,243.7,3.4,1510.0,248.3
2019-06-17T09:42:28,30.5,219.7,243.1,3.4,1530.0,250.2
2019-06-17T09:42:59,30.5,213.8,239.0,3.6,1540.0,249.3
2019-06-17T09:43:30,30.7,216.2,231.9,3.5,1550.0,250.2
2019-06-17T09:44:01,30.8,216.2,236.0,3.5,1560.0,249.3
2019-06-17T09:44:32,30.8,214.4,234.8,3.6,1580.0,250.2
2019-06-17T09:45:03,30.8,216.7,230.1,3.6,1590.0,250.2
2019-06-17T09:45:34,30.9,215.6,233.0,3.6,1600.0,250.2
2019-06-17T09:46:06,30.9,213.2,240.1,3.6,1620.0,250.2
2019-06-17T09:46:37,31.0,219.7,239.5,3.5,1630.0,250.2
2019-06-17T09:47:08,31.0,215.6,233.6,3.7,1640.0,248.3
2019-06-17T09:47:39,31.1,218.5,237.8,3.5,1660.0,249.3
2019-06-17T09:48:10,31.1,213.8,241.9,3.7,1670.0,248.3
2019-06-17T09:48:41,31.1,215.6,241.9,3.6,1680.0,249.3
2019-06-17T09:49:12,31.0,210.2,237.2,3.8,1700.0,249.3
2019-06-17T09:49:43,30.9,218.5,237.2,3.7,1710.0,249.3
2019-06-17T09:50:14,30.8,215.6,233.0,3.8,1720.0,249.3
2019-06-17T09:50:45,30.5,215.0,237.2,3.6,1740.0,249.3
2019-06-17T09:51:17,30.7,213.8,236.6,3.8,1750.0,248.3
2019-06-17T09:51:48,30.5,213.2,241.9,3.7,1760.0,249.3
2019-06-17T09:52:19,30.4,215.6,236.6,3.8,1780.0,249.3
2019-06-17T09:52:50,30.4,217.9,230.1,3.7,1790.0,249.3
2019-06-17T09:53:21,30.3,216.7,237.2,3.7,1810.0,250.2
2019-06-17T09:53:52,30.4,217.3,243.1,3.8,1820.0,250.2
2019-06-17T09:54:23,30.4,216.2,237.2,3.9,1830.0,248.3
2019-06-17T09:54:54,30.5,217.9,232.4,3.8,1850.0,250.2
2019-06-17T09:55:25,30.7,219.1,230.7,3.8,1860.0,250.2
2019-06-17T09:55:56,30.4,217.3,236.6,3.9,1880.0,250.2
2019-06-17T09:56:28,30.5,215.0,241.3,3.9,1890.0,250.2
2019-06-17T09:56:59,30.5,217.3,239.0,3.9,1900.0,249.3
2019-06-17T09:57:30,30.4,215.0,229.5,3.8,1920.0,250.2
2019-06-17T09:58:01,30.4,216.7,233.6,3.9,1930.0,249.3
2019-06-17T09:58:32,30.5,217.9,230.7,4.0,1950.0,250.2
2019-06-17T09:59:03,30.7,216.7,230.7,3.9,1960.0,250.2
2019-06-17T09:59:34,30.7,215.6,233.6,3.9,1980.0,250.2
2019-06-17T10:00:05,30.8,216.7,238.4,3.9,1990.0,249.3
2019-06-17T10:00:36,30.7,220.3,243.7,3.9,2010.0,250.2
2019-06-17T10:01:08,30.8,217.9,243.1,3.9,2020.0,249.3
2019-06-17T10:01:39,30.8,217.9,234.2,4.0,2030.0,248.3
2019-06-17T10:02:10,30.7,219.7,235.4,3.9,2050.0,250.2
2019-06-17T10:02:41,30.8,217.9,240.7,4.1,2060.0,250.2
2019-06-17T10:03:12,30.9,216.2,243.7,4.0,2080.0,248.3
2019-06-17T10:03:43,30.9,215.0,237.2,4.1,2090.0,249.3
2019-06-17T10:04:14,30.9,214.4,236.6,4.1,2110.0,248.3
2019-06-17T10:04:45,30.9,216.7,243.7,4.1,2120.0,248.3
2019-06-17T10:05:16,30.9,216.7,230.7,4.0,2140.0,247.3
2019-06-17T10:05:47,30.8,214.4,236.0,4.2,2150.0,248.3
2019-06-17T10:06:19,30.7,213.2,231.9,4.2,2170.0,249.3
2019-06-17T10:06:50,30.7,218.5,231.9,4.1,2180.0,249.3
2019-06-17T10:07:21,30.7,215.6,231.3,4.2,2200.0,249.3
2019-06-17T10:07:52,30.5,219.7,231.3,4.0,2210.0,249.3
2019-06-17T10:08:23,30.4,218.5,233.0,4.1,2230.0,249.3
2019-06-17T10:08:54,30.4,213.8,237.2,4.2,2240.0,249.3
2019-06-17T10:09:25,30.4,219.7,236.0,4.2,2260.0,249.3
2019-06-17T10:09:56,30.4,216.7,241.9,4.1,2280.0,250.2
2019-06-17T10:10:27,30.5,215.0,241.9,4.3,2290.0,250.2
2019-06-17T10:10:58,30.5,218.5,230.7,4.1,2310.0,250.2
2019-06-17T10:11:30,30.7,213.2,228.9,4.3,2320.0,250.2
2019-06-17T10:12:01,30.7,215.6,230.1,4.2,2340.0,251.2
2019-06-17T10:12:32,30.8,217.9,231.3,4.1,2350.0,250.2
2019-06-17T10:13:03,30.8,214.4,236.6,4.3,2370.0,251.2
2019-06-17T10:13:34,30.7,218.5,239.5,4.1,2390.0,250.2
2019-06-17T10:14:05,30.8,215.6,231.9,4.3,2400.0,250.2
2019-06-17T10:14:36,30.7,212.0,239.5,4.3,2420.0,250.2
2019-06-17T10:15:07,30.9,213.8,235.4,4.4,2430.0,250.2
2019-06-17T10:15:39,30.9,216.7,227.1,4.2,2450.0,252.2
2019-06-17T10:16:10,31.1,216.7,233.6,4.4,2460.0,251.2
2019-06-17T10:16:41,31.1,216.2,242.5,4.4,2480.0,250.2
2019-06-17T10:17:12,31.0,213.2,236.0,4.4,2500.0,249.3
2019-06-17T10:17:43,31.0,217.3,231.9,4.2,2510.0,250.2
2019-06-17T10:18:14,31.1,213.8,230.1,4.4,2530.0,250.2
2019-06-17T10:18:45,31.2,216.7,239.0,4.4,2540.0,250.2
2019-06-17T10:19:16,31.2,213.8,239.0,4.5,2560.0,250.2
2019-06-17T10:19:47,31.2,216.7,229.5,4.3,2580.0,251.2
2019-06-17T10:20:18,31.1,216.2,229.5,4.5,2590.0,251.2
2019-06-17T10:20:50,31.0,215.0,233.6,4.5,2610.0,251.2
2019-06-17T10:21:21,31.0,211.4,232.4,4.5,2630.0,250.2
2019-06-17T10:21:52,31.1,213.8,239.0,4.6,2640.0,251.2
2019-06-17T10:22:23,31.2,215.6,237.8,4.5,2660.0,250.2
2019-06-17T10:22:54,31.4,216.7,236.6,4.4,2670.0,251.2
2019-06-17T10:23:25,31.4,216.7,225.9,4.5,2690.0,251.2
2019-06-17T10:23:56,31.4,212.0,228.9,4.5,2710.0,251.2
2019-06-17T10:24:27,31.2,212.6,233.6,4.5,2720.0,250.2
2019-06-17T10:24:58,31.4,212.6,238.4,4.6,2740.0,249.3
2019-06-17T10:25:29,31.2,215.6,240.7,4.6,2760.0,251.2
2019-06-17T10:26:01,31.4,217.9,237.2,4.4,2770.0,251.2
2019-06-17T10:26:32,31.4,218.5,230.7,4.5,2790.0,251.2
2019-06-17T10:27:03,31.1,217.3,230.1,4.6,2810.0,251.2
2019-06-17T10:27:34,31.0,215.0,231.9,4.6,2820.0,250.2
2019-06-17T10:28:05,31.1,213.8,229.5,4.7,2840.0,251.2
2019-06-17T10:28:36,31.1,216.7,233.6,4.7,2860.0,250.2
2019-06-17T10:29:07,31.0,214.4,237.2,4.7,2870.0,250.2
2019-06-17T10:29:38,31.0,217.3,240.1,4.7,2890.0,251.2
2019-06-17T10:30:09,31.0,213.8,239.0,4.7,2910.0,251.2
2019-06-17T10:30:40,31.0,216.7,236.6,4.7,2930.0,251.2
2019-06-17T10:31:12,31.0,215.6,231.9,4.7,2940.0,250.2
2019-06-17T10:31:43,31.1,213.8,235.4,4.8,2960.0,250.2
2019-06-17T10:32:14,31.1,216.7,237.8,4.8,2980.0,250.2
2019-06-17T10:32:45,31.1,216.7,233.0,4.8,3000.0,250.2
2019-06-17T10:33:16,31.4,213.8,235.4,4.9,3010.0,250.2
2019-06-17T10:33:47,31.4,217.3,229.5,4.8,3030.0,252.2
2019-06-17T10:34:18,31.5,216.7,230.1,4.7,3050.0,251.2
2019-06-17T10:34:49,31.6,217.9,227.7,4.6,3060.0,251.2
2019-06-17T10:35:20,31.5,217.9,233.0,4.7,3080.0,249.3
2019-06-17T10:35:51,31.6,217.3,239.0,4.8,3100.0,249.3
2019-06-17T10:36:23,31.7,216.7,239.0,4.7,3120.0,250.2
2019-06-17T10:36:54,31.7,218.5,233.6,4.7,3140.0,250.2
2019-06-17T10:37:25,31.8,217.9,230.7,4.8,3150.0,251.2
2019-06-17T10:37:56,31.7,218.5,230.7,4.7,3170.0,250.2
2019-06-17T10:38:27,31.7,215.6,232.4,4.8,3190.0,251.2
2019-06-17T10:38:58,31.7,213.8,234.8,4.9,3210.0,250.2
2019-06-17T10:39:29,31.7,214.4,238.4,5.0,3220.0,251.2
2019-06-17T10:40:00,31.7,213.2,243.7,5.0,3240.0,249.3
2019-06-17T10:40:31,31.7,216.7,238.4,4.9,3260.0,252.2
2019-06-17T10:41:03,31.7,214.4,231.9,4.9,3280.0,250.2
2019-06-17T10:41:34,31.8,214.4,236.0,4.9,3300.0,250.2
2019-06-17T10:42:05,31.8,217.9,239.5,4.7,3310.0,251.2
2019-06-17T10:42:36,31.8,215.0,240.1,5.0,3330.0,251.2
2019-06-17T10:43:07,31.8,213.8,236.6,4.9,3350.0,251.2
2019-06-17T10:43:38,31.7,217.3,236.6,4.8,3370.0,252.2
2019-06-17T10:44:09,31.8,216.2,231.9,4.8,3390.0,251.2
2019-06-17T10:44:40,31.6,215.6,228.3,5.0,3400.0,250.2
2019-06-17T10:45:11,31.6,217.3,228.3,4.9,3420.0,250.2
2019-06-17T10:45:42,31.7,217.9,231.3,4.8,3440.0,248.3
2019-06-17T10:46:14,31.8,218.5,236.0,4.9,3460.0,248.3
2019-06-17T10:46:45,31.8,215.0,240.7,4.9,3480.0,250.2
2019-06-17T10:47:16,31.8,214.4,237.8,5.1,3500.0,249.3
2019-06-17T10:47:47,31.8,212.0,236.0,5.0,3510.0,248.3
2019-06-17T10:48:18,31.9,212.6,235.4,5.0,3530.0,248.3
2019-06-17T10:48:49,31.9,213.8,230.1,5.0,3550.0,248.3
2019-06-17T10:49:20,31.9,216.7,230.7,4.9,3570.0,248.3
2019-06-17T10:49:51,31.9,213.2,229.5,5.0,3590.0,249.3
2019-06-17T10:50:22,32.0,215.6,230.7,5.1,3610.0,249.3
2019-06-17T10:50:53,31.8,211.4,236.0,5.0,3620.0,249.3
2019-06-17T10:51:25,31.6,211.4,230.1,5.0,3640.0,249.3
2019-06-17T10:51:56,31.6,212.6,236.6,5.1,3660.0,249.3
2019-06-17T10:52:27,31.7,210.2,239.0,5.2,3680.0,248.3
2019-06-17T10:52:58,31.7,212.6,236.6,5.1,3700.0,248.3
2019-06-17T10:53:29,31.7,213.8,234.8,5.0,3720.0,249.3
2019-06-17T10:54:00,31.7,212.6,233.6,5.2,3740.0,249.3
2019-06-17T10:54:31,31.9,211.4,230.7,5.2,3750.0,249.3
2019-06-17T10:55:02,31.9,213.8,225.9,5.0,3770.0,250.2
2019-06-17T10:55:33,31.9,209.1,228.9,5.1,3790.0,249.3
2019-06-17T10:56:05,32.0,210.2,233.6,5.1,3810.0,249.3
2019-06-17T10:56:36,32.2,212.6,236.6,5.2,3830.0,248.3
2019-06-17T10:57:07,32.3,212.6,223.6,5.2,3850.0,247.3
2019-06-17T10:57:38,32.4,210.2,229.5,5.3,3870.0,249.3
2019-06-17T10:58:09,32.4,209.7,236.6,5.3,3880.0,249.3
2019-06-17T10:58:40,32.4,212.0,232.4,5.3,3900.0,250.2
2019-06-17T10:59:11,32.4,212.6,231.9,5.3,3920.0,249.3
2019-06-17T10:59:42,32.4,212.6,226.5,5.3,3940.0,249.3
2019-06-17T11:00:13,32.4,209.1,225.4,5.4,3960.0,249.3
2019-06-17T11:00:44,32.5,212.6,232.4,5.3,3980.0,250.2
2019-06-17T11:01:16,32.6,210.8,233.6,5.4,4000.0,251.2
2019-06-17T11:01:47,32.7,210.2,233.6,5.3,4020.0,250.2
2019-06-17T11:02:18,32.7,209.7,233.0,5.3,4040.0,251.2
2019-06-17T11:02:49,32.7,212.0,234.2,5.4,4060.0,252.2
2019-06-17T11:03:20,32.7,210.8,237.2,5.4,4070.0,250.2
2019-06-17T11:03:51,32.7,209.1,225.9,5.3,4090.0,252.2
2019-06-17T11:04:22,32.5,212.0,230.7,5.4,4110.0,252.2
2019-06-17T11:04:53,32.4,215.6,232.4,5.3,4130.0,250.2
2019-06-17T11:05:24,32.4,213.8,233.6,5.3,4150.0,250.2
2019-06-17T11:05:55,32.5,212.0,237.2,5.4,4170.0,251.2
2019-06-17T11:06:27,32.6,209.7,227.1,5.4,4190.0,251.2
2019-06-17T11:06:58,32.6,207.9,227.1,5.5,4210.0,250.2
2019-06-17T11:07:29,32.7,210.2,235.4,5.5,4230.0,252.2
2019-06-17T11:08:00,32.9,209.7,230.1,5.5,4250.0,251.2
2019-06-17T11:08:31,32.9,207.3,229.5,5.4,4270.0,251.2
2019-06-17T11:09:02,32.7,208.5,236.0,5.5,4290.0,251.2
2019-06-17T11:09:33,32.7,208.5,236.6,5.5,4310.0,251.2
2019-06-17T11:10:04,32.7,207.9,230.7,5.5,4330.0,252.2
2019-06-17T11:10:35,32.7,207.9,225.4,5.5,4340.0,251.2
2019-06-17T11:11:07,32.7,209.7,226.5,5.5,4370.0,252.2
2019-06-17T11:11:38,32.6,208.5,226.5,5.5,4380.0,252.2
2019-06-17T11:12:09,32.6,208.5,229.5,5.5,4400.0,253.1
2019-06-17T11:12:40,32.5,212.6,236.6,5.5,4420.0,252.2
2019-06-17T11:13:11,32.4,209.7,232.4,5.5,4440.0,252.2
2019-06-17T11:13:42,32.5,215.0,230.1,5.4,4460.0,252.2
2019-06-17T11:14:13,32.6,210.2,230.7,5.6,4480.0,253.1
2019-06-17T11:14:44,32.7,213.8,230.1,5.4,4500.0,252.2
2019-06-17T11:15:15,32.9,214.4,231.3,5.4,4520.0,253.1
2019-06-17T11:15:46,32.9,209.7,231.3,5.6,4540.0,252.2
2019-06-17T11:16:18,32.7,210.8,231.3,5.6,4560.0,252.2
2019-06-17T11:16:49,32.9,214.4,227.1,5.5,4580.0,253.1
2019-06-17T11:17:20,32.9,212.0,226.5,5.5,4600.0,253.1
2019-06-17T11:17:51,32.7,210.2,227.7,5.7,4620.0,251.2
2019-06-17T11:18:22,32.9,214.4,231.9,5.4,4640.0,251.2
2019-06-17T11:18:53,32.9,210.8,237.8,5.5,4660.0,252.2
2019-06-17T11:19:24,32.7,212.6,234.8,5.6,4680.0,251.2
2019-06-17T11:19:55,32.9,212.6,230.1,5.6,4700.0,252.2
2019-06-17T11:20:26,32.9,213.8,228.9,5.5,4720.0,252.2
2019-06-17T11:20:57,32.9,212.0,225.9,5.7,4740.0,252.2
2019-06-17T11:21:29,32.9,210.8,225.4,5.7,4760.0,252.2
2019-06-17T11:22:00,33.0,210.2,228.9,5.7,4780.0,252.2
2019-06-17T11:22:31,32.9,213.8,232.4,5.5,4800.0,251.2
2019-06-17T11:23:02,33.0,209.7,237.2,5.7,4820.0,252.2
2019-06-17T11:23:33,33.1,213.2,233.6,5.5,4840.0,251.2
2019-06-17T11:24:04,33.1,212.6,231.3,5.6,4860.0,251.2
2019-06-17T11:24:35,33.2,210.2,227.1,5.7,4880.0,251.2
2019-06-17T11:25:06,33.2,209.7,225.9,5.8,4900.0,252.2
2019-06-17T11:25:37,33.2,208.5,226.5,5.7,4920.0,252.2
2019-06-17T11:26:09,33.2,209.1,228.9,5.8,4940.0,252.2
2019-06-17T11:26:40,33.3,207.9,230.7,5.8,4970.0,252.2
2019-06-17T11:27:11,33.4,208.5,234.2,5.7,4990.0,251.2
2019-06-17T11:27:42,33.4,208.5,231.9,5.7,5010.0,250.2
2019-06-17T11:28:13,33.5,212.0,228.9,5.7,5030.0,251.2
2019-06-17T11:28:44,33.5,209.7,232.4,5.8,5050.0,252.2
2019-06-17T11:29:15,33.7,210.8,232.4,5.6,5070.0,251.2
2019-06-17T11:29:46,33.7,209.1,228.3,5.7,5090.0,251.2
2019-06-17T11:30:17,33.7,209.1,230.7,5.8,5110.0,251.2
2019-06-17T11:30:48,33.8,206.7,236.6,5.8,5130.0,251.2
2019-06-17T11:31:20,33.8,208.5,236.6,5.7,5150.0,252.2
2019-06-17T11:31:51,33.7,208.5,233.6,5.9,5170.0,250.2
2019-06-17T11:32:22,33.7,211.4,231.3,5.7,5190.0,252.2
2019-06-17T11:32:53,33.5,212.0,224.8,5.8,5210.0,250.2
2019-06-17T11:33:24,33.5,210.8,227.7,5.8,5230.0,252.2
2019-06-17T11:33:55,33.5,213.2,228.9,5.7,5250.0,253.1
2019-06-17T11:34:26,33.7,210.2,227.1,5.7,5270.0,251.2
2019-06-17T11:34:57,33.8,211.4,228.3,5.7,5290.0,252.2
2019-06-17T11:35:28,33.8,212.6,227.7,5.8,5310.0,251.2
2019-06-17T11:35:59,33.8,207.3,233.6,5.8,5340.0,251.2
2019-06-17T11:36:31,33.9,207.3,236.6,5.8,5360.0,251.2
2019-06-17T11:37:02,33.9,207.9,237.2,5.8,5380.0,251.2
2019-06-17T11:37:33,33.9,210.2,231.9,5.9,5400.0,252.2
2019-06-17T11:38:04,33.9,212.0,231.9,5.7,5420.0,251.2
2019-06-17T11:38:35,33.9,209.7,228.9,5.8,5440.0,251.2
2019-06-17T11:39:06,33.9,206.7,230.7,5.8,5460.0,252.2
2019-06-17T11:39:37,34.0,208.5,228.9,5.9,5480.0,250.2
2019-06-17T11:40:08,34.0,209.1,225.4,5.9,5500.0,252.2
2019-06-17T11:40:39,34.0,207.3,231.9,5.9,5520.0,252.2
2019-06-17T11:41:11,34.0,211.4,234.8,5.7,5540.0,252.2
2019-06-17T11:41:42,34.0,211.4,231.9,5.7,5560.0,251.2
2019-06-17T11:42:13,34.1,210.8,229.5,5.8,5590.0,253.1
2019-06-17T11:42:44,34.0,211.4,230.1,5.7,5610.0,253.1
2019-06-17T11:43:15,34.1,206.7,232.4,5.9,5630.0,252.2
2019-06-17T11:43:46,34.2,210.2,230.1,5.9,5650.0,252.2
2019-06-17T11:44:17,34.2,211.4,227.7,5.8,5670.0,252.2
2019-06-17T11:44:48,34.4,204.9,226.5,6.0,5690.0,252.2
2019-06-17T11:45:19,34.4,205.5,228.9,6.0,5710.0,251.2
2019-06-17T11:45:50,34.2,211.4,231.9,5.9,5730.0,251.2
2019-06-17T11:46:22,34.2,210.8,224.2,5.9,5750.0,251.2
2019-06-17T11:46:53,34.2,207.3,227.7,6.1,5770.0,252.2
2019-06-17T11:47:24,34.2,207.9,224.2,6.0,5800.0,252.2
2019-06-17T11:47:55,34.4,206.7,227.7,6.1,5820.0,251.2
2019-06-17T11:48:26,34.4,210.2,228.9,5.9,5840.0,251.2
2019-06-17T11:48:57,34.2,211.4,231.9,5.8,5860.0,253.1
2019-06-17T11:49:28,34.2,210.2,233.6,6.0,5880.0,252.2
2019-06-17T11:49:59,34.2,209.1,232.4,6.0,5900.0,252.2
2019-06-17T11:50:30,34.2,208.5,228.9,5.9,5920.0,253.1
2019-06-17T11:51:01,34.4,211.4,227.1,5.9,5940.0,252.2
2019-06-17T11:51:32,34.4,212.0,231.9,5.9,5960.0,252.2
2019-06-17T11:52:03,34.4,205.5,227.7,6.0,5990.0,251.2
2019-06-17T11:52:34,34.4,209.7,230.1,5.9,6010.0,252.2
2019-06-17T11:53:05,34.4,209.7,229.5,5.9,6030.0,252.2
2019-06-17T11:53:36,34.2,206.1,225.9,6.0,6050.0,252.2
2019-06-17T11:54:07,34.2,210.2,225.4,6.0,6070.0,252.2
2019-06-17T11:54:38,34.2,209.7,224.8,5.9,6090.0,252.2
2019-06-17T11:55:09,34.2,210.2,228.9,5.9,6110.0,251.2
2019-06-17T11:55:41,34.4,204.3,231.9,6.0,6130.0,251.2
2019-06-17T11:56:12,34.4,206.7,228.9,6.0,6160.0,252.2
2019-06-17T11:56:43,34.4,209.1,235.4,6.0,6180.0,252.2
2019-06-17T11:57:14,34.5,204.9,231.9,6.1,6200.0,251.2
2019-06-17T11:57:45,34.6,204.3,233.0,6.1,6220.0,252.2
2019-06-17T11:58:16,34.6,210.2,230.7,5.9,6240.0,252.2
2019-06-17T11:58:47,34.7,207.9,226.5,6.0,6260.0,251.2
2019-06-17T11:59:18,34.7,203.7,230.7,6.2,6280.0,252.2
2019-06-17T11:59:49,34.8,202.6,228.9,6.1,6310.0,251.2
2019-06-17T12:00:20,34.7,205.5,221.8,6.1,6330.0,252.2
2019-06-17T12:00:52,34.7,205.5,221.2,6.2,6350.0,251.2
2019-06-17T12:01:23,34.7,203.7,230.7,6.2,6370.0,251.2
2019-06-17T12:01:54,34.8,208.5,230.7,6.0,6390.0,251.2
2019-06-17T12:02:25,34.8,207.9,228.3,6.1,6410.0,251.2
2019-06-17T12:02:56,34.8,206.7,227.7,6.1,6430.0,251.2
2019-06-17T12:03:27,34.6,204.3,223.6,6.2,6460.0,251.2
2019-06-17T12:03:58,34.6,204.3,221.2,6.2,6480.0,251.2
2019-06-17T12:04:29,34.6,203.7,222.4,6.2,6500.0,251.2
2019-06-17T12:05:00,34.5,207.3,225.9,6.2,6520.0,251.2
2019-06-17T12:05:32,34.6,206.7,230.7,6.1,6540.0,252.2
2019-06-17T12:06:03,34.6,205.5,230.7,6.2,6560.0,253.1
2019-06-17T12:06:34,34.6,206.7,230.1,6.2,6580.0,252.2
2019-06-17T12:07:06,34.6,209.7,233.6,6.1,6610.0,251.2
2019-06-17T12:07:37,34.6,207.9,231.3,6.0,6630.0,252.2
2019-06-17T12:08:08,34.7,207.3,233.6,6.1,6650.0,253.1
2019-06-17T12:08:39,34.7,208.5,230.7,6.1,6670.0,252.2
2019-06-17T12:09:10,34.7,211.4,227.7,6.0,6690.0,252.2
2019-06-17T12:09:41,34.8,206.7,228.9,6.2,6710.0,254.1
2019-06-17T12:10:12,34.8,208.5,229.5,6.2,6740.0,252.2
2019-06-17T12:10:43,34.8,204.9,221.2,6.2,6760.0,253.1
2019-06-17T12:11:15,34.9,204.3,226.5,6.2,6780.0,253.1
2019-06-17T12:11:46,35.0,207.3,230.7,6.2,6800.0,253.1
2019-06-17T12:12:17,34.8,206.7,234.8,6.2,6820.0,251.2
2019-06-17T12:12:48,34.7,206.7,231.9,6.2,6840.0,251.2
2019-06-17T12:13:19,34.8,208.5,231.3,6.1,6870.0,252.2
2019-06-17T12:13:50,34.8,207.9,232.4,6.1,6890.0,250.2
2019-06-17T12:14:21,34.9,209.7,234.2,6.1,6910.0,251.2
2019-06-17T12:14:52,34.9,209.7,230.7,6.1,6930.0,252.2
2019-06-17T12:15:23,34.9,205.5,229.5,6.2,6950.0,251.2
2019-06-17T12:15:54,34.9,203.7,228.9,5.9,6970.0,252.2
2019-06-17T12:16:26,34.8,209.7,229.5,6.2,7000.0,251.2
2019-06-17T12:16:57,34.8,203.7,234.8,6.2,7020.0,251.2
2019-06-17T12:17:28,34.9,206.1,230.7,6.3,7040.0,251.2
2019-06-17T12:17:59,34.9,204.9,224.8,6.3,7060.0,252.2
2019-06-17T12:18:30,35.0,207.3,226.5,6.1,7080.0,251.2
2019-06-17T12:19:01,35.2,205.5,229.5,6.2,7100.0,251.2
2019-06-17T12:19:32,35.3,202.6,229.5,6.3,7130.0,251.2
2019-06-17T12:20:03,35.2,210.2,230.7,6.1,7150.0,251.2
2019-06-17T12:20:34,34.9,199.6,228.9,6.1,7170.0,252.2
2019-06-17T12:21:06,35.0,195.5,230.1,6.4,7190.0,252.2
2019-06-17T12:21:37,34.9,203.2,230.1,6.4,7210.0,252.2
2019-06-17T12:22:08,34.8,198.4,229.5,6.2,7230.0,251.2
2019-06-17T12:22:39,34.6,192.5,225.4,6.3,7260.0,252.2
2019-06-17T12:23:10,34.5,209.7,223.6,6.2,7280.0,252.2
2019-06-17T12:23:41,34.6,197.3,228.9,6.4,7300.0,251.2
2019-06-17T12:24:12,34.6,204.9,227.1,6.2,7320.0,252.2
2019-06-17T12:24:43,34.6,207.9,227.1,6.0,7340.0,251.2
2019-06-17T12:25:14,34.5,205.5,223.0,5.9,7360.0,251.2
2019-06-17T12:25:45,34.2,195.5,218.8,6.3,7380.0,251.2
2019-06-17T12:26:17,34.1,191.3,221.8,6.3,7400.0,252.2
2019-06-17T12:26:48,34.1,199.6,224.8,6.1,7430.0,250.2
2019-06-17T12:27:19,34.2,203.2,224.2,6.3,7450.0,251.2
2019-06-17T12:27:50,34.4,209.7,229.5,5.9,7470.0,252.2
2019-06-17T12:28:21,34.4,197.3,226.5,6.2,7490.0,251.2
2019-06-17T12:28:52,34.4,194.9,231.9,6.3,7510.0,252.2
2019-06-17T12:29:23,34.2,205.5,223.0,6.3,7530.0,252.2
2019-06-17T12:29:54,34.4,207.3,220.6,6.2,7550.0,250.2
2019-06-17T12:30:25,34.6,207.9,219.4,6.2,7570.0,251.2
2019-06-17T12:30:56,34.7,201.4,224.2,6.2,7600.0,251.2
2019-06-17T12:31:28,34.8,202.6,225.9,5.9,7620.0,251.2
2019-06-17T12:31:59,34.9,206.1,228.3,6.2,7640.0,252.2
2019-06-17T12:32:30,35.0,203.7,228.3,5.6,7660.0,251.2
2019-06-17T12:33:01,35.0,204.3,224.8,5.6,7680.0,251.2
2019-06-17T12:33:32,35.2,193.7,226.5,6.2,7700.0,250.2
2019-06-17T12:34:03,34.7,196.7,224.8,6.2,7720.0,251.2
2019-06-17T12:34:34,34.7,210.8,224.8,6.0,7750.0,252.2
2019-06-17T12:35:05,34.9,206.1,223.6,5.9,7770.0,251.2
2019-06-17T12:35:36,35.0,210.8,221.2,5.7,7790.0,250.2
2019-06-17T12:36:08,34.9,201.4,231.9,5.9,7810.0,251.2
2019-06-17T12:36:39,35.0,196.1,228.9,6.3,7830.0,251.2
2019-06-17T12:37:10,35.2,197.3,227.7,6.2,7850.0,250.2
2019-06-17T12:37:41,35.2,200.8,224.2,5.8,7870.0,249.3
2019-06-17T12:38:12,35.0,200.8,219.4,5.9,7890.0,252.2
2019-06-17T12:38:43,34.9,193.7,230.1,6.2,7910.0,251.2
2019-06-17T12:39:14,34.7,196.7,220.0,6.2,7940.0,250.2
2019-06-17T12:39:45,34.7,199.6,221.2,6.1,7960.0,250.2
2019-06-17T12:40:16,34.8,196.7,217.7,6.2,7980.0,251.2
2019-06-17T12:40:47,34.7,197.3,221.2,6.2,8000.0,251.2
2019-06-17T12:41:19,34.6,206.1,224.8,5.8,8020.0,250.2
2019-06-17T12:41:50,34.7,210.2,228.3,5.9,8040.0,249.3
2019-06-17T12:42:21,34.8,209.1,228.9,5.4,8060.0,252.2
2019-06-17T12:42:52,34.9,204.3,225.9,6.2,8080.0,252.2
2019-06-17T12:43:23,35.2,207.3,224.2,5.8,8110.0,251.2
2019-06-17T12:43:54,35.0,203.7,221.2,6.4,8130.0,250.2
2019-06-17T12:44:25,35.2,200.8,223.6,6.3,8150.0,251.2
2019-06-17T12:44:56,35.2,199.6,225.9,6.1,8170.0,251.2
2019-06-17T12:45:27,35.3,196.1,226.5,6.4,8190.0,251.2
2019-06-17T12:45:58,35.3,196.7,232.4,6.3,8210.0,252.2
2019-06-17T12:46:30,35.3,200.2,230.7,6.3,8240.0,251.2
2019-06-17T12:47:01,35.4,203.2,230.1,6.3,8260.0,253.1
2019-06-17T12:47:32,35.4,207.3,224.2,5.6,8280.0,252.2
2019-06-17T12:48:03,35.4,203.2,227.7,6.4,8300.0,253.1
2019-06-17T12:48:34,35.4,203.2,231.9,5.8,8320.0,252.2
2019-06-17T12:49:05,35.3,196.7,230.7,6.3,8340.0,252.2
2019-06-17T12:49:36,35.3,197.3,226.5,6.3,8360.0,253.1
2019-06-17T12:50:07,35.3,200.2,229.5,6.3,8390.0,252.2
2019-06-17T12:50:38,35.4,210.8,225.9,5.5,8410.0,253.1
2019-06-17T12:51:10,35.4,216.7,231.9,4.9,8430.0,252.2
2019-06-17T12:51:41,35.5,210.2,230.7,6.1,8450.0,252.2
2019-06-17T12:52:12,35.6,202.0,230.1,6.2,8470.0,253.1
2019-06-17T12:52:43,35.6,195.5,225.9,6.2,8490.0,254.1
2019-06-17T12:53:14,35.6,204.9,220.0,5.7,8510.0,253.1
2019-06-17T12:53:45,35.7,199.6,221.8,6.0,8540.0,252.2
2019-06-17T12:54:16,35.6,197.8,224.8,6.3,8560.0,253.1
2019-06-17T12:54:47,35.6,195.5,220.6,5.5,8580.0,255.1
2019-06-17T12:55:18,35.6,196.7,223.0,6.2,8600.0,254.1
2019-06-17T12:55:49,35.6,196.1,224.8,6.2,8620.0,253.1
2019-06-17T12:56:21,35.6,197.3,224.2,6.2,8640.0,252.2
2019-06-17T12:56:52,35.6,197.8,220.0,6.3,8660.0,251.2
2019-06-17T12:57:23,35.7,201.4,223.6,5.8,8680.0,252.2
2019-06-17T12:57:54,35.7,197.8,224.2,6.1,8710.0,250.2
2019-06-17T12:58:25,35.6,191.3,227.1,6.4,8730.0,252.2
2019-06-17T12:58:56,35.7,197.3,223.0,6.1,8750.0,251.2
2019-06-17T12:59:27,35.9,197.3,225.9,6.1,8770.0,251.2
2019-06-17T12:59:58,36.0,195.5,223.0,6.2,8790.0,252.2
2019-06-17T13:00:29,35.9,189.6,218.8,6.3,8810.0,252.2
2019-06-17T13:01:00,35.6,199.0,224.8,5.9,8830.0,252.2
2019-06-17T13:01:31,35.6,196.1,228.9,6.1,8850.0,253.1
2019-06-17T13:02:02,35.7,199.0,224.2,5.3,8870.0,251.2
2019-06-17T13:02:33,35.9,206.1,227.7,5.5,8890.0,251.2
2019-06-17T13:03:04,35.9,194.3,225.4,6.2,8920.0,252.2
2019-06-17T13:03:35,36.0,187.8,225.9,6.1,8940.0,252.2
2019-06-17T13:04:06,36.1,192.5,223.6,6.3,8960.0,252.2
2019-06-17T13:04:37,36.1,194.3,220.0,6.3,8980.0,252.2
2019-06-17T13:05:08,36.2,197.8,220.6,5.2,9000.0,254.1
2019-06-17T13:05:40,36.2,189.0,218.8,6.1,9020.0,252.2
2019-06-17T13:06:11,36.1,185.4,219.4,6.1,9040.0,252.2
2019-06-17T13:06:42,36.1,186.0,223.6,5.5,9060.0,252.2
2019-06-17T13:07:13,36.1,190.8,226.5,6.3,9080.0,253.1
2019-06-17T13:07:44,36.1,184.3,223.0,6.3,9100.0,252.2
2019-06-17T13:08:15,36.0,186.0,223.6,6.2,9120.0,253.1
2019-06-17T13:08:46,35.7,183.1,223.0,6.3,9140.0,253.1
2019-06-17T13:09:17,36.0,179.5,224.2,6.1,9160.0,253.1
2019-06-17T13:09:48,36.0,182.5,225.9,6.3,9180.0,253.1
2019-06-17T13:10:19,36.1,183.7,225.9,6.2,9200.0,253.1
2019-06-17T13:10:51,36.1,183.7,227.1,6.2,9220.0,253.1
2019-06-17T13:11:22,36.2,183.1,231.3,6.2,9240.0,252.2
2019-06-17T13:11:53,36.1,185.4,227.7,6.1,9270.0,253.1
2019-06-17T13:12:24,36.1,183.7,225.9,6.2,9290.0,253.1
2019-06-17T13:12:55,36.0,184.3,226.5,6.2,9310.0,251.2
2019-06-17T13:13:26,35.7,184.3,224.8,6.3,9330.0,251.2
2019-06-17T13:13:57,35.6,181.3,223.6,6.3,9350.0,250.2
2019-06-17T13:14:28,35.5,182.5,221.8,6.3,9370.0,250.2
2019-06-17T13:14:59,35.6,181.3,218.3,6.3,9390.0,250.2
2019-06-17T13:15:30,35.7,186.0,216.5,6.0,9410.0,250.2
2019-06-17T13:16:02,35.6,178.3,217.7,6.2,9430.0,249.3
2019-06-17T13:16:33,35.5,178.3,218.3,5.8,9450.0,251.2
2019-06-17T13:17:04,35.0,174.2,216.5,6.3,9470.0,250.2
2019-06-17T13:17:35,35.0,183.1,214.7,4.6,9490.0,251.2
2019-06-17T13:18:06,34.9,185.4,220.6,5.4,9510.0,250.2
2019-06-17T13:18:37,34.8,178.9,214.1,5.7,9530.0,251.2
2019-06-17T13:19:08,34.9,175.4,221.8,5.8,9540.0,250.2
2019-06-17T13:19:39,35.2,157.7,220.0,6.6,9560.0,252.2
2019-06-17T13:20:10,35.3,155.3,217.1,6.6,9580.0,253.1
2019-06-17T13:20:41,35.4,159.4,219.4,6.5,9600.0,253.1
2019-06-17T13:21:13,35.5,161.2,220.0,6.4,9620.0,252.2
2019-06-17T13:21:44,35.6,160.0,225.9,6.5,9640.0,251.2
2019-06-17T13:22:15,35.7,160.0,228.9,6.5,9660.0,253.1
2019-06-17T13:22:46,35.7,160.0,225.4,6.4,9680.0,251.2
2019-06-17T13:23:17,35.7,161.8,227.7,6.3,9700.0,253.1
2019-06-17T13:23:48,35.7,157.7,225.4,6.6,9720.0,252.2
2019-06-17T13:24:19,35.9,155.3,220.0,6.6,9740.0,252.2
2019-06-17T13:24:50,35.9,164.2,219.4,6.3,9760.0,253.1
2019-06-17T13:25:21,35.9,162.4,223.0,6.3,9780.0,253.1
2019-06-17T13:25:52,35.9,161.8,221.2,6.4,9800.0,251.2
2019-06-17T13:26:24,35.7,161.8,224.2,6.5,9820.0,252.2
2019-06-17T13:26:55,35.9,161.2,229.5,6.4,9840.0,252.2
2019-06-17T13:27:26,35.9,163.6,228.3,6.3,9860.0,252.2
2019-06-17T13:27:57,35.7,163.0,222.4,6.4,9880.0,251.2
2019-06-17T13:28:28,35.5,165.9,218.8,6.2,9900.0,252.2
2019-06-17T13:28:59,35.7,156.5,227.7,6.5,9910.0,252.2
2019-06-17T13:29:30,35.7,158.3,227.1,6.5,9930.0,253.1
2019-06-17T13:30:01,35.9,163.0,228.9,6.4,9950.0,252.2
2019-06-17T13:30:32,35.9,163.6,218.8,6.2,9970.0,252.2
2019-06-17T13:31:04,35.9,160.0,225.4,6.5,9990.0,253.1
2019-06-17T13:31:35,35.6,158.3,226.5,6.5,10010.0,252.2
2019-06-17T13:32:06,35.7,155.3,227.7,6.7,10030.0,251.2
2019-06-17T13:32:37,35.7,162.4,229.5,6.4,10050.0,252.2
2019-06-17T13:33:08,35.6,157.7,231.9,6.5,10070.0,251.2
2019-06-17T13:33:39,35.7,163.6,227.1,6.2,10090.0,250.2
2019-06-17T13:34:10,35.9,157.1,226.5,6.5,10110.0,251.2
2019-06-17T13:34:41,35.7,156.5,221.8,6.4,10130.0,251.2
2019-06-17T13:35:12,35.7,158.3,223.6,6.3,10150.0,251.2
2019-06-17T13:35:43,35.6,163.6,225.4,5.5,10170.0,251.2
2019-06-17T13:36:15,35.5,163.0,225.4,6.3,10190.0,251.2
2019-06-17T13:36:46,35.6,158.3,230.7,6.5,10210.0,251.2
2019-06-17T13:37:17,35.7,154.7,224.2,6.2,10220.0,251.2
2019-06-17T13:37:48,35.6,156.5,223.6,6.6,10240.0,251.2
2019-06-17T13:38:19,35.5,162.4,221.8,5.7,10260.0,251.2
2019-06-17T13:38:50,35.4,161.8,217.1,6.4,10280.0,250.2
2019-06-17T13:39:21,35.2,160.0,227.7,5.9,10300.0,250.2
2019-06-17T13:39:52,35.0,166.5,224.2,6.1,10320.0,249.3
2019-06-17T13:40:23,35.3,158.9,225.9,6.5,10340.0,249.3
2019-06-17T13:40:54,35.3,160.6,220.0,6.3,10360.0,248.3
2019-06-17T13:41:26,35.0,168.3,220.6,6.0,10380.0,249.3
2019-06-17T13:41:57,35.0,157.1,221.8,5.9,10390.0,249.3
2019-06-17T13:42:28,35.0,160.6,227.1,6.0,10410.0,248.3
2019-06-17T13:42:59,35.0,157.7,220.6,6.4,10430.0,251.2
2019-06-17T13:43:30,35.0,152.9,223.0,6.4,10450.0,249.3
2019-06-17T13:44:01,34.9,163.6,225.9,6.1,10470.0,249.3
2019-06-17T13:44:32,35.0,163.0,227.1,6.3,10490.0,250.2
2019-06-17T13:45:03,35.2,157.7,227.1,6.4,10510.0,249.3
2019-06-17T13:45:34,35.4,157.7,227.1,6.4,10530.0,249.3
2019-06-17T13:46:06,35.4,159.4,223.0,6.3,10550.0,249.3
2019-06-17T13:46:37,35.5,156.5,227.1,5.9,10570.0,249.3
2019-06-17T13:47:08,35.5,154.7,217.1,6.2,10580.0,249.3
2019-06-17T13:47:39,35.5,147.6,215.9,6.3,10600.0,247.3
2019-06-17T13:48:10,35.5,150.0,218.3,6.4,10620.0,249.3
2019-06-17T13:48:41,35.6,147.6,218.8,6.4,10640.0,248.3
2019-06-17T13:49:12,35.7,149.4,224.8,5.5,10660.0,249.3
2019-06-17T13:49:43,35.6,148.8,227.7,6.1,10680.0,248.3
2019-06-17T13:50:14,35.5,161.2,225.9,6.1,10690.0,249.3
2019-06-17T13:50:45,35.6,166.5,221.8,5.8,10710.0,247.3
2019-06-17T13:51:17,35.5,161.2,218.3,6.0,10730.0,247.3
2019-06-17T13:51:48,35.5,154.1,218.8,5.9,10750.0,246.4
2019-06-17T13:52:19,35.5,146.4,221.8,6.3,10770.0,247.3
2019-06-17T13:52:50,35.6,150.6,217.7,6.1,10790.0,247.3
2019-06-17T13:53:21,35.6,150.0,224.8,6.2,10800.0,247.3
2019-06-17T13:53:52,35.7,147.0,218.8,6.2,10820.0,249.3
2019-06-17T13:54:23,35.9,145.3,224.2,6.3,10840.0,249.3
2019-06-17T13:54:54,36.0,144.7,223.0,6.4,10860.0,250.2
2019-06-17T13:55:25,36.0,150.0,228.9,6.1,10880.0,248.3
2019-06-17T13:55:56,36.1,145.3,225.9,6.3,10890.0,249.3
2019-06-17T13:56:28,36.2,150.6,223.6,6.1,10910.0,247.3
2019-06-17T13:56:59,36.2,141.1,220.6,6.3,10930.0,246.4
2019-06-17T13:57:30,36.0,142.3,220.6,6.1,10950.0,247.3
2019-06-17T13:58:01,35.7,148.2,220.6,6.2,10960.0,247.3
2019-06-17T13:58:32,35.7,153.5,221.8,6.0,10980.0,247.3
2019-06-17T13:59:03,36.0,147.6,217.7,5.7,11000.0,248.3
2019-06-17T13:59:34,35.9,142.9,220.0,5.9,11020.0,248.3
2019-06-17T14:00:05,35.7,141.7,223.0,6.3,11040.0,250.2
2019-06-17T14:00:36,35.7,152.9,227.1,6.0,11050.0,249.3
2019-06-17T14:01:08,35.9,144.7,225.4,6.3,11070.0,249.3
2019-06-17T14:01:39,36.0,146.4,231.3,6.2,11090.0,248.3
2019-06-17T14:02:10,36.1,151.8,226.5,6.0,11110.0,249.3
2019-06-17T14:02:41,36.1,151.2,217.7,6.0,11130.0,248.3
2019-06-17T14:03:12,36.1,152.4,222.4,6.0,11140.0,250.2
2019-06-17T14:03:43,36.2,153.5,219.4,5.8,11160.0,250.2
2019-06-17T14:04:14,36.2,159.4,230.7,5.6,11180.0,249.3
2019-06-17T14:04:45,36.2,150.0,223.6,6.1,11200.0,249.3
2019-06-17T14:05:16,36.3,152.9,220.6,5.6,11210.0,249.3
2019-06-17T14:05:47,36.3,152.4,219.4,5.9,11230.0,251.2
2019-06-17T14:06:19,36.4,138.2,217.7,6.1,11250.0,251.2
2019-06-17T14:06:50,36.2,137.0,221.2,6.1,11270.0,251.2
2019-06-17T14:07:21,36.2,141.1,222.4,6.1,11280.0,248.3
2019-06-17T14:07:52,36.2,140.5,223.0,6.0,11300.0,249.3
2019-06-17T14:08:23,36.3,138.2,231.9,6.2,11320.0,249.3
2019-06-17T14:08:54,36.3,152.4,227.1,5.9,11340.0,250.2
2019-06-17T14:09:25,36.4,154.1,223.6,5.8,11350.0,249.3
2019-06-17T14:09:56,36.4,152.9,220.0,5.8,11370.0,250.2
2019-06-17T14:10:27,36.5,146.4,220.6,6.0,11390.0,248.3
2019-06-17T14:10:58,36.5,149.4,215.9,5.9,11410.0,250.2
2019-06-17T14:11:30,36.5,152.4,220.6,5.8,11420.0,251.2
2019-06-17T14:12:01,36.7,151.8,223.6,5.9,11440.0,251.2
2019-06-17T14:12:32,36.7,152.9,227.7,5.8,11460.0,251.2
2019-06-17T14:13:03,36.5,151.2,228.9,5.8,11480.0,249.3
2019-06-17T14:13:34,36.5,155.3,227.7,4.6,11490.0,248.3
2019-06-17T14:14:05,36.4,152.4,223.6,5.7,11510.0,248.3
2019-06-17T14:14:36,36.3,141.7,224.8,5.8,11530.0,249.3
2019-06-17T14:15:07,36.3,148.8,218.3,5.4,11540.0,249.3
2019-06-17T14:15:39,36.3,152.4,221.8,5.4,11560.0,248.3
2019-06-17T14:16:10,36.4,154.7,220.0,5.0,11580.0,248.3
2019-06-17T14:16:41,36.4,154.7,224.8,5.3,11590.0,249.3
2019-06-17T14:17:12,36.5,157.1,227.1,5.4,11610.0,250.2
2019-06-17T14:17:43,36.5,161.2,218.8,4.1,11630.0,248.3
2019-06-17T14:18:14,36.5,151.8,230.1,5.0,11640.0,248.3
2019-06-17T14:18:45,36.5,140.0,224.2,5.8,11660.0,248.3
2019-06-17T14:19:16,36.7,141.7,218.3,5.8,11680.0,249.3
2019-06-17T14:19:47,36.7,142.3,221.8,5.7,11690.0,249.3
2019-06-17T14:20:18,36.7,132.9,225.4,5.9,11710.0,247.3
2019-06-17T14:20:50,36.7,141.1,231.9,5.8,11730.0,249.3
2019-06-17T14:21:21,36.7,138.2,230.1,5.8,11740.0,249.3
2019-06-17T14:21:52,36.7,134.6,226.5,5.9,11760.0,249.3
2019-06-17T14:22:23,36.4,131.7,223.6,5.7,11780.0,249.3
2019-06-17T14:22:54,36.4,140.0,220.6,5.8,11790.0,251.2
2019-06-17T14:23:25,36.4,135.2,220.0,5.6,11810.0,250.2
2019-06-17T14:23:56,36.4,132.9,223.6,6.0,11830.0,249.3
2019-06-17T14:24:27,36.5,140.0,225.4,5.7,11840.0,249.3
2019-06-17T14:24:58,36.5,142.9,231.3,5.7,11860.0,251.2
2019-06-17T14:25:29,36.5,132.9,233.0,6.0,11880.0,250.2
2019-06-17T14:26:01,36.7,128.7,231.9,5.8,11890.0,252.2
2019-06-17T14:26:32,36.7,141.7,230.1,5.7,11910.0,251.2
2019-06-17T14:27:03,36.7,143.5,227.7,4.9,11920.0,250.2
2019-06-17T14:27:34,36.7,129.3,222.4,5.8,11940.0,250.2
2019-06-17T14:28:05,36.7,131.1,227.1,5.8,11960.0,250.2
2019-06-17T14:28:36,36.8,128.7,226.5,5.8,11970.0,250.2
2019-06-17T14:29:07,36.8,129.9,230.1,5.9,11990.0,251.2
2019-06-17T14:29:38,36.8,147.0,230.7,5.4,12010.0,250.2
2019-06-17T14:30:09,36.7,140.0,227.7,5.8,12020.0,250.2
2019-06-17T14:30:40,36.8,130.5,232.4,5.7,12040.0,252.2
2019-06-17T14:31:12,36.8,142.3,222.4,5.5,12050.0,250.2
2019-06-17T14:31:43,36.8,140.5,224.8,5.6,12070.0,250.2
2019-06-17T14:32:14,36.9,140.5,223.0,5.2,12090.0,249.3
2019-06-17T14:32:45,36.9,145.9,223.0,5.0,12100.0,250.2
2019-06-17T14:33:16,36.9,147.6,230.7,5.0,12120.0,250.2
2019-06-17T14:33:47,36.9,147.6,230.1,4.9,12130.0,249.3
2019-06-17T14:34:18,36.9,143.5,225.9,5.0,12150.0,249.3
2019-06-17T14:34:49,36.9,148.8,220.6,4.7,12160.0,250.2
2019-06-17T14:35:20,36.8,148.2,218.3,4.8,12180.0,250.2
2019-06-17T14:35:51,36.8,144.1,219.4,5.3,12190.0,250.2
2019-06-17T14:36:23,36.9,134.6,227.7,5.3,12210.0,249.3
2019-06-17T14:36:54,36.9,135.2,228.3,5.6,12230.0,249.3
2019-06-17T14:37:25,37.0,128.7,230.1,5.5,12240.0,251.2
2019-06-17T14:37:56,36.9,138.8,230.1,5.4,12260.0,251.2
2019-06-17T14:38:27,37.0,129.9,219.4,5.5,12270.0,250.2
2019-06-17T14:38:58,37.0,127.5,220.6,5.5,12290.0,249.3
2019-06-17T14:39:29,36.9,129.9,231.9,5.4,12300.0,248.3
2019-06-17T14:40:00,37.0,126.4,223.0,5.0,12320.0,249.3
2019-06-17T14:40:31,37.0,120.5,230.1,5.4,12330.0,249.3
2019-06-17T14:41:03,37.0,129.9,218.3,5.3,12350.0,251.2
2019-06-17T14:41:34,37.0,134.0,222.4,4.9,12360.0,250.2
2019-06-17T14:42:05,36.9,118.7,224.8,5.6,12380.0,251.2
2019-06-17T14:42:36,36.8,122.8,225.9,5.3,12390.0,250.2
2019-06-17T14:43:07,36.8,118.1,223.0,5.1,12410.0,249.3
2019-06-17T14:43:38,36.8,120.5,215.9,5.3,12420.0,250.2
2019-06-17T14:44:09,36.9,118.7,225.9,5.5,12430.0,250.2
2019-06-17T14:44:40,36.8,117.5,231.3,5.4,12450.0,250.2
2019-06-17T14:45:11,36.8,121.0,231.3,5.3,12460.0,250.2
2019-06-17T14:45:42,36.8,121.0,230.7,5.4,12480.0,250.2
2019-06-17T14:46:14,36.8,116.3,225.9,5.5,12490.0,251.2
2019-06-17T14:46:45,36.8,122.2,222.4,5.2,12510.0,250.2
2019-06-17T14:47:16,36.8,123.4,223.0,5.2,12520.0,250.2
2019-06-17T14:47:47,36.9,118.1,228.3,5.4,12540.0,250.2
2019-06-17T14:48:18,36.8,125.8,230.7,5.0,12550.0,249.3
2019-06-17T14:48:49,36.8,124.6,233.0,5.0,12570.0,249.3
2019-06-17T14:49:20,36.8,122.2,228.3,4.8,12580.0,250.2
2019-06-17T14:49:51,36.8,121.0,234.8,5.2,12590.0,250.2
2019-06-17T14:50:22,36.8,123.4,226.5,4.5,12610.0,250.2
2019-06-17T14:50:54,36.8,122.8,219.4,4.5,12620.0,251.2
2019-06-17T14:51:25,36.7,120.5,228.9,5.3,12640.0,251.2
2019-06-17T14:51:56,36.7,112.2,224.8,5.3,12650.0,249.3
2019-06-17T14:52:27,36.7,122.8,227.7,5.1,12670.0,249.3
2019-06-17T14:52:58,36.7,121.6,228.9,4.6,12680.0,249.3
2019-06-17T14:53:29,36.8,128.7,230.1,4.7,12690.0,249.3
2019-06-17T14:54:00,36.7,114.6,229.5,5.1,12710.0,249.3
2019-06-17T14:54:31,36.7,124.6,227.7,5.0,12720.0,249.3
2019-06-17T14:55:02,36.5,136.4,229.5,3.6,12730.0,248.3
2019-06-17T14:55:34,36.4,127.0,231.9,4.6,12750.0,250.2
2019-06-17T14:56:05,36.4,126.4,230.7,3.5,12760.0,251.2
2019-06-17T14:56:36,36.2,115.1,227.7,4.9,12780.0,251.2
2019-06-17T14:57:07,36.2,109.2,224.8,5.2,12790.0,250.2
2019-06-17T14:57:38,36.0,114.6,219.4,4.8,12800.0,251.2
2019-06-17T14:58:09,35.9,109.8,218.3,4.7,12820.0,250.2
2019-06-17T14:58:40,35.7,115.1,218.8,4.8,12830.0,251.2
2019-06-17T14:59:11,35.9,112.8,225.9,4.9,12840.0,251.2
2019-06-17T14:59:42,35.9,115.7,233.0,4.7,12850.0,250.2
2019-06-17T15:00:13,36.0,109.2,229.5,4.5,12870.0,249.3
2019-06-17T15:00:45,36.1,106.3,225.9,4.9,12880.0,249.3
2019-06-17T15:01:16,36.2,112.2,220.0,4.0,12890.0,249.3
2019-06-17T15:01:47,36.2,112.8,223.6,4.3,12910.0,249.3
2019-06-17T15:02:18,36.2,112.8,225.4,3.7,12920.0,250.2
2019-06-17T15:02:49,36.3,107.5,225.9,4.2,12930.0,250.2
2019-06-17T15:03:20,36.3,104.5,233.0,4.2,12940.0,250.2
2019-06-17T15:03:51,36.3,104.5,225.9,3.5,12960.0,250.2
2019-06-17T15:04:22,36.3,108.6,230.1,4.2,12970.0,251.2
2019-06-17T15:04:53,36.3,104.5,228.9,3.9,12980.0,249.3
2019-06-17T15:05:24,36.3,109.8,232.4,3.7,12990.0,250.2
2019-06-17T15:05:56,36.4,114.0,229.5,3.0,13000.0,251.2
2019-06-17T15:06:27,36.4,107.5,227.7,3.8,13020.0,251.2
2019-06-17T15:06:58,36.4,102.1,223.0,3.7,13030.0,249.3
2019-06-17T15:07:29,36.4,102.7,223.6,3.7,13040.0,250.2
2019-06-17T15:08:00,36.4,105.1,226.5,3.7,13050.0,251.2
2019-06-17T15:08:31,36.4,103.9,228.9,3.5,13060.0,250.2
2019-06-17T15:09:02,36.4,102.7,223.6,3.5,13070.0,250.2
2019-06-17T15:09:33,36.4,103.3,228.3,3.3,13080.0,249.3
2019-06-17T15:10:04,36.4,102.7,229.5,3.5,13100.0,249.3
2019-06-17T15:10:36,36.3,102.7,225.4,3.6,13110.0,249.3
2019-06-17T15:11:07,36.3,104.5,232.4,3.1,13120.0,250.2
2019-06-17T15:11:38,36.3,102.7,233.0,3.1,13130.0,250.2
2019-06-17T15:12:09,36.3,103.3,232.4,3.1,13140.0,249.3
2019-06-17T15:12:40,36.3,105.7,233.0,3.1,13150.0,250.2
2019-06-17T15:13:11,36.3,102.7,230.7,2.7,13160.0,251.2
2019-06-17T15:13:42,36.3,102.1,225.4,2.7,13170.0,250.2
2019-06-17T15:14:13,36.3,103.9,223.6,2.8,13180.0,250.2
2019-06-17T15:14:44,36.3,106.9,221.2,2.6,13200.0,250.2
2019-06-17T15:15:15,36.3,107.5,223.6,2.6,13210.0,249.3
2019-06-17T15:15:47,36.3,102.1,227.1,2.4,13220.0,250.2
2019-06-17T15:16:19,36.3,102.7,233.6,2.7,13230.0,248.3
2019-06-17T15:16:50,36.3,105.1,230.1,2.1,13240.0,248.3
2019-06-17T15:17:21,36.2,105.1,232.4,2.5,13250.0,249.3
2019-06-17T15:17:52,36.2,103.9,227.1,2.2,13260.0,248.3
2019-06-17T15:18:23,36.2,106.3,230.7,2.1,13270.0,248.3
2019-06-17T15:18:54,36.2,106.3,228.9,2.0,13280.0,248.3
2019-06-17T15:19:25,36.2,104.5,227.7,2.0,13290.0,247.3
2019-06-17T15:19:56,36.2,108.6,228.3,2.0,13300.0,247.3
2019-06-17T15:20:27,36.1,118.1,229.5,1.7,13310.0,249.3
2019-06-17T15:20:58,36.1,119.3,223.6,1.1,13320.0,248.3
2019-06-17T15:21:30,36.1,102.7,225.4,2.1,13320.0,249.3
2019-06-17T15:22:01,36.1,102.1,230.1,2.2,13330.0,248.3
2019-06-17T15:22:32,36.1,103.3,232.4,1.6,13340.0,248.3
2019-06-17T15:23:03,36.1,104.5,231.9,2.2,13350.0,247.3
2019-06-17T15:23:34,36.1,103.9,234.8,2.2,13360.0,245.4
2019-06-17T15:24:05,36.1,103.9,233.0,1.8,13370.0,245.4
2019-06-17T15:24:36,36.1,102.1,221.2,1.8,13380.0,246.4
2019-06-17T15:25:07,36.1,109.2,225.9,1.3,13390.0,245.4
2019-06-17T15:25:38,36.1,104.5,226.5,1.7,13400.0,244.4
2019-06-17T15:26:10,36.1,107.5,228.9,1.5,13410.0,244.4
2019-06-17T15:26:41,36.1,108.6,221.8,1.1,13420.0,245.4
2019-06-17T15:27:12,36.1,107.5,225.4,1.6,13430.0,245.4
2019-06-17T15:27:43,36.1,102.7,231.9,1.6,13440.0,244.4
2019-06-17T15:28:14,36.1,104.5,233.6,1.3,13450.0,244.4
2019-06-17T15:28:45,36.1,110.4,230.1,1.1,13450.0,245.4
2019-06-17T15:29:16,36.1,103.3,223.0,1.1,13460.0,246.4
2019-06-17T15:29:47,36.1,103.3,225.4,1.2,13470.0,246.4
2019-06-17T15:30:18,36.1,109.8,227.7,1.0,13480.0,247.3
2019-06-17T15:30:49,36.1,103.3,232.4,0.9,13490.0,246.4
2019-06-17T15:31:21,36.1,102.1,231.9,1.0,13500.0,247.3
2019-06-17T15:31:52,36.1,106.9,232.4,0.9,13510.0,246.4
2019-06-17T15:32:23,36.0,103.9,225.4,0.9,13510.0,246.4
2019-06-17T15:32:54,36.0,106.3,235.4,0.8,13520.0,246.4
2019-06-17T15:33:25,36.0,117.5,227.1,0.7,13530.0,246.4
2019-06-17T15:33:56,36.0,131.7,227.7,0.7,13540.0,246.4
2019-06-17T15:34:27,36.0,125.2,231.9,0.6,13550.0,245.4
2019-06-17T15:34:58,35.9,114.6,233.0,0.8,13550.0,245.4
2019-06-17T15:35:29,35.9,102.7,230.7,1.0,13560.0,245.4
2019-06-17T15:36:00,35.9,105.1,233.0,0.9,13570.0,246.4
2019-06-17T15:36:31,35.9,105.1,228.9,0.8,13580.0,246.4
2019-06-17T15:37:02,35.9,110.4,230.7,0.8,13590.0,245.4
2019-06-17T15:37:33,35.9,132.3,237.2,0.6,13590.0,245.4
2019-06-17T15:38:04,35.7,127.0,224.2,0.7,13600.0,246.4
2019-06-17T15:38:35,35.7,123.4,230.7,0.6,13610.0,244.4
2019-06-17T15:39:06,35.7,131.1,231.9,0.6,13620.0,247.3
2019-06-17T15:39:37,35.5,124.0,227.1,0.7,13630.0,247.3
2019-06-17T15:40:08,35.5,115.7,225.9,1.0,13630.0,247.3
2019-06-17T15:40:40,35.5,102.1,224.2,1.7,13640.0,247.3
2019-06-17T15:41:11,35.5,102.7,228.9,1.9,13650.0,248.3
2019-06-17T15:41:42,35.5,105.7,230.7,1.6,13660.0,248.3
2019-06-17T15:42:13,35.5,107.5,230.1,1.3,13670.0,249.3
2019-06-17T15:42:44,35.5,105.7,229.5,1.5,13670.0,246.4
2019-06-17T15:43:15,35.5,102.7,236.6,1.4,13680.0,247.3
2019-06-17T15:43:46,35.5,102.7,228.9,1.3,13690.0,247.3
2019-06-17T15:44:17,35.5,105.1,233.0,1.2,13700.0,246.4
2019-06-17T15:44:48,35.5,105.1,232.4,1.1,13700.0,248.3
2019-06-17T15:45:19,35.5,102.7,230.1,1.0,13710.0,248.3
2019-06-17T15:45:51,35.5,104.5,234.8,1.2,13720.0,249.3
2019-06-17T15:46:22,35.5,104.5,234.2,1.1,13730.0,247.3
2019-06-17T15:46:53,35.5,107.5,234.8,1.2,13740.0,247.3
2019-06-17T15:47:24,35.4,102.1,234.8,1.0,13740.0,246.4
2019-06-17T15:47:55,35.4,102.7,230.7,1.3,13750.0,246.4
2019-06-17T15:48:26,35.3,109.8,233.0,1.2,13760.0,247.3
2019-06-17T15:48:57,35.2,109.8,225.9,1.1,13770.0,247.3
2019-06-17T15:49:28,35.2,111.6,227.1,0.8,13770.0,247.3
2019-06-17T15:49:59,35.2,111.6,227.1,0.8,13780.0,247.3
2019-06-17T15:50:30,35.2,106.9,226.5,1.0,13790.0,248.3
2019-06-17T15:51:02,35.3,109.8,236.0,0.8,13790.0,247.3
2019-06-17T15:51:33,35.3,105.7,234.2,0.7,13800.0,248.3
2019-06-17T15:52:04,35.3,98.0,234.8,3.1,13810.0,250.2
2019-06-17T15:52:35,35.2,116.3,236.0,0.7,13820.0,247.3
2019-06-17T15:53:06,35.3,130.5,230.1,0.6,13820.0,246.4
2019-06-17T15:53:37,35.3,150.6,224.8,0.5,13830.0,248.3
2019-06-17T15:54:08,35.3,170.7,228.3,0.4,13840.0,246.4
2019-06-17T15:54:39,35.2,193.1,230.7,0.4,13840.0,247.3
2019-06-17T15:55:10,35.2,186.6,237.8,0.4,13850.0,246.4
2019-06-17T15:55:41,35.0,165.4,234.2,0.5,13860.0,246.4
2019-06-17T15:56:13,34.9,163.0,227.7,0.5,13860.0,247.3
2019-06-17T15:56:44,34.9,184.8,225.4,0.4,13870.0,247.3
2019-06-17T15:57:15,35.0,174.2,227.7,0.4,13880.0,248.3
2019-06-17T15:57:46,35.0,162.4,234.8,0.5,13880.0,246.4
2019-06-17T15:58:17,35.0,165.9,236.6,0.4,13890.0,248.3
2019-06-17T15:58:48,35.0,165.9,231.3,0.4,13890.0,247.3
2019-06-17T15:59:19,35.0,185.4,238.4,0.4,13900.0,248.3
2019-06-17T15:59:50,35.0,208.5,233.0,0.4,13910.0,247.3
2019-06-17T16:00:21,35.0,228.0,231.9,0.3,13910.0,247.3
2019-06-17T16:00:52,34.9,233.3,229.5,0.3,13920.0,249.3
2019-06-17T16:01:24,35.0,220.3,228.3,0.4,13930.0,249.3
2019-06-17T16:01:55,34.9,199.6,231.9,0.4,13930.0,248.3
2019-06-17T16:02:26,34.9,180.1,232.4,0.5,13940.0,249.3
2019-06-17T16:02:57,34.9,169.5,234.8,0.5,13950.0,249.3
2019-06-17T16:03:28,34.9,184.3,239.5,0.5,13950.0,249.3
2019-06-17T16:03:59,34.9,176.6,230.7,0.5,13960.0,249.3
2019-06-17T16:04:30,34.9,187.8,234.8,0.5,13960.0,249.3
2019-06-17T16:05:01,34.8,173.0,239.5,0.5,13970.0,249.3
2019-06-17T16:05:32,34.8,158.3,235.4,0.6,13980.0,249.3
2019-06-17T16:06:04,34.8,151.8,225.4,0.6,13980.0,247.3
2019-06-17T16:06:35,34.8,157.7,234.2,0.6,13990.0,247.3
2019-06-17T16:07:06,34.8,152.4,236.0,0.6,13990.0,246.4
2019-06-17T16:07:37,34.7,170.7,239.0,0.5,14000.0,247.3
2019-06-17T16:08:08,34.7,168.9,237.2,0.6,14010.0,246.4
2019-06-17T16:08:39,34.7,174.8,234.2,0.5,14010.0,246.4
2019-06-17T16:09:10,34.7,168.9,237.2,0.5,14020.0,247.3
2019-06-17T16:09:41,34.7,161.2,241.9,0.6,14020.0,247.3
2019-06-17T16:10:12,34.7,155.3,230.7,0.5,14030.0,246.4
2019-06-17T16:10:43,34.7,148.8,233.0,0.6,14040.0,247.3
2019-06-17T16:11:15,34.7,138.2,238.4,0.7,14040.0,247.3
2019-06-17T16:11:46,34.7,135.2,240.7,0.7,14050.0,246.4
2019-06-17T16:12:17,34.6,144.7,237.8,0.6,14050.0,246.4
2019-06-17T16:12:48,34.6,163.0,230.7,0.5,14060.0,244.4
2019-06-17T16:13:19,34.6,171.9,231.9,0.5,14060.0,243.5
2019-06-17T16:13:50,34.6,183.7,238.4,0.5,14070.0,244.4
2019-06-17T16:14:21,34.6,187.8,233.6,0.4,14070.0,244.4
2019-06-17T16:14:52,34.6,197.3,242.5,0.4,14080.0,244.4
2019-06-17T16:15:23,34.6,197.8,223.0,0.4,14090.0,243.5
2019-06-17T16:15:54,34.5,180.1,233.0,0.5,14090.0,244.4
2019-06-17T16:16:26,34.5,192.5,231.3,0.5,14100.0,245.4
2019-06-17T16:16:57,34.5,213.2,230.1,0.4,14100.0,243.5
2019-06-17T16:17:28,34.5,209.1,228.9,0.4,14110.0,245.4
2019-06-17T16:17:59,34.5,189.6,236.0,0.5,14110.0,245.4
2019-06-17T16:18:30,34.5,173.6,237.8,0.5,14120.0,246.4
2019-06-17T16:19:01,34.5,196.1,227.1,0.4,14120.0,246.4
2019-06-17T16:19:32,34.5,186.0,233.0,0.4,14130.0,245.4
2019-06-17T16:20:03,34.4,185.4,239.5,0.4,14130.0,244.4
2019-06-17T16:20:34,34.4,171.9,236.6,0.4,14140.0,245.4
2019-06-17T16:21:06,34.4,193.7,226.5,0.4,14140.0,246.4
2019-06-17T16:21:37,34.4,197.3,236.6,0.4,14150.0,245.4
2019-06-17T16:22:08,34.4,186.6,237.8,0.4,14150.0,245.4
2019-06-17T16:22:39,34.4,200.8,230.7,0.4,14160.0,244.4
2019-06-17T16:23:10,34.4,181.9,228.9,0.4,14160.0,245.4
2019-06-17T16:23:41,34.2,203.7,237.8,0.4,14160.0,244.4
2019-06-17T16:24:12,34.4,206.1,234.2,0.4,14170.0,244.4
2019-06-17T16:24:43,34.4,202.6,236.0,0.3,14170.0,245.4
2019-06-17T16:25:14,34.4,182.5,225.9,0.4,14180.0,243.5
2019-06-17T16:25:45,34.2,177.8,229.5,0.4,14180.0,245.4
2019-06-17T16:26:17,34.4,197.3,227.7,0.4,14190.0,242.5
2019-06-17T16:26:48,34.2,215.0,214.7,0.4,14190.0,243.5
2019-06-17T16:27:19,34.2,230.3,197.0,0.3,14190.0,242.5
2019-06-17T16:27:50,34.2,233.3,174.5,0.3,14190.0,241.5
2019-06-17T16:28:21,34.2,219.1,176.8,0.3,14200.0,243.5
2019-06-17T16:28:52,34.2,214.4,156.7,0.4,14200.0,243.5
2019-06-17T16:29:23,34.1,215.0,172.1,0.3,14200.0,242.5
2019-06-17T16:29:54,34.1,223.2,175.7,0.3,14200.0,241.5
2019-06-17T16:30:25,34.2,202.0,170.9,0.3,14210.0,242.5
2019-06-17T16:30:56,34.2,204.9,169.7,0.3,14210.0,241.5
2019-06-17T16:31:28,34.2,225.0,156.7,0.2,14210.0,241.5
2019-06-17T16:31:59,34.1,210.8,154.4,0.3,14210.0,241.5
2019-06-17T16:32:30,34.1,193.1,151.4,0.2,14210.0,242.5
2019-06-17T16:33:01,34.1,214.4,160.9,0.2,14210.0,241.5
2019-06-17T16:33:32,34.1,220.9,152.6,0.2,14210.0,242.5
2019-06-17T16:34:03,34.1,197.8,146.1,0.2,14210.0,241.5
2019-06-17T16:34:34,34.1,202.0,165.6,0.2,14210.0,242.5
2019-06-17T16:35:05,34.1,222.1,186.9,0.2,14210.0,241.5
2019-06-17T16:35:36,34.1,209.7,210.0,0.2,14210.0,240.6
2019-06-17T16:36:08,34.1,188.4,229.5,0.3,14210.0,242.5
2019-06-17T16:36:39,34.0,173.6,251.4,0.3,14220.0,242.5
2019-06-17T16:37:10,34.0,195.5,228.9,0.3,14220.0,240.6
2019-06-17T16:37:41,34.0,216.2,207.6,0.2,14220.0,240.6
2019-06-17T16:38:12,34.0,217.3,224.8,0.3,14220.0,242.5
2019-06-17T16:38:43,34.0,197.3,245.5,0.2,14220.0,243.5
2019-06-17T16:39:14,33.9,185.4,234.8,0.2,14220.0,242.5
2019-06-17T16:39:45,33.9,206.7,214.1,0.2,14220.0,241.5
2019-06-17T16:40:16,33.9,226.8,192.8,0.2,14220.0,241.5
2019-06-17T16:40:47,33.8,204.3,199.9,0.2,14220.0,244.4
2019-06-17T16:41:19,33.8,193.7,219.4,0.2,14220.0,244.4
2019-06-17T16:41:50,33.8,215.0,240.1,0.2,14220.0,242.5
2019-06-17T16:42:21,33.8,217.3,228.9,0.2,14220.0,242.5
2019-06-17T16:42:52,33.7,196.7,207.0,0.2,14220.0,243.5
2019-06-17T16:43:23,33.7,175.4,218.8,0.2,14220.0,242.5
2019-06-17T16:43:54,33.7,174.2,240.1,0.2,14220.0,242.5
2019-06-17T16:44:25,33.5,196.7,227.7,0.2,14220.0,242.5
2019-06-17T16:44:56,33.5,217.3,207.0,0.2,14220.0,242.5
2019-06-17T16:45:27,33.5,225.6,185.7,0.2,14220.0,243.5
2019-06-17T16:45:59,33.4,203.2,204.6,0.2,14220.0,242.5
2019-06-17T16:46:30,33.4,219.1,226.5,0.2,14230.0,243.5
2019-06-17T16:47:01,33.3,225.6,215.9,0.2,14230.0,242.5
2019-06-17T16:47:32,33.3,204.3,195.8,0.2,14230.0,243.5
2019-06-17T16:48:03,33.3,183.1,175.1,0.3,14230.0,240.6
2019-06-17T16:48:34,33.2,162.4,188.7,0.3,14230.0,241.5
2019-06-17T16:49:05,33.2,141.7,208.8,0.4,14230.0,240.6
2019-06-17T16:49:36,33.2,125.8,228.3,0.4,14230.0,242.5
2019-06-17T16:50:07,33.1,147.0,228.3,0.4,14230.0,241.5
2019-06-17T16:50:39,33.1,155.9,205.2,0.3,14230.0,241.5
2019-06-17T16:51:10,33.0,160.0,186.9,0.2,14230.0,242.5
2019-06-17T16:51:41,33.0,168.9,175.1,0.1,14230.0,241.5
2019-06-17T16:52:12,33.0,183.7,195.8,0.1,14230.0,243.5
2019-06-17T16:52:43,32.9,171.3,218.3,0.1,14230.0,241.5
2019-06-17T16:53:14,32.9,189.6,225.9,0.1,14230.0,242.5
2019-06-17T16:53:45,32.9,187.8,203.5,0.1,14230.0,243.5
2019-06-17T16:54:16,32.7,168.9,188.7,0.1,14230.0,244.4
2019-06-17T16:54:47,32.7,148.2,164.4,0.1,14230.0,242.5
2019-06-17T16:55:18,32.7,127.5,143.7,0.1,14230.0,242.5
2019-06-17T16:55:50,32.6,110.4,123.0,0.1,14230.0,241.5
2019-06-17T16:56:21,32.6,131.1,102.9,0.1,14230.0,243.5
2019-06-17T16:56:52,32.6,150.6,120.6,0.0,14230.0,241.5
2019-06-17T16:57:23,32.5,173.6,142.5,0.0,14230.0,242.5
2019-06-17T16:57:54,32.5,192.5,163.8,0.0,14230.0,240.6
2019-06-17T16:58:25,32.5,187.2,185.7,0.0,14230.0,243.5
2019-06-17T16:58:56,32.4,170.1,204.1,0.1,14230.0,244.4
2019-06-17T16:59:27,32.4,147.0,222.4,0.0,14230.0,243.5
2019-06-17T16:59:58,32.4,126.4,207.0,0.0,14230.0,243.5
2019-06-17T17:00:29,32.3,106.3,190.4,0.0,14230.0,243.5
2019-06-17T17:01:01,32.3,116.3,168.6,0.0,14230.0,243.5
2019-06-17T17:01:32,32.2,139.4,146.7,0.0,14230.0,243.5
2019-06-17T17:02:03,32.2,158.9,126.6,0.0,14230.0,243.5
2019-06-17T17:02:34,32.0,176.0,105.3,0.0,14230.0,244.4
2019-06-17T17:03:05,32.0,194.9,230.7,0.0,14230.0,242.5
2019-06-17T17:03:36,31.9,193.1,211.7,0.0,14230.0,242.5
2019-06-17T17:04:07,31.8,191.9,206.4,0.0,14230.0,242.5
2019-06-17T17:04:38,31.8,190.8,201.1,0.0,14230.0,241.5
2019-06-17T17:05:09,31.8,189.6,197.0,0.0,14230.0,241.5
2019-06-17T17:05:40,31.7,182.5,193.4,0.0,14230.0,241.5
2019-06-17T17:06:12,31.7,104.5,190.4,0.0,14230.0,242.5
2019-06-17T17:06:43,31.6,178.3,178.6,0.0,14230.0,242.5
2019-06-17T17:07:14,31.6,173.0,173.3,0.0,14230.0,242.5
2019-06-17T17:07:45,31.5,164.8,165.6,0.0,14230.0,241.5
2019-06-17T17:08:16,31.5,106.9,156.7,0.0,14230.0,242.5
2019-06-17T17:08:47,31.4,133.5,133.7,0.0,14230.0,241.5
2019-06-17T17:09:18,31.4,79.7,79.8,0.0,14230.0,240.6
