2019-06-21T15:57:04,34.1,108.1,231.3,1.0,13430.0,247.3
2019-06-21T15:57:35,34.1,103.9,232.4,2.0,13440.0,248.3
2019-06-21T15:58:06,34.1,114.6,239.0,0.0,13450.0,248.3
2019-06-21T15:58:37,34.1,101.6,241.9,3.6,13460.0,247.3
2019-06-21T15:59:08,34.1,96.8,237.2,3.4,13460.0,247.3
2019-06-21T15:59:39,34.1,118.1,230.7,1.8,13470.0,248.3
2019-06-21T16:00:10,34.1,101.0,228.9,1.4,13480.0,247.3
2019-06-21T16:00:42,34.1,102.7,232.4,1.0,13480.0,247.3
2019-06-21T16:01:13,34.0,114.0,236.6,1.0,13490.0,247.3
2019-06-21T16:01:44,34.0,105.7,240.1,0.9,13500.0,248.3
2019-06-21T16:02:15,34.0,102.7,240.1,0.8,13500.0,247.3
2019-06-21T16:02:46,33.9,116.3,237.8,1.0,13510.0,247.3
2019-06-21T16:03:17,34.0,119.3,236.0,0.7,13520.0,247.3
2019-06-21T16:03:48,33.9,111.6,241.3,0.8,13520.0,247.3
2019-06-21T16:04:19,33.9,124.6,232.4,0.6,13530.0,248.3
2019-06-21T16:04:50,33.9,119.3,236.6,0.8,13530.0,247.3
2019-06-21T16:05:21,33.9,122.2,234.8,0.7,13540.0,247.3
2019-06-21T16:05:53,33.9,115.1,240.1,0.9,13550.0,247.3
2019-06-21T16:06:24,33.9,137.0,235.4,0.6,13550.0,248.3
2019-06-21T16:06:55,33.8,156.5,240.7,0.7,13560.0,247.3
2019-06-21T16:07:26,33.8,164.2,237.2,0.5,13570.0,245.4
2019-06-21T16:07:57,33.8,155.9,235.4,0.6,13570.0,245.4
2019-06-21T16:08:28,33.8,150.0,233.0,0.7,13580.0,244.4
2019-06-21T16:08:59,33.8,151.2,241.3,0.7,13580.0,246.4
2019-06-21T16:09:30,33.7,148.8,233.6,0.7,13590.0,245.4
2019-06-21T16:10:01,33.8,141.7,228.9,0.8,13600.0,246.4
2019-06-21T16:10:33,33.7,147.0,241.9,0.7,13600.0,245.4
2019-06-21T16:11:04,33.7,150.0,234.2,0.7,13610.0,245.4
2019-06-21T16:11:35,33.7,142.3,230.1,0.7,13610.0,246.4
2019-06-21T16:12:06,33.7,144.1,241.9,0.6,13620.0,246.4
2019-06-21T16:12:37,33.5,149.4,236.6,0.6,13620.0,246.4
2019-06-21T16:13:08,33.5,138.8,239.5,0.8,13630.0,246.4
2019-06-21T16:13:39,33.5,134.0,232.4,0.7,13640.0,246.4
2019-06-21T16:14:10,33.5,135.2,237.2,0.9,13640.0,245.4
2019-06-21T16:14:41,33.5,132.9,239.0,0.7,13650.0,245.4
2019-06-21T16:15:12,33.5,130.5,230.1,0.9,13650.0,246.4
2019-06-21T16:15:44,33.5,124.0,235.4,0.8,13660.0,246.4
2019-06-21T16:16:15,33.5,128.7,243.1,0.8,13660.0,245.4
2019-06-21T16:16:46,33.7,128.7,239.5,0.9,13670.0,246.4
2019-06-21T16:17:17,33.5,115.7,234.2,1.1,13670.0,245.4
2019-06-21T16:17:48,33.5,124.0,231.9,1.1,13680.0,246.4
2019-06-21T16:18:19,33.5,116.3,238.4,0.9,13690.0,245.4
2019-06-21T16:18:50,33.7,106.3,234.8,1.1,13690.0,245.4
2019-06-21T16:19:21,33.7,102.7,230.1,1.1,13700.0,245.4
2019-06-21T16:19:52,33.7,102.7,235.4,1.1,13700.0,245.4
2019-06-21T16:20:23,33.7,107.5,234.2,1.0,13710.0,246.4
2019-06-21T16:20:55,33.7,105.1,228.9,1.2,13710.0,246.4
2019-06-21T16:21:26,33.7,109.2,237.2,1.2,13720.0,245.4
2019-06-21T16:21:57,33.7,114.0,240.1,1.0,13720.0,244.4
2019-06-21T16:22:28,33.7,124.6,227.1,0.9,13730.0,245.4
2019-06-21T16:22:59,33.7,117.5,237.8,1.0,13730.0,245.4
2019-06-21T16:23:30,33.7,120.5,243.7,1.0,13740.0,246.4
2019-06-21T16:24:01,33.7,116.3,230.7,0.9,13740.0,245.4
2019-06-21T16:24:32,33.7,103.9,237.2,1.3,13750.0,245.4
2019-06-21T16:25:03,33.8,102.7,230.7,0.9,13750.0,245.4
2019-06-21T16:25:35,33.7,104.5,240.1,1.0,13760.0,245.4
2019-06-21T16:26:06,33.8,108.1,240.1,0.8,13760.0,245.4
2019-06-21T16:26:37,33.8,105.7,237.2,1.0,13770.0,244.4
2019-06-21T16:27:08,33.8,102.1,231.3,0.9,13770.0,245.4
2019-06-21T16:27:39,33.8,108.1,211.7,1.0,13770.0,246.4
2019-06-21T16:28:10,33.8,102.7,194.0,0.9,13770.0,245.4
2019-06-21T16:28:41,33.8,117.5,190.4,0.6,13780.0,246.4
2019-06-21T16:29:12,33.8,129.9,180.4,0.5,13780.0,245.4
2019-06-21T16:29:43,33.8,142.9,159.1,0.5,13780.0,244.4
2019-06-21T16:30:14,33.8,144.7,163.8,0.4,13790.0,245.4
2019-06-21T16:30:46,33.7,146.4,168.0,0.4,13790.0,245.4
2019-06-21T16:31:17,33.8,160.6,162.6,0.4,13790.0,246.4
2019-06-21T16:31:48,33.8,181.3,156.1,0.3,13790.0,245.4
2019-06-21T16:32:19,33.7,202.0,159.1,0.3,13790.0,246.4
2019-06-21T16:32:50,33.7,222.7,164.4,0.3,13790.0,245.4
2019-06-21T16:33:21,33.7,211.4,153.2,0.3,13790.0,245.4
2019-06-21T16:33:52,33.7,190.2,159.1,0.3,13790.0,245.4
2019-06-21T16:34:23,33.7,209.7,171.5,0.3,13800.0,244.4
2019-06-21T16:34:54,33.5,217.9,192.8,0.2,13800.0,245.4
2019-06-21T16:35:25,33.7,196.1,213.5,0.2,13800.0,244.4
2019-06-21T16:35:57,33.7,208.5,236.0,0.2,13800.0,245.4
2019-06-21T16:36:28,33.5,228.0,247.8,0.2,13800.0,245.4
2019-06-21T16:36:59,33.5,206.1,225.9,0.2,13800.0,244.4
2019-06-21T16:37:30,33.5,185.4,205.2,0.2,13800.0,244.4
2019-06-21T16:38:01,33.5,206.7,225.9,0.3,13800.0,244.4
2019-06-21T16:38:32,33.5,225.0,246.1,0.2,13800.0,244.4
2019-06-21T16:39:03,33.5,209.1,241.3,0.3,13800.0,244.4
2019-06-21T16:39:34,33.5,187.8,218.8,0.2,13800.0,243.5
2019-06-21T16:40:05,33.4,168.9,205.2,0.3,13800.0,243.5
2019-06-21T16:40:37,33.4,188.4,227.1,0.2,13800.0,244.4
2019-06-21T16:41:08,33.4,209.7,247.2,0.2,13800.0,241.5
2019-06-21T16:41:39,33.4,226.2,230.7,0.2,13800.0,243.5
2019-06-21T16:42:10,33.3,202.0,209.4,0.2,13800.0,242.5
2019-06-21T16:42:41,33.3,182.5,217.7,0.2,13810.0,241.5
2019-06-21T16:43:12,33.3,205.5,237.8,0.2,13810.0,241.5
2019-06-21T16:43:43,33.2,225.6,239.0,0.2,13810.0,242.5
2019-06-21T16:44:14,33.2,211.4,217.1,0.2,13810.0,241.5
2019-06-21T16:44:45,33.2,189.0,197.5,0.2,13810.0,241.5
2019-06-21T16:45:16,33.1,186.6,212.3,0.2,13810.0,241.5
2019-06-21T16:45:48,33.1,207.3,232.4,0.2,13810.0,243.5
2019-06-21T16:46:19,33.1,228.6,232.4,0.2,13810.0,244.4
2019-06-21T16:46:50,33.0,217.9,211.7,0.2,13810.0,242.5
2019-06-21T16:47:21,33.0,196.7,191.0,0.2,13810.0,242.5
2019-06-21T16:47:52,32.9,175.4,178.0,0.3,13810.0,242.5
2019-06-21T16:48:23,32.9,153.5,198.1,0.3,13810.0,242.5
2019-06-21T16:48:54,32.9,167.1,219.4,0.3,13810.0,242.5
2019-06-21T16:49:25,32.7,187.8,243.7,0.3,13810.0,242.5
2019-06-21T16:49:56,32.7,184.8,223.0,0.3,13810.0,243.5
2019-06-21T16:50:27,32.7,163.0,199.3,0.4,13810.0,241.5
2019-06-21T16:50:59,32.6,157.7,178.6,0.3,13810.0,241.5
2019-06-21T16:51:30,32.6,154.7,179.2,0.2,13810.0,242.5
2019-06-21T16:52:01,32.5,160.0,199.9,0.2,13810.0,242.5
2019-06-21T16:52:32,32.5,169.5,217.1,0.1,13810.0,243.5
2019-06-21T16:53:03,32.5,178.9,235.4,0.1,13810.0,243.5
2019-06-21T16:53:34,32.5,190.8,215.9,0.0,13810.0,244.4
2019-06-21T16:54:05,32.4,171.3,194.6,0.0,13810.0,244.4
2019-06-21T16:54:36,32.4,156.5,172.1,0.1,13810.0,243.5
2019-06-21T16:55:07,32.4,174.2,189.3,0.1,13810.0,243.5
2019-06-21T16:55:39,32.3,196.1,204.6,0.0,13810.0,244.4
2019-06-21T16:56:10,32.3,190.2,225.4,0.0,13810.0,242.5
2019-06-21T16:56:42,32.3,170.7,223.0,0.0,13810.0,242.5
2019-06-21T16:57:13,32.2,150.6,199.9,0.1,13810.0,243.5
2019-06-21T16:57:44,32.2,129.3,181.0,0.1,13810.0,244.4
2019-06-21T16:58:15,32.2,127.5,161.5,0.0,13810.0,243.5
2019-06-21T16:58:46,32.0,148.2,139.6,0.1,13810.0,242.5
2019-06-21T16:59:17,32.0,168.3,118.9,0.0,13810.0,242.5
2019-06-21T16:59:48,31.9,191.3,137.8,0.0,13810.0,241.5
2019-06-21T17:00:19,31.9,202.0,159.1,0.0,13810.0,240.6
2019-06-21T17:00:50,31.8,190.8,178.6,0.0,13810.0,240.6
2019-06-21T17:01:22,31.8,174.2,202.3,0.1,13810.0,242.5
2019-06-21T17:01:53,31.7,154.7,222.4,0.1,13810.0,241.5
2019-06-21T17:02:24,31.7,184.8,234.2,0.0,13810.0,241.5
2019-06-21T17:02:55,31.7,151.2,165.6,0.0,13810.0,239.6
2019-06-21T17:03:26,31.6,158.3,163.2,0.2,13810.0,239.6
2019-06-21T17:03:57,31.5,194.9,212.3,0.0,13810.0,240.6
2019-06-21T17:04:28,31.4,193.1,208.8,0.0,13810.0,240.6
2019-06-21T17:04:59,31.4,191.9,204.1,0.0,13810.0,239.6
2019-06-21T17:05:30,31.4,190.2,197.5,0.0,13810.0,240.6
2019-06-21T17:06:01,31.2,189.0,194.0,0.0,13810.0,241.5
2019-06-21T17:06:32,31.2,187.2,189.3,0.0,13810.0,240.6
2019-06-21T17:07:03,31.2,164.2,186.3,0.0,13810.0,240.6
2019-06-21T17:07:34,31.1,176.0,176.2,0.0,13810.0,240.6
2019-06-21T17:08:05,31.1,170.1,170.3,0.0,13810.0,240.6
2019-06-21T17:08:36,31.1,161.8,162.0,0.0,13810.0,239.6
2019-06-21T17:09:07,31.0,148.2,148.4,0.0,13810.0,240.6
2019-06-21T17:09:38,31.0,126.4,126.6,0.0,13810.0,242.5
