2019-10-02T06:35:29,19.1,206.7,204.1,0.4,80.0,241.5
2019-10-02T06:36:00,19.1,216.2,215.9,0.4,80.0,239.6
2019-10-02T06:36:31,19.1,194.3,237.2,0.4,80.0,239.6
2019-10-02T06:37:02,19.1,190.8,241.9,0.4,90.0,238.6
2019-10-02T06:37:33,19.5,186.0,220.6,0.3,90.0,239.6
2019-10-02T06:38:04,19.5,165.9,223.6,0.4,90.0,240.6
2019-10-02T06:38:35,19.5,187.8,244.9,0.4,90.0,240.6
2019-10-02T06:39:06,19.5,212.0,237.2,0.5,90.0,240.6
2019-10-02T06:39:37,19.8,217.3,214.7,0.5,90.0,241.5
2019-10-02T06:40:08,19.8,196.7,195.2,0.6,90.0,242.5
2019-10-02T06:40:40,19.8,174.2,173.3,0.6,90.0,241.5
2019-10-02T06:41:12,19.8,162.4,198.1,0.6,100.0,241.5
2019-10-02T06:41:43,19.8,183.7,221.8,0.6,100.0,240.6
2019-10-02T06:42:14,19.8,209.1,244.3,0.6,100.0,241.5
2019-10-02T06:42:45,19.8,217.9,242.5,0.7,100.0,241.5
2019-10-02T06:43:16,20.2,197.8,220.6,0.7,100.0,242.5
2019-10-02T06:43:47,20.2,176.0,199.9,0.8,110.0,242.5
2019-10-02T06:44:18,20.2,158.9,224.8,0.9,110.0,243.5
2019-10-02T06:44:49,20.2,183.1,247.2,0.8,110.0,242.5
2019-10-02T06:45:20,20.6,206.1,241.3,0.9,110.0,241.5
2019-10-02T06:45:51,20.6,226.8,249.6,0.7,120.0,243.5
2019-10-02T06:46:23,20.6,204.9,237.2,0.9,120.0,241.5
2019-10-02T06:46:54,20.6,199.0,234.8,0.8,120.0,240.6
2019-10-02T06:47:25,20.6,179.5,247.8,0.9,130.0,240.6
2019-10-02T06:47:56,20.6,180.7,227.7,0.8,130.0,241.5
2019-10-02T06:48:27,20.6,167.7,245.5,0.8,130.0,240.6
2019-10-02T06:48:58,20.9,189.0,230.7,0.7,130.0,241.5
2019-10-02T06:49:29,20.9,208.5,247.8,0.6,140.0,242.5
2019-10-02T06:50:00,20.9,220.9,227.1,0.6,140.0,243.5
2019-10-02T06:50:31,20.9,206.7,241.9,0.6,140.0,241.5
2019-10-02T06:51:03,20.9,225.0,230.7,0.5,140.0,240.6
2019-10-02T06:51:34,20.9,202.6,222.4,0.6,150.0,243.5
2019-10-02T06:52:05,20.9,181.9,246.6,0.7,150.0,241.5
2019-10-02T06:52:36,21.3,161.8,232.4,0.8,150.0,242.5
2019-10-02T06:53:07,21.3,174.8,211.7,0.8,150.0,241.5
2019-10-02T06:53:38,21.3,196.7,234.8,0.7,160.0,241.5
2019-10-02T06:54:09,21.7,219.1,250.2,0.7,160.0,242.5
2019-10-02T06:54:40,21.7,212.6,227.1,0.7,160.0,245.4
2019-10-02T06:55:11,22.0,222.1,245.5,0.7,170.0,245.4
2019-10-02T06:55:43,22.0,215.6,240.7,0.7,170.0,245.4
2019-10-02T06:56:14,22.0,216.2,240.1,0.6,170.0,245.4
2019-10-02T06:56:45,22.0,225.0,232.4,0.6,170.0,243.5
2019-10-02T06:57:16,22.0,212.0,241.3,0.6,180.0,244.4
2019-10-02T06:57:47,22.0,219.1,236.6,0.6,180.0,244.4
2019-10-02T06:58:18,22.0,207.9,223.6,0.6,180.0,243.5
2019-10-02T06:58:49,22.4,222.1,246.6,0.6,180.0,244.4
2019-10-02T06:59:20,22.4,199.6,233.0,0.7,190.0,244.4
2019-10-02T06:59:51,22.4,201.4,225.4,0.7,190.0,243.5
2019-10-02T07:00:22,22.4,222.1,246.6,0.7,190.0,244.4
2019-10-02T07:00:54,22.8,209.7,233.0,0.7,200.0,243.5
2019-10-02T07:01:25,22.8,219.7,225.9,0.7,200.0,243.5
2019-10-02T07:01:57,22.8,210.8,248.4,0.7,200.0,243.5
2019-10-02T07:02:28,22.8,189.6,228.9,0.9,200.0,243.5
2019-10-02T07:02:59,22.8,168.9,228.3,1.0,210.0,242.5
2019-10-02T07:03:30,22.8,176.0,241.3,1.0,210.0,245.4
2019-10-02T07:04:01,23.1,197.3,234.2,0.9,210.0,241.5
2019-10-02T07:04:32,23.1,219.7,246.1,0.8,220.0,243.5
2019-10-02T07:05:03,23.1,216.2,238.4,0.7,220.0,245.4
2019-10-02T07:05:34,23.1,216.2,237.8,0.7,220.0,244.4
2019-10-02T07:06:06,23.1,195.5,233.0,0.8,230.0,243.5
2019-10-02T07:06:37,23.5,174.2,239.5,1.0,230.0,245.4
2019-10-02T07:07:08,23.5,167.7,230.1,1.0,230.0,242.5
2019-10-02T07:07:39,23.5,189.0,246.6,0.9,240.0,241.5
2019-10-02T07:08:10,23.9,210.8,223.0,0.8,240.0,242.5
2019-10-02T07:08:41,24.2,217.3,246.6,0.8,240.0,242.5
2019-10-02T07:09:12,23.9,212.0,235.4,0.9,250.0,244.4
2019-10-02T07:09:43,24.2,219.7,230.1,0.8,250.0,242.5
2019-10-02T07:10:14,24.2,223.8,240.7,0.8,250.0,243.5
2019-10-02T07:10:45,24.2,208.5,230.7,0.9,260.0,244.4
2019-10-02T07:11:17,24.2,187.8,247.2,1.0,260.0,244.4
2019-10-02T07:11:48,24.2,167.1,233.6,1.2,270.0,245.4
2019-10-02T07:12:19,24.2,183.1,239.0,1.0,270.0,244.4
2019-10-02T07:12:50,24.2,204.9,235.4,0.9,270.0,244.4
2019-10-02T07:13:21,24.6,224.4,244.9,0.8,280.0,243.5
2019-10-02T07:13:52,24.6,215.0,238.4,0.9,280.0,244.4
2019-10-02T07:14:23,25.0,216.2,240.1,0.9,280.0,244.4
2019-10-02T07:14:54,25.0,217.9,233.0,0.9,290.0,243.5
2019-10-02T07:15:25,25.0,212.0,233.6,0.8,290.0,244.4
2019-10-02T07:15:57,25.0,223.8,240.7,0.8,290.0,244.4
2019-10-02T07:16:28,25.0,219.1,237.8,0.8,300.0,244.4
2019-10-02T07:16:59,25.0,216.2,237.8,0.8,300.0,244.4
2019-10-02T07:17:30,25.3,213.2,239.0,0.7,300.0,244.4
2019-10-02T07:18:01,25.3,191.9,215.9,1.0,310.0,245.4
2019-10-02T07:18:32,25.3,171.3,237.8,1.0,310.0,243.5
2019-10-02T07:19:03,25.3,164.2,242.5,1.1,310.0,243.5
2019-10-02T07:19:34,25.7,186.6,228.3,1.2,320.0,243.5
2019-10-02T07:20:05,25.7,210.8,214.7,1.1,320.0,242.5
2019-10-02T07:20:37,25.7,216.7,240.7,1.1,330.0,245.4
2019-10-02T07:21:08,25.7,230.3,225.9,0.9,330.0,242.5
2019-10-02T07:21:39,26.1,226.2,235.4,1.0,340.0,243.5
2019-10-02T07:22:10,26.1,224.4,240.1,0.9,340.0,244.4
2019-10-02T07:22:41,26.4,222.1,240.7,0.9,340.0,244.4
2019-10-02T07:23:12,26.4,221.5,236.0,0.9,350.0,245.4
2019-10-02T07:23:43,26.4,210.2,234.8,0.9,350.0,242.5
2019-10-02T07:24:14,26.4,219.1,235.4,0.9,360.0,242.5
2019-10-02T07:24:45,26.8,220.9,240.1,0.8,360.0,241.5
2019-10-02T07:25:16,26.8,216.2,236.0,0.7,360.0,242.5
2019-10-02T07:25:48,26.8,217.3,237.8,0.7,370.0,241.5
2019-10-02T07:26:20,26.8,218.5,227.7,0.7,370.0,244.4
2019-10-02T07:26:51,27.2,207.9,245.5,0.7,370.0,245.4
2019-10-02T07:27:22,27.2,217.9,240.1,0.8,380.0,243.5
2019-10-02T07:27:53,27.2,206.7,223.6,0.7,380.0,244.4
2019-10-02T07:28:24,27.2,220.9,246.1,0.7,380.0,244.4
2019-10-02T07:28:55,27.2,215.6,244.3,0.9,380.0,244.4
2019-10-02T07:29:26,27.2,219.1,234.8,0.8,390.0,243.5
2019-10-02T07:29:57,27.2,214.4,240.1,0.9,390.0,244.4
2019-10-02T07:30:28,27.2,216.2,240.1,0.9,400.0,243.5
2019-10-02T07:30:59,27.5,217.9,236.0,0.8,400.0,243.5
2019-10-02T07:31:31,27.5,215.6,234.8,0.9,400.0,241.5
2019-10-02T07:32:02,27.5,226.2,230.7,0.8,410.0,243.5
2019-10-02T07:32:33,27.9,222.7,232.4,0.9,410.0,243.5
2019-10-02T07:33:04,27.9,216.7,241.9,0.8,420.0,243.5
2019-10-02T07:33:35,27.9,211.4,231.3,0.9,420.0,243.5
2019-10-02T07:34:06,28.3,219.7,239.5,0.9,420.0,243.5
2019-10-02T07:34:37,28.3,210.8,218.8,1.0,430.0,242.5
2019-10-02T07:35:08,28.3,190.2,241.3,1.1,430.0,243.5
2019-10-02T07:35:40,28.3,161.8,225.9,1.5,440.0,243.5
2019-10-02T07:36:11,28.6,154.7,220.6,1.9,440.0,241.5
2019-10-02T07:36:42,28.6,171.9,232.4,1.8,450.0,243.5
2019-10-02T07:37:13,28.6,175.4,236.6,1.8,450.0,242.5
2019-10-02T07:37:44,28.6,177.8,229.5,1.6,460.0,243.5
2019-10-02T07:38:15,28.6,178.3,236.6,1.8,460.0,244.4
2019-10-02T07:38:46,28.6,154.1,233.6,2.4,470.0,243.5
2019-10-02T07:39:17,28.6,178.3,236.6,2.3,480.0,244.4
2019-10-02T07:39:48,29.0,167.7,232.4,2.3,490.0,245.4
2019-10-02T07:40:19,29.4,172.4,236.0,2.2,490.0,244.4
2019-10-02T07:40:51,29.0,176.0,243.7,2.2,500.0,245.4
2019-10-02T07:41:22,28.6,171.9,232.4,2.2,510.0,244.4
2019-10-02T07:41:53,28.6,165.9,242.5,2.2,520.0,244.4
2019-10-02T07:42:24,28.6,156.5,240.7,2.3,530.0,244.4
2019-10-02T07:42:55,28.6,155.3,234.8,2.3,530.0,244.4
2019-10-02T07:43:26,28.6,155.9,231.9,2.2,540.0,244.4
2019-10-02T07:43:57,29.0,158.9,238.4,2.2,550.0,245.4
2019-10-02T07:44:28,29.0,159.4,240.1,2.1,550.0,246.4
2019-10-02T07:44:59,29.4,157.7,239.5,2.1,560.0,245.4
2019-10-02T07:45:30,29.4,157.7,242.5,2.2,570.0,243.5
2019-10-02T07:46:02,29.7,159.4,233.0,2.0,570.0,245.4
2019-10-02T07:46:33,29.7,160.6,231.3,2.0,580.0,244.4
2019-10-02T07:47:04,29.7,160.0,230.7,2.1,590.0,245.4
2019-10-02T07:47:35,30.1,162.4,236.6,1.9,590.0,242.5
2019-10-02T07:48:06,30.1,161.2,233.6,1.9,600.0,242.5
2019-10-02T07:48:37,30.2,164.8,228.9,1.9,600.0,242.5
2019-10-02T07:49:08,30.2,189.6,236.0,1.7,610.0,241.5
2019-10-02T07:49:39,30.2,199.0,241.9,1.6,620.0,242.5
2019-10-02T07:50:10,30.3,193.7,240.7,1.5,620.0,242.5
2019-10-02T07:50:42,30.3,199.0,230.1,1.5,630.0,243.5
2019-10-02T07:51:13,30.3,191.3,243.1,1.7,640.0,241.5
2019-10-02T07:51:44,30.3,189.6,239.5,1.7,640.0,239.6
2019-10-02T07:52:15,30.4,190.2,229.5,1.6,650.0,240.6
2019-10-02T07:52:46,30.4,188.4,240.1,1.6,650.0,240.6
2019-10-02T07:53:17,30.4,189.6,231.3,1.7,660.0,239.6
2019-10-02T07:53:48,30.4,189.0,234.2,1.7,670.0,239.6
2019-10-02T07:54:19,30.5,188.4,236.0,1.6,670.0,239.6
2019-10-02T07:54:50,30.4,190.2,232.4,1.7,680.0,240.6
2019-10-02T07:55:21,30.5,183.1,238.4,1.7,680.0,240.6
2019-10-02T07:55:53,30.4,190.8,241.3,1.7,690.0,241.5
2019-10-02T07:56:25,30.4,194.9,239.5,1.8,700.0,240.6
2019-10-02T07:56:56,30.5,194.9,231.3,1.7,700.0,240.6
2019-10-02T07:57:27,30.5,197.8,230.7,1.8,710.0,239.6
2019-10-02T07:57:58,30.7,196.7,237.2,1.7,720.0,241.5
2019-10-02T07:58:29,30.7,202.6,237.8,1.7,720.0,241.5
2019-10-02T07:59:00,30.8,196.7,231.3,1.9,730.0,241.5
2019-10-02T07:59:31,30.8,199.0,240.7,1.9,740.0,243.5
2019-10-02T08:00:02,30.8,199.0,230.1,1.8,740.0,242.5
2019-10-02T08:00:34,30.9,193.7,241.9,1.9,750.0,240.6
2019-10-02T08:01:05,30.9,187.2,239.5,1.9,760.0,242.5
2019-10-02T08:01:36,30.9,186.0,241.3,1.8,760.0,242.5
2019-10-02T08:02:07,30.9,186.0,231.9,1.9,770.0,241.5
2019-10-02T08:02:38,30.9,190.2,233.0,1.9,780.0,241.5
2019-10-02T08:03:09,31.0,202.0,235.4,1.8,780.0,240.6
2019-10-02T08:03:40,31.0,201.4,240.7,1.8,790.0,240.6
2019-10-02T08:04:11,31.0,198.4,225.9,2.0,800.0,242.5
2019-10-02T08:04:42,31.0,196.7,241.3,2.0,810.0,241.5
2019-10-02T08:05:13,31.0,202.6,238.4,1.9,810.0,241.5
2019-10-02T08:05:45,31.0,202.6,229.5,1.9,820.0,242.5
2019-10-02T08:06:16,31.1,194.9,236.6,2.0,830.0,242.5
2019-10-02T08:06:47,31.1,199.0,234.8,2.1,840.0,241.5
2019-10-02T08:07:18,31.2,197.8,230.7,2.1,840.0,241.5
2019-10-02T08:07:49,31.2,195.5,240.7,2.0,850.0,242.5
2019-10-02T08:08:20,31.2,197.3,227.1,2.1,860.0,241.5
2019-10-02T08:08:51,31.2,206.1,244.3,1.9,870.0,243.5
2019-10-02T08:09:22,31.4,202.6,228.9,2.1,870.0,242.5
2019-10-02T08:09:53,31.4,207.3,233.6,2.2,880.0,242.5
2019-10-02T08:10:24,31.2,207.9,239.5,2.1,890.0,243.5
2019-10-02T08:10:56,31.2,207.9,234.8,2.0,900.0,243.5
2019-10-02T08:11:28,31.2,213.8,228.3,2.0,910.0,243.5
2019-10-02T08:11:59,31.4,206.1,243.1,2.1,910.0,242.5
2019-10-02T08:12:30,31.4,205.5,233.0,2.1,920.0,243.5
2019-10-02T08:13:01,31.5,207.9,231.3,2.2,930.0,241.5
2019-10-02T08:13:32,31.5,207.9,241.9,2.3,940.0,242.5
2019-10-02T08:14:03,31.5,209.7,225.9,2.0,950.0,242.5
2019-10-02T08:14:34,31.5,208.5,239.5,2.0,960.0,242.5
2019-10-02T08:15:05,31.5,209.1,237.8,1.8,960.0,243.5
2019-10-02T08:15:36,31.6,195.5,227.1,2.2,970.0,241.5
2019-10-02T08:16:08,31.6,200.8,235.4,2.3,980.0,242.5
2019-10-02T08:16:39,31.7,214.4,236.6,2.1,990.0,243.5
2019-10-02T08:17:10,31.7,206.1,233.0,2.3,1000.0,243.5
2019-10-02T08:17:41,31.7,209.7,236.0,2.4,1010.0,244.4
2019-10-02T08:18:12,31.7,210.2,240.7,2.3,1020.0,244.4
2019-10-02T08:18:43,31.8,208.5,227.7,2.4,1030.0,242.5
2019-10-02T08:19:14,31.8,211.4,237.8,2.3,1030.0,244.4
2019-10-02T08:19:45,31.8,210.8,237.8,2.4,1040.0,244.4
2019-10-02T08:20:16,31.8,220.3,225.4,2.4,1050.0,245.4
2019-10-02T08:20:48,31.9,223.2,241.3,2.3,1060.0,245.4
2019-10-02T08:21:19,31.9,222.7,233.0,2.4,1070.0,244.4
2019-10-02T08:21:50,31.9,220.9,229.5,2.5,1080.0,243.5
2019-10-02T08:22:21,31.9,220.3,237.8,2.4,1090.0,242.5
2019-10-02T08:22:52,31.9,216.2,237.2,2.5,1100.0,245.4
2019-10-02T08:23:23,31.9,223.2,226.5,2.4,1110.0,245.4
2019-10-02T08:23:54,31.8,216.7,241.3,2.5,1120.0,244.4
2019-10-02T08:24:25,31.9,223.8,231.3,2.5,1130.0,243.5
2019-10-02T08:24:56,31.9,219.7,232.4,2.5,1140.0,244.4
2019-10-02T08:25:27,31.8,219.1,234.8,2.4,1150.0,244.4
2019-10-02T08:25:59,31.9,207.9,237.2,2.7,1160.0,244.4
2019-10-02T08:26:31,31.9,220.3,225.9,2.6,1170.0,245.4
2019-10-02T08:27:02,32.0,217.9,240.1,2.7,1180.0,244.4
2019-10-02T08:27:33,32.0,220.9,229.5,2.7,1190.0,244.4
2019-10-02T08:28:04,32.2,227.4,240.1,1.9,1200.0,244.4
2019-10-02T08:28:35,32.2,217.3,243.7,1.3,1210.0,244.4
2019-10-02T08:29:06,32.3,201.4,250.2,2.8,1220.0,245.4
2019-10-02T08:29:37,32.3,202.0,241.3,2.4,1230.0,244.4
2019-10-02T08:30:08,32.3,218.5,225.9,3.0,1240.0,244.4
2019-10-02T08:30:39,32.4,212.6,231.3,2.3,1250.0,245.4
2019-10-02T08:31:11,32.4,208.5,230.1,3.1,1260.0,244.4
2019-10-02T08:31:42,32.4,215.6,240.7,3.0,1270.0,245.4
2019-10-02T08:32:13,32.5,217.3,229.5,3.1,1280.0,245.4
2019-10-02T08:32:44,32.3,219.7,231.3,3.2,1290.0,247.3
2019-10-02T08:33:15,32.3,210.8,231.3,0.9,1300.0,243.5
2019-10-02T08:33:46,32.3,197.3,214.7,0.7,1300.0,241.5
2019-10-02T08:34:17,32.4,210.8,235.4,0.7,1310.0,243.5
2019-10-02T08:34:48,32.4,180.7,244.3,1.6,1310.0,244.4
2019-10-02T08:35:19,32.5,176.0,220.0,3.0,1320.0,245.4
2019-10-02T08:35:50,32.5,196.1,235.4,3.5,1330.0,248.3
2019-10-02T08:36:22,32.5,212.6,239.5,3.5,1340.0,247.3
2019-10-02T08:36:53,32.4,222.7,244.9,1.5,1350.0,242.5
2019-10-02T08:37:24,32.4,220.3,224.2,2.1,1360.0,244.4
2019-10-02T08:37:55,32.4,221.5,217.7,2.6,1370.0,245.4
2019-10-02T08:38:26,32.4,212.6,225.4,1.0,1380.0,244.4
2019-10-02T08:38:57,32.4,210.2,227.7,0.9,1380.0,243.5
2019-10-02T08:39:28,32.4,206.7,227.1,0.9,1380.0,243.5
2019-10-02T08:39:59,32.5,213.8,205.2,1.0,1390.0,242.5
2019-10-02T08:40:30,32.5,224.4,185.7,0.8,1390.0,242.5
2019-10-02T08:41:02,32.5,215.0,212.3,1.0,1400.0,242.5
2019-10-02T08:41:33,32.6,202.0,238.4,1.1,1400.0,242.5
2019-10-02T08:42:04,32.6,178.3,223.0,1.4,1400.0,243.5
2019-10-02T08:42:35,32.6,144.1,192.2,3.4,1410.0,244.4
2019-10-02T08:43:06,32.6,152.9,201.7,1.4,1420.0,244.4
2019-10-02T08:43:37,32.7,163.0,212.3,1.3,1420.0,242.5
2019-10-02T08:44:08,32.6,180.1,223.6,1.2,1420.0,241.5
2019-10-02T08:44:39,32.6,191.3,237.2,1.3,1430.0,242.5
2019-10-02T08:45:10,32.7,194.9,225.9,1.3,1430.0,242.5
2019-10-02T08:45:41,32.7,220.3,237.8,1.2,1440.0,245.4
2019-10-02T08:46:13,32.7,206.7,229.5,1.4,1440.0,244.4
2019-10-02T08:46:44,32.7,223.8,248.4,1.4,1450.0,246.4
2019-10-02T08:47:44,32.7,202.0,237.2,1.5,1460.0,245.4
2019-10-02T08:48:15,32.9,206.7,240.7,1.5,1470.0,244.4
2019-10-02T08:48:46,32.9,204.3,241.3,1.5,1480.0,244.4
2019-10-02T08:49:17,32.9,221.5,225.9,1.5,1480.0,243.5
2019-10-02T08:49:48,32.9,223.8,239.5,1.4,1490.0,244.4
2019-10-02T08:50:19,32.9,223.2,228.3,1.4,1490.0,244.4
2019-10-02T08:50:51,32.9,218.5,235.4,1.5,1500.0,244.4
2019-10-02T08:51:22,33.0,223.2,214.1,1.5,1510.0,244.4
2019-10-02T08:51:53,33.0,212.0,210.0,1.5,1510.0,244.4
2019-10-02T08:52:24,33.0,213.2,218.3,1.5,1520.0,242.5
2019-10-02T08:52:55,33.0,212.0,222.4,1.5,1530.0,245.4
2019-10-02T08:53:26,33.0,217.3,237.8,1.6,1530.0,244.4
2019-10-02T08:53:57,33.0,223.2,239.5,1.4,1540.0,244.4
2019-10-02T08:54:28,33.0,217.9,233.6,1.6,1550.0,242.5
2019-10-02T08:54:59,33.0,222.1,231.3,1.6,1550.0,244.4
2019-10-02T08:55:30,33.0,222.7,242.5,1.5,1560.0,244.4
2019-10-02T08:56:02,33.1,222.1,230.1,1.6,1570.0,244.4
2019-10-02T08:56:33,33.1,215.6,227.1,1.7,1570.0,244.4
2019-10-02T08:57:04,33.1,223.2,239.0,1.5,1580.0,244.4
2019-10-02T08:57:35,33.1,223.2,241.9,1.6,1590.0,243.5
2019-10-02T08:58:06,33.1,214.4,232.4,1.6,1600.0,244.4
2019-10-02T08:58:37,33.2,223.2,240.1,1.5,1600.0,243.5
2019-10-02T08:59:08,33.2,218.5,237.8,1.5,1610.0,244.4
2019-10-02T08:59:39,33.2,217.9,230.1,1.4,1620.0,244.4
2019-10-02T09:00:10,33.2,216.2,228.3,1.4,1620.0,243.5
2019-10-02T09:00:42,33.2,217.9,241.9,1.5,1630.0,244.4
2019-10-02T09:01:13,33.3,215.6,237.8,1.4,1640.0,244.4
2019-10-02T09:01:44,33.3,222.7,232.4,1.4,1640.0,245.4
2019-10-02T09:02:15,33.3,222.1,231.9,1.4,1650.0,244.4
2019-10-02T09:02:46,33.3,219.7,225.4,1.5,1660.0,244.4
2019-10-02T09:03:17,33.3,196.1,240.7,1.8,1660.0,246.4
2019-10-02T09:03:48,33.3,180.7,241.3,2.3,1670.0,245.4
2019-10-02T09:04:19,33.3,196.1,230.1,3.1,1680.0,247.3
2019-10-02T09:04:50,33.3,207.9,241.9,2.8,1690.0,248.3
2019-10-02T09:05:21,33.3,213.2,248.4,1.9,1700.0,245.4
2019-10-02T09:05:53,33.3,219.7,227.7,1.7,1710.0,245.4
2019-10-02T09:06:25,33.4,222.7,236.6,1.9,1720.0,244.4
2019-10-02T09:06:56,33.4,218.5,240.7,1.8,1730.0,246.4
2019-10-02T09:07:27,33.4,220.3,238.4,1.8,1740.0,245.4
2019-10-02T09:07:58,33.4,223.2,231.9,1.6,1740.0,245.4
2019-10-02T09:08:29,33.5,218.5,237.2,1.6,1750.0,245.4
2019-10-02T09:09:00,33.5,222.1,234.8,1.5,1760.0,244.4
2019-10-02T09:09:31,33.5,223.2,238.4,1.4,1770.0,246.4
2019-10-02T09:10:02,33.5,222.7,233.0,1.5,1770.0,245.4
2019-10-02T09:10:33,33.5,223.2,234.2,1.4,1780.0,245.4
2019-10-02T09:11:05,33.5,218.5,233.6,1.4,1790.0,244.4
2019-10-02T09:11:36,33.5,218.5,233.6,1.3,1790.0,245.4
2019-10-02T09:12:07,33.5,213.8,237.2,1.5,1800.0,245.4
2019-10-02T09:12:38,33.7,217.9,228.3,1.7,1810.0,244.4
2019-10-02T09:13:09,33.7,218.5,231.3,1.4,1810.0,244.4
2019-10-02T09:13:40,33.7,217.9,225.4,1.5,1820.0,244.4
2019-10-02T09:14:11,33.7,206.7,239.0,1.7,1830.0,244.4
2019-10-02T09:14:42,33.7,199.0,234.2,1.8,1830.0,244.4
2019-10-02T09:15:13,33.7,191.3,224.2,1.8,1840.0,246.4
2019-10-02T09:15:45,33.7,197.8,236.6,1.7,1850.0,245.4
2019-10-02T09:16:16,33.7,173.6,218.3,2.1,1850.0,246.4
2019-10-02T09:16:47,33.8,156.5,238.4,3.5,1860.0,248.3
2019-10-02T09:17:18,33.8,160.0,244.3,3.8,1880.0,248.3
2019-10-02T09:17:49,33.8,157.1,243.7,2.7,1890.0,248.3
2019-10-02T09:18:20,33.8,187.8,218.8,2.5,1900.0,246.4
2019-10-02T09:18:51,33.8,213.2,199.9,4.5,1910.0,248.3
2019-10-02T09:19:22,33.9,191.3,196.4,5.9,1930.0,250.2
2019-10-02T09:19:53,33.9,213.2,220.0,5.3,1940.0,251.2
2019-10-02T09:20:24,33.8,201.4,205.2,6.3,1960.0,251.2
2019-10-02T09:20:56,33.9,213.2,215.3,4.0,1980.0,249.3
2019-10-02T09:21:28,33.9,212.0,219.4,2.9,1990.0,248.3
2019-10-02T09:21:59,34.0,213.2,224.8,4.2,2010.0,250.2
2019-10-02T09:22:30,34.1,217.9,227.7,1.9,2020.0,247.3
2019-10-02T09:23:01,34.1,216.2,227.7,1.8,2030.0,246.4
2019-10-02T09:23:32,34.1,202.0,227.1,2.2,2040.0,247.3
2019-10-02T09:24:03,34.2,199.0,228.3,2.3,2050.0,247.3
2019-10-02T09:24:34,34.2,227.4,193.4,4.2,2060.0,251.2
2019-10-02T09:25:05,34.4,206.7,225.4,6.0,2080.0,252.2
2019-10-02T09:25:36,34.4,215.6,224.8,5.8,2100.0,251.2
2019-10-02T09:26:08,34.5,222.1,215.3,5.3,2120.0,250.2
2019-10-02T09:26:39,34.5,212.6,208.8,4.2,2150.0,246.4
2019-10-02T09:27:10,34.6,210.8,198.1,6.2,2160.0,251.2
2019-10-02T09:27:41,34.7,215.0,215.3,5.1,2190.0,251.2
2019-10-02T09:28:12,34.7,206.7,231.9,4.2,2200.0,247.3
2019-10-02T09:28:43,34.8,222.7,225.4,4.0,2220.0,249.3
2019-10-02T09:29:14,34.9,204.9,223.6,6.1,2240.0,251.2
2019-10-02T09:29:45,34.9,210.8,224.8,4.7,2270.0,247.3
2019-10-02T09:30:16,35.0,210.2,225.9,1.9,2270.0,246.4
2019-10-02T09:30:47,35.0,212.0,223.6,1.6,2280.0,245.4
2019-10-02T09:31:19,34.8,210.2,224.8,1.6,2290.0,246.4
2019-10-02T09:31:50,34.8,210.2,220.0,1.7,2300.0,248.3
2019-10-02T09:32:21,34.9,199.0,240.1,1.9,2300.0,246.4
2019-10-02T09:32:52,34.9,186.6,220.0,2.0,2310.0,247.3
2019-10-02T09:33:23,35.0,220.9,246.6,4.1,2320.0,249.3
2019-10-02T09:33:54,35.0,211.4,230.1,4.6,2340.0,249.3
2019-10-02T09:34:25,35.0,213.8,231.3,2.7,2350.0,249.3
2019-10-02T09:34:56,35.0,199.0,215.9,2.5,2360.0,248.3
2019-10-02T09:35:27,35.2,230.3,250.8,2.0,2370.0,247.3
2019-10-02T09:35:59,34.9,215.0,230.7,2.4,2380.0,245.4
2019-10-02T09:36:30,34.8,213.8,227.1,2.2,2390.0,248.3
2019-10-02T09:37:01,34.8,213.2,225.9,2.0,2400.0,245.4
2019-10-02T09:37:32,34.8,213.2,225.4,1.9,2410.0,245.4
2019-10-02T09:38:03,34.9,215.0,223.6,1.9,2420.0,246.4
2019-10-02T09:38:34,34.9,215.0,224.8,2.0,2420.0,245.4
2019-10-02T09:39:05,35.0,186.6,195.8,3.0,2430.0,247.3
2019-10-02T09:39:36,35.0,222.1,201.1,5.6,2450.0,251.2
2019-10-02T09:40:07,35.2,215.6,226.5,6.3,2470.0,252.2
2019-10-02T09:40:39,35.2,211.4,219.4,2.0,2490.0,245.4
2019-10-02T09:41:11,35.2,215.6,228.3,1.6,2500.0,245.4
2019-10-02T09:41:42,35.2,216.2,228.3,1.5,2500.0,244.4
2019-10-02T09:42:13,35.3,216.2,225.9,1.4,2510.0,245.4
2019-10-02T09:42:44,35.3,213.2,232.4,1.3,2520.0,245.4
2019-10-02T09:43:15,35.3,210.8,227.7,1.3,2520.0,244.4
2019-10-02T09:43:46,35.3,211.4,228.3,1.2,2530.0,245.4
2019-10-02T09:44:17,35.3,209.7,225.9,1.1,2530.0,243.5
2019-10-02T09:44:48,35.3,209.1,222.4,1.2,2540.0,245.4
2019-10-02T09:45:19,35.3,209.1,227.7,1.3,2540.0,244.4
2019-10-02T09:45:50,35.3,206.1,231.3,1.1,2550.0,244.4
2019-10-02T09:46:22,35.3,207.9,228.3,1.1,2550.0,243.5
2019-10-02T09:46:53,35.3,215.6,235.4,1.2,2560.0,245.4
2019-10-02T09:47:24,35.3,202.0,221.2,1.3,2560.0,244.4
2019-10-02T09:47:55,35.3,180.7,233.6,1.4,2570.0,244.4
2019-10-02T09:48:26,35.3,159.4,223.0,1.7,2580.0,246.4
2019-10-02T09:48:57,35.3,172.4,230.7,1.7,2580.0,244.4
2019-10-02T09:49:28,35.3,199.0,227.7,1.5,2590.0,245.4
2019-10-02T09:49:59,35.3,215.0,233.6,1.5,2590.0,243.5
2019-10-02T09:50:30,35.3,216.7,227.7,1.7,2600.0,244.4
2019-10-02T09:51:02,35.3,194.9,195.2,3.2,2610.0,247.3
2019-10-02T09:51:33,35.4,165.9,211.7,7.0,2620.0,250.2
2019-10-02T09:52:04,35.4,158.3,219.4,4.1,2640.0,247.3
2019-10-02T09:52:35,35.4,168.9,228.9,2.6,2650.0,246.4
2019-10-02T09:53:06,35.4,162.4,234.8,2.2,2660.0,244.4
2019-10-02T09:53:37,35.4,163.6,227.7,2.1,2660.0,245.4
2019-10-02T09:54:08,35.4,183.7,231.3,1.8,2670.0,246.4
2019-10-02T09:54:39,35.4,193.7,232.4,1.8,2680.0,243.5
2019-10-02T09:55:10,35.4,197.3,228.3,1.5,2680.0,243.5
2019-10-02T09:55:41,35.5,197.8,235.4,1.6,2690.0,244.4
2019-10-02T09:56:13,35.5,197.3,231.9,1.5,2700.0,243.5
2019-10-02T09:56:44,35.4,199.6,224.8,1.4,2700.0,243.5
2019-10-02T09:57:15,35.5,192.5,228.3,1.5,2710.0,243.5
2019-10-02T09:57:46,35.5,187.8,242.5,1.5,2720.0,244.4
2019-10-02T09:58:17,35.5,168.9,221.8,1.6,2720.0,245.4
2019-10-02T09:58:48,35.4,186.6,231.9,1.5,2730.0,244.4
2019-10-02T09:59:19,35.5,198.4,227.1,1.4,2730.0,243.5
2019-10-02T09:59:50,35.5,196.1,227.1,1.3,2740.0,244.4
2019-10-02T10:00:21,35.4,219.1,231.3,1.2,2740.0,243.5
2019-10-02T10:00:53,35.5,218.5,234.8,1.3,2750.0,242.5
2019-10-02T10:01:24,35.5,204.3,233.6,1.3,2760.0,242.5
2019-10-02T10:01:55,35.5,220.3,225.9,1.2,2760.0,243.5
2019-10-02T10:02:26,35.4,202.0,234.8,1.5,2770.0,244.4
2019-10-02T10:02:57,35.4,200.2,234.8,1.4,2770.0,243.5
2019-10-02T10:03:28,35.5,217.9,225.9,1.5,2780.0,243.5
2019-10-02T10:03:59,35.4,215.0,234.2,1.6,2790.0,244.4
2019-10-02T10:04:30,35.4,185.4,204.6,2.4,2790.0,246.4
2019-10-02T10:05:01,35.5,179.5,202.3,2.6,2800.0,244.4
2019-10-02T10:05:33,35.5,153.5,238.4,7.4,2820.0,247.3
2019-10-02T10:06:05,35.5,168.9,246.6,3.7,2840.0,246.4
2019-10-02T10:06:36,35.6,148.8,212.3,8.2,2850.0,249.3
2019-10-02T10:07:07,35.6,179.5,230.7,7.6,2880.0,251.2
2019-10-02T10:07:38,35.6,210.2,225.4,6.9,2910.0,250.2
2019-10-02T10:08:09,35.7,213.2,220.6,6.8,2930.0,249.3
2019-10-02T10:08:40,35.9,202.6,231.3,7.1,2960.0,251.2
2019-10-02T10:09:11,36.0,207.3,217.7,6.7,2980.0,251.2
2019-10-02T10:09:42,36.1,192.5,227.7,6.3,3010.0,250.2
2019-10-02T10:10:13,36.2,212.0,220.0,3.3,3030.0,248.3
2019-10-02T10:10:44,36.2,196.1,201.7,3.6,3040.0,245.4
2019-10-02T10:11:16,36.3,211.4,229.5,5.4,3060.0,246.4
2019-10-02T10:11:47,36.4,209.1,211.2,7.0,3090.0,249.3
2019-10-02T10:12:18,36.4,202.0,217.1,2.0,3100.0,243.5
2019-10-02T10:12:49,36.4,196.1,224.8,1.9,3110.0,242.5
2019-10-02T10:13:20,36.4,210.8,218.8,1.7,3120.0,241.5
2019-10-02T10:13:51,36.3,210.8,217.7,1.5,3120.0,242.5
2019-10-02T10:14:22,36.3,204.9,217.1,1.7,3130.0,240.6
2019-10-02T10:14:53,36.3,202.6,233.6,1.7,3140.0,241.5
2019-10-02T10:15:24,36.3,206.7,221.8,1.6,3140.0,241.5
2019-10-02T10:15:56,36.3,211.4,220.0,1.8,3150.0,239.6
2019-10-02T10:16:27,36.4,210.2,232.4,1.7,3160.0,242.5
2019-10-02T10:16:58,36.3,212.0,215.9,1.9,3170.0,243.5
2019-10-02T10:17:29,36.3,230.3,198.7,4.2,3180.0,247.3
2019-10-02T10:18:00,36.3,202.6,223.0,7.2,3200.0,248.3
2019-10-02T10:18:31,36.4,199.0,217.1,5.7,3220.0,247.3
2019-10-02T10:19:02,36.4,189.6,223.6,3.1,3230.0,245.4
2019-10-02T10:19:33,36.4,196.1,230.7,2.6,3240.0,242.5
2019-10-02T10:20:04,36.4,173.0,234.8,3.5,3250.0,244.4
2019-10-02T10:20:36,36.4,178.9,215.3,3.6,3260.0,243.5
2019-10-02T10:21:07,36.4,165.9,222.4,5.2,3280.0,248.3
2019-10-02T10:21:38,36.5,186.6,203.5,3.7,3300.0,245.4
2019-10-02T10:22:09,36.4,215.6,231.3,5.5,3310.0,246.4
2019-10-02T10:22:40,36.5,212.6,230.7,6.3,3340.0,250.2
2019-10-02T10:23:11,36.7,210.8,225.4,7.1,3360.0,249.3
2019-10-02T10:23:42,36.7,206.1,215.9,7.1,3390.0,251.2
2019-10-02T10:24:13,36.8,208.5,220.0,7.1,3420.0,250.2
2019-10-02T10:24:44,36.9,206.1,215.3,7.2,3440.0,249.3
2019-10-02T10:25:15,37.0,203.7,212.3,7.1,3470.0,250.2
2019-10-02T10:25:47,37.0,202.6,216.5,7.1,3490.0,250.2
2019-10-02T10:26:19,37.1,205.5,211.7,7.1,3520.0,249.3
2019-10-02T10:26:50,37.2,202.6,213.5,7.3,3550.0,250.2
2019-10-02T10:27:21,37.4,200.2,217.1,7.4,3570.0,250.2
2019-10-02T10:27:52,37.4,203.7,211.7,7.2,3600.0,248.3
2019-10-02T10:28:23,37.5,199.6,214.7,7.3,3620.0,249.3
2019-10-02T10:28:54,37.6,201.4,213.5,7.3,3650.0,250.2
2019-10-02T10:29:25,37.7,202.6,206.4,7.3,3680.0,250.2
2019-10-02T10:29:56,37.7,203.7,210.6,7.2,3700.0,251.2
2019-10-02T10:30:27,37.8,198.4,210.6,7.5,3730.0,251.2
2019-10-02T10:30:58,37.9,200.2,212.9,7.5,3750.0,249.3
2019-10-02T10:31:30,38.0,201.4,215.3,7.4,3780.0,251.2
2019-10-02T10:32:01,38.0,199.0,225.9,2.8,3800.0,247.3
2019-10-02T10:32:32,38.2,207.3,231.3,4.1,3810.0,250.2
2019-10-02T10:33:03,38.2,202.6,221.2,7.2,3840.0,250.2
2019-10-02T10:33:34,38.3,199.6,211.7,7.2,3860.0,250.2
2019-10-02T10:34:05,38.3,199.6,212.3,7.3,3890.0,250.2
2019-10-02T10:34:36,38.4,201.4,210.6,7.1,3910.0,251.2
2019-10-02T10:35:07,38.5,199.6,211.2,7.1,3940.0,250.2
2019-10-02T10:35:39,38.5,200.8,207.0,7.2,3960.0,250.2
2019-10-02T10:36:10,38.6,200.8,210.0,6.7,3990.0,250.2
2019-10-02T10:36:41,38.6,193.1,207.6,5.1,4010.0,249.3
2019-10-02T10:37:12,38.7,194.9,207.6,7.4,4040.0,250.2
2019-10-02T10:37:43,38.6,178.3,204.1,5.7,4060.0,249.3
2019-10-02T10:38:14,38.6,180.7,209.4,1.9,4070.0,246.4
2019-10-02T10:38:45,38.7,190.2,212.3,1.6,4070.0,243.5
2019-10-02T10:39:16,38.7,201.4,211.7,1.4,4080.0,243.5
2019-10-02T10:39:47,38.5,199.0,210.6,1.3,4090.0,242.5
2019-10-02T10:40:18,38.5,199.6,225.9,1.3,4090.0,243.5
2019-10-02T10:40:50,38.4,202.0,223.0,1.4,4100.0,242.5
2019-10-02T10:41:21,38.3,200.2,220.0,1.3,4100.0,243.5
2019-10-02T10:41:52,38.3,203.7,213.5,1.3,4110.0,244.4
2019-10-02T10:42:23,38.3,204.9,220.6,1.3,4120.0,242.5
2019-10-02T10:42:54,38.3,210.8,221.8,1.4,4120.0,243.5
2019-10-02T10:43:25,38.2,208.5,227.7,1.4,4130.0,242.5
2019-10-02T10:43:56,38.2,218.5,219.4,1.1,4130.0,242.5
2019-10-02T10:44:27,38.2,214.4,220.6,1.4,4140.0,242.5
2019-10-02T10:44:58,38.2,208.5,221.8,1.4,4150.0,242.5
2019-10-02T10:45:29,38.2,213.2,227.7,1.3,4150.0,243.5
2019-10-02T10:46:01,38.0,218.5,217.7,1.1,4160.0,241.5
2019-10-02T10:46:32,38.0,198.4,228.3,1.2,4160.0,245.4
2019-10-02T10:47:03,37.9,218.5,227.7,1.2,4170.0,245.4
2019-10-02T10:47:34,37.9,216.7,217.1,1.3,4170.0,243.5
2019-10-02T10:48:05,37.8,204.9,236.6,1.4,4180.0,245.4
2019-10-02T10:48:36,37.7,212.6,214.7,1.3,4190.0,248.3
2019-10-02T10:49:07,37.6,215.0,235.4,1.3,4190.0,246.4
2019-10-02T10:49:38,37.6,210.8,219.4,1.5,4200.0,246.4
2019-10-02T10:50:09,37.6,210.8,227.7,1.5,4200.0,247.3
2019-10-02T10:50:41,37.6,188.4,223.0,1.7,4210.0,248.3
2019-10-02T10:51:12,37.5,174.8,231.9,2.0,4220.0,247.3
2019-10-02T10:51:43,37.2,148.8,225.9,2.8,4230.0,249.3
2019-10-02T10:52:14,37.2,158.9,226.5,9.1,4250.0,251.2
2019-10-02T10:52:45,37.4,157.7,224.8,5.5,4270.0,249.3
2019-10-02T10:53:16,37.0,171.9,227.7,7.8,4290.0,251.2
2019-10-02T10:53:47,37.0,183.7,221.2,8.2,4300.0,252.2
2019-10-02T10:54:18,37.1,177.8,234.2,2.1,4310.0,248.3
2019-10-02T10:54:49,37.2,178.3,224.2,2.1,4320.0,248.3
2019-10-02T10:55:20,37.2,183.7,214.7,1.9,4330.0,248.3
2019-10-02T10:55:52,37.4,191.9,223.0,1.9,4340.0,247.3
2019-10-02T10:56:23,37.4,189.6,233.6,1.9,4340.0,246.4
2019-10-02T10:56:54,37.4,194.9,225.4,1.8,4350.0,247.3
2019-10-02T10:57:25,37.4,194.9,213.5,1.8,4360.0,247.3
2019-10-02T10:57:56,37.5,189.6,236.6,2.0,4370.0,247.3
2019-10-02T10:58:27,37.1,188.4,230.7,2.0,4370.0,247.3
2019-10-02T10:58:58,37.1,181.3,218.8,2.3,4380.0,248.3
2019-10-02T10:59:29,37.1,192.5,223.6,2.3,4390.0,248.3
2019-10-02T11:00:01,37.1,219.1,218.8,3.3,4400.0,250.2
2019-10-02T11:00:32,37.1,199.0,237.2,7.6,4420.0,253.1
2019-10-02T11:01:04,37.2,213.2,217.1,4.1,4440.0,252.2
2019-10-02T11:01:35,37.2,215.6,225.9,2.9,4460.0,250.2
2019-10-02T11:02:06,37.2,215.0,244.3,2.8,4470.0,248.3
2019-10-02T11:02:37,37.4,215.0,232.4,2.7,4480.0,248.3
2019-10-02T11:03:08,37.4,212.6,215.3,2.4,4490.0,249.3
2019-10-02T11:03:39,37.4,215.6,237.8,2.5,4500.0,249.3
2019-10-02T11:04:10,37.4,199.0,211.7,3.6,4510.0,249.3
2019-10-02T11:04:41,37.4,176.6,229.5,8.7,4540.0,252.2
2019-10-02T11:05:12,37.4,207.9,218.3,8.2,4570.0,254.1
2019-10-02T11:05:43,37.4,206.1,210.0,7.1,4600.0,252.2
2019-10-02T11:06:15,37.6,204.3,209.4,8.1,4620.0,253.1
2019-10-02T11:06:46,37.7,206.7,218.8,7.8,4650.0,252.2
2019-10-02T11:07:17,37.8,202.0,214.7,8.1,4680.0,251.2
2019-10-02T11:07:48,37.8,200.2,214.7,8.0,4710.0,253.1
2019-10-02T11:08:19,37.9,203.2,217.1,7.9,4740.0,253.1
2019-10-02T11:08:50,38.0,199.6,214.1,8.1,4760.0,253.1
2019-10-02T11:09:21,38.2,207.9,202.3,2.1,4790.0,248.3
2019-10-02T11:09:52,38.2,168.9,232.4,8.5,4800.0,253.1
2019-10-02T11:10:23,38.3,155.9,209.4,6.6,4820.0,249.3
2019-10-02T11:10:55,38.3,176.6,202.9,2.4,4840.0,247.3
2019-10-02T11:11:26,38.3,190.2,211.2,1.6,4850.0,247.3
2019-10-02T11:11:57,38.4,196.7,217.7,1.5,4850.0,246.4
2019-10-02T11:12:28,38.4,191.9,218.8,1.6,4860.0,246.4
2019-10-02T11:12:59,38.3,208.5,209.4,1.7,4860.0,247.3
2019-10-02T11:13:30,38.3,197.3,192.8,1.8,4870.0,245.4
2019-10-02T11:14:01,38.3,195.5,225.4,1.9,4880.0,246.4
2019-10-02T11:14:32,38.2,202.0,223.6,2.2,4890.0,248.3
2019-10-02T11:15:03,38.2,174.2,201.7,7.5,4900.0,253.1
2019-10-02T11:15:35,38.2,194.9,227.1,8.1,4930.0,252.2
2019-10-02T11:16:06,38.2,186.0,205.8,8.5,4960.0,252.2
2019-10-02T11:16:37,38.2,177.8,218.3,8.7,4980.0,252.2
2019-10-02T11:17:08,38.3,177.2,217.1,8.8,5010.0,253.1
2019-10-02T11:17:39,38.3,190.8,216.5,8.3,5040.0,252.2
2019-10-02T11:18:10,38.4,193.1,221.8,8.1,5070.0,252.2
2019-10-02T11:18:41,38.5,193.1,220.6,2.3,5090.0,248.3
2019-10-02T11:19:12,38.5,199.6,209.4,2.7,5100.0,246.4
2019-10-02T11:19:43,38.5,216.2,230.7,1.9,5110.0,246.4
2019-10-02T11:20:14,38.6,209.7,216.5,1.9,5120.0,245.4
2019-10-02T11:20:46,38.6,206.7,214.7,1.8,5130.0,246.4
2019-10-02T11:21:18,38.5,210.2,215.3,1.6,5140.0,245.4
2019-10-02T11:21:49,38.5,204.9,221.2,1.8,5140.0,247.3
2019-10-02T11:22:20,38.5,204.9,218.3,1.7,5150.0,245.4
2019-10-02T11:22:51,38.6,209.1,220.0,1.7,5160.0,246.4
2019-10-02T11:23:22,38.5,211.4,218.3,1.5,5170.0,246.4
2019-10-02T11:23:53,38.4,210.8,221.2,1.6,5170.0,243.5
2019-10-02T11:24:24,38.4,209.7,222.4,1.5,5180.0,245.4
2019-10-02T11:24:55,38.4,211.4,218.8,1.5,5180.0,245.4
2019-10-02T11:25:26,38.4,208.5,222.4,1.5,5190.0,245.4
2019-10-02T11:25:57,38.3,203.7,219.4,1.6,5200.0,247.3
2019-10-02T11:26:29,38.3,203.7,243.1,2.0,5200.0,247.3
2019-10-02T11:27:00,38.3,203.7,234.2,2.0,5210.0,247.3
2019-10-02T11:27:31,38.3,213.2,228.9,1.6,5220.0,244.4
2019-10-02T11:28:02,38.2,215.0,225.4,1.5,5230.0,246.4
2019-10-02T11:28:33,38.2,208.5,221.2,1.6,5230.0,245.4
2019-10-02T11:29:04,38.2,216.2,227.7,1.5,5240.0,245.4
2019-10-02T11:29:35,38.2,216.2,217.7,1.5,5250.0,246.4
2019-10-02T11:30:06,38.0,216.7,229.5,1.5,5250.0,246.4
2019-10-02T11:30:38,38.0,216.2,227.1,1.5,5260.0,245.4
2019-10-02T11:31:09,38.0,211.4,219.4,1.6,5270.0,247.3
2019-10-02T11:31:40,38.0,216.2,232.4,1.6,5270.0,247.3
2019-10-02T11:32:11,38.0,199.6,209.4,1.8,5280.0,247.3
2019-10-02T11:32:42,37.9,171.9,181.6,2.9,5290.0,247.3
2019-10-02T11:33:13,37.9,185.4,197.0,4.3,5300.0,252.2
2019-10-02T11:33:44,37.9,173.6,223.6,8.9,5320.0,253.1
2019-10-02T11:34:15,38.0,170.7,214.7,8.9,5350.0,252.2
2019-10-02T11:34:46,38.0,169.5,217.7,8.8,5380.0,252.2
2019-10-02T11:35:17,38.2,171.9,220.0,8.7,5410.0,252.2
2019-10-02T11:35:49,38.3,168.3,215.3,8.7,5440.0,251.2
2019-10-02T11:36:20,38.3,168.9,214.1,8.6,5460.0,251.2
2019-10-02T11:36:51,38.4,167.7,214.1,8.7,5490.0,252.2
2019-10-02T11:37:22,38.5,163.0,215.3,9.0,5520.0,251.2
2019-10-02T11:37:53,38.4,162.4,202.9,9.0,5550.0,251.2
2019-10-02T11:38:24,38.5,151.8,195.8,9.1,5570.0,250.2
2019-10-02T11:38:55,38.6,168.9,198.1,8.4,5600.0,249.3
2019-10-02T11:39:26,38.7,164.8,212.3,8.7,5620.0,250.2
2019-10-02T11:39:57,38.9,158.9,204.6,8.9,5650.0,250.2
2019-10-02T11:40:28,39.0,159.4,205.2,9.1,5680.0,251.2
2019-10-02T11:41:00,39.0,160.6,215.9,8.9,5700.0,251.2
2019-10-02T11:41:31,39.1,158.3,207.0,2.4,5720.0,244.4
2019-10-02T11:42:02,39.2,167.1,207.0,1.6,5730.0,244.4
2019-10-02T11:42:33,39.2,166.5,210.6,1.5,5730.0,243.5
2019-10-02T11:43:04,39.1,171.9,214.7,1.4,5740.0,244.4
2019-10-02T11:43:35,39.1,151.8,207.6,1.8,5740.0,244.4
2019-10-02T11:44:06,39.1,164.8,218.3,1.7,5750.0,244.4
2019-10-02T11:44:37,39.1,183.7,213.5,1.5,5750.0,244.4
2019-10-02T11:45:08,39.1,216.7,175.7,2.4,5760.0,249.3
2019-10-02T11:45:40,39.0,210.2,197.0,1.9,5770.0,246.4
2019-10-02T11:46:11,39.0,212.0,225.4,2.0,5780.0,248.3
2019-10-02T11:46:42,39.0,189.6,240.1,2.1,5790.0,250.2
2019-10-02T11:47:13,39.0,174.8,239.0,8.3,5810.0,253.1
2019-10-02T11:47:44,39.0,164.8,217.1,9.0,5840.0,253.1
2019-10-02T11:48:15,39.0,167.7,210.6,8.8,5870.0,252.2
2019-10-02T11:48:46,39.0,165.9,211.7,8.8,5900.0,251.2
2019-10-02T11:49:17,39.1,161.2,214.7,9.0,5920.0,252.2
2019-10-02T11:49:48,39.2,160.6,212.3,9.0,5950.0,252.2
2019-10-02T11:50:19,39.3,164.2,207.6,8.7,5980.0,252.2
2019-10-02T11:50:51,39.4,165.4,204.6,8.8,6000.0,253.1
2019-10-02T11:51:23,39.4,151.8,215.9,5.1,6030.0,249.3
2019-10-02T11:51:54,39.5,159.4,212.3,2.3,6040.0,246.4
2019-10-02T11:52:25,39.5,170.7,221.2,2.2,6050.0,246.4
2019-10-02T11:52:56,39.5,158.9,199.3,2.4,6050.0,248.3
2019-10-02T11:53:27,39.5,122.8,159.7,8.2,6060.0,251.2
2019-10-02T11:53:58,39.5,141.1,188.1,9.6,6090.0,253.1
2019-10-02T11:54:29,39.7,150.6,210.0,9.3,6110.0,252.2
2019-10-02T11:55:00,39.7,151.8,214.7,9.2,6140.0,252.2
2019-10-02T11:55:31,39.7,150.6,212.3,9.3,6170.0,253.1
2019-10-02T11:56:03,39.7,161.8,205.8,8.0,6190.0,250.2
2019-10-02T11:56:34,39.7,154.1,214.7,8.9,6220.0,252.2
2019-10-02T11:57:05,39.8,149.4,202.3,2.8,6240.0,250.2
2019-10-02T11:57:36,39.8,130.5,231.3,8.7,6260.0,252.2
2019-10-02T11:58:07,39.8,124.6,225.9,2.9,6270.0,249.3
2019-10-02T11:58:38,39.9,146.4,206.4,2.4,6280.0,248.3
2019-10-02T11:59:09,39.9,174.8,208.2,2.5,6290.0,249.3
2019-10-02T11:59:40,39.8,168.9,218.3,2.2,6300.0,248.3
2019-10-02T12:00:11,39.7,173.0,217.7,2.0,6300.0,247.3
2019-10-02T12:00:42,39.7,174.8,214.7,1.7,6310.0,247.3
2019-10-02T12:01:14,39.7,174.8,217.7,1.6,6320.0,245.4
2019-10-02T12:01:45,39.7,189.0,214.7,1.6,6320.0,246.4
2019-10-02T12:02:16,39.4,185.4,216.5,1.5,6330.0,246.4
2019-10-02T12:02:47,39.3,186.0,219.4,1.5,6340.0,245.4
2019-10-02T12:03:18,39.3,189.0,225.9,1.6,6340.0,246.4
2019-10-02T12:03:49,39.3,174.8,210.6,1.7,6350.0,245.4
2019-10-02T12:04:20,39.3,159.4,227.7,2.0,6350.0,246.4
2019-10-02T12:04:51,39.2,170.7,229.5,1.8,6360.0,245.4
2019-10-02T12:05:22,39.2,189.6,217.7,1.6,6370.0,248.3
2019-10-02T12:05:54,39.1,187.8,231.3,1.7,6370.0,247.3
2019-10-02T12:06:25,39.1,194.9,213.5,1.7,6380.0,247.3
2019-10-02T12:06:56,39.1,187.8,234.8,1.9,6390.0,246.4
2019-10-02T12:07:27,39.1,181.9,211.2,1.8,6400.0,247.3
2019-10-02T12:07:58,39.1,190.8,232.4,1.9,6400.0,246.4
2019-10-02T12:08:29,39.1,193.7,221.8,1.9,6410.0,248.3
2019-10-02T12:09:00,39.0,189.0,225.9,1.8,6420.0,248.3
2019-10-02T12:09:31,39.0,195.5,227.1,1.8,6430.0,248.3
2019-10-02T12:10:02,39.0,193.7,217.7,1.9,6430.0,247.3
2019-10-02T12:10:34,38.9,192.5,230.7,1.9,6440.0,245.4
2019-10-02T12:11:07,38.9,192.5,214.7,1.9,6450.0,245.4
2019-10-02T12:11:38,38.9,167.7,191.6,2.5,6460.0,249.3
2019-10-02T12:12:09,38.9,145.3,173.3,2.5,6470.0,247.3
2019-10-02T12:12:40,38.7,173.6,205.8,2.8,6480.0,249.3
2019-10-02T12:13:11,38.7,147.6,199.3,7.6,6490.0,252.2
2019-10-02T12:13:42,38.7,153.5,179.2,8.9,6510.0,253.1
2019-10-02T12:14:13,38.7,157.1,205.8,7.9,6540.0,253.1
2019-10-02T12:14:44,38.9,156.5,215.3,8.5,6560.0,253.1
2019-10-02T12:15:15,38.7,153.5,220.0,7.9,6590.0,253.1
2019-10-02T12:15:46,38.7,148.8,216.5,8.1,6610.0,252.2
2019-10-02T12:16:18,38.9,138.2,211.7,9.2,6640.0,252.2
2019-10-02T12:16:49,38.9,131.1,209.4,8.6,6670.0,252.2
2019-10-02T12:17:20,39.0,129.9,219.4,9.6,6690.0,254.1
2019-10-02T12:17:51,39.1,129.9,217.7,10.0,6720.0,252.2
2019-10-02T12:18:22,39.1,128.1,217.7,2.3,6730.0,247.3
2019-10-02T12:18:53,39.0,144.1,214.7,1.9,6740.0,247.3
2019-10-02T12:19:24,38.7,163.6,208.2,1.7,6740.0,248.3
2019-10-02T12:19:55,38.9,161.8,211.7,1.6,6750.0,245.4
2019-10-02T12:20:26,38.9,173.0,215.9,1.7,6750.0,246.4
2019-10-02T12:20:57,38.9,157.1,221.8,1.7,6760.0,245.4
2019-10-02T12:21:29,38.9,180.1,215.3,1.5,6770.0,245.4
2019-10-02T12:22:00,38.9,202.0,218.3,1.4,6770.0,244.4
2019-10-02T12:22:31,38.9,202.0,214.1,1.5,6780.0,245.4
2019-10-02T12:23:02,38.9,203.2,220.0,1.5,6780.0,245.4
2019-10-02T12:23:33,38.7,204.3,198.7,1.6,6790.0,244.4
2019-10-02T12:24:04,38.7,215.0,225.4,1.5,6800.0,244.4
2019-10-02T12:24:35,38.6,207.9,218.3,1.6,6800.0,242.5
2019-10-02T12:25:06,38.6,206.7,210.6,1.8,6810.0,243.5
2019-10-02T12:25:38,38.6,215.0,237.2,1.6,6820.0,247.3
2019-10-02T12:26:09,38.6,199.6,205.8,2.9,6830.0,249.3
2019-10-02T12:26:40,38.6,209.1,206.4,1.9,6840.0,248.3
2019-10-02T12:27:11,38.6,214.4,220.0,1.6,6850.0,247.3
2019-10-02T12:27:42,38.6,219.1,228.3,1.5,6860.0,246.4
2019-10-02T12:28:13,38.6,216.7,227.1,1.6,6860.0,247.3
2019-10-02T12:28:44,38.6,213.8,216.5,1.6,6870.0,247.3
2019-10-02T12:29:15,38.6,212.0,223.6,1.4,6880.0,247.3
2019-10-02T12:29:46,38.3,216.2,222.4,1.5,6890.0,248.3
2019-10-02T12:30:17,38.0,215.0,221.8,1.4,6890.0,245.4
2019-10-02T12:30:49,37.9,213.2,225.4,1.5,6900.0,245.4
2019-10-02T12:31:21,37.9,210.2,227.7,1.4,6910.0,246.4
2019-10-02T12:31:52,37.9,213.8,228.3,1.3,6910.0,245.4
2019-10-02T12:32:23,37.9,212.6,226.5,1.3,6920.0,246.4
2019-10-02T12:32:54,37.9,207.3,233.0,1.4,6930.0,246.4
2019-10-02T12:33:25,37.9,210.2,214.7,1.3,6930.0,246.4
2019-10-02T12:33:56,37.8,213.8,230.7,1.4,6940.0,248.3
2019-10-02T12:34:27,37.7,223.2,221.2,1.2,6940.0,246.4
2019-10-02T12:34:58,37.7,220.9,225.9,1.3,6950.0,247.3
2019-10-02T12:35:29,37.7,205.5,230.1,1.3,6960.0,247.3
2019-10-02T12:36:00,37.7,221.5,228.3,1.3,6960.0,247.3
2019-10-02T12:36:31,37.6,213.8,223.0,1.4,6970.0,246.4
2019-10-02T12:37:02,37.6,215.0,233.0,1.2,6980.0,244.4
2019-10-02T12:37:33,37.2,210.2,225.4,1.4,6980.0,244.4
2019-10-02T12:38:04,37.4,223.2,224.2,1.2,6990.0,244.4
2019-10-02T12:38:35,37.4,223.2,230.7,1.3,6990.0,246.4
2019-10-02T12:39:06,37.4,215.6,223.6,1.3,7000.0,245.4
2019-10-02T12:39:37,37.4,215.0,233.0,1.4,7010.0,247.3
2019-10-02T12:40:08,37.4,191.9,200.5,1.9,7020.0,249.3
2019-10-02T12:40:40,37.4,178.9,220.6,1.8,7020.0,248.3
2019-10-02T12:41:11,37.5,178.3,224.2,1.8,7030.0,248.3
2019-10-02T12:41:42,37.5,184.3,230.1,1.6,7040.0,247.3
2019-10-02T12:42:13,37.5,185.4,228.3,1.4,7040.0,246.4
2019-10-02T12:42:44,37.2,167.7,233.0,1.5,7050.0,246.4
2019-10-02T12:43:15,37.2,189.0,231.3,1.3,7060.0,244.4
2019-10-02T12:43:46,37.2,187.8,225.9,1.4,7060.0,245.4
2019-10-02T12:44:17,37.4,193.1,228.3,1.3,7070.0,245.4
2019-10-02T12:44:48,37.4,193.1,228.3,1.4,7070.0,243.5
2019-10-02T12:45:19,37.4,213.8,230.1,1.2,7080.0,244.4
2019-10-02T12:45:51,37.4,207.9,238.4,1.3,7090.0,244.4
2019-10-02T12:46:23,37.4,222.7,225.9,1.2,7090.0,243.5
2019-10-02T12:46:54,37.4,215.6,225.4,1.2,7100.0,245.4
2019-10-02T12:47:25,37.4,217.9,233.6,1.2,7100.0,245.4
2019-10-02T12:47:56,37.4,221.5,237.8,1.3,7110.0,245.4
2019-10-02T12:48:27,37.4,211.4,228.3,1.3,7120.0,246.4
2019-10-02T12:48:58,37.4,213.2,226.5,1.4,7120.0,245.4
2019-10-02T12:49:29,37.4,215.6,225.9,1.3,7130.0,244.4
2019-10-02T12:50:00,37.4,210.2,231.3,1.4,7140.0,245.4
2019-10-02T12:50:31,37.4,220.9,232.4,1.4,7140.0,247.3
2019-10-02T12:51:03,37.4,222.1,227.7,1.4,7150.0,246.4
2019-10-02T12:51:34,37.4,218.5,206.4,1.6,7160.0,248.3
2019-10-02T12:52:05,37.4,212.0,221.8,1.5,7160.0,246.4
2019-10-02T12:52:36,37.5,186.6,208.2,2.0,7170.0,247.3
2019-10-02T12:53:07,37.5,156.5,169.1,3.1,7190.0,250.2
2019-10-02T12:53:38,37.5,142.3,180.4,4.8,7200.0,252.2
2019-10-02T12:54:09,37.5,127.5,221.2,5.6,7230.0,252.2
2019-10-02T12:54:40,37.5,129.3,232.4,3.7,7240.0,252.2
2019-10-02T12:55:11,37.6,128.7,220.0,2.6,7260.0,248.3
2019-10-02T12:55:43,37.6,121.0,214.7,2.6,7270.0,249.3
2019-10-02T12:56:14,37.6,121.0,205.8,3.4,7280.0,253.1
2019-10-02T12:56:45,37.7,112.8,202.9,6.2,7290.0,254.1
2019-10-02T12:57:16,37.7,104.5,214.7,8.7,7320.0,253.1
2019-10-02T12:57:47,37.7,112.2,212.3,5.6,7340.0,253.1
2019-10-02T12:58:18,37.8,102.7,214.1,8.3,7360.0,253.1
2019-10-02T12:58:49,37.9,102.1,215.9,6.1,7380.0,252.2
2019-10-02T12:59:20,37.9,105.1,223.6,2.5,7390.0,250.2
2019-10-02T12:59:51,37.9,104.5,231.3,4.1,7410.0,251.2
2019-10-02T13:00:22,38.0,119.3,205.2,6.8,7420.0,252.2
2019-10-02T13:00:54,38.0,118.7,201.7,2.3,7440.0,250.2
2019-10-02T13:01:25,38.0,131.1,210.6,1.8,7450.0,249.3
2019-10-02T13:01:56,38.0,151.8,238.4,1.8,7450.0,250.2
2019-10-02T13:02:27,37.9,163.6,228.3,1.6,7460.0,249.3
2019-10-02T13:02:58,37.8,164.2,221.8,1.5,7470.0,246.4
2019-10-02T13:03:29,37.8,170.1,214.7,1.4,7470.0,246.4
2019-10-02T13:04:00,37.8,195.5,188.7,1.4,7480.0,246.4
2019-10-02T13:04:31,37.8,190.8,175.7,1.4,7480.0,249.3
2019-10-02T13:05:02,37.8,191.9,192.8,1.3,7490.0,247.3
2019-10-02T13:05:34,37.9,182.5,234.2,2.1,7500.0,251.2
2019-10-02T13:06:06,37.8,191.9,234.8,1.5,7510.0,247.3
2019-10-02T13:06:37,37.8,189.0,228.3,1.3,7510.0,247.3
2019-10-02T13:07:08,37.7,189.6,221.8,1.3,7520.0,246.4
2019-10-02T13:07:39,37.8,195.5,231.3,1.2,7520.0,247.3
2019-10-02T13:08:10,37.7,194.9,225.9,1.2,7530.0,247.3
2019-10-02T13:08:41,37.7,172.4,218.8,1.4,7530.0,247.3
2019-10-02T13:09:12,37.7,163.6,225.4,1.7,7540.0,247.3
2019-10-02T13:09:43,37.7,184.8,241.3,1.5,7550.0,246.4
2019-10-02T13:10:14,37.7,190.8,225.4,2.0,7560.0,250.2
2019-10-02T13:10:45,37.7,175.4,207.0,2.4,7570.0,253.1
2019-10-02T13:11:17,37.7,193.1,223.6,2.1,7590.0,252.2
2019-10-02T13:11:48,37.8,199.0,218.8,1.9,7610.0,253.1
2019-10-02T13:12:19,37.8,200.8,221.2,2.1,7630.0,254.1
2019-10-02T13:12:50,37.8,191.9,214.1,2.1,7650.0,254.1
2019-10-02T13:13:21,37.9,190.2,209.4,2.2,7670.0,254.1
2019-10-02T13:13:52,37.9,194.3,216.5,2.2,7690.0,253.1
2019-10-02T13:14:23,38.0,196.1,214.7,2.2,7710.0,252.2
2019-10-02T13:14:54,38.0,191.3,212.3,2.3,7730.0,253.1
2019-10-02T13:15:25,38.2,196.7,211.7,2.4,7750.0,253.1
2019-10-02T13:15:57,38.2,198.4,212.9,2.3,7770.0,252.2
2019-10-02T13:16:28,38.3,186.0,208.2,2.3,7790.0,253.1
2019-10-02T13:16:59,38.3,190.8,203.5,2.4,7810.0,251.2
2019-10-02T13:17:30,38.3,190.8,206.4,2.3,7830.0,253.1
2019-10-02T13:18:01,38.4,186.6,198.7,2.0,7840.0,250.2
2019-10-02T13:18:32,38.4,185.4,206.4,1.4,7850.0,247.3
2019-10-02T13:19:03,38.4,181.9,208.8,1.5,7860.0,246.4
2019-10-02T13:19:34,38.4,185.4,216.5,1.4,7860.0,247.3
2019-10-02T13:20:05,38.4,190.8,210.6,1.3,7870.0,248.3
2019-10-02T13:20:37,38.4,177.8,217.7,1.4,7870.0,249.3
2019-10-02T13:21:08,38.4,204.9,185.7,1.4,7880.0,249.3
2019-10-02T13:21:39,38.4,203.7,208.8,1.5,7890.0,250.2
2019-10-02T13:22:10,38.3,186.6,218.3,1.9,7900.0,250.2
2019-10-02T13:22:41,38.4,183.1,208.8,1.4,7910.0,247.3
2019-10-02T13:23:12,38.4,184.8,212.3,1.4,7920.0,248.3
2019-10-02T13:23:43,38.4,190.8,222.4,1.3,7930.0,246.4
2019-10-02T13:24:14,38.4,186.0,225.4,1.3,7930.0,248.3
2019-10-02T13:24:45,38.4,194.3,227.7,1.3,7940.0,248.3
2019-10-02T13:25:16,38.4,168.3,210.0,1.6,7950.0,248.3
2019-10-02T13:25:48,38.4,164.8,188.7,1.9,7950.0,251.2
2019-10-02T13:26:20,38.4,161.8,216.5,1.9,7960.0,253.1
2019-10-02T13:26:51,38.4,180.1,246.6,2.4,7980.0,252.2
2019-10-02T13:27:22,38.4,170.7,218.8,2.4,8000.0,253.1
2019-10-02T13:27:53,38.4,167.7,210.0,2.3,8020.0,252.2
2019-10-02T13:28:24,38.4,164.8,212.9,1.8,8030.0,249.3
2019-10-02T13:28:55,38.4,165.9,223.0,1.6,8030.0,248.3
2019-10-02T13:29:26,38.4,171.9,216.5,2.4,8050.0,252.2
2019-10-02T13:29:57,38.4,175.4,219.4,2.3,8070.0,251.2
2019-10-02T13:30:28,38.4,182.5,214.7,1.7,8080.0,249.3
2019-10-02T13:30:59,38.4,199.6,217.7,1.3,8090.0,247.3
2019-10-02T13:31:31,38.4,211.4,218.3,1.2,8100.0,248.3
2019-10-02T13:32:02,38.5,210.8,216.5,1.3,8100.0,248.3
2019-10-02T13:32:33,38.4,207.3,221.8,1.3,8110.0,249.3
2019-10-02T13:33:04,38.4,213.2,214.1,1.1,8120.0,247.3
2019-10-02T13:33:35,38.4,206.7,228.3,1.2,8120.0,247.3
2019-10-02T13:34:06,38.4,214.4,219.4,1.3,8130.0,247.3
2019-10-02T13:34:37,38.4,216.2,227.1,1.2,8130.0,248.3
2019-10-02T13:35:08,38.4,204.9,231.3,1.8,8140.0,249.3
2019-10-02T13:35:39,38.4,199.0,214.1,1.8,8150.0,251.2
2019-10-02T13:36:11,38.3,185.4,230.1,1.3,8170.0,249.3
2019-10-02T13:36:42,38.3,187.8,220.0,1.3,8170.0,248.3
2019-10-02T13:37:13,38.4,187.8,222.4,1.2,8180.0,247.3
2019-10-02T13:37:44,38.3,192.5,223.0,1.3,8180.0,246.4
2019-10-02T13:38:15,38.3,191.9,222.4,1.3,8190.0,247.3
2019-10-02T13:38:46,38.2,194.3,220.6,1.2,8190.0,246.4
2019-10-02T13:39:17,38.3,194.9,231.3,1.1,8200.0,247.3
2019-10-02T13:39:48,38.2,194.9,224.2,1.1,8200.0,247.3
2019-10-02T13:40:19,38.2,189.6,221.2,1.2,8210.0,247.3
2019-10-02T13:40:51,38.0,192.5,232.4,1.2,8210.0,246.4
2019-10-02T13:41:22,38.0,195.5,211.7,1.3,8220.0,247.3
2019-10-02T13:41:53,38.0,200.8,223.0,1.3,8220.0,247.3
2019-10-02T13:42:24,38.0,197.8,237.8,1.4,8230.0,249.3
2019-10-02T13:42:55,38.0,204.9,221.2,1.4,8240.0,250.2
2019-10-02T13:43:26,38.0,194.9,230.1,1.3,8250.0,246.4
2019-10-02T13:43:57,38.0,193.1,230.7,1.3,8250.0,245.4
2019-10-02T13:44:28,38.0,189.6,225.9,1.3,8260.0,246.4
2019-10-02T13:44:59,38.0,191.9,235.4,1.4,8270.0,246.4
2019-10-02T13:45:30,38.0,190.8,218.8,1.4,8270.0,247.3
2019-10-02T13:46:02,37.9,194.9,211.7,1.5,8280.0,248.3
2019-10-02T13:46:33,37.9,168.9,250.2,2.1,8290.0,251.2
2019-10-02T13:47:04,37.9,151.2,235.4,2.7,8300.0,252.2
2019-10-02T13:47:35,37.9,155.9,234.8,1.8,8320.0,246.4
2019-10-02T13:48:06,37.9,171.9,229.5,1.6,8320.0,245.4
2019-10-02T13:48:37,37.9,174.8,224.2,1.6,8330.0,244.4
2019-10-02T13:49:08,37.9,196.7,223.0,1.3,8340.0,245.4
2019-10-02T13:49:39,37.8,193.1,225.4,1.5,8340.0,245.4
2019-10-02T13:50:10,37.8,201.4,231.3,1.4,8350.0,244.4
2019-10-02T13:50:42,37.8,221.5,226.5,1.5,8360.0,247.3
2019-10-02T13:51:13,37.8,233.9,204.6,0.7,8370.0,248.3
2019-10-02T13:51:44,37.9,220.3,227.7,1.3,8380.0,246.4
2019-10-02T13:52:15,37.9,220.9,230.1,1.5,8390.0,247.3
2019-10-02T13:52:46,37.9,216.2,227.7,1.3,8400.0,245.4
2019-10-02T13:53:17,37.9,211.4,223.6,1.3,8400.0,245.4
2019-10-02T13:53:48,37.9,217.9,227.7,1.3,8410.0,246.4
2019-10-02T13:54:19,37.9,210.8,228.3,1.4,8420.0,246.4
2019-10-02T13:54:50,37.9,215.0,231.3,1.4,8420.0,247.3
2019-10-02T13:55:21,37.9,213.2,227.7,1.5,8430.0,246.4
2019-10-02T13:55:53,37.8,214.4,227.7,1.4,8440.0,244.4
2019-10-02T13:56:25,37.8,213.8,228.3,1.2,8440.0,246.4
2019-10-02T13:56:56,37.8,217.3,221.8,1.2,8450.0,246.4
2019-10-02T13:57:27,37.9,216.2,225.4,1.3,8460.0,245.4
2019-10-02T13:57:58,37.8,210.2,225.9,1.3,8460.0,246.4
2019-10-02T13:58:29,37.8,210.8,232.4,1.2,8470.0,246.4
2019-10-02T13:59:00,37.8,212.6,218.3,1.2,8470.0,247.3
2019-10-02T13:59:31,37.7,220.9,215.9,1.3,8480.0,246.4
2019-10-02T14:00:02,37.7,219.7,236.0,1.2,8480.0,247.3
2019-10-02T14:00:34,37.7,206.7,210.6,1.4,8490.0,248.3
2019-10-02T14:01:05,37.7,196.7,207.6,1.5,8500.0,248.3
2019-10-02T14:01:36,37.7,207.9,231.3,1.7,8510.0,250.2
2019-10-02T14:02:07,37.6,191.9,240.7,2.1,8520.0,252.2
2019-10-02T14:02:38,37.7,188.4,222.4,2.2,8540.0,251.2
2019-10-02T14:03:09,37.7,189.6,222.4,1.6,8560.0,247.3
2019-10-02T14:03:40,37.7,187.8,224.2,1.5,8560.0,247.3
2019-10-02T14:04:11,37.7,191.9,199.9,1.6,8570.0,247.3
2019-10-02T14:04:42,37.7,173.0,165.6,2.0,8580.0,251.2
2019-10-02T14:05:13,37.7,168.9,170.3,1.6,8590.0,247.3
2019-10-02T14:05:45,37.7,165.9,194.0,1.6,8600.0,246.4
2019-10-02T14:06:17,37.7,160.6,222.4,1.6,8600.0,248.3
2019-10-02T14:06:48,37.7,165.9,220.6,1.5,8610.0,247.3
2019-10-02T14:07:19,37.7,184.8,190.4,1.6,8620.0,248.3
2019-10-02T14:07:50,37.8,194.9,199.3,1.9,8630.0,249.3
2019-10-02T14:08:21,37.8,199.6,211.2,1.7,8650.0,251.2
2019-10-02T14:08:52,37.8,216.2,224.8,1.2,8660.0,247.3
2019-10-02T14:09:23,37.8,216.2,223.6,1.3,8660.0,245.4
2019-10-02T14:09:54,37.8,209.7,226.5,1.3,8670.0,244.4
2019-10-02T14:10:25,37.8,210.2,231.3,1.2,8680.0,244.4
2019-10-02T14:10:56,37.8,216.7,224.8,1.2,8680.0,245.4
2019-10-02T14:11:28,37.8,216.2,220.6,1.2,8690.0,245.4
2019-10-02T14:11:59,37.7,213.8,233.6,1.2,8690.0,245.4
2019-10-02T14:12:30,37.7,209.7,227.7,1.2,8700.0,243.5
2019-10-02T14:13:01,37.7,210.8,226.5,1.1,8700.0,245.4
2019-10-02T14:13:32,37.7,210.8,220.0,1.2,8710.0,244.4
2019-10-02T14:14:03,37.7,210.8,236.0,1.3,8720.0,246.4
2019-10-02T14:14:34,37.7,222.7,212.3,1.2,8720.0,246.4
2019-10-02T14:15:05,37.6,239.2,186.3,0.8,8730.0,250.2
2019-10-02T14:15:37,37.6,219.7,191.6,1.3,8740.0,247.3
2019-10-02T14:16:08,37.6,218.5,218.3,1.3,8750.0,249.3
2019-10-02T14:16:39,37.6,220.9,234.2,1.1,8750.0,247.3
2019-10-02T14:17:10,37.6,213.8,223.6,1.2,8760.0,246.4
2019-10-02T14:17:41,37.6,217.9,230.7,1.2,8770.0,247.3
2019-10-02T14:18:12,37.6,212.0,234.8,1.1,8770.0,248.3
2019-10-02T14:18:43,37.6,211.4,229.5,1.1,8780.0,246.4
2019-10-02T14:19:14,37.6,212.6,218.8,1.2,8780.0,246.4
2019-10-02T14:19:45,37.6,215.6,228.3,1.2,8790.0,248.3
2019-10-02T14:20:16,37.6,219.1,244.3,1.3,8800.0,250.2
2019-10-02T14:20:48,37.6,223.2,244.3,1.4,8810.0,250.2
2019-10-02T14:21:19,37.6,194.3,221.2,2.0,8830.0,252.2
2019-10-02T14:21:50,37.6,196.1,224.8,2.0,8840.0,252.2
2019-10-02T14:22:21,37.7,197.8,218.8,2.0,8860.0,252.2
2019-10-02T14:22:53,37.7,193.7,226.5,1.8,8880.0,252.2
2019-10-02T14:23:24,37.7,206.7,223.6,1.3,8890.0,248.3
2019-10-02T14:23:55,37.7,213.2,206.4,1.4,8890.0,247.3
2019-10-02T14:24:26,37.7,220.3,230.7,1.3,8900.0,248.3
2019-10-02T14:24:57,37.7,223.8,206.4,1.4,8910.0,250.2
2019-10-02T14:25:28,37.7,216.2,202.3,1.4,8920.0,248.3
2019-10-02T14:25:59,37.7,194.9,230.1,1.5,8920.0,249.3
2019-10-02T14:26:31,37.7,193.1,225.9,1.5,8930.0,247.3
2019-10-02T14:27:02,37.7,195.5,225.4,1.5,8940.0,247.3
2019-10-02T14:27:33,37.7,197.3,228.3,1.5,8950.0,248.3
2019-10-02T14:28:04,37.7,196.1,225.9,1.4,8950.0,246.4
2019-10-02T14:28:35,37.7,187.8,233.0,1.4,8960.0,247.3
2019-10-02T14:29:06,37.6,192.5,231.3,1.4,8970.0,247.3
2019-10-02T14:29:37,37.6,192.5,234.2,1.4,8970.0,247.3
2019-10-02T14:30:08,37.7,200.8,214.1,1.4,8980.0,247.3
2019-10-02T14:30:39,37.6,222.7,237.8,1.3,8990.0,248.3
2019-10-02T14:31:11,37.7,220.9,232.4,1.4,8990.0,248.3
2019-10-02T14:31:42,37.7,194.3,208.8,2.0,9010.0,251.2
2019-10-02T14:32:13,37.7,196.7,218.3,2.0,9020.0,252.2
2019-10-02T14:32:44,37.7,210.2,221.2,2.1,9040.0,253.1
2019-10-02T14:33:15,37.7,204.9,219.4,1.9,9060.0,252.2
2019-10-02T14:33:46,37.8,202.0,218.8,1.8,9080.0,252.2
2019-10-02T14:34:17,37.8,194.3,215.3,1.4,9090.0,249.3
2019-10-02T14:34:48,37.8,197.3,223.6,1.2,9100.0,246.4
2019-10-02T14:35:19,37.8,215.6,223.6,1.2,9100.0,246.4
2019-10-02T14:35:51,37.9,215.6,223.0,1.2,9110.0,246.4
2019-10-02T14:36:22,37.9,206.7,230.1,1.2,9120.0,245.4
2019-10-02T14:36:53,37.8,207.3,224.8,1.3,9120.0,242.5
2019-10-02T14:37:24,37.8,207.9,220.6,1.2,9130.0,244.4
2019-10-02T14:37:55,37.8,207.9,230.1,1.2,9130.0,245.4
2019-10-02T14:38:26,37.8,212.0,223.6,1.2,9140.0,245.4
2019-10-02T14:38:58,37.8,219.7,220.6,1.2,9140.0,244.4
2019-10-02T14:39:29,37.8,202.0,234.8,1.3,9150.0,246.4
2019-10-02T14:40:00,37.8,211.4,233.0,1.3,9160.0,246.4
2019-10-02T14:40:31,37.8,214.4,227.1,1.2,9160.0,246.4
2019-10-02T14:41:03,37.7,215.6,230.1,1.2,9170.0,245.4
2019-10-02T14:41:34,37.7,213.2,223.6,1.2,9170.0,246.4
2019-10-02T14:42:05,37.7,216.7,230.7,1.3,9180.0,247.3
2019-10-02T14:42:36,37.7,217.9,234.8,1.2,9190.0,247.3
2019-10-02T14:43:07,37.7,208.5,237.8,1.1,9190.0,246.4
2019-10-02T14:43:38,37.7,197.3,254.3,1.5,9200.0,249.3
2019-10-02T14:44:09,37.7,194.9,236.6,1.2,9210.0,247.3
2019-10-02T14:44:40,37.7,187.2,222.4,1.2,9220.0,248.3
2019-10-02T14:45:11,37.7,210.2,229.5,1.2,9220.0,249.3
2019-10-02T14:45:42,37.6,212.6,230.1,1.1,9230.0,245.4
2019-10-02T14:46:14,37.6,216.2,225.9,1.1,9230.0,246.4
2019-10-02T14:46:45,37.6,219.7,229.5,0.9,9240.0,245.4
2019-10-02T14:47:16,37.6,215.6,227.7,1.0,9240.0,246.4
2019-10-02T14:47:47,37.5,211.4,227.1,1.0,9250.0,246.4
2019-10-02T14:48:18,37.5,212.6,227.7,0.9,9250.0,245.4
2019-10-02T14:48:49,37.5,219.1,218.3,1.0,9260.0,245.4
2019-10-02T14:49:20,37.5,204.9,227.7,1.0,9260.0,246.4
2019-10-02T14:49:51,37.5,212.0,227.7,1.0,9270.0,246.4
2019-10-02T14:50:22,37.4,211.4,220.6,1.0,9270.0,245.4
2019-10-02T14:50:54,37.4,212.0,236.6,1.0,9280.0,246.4
2019-10-02T14:51:25,37.4,217.9,220.0,1.0,9280.0,246.4
2019-10-02T14:51:56,37.4,213.8,239.0,1.1,9290.0,246.4
2019-10-02T14:52:27,37.4,214.4,217.7,1.1,9290.0,247.3
2019-10-02T14:52:58,37.4,218.5,234.2,1.1,9300.0,245.4
2019-10-02T14:53:29,37.4,217.9,228.3,1.0,9300.0,245.4
2019-10-02T14:54:00,37.4,214.4,234.2,1.0,9310.0,244.4
2019-10-02T14:54:31,37.4,211.4,232.4,1.0,9310.0,245.4
2019-10-02T14:55:02,37.2,210.2,224.2,1.0,9320.0,245.4
2019-10-02T14:55:34,37.2,207.9,241.9,1.0,9320.0,244.4
2019-10-02T14:56:06,37.2,181.3,201.7,1.5,9330.0,249.3
2019-10-02T14:56:37,37.2,176.6,220.6,1.2,9340.0,248.3
2019-10-02T14:57:08,37.2,191.3,227.1,0.9,9350.0,243.5
2019-10-02T14:57:39,37.2,188.4,230.1,0.9,9350.0,243.5
2019-10-02T14:58:10,37.2,209.7,229.5,0.9,9360.0,242.5
2019-10-02T14:58:41,37.2,206.7,228.3,0.9,9360.0,242.5
2019-10-02T14:59:12,37.2,216.2,227.1,0.9,9370.0,242.5
2019-10-02T14:59:43,37.2,203.2,234.8,0.9,9370.0,242.5
2019-10-02T15:00:14,37.2,215.0,234.8,0.9,9370.0,242.5
2019-10-02T15:00:45,37.1,202.6,227.7,0.9,9380.0,241.5
2019-10-02T15:01:17,37.2,195.5,225.4,1.0,9380.0,243.5
2019-10-02T15:01:48,37.1,212.0,228.3,0.8,9390.0,241.5
2019-10-02T15:02:19,37.1,210.2,234.8,0.9,9390.0,242.5
2019-10-02T15:02:50,37.1,215.6,230.7,1.0,9390.0,242.5
2019-10-02T15:03:21,37.1,193.7,215.3,1.0,9400.0,245.4
2019-10-02T15:03:52,37.1,167.7,198.7,1.5,9410.0,249.3
2019-10-02T15:04:23,37.1,190.8,233.6,1.5,9420.0,250.2
2019-10-02T15:04:54,37.1,215.6,233.6,1.4,9440.0,250.2
2019-10-02T15:05:25,37.1,233.9,230.7,1.4,9460.0,250.2
2019-10-02T15:05:57,37.2,232.7,229.5,1.4,9470.0,250.2
2019-10-02T15:06:28,37.2,226.8,230.7,1.4,9490.0,249.3
2019-10-02T15:06:59,37.2,226.8,226.5,1.3,9500.0,248.3
2019-10-02T15:07:30,37.2,219.7,221.8,1.0,9510.0,245.4
2019-10-02T15:08:01,37.4,209.1,216.5,1.0,9520.0,245.4
2019-10-02T15:08:32,37.4,213.2,223.6,0.8,9520.0,243.5
2019-10-02T15:09:03,37.4,209.1,222.4,0.8,9530.0,244.4
2019-10-02T15:09:34,37.4,210.8,218.3,0.8,9530.0,245.4
2019-10-02T15:10:05,37.2,210.8,237.2,0.8,9530.0,244.4
2019-10-02T15:10:37,37.2,197.8,225.4,0.9,9540.0,246.4
2019-10-02T15:11:08,37.2,215.6,220.6,0.8,9540.0,246.4
2019-10-02T15:11:39,37.1,194.9,192.8,1.0,9550.0,246.4
2019-10-02T15:12:10,37.1,186.6,178.6,1.1,9560.0,247.3
2019-10-02T15:12:41,37.1,189.6,182.8,0.9,9560.0,246.4
2019-10-02T15:13:12,37.1,210.8,207.6,0.8,9560.0,244.4
2019-10-02T15:13:43,37.1,203.7,229.5,0.8,9570.0,247.3
2019-10-02T15:14:14,37.1,215.0,230.1,0.7,9570.0,246.4
2019-10-02T15:14:45,37.0,199.6,225.4,0.7,9570.0,246.4
2019-10-02T15:15:16,37.0,217.3,230.1,0.6,9580.0,246.4
2019-10-02T15:15:48,37.0,207.9,233.6,0.6,9580.0,247.3
2019-10-02T15:16:20,37.0,207.3,262.6,0.9,9590.0,251.2
2019-10-02T15:16:51,37.0,188.4,235.4,1.0,9590.0,252.2
2019-10-02T15:17:22,37.0,196.1,243.7,1.0,9610.0,247.3
2019-10-02T15:17:53,37.0,216.2,241.3,0.8,9610.0,247.3
2019-10-02T15:18:24,37.0,204.9,218.3,0.9,9620.0,248.3
2019-10-02T15:18:55,37.0,181.3,243.1,1.1,9630.0,251.2
2019-10-02T15:19:26,36.9,198.4,240.1,0.9,9640.0,250.2
2019-10-02T15:19:57,37.0,225.6,233.6,1.0,9650.0,251.2
2019-10-02T15:20:28,37.0,223.2,232.4,0.9,9660.0,252.2
2019-10-02T15:20:59,37.0,223.2,230.7,0.9,9670.0,252.2
2019-10-02T15:21:31,37.0,228.0,225.9,1.0,9690.0,251.2
2019-10-02T15:22:02,37.1,226.2,227.7,0.9,9700.0,251.2
2019-10-02T15:22:33,37.1,226.8,227.1,0.8,9710.0,251.2
2019-10-02T15:23:04,37.1,223.8,227.7,0.9,9720.0,251.2
2019-10-02T15:23:35,37.1,220.9,229.5,0.9,9740.0,251.2
2019-10-02T15:24:06,37.1,232.1,229.5,0.9,9750.0,252.2
2019-10-02T15:24:37,37.2,222.1,223.0,0.8,9760.0,251.2
2019-10-02T15:25:08,37.2,231.5,230.7,0.9,9770.0,251.2
2019-10-02T15:25:39,37.2,215.0,220.6,0.9,9780.0,250.2
2019-10-02T15:26:11,37.2,202.0,224.2,0.9,9800.0,250.2
2019-10-02T15:26:42,37.4,224.4,226.5,0.9,9810.0,251.2
2019-10-02T15:27:13,37.4,219.1,227.7,1.1,9820.0,250.2
2019-10-02T15:27:44,37.4,228.6,224.2,0.9,9830.0,250.2
2019-10-02T15:28:15,37.4,220.3,220.0,1.1,9850.0,250.2
2019-10-02T15:28:46,37.5,220.3,220.0,1.0,9860.0,251.2
2019-10-02T15:29:17,37.5,225.6,220.6,1.0,9870.0,251.2
2019-10-02T15:29:48,37.5,222.7,222.4,1.0,9880.0,251.2
2019-10-02T15:30:19,37.5,217.3,223.0,1.0,9900.0,251.2
2019-10-02T15:30:51,37.6,223.2,223.6,0.9,9910.0,251.2
2019-10-02T15:31:22,37.6,211.4,220.0,1.0,9920.0,251.2
2019-10-02T15:31:53,37.6,222.1,218.8,1.0,9930.0,250.2
2019-10-02T15:32:24,37.6,223.8,221.2,1.0,9940.0,250.2
2019-10-02T15:32:55,37.6,206.7,228.3,1.1,9960.0,251.2
2019-10-02T15:33:26,37.7,204.9,224.8,1.2,9970.0,251.2
2019-10-02T15:33:57,37.7,200.8,225.4,1.2,9980.0,252.2
2019-10-02T15:34:28,37.7,213.8,222.4,1.1,9990.0,251.2
2019-10-02T15:34:59,37.7,210.8,213.5,1.1,10000.0,251.2
2019-10-02T15:35:30,37.7,213.2,218.8,1.1,10020.0,252.2
2019-10-02T15:36:02,37.7,220.3,217.7,1.3,10030.0,252.2
2019-10-02T15:36:33,37.7,227.4,220.6,1.1,10040.0,251.2
2019-10-02T15:37:04,37.7,223.2,217.7,1.3,10050.0,252.2
2019-10-02T15:37:35,37.8,217.9,218.8,1.2,10070.0,253.1
2019-10-02T15:38:06,37.8,212.6,216.5,1.2,10080.0,252.2
2019-10-02T15:38:37,37.8,211.4,220.6,1.2,10090.0,252.2
2019-10-02T15:39:08,37.8,219.1,219.4,1.2,10110.0,251.2
2019-10-02T15:39:39,37.8,223.8,218.3,1.1,10120.0,251.2
2019-10-02T15:40:10,37.9,220.9,216.5,1.2,10130.0,250.2
2019-10-02T15:40:42,38.0,231.5,222.4,1.3,10140.0,251.2
2019-10-02T15:41:13,38.0,212.0,215.3,1.5,10160.0,251.2
2019-10-02T15:41:44,38.0,196.1,218.8,1.6,10170.0,252.2
2019-10-02T15:42:15,38.0,196.1,217.7,1.5,10180.0,251.2
2019-10-02T15:42:46,38.2,204.9,220.0,1.5,10200.0,250.2
2019-10-02T15:43:17,38.2,212.0,220.6,1.4,10210.0,249.3
2019-10-02T15:43:48,38.3,228.6,222.4,1.2,10220.0,250.2
2019-10-02T15:44:19,38.3,232.1,221.2,1.1,10230.0,252.2
2019-10-02T15:44:50,38.3,226.2,225.4,1.2,10250.0,251.2
2019-10-02T15:45:21,38.3,230.3,225.4,1.1,10260.0,251.2
2019-10-02T15:45:53,38.4,224.4,225.9,1.2,10270.0,250.2
2019-10-02T15:46:25,38.4,228.0,220.6,1.2,10280.0,252.2
2019-10-02T15:46:56,38.4,225.0,220.0,1.1,10300.0,251.2
2019-10-02T15:47:27,38.5,223.2,223.0,1.0,10310.0,252.2
2019-10-02T15:47:58,38.4,216.2,221.8,0.9,10320.0,249.3
2019-10-02T15:48:29,38.4,206.7,227.1,0.9,10320.0,247.3
2019-10-02T15:49:00,38.4,190.2,237.2,0.9,10330.0,248.3
2019-10-02T15:49:31,38.4,199.6,216.5,0.9,10330.0,248.3
2019-10-02T15:50:02,38.4,210.8,230.7,1.2,10340.0,250.2
2019-10-02T15:50:37,38.5,204.3,226.5,1.1,10350.0,252.2
2019-10-02T15:51:09,38.5,202.0,225.9,1.2,10360.0,251.2
2019-10-02T15:51:40,38.5,199.6,225.4,1.0,10370.0,251.2
2019-10-02T15:52:11,38.5,199.6,221.8,0.9,10380.0,248.3
2019-10-02T15:52:42,38.5,194.3,231.3,0.7,10380.0,246.4
2019-10-02T15:53:13,38.5,168.9,249.0,1.1,10390.0,248.3
2019-10-02T15:53:44,38.5,178.9,234.2,0.9,10390.0,249.3
2019-10-02T15:54:15,38.5,206.7,192.8,1.2,10400.0,249.3
2019-10-02T15:54:46,38.5,207.9,207.0,1.1,10410.0,249.3
2019-10-02T15:55:17,38.5,209.1,225.9,1.0,10420.0,249.3
2019-10-02T15:55:48,38.6,203.7,239.0,0.9,10430.0,247.3
2019-10-02T15:56:20,38.6,194.3,242.5,0.8,10440.0,247.3
2019-10-02T15:56:51,38.6,172.4,207.6,0.9,10440.0,248.3
2019-10-02T15:57:22,38.6,193.1,236.6,1.1,10450.0,249.3
2019-10-02T15:57:53,38.6,190.2,219.4,0.9,10460.0,248.3
2019-10-02T15:58:24,38.6,183.7,207.6,0.8,10460.0,247.3
2019-10-02T15:58:55,38.6,176.6,202.9,0.7,10470.0,247.3
2019-10-02T15:59:26,38.6,189.6,214.7,0.7,10470.0,247.3
2019-10-02T15:59:57,38.6,209.7,221.2,0.7,10480.0,246.4
2019-10-02T16:00:28,38.5,199.0,234.8,0.7,10480.0,247.3
2019-10-02T16:00:59,38.5,203.7,224.8,0.6,10480.0,247.3
2019-10-02T16:01:31,38.4,207.3,199.9,0.7,10490.0,246.4
2019-10-02T16:02:02,38.4,209.1,206.4,0.6,10490.0,246.4
2019-10-02T16:02:33,38.4,215.0,209.4,0.7,10490.0,248.3
2019-10-02T16:03:04,38.4,207.3,191.0,0.8,10500.0,246.4
2019-10-02T16:03:35,38.3,212.0,188.7,0.6,10510.0,246.4
2019-10-02T16:04:06,38.3,209.1,205.2,0.6,10510.0,246.4
2019-10-02T16:04:37,38.3,200.8,225.4,0.7,10510.0,244.4
2019-10-02T16:05:08,38.2,176.6,255.5,0.8,10520.0,246.4
2019-10-02T16:05:40,38.2,178.3,253.7,0.7,10520.0,246.4
2019-10-02T16:06:11,38.0,180.1,225.4,0.7,10530.0,245.4
2019-10-02T16:06:42,38.0,199.6,243.7,0.7,10530.0,247.3
2019-10-02T16:07:13,38.0,222.7,210.6,0.8,10530.0,249.3
2019-10-02T16:07:44,38.0,220.9,180.4,0.8,10540.0,249.3
2019-10-02T16:08:15,38.0,217.9,178.6,0.7,10550.0,248.3
2019-10-02T16:08:46,38.0,217.3,192.8,0.7,10550.0,247.3
2019-10-02T16:09:17,38.0,217.3,205.8,0.7,10560.0,248.3
2019-10-02T16:09:48,37.9,204.3,230.1,0.7,10560.0,248.3
2019-10-02T16:10:19,37.9,181.9,225.4,0.9,10570.0,250.2
2019-10-02T16:10:51,37.9,180.1,220.6,0.9,10580.0,250.2
2019-10-02T16:11:23,37.9,203.2,217.7,0.9,10580.0,251.2
2019-10-02T16:11:54,37.9,213.8,210.6,0.8,10590.0,250.2
2019-10-02T16:12:25,37.9,210.2,212.3,0.8,10600.0,250.2
2019-10-02T16:12:56,37.9,226.8,210.0,0.7,10610.0,247.3
2019-10-02T16:13:27,37.9,225.0,209.4,0.8,10620.0,246.4
2019-10-02T16:13:58,37.9,214.4,200.5,0.9,10630.0,247.3
2019-10-02T16:14:29,37.9,200.2,207.0,0.9,10640.0,247.3
2019-10-02T16:15:00,38.0,206.7,211.2,0.9,10640.0,246.4
2019-10-02T16:15:31,38.0,228.0,206.4,0.7,10650.0,247.3
2019-10-02T16:16:03,38.0,225.0,202.9,0.8,10660.0,248.3
2019-10-02T16:16:34,38.0,220.9,204.6,0.8,10670.0,248.3
2019-10-02T16:17:05,38.0,202.0,210.6,0.9,10680.0,247.3
2019-10-02T16:17:36,38.0,213.2,208.8,0.7,10690.0,246.4
2019-10-02T16:18:07,38.0,194.9,181.0,0.8,10690.0,246.4
2019-10-02T16:18:38,38.0,196.1,182.2,0.8,10700.0,244.4
2019-10-02T16:19:09,38.0,207.3,187.5,0.6,10700.0,244.4
2019-10-02T16:19:40,38.0,202.6,218.8,0.7,10700.0,245.4
2019-10-02T16:20:11,38.0,202.0,241.3,0.8,10710.0,247.3
2019-10-02T16:20:43,38.0,197.8,224.8,0.8,10720.0,246.4
2019-10-02T16:21:14,38.0,196.7,203.5,0.9,10720.0,246.4
2019-10-02T16:21:45,37.9,183.1,195.2,0.9,10730.0,246.4
2019-10-02T16:22:16,38.0,204.3,215.3,0.8,10740.0,246.4
2019-10-02T16:22:47,38.0,217.9,200.5,0.7,10750.0,247.3
2019-10-02T16:23:18,38.0,227.4,201.1,0.7,10750.0,247.3
2019-10-02T16:23:49,38.0,210.8,198.7,0.8,10760.0,246.4
2019-10-02T16:24:20,38.0,229.7,201.7,0.7,10770.0,247.3
2019-10-02T16:24:51,38.0,215.6,206.4,0.7,10770.0,246.4
2019-10-02T16:25:22,38.0,223.8,199.3,0.6,10780.0,247.3
2019-10-02T16:25:54,38.0,222.7,198.7,0.7,10790.0,247.3
2019-10-02T16:26:26,38.0,232.1,194.0,0.7,10800.0,247.3
2019-10-02T16:26:57,37.9,215.6,194.6,0.6,10800.0,247.3
2019-10-02T16:27:28,37.9,220.9,199.3,0.6,10810.0,248.3
2019-10-02T16:27:59,37.9,229.2,200.5,0.6,10820.0,246.4
2019-10-02T16:28:30,37.9,225.0,202.3,0.6,10820.0,245.4
2019-10-02T16:29:01,37.9,222.7,200.5,0.7,10830.0,246.4
2019-10-02T16:29:32,37.9,220.9,198.7,0.7,10840.0,247.3
2019-10-02T16:30:03,37.9,223.8,197.0,0.6,10840.0,248.3
2019-10-02T16:30:34,37.9,225.6,195.8,0.6,10850.0,244.4
2019-10-02T16:31:06,37.9,223.2,193.4,0.6,10860.0,246.4
2019-10-02T16:31:37,37.9,225.0,187.5,0.6,10860.0,246.4
2019-10-02T16:32:08,37.9,228.0,191.6,0.6,10870.0,246.4
2019-10-02T16:32:39,37.9,220.3,194.0,0.5,10880.0,245.4
2019-10-02T16:33:10,37.9,220.9,195.2,0.6,10880.0,246.4
2019-10-02T16:33:41,37.8,206.7,198.1,0.5,10880.0,245.4
2019-10-02T16:34:12,37.8,204.3,187.5,0.5,10880.0,244.4
2019-10-02T16:34:47,37.7,219.1,146.7,0.5,10890.0,246.4
2019-10-02T16:35:18,37.7,218.5,170.3,0.6,10890.0,247.3
2019-10-02T16:35:49,37.7,220.3,189.3,0.5,10900.0,246.4
2019-10-02T16:36:21,37.7,221.5,204.6,0.6,10900.0,245.4
2019-10-02T16:36:52,37.6,200.2,192.8,0.6,10910.0,246.4
2019-10-02T16:37:23,37.6,208.5,194.6,0.6,10910.0,246.4
2019-10-02T16:37:54,37.6,216.7,197.5,0.5,10920.0,244.4
2019-10-02T16:38:25,37.6,220.3,182.8,0.5,10920.0,245.4
2019-10-02T16:38:56,37.6,212.0,199.9,0.5,10920.0,245.4
2019-10-02T16:39:27,37.5,191.9,195.2,0.6,10930.0,245.4
2019-10-02T16:39:58,37.6,199.6,189.3,0.6,10930.0,248.3
2019-10-02T16:40:29,37.6,222.7,194.6,0.5,10940.0,245.4
2019-10-02T16:41:01,37.6,226.2,199.3,0.6,10940.0,247.3
2019-10-02T16:41:32,37.6,222.1,192.8,0.5,10950.0,246.4
2019-10-02T16:42:03,37.6,226.2,188.1,0.6,10960.0,246.4
2019-10-02T16:42:34,37.6,213.2,185.7,0.6,10960.0,246.4
2019-10-02T16:43:05,37.6,234.5,192.2,0.5,10970.0,245.4
2019-10-02T16:43:36,37.7,213.8,198.7,0.6,10970.0,245.4
2019-10-02T16:44:07,37.7,232.1,184.5,0.6,10980.0,245.4
2019-10-02T16:44:38,37.7,214.4,195.8,0.6,10980.0,246.4
2019-10-02T16:45:09,37.6,229.7,200.5,0.5,10990.0,243.5
2019-10-02T16:45:40,37.7,218.5,196.4,0.6,10990.0,246.4
2019-10-02T16:46:12,37.7,213.8,203.5,0.6,11000.0,246.4
2019-10-02T16:46:43,37.7,215.6,198.7,0.6,11000.0,245.4
2019-10-02T16:47:14,37.7,207.9,195.2,0.6,11010.0,245.4
2019-10-02T16:47:45,37.7,229.7,176.8,0.6,11010.0,245.4
2019-10-02T16:48:16,37.8,224.4,178.6,0.6,11020.0,244.4
2019-10-02T16:48:47,37.7,203.7,192.8,0.6,11020.0,246.4
2019-10-02T16:49:18,37.8,217.9,197.0,0.6,11030.0,245.4
2019-10-02T16:49:49,37.7,233.3,199.3,0.5,11030.0,244.4
2019-10-02T16:50:20,37.7,212.6,199.3,0.6,11040.0,244.4
2019-10-02T16:50:52,37.8,189.0,195.8,0.8,11040.0,247.3
2019-10-02T16:51:23,37.7,190.2,200.5,0.8,11040.0,244.4
2019-10-02T16:51:54,37.8,172.4,198.7,1.0,11050.0,246.4
2019-10-02T16:52:25,37.8,176.6,197.0,1.1,11050.0,246.4
2019-10-02T16:52:56,37.8,174.8,194.6,1.0,11060.0,245.4
2019-10-02T16:53:27,37.8,182.5,194.0,0.9,11060.0,245.4
2019-10-02T16:53:58,37.8,176.6,205.2,1.1,11070.0,246.4
2019-10-02T16:54:29,37.8,171.9,198.1,1.1,11070.0,245.4
2019-10-02T16:55:00,37.8,176.0,201.7,1.0,11080.0,247.3
2019-10-02T16:55:32,37.8,178.3,199.3,1.0,11090.0,245.4
2019-10-02T16:56:03,37.8,202.6,196.4,0.9,11090.0,246.4
2019-10-02T16:56:34,37.8,202.0,200.5,0.9,11090.0,247.3
2019-10-02T16:57:06,37.7,197.3,194.6,0.9,11100.0,246.4
2019-10-02T16:57:37,37.7,202.0,198.1,1.0,11100.0,246.4
2019-10-02T16:58:08,37.6,187.8,196.4,0.9,11110.0,246.4
2019-10-02T16:58:39,37.7,184.8,192.8,1.1,11110.0,247.3
2019-10-02T16:59:10,37.6,203.7,191.6,0.9,11120.0,246.4
2019-10-02T16:59:41,37.6,183.1,196.4,1.0,11120.0,246.4
2019-10-02T17:00:12,37.6,177.8,194.6,1.2,11130.0,246.4
2019-10-02T17:00:43,37.6,180.1,204.1,1.1,11130.0,246.4
2019-10-02T17:01:15,37.6,171.9,198.7,1.2,11140.0,246.4
2019-10-02T17:01:46,37.6,183.1,205.8,1.1,11140.0,245.4
2019-10-02T17:02:17,37.6,188.4,207.6,1.3,11150.0,247.3
2019-10-02T17:02:48,37.7,184.3,199.3,1.4,11150.0,246.4
2019-10-02T17:03:19,37.7,173.0,191.6,1.4,11160.0,247.3
2019-10-02T17:03:50,37.7,177.8,192.2,1.4,11160.0,246.4
2019-10-02T17:04:21,37.7,181.9,190.4,1.5,11170.0,246.4
2019-10-02T17:04:52,37.7,180.7,196.4,1.4,11170.0,246.4
2019-10-02T17:05:23,37.7,176.6,186.3,1.5,11180.0,245.4
2019-10-02T17:05:54,37.7,166.5,189.9,1.5,11180.0,245.4
2019-10-02T17:06:26,37.7,178.3,189.9,1.4,11190.0,244.4
2019-10-02T17:06:57,37.7,177.2,197.5,1.5,11190.0,246.4
2019-10-02T17:07:28,37.7,171.9,192.8,1.4,11200.0,247.3
2019-10-02T17:07:59,37.7,164.8,197.0,1.4,11200.0,243.5
2019-10-02T17:08:30,37.7,166.5,190.4,1.5,11200.0,246.4
2019-10-02T17:09:01,37.7,178.3,183.9,1.4,11210.0,246.4
2019-10-02T17:09:32,37.7,186.0,185.1,1.4,11210.0,246.4
2019-10-02T17:10:03,37.7,174.2,184.5,1.3,11220.0,247.3
2019-10-02T17:10:36,37.7,180.7,192.8,1.4,11220.0,245.4
2019-10-02T17:11:07,37.6,189.6,187.5,1.3,11230.0,246.4
2019-10-02T17:11:38,37.6,195.5,177.4,1.3,11230.0,248.3
2019-10-02T17:12:09,37.6,189.6,185.7,1.2,11230.0,248.3
2019-10-02T17:12:40,37.6,193.7,175.7,1.2,11240.0,247.3
2019-10-02T17:13:11,37.6,183.7,187.5,1.3,11240.0,245.4
2019-10-02T17:13:42,37.6,189.6,191.0,1.2,11250.0,247.3
2019-10-02T17:14:13,37.6,208.5,187.5,1.2,11250.0,245.4
2019-10-02T17:14:44,37.5,205.5,189.3,1.2,11250.0,246.4
2019-10-02T17:15:15,37.5,200.8,176.2,1.2,11260.0,246.4
2019-10-02T17:15:47,37.5,200.2,164.4,1.2,11260.0,246.4
2019-10-02T17:16:19,37.5,190.2,179.8,0.9,11260.0,245.4
2019-10-02T17:16:50,37.5,182.5,169.1,1.1,11270.0,245.4
2019-10-02T17:17:21,37.5,168.3,175.7,1.0,11270.0,245.4
2019-10-02T17:17:52,37.4,170.7,171.5,1.1,11270.0,246.4
2019-10-02T17:18:23,37.4,170.1,170.3,1.0,11270.0,245.4
2019-10-02T17:18:54,37.4,173.0,169.7,1.0,11280.0,246.4
2019-10-02T17:19:25,37.2,171.9,172.7,1.0,11280.0,246.4
2019-10-02T17:19:56,37.2,176.0,174.5,0.9,11280.0,244.4
2019-10-02T17:20:27,37.2,171.3,159.7,0.9,11290.0,244.4
2019-10-02T17:20:58,37.1,178.9,179.2,0.7,11290.0,246.4
2019-10-02T17:21:30,37.1,180.7,174.5,0.7,11290.0,243.5
2019-10-02T17:22:01,37.1,178.3,175.7,0.6,11290.0,245.4
2019-10-02T17:22:32,37.1,190.8,187.5,0.5,11290.0,245.4
2019-10-02T17:23:03,37.0,203.7,166.2,0.5,11300.0,244.4
2019-10-02T17:23:34,37.0,202.0,183.3,0.5,11300.0,245.4
2019-10-02T17:24:05,37.0,222.1,174.5,0.4,11300.0,245.4
2019-10-02T17:24:36,36.9,204.9,184.5,0.5,11300.0,245.4
2019-10-02T17:25:07,36.9,191.3,182.8,0.5,11300.0,245.4
2019-10-02T17:25:39,36.9,200.8,189.3,0.4,11310.0,247.3
2019-10-02T17:26:10,36.8,222.1,180.4,0.4,11310.0,246.4
2019-10-02T17:26:41,36.8,201.4,194.6,0.4,11310.0,244.4
2019-10-02T17:27:12,36.7,181.3,195.8,0.4,11310.0,246.4
2019-10-02T17:27:43,36.7,200.8,179.2,0.4,11310.0,246.4
2019-10-02T17:28:14,36.5,222.7,188.7,0.4,11310.0,245.4
2019-10-02T17:28:45,36.5,205.5,189.3,0.4,11320.0,245.4
2019-10-02T17:29:16,36.5,184.8,190.4,0.4,11320.0,245.4
2019-10-02T17:29:47,36.4,163.6,180.4,0.4,11320.0,245.4
2019-10-02T17:30:18,36.4,143.5,199.3,0.5,11320.0,244.4
2019-10-02T17:30:50,36.3,138.8,188.7,0.5,11320.0,246.4
2019-10-02T17:31:22,36.3,160.0,188.7,0.4,11320.0,245.4
2019-10-02T17:31:53,36.3,177.2,209.4,0.4,11320.0,244.4
2019-10-02T17:32:24,36.2,157.1,198.7,0.4,11320.0,245.4
2019-10-02T17:32:55,36.2,163.0,195.2,0.3,11320.0,245.4
2019-10-02T17:33:26,36.2,182.5,194.0,0.3,11330.0,244.4
2019-10-02T17:33:57,36.1,203.2,189.3,0.2,11330.0,245.4
2019-10-02T17:34:28,36.1,209.1,208.8,0.2,11330.0,246.4
2019-10-02T17:34:59,36.0,199.0,188.1,0.2,11330.0,247.3
2019-10-02T17:35:30,36.0,178.3,206.4,0.3,11330.0,245.4
2019-10-02T17:36:01,35.9,183.7,197.5,0.2,11330.0,243.5
2019-10-02T17:36:32,35.9,202.0,220.0,0.2,11330.0,244.4
2019-10-02T17:37:03,35.7,181.9,219.4,0.2,11330.0,243.5
2019-10-02T17:37:34,35.7,199.0,209.4,0.1,11330.0,243.5
2019-10-02T17:38:05,35.6,180.1,218.8,0.1,11330.0,241.5
2019-10-02T17:38:36,35.6,196.7,215.3,0.1,11330.0,243.5
2019-10-02T17:39:07,35.5,187.2,193.4,0.1,11330.0,243.5
2019-10-02T17:39:38,35.5,168.3,172.7,0.1,11330.0,241.5
2019-10-02T17:40:09,35.4,147.0,191.0,0.1,11330.0,241.5
2019-10-02T17:40:41,35.4,147.6,213.5,0.1,11330.0,242.5
2019-10-02T17:41:12,35.3,167.1,228.3,0.0,11330.0,242.5
2019-10-02T17:41:43,35.3,191.3,207.6,0.0,11330.0,243.5
2019-10-02T17:42:14,35.2,200.2,189.3,0.0,11330.0,243.5
2019-10-02T17:42:45,35.2,179.5,164.4,0.1,11330.0,243.5
2019-10-02T17:43:16,35.0,159.4,143.1,0.1,11330.0,243.5
2019-10-02T17:43:47,35.0,138.8,142.5,0.1,11330.0,243.5
2019-10-02T17:44:18,34.9,143.5,162.0,0.0,11330.0,242.5
2019-10-02T17:44:49,34.9,163.0,185.1,0.0,11330.0,246.4
2019-10-02T17:45:20,34.9,184.3,202.3,0.0,11330.0,244.4
2019-10-02T17:45:52,34.7,200.8,225.9,0.0,11330.0,243.5
2019-10-02T17:46:24,34.7,199.6,234.2,0.0,11330.0,242.5
2019-10-02T17:46:55,34.6,198.4,223.0,0.0,11330.0,243.5
2019-10-02T17:47:26,34.6,197.3,220.6,0.0,11330.0,241.5
2019-10-02T17:47:57,34.5,196.1,218.3,0.0,11330.0,241.5
2019-10-02T17:48:28,34.4,194.3,215.3,0.0,11330.0,241.5
2019-10-02T17:48:59,34.4,193.1,211.7,0.0,11330.0,241.5
2019-10-02T17:49:30,34.2,191.9,208.2,0.0,11330.0,240.6
2019-10-02T17:50:01,34.2,190.2,203.5,0.0,11330.0,241.5
2019-10-02T17:50:32,34.1,189.0,197.0,0.0,11330.0,242.5
2019-10-02T17:51:04,34.1,187.2,192.8,0.0,11330.0,242.5
2019-10-02T17:51:35,34.0,176.0,187.5,0.0,11330.0,241.5
2019-10-02T17:52:06,34.0,83.2,183.3,0.0,11330.0,240.6
2019-10-02T17:52:37,33.9,168.3,168.6,0.0,11330.0,240.6
2019-10-02T17:53:08,33.8,157.1,157.3,0.0,11330.0,241.5
2019-10-02T17:53:39,33.8,137.0,137.2,0.0,11330.0,242.5
2019-10-02T17:54:10,33.7,88.0,88.1,0.0,11330.0,241.5
