2019-10-03T06:35:31,14.3,192.5,200.5,0.4,60.0,238.6
2019-10-03T06:36:03,14.3,180.1,223.0,0.4,60.0,238.6
2019-10-03T06:36:34,14.3,202.0,244.3,0.4,60.0,238.6
2019-10-03T06:37:05,14.3,222.7,234.8,0.3,60.0,237.7
2019-10-03T06:37:36,14.7,204.9,214.1,0.4,60.0,239.6
2019-10-03T06:38:07,14.7,184.8,222.4,0.4,70.0,238.6
2019-10-03T06:38:38,14.7,203.2,242.5,0.4,70.0,238.6
2019-10-03T06:39:09,14.7,224.4,240.1,0.3,70.0,238.6
2019-10-03T06:39:40,14.7,209.1,218.3,0.4,70.0,239.6
2019-10-03T06:40:11,14.7,197.3,216.5,0.4,70.0,240.6
2019-10-03T06:40:43,14.7,219.1,238.4,0.4,70.0,238.6
2019-10-03T06:41:14,14.7,209.1,247.8,0.4,70.0,238.6
2019-10-03T06:41:45,14.7,192.5,225.4,0.4,70.0,241.5
2019-10-03T06:42:16,14.7,213.8,205.2,0.4,70.0,241.5
2019-10-03T06:42:47,15.1,217.9,218.8,0.4,80.0,241.5
2019-10-03T06:43:18,14.7,195.5,240.7,0.4,80.0,240.6
2019-10-03T06:43:49,15.1,202.6,234.8,0.5,80.0,239.6
2019-10-03T06:44:20,15.1,222.1,215.9,0.4,80.0,239.6
2019-10-03T06:44:51,15.1,211.4,230.7,0.4,80.0,241.5
2019-10-03T06:45:22,15.1,196.1,251.4,0.4,80.0,242.5
2019-10-03T06:45:54,15.4,217.3,228.3,0.4,80.0,242.5
2019-10-03T06:46:25,15.4,209.7,212.3,0.4,80.0,242.5
2019-10-03T06:46:56,15.4,189.6,232.4,0.5,90.0,243.5
2019-10-03T06:47:27,15.4,210.2,252.6,0.4,90.0,241.5
2019-10-03T06:47:58,15.4,221.5,231.9,0.4,90.0,242.5
2019-10-03T06:48:29,15.4,199.0,211.7,0.5,90.0,243.5
2019-10-03T06:49:00,15.4,195.5,218.8,0.5,90.0,242.5
2019-10-03T06:49:31,15.8,217.3,240.1,0.4,90.0,240.6
2019-10-03T06:50:02,15.8,220.3,252.0,0.4,90.0,240.6
2019-10-03T06:50:34,15.8,197.3,228.3,0.4,90.0,241.5
2019-10-03T06:51:06,15.8,216.2,213.5,0.5,90.0,241.5
2019-10-03T06:51:37,15.8,216.7,234.8,0.5,100.0,239.6
2019-10-03T06:52:08,15.8,197.3,252.0,0.5,100.0,239.6
2019-10-03T06:52:39,15.8,196.1,228.9,0.4,100.0,239.6
2019-10-03T06:53:10,15.8,219.1,214.1,0.4,100.0,240.6
2019-10-03T06:53:41,16.2,216.2,234.8,0.4,100.0,241.5
2019-10-03T06:54:12,16.2,196.7,253.7,0.5,100.0,240.6
2019-10-03T06:54:43,16.2,219.1,230.1,0.5,100.0,241.5
2019-10-03T06:55:14,16.2,219.7,211.7,0.5,110.0,243.5
2019-10-03T06:55:45,16.2,198.4,222.4,0.5,110.0,242.5
2019-10-03T06:56:17,16.2,203.2,244.9,0.5,110.0,242.5
2019-10-03T06:56:48,16.2,225.0,249.6,0.5,110.0,242.5
2019-10-03T06:57:19,16.2,215.0,251.4,0.4,110.0,241.5
2019-10-03T06:57:50,16.2,218.5,236.0,0.4,110.0,241.5
2019-10-03T06:58:21,16.2,220.3,215.9,0.5,110.0,241.5
2019-10-03T06:58:52,16.2,198.4,227.1,0.5,120.0,242.5
2019-10-03T06:59:23,16.2,209.7,249.0,0.5,120.0,240.6
2019-10-03T06:59:54,16.2,229.2,244.3,0.4,120.0,242.5
2019-10-03T07:00:25,16.2,209.7,223.0,0.5,120.0,245.4
2019-10-03T07:00:57,16.2,206.1,230.1,0.5,120.0,245.4
2019-10-03T07:01:28,16.2,227.4,251.4,0.5,120.0,244.4
2019-10-03T07:01:59,16.5,209.7,240.1,0.5,130.0,244.4
2019-10-03T07:02:30,16.5,212.0,221.8,0.6,130.0,244.4
2019-10-03T07:03:01,16.5,231.5,243.7,0.4,130.0,244.4
2019-10-03T07:03:32,16.9,222.1,236.0,0.5,130.0,244.4
2019-10-03T07:04:03,16.9,208.5,222.4,0.6,130.0,243.5
2019-10-03T07:04:34,16.9,203.2,243.7,0.6,130.0,243.5
2019-10-03T07:05:05,16.9,210.8,247.2,0.5,140.0,244.4
2019-10-03T07:05:37,16.9,229.7,231.9,0.5,140.0,244.4
2019-10-03T07:06:08,17.3,225.0,238.4,0.5,140.0,243.5
2019-10-03T07:06:39,17.3,221.5,237.2,0.5,140.0,243.5
2019-10-03T07:07:10,17.3,208.5,257.9,0.6,140.0,245.4
2019-10-03T07:07:41,17.3,199.0,259.1,0.6,150.0,243.5
2019-10-03T07:08:12,17.6,177.8,235.4,0.8,150.0,244.4
2019-10-03T07:08:43,17.6,187.8,250.8,0.7,150.0,245.4
2019-10-03T07:09:14,17.3,170.1,232.4,0.8,150.0,243.5
2019-10-03T07:09:45,17.6,184.8,223.0,0.7,160.0,243.5
2019-10-03T07:10:16,18.0,184.8,246.6,0.7,160.0,243.5
2019-10-03T07:10:48,18.0,165.4,245.5,0.8,160.0,242.5
2019-10-03T07:11:20,18.0,188.4,240.1,0.7,160.0,243.5
2019-10-03T07:11:51,18.0,179.5,247.8,0.8,160.0,242.5
2019-10-03T07:12:22,18.0,184.8,252.6,0.7,170.0,243.5
2019-10-03T07:12:53,18.4,183.1,239.5,0.8,170.0,244.4
2019-10-03T07:13:24,18.0,187.2,244.9,0.8,170.0,244.4
2019-10-03T07:13:55,18.0,178.3,244.3,0.9,170.0,243.5
2019-10-03T07:14:26,18.4,177.2,249.6,0.9,180.0,243.5
2019-10-03T07:14:57,18.4,197.8,240.7,0.8,180.0,243.5
2019-10-03T07:15:28,18.4,220.3,228.3,0.7,180.0,243.5
2019-10-03T07:15:59,18.4,220.9,251.4,0.7,180.0,242.5
2019-10-03T07:16:31,18.7,202.6,240.7,0.7,190.0,244.4
2019-10-03T07:17:02,18.7,213.2,252.0,0.7,190.0,243.5
2019-10-03T07:17:33,18.7,225.6,253.7,0.8,190.0,243.5
2019-10-03T07:18:04,18.7,230.3,241.9,0.7,200.0,242.5
2019-10-03T07:18:35,18.7,208.5,255.5,0.8,200.0,243.5
2019-10-03T07:19:06,18.7,209.1,243.7,0.8,200.0,243.5
2019-10-03T07:19:37,19.1,209.1,225.9,0.8,200.0,244.4
2019-10-03T07:20:08,19.1,220.3,248.4,0.8,210.0,244.4
2019-10-03T07:20:40,19.5,229.7,256.1,0.7,210.0,243.5
2019-10-03T07:21:11,19.5,206.7,233.6,0.8,210.0,244.4
2019-10-03T07:21:42,19.5,216.2,229.5,0.8,220.0,244.4
2019-10-03T07:22:13,19.5,226.2,252.0,0.8,220.0,244.4
2019-10-03T07:22:44,19.8,205.5,247.8,0.9,220.0,242.5
2019-10-03T07:23:15,19.8,218.5,226.5,0.8,230.0,244.4
2019-10-03T07:23:46,19.8,222.7,236.6,0.9,230.0,242.5
2019-10-03T07:24:17,19.8,206.7,234.8,0.9,230.0,244.4
2019-10-03T07:24:48,19.8,216.2,223.6,1.0,240.0,243.5
2019-10-03T07:25:19,19.8,226.2,247.8,0.9,240.0,244.4
2019-10-03T07:25:51,20.2,205.5,248.4,0.9,240.0,242.5
2019-10-03T07:26:22,19.8,216.2,227.1,0.9,250.0,245.4
2019-10-03T07:26:53,20.2,228.6,248.4,1.0,250.0,244.4
2019-10-03T07:27:24,20.2,206.7,243.7,0.9,250.0,244.4
2019-10-03T07:27:55,20.2,219.1,256.1,1.0,260.0,244.4
2019-10-03T07:28:26,20.6,220.9,249.6,0.9,260.0,244.4
2019-10-03T07:28:57,20.6,228.6,239.0,0.9,260.0,245.4
2019-10-03T07:29:28,20.6,220.9,254.9,0.9,270.0,244.4
2019-10-03T07:29:59,20.6,197.3,237.2,1.1,270.0,243.5
2019-10-03T07:30:30,20.6,176.0,252.6,1.2,270.0,245.4
2019-10-03T07:31:02,20.9,184.8,236.6,1.2,280.0,244.4
2019-10-03T07:31:33,20.9,180.7,251.4,1.2,280.0,244.4
2019-10-03T07:32:04,20.9,171.9,234.2,1.4,290.0,245.4
2019-10-03T07:32:35,21.3,189.6,250.8,1.2,290.0,244.4
2019-10-03T07:33:06,21.3,189.6,251.4,1.2,290.0,243.5
2019-10-03T07:33:37,21.3,207.3,233.6,1.1,300.0,243.5
2019-10-03T07:34:08,21.3,185.4,254.3,1.4,300.0,242.5
2019-10-03T07:34:39,21.7,168.9,235.4,1.4,310.0,242.5
2019-10-03T07:35:10,21.7,162.4,237.2,1.4,310.0,242.5
2019-10-03T07:35:42,21.7,183.7,252.6,1.4,310.0,241.5
2019-10-03T07:36:15,21.7,207.9,234.8,1.2,320.0,241.5
2019-10-03T07:36:46,22.0,207.9,251.4,1.2,320.0,242.5
2019-10-03T07:37:17,22.0,206.1,233.0,1.2,330.0,242.5
2019-10-03T07:37:48,22.0,193.1,242.5,1.2,330.0,242.5
2019-10-03T07:38:19,22.0,199.0,244.9,1.3,340.0,244.4
2019-10-03T07:38:50,22.0,189.0,237.2,1.3,340.0,242.5
2019-10-03T07:39:21,22.0,206.7,250.8,1.3,350.0,242.5
2019-10-03T07:39:52,22.0,200.2,242.5,1.2,350.0,242.5
2019-10-03T07:40:23,22.4,195.5,233.6,1.3,360.0,241.5
2019-10-03T07:40:54,22.4,199.0,251.4,1.2,360.0,243.5
2019-10-03T07:41:26,22.4,216.2,237.2,1.2,370.0,244.4
2019-10-03T07:41:57,22.4,204.3,252.6,1.3,370.0,244.4
2019-10-03T07:42:28,22.8,206.1,240.7,1.3,380.0,243.5
2019-10-03T07:42:59,22.8,204.3,243.7,1.2,380.0,245.4
2019-10-03T07:43:30,22.8,206.7,230.7,1.3,380.0,244.4
2019-10-03T07:44:01,23.1,207.3,251.4,1.3,390.0,243.5
2019-10-03T07:44:32,23.1,205.5,239.5,1.4,390.0,244.4
2019-10-03T07:45:03,23.1,203.2,244.3,1.3,400.0,242.5
2019-10-03T07:45:34,23.1,200.2,245.5,1.4,410.0,243.5
2019-10-03T07:46:06,23.5,197.3,241.3,1.5,410.0,243.5
2019-10-03T07:46:37,23.5,198.4,252.0,1.5,420.0,243.5
2019-10-03T07:47:08,23.5,200.2,238.4,1.4,420.0,243.5
2019-10-03T07:47:39,23.5,201.4,247.2,1.4,430.0,241.5
2019-10-03T07:48:10,23.9,194.9,249.0,1.4,430.0,241.5
2019-10-03T07:48:41,23.9,187.2,237.2,1.4,440.0,241.5
2019-10-03T07:49:12,23.9,189.6,248.4,1.4,440.0,243.5
2019-10-03T07:49:43,24.2,188.4,244.9,1.4,450.0,243.5
2019-10-03T07:50:14,24.2,192.5,245.5,1.4,450.0,243.5
2019-10-03T07:50:46,24.2,192.5,242.5,1.4,460.0,242.5
2019-10-03T07:51:17,24.2,195.5,249.6,1.5,470.0,244.4
2019-10-03T07:51:48,24.6,194.9,234.2,1.4,470.0,244.4
2019-10-03T07:52:19,24.6,178.3,248.4,1.6,480.0,245.4
2019-10-03T07:52:50,24.6,191.3,241.9,1.6,480.0,244.4
2019-10-03T07:53:21,24.6,187.8,237.2,1.5,490.0,246.4
2019-10-03T07:53:52,25.0,184.8,251.4,1.6,490.0,245.4
2019-10-03T07:54:23,25.0,184.8,235.4,1.6,500.0,245.4
2019-10-03T07:54:54,25.0,193.1,243.1,1.6,510.0,245.4
2019-10-03T07:55:25,25.3,203.2,243.7,1.5,510.0,246.4
2019-10-03T07:55:57,25.3,203.2,237.8,1.6,520.0,247.3
2019-10-03T07:56:29,25.3,205.5,244.9,1.7,530.0,246.4
2019-10-03T07:57:00,25.3,198.4,242.5,1.7,530.0,247.3
2019-10-03T07:57:31,25.7,197.3,239.5,1.7,540.0,246.4
2019-10-03T07:58:02,25.3,204.3,240.1,1.8,540.0,246.4
2019-10-03T07:58:33,25.3,200.8,236.0,1.8,550.0,247.3
2019-10-03T07:59:04,25.3,193.7,247.8,1.7,560.0,247.3
2019-10-03T07:59:35,25.3,186.6,237.2,1.9,560.0,248.3
2019-10-03T08:00:06,26.1,179.5,247.8,2.0,570.0,246.4
2019-10-03T08:00:37,25.7,170.7,246.6,1.9,580.0,247.3
2019-10-03T08:01:09,26.1,180.7,237.8,2.0,580.0,245.4
2019-10-03T08:01:40,26.1,184.3,240.7,1.8,590.0,245.4
2019-10-03T08:02:11,26.4,207.3,246.6,1.8,600.0,247.3
2019-10-03T08:02:42,26.4,200.2,234.8,1.9,610.0,247.3
2019-10-03T08:03:13,26.4,203.2,247.2,1.9,610.0,247.3
2019-10-03T08:03:44,26.8,203.7,244.3,1.9,620.0,246.4
2019-10-03T08:04:15,26.8,198.4,247.8,2.0,630.0,247.3
2019-10-03T08:04:46,26.8,205.5,239.5,1.7,630.0,247.3
2019-10-03T08:05:17,26.8,193.1,234.8,1.9,640.0,247.3
2019-10-03T08:05:48,26.8,190.2,249.0,2.1,650.0,248.3
2019-10-03T08:06:20,26.8,200.2,237.8,1.9,660.0,247.3
2019-10-03T08:06:51,27.2,197.3,234.2,2.0,660.0,246.4
2019-10-03T08:07:22,27.2,195.5,248.4,2.1,670.0,246.4
2019-10-03T08:07:53,27.2,199.0,237.2,2.1,680.0,246.4
2019-10-03T08:08:24,27.5,207.9,243.7,2.1,690.0,246.4
2019-10-03T08:08:55,27.9,213.2,232.4,2.0,700.0,245.4
2019-10-03T08:09:26,27.9,213.2,236.6,2.2,700.0,244.4
2019-10-03T08:09:57,27.9,208.5,245.5,2.2,710.0,245.4
2019-10-03T08:10:28,28.3,209.1,242.5,2.1,720.0,245.4
2019-10-03T08:11:00,28.3,204.9,246.6,2.2,730.0,245.4
2019-10-03T08:11:31,28.6,206.1,244.9,2.1,740.0,245.4
2019-10-03T08:12:02,28.6,216.7,235.4,2.0,740.0,245.4
2019-10-03T08:12:33,28.6,195.5,232.4,2.2,750.0,241.5
2019-10-03T08:13:04,29.0,213.2,247.8,2.1,760.0,243.5
2019-10-03T08:13:35,29.0,212.0,237.2,2.0,770.0,244.4
2019-10-03T08:14:06,29.0,212.6,235.4,1.8,780.0,243.5
2019-10-03T08:14:37,29.4,196.1,245.5,2.2,790.0,244.4
2019-10-03T08:15:08,29.4,202.0,237.8,2.3,790.0,242.5
2019-10-03T08:15:39,29.7,200.2,231.3,2.3,800.0,245.4
2019-10-03T08:16:11,29.7,192.5,241.9,2.3,810.0,244.4
2019-10-03T08:16:42,30.1,192.5,230.7,2.5,820.0,246.4
2019-10-03T08:17:13,30.1,210.2,230.7,2.3,830.0,243.5
2019-10-03T08:17:44,30.1,210.8,241.3,2.3,840.0,243.5
2019-10-03T08:18:15,30.2,204.3,238.4,2.5,850.0,245.4
2019-10-03T08:18:46,30.2,210.8,242.5,2.5,860.0,244.4
2019-10-03T08:19:17,30.2,211.4,237.2,2.4,870.0,245.4
2019-10-03T08:19:48,30.2,217.3,230.7,2.3,870.0,244.4
2019-10-03T08:20:19,30.2,216.2,237.2,2.4,880.0,246.4
2019-10-03T08:20:51,30.2,219.1,237.8,2.4,890.0,244.4
2019-10-03T08:21:22,30.3,220.3,230.7,2.4,900.0,245.4
2019-10-03T08:21:53,30.3,220.3,234.8,2.6,910.0,246.4
2019-10-03T08:22:24,30.3,219.7,236.6,2.5,920.0,245.4
2019-10-03T08:22:55,30.3,223.2,232.4,2.4,930.0,246.4
2019-10-03T08:23:26,30.4,220.3,233.0,2.6,940.0,245.4
2019-10-03T08:23:57,30.4,218.5,243.1,2.6,950.0,245.4
2019-10-03T08:24:28,30.5,221.5,233.0,2.6,960.0,245.4
2019-10-03T08:24:59,30.5,217.3,233.6,2.7,970.0,245.4
2019-10-03T08:25:30,30.5,217.3,242.5,2.6,980.0,245.4
2019-10-03T08:26:02,30.5,219.1,237.8,2.7,990.0,246.4
2019-10-03T08:26:33,30.7,220.3,237.8,2.7,1000.0,245.4
2019-10-03T08:27:04,30.8,219.7,230.1,2.7,1010.0,245.4
2019-10-03T08:27:35,30.8,216.7,233.0,2.7,1020.0,245.4
2019-10-03T08:28:06,30.9,216.7,240.1,2.8,1030.0,245.4
2019-10-03T08:28:37,30.8,215.6,222.4,2.8,1050.0,245.4
2019-10-03T08:29:08,30.9,217.9,239.5,2.7,1060.0,243.5
2019-10-03T08:29:39,30.9,219.1,231.9,2.8,1070.0,244.4
2019-10-03T08:30:10,30.9,221.5,231.3,2.8,1080.0,245.4
2019-10-03T08:30:43,31.0,219.1,232.4,2.8,1090.0,245.4
2019-10-03T08:31:18,31.0,217.3,241.9,2.9,1100.0,245.4
2019-10-03T08:31:49,31.1,215.6,231.3,2.9,1110.0,245.4
2019-10-03T08:32:20,31.1,219.1,231.3,2.8,1120.0,244.4
2019-10-03T08:32:51,31.2,215.6,236.6,3.0,1130.0,246.4
2019-10-03T08:33:22,31.2,219.7,235.4,2.9,1140.0,245.4
2019-10-03T08:33:53,31.2,217.9,224.2,3.0,1160.0,245.4
2019-10-03T08:34:24,31.4,218.5,234.8,2.8,1170.0,247.3
2019-10-03T08:34:55,31.4,215.6,240.1,2.9,1180.0,245.4
2019-10-03T08:35:26,31.4,215.6,225.9,2.9,1190.0,245.4
2019-10-03T08:35:57,31.4,213.2,231.9,3.0,1200.0,246.4
2019-10-03T08:36:29,31.4,219.1,239.5,2.9,1210.0,245.4
2019-10-03T08:37:00,31.5,215.6,234.2,3.0,1220.0,246.4
2019-10-03T08:37:31,31.5,213.8,224.2,3.0,1240.0,245.4
2019-10-03T08:38:02,31.6,217.3,230.7,3.0,1250.0,245.4
2019-10-03T08:38:33,31.6,213.8,236.6,3.2,1260.0,244.4
2019-10-03T08:39:04,31.7,216.2,221.8,3.1,1270.0,243.5
2019-10-03T08:39:35,31.6,215.0,234.8,3.1,1280.0,245.4
2019-10-03T08:40:06,31.6,216.7,233.6,3.1,1290.0,244.4
2019-10-03T08:40:38,31.7,213.2,223.6,3.2,1310.0,243.5
2019-10-03T08:41:26,31.8,215.6,231.9,3.1,1320.0,244.4
2019-10-03T08:41:57,31.7,218.5,225.9,3.1,1340.0,245.4
2019-10-03T08:42:28,31.8,217.3,233.6,3.2,1350.0,245.4
2019-10-03T08:42:59,31.7,210.2,232.4,3.2,1360.0,245.4
2019-10-03T08:43:30,31.8,215.6,234.2,3.3,1370.0,244.4
2019-10-03T08:44:01,31.8,216.7,234.8,3.2,1390.0,245.4
2019-10-03T08:44:32,31.8,212.6,234.2,3.3,1400.0,244.4
2019-10-03T08:45:03,31.8,217.9,234.2,3.2,1410.0,245.4
2019-10-03T08:45:35,31.9,212.6,238.4,3.2,1420.0,245.4
2019-10-03T08:46:06,32.0,212.0,223.6,3.4,1440.0,247.3
2019-10-03T08:46:37,32.0,215.6,230.7,3.2,1450.0,245.4
2019-10-03T08:47:08,32.2,217.3,221.2,3.3,1460.0,248.3
2019-10-03T08:47:39,32.2,213.2,227.7,3.4,1470.0,249.3
2019-10-03T08:48:10,32.3,213.2,236.6,3.4,1490.0,249.3
2019-10-03T08:48:41,32.3,217.3,233.6,3.2,1500.0,247.3
2019-10-03T08:49:12,32.3,213.2,233.0,3.5,1510.0,247.3
2019-10-03T08:49:43,32.4,215.6,228.9,3.5,1520.0,248.3
2019-10-03T08:50:14,32.4,219.1,227.7,3.2,1540.0,248.3
2019-10-03T08:50:46,32.5,216.7,223.6,3.3,1550.0,247.3
2019-10-03T08:51:18,32.5,212.0,227.7,3.4,1560.0,248.3
2019-10-03T08:51:49,32.5,215.6,233.0,3.5,1580.0,247.3
2019-10-03T08:52:20,32.6,213.2,227.7,3.5,1590.0,248.3
2019-10-03T08:52:51,32.6,212.6,232.4,3.6,1600.0,248.3
2019-10-03T08:53:22,32.7,213.2,228.9,3.6,1620.0,248.3
2019-10-03T08:53:53,32.7,213.2,221.2,3.5,1630.0,249.3
2019-10-03T08:54:24,32.7,212.6,232.4,3.5,1640.0,249.3
2019-10-03T08:54:55,32.9,210.8,233.6,3.6,1660.0,249.3
2019-10-03T08:55:26,32.9,210.2,227.7,3.7,1670.0,248.3
2019-10-03T08:55:57,32.9,215.6,230.7,3.6,1680.0,249.3
2019-10-03T08:56:29,33.0,210.2,234.8,3.7,1700.0,250.2
2019-10-03T08:57:00,33.0,213.2,225.4,3.6,1710.0,249.3
2019-10-03T08:57:31,33.0,215.6,221.2,3.6,1720.0,250.2
2019-10-03T08:58:02,33.1,209.7,223.6,3.7,1740.0,250.2
2019-10-03T08:58:33,33.1,209.7,231.9,3.7,1750.0,247.3
2019-10-03T08:59:04,33.2,214.4,234.2,3.6,1770.0,248.3
2019-10-03T08:59:35,33.2,211.4,226.5,3.7,1780.0,249.3
2019-10-03T09:00:06,33.2,207.9,223.0,3.8,1790.0,248.3
2019-10-03T09:00:38,33.2,210.8,227.7,3.8,1810.0,247.3
2019-10-03T09:01:09,33.3,211.4,220.6,3.7,1820.0,247.3
2019-10-03T09:01:40,33.3,211.4,228.3,3.8,1840.0,247.3
2019-10-03T09:02:11,33.4,210.8,227.7,3.8,1850.0,248.3
2019-10-03T09:02:42,33.4,213.8,221.2,3.7,1860.0,247.3
2019-10-03T09:03:13,33.4,210.2,221.8,3.8,1880.0,247.3
2019-10-03T09:03:44,33.5,213.2,233.6,3.9,1890.0,248.3
2019-10-03T09:04:15,33.5,212.0,230.1,3.9,1910.0,246.4
2019-10-03T09:04:46,33.5,212.6,228.3,3.9,1920.0,248.3
2019-10-03T09:05:17,33.7,208.5,225.9,4.0,1940.0,246.4
2019-10-03T09:05:49,33.7,213.2,222.4,3.8,1950.0,248.3
2019-10-03T09:06:20,33.7,213.2,220.6,3.8,1970.0,248.3
2019-10-03T09:06:51,33.7,212.6,234.8,4.0,1980.0,247.3
2019-10-03T09:07:22,33.7,213.2,218.8,3.9,2000.0,248.3
2019-10-03T09:07:53,33.7,212.6,226.5,4.0,2010.0,248.3
2019-10-03T09:08:24,33.8,207.9,234.2,4.0,2020.0,248.3
2019-10-03T09:08:55,33.8,210.8,233.0,4.1,2040.0,249.3
2019-10-03T09:09:26,33.9,212.0,223.6,4.0,2050.0,246.4
2019-10-03T09:09:57,33.9,211.4,233.6,4.1,2070.0,247.3
2019-10-03T09:10:28,33.9,210.2,221.8,4.1,2080.0,247.3
2019-10-03T09:11:00,34.0,212.6,222.4,4.1,2100.0,247.3
2019-10-03T09:11:31,34.0,211.4,233.6,4.0,2110.0,248.3
2019-10-03T09:12:02,34.1,208.5,223.6,4.2,2130.0,250.2
2019-10-03T09:12:33,34.1,212.0,223.0,4.2,2150.0,250.2
2019-10-03T09:13:04,34.1,212.6,232.4,4.1,2160.0,250.2
2019-10-03T09:13:35,34.1,212.6,227.1,4.0,2180.0,249.3
2019-10-03T09:14:06,34.1,207.9,226.5,4.3,2190.0,250.2
2019-10-03T09:14:37,34.1,210.8,228.9,4.2,2210.0,250.2
2019-10-03T09:15:08,34.2,213.2,216.5,4.2,2220.0,251.2
2019-10-03T09:15:40,34.2,214.4,225.9,4.1,2240.0,249.3
2019-10-03T09:16:11,34.2,209.1,232.4,4.2,2250.0,250.2
2019-10-03T09:16:42,34.2,207.3,227.7,4.2,2270.0,249.3
2019-10-03T09:17:13,34.4,206.7,227.1,4.4,2290.0,248.3
2019-10-03T09:17:44,34.4,213.2,231.9,4.1,2300.0,249.3
2019-10-03T09:18:15,34.4,209.1,222.4,4.3,2320.0,248.3
2019-10-03T09:18:46,34.2,207.9,221.2,4.4,2330.0,247.3
2019-10-03T09:19:17,34.4,211.4,230.7,4.4,2350.0,249.3
2019-10-03T09:19:48,34.4,212.0,225.9,4.4,2360.0,250.2
2019-10-03T09:20:19,34.5,206.7,222.4,4.5,2380.0,248.3
2019-10-03T09:20:51,34.5,205.5,216.5,4.5,2400.0,249.3
2019-10-03T09:21:23,34.5,208.5,221.8,4.5,2410.0,249.3
2019-10-03T09:21:54,34.6,209.1,234.8,4.4,2430.0,251.2
2019-10-03T09:22:25,34.6,210.2,224.8,4.4,2450.0,250.2
2019-10-03T09:22:56,34.6,207.3,227.7,4.6,2460.0,250.2
2019-10-03T09:23:27,34.7,210.2,219.4,4.6,2480.0,249.3
2019-10-03T09:23:58,34.7,209.7,219.4,4.5,2500.0,250.2
2019-10-03T09:24:29,34.7,206.7,225.9,4.5,2510.0,249.3
2019-10-03T09:25:00,34.7,205.5,228.9,4.7,2530.0,250.2
2019-10-03T09:25:31,34.8,205.5,225.9,4.6,2540.0,250.2
2019-10-03T09:26:03,34.8,204.9,219.4,4.7,2560.0,249.3
2019-10-03T09:26:34,34.9,209.1,220.6,4.5,2580.0,251.2
2019-10-03T09:27:05,34.9,204.3,229.5,4.6,2600.0,250.2
2019-10-03T09:27:36,34.9,205.5,229.5,4.7,2610.0,249.3
2019-10-03T09:28:07,35.0,203.7,222.4,4.7,2630.0,251.2
2019-10-03T09:28:38,35.0,205.5,215.9,4.7,2640.0,251.2
2019-10-03T09:29:09,35.0,203.7,221.2,4.8,2660.0,250.2
2019-10-03T09:29:40,35.2,206.7,227.7,4.8,2680.0,250.2
2019-10-03T09:30:11,35.2,203.7,218.8,4.7,2700.0,250.2
2019-10-03T09:30:42,35.2,208.5,219.4,4.6,2710.0,250.2
2019-10-03T09:31:14,35.3,207.3,218.3,4.7,2730.0,250.2
2019-10-03T09:31:45,35.3,206.7,218.8,4.7,2750.0,250.2
2019-10-03T09:32:16,35.3,200.2,226.5,4.8,2760.0,250.2
2019-10-03T09:32:47,35.3,204.3,223.6,4.8,2780.0,249.3
2019-10-03T09:33:18,35.4,204.9,215.3,4.9,2800.0,249.3
2019-10-03T09:33:49,35.4,206.7,221.8,4.7,2820.0,247.3
2019-10-03T09:34:20,35.5,205.5,229.5,4.9,2830.0,249.3
2019-10-03T09:34:51,35.5,204.3,220.0,4.9,2850.0,249.3
2019-10-03T09:35:22,35.5,203.2,214.7,5.0,2870.0,249.3
2019-10-03T09:35:54,35.5,202.6,220.0,4.8,2890.0,249.3
2019-10-03T09:36:25,35.5,207.3,225.9,4.8,2900.0,249.3
2019-10-03T09:36:56,35.5,206.1,228.9,5.0,2920.0,248.3
2019-10-03T09:37:27,35.6,205.5,215.9,4.9,2940.0,249.3
2019-10-03T09:37:58,35.6,203.7,216.5,4.9,2960.0,250.2
2019-10-03T09:38:29,35.6,202.6,219.4,4.9,2970.0,250.2
2019-10-03T09:39:00,35.6,203.2,227.7,5.0,2990.0,250.2
2019-10-03T09:39:31,35.7,208.5,223.6,4.8,3010.0,249.3
2019-10-03T09:40:02,35.7,203.7,216.5,5.1,3030.0,250.2
2019-10-03T09:40:34,35.7,206.7,217.7,5.0,3050.0,250.2
2019-10-03T09:41:06,35.9,203.7,223.6,5.1,3060.0,250.2
2019-10-03T09:41:37,35.9,203.7,226.5,5.1,3080.0,251.2
2019-10-03T09:42:08,35.9,206.1,217.1,5.0,3100.0,251.2
2019-10-03T09:42:39,35.9,203.2,215.9,5.1,3120.0,250.2
2019-10-03T09:43:10,36.0,203.7,217.7,5.2,3140.0,251.2
2019-10-03T09:43:41,36.0,206.1,221.8,5.2,3150.0,248.3
2019-10-03T09:44:12,36.0,201.4,225.4,5.3,3170.0,250.2
2019-10-03T09:44:43,36.1,204.9,225.9,5.1,3190.0,250.2
2019-10-03T09:45:14,36.1,206.1,218.8,5.2,3210.0,249.3
2019-10-03T09:45:45,36.1,203.2,221.2,5.1,3230.0,249.3
2019-10-03T09:46:17,36.2,205.5,218.8,5.2,3250.0,250.2
2019-10-03T09:46:48,36.2,200.2,215.3,5.3,3260.0,249.3
2019-10-03T09:47:19,36.3,201.4,222.4,5.3,3280.0,250.2
2019-10-03T09:47:50,36.3,201.4,215.9,5.4,3300.0,250.2
2019-10-03T09:48:21,36.2,204.9,213.5,5.3,3320.0,249.3
2019-10-03T09:48:52,36.3,206.1,216.5,5.2,3340.0,250.2
2019-10-03T09:49:23,36.3,200.2,221.8,5.4,3360.0,248.3
2019-10-03T09:49:54,36.3,201.4,225.4,5.3,3380.0,248.3
2019-10-03T09:50:25,36.3,203.7,224.8,5.2,3390.0,249.3
2019-10-03T09:50:57,36.4,202.6,221.8,5.4,3410.0,249.3
2019-10-03T09:51:28,36.4,201.4,224.8,5.4,3430.0,249.3
2019-10-03T09:51:59,36.5,204.3,221.2,5.3,3450.0,249.3
2019-10-03T09:52:30,36.5,199.6,214.7,5.4,3470.0,248.3
2019-10-03T09:53:01,36.7,203.7,220.6,5.3,3490.0,249.3
2019-10-03T09:53:32,36.5,204.3,218.3,5.4,3510.0,250.2
2019-10-03T09:54:03,36.7,204.3,224.8,5.3,3530.0,250.2
2019-10-03T09:54:34,36.7,200.2,218.8,5.5,3540.0,250.2
2019-10-03T09:55:05,36.8,202.0,215.9,5.5,3560.0,250.2
2019-10-03T09:55:37,36.8,202.0,217.7,5.5,3580.0,249.3
2019-10-03T09:56:08,36.8,203.2,221.2,5.4,3600.0,250.2
2019-10-03T09:56:39,36.8,203.2,222.4,5.4,3620.0,251.2
2019-10-03T09:57:10,36.9,201.4,221.8,5.6,3640.0,251.2
2019-10-03T09:57:41,36.9,202.6,221.2,5.5,3660.0,251.2
2019-10-03T09:58:12,37.0,203.7,214.1,5.3,3680.0,250.2
2019-10-03T09:58:43,37.0,202.6,211.7,5.6,3700.0,249.3
2019-10-03T09:59:14,37.0,201.4,221.2,5.6,3720.0,249.3
2019-10-03T09:59:45,37.0,199.6,221.8,5.6,3740.0,249.3
2019-10-03T10:00:16,37.1,203.2,217.7,5.5,3760.0,248.3
2019-10-03T10:00:48,37.1,198.4,215.9,5.7,3780.0,247.3
2019-10-03T10:01:20,37.2,197.3,209.4,5.7,3800.0,250.2
2019-10-03T10:01:51,37.2,197.8,213.5,5.7,3820.0,248.3
2019-10-03T10:02:22,37.2,202.6,220.6,5.6,3840.0,249.3
2019-10-03T10:02:53,37.2,202.6,216.5,5.5,3860.0,248.3
2019-10-03T10:03:24,37.4,198.4,214.7,5.8,3870.0,249.3
2019-10-03T10:03:55,37.4,197.8,220.6,5.8,3890.0,250.2
2019-10-03T10:04:26,37.4,197.3,220.6,5.8,3910.0,249.3
2019-10-03T10:04:57,37.4,199.6,223.6,5.7,3930.0,250.2
2019-10-03T10:05:28,37.5,198.4,220.6,5.8,3950.0,250.2
2019-10-03T10:05:59,37.5,199.6,213.5,5.7,3970.0,248.3
2019-10-03T10:06:31,37.5,201.4,212.9,5.9,3990.0,248.3
2019-10-03T10:07:02,37.5,199.0,214.7,5.8,4010.0,249.3
2019-10-03T10:07:33,37.6,197.3,214.7,5.9,4030.0,248.3
2019-10-03T10:08:04,37.6,203.2,214.7,5.8,4050.0,251.2
2019-10-03T10:08:35,37.6,202.0,217.7,5.8,4080.0,249.3
2019-10-03T10:09:06,37.6,200.2,219.4,5.9,4100.0,249.3
2019-10-03T10:09:37,37.6,199.6,218.3,5.8,4120.0,250.2
2019-10-03T10:10:08,37.7,200.8,217.1,5.9,4140.0,249.3
2019-10-03T10:10:40,37.7,197.3,217.1,6.0,4160.0,249.3
2019-10-03T10:11:11,37.8,197.8,217.1,5.9,4180.0,249.3
2019-10-03T10:11:42,37.8,199.0,219.4,5.9,4200.0,249.3
2019-10-03T10:12:13,37.8,200.2,219.4,6.0,4220.0,248.3
2019-10-03T10:12:44,37.8,201.4,221.8,5.8,4240.0,249.3
2019-10-03T10:13:15,37.8,198.4,218.8,6.1,4260.0,248.3
2019-10-03T10:13:46,37.9,201.4,213.5,6.0,4280.0,248.3
2019-10-03T10:14:17,37.9,197.3,218.3,5.9,4300.0,248.3
2019-10-03T10:14:48,37.9,199.6,221.8,6.1,4320.0,248.3
2019-10-03T10:15:19,37.9,202.0,217.7,6.0,4340.0,249.3
2019-10-03T10:15:51,38.0,197.3,215.9,6.0,4360.0,250.2
2019-10-03T10:16:22,38.0,200.8,212.9,5.9,4380.0,249.3
2019-10-03T10:16:53,38.0,196.7,212.9,6.0,4410.0,250.2
2019-10-03T10:17:24,38.0,202.6,212.3,6.0,4430.0,249.3
2019-10-03T10:17:55,38.2,196.7,214.1,6.1,4450.0,249.3
2019-10-03T10:18:26,38.2,201.4,222.4,6.1,4470.0,249.3
2019-10-03T10:18:57,38.2,198.4,222.4,6.2,4490.0,249.3
2019-10-03T10:19:28,38.2,203.7,221.8,5.8,4510.0,248.3
2019-10-03T10:19:59,38.2,201.4,221.8,6.1,4530.0,250.2
2019-10-03T10:20:30,38.2,200.2,222.4,6.1,4550.0,250.2
2019-10-03T10:21:02,38.0,202.0,222.4,6.1,4570.0,249.3
2019-10-03T10:21:33,38.2,199.0,221.8,6.1,4590.0,250.2
2019-10-03T10:22:04,38.2,202.6,214.7,6.1,4620.0,250.2
2019-10-03T10:22:35,38.2,202.0,223.0,6.2,4640.0,250.2
2019-10-03T10:23:06,38.3,204.3,214.1,6.1,4660.0,248.3
2019-10-03T10:23:37,38.2,198.4,217.7,6.2,4680.0,250.2
2019-10-03T10:24:08,38.2,198.4,224.2,6.2,4700.0,250.2
2019-10-03T10:24:39,38.2,200.8,217.7,6.2,4720.0,250.2
2019-10-03T10:25:10,38.3,202.6,218.8,6.1,4740.0,250.2
2019-10-03T10:25:42,38.2,197.3,218.8,6.2,4760.0,250.2
2019-10-03T10:26:13,38.3,197.3,216.5,6.3,4790.0,250.2
2019-10-03T10:26:44,38.3,197.8,214.7,6.3,4810.0,249.3
2019-10-03T10:27:15,38.3,196.1,207.0,6.2,4830.0,250.2
2019-10-03T10:27:46,38.4,202.6,210.0,6.1,4850.0,250.2
2019-10-03T10:28:17,38.4,195.5,214.7,6.4,4870.0,250.2
2019-10-03T10:28:48,38.4,197.3,214.1,6.4,4890.0,249.3
2019-10-03T10:29:19,38.4,197.3,210.6,6.3,4910.0,250.2
2019-10-03T10:29:50,38.4,199.6,220.6,6.3,4940.0,250.2
2019-10-03T10:30:21,38.4,197.8,215.9,6.4,4960.0,249.3
2019-10-03T10:30:53,38.5,199.6,211.2,6.3,4980.0,250.2
2019-10-03T10:31:25,38.5,195.5,216.5,6.4,5000.0,249.3
2019-10-03T10:31:56,38.6,200.8,215.9,6.2,5020.0,250.2
2019-10-03T10:32:27,38.6,198.4,211.7,6.3,5050.0,248.3
2019-10-03T10:32:58,38.6,196.7,211.2,6.5,5070.0,249.3
2019-10-03T10:33:29,38.6,196.7,208.8,6.3,5090.0,250.2
2019-10-03T10:34:00,38.6,193.7,217.7,6.4,5110.0,249.3
2019-10-03T10:34:31,38.7,198.4,218.8,6.4,5130.0,251.2
2019-10-03T10:35:02,38.7,197.3,218.8,6.3,5150.0,250.2
2019-10-03T10:35:34,38.7,197.3,215.3,6.4,5180.0,249.3
2019-10-03T10:36:05,38.7,196.7,212.9,6.5,5200.0,250.2
2019-10-03T10:36:36,38.9,197.3,215.9,6.5,5220.0,250.2
2019-10-03T10:37:07,38.9,193.7,218.8,6.5,5240.0,250.2
2019-10-03T10:37:38,38.9,200.2,219.4,6.3,5260.0,248.3
2019-10-03T10:38:09,38.9,194.3,216.5,6.6,5290.0,250.2
2019-10-03T10:38:40,39.0,197.8,208.8,6.5,5310.0,249.3
2019-10-03T10:39:11,39.0,195.5,210.6,6.6,5330.0,249.3
2019-10-03T10:39:42,39.0,194.9,207.6,6.6,5350.0,249.3
2019-10-03T10:40:13,39.0,198.4,207.6,6.5,5370.0,250.2
2019-10-03T10:40:45,39.0,194.3,206.4,6.5,5400.0,250.2
2019-10-03T10:41:16,38.7,197.8,208.8,6.5,5420.0,249.3
2019-10-03T10:41:47,38.4,198.4,206.4,6.4,5440.0,250.2
2019-10-03T10:42:18,38.5,196.7,215.9,6.5,5460.0,248.3
2019-10-03T10:42:49,38.5,191.9,211.2,6.7,5490.0,249.3
2019-10-03T10:43:20,38.5,194.3,214.1,6.7,5510.0,249.3
2019-10-03T10:43:51,38.6,195.5,218.3,6.5,5530.0,248.3
2019-10-03T10:44:22,38.7,197.3,216.5,6.5,5550.0,249.3
2019-10-03T10:44:53,38.9,194.3,217.7,6.7,5570.0,248.3
2019-10-03T10:45:24,38.9,194.3,206.4,6.6,5600.0,249.3
2019-10-03T10:45:56,39.0,196.7,211.7,6.5,5620.0,249.3
2019-10-03T10:46:28,39.0,197.3,209.4,6.5,5640.0,248.3
2019-10-03T10:46:59,39.1,193.7,217.7,6.6,5660.0,248.3
2019-10-03T10:47:30,39.1,193.7,215.3,6.6,5690.0,250.2
2019-10-03T10:48:01,39.1,194.3,210.6,6.8,5710.0,250.2
2019-10-03T10:48:32,39.1,196.1,208.8,6.5,5730.0,250.2
2019-10-03T10:49:03,39.0,195.5,211.2,6.6,5750.0,248.3
2019-10-03T10:49:34,39.0,196.1,211.7,6.6,5770.0,248.3
2019-10-03T10:50:05,39.0,196.1,215.3,6.7,5800.0,249.3
2019-10-03T10:50:36,39.1,193.1,215.9,6.8,5820.0,248.3
2019-10-03T10:51:08,39.0,192.5,212.9,6.9,5840.0,249.3
2019-10-03T10:51:39,39.1,192.5,208.8,6.8,5870.0,249.3
2019-10-03T10:52:10,39.1,195.5,210.0,6.7,5890.0,248.3
2019-10-03T10:52:41,39.2,195.5,212.3,6.6,5910.0,249.3
2019-10-03T10:53:12,39.3,194.3,210.6,6.8,5930.0,248.3
2019-10-03T10:53:43,39.3,191.9,210.0,6.8,5950.0,248.3
2019-10-03T10:54:14,39.3,197.3,212.9,6.7,5980.0,249.3
2019-10-03T10:54:45,39.4,191.9,210.0,6.8,6000.0,249.3
2019-10-03T10:55:16,39.4,194.3,204.6,6.8,6020.0,249.3
2019-10-03T10:55:48,39.5,191.3,211.2,6.9,6050.0,249.3
2019-10-03T10:56:19,39.5,189.6,211.2,6.9,6070.0,247.3
2019-10-03T10:56:50,39.7,191.3,213.5,7.0,6090.0,248.3
2019-10-03T10:57:21,39.7,191.3,207.0,6.8,6110.0,248.3
2019-10-03T10:57:52,39.8,189.6,210.6,7.0,6140.0,249.3
2019-10-03T10:58:23,39.8,195.5,205.8,6.7,6160.0,249.3
2019-10-03T10:58:54,39.8,191.3,207.0,6.9,6180.0,249.3
2019-10-03T10:59:25,39.9,190.2,206.4,7.0,6210.0,250.2
2019-10-03T10:59:56,39.9,191.3,211.7,6.9,6230.0,250.2
2019-10-03T11:00:27,40.0,194.3,208.8,6.8,6250.0,250.2
2019-10-03T11:00:59,40.0,189.0,210.6,6.9,6270.0,252.2
2019-10-03T11:01:30,40.0,191.9,206.4,7.0,6300.0,250.2
2019-10-03T11:02:01,40.0,192.5,206.4,6.9,6320.0,250.2
2019-10-03T11:02:32,40.1,193.1,205.8,6.9,6340.0,250.2
2019-10-03T11:03:03,40.1,193.7,206.4,6.7,6370.0,251.2
2019-10-03T11:03:34,40.1,194.3,207.6,6.8,6390.0,251.2
2019-10-03T11:04:05,40.1,193.1,207.6,6.9,6410.0,250.2
2019-10-03T11:04:36,40.0,188.4,208.2,7.0,6430.0,249.3
2019-10-03T11:05:07,39.9,188.4,208.8,7.1,6460.0,250.2
2019-10-03T11:05:39,39.8,192.5,214.1,6.9,6480.0,250.2
2019-10-03T11:06:11,39.5,190.2,214.1,7.1,6500.0,250.2
2019-10-03T11:06:42,39.3,187.2,213.5,7.2,6530.0,250.2
2019-10-03T11:07:13,39.3,191.3,208.8,7.0,6550.0,249.3
2019-10-03T11:07:44,39.3,193.7,204.1,7.1,6570.0,250.2
2019-10-03T11:08:15,39.4,193.1,204.6,7.0,6600.0,251.2
2019-10-03T11:08:46,39.5,193.1,211.7,7.0,6620.0,250.2
2019-10-03T11:09:17,39.7,190.8,211.7,7.1,6640.0,250.2
2019-10-03T11:09:48,39.8,193.1,214.7,7.0,6660.0,250.2
2019-10-03T11:10:19,39.8,191.9,209.4,7.0,6690.0,248.3
2019-10-03T11:10:50,39.9,186.0,212.9,7.1,6710.0,248.3
2019-10-03T11:11:22,39.9,192.5,211.7,7.1,6730.0,250.2
2019-10-03T11:11:53,40.0,194.3,208.8,6.8,6760.0,249.3
2019-10-03T11:12:24,40.0,200.2,209.4,6.2,6780.0,248.3
2019-10-03T11:12:55,39.9,202.0,212.9,5.7,6800.0,249.3
2019-10-03T11:13:26,40.0,181.3,210.6,7.0,6820.0,250.2
2019-10-03T11:13:57,40.1,184.3,212.9,6.9,6850.0,248.3
2019-10-03T11:14:28,40.1,178.9,211.2,7.2,6870.0,249.3
2019-10-03T11:14:59,40.2,181.3,212.3,7.2,6890.0,249.3
2019-10-03T11:15:30,40.2,183.1,212.9,7.1,6910.0,248.3
2019-10-03T11:16:02,40.4,183.1,212.9,7.1,6940.0,249.3
2019-10-03T11:16:33,40.4,182.5,212.9,7.1,6960.0,249.3
2019-10-03T11:17:04,40.5,184.3,211.7,7.0,6980.0,250.2
2019-10-03T11:17:35,40.5,189.6,211.7,6.9,7010.0,248.3
2019-10-03T11:18:06,40.6,180.1,210.6,7.2,7030.0,250.2
2019-10-03T11:18:37,40.6,181.3,210.0,7.2,7050.0,248.3
2019-10-03T11:19:08,40.6,178.9,210.6,7.3,7070.0,248.3
2019-10-03T11:19:39,40.7,185.4,211.2,6.8,7100.0,249.3
2019-10-03T11:20:10,40.6,169.5,209.4,7.5,7120.0,249.3
2019-10-03T11:20:41,40.6,170.1,204.6,7.5,7140.0,249.3
2019-10-03T11:21:13,40.6,169.5,203.5,7.4,7170.0,248.3
2019-10-03T11:21:44,40.7,169.5,205.2,7.4,7190.0,250.2
2019-10-03T11:22:15,40.7,164.8,198.7,7.6,7210.0,250.2
2019-10-03T11:22:46,40.7,165.4,203.5,7.7,7230.0,249.3
2019-10-03T11:23:17,40.8,163.6,202.9,7.7,7260.0,249.3
2019-10-03T11:23:48,40.4,166.5,204.6,7.7,7280.0,250.2
2019-10-03T11:24:19,40.5,167.1,206.4,7.6,7300.0,249.3
2019-10-03T11:24:50,40.2,170.7,201.1,7.3,7320.0,249.3
2019-10-03T11:25:21,40.1,169.5,205.2,7.5,7350.0,248.3
2019-10-03T11:25:53,40.2,170.1,208.2,7.4,7370.0,248.3
2019-10-03T11:26:24,40.4,169.5,201.7,7.5,7390.0,249.3
2019-10-03T11:26:55,40.5,164.2,203.5,7.7,7420.0,249.3
2019-10-03T11:27:26,40.6,169.5,208.8,7.5,7440.0,249.3
2019-10-03T11:27:57,40.7,156.5,209.4,7.7,7460.0,249.3
2019-10-03T11:28:28,40.7,157.1,208.8,7.7,7480.0,250.2
2019-10-03T11:28:59,40.8,157.1,210.6,7.7,7510.0,249.3
2019-10-03T11:29:30,40.8,157.1,204.1,7.9,7530.0,249.3
2019-10-03T11:30:01,40.9,159.4,206.4,7.6,7550.0,250.2
2019-10-03T11:30:33,41.0,156.5,201.1,7.7,7570.0,249.3
2019-10-03T11:31:05,41.0,152.4,200.5,7.9,7600.0,249.3
2019-10-03T11:31:36,41.0,158.9,209.4,7.6,7620.0,250.2
2019-10-03T11:32:07,40.8,151.8,209.4,8.0,7640.0,249.3
2019-10-03T11:32:38,40.8,158.9,209.4,7.7,7660.0,249.3
2019-10-03T11:33:09,40.8,155.9,205.8,7.8,7690.0,250.2
2019-10-03T11:33:40,40.7,152.4,201.7,8.1,7710.0,251.2
2019-10-03T11:34:11,40.8,157.1,200.5,7.8,7730.0,249.3
2019-10-03T11:34:42,40.8,160.6,203.5,7.7,7750.0,249.3
2019-10-03T11:35:13,40.8,158.3,205.8,7.7,7770.0,248.3
2019-10-03T11:35:44,40.9,158.9,206.4,7.9,7800.0,249.3
2019-10-03T11:36:16,40.9,155.3,215.3,8.1,7820.0,249.3
2019-10-03T11:36:47,40.9,161.8,212.9,7.6,7840.0,250.2
2019-10-03T11:37:18,41.0,155.9,208.8,8.0,7870.0,249.3
2019-10-03T11:37:49,41.2,155.9,210.0,8.1,7890.0,249.3
2019-10-03T11:38:20,41.2,158.9,209.4,8.0,7910.0,249.3
2019-10-03T11:38:51,41.2,155.3,208.8,8.1,7940.0,249.3
2019-10-03T11:39:22,41.2,160.6,209.4,7.8,7960.0,249.3
2019-10-03T11:39:53,41.3,154.7,210.6,8.1,7980.0,249.3
2019-10-03T11:40:24,41.3,159.4,211.2,7.9,8000.0,250.2
2019-10-03T11:40:56,41.4,160.6,210.6,7.8,8030.0,249.3
2019-10-03T11:41:27,41.3,159.4,212.3,7.8,8050.0,249.3
2019-10-03T11:41:58,41.4,155.9,208.8,8.0,8070.0,248.3
2019-10-03T11:42:29,41.3,153.5,205.8,8.2,8100.0,248.3
2019-10-03T11:43:00,41.3,157.7,209.4,7.9,8120.0,249.3
2019-10-03T11:43:31,41.4,152.9,209.4,8.1,8140.0,249.3
2019-10-03T11:44:02,41.5,155.3,210.6,8.0,8170.0,248.3
2019-10-03T11:44:33,41.5,156.5,211.2,8.0,8190.0,248.3
2019-10-03T11:45:04,41.5,158.3,212.9,7.7,8210.0,249.3
2019-10-03T11:45:36,41.6,157.7,210.6,7.8,8230.0,249.3
2019-10-03T11:46:07,41.6,167.7,206.4,7.1,8260.0,249.3
2019-10-03T11:46:38,41.6,165.9,207.6,6.8,8280.0,249.3
2019-10-03T11:47:09,41.6,170.7,201.1,6.4,8300.0,249.3
2019-10-03T11:47:40,41.6,161.8,202.9,6.7,8320.0,249.3
2019-10-03T11:48:11,41.6,146.4,202.9,8.2,8350.0,249.3
2019-10-03T11:48:42,41.6,145.9,203.5,8.3,8370.0,248.3
2019-10-03T11:49:13,41.5,163.6,201.7,7.6,8390.0,250.2
2019-10-03T11:49:44,41.4,151.2,209.4,7.8,8410.0,249.3
2019-10-03T11:50:15,41.4,160.6,205.8,7.3,8440.0,249.3
2019-10-03T11:50:47,41.5,145.3,211.7,8.2,8460.0,250.2
2019-10-03T11:51:19,41.5,152.9,206.4,7.8,8480.0,249.3
2019-10-03T11:51:50,41.6,144.7,207.0,8.2,8510.0,249.3
2019-10-03T11:52:21,41.6,147.0,207.6,8.1,8530.0,249.3
2019-10-03T11:52:52,41.6,147.6,211.2,8.1,8550.0,249.3
2019-10-03T11:53:23,41.6,151.2,210.0,7.9,8570.0,249.3
2019-10-03T11:53:54,41.7,146.4,203.5,8.1,8600.0,249.3
2019-10-03T11:54:25,41.7,148.8,213.5,8.0,8620.0,249.3
2019-10-03T11:54:56,41.7,144.7,203.5,8.2,8640.0,251.2
2019-10-03T11:55:27,41.7,151.2,207.6,7.9,8660.0,250.2
2019-10-03T11:55:58,41.9,148.8,210.0,8.0,8690.0,249.3
2019-10-03T11:56:30,41.9,150.6,208.8,7.9,8710.0,249.3
2019-10-03T11:57:01,41.7,148.8,205.8,8.0,8730.0,250.2
2019-10-03T11:57:32,41.7,145.3,207.6,8.2,8760.0,250.2
2019-10-03T11:58:03,41.7,150.0,203.5,8.0,8780.0,250.2
2019-10-03T11:58:34,41.9,147.6,208.2,8.1,8800.0,251.2
2019-10-03T11:59:05,41.9,143.5,210.6,8.4,8820.0,251.2
2019-10-03T11:59:36,41.9,143.5,208.2,8.2,8850.0,250.2
2019-10-03T12:00:07,42.0,145.3,209.4,8.3,8870.0,249.3
2019-10-03T12:00:39,42.0,147.0,209.4,8.3,8890.0,250.2
2019-10-03T12:01:10,42.0,145.3,203.5,8.2,8920.0,251.2
2019-10-03T12:01:41,42.0,144.7,210.0,8.3,8940.0,251.2
2019-10-03T12:02:12,42.1,147.0,208.8,8.1,8960.0,249.3
2019-10-03T12:02:43,42.1,147.0,210.6,8.1,8980.0,250.2
2019-10-03T12:03:14,42.2,148.2,210.0,8.1,9010.0,250.2
2019-10-03T12:03:45,42.1,149.4,206.4,8.0,9030.0,250.2
2019-10-03T12:04:16,42.2,145.3,201.7,8.2,9050.0,249.3
2019-10-03T12:04:47,42.2,144.1,211.7,8.3,9080.0,250.2
2019-10-03T12:05:18,42.2,145.9,202.9,8.3,9100.0,249.3
2019-10-03T12:05:50,42.2,149.4,211.7,7.9,9120.0,249.3
2019-10-03T12:06:21,42.3,141.1,201.7,8.4,9140.0,250.2
2019-10-03T12:06:52,42.3,150.6,197.5,7.8,9170.0,249.3
2019-10-03T12:07:23,42.3,151.2,204.6,7.7,9190.0,249.3
2019-10-03T12:07:54,42.3,152.4,204.6,7.6,9210.0,249.3
2019-10-03T12:08:26,42.3,157.1,199.3,7.1,9230.0,249.3
2019-10-03T12:08:57,42.3,158.3,204.1,6.9,9260.0,249.3
2019-10-03T12:09:28,42.4,157.1,208.2,7.0,9280.0,251.2
2019-10-03T12:09:59,42.3,159.4,205.8,6.6,9300.0,250.2
2019-10-03T12:10:30,42.2,163.0,202.3,6.1,9320.0,249.3
2019-10-03T12:11:01,42.1,161.2,200.5,5.8,9340.0,251.2
2019-10-03T12:11:32,41.9,163.0,200.5,5.4,9360.0,251.2
2019-10-03T12:12:03,41.5,163.0,200.5,5.4,9380.0,250.2
2019-10-03T12:12:34,41.6,165.4,201.7,5.5,9400.0,250.2
2019-10-03T12:13:05,41.6,164.8,204.1,5.2,9420.0,250.2
2019-10-03T12:13:36,41.5,168.9,204.6,4.8,9440.0,249.3
2019-10-03T12:14:07,41.5,152.4,200.5,6.2,9460.0,250.2
2019-10-03T12:14:38,41.5,138.2,204.1,7.9,9480.0,251.2
2019-10-03T12:15:09,41.6,147.0,199.3,7.5,9500.0,250.2
2019-10-03T12:15:41,41.7,137.0,199.3,8.2,9530.0,250.2
2019-10-03T12:16:12,41.9,139.4,199.3,8.0,9550.0,251.2
2019-10-03T12:16:43,41.9,140.5,203.5,8.0,9570.0,251.2
2019-10-03T12:17:14,42.0,138.2,207.0,7.2,9590.0,251.2
2019-10-03T12:17:45,42.1,125.8,205.8,8.5,9610.0,250.2
2019-10-03T12:18:16,42.1,129.3,210.6,8.2,9640.0,251.2
2019-10-03T12:18:47,42.2,125.8,208.2,8.4,9660.0,250.2
2019-10-03T12:19:18,42.2,121.0,201.7,8.5,9680.0,250.2
2019-10-03T12:19:49,42.3,137.6,198.7,8.1,9700.0,251.2
2019-10-03T12:20:20,42.3,127.5,201.7,8.2,9720.0,250.2
2019-10-03T12:20:52,42.3,140.5,202.3,8.0,9740.0,250.2
2019-10-03T12:21:24,42.3,141.1,206.4,8.0,9770.0,250.2
2019-10-03T12:21:55,42.3,133.5,205.8,8.3,9790.0,251.2
2019-10-03T12:22:26,42.4,125.8,200.5,8.4,9810.0,251.2
2019-10-03T12:22:57,42.4,127.0,199.3,8.4,9830.0,250.2
2019-10-03T12:23:28,42.5,125.2,202.3,8.5,9850.0,250.2
2019-10-03T12:23:59,42.5,121.6,199.9,8.7,9880.0,250.2
2019-10-03T12:24:30,42.4,125.8,199.3,8.4,9900.0,250.2
2019-10-03T12:25:01,42.4,129.9,199.9,8.0,9920.0,250.2
2019-10-03T12:25:32,42.5,129.3,201.1,8.1,9940.0,251.2
2019-10-03T12:26:04,42.5,128.1,199.3,8.3,9960.0,250.2
2019-10-03T12:26:35,42.7,124.0,206.4,8.4,9990.0,250.2
2019-10-03T12:27:06,42.7,122.2,202.3,8.5,10010.0,250.2
2019-10-03T12:27:37,42.7,124.6,199.9,8.4,10030.0,248.3
2019-10-03T12:28:08,42.7,129.9,198.7,8.0,10050.0,250.2
2019-10-03T12:28:39,42.5,127.0,198.1,8.2,10070.0,250.2
2019-10-03T12:29:10,42.5,124.0,197.5,8.3,10090.0,250.2
2019-10-03T12:29:41,42.7,125.2,204.6,8.0,10110.0,250.2
2019-10-03T12:30:12,42.8,132.3,206.4,8.2,10140.0,250.2
2019-10-03T12:30:43,42.8,130.5,197.0,7.9,10160.0,250.2
2019-10-03T12:31:15,42.8,124.0,206.4,8.5,10180.0,250.2
2019-10-03T12:31:46,42.8,113.4,198.7,7.9,10200.0,250.2
2019-10-03T12:32:17,42.8,111.6,201.7,8.3,10220.0,250.2
2019-10-03T12:32:48,42.8,109.2,203.5,8.3,10240.0,248.3
2019-10-03T12:33:19,42.8,103.3,208.8,8.8,10260.0,251.2
2019-10-03T12:33:50,42.8,116.9,202.9,8.4,10280.0,249.3
2019-10-03T12:34:21,42.8,115.1,204.6,8.1,10300.0,248.3
2019-10-03T12:34:52,42.8,118.7,205.8,8.3,10320.0,250.2
2019-10-03T12:35:23,42.8,117.5,207.6,8.3,10340.0,249.3
2019-10-03T12:35:55,42.8,120.5,206.4,8.2,10360.0,250.2
2019-10-03T12:36:26,42.7,116.3,206.4,7.4,10390.0,250.2
2019-10-03T12:36:57,42.8,120.5,207.0,8.0,10410.0,250.2
2019-10-03T12:37:28,42.8,116.9,201.1,8.4,10430.0,250.2
2019-10-03T12:37:59,42.8,120.5,204.6,8.1,10450.0,249.3
2019-10-03T12:38:30,42.9,115.7,206.4,6.9,10470.0,250.2
2019-10-03T12:39:01,42.8,119.9,202.3,6.2,10490.0,250.2
2019-10-03T12:39:32,42.8,103.9,204.6,8.0,10510.0,250.2
2019-10-03T12:40:03,42.8,105.7,208.2,8.4,10530.0,249.3
2019-10-03T12:40:35,42.8,102.1,208.2,8.2,10550.0,252.2
2019-10-03T12:41:07,42.8,112.8,208.8,7.9,10570.0,251.2
2019-10-03T12:41:38,42.8,102.7,201.7,8.0,10590.0,250.2
2019-10-03T12:42:09,42.8,104.5,201.7,7.9,10610.0,251.2
2019-10-03T12:42:40,42.9,114.0,198.1,8.5,10630.0,248.3
2019-10-03T12:43:11,42.8,116.9,207.0,7.5,10650.0,250.2
2019-10-03T12:43:42,42.8,103.3,201.1,7.9,10670.0,250.2
2019-10-03T12:44:13,42.8,109.8,202.3,6.6,10690.0,250.2
2019-10-03T12:44:44,42.8,105.1,197.0,7.5,10710.0,249.3
2019-10-03T12:45:15,42.8,107.5,195.8,6.9,10730.0,251.2
2019-10-03T12:45:46,42.8,104.5,210.6,7.7,10750.0,251.2
2019-10-03T12:46:18,42.8,106.3,207.6,7.2,10770.0,249.3
2019-10-03T12:46:49,42.8,105.1,209.4,7.8,10790.0,250.2
2019-10-03T12:47:20,42.8,109.8,206.4,6.3,10810.0,251.2
2019-10-03T12:47:51,42.9,102.7,206.4,6.5,10820.0,250.2
2019-10-03T12:48:22,42.9,102.7,208.8,6.6,10840.0,250.2
2019-10-03T12:48:53,42.8,102.7,207.0,6.5,10860.0,250.2
2019-10-03T12:49:24,42.8,102.7,204.1,6.5,10880.0,250.2
2019-10-03T12:49:55,42.8,102.7,201.1,6.7,10900.0,250.2
2019-10-03T12:50:26,42.8,102.7,202.3,6.7,10920.0,251.2
2019-10-03T12:50:58,42.8,102.7,203.5,6.7,10940.0,251.2
2019-10-03T12:51:29,42.8,102.7,204.1,6.5,10960.0,250.2
2019-10-03T12:52:00,42.8,102.7,201.1,6.7,10970.0,250.2
2019-10-03T12:52:31,42.7,102.1,198.7,6.0,10990.0,250.2
2019-10-03T12:53:02,42.7,102.7,201.1,6.5,11010.0,250.2
2019-10-03T12:53:33,42.7,111.0,201.1,5.8,11030.0,251.2
2019-10-03T12:54:04,42.8,116.9,207.6,3.3,11050.0,251.2
2019-10-03T12:54:35,42.7,113.4,208.2,4.8,11070.0,251.2
2019-10-03T12:55:06,42.8,115.1,206.4,5.2,11080.0,250.2
2019-10-03T12:55:38,42.8,116.9,203.5,5.3,11100.0,250.2
2019-10-03T12:56:09,42.8,124.6,204.6,2.9,11120.0,250.2
2019-10-03T12:56:40,42.8,118.1,209.4,4.7,11140.0,250.2
2019-10-03T12:57:11,42.7,109.8,201.7,6.6,11150.0,250.2
2019-10-03T12:57:42,42.7,102.7,200.5,6.6,11170.0,248.3
2019-10-03T12:58:13,42.7,103.9,206.4,6.1,11190.0,250.2
2019-10-03T12:58:44,42.5,101.0,207.0,4.8,11210.0,249.3
2019-10-03T12:59:15,42.5,102.7,204.1,5.2,11230.0,250.2
2019-10-03T12:59:46,42.5,106.9,208.2,5.0,11250.0,250.2
2019-10-03T13:00:17,42.5,103.9,207.6,6.2,11260.0,250.2
2019-10-03T13:00:49,42.5,101.6,201.1,4.8,11280.0,250.2
2019-10-03T13:01:21,42.5,105.7,209.4,5.1,11300.0,250.2
2019-10-03T13:01:52,42.5,103.9,203.5,4.5,11320.0,249.3
2019-10-03T13:02:23,42.5,102.7,207.6,3.2,11330.0,249.3
2019-10-03T13:02:54,42.5,102.1,205.8,4.2,11350.0,250.2
2019-10-03T13:03:25,42.4,112.2,205.8,3.2,11370.0,249.3
2019-10-03T13:03:56,42.4,102.7,205.2,3.3,11380.0,249.3
2019-10-03T13:04:27,42.4,103.3,203.5,6.5,11400.0,249.3
2019-10-03T13:04:58,42.4,134.0,205.8,3.1,11420.0,250.2
2019-10-03T13:05:29,42.4,135.8,202.3,2.2,11430.0,248.3
2019-10-03T13:06:00,42.4,124.6,201.7,1.9,11450.0,249.3
2019-10-03T13:06:31,42.4,121.0,199.9,1.9,11470.0,249.3
2019-10-03T13:07:02,42.3,110.4,199.3,2.7,11480.0,249.3
2019-10-03T13:07:33,42.3,111.6,196.4,2.4,11500.0,249.3
2019-10-03T13:08:04,42.3,121.6,199.9,2.9,11510.0,249.3
2019-10-03T13:08:35,42.3,120.5,201.7,2.0,11530.0,248.3
2019-10-03T13:09:06,42.3,121.0,205.8,1.8,11540.0,249.3
2019-10-03T13:09:37,42.3,119.9,208.8,2.6,11560.0,248.3
2019-10-03T13:10:08,42.3,122.2,205.8,1.7,11570.0,248.3
2019-10-03T13:10:40,42.3,135.2,195.8,2.4,11590.0,249.3
2019-10-03T13:11:11,42.3,132.9,199.9,2.1,11600.0,249.3
2019-10-03T13:11:42,42.3,126.4,202.9,2.2,11620.0,249.3
2019-10-03T13:12:14,42.3,121.6,205.8,2.3,11630.0,249.3
2019-10-03T13:12:45,42.3,107.5,199.9,2.1,11650.0,248.3
2019-10-03T13:13:16,42.3,111.0,198.7,2.7,11660.0,248.3
2019-10-03T13:13:47,42.3,109.2,198.1,2.9,11680.0,247.3
2019-10-03T13:14:18,42.2,118.1,198.1,3.5,11700.0,248.3
2019-10-03T13:14:49,42.3,122.2,207.0,2.7,11710.0,248.3
2019-10-03T13:15:20,42.3,133.5,207.0,1.9,11730.0,247.3
2019-10-03T13:15:51,42.2,127.5,208.8,2.7,11740.0,247.3
2019-10-03T13:16:23,42.2,127.5,206.4,3.2,11760.0,248.3
2019-10-03T13:16:54,42.2,143.5,205.2,2.4,11780.0,248.3
2019-10-03T13:17:25,42.1,146.4,213.5,3.0,11790.0,249.3
2019-10-03T13:17:56,42.1,137.6,209.4,1.7,11810.0,249.3
2019-10-03T13:18:27,42.1,134.0,208.2,1.5,11820.0,248.3
2019-10-03T13:18:58,42.1,123.4,213.5,1.8,11840.0,247.3
2019-10-03T13:19:29,42.1,112.2,208.8,1.9,11850.0,247.3
2019-10-03T13:20:00,42.1,102.1,207.0,2.4,11870.0,248.3
2019-10-03T13:20:31,42.1,104.5,200.5,2.4,11880.0,248.3
2019-10-03T13:21:03,42.1,102.1,205.8,2.0,11900.0,246.4
2019-10-03T13:21:34,42.1,109.2,205.8,2.3,11910.0,247.3
2019-10-03T13:22:05,42.1,101.6,208.8,2.5,11930.0,247.3
2019-10-03T13:22:36,42.1,111.6,206.4,3.5,11950.0,248.3
2019-10-03T13:23:07,42.1,114.6,209.4,2.0,11960.0,247.3
2019-10-03T13:23:38,42.1,118.1,207.0,2.0,11980.0,248.3
2019-10-03T13:24:09,42.1,122.2,202.9,2.5,11990.0,247.3
2019-10-03T13:24:40,42.1,128.1,204.6,2.4,12010.0,247.3
2019-10-03T13:25:11,42.1,124.6,207.6,2.4,12020.0,249.3
2019-10-03T13:25:43,42.1,129.3,208.8,1.9,12040.0,247.3
2019-10-03T13:26:14,42.1,120.5,210.0,2.1,12050.0,247.3
2019-10-03T13:26:45,42.1,121.6,209.4,2.7,12070.0,249.3
2019-10-03T13:27:16,42.1,127.5,211.7,2.5,12090.0,247.3
2019-10-03T13:27:47,42.1,127.0,212.9,1.8,12100.0,246.4
2019-10-03T13:28:18,42.1,127.0,205.2,2.3,12120.0,248.3
2019-10-03T13:28:49,42.1,121.0,204.1,2.5,12130.0,246.4
2019-10-03T13:29:20,42.1,124.0,203.5,2.5,12150.0,247.3
2019-10-03T13:29:51,42.1,109.8,203.5,3.2,12160.0,246.4
2019-10-03T13:30:22,42.1,109.2,205.8,2.9,12180.0,247.3
2019-10-03T13:30:54,42.1,106.3,208.8,3.1,12200.0,247.3
2019-10-03T13:31:26,42.1,104.5,202.3,3.2,12210.0,247.3
2019-10-03T13:31:57,42.1,112.8,200.5,3.1,12230.0,248.3
2019-10-03T13:32:28,42.1,124.0,204.1,2.5,12240.0,247.3
2019-10-03T13:32:59,42.1,115.1,204.6,2.8,12260.0,248.3
2019-10-03T13:33:30,42.0,121.6,207.0,2.7,12280.0,248.3
2019-10-03T13:34:01,42.0,114.0,210.0,2.6,12290.0,248.3
2019-10-03T13:34:32,42.1,104.5,209.4,3.2,12310.0,247.3
2019-10-03T13:35:03,42.1,105.7,209.4,3.1,12320.0,247.3
2019-10-03T13:35:34,42.0,108.1,209.4,2.3,12340.0,246.4
2019-10-03T13:36:06,42.1,102.7,209.4,2.5,12350.0,247.3
2019-10-03T13:36:37,42.1,103.9,204.1,2.7,12370.0,246.4
2019-10-03T13:37:08,42.1,111.6,202.3,3.1,12390.0,247.3
2019-10-03T13:37:39,42.1,103.3,200.5,3.2,12400.0,247.3
2019-10-03T13:38:10,42.0,141.7,205.8,2.2,12420.0,247.3
2019-10-03T13:38:41,42.0,141.7,206.4,2.2,12430.0,246.4
2019-10-03T13:39:12,42.0,135.2,205.8,2.3,12450.0,246.4
2019-10-03T13:39:43,42.0,135.2,212.9,1.4,12460.0,247.3
2019-10-03T13:40:14,42.0,138.2,211.2,1.3,12480.0,247.3
2019-10-03T13:40:45,42.0,148.8,212.3,1.2,12490.0,247.3
2019-10-03T13:41:17,42.0,144.1,211.7,2.1,12510.0,246.4
2019-10-03T13:41:48,42.0,150.0,211.7,1.1,12520.0,247.3
2019-10-03T13:42:19,42.0,161.2,211.7,1.3,12540.0,247.3
2019-10-03T13:42:50,41.9,157.7,212.9,1.2,12550.0,247.3
2019-10-03T13:43:21,41.9,154.1,211.7,1.2,12560.0,247.3
2019-10-03T13:43:52,41.9,147.0,208.2,1.1,12580.0,247.3
2019-10-03T13:44:23,41.7,151.8,208.8,1.2,12590.0,247.3
2019-10-03T13:44:54,41.9,150.6,207.6,1.2,12610.0,248.3
2019-10-03T13:45:25,41.9,141.1,204.6,1.2,12620.0,247.3
2019-10-03T13:45:57,41.9,140.0,203.5,1.2,12640.0,247.3
2019-10-03T13:46:28,41.9,121.0,207.6,2.1,12650.0,248.3
2019-10-03T13:46:59,41.9,124.6,206.4,1.9,12670.0,247.3
2019-10-03T13:47:30,41.9,128.1,208.8,1.8,12680.0,249.3
2019-10-03T13:48:01,41.9,124.6,209.4,1.8,12700.0,247.3
2019-10-03T13:48:32,41.9,118.7,207.0,1.9,12710.0,247.3
2019-10-03T13:49:03,41.9,124.0,208.2,2.0,12730.0,247.3
2019-10-03T13:49:34,41.9,122.2,212.3,2.7,12740.0,247.3
2019-10-03T13:50:05,41.7,128.1,204.6,1.8,12760.0,246.4
2019-10-03T13:50:37,41.7,109.8,203.5,3.2,12770.0,248.3
2019-10-03T13:51:09,41.7,115.1,206.4,2.1,12790.0,249.3
2019-10-03T13:51:40,41.7,112.2,208.2,2.2,12800.0,247.3
2019-10-03T13:52:11,41.7,115.1,212.3,2.5,12820.0,248.3
2019-10-03T13:52:42,41.7,105.1,212.3,2.5,12830.0,247.3
2019-10-03T13:53:13,41.9,111.6,210.6,2.3,12850.0,248.3
2019-10-03T13:53:44,41.7,111.6,204.6,1.3,12860.0,248.3
2019-10-03T13:54:15,41.9,112.2,210.6,2.8,12880.0,248.3
2019-10-03T13:54:46,41.9,104.5,212.3,3.0,12890.0,246.4
2019-10-03T13:55:17,41.7,102.1,208.2,3.1,12910.0,247.3
2019-10-03T13:55:48,41.7,102.7,210.6,2.9,12920.0,245.4
2019-10-03T13:56:20,41.7,102.1,211.2,3.4,12940.0,246.4
2019-10-03T13:56:51,41.7,104.5,209.4,2.9,12950.0,246.4
2019-10-03T13:57:22,41.7,102.1,205.8,3.3,12970.0,245.4
2019-10-03T13:57:53,41.7,102.7,213.5,3.2,12980.0,247.3
2019-10-03T13:58:24,41.7,102.7,206.4,3.0,13000.0,246.4
2019-10-03T13:58:55,41.7,103.9,207.6,2.7,13020.0,246.4
2019-10-03T13:59:26,41.7,105.1,203.5,2.2,13030.0,247.3
2019-10-03T13:59:57,41.7,103.9,208.8,2.4,13040.0,248.3
2019-10-03T14:00:28,41.9,103.9,205.8,2.5,13060.0,247.3
2019-10-03T14:00:59,41.9,102.7,207.0,2.9,13080.0,247.3
2019-10-03T14:01:31,41.7,103.3,208.8,2.1,13090.0,246.4
2019-10-03T14:02:02,41.7,102.7,206.4,2.4,13100.0,246.4
2019-10-03T14:02:33,41.7,105.1,204.1,2.8,13120.0,247.3
2019-10-03T14:03:04,41.7,102.1,212.9,2.6,13130.0,247.3
2019-10-03T14:03:35,41.7,102.7,211.2,2.8,13150.0,245.4
2019-10-03T14:04:06,41.7,137.0,206.4,1.2,13160.0,246.4
2019-10-03T14:04:37,41.7,130.5,202.3,1.2,13180.0,246.4
2019-10-03T14:05:08,41.7,127.5,203.5,1.2,13190.0,246.4
2019-10-03T14:05:40,41.7,138.2,206.4,1.0,13210.0,246.4
2019-10-03T14:06:11,41.7,152.4,207.0,0.9,13220.0,246.4
2019-10-03T14:06:42,41.6,151.8,212.9,1.0,13230.0,247.3
2019-10-03T14:07:13,41.5,155.9,214.7,1.0,13250.0,247.3
2019-10-03T14:07:44,41.5,147.0,213.5,0.9,13260.0,248.3
2019-10-03T14:08:15,41.5,148.2,213.5,1.0,13280.0,248.3
2019-10-03T14:08:46,41.5,154.7,211.2,1.1,13290.0,247.3
2019-10-03T14:09:17,41.5,161.8,212.3,1.0,13300.0,245.4
2019-10-03T14:09:48,41.5,163.0,215.9,1.1,13320.0,247.3
2019-10-03T14:10:19,41.4,175.4,213.5,0.9,13330.0,248.3
2019-10-03T14:10:51,41.5,179.5,211.7,0.9,13350.0,247.3
2019-10-03T14:11:23,41.4,167.7,205.8,1.0,13360.0,247.3
2019-10-03T14:11:54,41.4,171.3,205.8,0.9,13370.0,247.3
2019-10-03T14:12:25,41.4,175.4,206.4,0.9,13390.0,244.4
2019-10-03T14:12:56,41.4,180.7,207.6,0.9,13400.0,244.4
2019-10-03T14:13:27,41.4,174.8,207.6,0.9,13410.0,243.5
2019-10-03T14:13:58,41.4,169.5,205.8,0.9,13430.0,245.4
2019-10-03T14:14:29,41.4,177.8,209.4,0.8,13440.0,245.4
2019-10-03T14:15:00,41.3,176.6,205.2,0.7,13460.0,243.5
2019-10-03T14:15:31,41.4,177.2,207.0,0.9,13470.0,244.4
2019-10-03T14:16:03,41.4,180.7,211.7,0.9,13480.0,244.4
2019-10-03T14:16:34,41.3,187.8,215.9,0.9,13500.0,246.4
2019-10-03T14:17:05,41.3,191.3,211.2,0.8,13510.0,247.3
2019-10-03T14:17:36,41.3,194.3,210.0,0.7,13520.0,245.4
2019-10-03T14:18:07,41.3,168.9,212.9,1.2,13540.0,246.4
2019-10-03T14:18:38,41.3,162.4,208.8,0.8,13550.0,246.4
2019-10-03T14:19:09,41.2,157.7,205.8,0.9,13570.0,245.4
2019-10-03T14:19:40,41.2,143.5,212.3,0.9,13580.0,245.4
2019-10-03T14:20:11,41.2,149.4,210.0,1.1,13590.0,246.4
2019-10-03T14:20:42,41.2,150.0,208.2,1.0,13610.0,245.4
2019-10-03T14:21:14,41.2,163.0,206.4,0.9,13620.0,245.4
2019-10-03T14:21:45,41.0,152.4,213.5,0.8,13630.0,245.4
2019-10-03T14:22:16,41.0,139.4,211.7,0.9,13650.0,246.4
2019-10-03T14:22:47,41.0,142.3,205.8,0.9,13660.0,245.4
2019-10-03T14:23:18,41.0,149.4,210.0,1.0,13670.0,246.4
2019-10-03T14:23:49,41.0,158.9,211.2,0.8,13690.0,247.3
2019-10-03T14:24:20,41.0,151.8,213.5,1.0,13700.0,246.4
2019-10-03T14:24:51,41.0,148.2,214.7,0.9,13710.0,247.3
2019-10-03T14:25:22,41.0,164.2,211.7,0.8,13730.0,249.3
2019-10-03T14:25:54,41.0,165.9,215.9,0.8,13740.0,248.3
2019-10-03T14:26:25,41.0,151.8,205.2,1.1,13750.0,248.3
2019-10-03T14:26:56,41.0,158.3,210.6,0.9,13770.0,247.3
2019-10-03T14:27:27,41.0,160.0,214.7,0.9,13780.0,247.3
2019-10-03T14:27:58,41.0,153.5,209.4,0.8,13790.0,247.3
2019-10-03T14:28:29,41.0,141.1,210.0,0.9,13810.0,247.3
2019-10-03T14:29:00,41.0,125.8,211.2,1.1,13820.0,249.3
2019-10-03T14:29:31,40.9,128.7,214.7,0.9,13830.0,248.3
2019-10-03T14:30:02,40.9,142.3,205.8,0.9,13850.0,248.3
2019-10-03T14:30:34,40.9,141.7,211.7,0.8,13860.0,248.3
2019-10-03T14:31:06,40.9,152.4,211.7,0.7,13870.0,248.3
2019-10-03T14:31:37,40.9,150.6,210.6,0.8,13890.0,248.3
2019-10-03T14:32:08,40.9,151.2,208.8,0.9,13900.0,249.3
2019-10-03T14:32:39,40.9,155.3,208.8,0.8,13910.0,249.3
2019-10-03T14:33:10,40.9,168.9,208.8,0.8,13930.0,248.3
2019-10-03T14:33:41,40.9,190.2,210.0,0.7,13940.0,248.3
2019-10-03T14:34:12,40.9,207.3,216.5,0.7,13950.0,248.3
2019-10-03T14:34:43,40.8,211.4,217.7,0.7,13960.0,249.3
2019-10-03T14:35:14,40.9,226.2,217.7,0.7,13980.0,249.3
2019-10-03T14:35:45,40.8,229.2,218.3,0.7,13990.0,247.3
2019-10-03T14:36:17,40.8,230.3,208.2,0.6,14000.0,245.4
2019-10-03T14:36:48,40.8,229.7,210.6,0.6,14020.0,247.3
2019-10-03T14:37:19,40.8,217.9,212.3,0.7,14030.0,246.4
2019-10-03T14:37:50,40.8,202.6,208.8,0.8,14040.0,247.3
2019-10-03T14:38:21,40.8,207.3,215.9,0.7,14060.0,247.3
2019-10-03T14:38:52,40.8,203.7,218.3,0.7,14070.0,246.4
2019-10-03T14:39:23,40.8,207.9,217.7,0.7,14080.0,245.4
2019-10-03T14:39:54,40.8,220.9,210.6,0.6,14100.0,246.4
2019-10-03T14:40:25,40.8,199.6,211.7,0.7,14110.0,245.4
2019-10-03T14:40:57,40.8,206.7,207.6,0.7,14120.0,245.4
2019-10-03T14:41:28,40.8,193.1,209.4,0.7,14130.0,245.4
2019-10-03T14:41:59,40.8,202.0,213.5,0.7,14150.0,245.4
2019-10-03T14:42:30,40.8,209.1,217.7,0.6,14160.0,246.4
2019-10-03T14:43:01,40.8,213.8,216.5,0.6,14170.0,246.4
2019-10-03T14:43:32,40.8,209.7,211.2,0.7,14190.0,245.4
2019-10-03T14:44:03,40.8,212.6,207.6,0.7,14200.0,247.3
2019-10-03T14:44:34,40.8,215.6,211.7,0.7,14210.0,248.3
2019-10-03T14:45:05,40.7,213.2,209.4,0.7,14220.0,248.3
2019-10-03T14:45:37,40.7,200.2,210.0,0.7,14240.0,247.3
2019-10-03T14:46:08,40.7,193.1,216.5,0.7,14250.0,247.3
2019-10-03T14:46:39,40.7,179.5,218.3,0.7,14260.0,247.3
2019-10-03T14:47:10,40.6,163.6,218.8,0.8,14280.0,248.3
2019-10-03T14:47:41,40.6,169.5,218.8,0.8,14290.0,246.4
2019-10-03T14:48:12,40.6,180.1,220.6,0.7,14300.0,247.3
2019-10-03T14:48:43,40.6,192.5,217.7,0.7,14310.0,246.4
2019-10-03T14:49:14,40.6,189.0,217.1,0.7,14330.0,246.4
2019-10-03T14:49:45,40.6,187.8,218.8,0.7,14340.0,245.4
2019-10-03T14:50:16,40.6,181.9,219.4,0.7,14350.0,246.4
2019-10-03T14:50:48,40.6,176.0,219.4,0.7,14360.0,246.4
2019-10-03T14:51:20,40.6,184.3,211.2,0.7,14380.0,245.4
2019-10-03T14:51:51,40.6,193.7,213.5,0.7,14390.0,245.4
2019-10-03T14:52:22,40.6,209.7,208.8,0.6,14400.0,245.4
2019-10-03T14:52:53,40.6,201.4,209.4,0.7,14410.0,244.4
2019-10-03T14:53:24,40.6,199.0,212.3,0.7,14430.0,246.4
2019-10-03T14:53:55,40.5,220.3,217.7,0.6,14440.0,246.4
2019-10-03T14:54:26,40.6,220.9,216.5,0.6,14450.0,245.4
2019-10-03T14:54:57,40.5,222.7,208.8,0.6,14460.0,245.4
2019-10-03T14:55:28,40.5,219.7,215.9,0.6,14480.0,245.4
2019-10-03T14:55:59,40.5,217.9,217.7,0.6,14490.0,245.4
2019-10-03T14:56:31,40.5,202.0,220.0,0.7,14500.0,247.3
2019-10-03T14:57:02,40.5,222.7,220.6,0.6,14510.0,247.3
2019-10-03T14:57:33,40.5,217.3,214.7,0.6,14530.0,247.3
2019-10-03T14:58:04,40.5,211.4,212.3,0.6,14540.0,245.4
2019-10-03T14:58:35,40.5,229.2,212.3,0.6,14550.0,245.4
2019-10-03T14:59:06,40.5,206.7,209.4,0.6,14560.0,246.4
2019-10-03T14:59:37,40.4,214.4,214.1,0.6,14580.0,246.4
2019-10-03T15:00:08,40.5,213.8,210.0,0.6,14590.0,246.4
2019-10-03T15:00:40,40.5,223.8,209.4,0.6,14600.0,246.4
2019-10-03T15:01:11,40.5,223.2,211.7,0.6,14610.0,246.4
2019-10-03T15:01:42,40.5,229.2,214.7,0.5,14630.0,246.4
2019-10-03T15:02:13,40.5,216.2,214.1,0.6,14640.0,247.3
2019-10-03T15:02:44,40.4,228.0,211.7,0.5,14650.0,245.4
2019-10-03T15:03:15,40.4,221.5,215.9,0.7,14660.0,246.4
2019-10-03T15:03:46,40.4,226.2,215.9,0.6,14670.0,246.4
2019-10-03T15:04:17,40.4,221.5,215.3,0.6,14690.0,246.4
2019-10-03T15:04:48,40.4,216.2,215.3,0.6,14700.0,245.4
2019-10-03T15:05:19,40.4,220.9,223.6,0.7,14710.0,244.4
2019-10-03T15:05:51,40.4,214.4,221.8,0.7,14720.0,245.4
2019-10-03T15:06:22,40.4,219.7,218.3,0.6,14740.0,245.4
2019-10-03T15:06:53,40.2,219.7,221.8,0.6,14750.0,245.4
2019-10-03T15:07:24,40.2,230.3,218.3,0.6,14760.0,245.4
2019-10-03T15:07:55,40.2,221.5,216.5,0.6,14770.0,244.4
2019-10-03T15:08:26,40.2,216.2,217.7,0.7,14780.0,245.4
2019-10-03T15:08:57,40.2,223.8,215.3,0.7,14800.0,245.4
2019-10-03T15:09:28,40.2,219.7,217.1,0.6,14810.0,246.4
2019-10-03T15:09:59,40.2,220.9,222.4,0.6,14820.0,245.4
2019-10-03T15:10:30,40.1,211.4,221.8,0.7,14830.0,245.4
2019-10-03T15:11:02,40.1,228.6,218.3,0.6,14840.0,244.4
2019-10-03T15:11:33,40.1,221.5,220.0,0.6,14860.0,246.4
2019-10-03T15:12:04,40.1,213.8,220.0,0.6,14870.0,245.4
2019-10-03T15:12:35,40.1,226.2,215.9,0.7,14880.0,247.3
2019-10-03T15:13:06,40.1,221.5,212.9,0.7,14890.0,246.4
2019-10-03T15:13:37,40.1,218.5,211.7,0.6,14900.0,246.4
2019-10-03T15:14:08,40.1,208.5,214.7,0.7,14910.0,246.4
2019-10-03T15:14:39,40.1,215.6,215.9,0.6,14930.0,246.4
2019-10-03T15:15:10,40.1,223.2,212.9,0.6,14940.0,246.4
2019-10-03T15:15:42,40.1,203.7,212.9,0.6,14950.0,248.3
2019-10-03T15:16:13,40.0,226.2,215.3,0.6,14960.0,247.3
2019-10-03T15:16:44,40.0,213.2,215.9,0.6,14970.0,247.3
2019-10-03T15:17:15,40.0,223.2,218.8,0.6,14990.0,246.4
2019-10-03T15:17:46,40.0,211.4,218.3,0.6,15000.0,246.4
2019-10-03T15:18:17,40.0,214.4,220.0,0.7,15010.0,247.3
2019-10-03T15:18:48,40.0,223.8,216.5,0.6,15020.0,246.4
2019-10-03T15:19:19,40.0,215.0,219.4,0.6,15030.0,246.4
2019-10-03T15:19:50,40.0,222.7,225.9,0.6,15040.0,244.4
2019-10-03T15:20:21,40.0,212.6,223.0,0.6,15050.0,245.4
2019-10-03T15:20:53,40.0,229.7,224.8,0.6,15070.0,246.4
2019-10-03T15:21:25,40.0,207.3,211.7,0.7,15080.0,246.4
2019-10-03T15:21:56,40.0,202.0,220.6,0.6,15090.0,245.4
2019-10-03T15:22:27,40.0,217.9,214.7,0.7,15100.0,245.4
2019-10-03T15:22:58,40.0,229.2,216.5,0.6,15110.0,246.4
2019-10-03T15:23:29,40.0,224.4,220.6,0.6,15120.0,246.4
2019-10-03T15:24:00,40.0,228.0,223.0,0.6,15140.0,246.4
2019-10-03T15:24:31,39.9,206.7,223.6,0.7,15150.0,245.4
2019-10-03T15:25:02,40.0,220.3,225.4,0.6,15160.0,244.4
2019-10-03T15:25:34,40.0,217.9,219.4,0.6,15170.0,244.4
2019-10-03T15:26:05,40.0,220.9,220.6,0.6,15180.0,245.4
2019-10-03T15:26:36,40.0,210.2,215.9,0.7,15190.0,245.4
2019-10-03T15:27:07,40.0,197.3,215.3,0.7,15200.0,245.4
2019-10-03T15:27:38,40.0,218.5,225.4,0.6,15210.0,244.4
2019-10-03T15:28:09,40.0,218.5,218.8,0.6,15220.0,245.4
2019-10-03T15:28:40,40.0,223.8,212.3,0.6,15230.0,244.4
2019-10-03T15:29:11,39.9,206.1,218.8,0.7,15250.0,245.4
2019-10-03T15:29:42,39.9,220.3,225.4,0.6,15260.0,244.4
2019-10-03T15:30:13,39.9,215.6,224.2,0.7,15270.0,244.4
2019-10-03T15:30:45,39.9,209.7,218.8,0.7,15280.0,244.4
2019-10-03T15:31:16,39.9,216.2,219.4,0.6,15290.0,244.4
2019-10-03T15:31:47,39.8,207.9,216.5,0.6,15300.0,245.4
2019-10-03T15:32:18,39.8,222.1,222.4,0.6,15310.0,244.4
2019-10-03T15:32:49,39.8,220.9,214.7,0.6,15320.0,244.4
2019-10-03T15:33:20,39.9,230.9,216.5,0.6,15330.0,244.4
2019-10-03T15:33:51,39.8,222.7,225.9,0.6,15340.0,242.5
2019-10-03T15:34:22,39.8,209.1,225.4,0.6,15350.0,245.4
2019-10-03T15:34:53,39.8,232.1,225.9,0.6,15370.0,243.5
2019-10-03T15:35:24,39.8,219.7,227.1,0.6,15380.0,244.4
2019-10-03T15:35:56,39.8,211.4,225.4,0.6,15390.0,245.4
2019-10-03T15:36:28,39.8,225.6,218.8,0.6,15400.0,246.4
2019-10-03T15:36:59,39.8,214.4,218.3,0.6,15410.0,245.4
2019-10-03T15:37:30,39.8,226.8,216.5,0.6,15420.0,244.4
2019-10-03T15:38:01,39.9,223.2,217.7,0.6,15430.0,243.5
2019-10-03T15:38:32,39.8,223.8,218.8,0.6,15440.0,244.4
2019-10-03T15:39:03,39.8,203.2,221.8,0.7,15450.0,245.4
2019-10-03T15:39:34,39.8,197.3,222.4,0.6,15460.0,247.3
2019-10-03T15:40:05,39.8,202.0,224.8,0.7,15470.0,246.4
2019-10-03T15:40:36,39.8,203.2,222.4,0.7,15480.0,246.4
2019-10-03T15:41:08,39.8,196.7,218.8,0.7,15490.0,246.4
2019-10-03T15:41:39,39.8,202.0,223.6,0.7,15500.0,246.4
2019-10-03T15:42:10,39.9,204.3,223.0,0.7,15510.0,246.4
2019-10-03T15:42:41,39.8,212.6,221.8,0.7,15520.0,246.4
2019-10-03T15:43:12,39.8,221.5,225.9,0.7,15530.0,247.3
2019-10-03T15:43:43,39.8,215.0,226.5,0.7,15540.0,247.3
2019-10-03T15:44:14,39.7,216.2,218.3,0.7,15550.0,246.4
2019-10-03T15:44:45,39.8,219.7,218.8,0.6,15560.0,246.4
2019-10-03T15:45:16,39.8,204.3,215.3,0.6,15570.0,246.4
2019-10-03T15:45:48,39.8,212.0,228.9,0.6,15580.0,247.3
2019-10-03T15:46:19,39.8,223.2,222.4,0.6,15590.0,247.3
2019-10-03T15:46:50,39.8,219.7,231.3,0.6,15600.0,247.3
2019-10-03T15:47:21,39.8,213.2,223.6,0.7,15610.0,245.4
2019-10-03T15:47:52,39.8,213.2,221.8,0.6,15620.0,246.4
2019-10-03T15:48:23,39.8,225.6,223.6,0.6,15630.0,246.4
2019-10-03T15:48:54,39.9,218.5,230.7,0.7,15640.0,245.4
2019-10-03T15:49:25,39.9,213.8,227.7,0.7,15650.0,246.4
2019-10-03T15:49:56,39.9,230.9,224.8,0.6,15660.0,246.4
2019-10-03T15:50:27,39.9,225.6,221.8,0.6,15670.0,246.4
2019-10-03T15:50:59,39.9,212.6,220.6,0.7,15680.0,246.4
2019-10-03T15:51:30,39.9,197.3,217.7,0.7,15690.0,246.4
2019-10-03T15:52:01,39.9,217.9,220.6,0.7,15700.0,245.4
2019-10-03T15:52:32,39.9,228.6,224.8,0.6,15710.0,247.3
2019-10-03T15:53:03,39.9,226.2,228.9,0.5,15720.0,246.4
2019-10-03T15:53:34,39.9,225.0,230.7,0.6,15730.0,246.4
2019-10-03T15:54:05,39.9,229.2,230.1,0.6,15740.0,245.4
2019-10-03T15:54:36,39.9,223.2,222.4,0.7,15750.0,246.4
2019-10-03T15:55:07,39.9,226.8,227.7,0.6,15760.0,248.3
2019-10-03T15:55:39,39.9,213.8,228.3,0.7,15770.0,245.4
2019-10-03T15:56:11,39.9,204.3,228.9,0.7,15780.0,246.4
2019-10-03T15:56:42,39.9,200.2,226.5,0.7,15780.0,246.4
2019-10-03T15:57:13,39.9,213.2,222.4,0.6,15790.0,246.4
2019-10-03T15:57:44,39.9,209.1,222.4,0.6,15800.0,246.4
2019-10-03T15:58:15,39.9,220.3,222.4,0.7,15810.0,246.4
2019-10-03T15:58:46,39.9,199.6,225.9,0.7,15820.0,246.4
2019-10-03T15:59:17,39.9,204.9,231.3,0.7,15830.0,246.4
2019-10-03T15:59:48,39.8,206.1,221.8,0.7,15840.0,247.3
2019-10-03T16:00:19,39.8,213.8,220.0,0.6,15850.0,247.3
2019-10-03T16:00:50,39.8,209.7,228.9,0.7,15860.0,246.4
2019-10-03T16:01:22,39.8,200.2,234.8,0.6,15870.0,248.3
2019-10-03T16:01:53,39.8,197.3,227.7,0.6,15880.0,246.4
2019-10-03T16:02:24,39.8,195.5,226.5,0.7,15880.0,245.4
2019-10-03T16:02:55,39.8,206.7,228.3,0.6,15890.0,245.4
2019-10-03T16:03:26,39.8,212.0,223.0,0.7,15900.0,244.4
2019-10-03T16:03:57,39.8,222.1,221.2,0.7,15910.0,244.4
2019-10-03T16:04:28,39.7,219.7,214.7,0.6,15920.0,245.4
2019-10-03T16:04:59,39.7,220.3,218.8,0.7,15930.0,245.4
2019-10-03T16:05:30,39.7,221.5,212.9,0.7,15940.0,245.4
2019-10-03T16:06:02,39.8,205.5,225.9,0.7,15950.0,245.4
2019-10-03T16:06:33,39.8,213.8,220.6,0.6,15950.0,245.4
2019-10-03T16:07:04,39.8,210.2,222.4,0.7,15960.0,245.4
2019-10-03T16:07:35,39.9,219.7,223.0,0.6,15970.0,244.4
2019-10-03T16:08:06,39.9,207.3,218.3,0.7,15980.0,246.4
2019-10-03T16:08:37,39.9,210.2,218.3,0.7,15990.0,246.4
2019-10-03T16:09:08,39.9,224.4,211.2,0.7,16000.0,243.5
2019-10-03T16:09:39,39.9,224.4,205.2,0.6,16000.0,244.4
2019-10-03T16:10:10,39.8,211.4,203.5,0.6,16010.0,243.5
2019-10-03T16:10:41,39.9,212.0,207.0,0.6,16020.0,244.4
2019-10-03T16:11:13,39.9,222.7,207.6,0.6,16030.0,243.5
2019-10-03T16:11:44,39.8,228.0,207.0,0.6,16040.0,244.4
2019-10-03T16:12:15,39.8,212.0,205.2,0.6,16040.0,243.5
2019-10-03T16:12:46,39.8,206.7,217.7,0.7,16050.0,244.4
2019-10-03T16:13:17,39.7,226.8,206.4,0.6,16060.0,245.4
2019-10-03T16:13:48,39.7,215.0,202.9,0.6,16070.0,245.4
2019-10-03T16:14:19,39.7,221.5,210.0,0.6,16070.0,246.4
2019-10-03T16:14:50,39.5,225.0,208.8,0.6,16080.0,245.4
2019-10-03T16:15:21,39.5,218.5,211.2,0.6,16090.0,244.4
2019-10-03T16:15:53,39.5,226.2,211.2,0.6,16100.0,245.4
2019-10-03T16:16:25,39.5,220.9,211.7,0.6,16100.0,245.4
2019-10-03T16:16:56,39.4,217.3,203.5,0.6,16110.0,246.4
2019-10-03T16:17:27,39.4,226.2,207.0,0.6,16120.0,245.4
2019-10-03T16:17:58,39.3,223.8,208.8,0.6,16130.0,246.4
2019-10-03T16:18:29,39.3,203.7,205.8,0.7,16130.0,243.5
2019-10-03T16:19:00,39.3,204.3,201.7,0.6,16140.0,245.4
2019-10-03T16:19:31,39.3,205.5,207.6,0.6,16150.0,245.4
2019-10-03T16:20:02,39.3,225.6,201.7,0.6,16160.0,246.4
2019-10-03T16:20:33,39.3,218.5,206.4,0.6,16160.0,245.4
2019-10-03T16:21:05,39.3,207.3,199.9,0.6,16170.0,246.4
2019-10-03T16:21:36,39.2,213.8,206.4,0.6,16180.0,246.4
2019-10-03T16:22:07,39.3,199.0,196.4,0.7,16180.0,245.4
2019-10-03T16:22:38,39.3,219.7,201.7,0.6,16190.0,245.4
2019-10-03T16:23:09,39.3,230.3,202.9,0.6,16200.0,245.4
2019-10-03T16:23:40,39.3,234.5,201.7,0.5,16200.0,245.4
2019-10-03T16:24:11,39.3,229.2,194.6,0.5,16210.0,244.4
2019-10-03T16:24:42,39.3,229.7,194.6,0.5,16220.0,245.4
2019-10-03T16:25:13,39.3,216.2,196.4,0.6,16220.0,243.5
2019-10-03T16:25:44,39.2,223.2,196.4,0.6,16230.0,243.5
2019-10-03T16:26:16,39.2,224.4,206.4,0.5,16240.0,243.5
2019-10-03T16:26:47,39.3,220.9,196.4,0.5,16240.0,244.4
2019-10-03T16:27:18,39.2,226.2,196.4,0.5,16250.0,244.4
2019-10-03T16:27:49,39.2,213.2,195.8,0.6,16260.0,244.4
2019-10-03T16:28:20,39.2,233.9,192.2,0.5,16260.0,243.5
2019-10-03T16:28:51,39.1,220.3,204.1,0.6,16270.0,243.5
2019-10-03T16:29:22,39.1,228.0,198.7,0.5,16280.0,244.4
2019-10-03T16:29:53,39.1,209.7,186.9,0.6,16280.0,244.4
2019-10-03T16:30:24,39.1,231.5,194.0,0.6,16290.0,244.4
2019-10-03T16:30:56,39.0,212.6,191.6,0.6,16290.0,244.4
2019-10-03T16:31:27,39.0,209.1,189.3,0.6,16300.0,244.4
2019-10-03T16:31:58,39.0,194.9,194.6,0.7,16310.0,243.5
2019-10-03T16:32:29,39.0,186.6,185.7,0.6,16310.0,244.4
2019-10-03T16:33:00,39.0,182.5,191.6,0.6,16320.0,244.4
2019-10-03T16:33:31,39.0,197.3,187.5,0.6,16320.0,245.4
2019-10-03T16:34:02,38.9,217.9,200.5,0.5,16330.0,246.4
2019-10-03T16:34:33,38.9,230.3,198.7,0.5,16340.0,246.4
2019-10-03T16:35:04,38.7,232.7,190.4,0.5,16340.0,244.4
2019-10-03T16:35:36,38.7,217.3,192.8,0.6,16350.0,244.4
2019-10-03T16:36:08,38.7,228.6,192.8,0.5,16350.0,244.4
2019-10-03T16:36:39,38.7,232.7,194.6,0.5,16360.0,245.4
2019-10-03T16:37:10,38.7,220.3,184.5,0.5,16360.0,244.4
2019-10-03T16:37:41,38.7,226.8,201.7,0.6,16370.0,243.5
2019-10-03T16:38:12,38.6,219.7,186.9,0.6,16380.0,242.5
2019-10-03T16:38:43,38.7,226.2,181.6,0.5,16380.0,242.5
2019-10-03T16:39:14,38.6,205.5,198.7,0.6,16390.0,242.5
2019-10-03T16:39:45,38.7,195.5,186.9,0.5,16390.0,242.5
2019-10-03T16:40:16,38.7,210.8,195.8,0.5,16400.0,243.5
2019-10-03T16:40:47,38.7,232.7,193.4,0.5,16400.0,243.5
2019-10-03T16:41:19,38.6,229.2,185.1,0.6,16410.0,243.5
2019-10-03T16:41:50,38.6,234.5,188.1,0.6,16410.0,244.4
2019-10-03T16:42:21,38.6,222.7,195.8,0.5,16420.0,244.4
2019-10-03T16:42:52,38.6,223.2,186.3,0.5,16420.0,245.4
2019-10-03T16:43:23,38.6,214.4,195.8,0.5,16430.0,244.4
2019-10-03T16:43:54,38.6,229.7,199.9,0.5,16430.0,243.5
2019-10-03T16:44:25,38.6,228.6,201.7,0.6,16440.0,245.4
2019-10-03T16:44:56,38.6,235.1,199.9,0.5,16440.0,242.5
2019-10-03T16:45:27,38.6,228.6,202.3,0.6,16450.0,244.4
2019-10-03T16:45:58,38.6,212.6,186.9,0.5,16460.0,245.4
2019-10-03T16:46:30,38.6,195.5,202.9,0.6,16460.0,246.4
2019-10-03T16:47:01,38.5,217.3,205.2,0.6,16470.0,244.4
2019-10-03T16:47:32,38.5,236.8,204.1,0.5,16470.0,244.4
2019-10-03T16:48:03,38.5,229.7,206.4,0.6,16480.0,243.5
2019-10-03T16:48:34,38.5,236.8,207.0,0.5,16480.0,244.4
2019-10-03T16:49:05,38.5,235.6,204.6,0.5,16480.0,244.4
2019-10-03T16:49:36,38.5,233.3,196.4,0.6,16490.0,244.4
2019-10-03T16:50:07,38.5,225.6,193.4,0.5,16490.0,243.5
2019-10-03T16:50:39,38.4,229.7,203.5,0.6,16500.0,243.5
2019-10-03T16:51:10,38.4,232.1,212.9,0.6,16500.0,243.5
2019-10-03T16:51:41,38.4,233.3,197.5,0.6,16510.0,242.5
2019-10-03T16:52:12,38.4,230.9,198.1,0.5,16510.0,242.5
2019-10-03T16:52:43,38.4,236.2,200.5,0.5,16520.0,240.6
2019-10-03T16:53:14,38.3,228.0,196.4,0.6,16520.0,244.4
2019-10-03T16:53:45,38.3,216.7,192.8,0.6,16530.0,243.5
2019-10-03T16:54:16,38.3,208.5,194.0,0.8,16530.0,242.5
2019-10-03T16:54:47,38.3,205.5,193.4,1.0,16540.0,244.4
2019-10-03T16:55:18,38.2,199.6,189.3,1.0,16540.0,243.5
2019-10-03T16:55:50,38.2,208.5,198.1,0.8,16550.0,244.4
2019-10-03T16:56:22,38.2,199.6,194.6,1.0,16550.0,243.5
2019-10-03T16:56:53,38.0,203.7,189.3,1.0,16560.0,243.5
2019-10-03T16:57:24,38.0,207.3,186.3,0.9,16560.0,244.4
2019-10-03T16:57:55,38.0,191.3,198.7,1.0,16570.0,243.5
2019-10-03T16:58:26,37.9,195.5,196.4,1.0,16570.0,245.4
2019-10-03T16:58:57,37.9,186.0,199.9,1.0,16580.0,244.4
2019-10-03T16:59:28,37.9,181.9,202.9,1.1,16580.0,244.4
2019-10-03T16:59:59,37.9,192.5,205.8,1.0,16590.0,244.4
2019-10-03T17:00:30,37.9,195.5,195.2,1.2,16590.0,245.4
2019-10-03T17:01:01,37.9,187.8,194.0,1.0,16600.0,245.4
2019-10-03T17:01:32,37.9,191.9,199.3,1.1,16600.0,245.4
2019-10-03T17:02:03,37.9,183.1,193.4,1.2,16600.0,245.4
2019-10-03T17:02:34,37.9,177.2,194.6,1.1,16610.0,246.4
2019-10-03T17:03:05,37.9,194.3,185.7,1.3,16610.0,243.5
2019-10-03T17:03:36,37.9,206.7,194.6,1.1,16620.0,246.4
2019-10-03T17:04:07,37.9,206.7,187.5,1.1,16620.0,243.5
2019-10-03T17:04:38,37.9,196.7,196.4,1.1,16630.0,245.4
2019-10-03T17:05:09,37.9,203.7,192.8,1.2,16630.0,244.4
2019-10-03T17:05:41,37.9,209.1,192.8,1.1,16640.0,245.4
2019-10-03T17:06:12,37.9,206.1,186.9,1.3,16640.0,246.4
2019-10-03T17:06:43,37.9,204.9,202.3,1.2,16650.0,246.4
2019-10-03T17:07:14,37.9,192.5,197.0,1.3,16650.0,245.4
2019-10-03T17:07:45,37.9,187.2,189.3,1.3,16650.0,245.4
2019-10-03T17:08:16,37.9,189.0,171.5,1.3,16660.0,245.4
2019-10-03T17:08:47,37.8,181.3,172.7,1.3,16660.0,244.4
2019-10-03T17:09:18,37.8,197.3,179.8,1.2,16670.0,245.4
2019-10-03T17:09:49,37.8,190.2,185.1,1.3,16670.0,244.4
2019-10-03T17:10:20,37.8,186.6,174.5,1.2,16680.0,246.4
2019-10-03T17:10:52,37.8,187.2,189.3,1.2,16680.0,244.4
2019-10-03T17:11:24,37.8,184.3,181.0,1.3,16680.0,245.4
2019-10-03T17:11:55,37.8,187.8,183.3,1.3,16690.0,245.4
2019-10-03T17:12:26,37.7,196.7,188.1,1.2,16690.0,246.4
2019-10-03T17:12:57,37.7,200.8,183.9,1.2,16690.0,246.4
2019-10-03T17:13:28,37.7,203.2,174.5,1.2,16700.0,245.4
2019-10-03T17:13:59,37.7,207.9,173.3,1.1,16700.0,245.4
2019-10-03T17:14:30,37.6,207.9,178.6,1.1,16710.0,245.4
2019-10-03T17:15:01,37.6,203.7,186.3,1.0,16710.0,246.4
2019-10-03T17:15:33,37.6,210.8,171.5,1.0,16710.0,245.4
2019-10-03T17:16:04,37.6,210.2,171.5,0.9,16720.0,244.4
2019-10-03T17:16:35,37.6,200.8,171.5,0.9,16720.0,245.4
2019-10-03T17:17:06,37.6,200.8,167.4,0.9,16720.0,245.4
2019-10-03T17:17:37,37.5,206.1,179.8,0.7,16720.0,244.4
2019-10-03T17:18:08,37.5,216.2,166.8,0.7,16730.0,245.4
2019-10-03T17:18:39,37.5,197.8,172.7,0.9,16730.0,245.4
2019-10-03T17:19:10,37.4,197.3,168.0,0.8,16730.0,244.4
2019-10-03T17:19:41,37.4,183.7,170.9,0.7,16740.0,244.4
2019-10-03T17:20:12,37.2,178.9,171.5,0.7,16740.0,245.4
2019-10-03T17:20:44,37.2,189.0,163.2,0.6,16740.0,245.4
2019-10-03T17:21:16,37.1,183.7,170.3,0.5,16740.0,245.4
2019-10-03T17:21:47,37.1,183.1,158.5,0.5,16740.0,246.4
2019-10-03T17:22:18,37.1,191.9,156.7,0.5,16750.0,246.4
2019-10-03T17:22:49,37.0,188.4,173.3,0.5,16750.0,245.4
2019-10-03T17:23:20,36.9,178.3,185.1,0.6,16750.0,244.4
2019-10-03T17:23:51,36.9,180.1,191.6,0.4,16750.0,245.4
2019-10-03T17:24:22,36.8,187.8,187.5,0.4,16750.0,244.4
2019-10-03T17:24:53,36.8,186.6,183.3,0.5,16750.0,243.5
2019-10-03T17:25:24,36.7,191.9,185.7,0.4,16760.0,243.5
2019-10-03T17:25:55,36.7,194.9,175.7,0.4,16760.0,244.4
2019-10-03T17:26:27,36.5,196.7,168.6,0.4,16760.0,244.4
2019-10-03T17:26:58,36.5,191.9,189.9,0.4,16760.0,244.4
2019-10-03T17:27:29,36.4,192.5,192.8,0.4,16760.0,244.4
2019-10-03T17:28:00,36.4,190.2,181.0,0.4,16760.0,244.4
2019-10-03T17:28:31,36.3,172.4,188.7,0.4,16760.0,243.5
2019-10-03T17:29:02,36.3,190.2,175.7,0.3,16770.0,245.4
2019-10-03T17:29:33,36.2,191.3,183.3,0.4,16770.0,243.5
2019-10-03T17:30:04,36.2,197.8,204.1,0.4,16770.0,244.4
2019-10-03T17:30:36,36.1,197.3,191.0,0.3,16770.0,243.5
2019-10-03T17:31:08,36.1,184.3,191.0,0.4,16770.0,244.4
2019-10-03T17:31:39,36.0,202.0,198.7,0.3,16770.0,244.4
2019-10-03T17:32:10,36.0,215.6,194.0,0.3,16770.0,243.5
2019-10-03T17:32:41,36.0,191.9,190.4,0.3,16770.0,244.4
2019-10-03T17:33:12,35.9,191.3,210.6,0.3,16770.0,244.4
2019-10-03T17:33:43,35.9,211.4,197.5,0.2,16780.0,244.4
2019-10-03T17:34:14,35.7,197.3,180.4,0.3,16780.0,244.4
2019-10-03T17:34:45,35.7,182.5,201.7,0.3,16780.0,243.5
2019-10-03T17:35:16,35.7,203.7,218.8,0.3,16780.0,244.4
2019-10-03T17:35:47,35.6,203.7,197.0,0.3,16780.0,243.5
2019-10-03T17:36:19,35.5,206.1,218.3,0.2,16780.0,243.5
2019-10-03T17:36:50,35.5,199.0,223.0,0.2,16780.0,243.5
2019-10-03T17:37:21,35.5,180.1,223.0,0.2,16780.0,243.5
2019-10-03T17:37:52,35.4,199.0,221.8,0.2,16780.0,243.5
2019-10-03T17:38:23,35.4,191.3,218.8,0.1,16780.0,243.5
2019-10-03T17:38:54,35.3,190.8,209.4,0.1,16780.0,244.4
2019-10-03T17:39:25,35.2,171.3,193.4,0.1,16780.0,243.5
2019-10-03T17:39:56,35.2,191.3,215.3,0.0,16780.0,243.5
2019-10-03T17:40:27,35.0,202.0,219.4,0.1,16780.0,243.5
2019-10-03T17:40:59,35.0,180.7,197.0,0.1,16780.0,242.5
2019-10-03T17:41:30,34.9,159.4,176.2,0.1,16780.0,243.5
2019-10-03T17:42:01,34.9,138.2,156.7,0.1,16780.0,244.4
2019-10-03T17:42:32,34.8,117.5,178.0,0.1,16780.0,245.4
2019-10-03T17:43:03,34.7,140.5,202.9,0.1,16780.0,243.5
2019-10-03T17:43:34,34.7,159.4,220.0,0.1,16780.0,244.4
2019-10-03T17:44:05,34.6,180.7,225.9,0.0,16780.0,244.4
2019-10-03T17:44:36,34.6,201.4,199.9,0.1,16780.0,244.4
2019-10-03T17:45:07,34.5,204.9,181.6,0.0,16780.0,243.5
2019-10-03T17:45:39,34.4,192.5,160.3,0.0,16780.0,243.5
2019-10-03T17:46:11,34.4,168.9,145.5,0.0,16780.0,244.4
2019-10-03T17:46:42,34.2,151.2,164.4,0.0,16780.0,244.4
2019-10-03T17:47:13,34.2,127.5,188.1,0.0,16780.0,243.5
2019-10-03T17:47:44,34.1,107.5,208.2,0.0,16780.0,243.5
2019-10-03T17:48:15,34.0,124.0,228.3,0.0,16780.0,244.4
2019-10-03T17:48:46,33.9,195.5,230.1,0.0,16780.0,243.5
2019-10-03T17:49:17,33.9,194.3,217.7,0.0,16780.0,242.5
2019-10-03T17:49:48,33.9,192.5,212.9,0.0,16780.0,242.5
2019-10-03T17:50:19,33.8,189.6,207.6,0.0,16780.0,243.5
2019-10-03T17:50:50,33.8,189.0,200.5,0.0,16780.0,241.5
2019-10-03T17:51:22,33.7,143.5,197.5,0.0,16780.0,243.5
2019-10-03T17:51:53,33.5,183.7,183.9,0.0,16780.0,244.4
2019-10-03T17:52:24,33.4,178.9,179.2,0.0,16780.0,244.4
2019-10-03T17:52:55,33.4,171.3,171.5,0.0,16780.0,244.4
2019-10-03T17:53:26,33.4,129.9,162.6,0.0,16780.0,244.4
2019-10-03T17:53:57,33.3,141.1,141.3,0.0,16780.0,244.4
2019-10-03T17:54:28,33.2,96.8,97.0,0.0,16780.0,244.4
