2019-10-05T06:35:28,17.6,191.3,212.9,0.3,60.0,241.5
2019-10-05T06:36:00,17.6,203.7,236.0,0.3,60.0,241.5
2019-10-05T06:36:31,17.6,223.2,249.6,0.3,60.0,240.6
2019-10-05T06:37:02,17.6,210.8,227.1,0.4,70.0,240.6
2019-10-05T06:37:33,17.6,206.1,207.0,0.4,70.0,241.5
2019-10-05T06:38:04,18.0,196.1,225.9,0.4,70.0,240.6
2019-10-05T06:38:35,18.0,216.7,244.9,0.4,70.0,241.5
2019-10-05T06:39:06,18.0,204.3,231.9,0.4,70.0,240.6
2019-10-05T06:39:37,18.0,203.7,212.3,0.4,70.0,239.6
2019-10-05T06:40:08,18.0,220.9,204.1,0.3,70.0,240.6
2019-10-05T06:40:40,18.0,216.2,207.0,0.4,70.0,241.5
2019-10-05T06:41:11,18.0,199.6,202.9,0.4,70.0,241.5
2019-10-05T06:41:42,18.0,184.8,207.6,0.4,80.0,240.6
2019-10-05T06:42:13,18.0,207.3,212.9,0.4,80.0,240.6
2019-10-05T06:42:44,18.4,216.2,234.8,0.4,80.0,240.6
2019-10-05T06:43:15,18.4,193.1,248.4,0.4,80.0,240.6
2019-10-05T06:43:46,18.4,210.8,226.5,0.4,80.0,242.5
2019-10-05T06:44:17,18.4,214.4,205.8,0.4,80.0,240.6
2019-10-05T06:44:48,18.4,193.1,204.6,0.4,80.0,243.5
2019-10-05T06:45:19,18.4,200.8,226.5,0.4,80.0,241.5
2019-10-05T06:45:51,18.4,222.1,248.4,0.3,80.0,241.5
2019-10-05T06:46:23,18.7,202.6,228.9,0.4,90.0,241.5
2019-10-05T06:46:54,18.7,181.3,208.8,0.4,90.0,241.5
2019-10-05T06:47:25,18.7,203.2,215.3,0.4,90.0,241.5
2019-10-05T06:47:56,18.7,219.1,237.8,0.4,90.0,240.6
2019-10-05T06:48:27,18.7,213.2,246.6,0.4,90.0,238.6
2019-10-05T06:48:58,19.1,216.2,225.9,0.4,90.0,240.6
2019-10-05T06:49:29,19.1,223.2,215.9,0.3,90.0,241.5
2019-10-05T06:50:00,19.1,201.4,236.6,0.4,90.0,240.6
2019-10-05T06:50:31,19.1,190.2,252.0,0.4,100.0,241.5
2019-10-05T06:51:03,19.1,212.0,227.7,0.4,100.0,240.6
2019-10-05T06:51:34,19.1,213.8,208.2,0.4,100.0,240.6
2019-10-05T06:52:05,19.5,197.3,225.4,0.5,100.0,241.5
2019-10-05T06:52:36,19.5,218.5,246.6,0.4,100.0,241.5
2019-10-05T06:53:07,19.5,222.1,246.6,0.4,100.0,239.6
2019-10-05T06:53:38,19.5,204.3,230.7,0.5,100.0,241.5
2019-10-05T06:54:09,19.5,199.6,209.4,0.5,100.0,240.6
2019-10-05T06:54:40,19.5,220.9,231.9,0.4,110.0,240.6
2019-10-05T06:55:11,19.8,212.0,253.2,0.5,110.0,240.6
2019-10-05T06:55:43,19.8,223.2,230.7,0.4,110.0,242.5
2019-10-05T06:56:14,19.8,200.2,209.4,0.5,110.0,241.5
2019-10-05T06:56:45,19.8,193.1,231.9,0.5,110.0,242.5
2019-10-05T06:57:16,19.8,215.0,252.0,0.5,110.0,241.5
2019-10-05T06:57:47,19.8,216.2,234.8,0.5,120.0,241.5
2019-10-05T06:58:18,19.8,200.2,220.6,0.5,120.0,243.5
2019-10-05T06:58:49,20.2,222.1,241.9,0.5,120.0,242.5
2019-10-05T06:59:20,20.2,213.2,241.9,0.5,120.0,241.5
2019-10-05T06:59:51,20.2,199.6,220.6,0.5,120.0,240.6
2019-10-05T07:00:22,20.2,221.5,235.4,0.5,120.0,241.5
2019-10-05T07:00:54,20.2,214.4,248.4,0.5,130.0,243.5
2019-10-05T07:01:25,20.2,206.1,227.1,0.5,130.0,243.5
2019-10-05T07:01:56,20.2,228.0,214.7,0.4,130.0,244.4
2019-10-05T07:02:27,20.2,220.9,224.8,0.5,130.0,243.5
2019-10-05T07:02:58,20.2,216.7,228.3,0.5,130.0,243.5
2019-10-05T07:03:29,20.6,205.5,251.4,0.6,130.0,243.5
2019-10-05T07:04:00,20.6,226.8,236.0,0.5,140.0,243.5
2019-10-05T07:04:31,20.6,208.5,214.7,0.6,140.0,243.5
2019-10-05T07:05:02,20.6,188.4,236.6,0.6,140.0,242.5
2019-10-05T07:05:34,20.6,167.1,254.9,0.7,140.0,242.5
2019-10-05T07:06:06,20.9,178.9,232.4,0.6,140.0,244.4
2019-10-05T07:06:37,20.9,199.0,222.4,0.6,150.0,242.5
2019-10-05T07:07:08,20.9,220.9,244.9,0.6,150.0,244.4
2019-10-05T07:07:39,20.9,213.8,244.3,0.6,150.0,245.4
2019-10-05T07:08:10,20.9,193.1,223.6,0.6,150.0,244.4
2019-10-05T07:08:41,20.9,173.0,237.2,0.7,150.0,243.5
2019-10-05T07:09:12,20.9,168.3,254.3,0.8,160.0,243.5
2019-10-05T07:09:43,20.9,174.8,246.6,0.8,160.0,243.5
2019-10-05T07:10:14,21.3,178.9,240.7,0.8,160.0,245.4
2019-10-05T07:10:45,21.3,200.2,249.0,0.7,160.0,244.4
2019-10-05T07:11:17,21.3,222.1,230.7,0.6,170.0,242.5
2019-10-05T07:11:48,20.9,216.7,253.2,0.7,170.0,243.5
2019-10-05T07:12:19,21.3,200.2,234.8,0.6,170.0,243.5
2019-10-05T07:12:50,21.3,214.4,225.9,0.7,170.0,244.4
2019-10-05T07:13:21,21.3,223.8,240.1,0.6,170.0,244.4
2019-10-05T07:13:52,21.3,202.6,241.3,0.7,180.0,243.5
2019-10-05T07:14:23,21.3,217.9,228.9,0.7,180.0,242.5
2019-10-05T07:14:54,21.7,220.9,252.0,0.6,180.0,244.4
2019-10-05T07:15:25,21.7,214.4,249.0,0.7,190.0,244.4
2019-10-05T07:15:56,21.7,224.4,237.2,0.7,190.0,243.5
2019-10-05T07:16:28,22.0,203.2,224.2,0.8,190.0,244.4
2019-10-05T07:16:59,22.0,204.9,246.1,0.7,190.0,244.4
2019-10-05T07:17:30,21.7,226.8,244.3,0.7,200.0,244.4
2019-10-05T07:18:01,22.0,218.5,252.0,0.7,200.0,244.4
2019-10-05T07:18:32,22.0,199.0,240.1,0.8,200.0,243.5
2019-10-05T07:19:03,22.0,209.7,250.8,0.8,200.0,243.5
2019-10-05T07:19:34,22.0,207.3,243.7,0.9,210.0,244.4
2019-10-05T07:20:05,22.0,229.2,243.7,0.7,210.0,241.5
2019-10-05T07:20:37,22.4,206.7,223.0,0.8,210.0,242.5
2019-10-05T07:21:08,22.4,220.9,239.0,0.8,220.0,242.5
2019-10-05T07:21:39,22.4,213.2,246.6,0.8,220.0,243.5
2019-10-05T07:22:10,22.0,210.2,225.9,0.9,220.0,243.5
2019-10-05T07:22:41,22.4,225.0,224.2,0.8,230.0,243.5
2019-10-05T07:23:12,22.4,212.6,237.8,0.9,230.0,242.5
2019-10-05T07:23:43,22.4,223.8,218.8,0.8,230.0,242.5
2019-10-05T07:24:14,22.8,213.2,231.9,0.9,240.0,244.4
2019-10-05T07:24:45,22.8,206.7,254.3,1.0,240.0,243.5
2019-10-05T07:25:16,22.8,227.4,243.7,0.8,240.0,244.4
2019-10-05T07:25:48,22.8,222.7,251.4,1.0,250.0,243.5
2019-10-05T07:26:20,22.8,223.2,243.7,1.0,250.0,242.5
2019-10-05T07:26:51,23.1,225.6,245.5,0.9,250.0,242.5
2019-10-05T07:27:22,23.1,230.3,248.4,0.8,260.0,243.5
2019-10-05T07:27:53,23.1,232.1,235.4,0.7,260.0,243.5
2019-10-05T07:28:24,23.1,213.2,239.5,1.0,260.0,242.5
2019-10-05T07:28:55,23.1,203.2,244.3,1.0,270.0,244.4
2019-10-05T07:29:26,23.1,203.2,250.2,1.0,270.0,243.5
2019-10-05T07:29:57,23.1,196.7,237.2,1.1,270.0,243.5
2019-10-05T07:30:28,23.5,175.4,250.2,1.2,280.0,244.4
2019-10-05T07:30:59,23.1,189.6,234.8,1.2,280.0,241.5
2019-10-05T07:31:31,23.1,174.8,247.8,1.2,280.0,243.5
2019-10-05T07:32:02,23.1,185.4,241.9,1.2,290.0,243.5
2019-10-05T07:32:33,23.1,176.0,252.0,1.3,290.0,243.5
2019-10-05T07:33:04,23.5,193.1,237.2,1.1,300.0,245.4
2019-10-05T07:33:35,23.5,196.1,249.0,1.1,300.0,244.4
2019-10-05T07:34:06,23.5,199.0,247.2,1.2,300.0,246.4
2019-10-05T07:34:37,23.9,189.0,241.9,1.2,310.0,246.4
2019-10-05T07:35:08,23.9,204.9,244.9,1.1,310.0,246.4
2019-10-05T07:35:39,24.2,199.6,244.3,1.1,320.0,246.4
2019-10-05T07:36:11,24.2,206.7,246.6,1.1,320.0,245.4
2019-10-05T07:36:42,24.2,209.1,246.6,1.0,330.0,245.4
2019-10-05T07:37:13,24.2,218.5,238.4,1.0,330.0,245.4
2019-10-05T07:37:44,24.2,216.2,246.1,1.0,330.0,245.4
2019-10-05T07:38:15,24.6,193.1,239.5,1.2,340.0,246.4
2019-10-05T07:38:46,24.6,183.7,246.1,1.2,340.0,245.4
2019-10-05T07:39:17,24.6,205.5,234.8,1.2,350.0,245.4
2019-10-05T07:39:48,25.0,204.9,246.1,1.2,350.0,246.4
2019-10-05T07:40:19,25.0,201.4,237.2,1.3,360.0,245.4
2019-10-05T07:40:51,25.0,191.9,251.4,1.3,360.0,246.4
2019-10-05T07:41:22,25.0,186.6,236.0,1.3,370.0,244.4
2019-10-05T07:41:53,25.3,194.9,241.9,1.4,370.0,243.5
2019-10-05T07:42:24,25.3,199.6,238.4,1.3,380.0,242.5
2019-10-05T07:42:55,25.3,199.6,239.5,1.3,380.0,243.5
2019-10-05T07:43:26,25.3,206.7,241.9,1.2,390.0,243.5
2019-10-05T07:43:57,25.7,184.8,237.2,1.5,390.0,244.4
2019-10-05T07:44:28,25.7,198.4,251.4,1.4,400.0,243.5
2019-10-05T07:44:59,25.7,199.6,249.0,1.3,400.0,242.5
2019-10-05T07:45:30,26.1,202.0,237.8,1.3,410.0,243.5
2019-10-05T07:46:02,25.7,200.8,233.0,1.3,410.0,242.5
2019-10-05T07:46:33,25.7,196.1,243.1,1.3,420.0,242.5
2019-10-05T07:47:04,25.7,193.7,239.5,1.4,420.0,242.5
2019-10-05T07:47:35,25.7,178.3,233.0,1.5,430.0,243.5
2019-10-05T07:48:06,25.7,177.2,241.3,1.5,430.0,242.5
2019-10-05T07:48:37,25.7,181.3,240.1,1.6,440.0,243.5
2019-10-05T07:49:08,26.1,192.5,244.3,1.5,440.0,244.4
2019-10-05T07:49:39,26.1,190.2,234.8,1.4,450.0,243.5
2019-10-05T07:50:10,26.4,185.4,241.9,1.6,450.0,244.4
2019-10-05T07:50:42,26.4,193.1,240.7,1.5,460.0,242.5
2019-10-05T07:51:13,26.8,192.5,244.9,1.5,460.0,243.5
2019-10-05T07:51:44,26.8,189.0,232.4,1.6,470.0,243.5
2019-10-05T07:52:15,27.2,184.8,246.1,1.5,480.0,244.4
2019-10-05T07:52:46,27.2,206.7,233.0,1.4,480.0,243.5
2019-10-05T07:53:17,27.2,204.3,240.7,1.5,490.0,242.5
2019-10-05T07:53:48,27.5,205.5,240.7,1.5,490.0,241.5
2019-10-05T07:54:19,27.5,200.8,236.6,1.6,500.0,241.5
2019-10-05T07:54:50,27.5,203.2,240.7,1.7,510.0,241.5
2019-10-05T07:55:21,27.9,200.2,239.5,1.6,510.0,242.5
2019-10-05T07:55:53,27.9,194.3,233.0,1.8,520.0,242.5
2019-10-05T07:56:25,27.9,198.4,249.0,1.8,530.0,244.4
2019-10-05T07:56:56,28.3,203.7,235.4,1.7,530.0,242.5
2019-10-05T07:57:27,27.9,194.9,233.0,1.6,540.0,242.5
2019-10-05T07:57:58,27.9,190.2,231.9,1.8,540.0,242.5
2019-10-05T07:58:29,27.9,187.2,244.3,1.7,550.0,242.5
2019-10-05T07:59:00,27.9,191.9,243.1,1.8,560.0,241.5
2019-10-05T07:59:31,28.3,185.4,239.5,1.8,560.0,243.5
2019-10-05T08:00:02,28.3,193.7,233.0,1.7,570.0,244.4
2019-10-05T08:00:34,28.6,189.0,244.3,1.8,580.0,244.4
2019-10-05T08:01:05,28.6,202.6,236.0,1.7,580.0,244.4
2019-10-05T08:01:36,28.6,202.0,229.5,1.9,590.0,244.4
2019-10-05T08:02:07,29.0,200.2,239.5,1.9,600.0,244.4
2019-10-05T08:02:38,29.0,197.8,244.3,2.0,600.0,243.5
2019-10-05T08:03:09,29.4,199.6,235.4,1.9,610.0,244.4
2019-10-05T08:03:40,29.4,197.3,231.9,2.0,620.0,244.4
2019-10-05T08:04:11,29.4,195.5,233.6,1.9,630.0,245.4
2019-10-05T08:04:42,29.7,187.8,239.0,2.0,630.0,245.4
2019-10-05T08:05:13,29.7,186.0,233.6,2.1,640.0,245.4
2019-10-05T08:05:45,29.7,186.0,244.9,2.1,650.0,243.5
2019-10-05T08:06:16,30.1,199.6,229.5,2.0,660.0,244.4
2019-10-05T08:06:47,29.7,199.6,239.0,2.0,660.0,245.4
2019-10-05T08:07:18,30.1,213.8,227.1,2.0,670.0,246.4
2019-10-05T08:07:49,30.1,207.9,234.2,2.0,680.0,244.4
2019-10-05T08:08:20,30.2,194.3,233.0,2.1,690.0,244.4
2019-10-05T08:08:51,30.2,206.7,246.1,2.0,690.0,244.4
2019-10-05T08:09:22,30.2,199.0,228.3,2.1,700.0,241.5
2019-10-05T08:09:53,30.2,200.8,237.8,2.1,710.0,243.5
2019-10-05T08:10:24,30.2,202.0,239.0,2.1,720.0,244.4
2019-10-05T08:10:56,30.3,196.1,230.1,2.2,720.0,242.5
2019-10-05T08:11:28,30.3,200.8,237.8,2.1,730.0,241.5
2019-10-05T08:11:59,30.4,197.3,239.5,2.3,740.0,244.4
2019-10-05T08:12:30,30.4,192.5,227.7,2.3,750.0,243.5
2019-10-05T08:13:01,30.5,199.6,233.6,2.2,760.0,245.4
2019-10-05T08:13:32,30.5,193.7,231.3,2.2,770.0,244.4
2019-10-05T08:14:03,30.5,199.6,244.3,2.2,770.0,244.4
2019-10-05T08:14:34,30.5,199.0,234.2,2.2,780.0,244.4
2019-10-05T08:15:05,30.7,204.9,229.5,2.3,790.0,246.4
2019-10-05T08:15:36,30.7,209.7,232.4,2.3,800.0,245.4
2019-10-05T08:16:08,30.7,210.8,236.0,2.4,810.0,244.4
2019-10-05T08:16:39,30.8,209.7,233.0,2.4,820.0,245.4
2019-10-05T08:17:10,30.8,206.1,235.4,2.4,830.0,244.4
2019-10-05T08:17:41,30.9,207.9,241.9,2.4,840.0,243.5
2019-10-05T08:18:12,30.9,210.8,234.8,2.4,840.0,244.4
2019-10-05T08:18:43,31.0,209.7,233.6,2.4,850.0,245.4
2019-10-05T08:19:14,31.0,222.1,240.7,2.3,860.0,246.4
2019-10-05T08:19:45,31.1,217.9,234.2,2.4,870.0,245.4
2019-10-05T08:20:16,31.1,212.6,232.4,2.4,880.0,245.4
2019-10-05T08:20:48,31.1,222.1,239.5,2.5,890.0,244.4
2019-10-05T08:21:19,31.1,220.3,228.3,2.5,900.0,245.4
2019-10-05T08:21:50,31.2,216.7,233.0,2.5,910.0,243.5
2019-10-05T08:22:21,31.2,221.5,231.9,2.5,920.0,245.4
2019-10-05T08:22:52,31.4,214.4,244.3,2.5,930.0,244.4
2019-10-05T08:23:23,31.4,222.7,234.8,2.5,940.0,246.4
2019-10-05T08:23:54,31.4,216.2,231.3,2.5,950.0,245.4
2019-10-05T08:24:25,31.4,217.9,241.9,2.6,960.0,244.4
2019-10-05T08:24:56,31.5,219.1,236.6,2.6,970.0,244.4
2019-10-05T08:25:27,31.5,216.2,228.3,2.6,980.0,243.5
2019-10-05T08:25:59,31.5,220.3,234.8,2.6,990.0,245.4
2019-10-05T08:26:30,31.5,220.3,240.1,2.6,1000.0,246.4
2019-10-05T08:27:01,31.6,222.7,232.4,2.6,1010.0,245.4
2019-10-05T08:27:32,31.6,217.9,231.3,2.6,1020.0,246.4
2019-10-05T08:28:03,31.6,217.9,243.7,2.7,1030.0,246.4
2019-10-05T08:28:34,31.6,219.7,233.0,2.7,1040.0,246.4
2019-10-05T08:29:05,31.6,217.9,235.4,2.7,1050.0,247.3
2019-10-05T08:29:36,31.6,221.5,228.9,2.7,1060.0,246.4
2019-10-05T08:30:07,31.6,219.1,236.0,2.8,1070.0,246.4
2019-10-05T08:30:39,31.4,219.1,236.0,2.7,1080.0,245.4
2019-10-05T08:31:11,31.5,218.5,231.3,2.8,1090.0,246.4
2019-10-05T08:31:42,31.5,217.9,239.5,2.9,1110.0,246.4
2019-10-05T08:32:13,31.7,216.7,235.4,2.9,1120.0,246.4
2019-10-05T08:32:44,31.7,216.2,224.8,2.9,1130.0,246.4
2019-10-05T08:33:15,31.8,218.5,225.4,2.8,1140.0,245.4
2019-10-05T08:33:46,31.8,220.9,237.2,2.9,1150.0,245.4
2019-10-05T08:34:17,31.9,216.2,225.4,2.9,1160.0,247.3
2019-10-05T08:34:48,31.9,215.6,231.9,2.9,1170.0,247.3
2019-10-05T08:35:19,32.0,215.0,238.4,3.0,1180.0,246.4
2019-10-05T08:35:50,32.0,219.1,234.2,3.0,1190.0,247.3
2019-10-05T08:36:22,32.2,216.2,224.2,3.0,1210.0,247.3
2019-10-05T08:36:53,32.2,215.6,233.6,3.0,1220.0,247.3
2019-10-05T08:37:24,32.2,213.8,234.8,3.0,1230.0,247.3
2019-10-05T08:37:55,32.2,216.7,223.6,3.0,1240.0,248.3
2019-10-05T08:38:26,32.2,217.3,233.0,3.1,1250.0,246.4
2019-10-05T08:38:57,32.3,215.6,231.9,3.0,1260.0,246.4
2019-10-05T08:39:28,32.3,217.9,231.9,3.1,1280.0,246.4
2019-10-05T08:39:59,32.3,219.1,234.8,3.0,1290.0,246.4
2019-10-05T08:40:30,32.4,216.2,232.4,3.1,1300.0,248.3
2019-10-05T08:41:02,32.4,217.3,225.9,3.1,1310.0,247.3
2019-10-05T08:41:33,32.5,216.2,239.0,3.2,1320.0,248.3
2019-10-05T08:42:04,32.5,213.2,233.0,3.2,1330.0,247.3
2019-10-05T08:42:35,32.6,216.7,234.8,3.2,1350.0,247.3
2019-10-05T08:43:06,32.6,216.7,235.4,3.2,1360.0,247.3
2019-10-05T08:43:37,32.6,217.3,224.2,3.1,1370.0,246.4
2019-10-05T08:44:08,32.7,216.2,231.3,3.1,1380.0,247.3
2019-10-05T08:44:39,32.7,215.6,225.4,3.2,1400.0,247.3
2019-10-05T08:45:10,32.9,218.5,224.2,3.2,1410.0,247.3
2019-10-05T08:45:41,32.9,213.2,229.5,3.3,1420.0,247.3
2019-10-05T08:46:13,33.0,213.2,237.2,3.3,1430.0,246.4
2019-10-05T08:46:44,32.7,212.6,230.7,3.3,1450.0,247.3
2019-10-05T08:47:15,32.6,212.6,221.2,3.4,1460.0,246.4
2019-10-05T08:47:46,32.7,213.2,228.3,3.3,1470.0,247.3
2019-10-05T08:48:17,32.7,215.6,234.2,3.3,1480.0,246.4
2019-10-05T08:48:48,32.7,219.1,228.9,3.1,1500.0,248.3
2019-10-05T08:49:19,32.7,217.3,233.0,3.3,1510.0,246.4
2019-10-05T08:49:50,32.6,216.2,232.4,3.5,1520.0,247.3
2019-10-05T08:50:21,32.6,212.6,232.4,3.4,1530.0,245.4
2019-10-05T08:50:53,32.7,215.6,223.6,3.4,1550.0,245.4
2019-10-05T08:51:24,32.9,217.9,227.1,3.5,1560.0,246.4
2019-10-05T08:51:55,32.9,215.6,232.4,3.4,1570.0,245.4
2019-10-05T08:52:26,32.9,212.6,224.8,3.5,1590.0,245.4
2019-10-05T08:52:57,32.9,216.2,231.3,3.5,1600.0,246.4
2019-10-05T08:53:28,33.0,214.4,230.7,3.5,1610.0,246.4
2019-10-05T08:53:59,33.0,210.8,223.0,3.6,1630.0,246.4
2019-10-05T08:54:30,33.1,213.8,223.0,3.5,1640.0,245.4
2019-10-05T08:55:01,33.1,214.4,234.8,3.6,1650.0,245.4
2019-10-05T08:55:33,33.0,217.3,223.0,3.5,1670.0,245.4
2019-10-05T08:56:05,33.1,216.2,227.1,3.5,1680.0,245.4
2019-10-05T08:56:36,33.2,210.8,221.8,3.6,1690.0,245.4
2019-10-05T08:57:07,33.2,215.6,227.1,3.6,1710.0,246.4
2019-10-05T08:57:38,33.3,216.7,230.1,3.5,1720.0,248.3
2019-10-05T08:58:09,33.3,213.2,230.1,3.8,1730.0,247.3
2019-10-05T08:58:40,33.4,210.8,227.1,3.7,1750.0,247.3
2019-10-05T08:59:11,33.4,210.8,224.2,3.7,1760.0,246.4
2019-10-05T08:59:42,33.5,212.0,234.2,3.8,1780.0,249.3
2019-10-05T09:00:13,33.7,213.8,227.7,3.7,1790.0,246.4
2019-10-05T09:00:44,33.7,212.0,223.0,3.8,1800.0,246.4
2019-10-05T09:01:16,33.7,210.8,221.8,3.8,1820.0,248.3
2019-10-05T09:01:47,33.5,212.6,235.4,3.9,1830.0,247.3
2019-10-05T09:02:18,33.4,212.0,230.1,3.8,1850.0,246.4
2019-10-05T09:02:49,33.4,211.4,228.3,3.8,1860.0,246.4
2019-10-05T09:03:20,33.4,213.2,231.3,3.9,1880.0,246.4
2019-10-05T09:03:51,33.5,213.8,220.6,3.9,1890.0,246.4
2019-10-05T09:04:22,33.7,210.2,222.4,3.8,1900.0,246.4
2019-10-05T09:04:53,33.8,215.0,230.1,3.8,1920.0,247.3
2019-10-05T09:05:24,33.8,213.2,231.3,3.8,1930.0,248.3
2019-10-05T09:05:56,33.9,210.2,221.2,4.0,1950.0,248.3
2019-10-05T09:06:27,33.9,210.2,229.5,4.0,1960.0,249.3
2019-10-05T09:06:58,34.0,213.2,232.4,4.0,1980.0,248.3
2019-10-05T09:07:29,34.0,213.8,224.2,4.0,1990.0,249.3
2019-10-05T09:08:00,34.0,208.5,231.3,4.0,2010.0,247.3
2019-10-05T09:08:31,34.1,213.2,220.0,3.9,2020.0,247.3
2019-10-05T09:09:02,34.1,210.2,221.2,4.1,2040.0,247.3
2019-10-05T09:09:33,34.0,210.8,231.9,4.0,2050.0,248.3
2019-10-05T09:10:04,34.0,215.0,225.4,3.9,2070.0,248.3
2019-10-05T09:10:36,34.1,207.3,220.0,4.1,2080.0,248.3
2019-10-05T09:11:07,34.2,209.1,217.7,4.2,2100.0,248.3
2019-10-05T09:11:38,34.2,210.8,225.9,4.1,2110.0,247.3
2019-10-05T09:12:09,34.4,207.3,228.3,4.1,2130.0,249.3
2019-10-05T09:12:40,34.5,213.2,218.3,4.1,2140.0,247.3
2019-10-05T09:13:11,34.4,209.7,221.2,4.2,2160.0,247.3
2019-10-05T09:13:42,34.2,207.9,231.3,4.2,2170.0,246.4
2019-10-05T09:14:13,34.4,207.9,224.8,4.3,2190.0,247.3
2019-10-05T09:14:44,34.4,210.8,217.7,4.2,2200.0,246.4
2019-10-05T09:15:15,34.5,213.2,225.9,4.1,2220.0,246.4
2019-10-05T09:15:47,34.5,210.2,226.5,4.2,2230.0,246.4
2019-10-05T09:16:19,34.5,207.9,222.4,4.4,2250.0,246.4
2019-10-05T09:16:50,34.5,209.7,230.1,4.2,2270.0,248.3
2019-10-05T09:17:21,34.5,207.3,224.8,4.3,2280.0,248.3
2019-10-05T09:17:52,34.6,206.1,215.3,4.4,2300.0,247.3
2019-10-05T09:18:23,34.6,209.7,223.6,4.3,2310.0,248.3
2019-10-05T09:18:54,34.6,210.8,218.3,4.4,2330.0,248.3
2019-10-05T09:19:25,34.5,210.8,224.2,4.3,2340.0,248.3
2019-10-05T09:19:56,34.4,206.1,225.4,4.4,2360.0,247.3
2019-10-05T09:20:27,34.4,204.9,214.1,4.5,2380.0,247.3
2019-10-05T09:20:58,34.4,205.5,218.3,4.4,2390.0,246.4
2019-10-05T09:21:30,34.4,207.9,228.3,4.5,2410.0,247.3
2019-10-05T09:22:01,34.4,206.1,224.2,4.6,2430.0,247.3
2019-10-05T09:22:32,34.5,210.8,218.3,4.6,2440.0,246.4
2019-10-05T09:23:03,34.6,212.0,224.2,4.5,2460.0,247.3
2019-10-05T09:23:34,34.7,207.9,227.1,4.6,2480.0,247.3
2019-10-05T09:24:05,34.8,210.8,225.4,4.5,2490.0,248.3
2019-10-05T09:24:36,34.9,204.9,223.0,4.6,2510.0,247.3
2019-10-05T09:25:07,34.7,204.9,220.0,4.7,2530.0,247.3
2019-10-05T09:25:38,34.6,212.6,220.6,4.5,2550.0,246.4
2019-10-05T09:26:10,34.6,209.7,221.8,4.7,2560.0,247.3
2019-10-05T09:26:41,34.5,207.9,218.8,4.7,2580.0,248.3
2019-10-05T09:27:12,34.6,211.4,223.6,4.8,2600.0,248.3
2019-10-05T09:27:43,34.5,206.7,219.4,4.8,2620.0,248.3
2019-10-05T09:28:14,34.5,207.3,221.8,4.9,2630.0,247.3
2019-10-05T09:28:45,34.4,206.7,218.3,5.0,2650.0,248.3
2019-10-05T09:29:16,34.5,206.7,221.8,4.9,2670.0,247.3
2019-10-05T09:29:47,34.6,211.4,227.7,5.0,2690.0,247.3
2019-10-05T09:30:18,34.7,209.1,228.9,5.1,2710.0,247.3
2019-10-05T09:30:50,34.8,207.3,222.4,5.1,2730.0,248.3
2019-10-05T09:31:21,34.9,212.0,218.3,5.1,2750.0,245.4
2019-10-05T09:31:52,35.0,207.9,218.3,5.3,2770.0,247.3
2019-10-05T09:32:23,35.2,210.2,218.3,5.3,2790.0,247.3
2019-10-05T09:32:54,35.2,201.4,211.2,5.1,2810.0,246.4
2019-10-05T09:33:25,35.3,210.8,223.0,4.7,2820.0,249.3
2019-10-05T09:33:56,35.4,208.5,223.0,4.6,2840.0,248.3
2019-10-05T09:34:27,35.5,209.1,222.4,3.6,2860.0,246.4
2019-10-05T09:34:58,35.5,200.2,215.9,4.4,2870.0,247.3
2019-10-05T09:35:29,35.5,200.2,202.3,4.0,2890.0,248.3
2019-10-05T09:36:01,35.3,210.8,211.2,3.8,2900.0,247.3
2019-10-05T09:36:32,35.2,198.4,226.5,3.2,2910.0,247.3
2019-10-05T09:37:03,34.9,209.1,214.7,3.3,2930.0,246.4
2019-10-05T09:37:34,34.8,187.2,232.4,5.0,2940.0,248.3
2019-10-05T09:38:05,34.8,187.2,216.5,5.8,2960.0,248.3
2019-10-05T09:38:36,34.8,212.0,228.9,5.2,2980.0,249.3
2019-10-05T09:39:07,34.7,210.8,232.4,5.2,3000.0,250.2
2019-10-05T09:39:38,34.7,212.6,214.7,4.8,3020.0,250.2
2019-10-05T09:40:09,34.6,213.8,208.8,3.9,3030.0,247.3
2019-10-05T09:40:41,34.6,209.7,215.9,3.3,3050.0,247.3
2019-10-05T09:41:12,34.6,204.3,205.8,2.3,3060.0,246.4
2019-10-05T09:41:43,34.6,210.8,218.3,2.6,3070.0,244.4
2019-10-05T09:42:14,34.6,209.1,225.9,2.0,3080.0,246.4
2019-10-05T09:42:45,34.5,196.7,210.6,1.5,3080.0,245.4
2019-10-05T09:43:16,34.5,161.2,202.3,3.1,3090.0,247.3
2019-10-05T09:43:47,34.5,178.9,214.1,2.8,3100.0,246.4
2019-10-05T09:44:18,34.4,190.8,225.4,4.2,3110.0,249.3
2019-10-05T09:44:49,34.2,213.8,220.0,5.4,3130.0,251.2
2019-10-05T09:45:20,34.4,213.8,219.4,5.4,3150.0,252.2
2019-10-05T09:45:52,34.4,207.9,223.0,5.5,3170.0,251.2
2019-10-05T09:46:24,34.5,212.6,221.8,5.3,3190.0,250.2
2019-10-05T09:46:55,34.6,206.1,223.0,5.5,3210.0,250.2
2019-10-05T09:47:26,34.7,206.1,221.8,5.3,3230.0,250.2
2019-10-05T09:47:57,34.7,206.1,223.0,5.5,3250.0,250.2
2019-10-05T09:48:28,34.6,208.5,225.9,5.3,3270.0,251.2
2019-10-05T09:48:59,34.6,210.2,219.4,5.2,3280.0,250.2
2019-10-05T09:49:30,34.5,210.2,214.7,5.2,3300.0,251.2
2019-10-05T09:50:01,34.6,208.5,218.3,5.3,3320.0,249.3
2019-10-05T09:50:32,34.7,207.3,222.4,5.4,3340.0,251.2
2019-10-05T09:51:04,34.7,208.5,219.4,5.4,3360.0,251.2
2019-10-05T09:51:35,34.8,205.5,226.5,5.4,3380.0,251.2
2019-10-05T09:52:06,34.8,206.7,224.8,5.4,3400.0,249.3
2019-10-05T09:52:37,34.9,208.5,220.6,5.4,3420.0,250.2
2019-10-05T09:53:08,34.8,203.2,218.8,5.4,3440.0,250.2
2019-10-05T09:53:39,34.8,207.3,212.3,5.4,3460.0,250.2
2019-10-05T09:54:10,34.8,206.7,217.1,5.5,3480.0,249.3
2019-10-05T09:54:41,34.9,207.9,223.0,5.4,3500.0,250.2
2019-10-05T09:55:12,34.9,207.9,220.0,5.4,3520.0,250.2
2019-10-05T09:55:43,34.9,203.2,224.2,5.5,3540.0,249.3
2019-10-05T09:56:15,34.9,204.9,223.0,5.6,3560.0,251.2
2019-10-05T09:56:46,35.0,205.5,220.6,5.5,3580.0,247.3
2019-10-05T09:57:17,35.3,203.2,218.3,5.6,3600.0,247.3
2019-10-05T09:57:48,35.5,203.2,218.3,5.6,3620.0,247.3
2019-10-05T09:58:19,35.5,207.3,215.3,5.5,3640.0,249.3
2019-10-05T09:58:50,35.6,203.7,211.2,5.6,3660.0,248.3
2019-10-05T09:59:21,35.6,203.7,212.9,5.6,3680.0,249.3
2019-10-05T09:59:52,35.5,206.1,215.3,5.6,3700.0,247.3
2019-10-05T10:00:23,35.5,207.3,217.1,5.5,3720.0,246.4
2019-10-05T10:00:55,35.6,203.7,215.3,5.8,3740.0,248.3
2019-10-05T10:01:26,35.6,201.4,215.9,5.8,3760.0,247.3
2019-10-05T10:01:57,35.6,204.3,215.3,5.7,3780.0,246.4
2019-10-05T10:02:28,35.7,205.5,218.3,5.7,3800.0,246.4
2019-10-05T10:02:59,35.9,199.0,221.8,5.7,3820.0,249.3
2019-10-05T10:03:30,36.0,206.1,224.2,5.6,3840.0,248.3
2019-10-05T10:04:01,36.1,203.7,212.3,5.6,3860.0,247.3
2019-10-05T10:04:32,36.1,200.2,219.4,5.8,3880.0,247.3
2019-10-05T10:05:03,36.1,202.0,218.3,5.7,3900.0,245.4
2019-10-05T10:05:35,36.0,200.8,211.7,5.7,3920.0,245.4
2019-10-05T10:06:06,36.0,202.6,214.1,5.8,3940.0,245.4
2019-10-05T10:06:37,36.0,199.0,211.2,5.8,3960.0,244.4
2019-10-05T10:07:08,36.0,202.6,214.7,5.7,3980.0,244.4
2019-10-05T10:07:39,35.7,203.2,218.3,5.8,4000.0,246.4
2019-10-05T10:08:11,35.7,199.0,221.2,5.8,4020.0,246.4
2019-10-05T10:08:42,35.7,200.8,218.3,5.8,4040.0,245.4
2019-10-05T10:09:13,35.9,203.2,217.1,5.8,4060.0,245.4
2019-10-05T10:09:44,36.1,200.2,218.3,5.8,4080.0,245.4
2019-10-05T10:10:15,36.2,200.2,218.8,5.8,4100.0,246.4
2019-10-05T10:10:46,36.2,202.6,222.4,5.8,4120.0,246.4
2019-10-05T10:11:18,36.2,201.4,216.5,5.9,4140.0,245.4
2019-10-05T10:11:49,36.2,203.2,220.0,5.7,4160.0,248.3
2019-10-05T10:12:20,36.1,199.0,218.3,5.9,4180.0,249.3
2019-10-05T10:12:51,36.0,203.2,220.0,5.8,4200.0,249.3
2019-10-05T10:13:22,36.1,201.4,222.4,5.8,4220.0,248.3
2019-10-05T10:13:53,36.1,200.2,219.4,6.0,4240.0,247.3
2019-10-05T10:14:24,36.0,203.2,220.0,5.7,4260.0,248.3
2019-10-05T10:14:55,35.9,204.3,214.1,5.7,4280.0,248.3
2019-10-05T10:15:26,35.9,204.9,215.3,5.7,4300.0,246.4
2019-10-05T10:15:57,36.1,203.2,215.3,5.8,4320.0,248.3
2019-10-05T10:16:29,36.2,199.6,210.0,6.0,4340.0,247.3
2019-10-05T10:17:00,36.1,201.4,214.7,6.0,4360.0,248.3
2019-10-05T10:17:31,36.0,200.2,217.1,6.0,4390.0,249.3
2019-10-05T10:18:02,36.2,198.4,213.5,6.0,4410.0,246.4
2019-10-05T10:18:33,36.3,200.8,212.9,5.9,4430.0,248.3
2019-10-05T10:19:04,36.5,200.8,210.6,5.9,4450.0,249.3
2019-10-05T10:19:35,36.7,196.7,208.2,6.1,4470.0,248.3
2019-10-05T10:20:06,36.9,201.4,208.8,5.9,4490.0,248.3
2019-10-05T10:20:38,36.9,196.7,215.3,6.0,4510.0,249.3
2019-10-05T10:21:09,36.8,196.1,219.4,6.0,4530.0,247.3
2019-10-05T10:21:40,36.9,199.0,215.3,6.1,4550.0,247.3
2019-10-05T10:22:11,37.0,202.0,215.3,5.9,4570.0,248.3
2019-10-05T10:22:42,36.9,203.2,215.9,5.9,4590.0,248.3
2019-10-05T10:23:13,36.9,196.7,215.3,6.1,4610.0,248.3
2019-10-05T10:23:44,37.0,200.2,211.7,6.0,4630.0,250.2
2019-10-05T10:24:15,37.0,197.8,209.4,6.1,4650.0,248.3
2019-10-05T10:24:46,36.9,197.3,207.6,6.1,4670.0,248.3
2019-10-05T10:25:17,37.0,200.8,214.7,6.2,4690.0,248.3
2019-10-05T10:25:49,36.9,202.0,205.8,5.9,4720.0,249.3
2019-10-05T10:26:20,36.9,197.8,210.0,6.2,4740.0,249.3
2019-10-05T10:26:51,36.9,202.0,215.9,6.0,4760.0,248.3
2019-10-05T10:27:22,37.0,201.4,218.8,6.1,4780.0,248.3
2019-10-05T10:27:53,36.9,197.8,215.3,6.2,4800.0,249.3
2019-10-05T10:28:24,36.9,200.8,212.9,6.1,4820.0,250.2
2019-10-05T10:28:55,36.9,201.4,215.9,6.1,4840.0,249.3
2019-10-05T10:29:26,36.8,204.3,218.8,5.9,4860.0,249.3
2019-10-05T10:29:57,36.8,201.4,207.6,6.1,4880.0,248.3
2019-10-05T10:30:28,37.0,200.2,210.0,6.2,4910.0,249.3
2019-10-05T10:31:00,37.0,199.0,215.9,6.3,4930.0,248.3
2019-10-05T10:31:31,36.9,200.8,211.7,6.2,4950.0,249.3
2019-10-05T10:32:02,36.8,197.3,211.2,6.3,4970.0,249.3
2019-10-05T10:32:33,36.9,202.6,211.2,6.1,4990.0,248.3
2019-10-05T10:33:04,37.0,196.1,208.8,6.4,5010.0,249.3
2019-10-05T10:33:35,37.2,200.8,212.9,6.1,5030.0,250.2
2019-10-05T10:34:06,37.4,196.7,207.0,6.4,5050.0,248.3
2019-10-05T10:34:37,37.5,196.1,208.8,6.4,5080.0,248.3
2019-10-05T10:35:08,37.5,196.7,211.7,6.4,5100.0,249.3
2019-10-05T10:35:40,37.6,196.7,217.1,6.3,5120.0,248.3
2019-10-05T10:36:11,37.6,193.7,214.1,6.3,5140.0,248.3
2019-10-05T10:36:42,37.8,198.4,204.6,6.3,5160.0,249.3
2019-10-05T10:37:13,37.9,197.3,213.5,6.3,5180.0,247.3
2019-10-05T10:37:44,37.9,197.8,212.3,6.3,5200.0,247.3
2019-10-05T10:38:15,37.8,195.5,215.9,6.3,5230.0,248.3
2019-10-05T10:38:46,37.8,195.5,214.1,6.3,5250.0,247.3
2019-10-05T10:39:17,37.8,194.3,211.7,6.5,5270.0,248.3
2019-10-05T10:39:48,37.7,193.1,208.2,6.4,5290.0,248.3
2019-10-05T10:40:19,37.7,195.5,211.2,6.4,5310.0,248.3
2019-10-05T10:40:51,37.8,194.3,207.6,6.5,5330.0,248.3
2019-10-05T10:41:23,37.8,194.3,215.9,6.4,5350.0,248.3
2019-10-05T10:41:54,37.8,196.1,210.6,6.5,5380.0,247.3
2019-10-05T10:42:25,37.8,197.3,204.6,6.4,5400.0,248.3
2019-10-05T10:42:56,37.9,194.3,205.2,6.4,5420.0,249.3
2019-10-05T10:43:27,37.8,196.1,210.6,6.4,5440.0,248.3
2019-10-05T10:43:58,37.8,193.7,210.6,6.6,5460.0,248.3
2019-10-05T10:44:29,37.8,197.3,211.7,6.3,5480.0,247.3
2019-10-05T10:45:00,37.8,195.5,214.1,6.4,5510.0,247.3
2019-10-05T10:45:31,38.0,192.5,211.7,6.6,5530.0,247.3
2019-10-05T10:46:03,38.2,192.5,210.6,6.6,5550.0,248.3
2019-10-05T10:46:34,38.0,196.7,215.3,6.4,5570.0,248.3
2019-10-05T10:47:05,38.0,193.7,211.7,6.5,5590.0,248.3
2019-10-05T10:47:36,37.9,198.4,206.4,6.3,5620.0,248.3
2019-10-05T10:48:07,38.0,197.3,210.0,6.5,5640.0,248.3
2019-10-05T10:48:38,38.3,197.3,212.9,6.4,5660.0,248.3
2019-10-05T10:49:09,38.4,194.9,215.3,6.6,5680.0,248.3
2019-10-05T10:49:40,38.4,196.1,211.7,6.6,5700.0,249.3
2019-10-05T10:50:11,38.5,194.3,209.4,6.6,5720.0,246.4
2019-10-05T10:50:42,38.6,194.9,212.3,6.6,5750.0,250.2
2019-10-05T10:51:14,38.7,197.3,209.4,6.5,5770.0,250.2
2019-10-05T10:51:45,39.0,196.1,212.9,6.6,5790.0,249.3
2019-10-05T10:52:16,39.1,194.9,206.4,6.7,5810.0,250.2
2019-10-05T10:52:47,39.2,196.1,207.0,6.6,5830.0,249.3
2019-10-05T10:53:18,39.3,193.1,207.6,6.7,5860.0,247.3
2019-10-05T10:53:49,39.3,194.9,204.6,6.6,5880.0,248.3
2019-10-05T10:54:20,39.3,196.7,207.0,6.5,5900.0,249.3
2019-10-05T10:54:51,39.3,193.1,203.5,6.7,5920.0,249.3
2019-10-05T10:55:22,39.2,193.1,207.6,6.7,5950.0,249.3
2019-10-05T10:55:54,39.1,197.8,211.2,6.5,5970.0,249.3
2019-10-05T10:56:25,39.2,192.5,211.2,6.7,5990.0,248.3
2019-10-05T10:56:56,39.3,190.8,214.1,6.7,6010.0,248.3
2019-10-05T10:57:27,39.2,191.3,215.3,6.7,6040.0,248.3
2019-10-05T10:57:58,39.3,195.5,211.2,6.6,6060.0,248.3
2019-10-05T10:58:29,39.3,193.7,210.6,6.8,6080.0,248.3
2019-10-05T10:59:00,39.3,190.8,205.2,6.8,6100.0,247.3
2019-10-05T10:59:31,39.3,194.9,206.4,6.7,6120.0,247.3
2019-10-05T11:00:02,39.2,191.3,212.9,6.9,6150.0,247.3
2019-10-05T11:00:34,39.4,195.5,210.0,6.8,6170.0,249.3
2019-10-05T11:01:06,39.4,192.5,206.4,6.8,6190.0,247.3
2019-10-05T11:01:37,39.4,191.3,206.4,6.8,6210.0,248.3
2019-10-05T11:02:08,39.7,191.9,210.0,6.8,6240.0,247.3
2019-10-05T11:02:39,39.7,190.2,210.0,6.8,6260.0,249.3
2019-10-05T11:03:10,39.8,193.1,209.4,6.7,6280.0,248.3
2019-10-05T11:03:41,39.7,195.5,208.8,6.6,6300.0,248.3
2019-10-05T11:04:12,39.4,195.5,201.7,6.6,6330.0,248.3
2019-10-05T11:04:43,39.3,193.1,204.1,6.9,6350.0,249.3
2019-10-05T11:05:14,39.2,191.3,204.6,6.9,6370.0,247.3
2019-10-05T11:05:45,39.2,191.3,204.1,7.0,6390.0,247.3
2019-10-05T11:06:17,39.2,191.3,202.9,7.0,6420.0,246.4
2019-10-05T11:06:48,39.2,194.9,202.3,6.7,6440.0,245.4
2019-10-05T11:07:19,39.1,190.2,205.2,7.0,6460.0,244.4
2019-10-05T11:07:50,39.3,187.8,206.4,7.1,6490.0,246.4
2019-10-05T11:08:21,39.5,194.9,206.4,6.7,6510.0,246.4
2019-10-05T11:08:52,39.5,190.2,209.4,7.0,6530.0,247.3
2019-10-05T11:09:23,39.8,194.3,208.8,6.6,6550.0,248.3
2019-10-05T11:09:54,39.9,197.3,205.2,6.5,6580.0,247.3
2019-10-05T11:10:25,40.1,201.4,205.2,6.2,6600.0,248.3
2019-10-05T11:10:56,40.1,201.4,199.3,5.0,6620.0,248.3
2019-10-05T11:11:28,40.4,180.7,202.9,7.1,6640.0,249.3
2019-10-05T11:11:59,40.5,181.3,209.4,6.9,6660.0,248.3
2019-10-05T11:12:30,40.5,180.7,202.9,7.0,6680.0,248.3
2019-10-05T11:13:01,40.2,180.1,205.8,7.1,6710.0,249.3
2019-10-05T11:13:32,40.0,181.9,201.7,6.9,6730.0,248.3
2019-10-05T11:14:03,40.1,180.1,212.9,7.0,6750.0,247.3
2019-10-05T11:14:34,40.4,179.5,211.2,7.0,6770.0,248.3
2019-10-05T11:15:05,40.4,181.9,210.6,7.0,6800.0,246.4
2019-10-05T11:15:37,40.2,183.1,207.6,6.8,6820.0,247.3
2019-10-05T11:16:08,40.2,182.5,199.9,6.9,6840.0,245.4
2019-10-05T11:16:39,40.5,181.3,210.0,7.0,6860.0,247.3
2019-10-05T11:17:10,40.6,186.6,210.0,6.5,6880.0,248.3
2019-10-05T11:17:41,40.7,188.4,208.8,6.4,6910.0,247.3
2019-10-05T11:18:12,40.8,190.8,209.4,6.0,6930.0,244.4
2019-10-05T11:18:43,40.9,175.4,203.5,6.8,6950.0,246.4
2019-10-05T11:19:14,41.0,170.1,203.5,7.2,6970.0,247.3
2019-10-05T11:19:45,41.2,165.9,199.3,7.4,6990.0,246.4
2019-10-05T11:20:16,41.3,164.2,199.3,7.5,7020.0,247.3
2019-10-05T11:20:48,41.4,164.2,197.5,7.5,7040.0,246.4
2019-10-05T11:21:20,41.4,165.4,201.1,7.5,7060.0,244.4
2019-10-05T11:21:51,41.5,161.8,214.1,7.2,7080.0,245.4
2019-10-05T11:22:22,41.4,165.9,208.2,7.5,7100.0,247.3
2019-10-05T11:22:53,41.3,169.5,208.2,7.3,7130.0,247.3
2019-10-05T11:23:24,41.0,167.7,202.9,7.4,7150.0,247.3
2019-10-05T11:23:55,41.0,164.2,202.3,7.5,7170.0,244.4
2019-10-05T11:24:26,41.0,165.9,204.6,7.5,7190.0,245.4
2019-10-05T11:24:57,41.0,152.9,208.2,7.7,7210.0,246.4
2019-10-05T11:25:28,41.0,154.7,209.4,7.7,7230.0,247.3
2019-10-05T11:25:59,41.0,157.7,207.6,7.6,7260.0,246.4
2019-10-05T11:26:31,41.0,157.7,205.8,7.6,7280.0,248.3
2019-10-05T11:27:02,41.2,157.7,199.9,7.5,7300.0,248.3
2019-10-05T11:27:33,41.0,151.8,198.7,7.8,7320.0,247.3
2019-10-05T11:28:04,41.0,155.9,208.2,7.6,7340.0,246.4
2019-10-05T11:28:35,41.0,156.5,207.6,7.6,7370.0,246.4
2019-10-05T11:29:06,40.9,154.1,206.4,7.7,7390.0,245.4
2019-10-05T11:29:37,40.8,156.5,201.7,7.7,7410.0,245.4
2019-10-05T11:30:08,40.9,157.1,204.1,7.7,7430.0,246.4
2019-10-05T11:30:39,41.2,158.3,202.9,7.6,7450.0,246.4
2019-10-05T11:31:11,41.4,156.5,199.9,7.6,7480.0,245.4
2019-10-05T11:31:42,41.4,152.4,202.3,7.9,7500.0,245.4
2019-10-05T11:32:13,41.5,160.0,199.9,7.6,7520.0,246.4
2019-10-05T11:32:44,41.6,160.0,202.9,7.5,7540.0,244.4
2019-10-05T11:33:15,41.6,155.9,202.9,7.8,7560.0,244.4
2019-10-05T11:33:46,41.7,158.3,198.1,7.6,7590.0,246.4
2019-10-05T11:34:17,41.9,157.1,198.7,7.7,7610.0,242.5
2019-10-05T11:34:48,41.9,152.4,199.9,7.9,7630.0,245.4
2019-10-05T11:35:19,42.0,159.4,202.3,7.6,7650.0,248.3
2019-10-05T11:35:51,41.9,158.3,210.0,7.6,7670.0,243.5
2019-10-05T11:36:22,41.7,154.1,209.4,7.8,7700.0,244.4
2019-10-05T11:36:53,41.9,157.1,205.8,7.6,7720.0,246.4
2019-10-05T11:37:24,42.0,151.8,202.3,7.8,7740.0,247.3
2019-10-05T11:37:55,42.0,160.0,199.9,7.5,7760.0,245.4
2019-10-05T11:38:26,42.0,153.5,205.8,7.8,7780.0,245.4
2019-10-05T11:38:57,42.1,156.5,205.8,7.7,7810.0,245.4
2019-10-05T11:39:28,42.2,154.7,198.1,7.8,7830.0,245.4
2019-10-05T11:39:59,42.3,154.1,197.0,7.8,7850.0,245.4
2019-10-05T11:40:30,42.4,155.9,201.7,7.7,7870.0,246.4
2019-10-05T11:41:02,42.3,161.2,198.7,7.4,7890.0,246.4
2019-10-05T11:41:33,41.9,163.0,199.9,7.4,7920.0,246.4
2019-10-05T11:42:04,41.6,156.5,201.7,7.7,7940.0,247.3
2019-10-05T11:42:35,41.5,158.3,198.1,7.5,7960.0,246.4
2019-10-05T11:43:06,41.4,157.1,201.1,7.2,7980.0,247.3
2019-10-05T11:43:37,41.4,148.8,199.3,7.6,8000.0,246.4
2019-10-05T11:44:08,41.5,148.8,197.0,7.6,8030.0,246.4
2019-10-05T11:44:39,41.6,147.0,206.4,7.9,8050.0,247.3
2019-10-05T11:45:10,41.7,148.8,204.6,7.6,8070.0,247.3
2019-10-05T11:45:42,42.0,150.0,204.1,7.7,8090.0,246.4
2019-10-05T11:46:13,42.0,145.3,197.0,8.0,8110.0,246.4
2019-10-05T11:46:44,42.2,145.3,201.1,8.0,8140.0,247.3
2019-10-05T11:47:15,42.1,148.8,205.2,7.8,8160.0,248.3
2019-10-05T11:47:46,42.2,148.8,200.5,7.7,8180.0,246.4
2019-10-05T11:48:17,42.4,144.1,198.7,7.9,8200.0,247.3
2019-10-05T11:48:48,42.4,144.1,199.3,8.0,8220.0,248.3
2019-10-05T11:49:19,42.5,146.4,202.9,7.9,8240.0,249.3
2019-10-05T11:49:50,42.7,151.2,206.4,7.5,8270.0,247.3
2019-10-05T11:50:21,42.7,144.1,208.2,8.0,8290.0,248.3
2019-10-05T11:50:53,42.8,148.2,208.2,7.7,8310.0,247.3
2019-10-05T11:51:25,42.9,145.9,208.2,7.8,8330.0,246.4
2019-10-05T11:51:56,42.9,142.9,198.1,7.9,8350.0,246.4
2019-10-05T11:52:27,42.8,142.3,197.5,8.0,8380.0,246.4
2019-10-05T11:52:58,42.8,147.0,199.9,7.7,8400.0,245.4
2019-10-05T11:53:29,42.9,146.4,208.2,7.9,8420.0,246.4
2019-10-05T11:54:00,42.9,145.3,208.2,8.0,8440.0,246.4
2019-10-05T11:54:31,43.0,142.9,205.8,8.1,8460.0,247.3
2019-10-05T11:55:02,43.1,142.3,204.1,8.0,8480.0,246.4
2019-10-05T11:55:34,43.1,148.8,205.8,7.7,8510.0,248.3
2019-10-05T11:56:05,43.0,147.0,207.0,7.9,8530.0,248.3
2019-10-05T11:56:36,42.9,148.8,203.5,7.7,8550.0,248.3
2019-10-05T11:57:07,42.8,146.4,201.7,7.8,8570.0,248.3
2019-10-05T11:57:38,42.9,140.5,204.6,8.2,8590.0,249.3
2019-10-05T11:58:09,42.9,144.1,204.1,8.0,8620.0,249.3
2019-10-05T11:58:40,43.0,147.0,204.1,7.7,8640.0,248.3
2019-10-05T11:59:11,43.1,141.7,202.3,8.2,8660.0,248.3
2019-10-05T11:59:42,43.1,141.1,197.0,8.0,8680.0,247.3
2019-10-05T12:00:13,43.2,135.8,192.8,8.1,8700.0,247.3
2019-10-05T12:00:45,43.4,144.1,202.3,8.0,8720.0,249.3
2019-10-05T12:01:16,43.4,145.3,204.6,7.9,8750.0,249.3
2019-10-05T12:01:47,43.4,144.7,197.5,7.8,8770.0,249.3
2019-10-05T12:02:18,43.5,144.7,198.1,7.8,8790.0,249.3
2019-10-05T12:02:49,43.6,148.2,196.4,7.5,8810.0,249.3
2019-10-05T12:03:20,43.6,144.7,202.3,7.7,8830.0,249.3
2019-10-05T12:03:51,43.7,140.5,192.8,8.0,8850.0,248.3
2019-10-05T12:04:22,43.8,135.2,197.0,8.1,8870.0,247.3
2019-10-05T12:04:53,43.8,139.4,202.3,7.7,8890.0,248.3
2019-10-05T12:05:24,43.8,140.0,198.1,6.6,8920.0,248.3
2019-10-05T12:05:56,43.8,132.3,201.7,7.5,8940.0,248.3
2019-10-05T12:06:28,43.8,131.1,204.1,8.1,8960.0,249.3
2019-10-05T12:06:59,43.9,140.0,194.0,7.4,8980.0,248.3
2019-10-05T12:07:30,43.9,134.6,201.1,8.0,9000.0,249.3
2019-10-05T12:08:01,43.9,140.0,204.6,7.5,9020.0,247.3
2019-10-05T12:08:32,44.0,135.8,204.6,7.9,9040.0,247.3
2019-10-05T12:09:03,44.0,135.8,207.0,7.9,9060.0,248.3
2019-10-05T12:09:34,44.2,134.6,206.4,8.0,9080.0,248.3
2019-10-05T12:10:05,44.2,134.6,205.2,7.8,9100.0,250.2
2019-10-05T12:10:36,44.3,132.9,199.9,8.2,9130.0,249.3
2019-10-05T12:11:08,44.3,132.3,201.7,7.6,9150.0,249.3
2019-10-05T12:11:39,44.3,125.8,201.1,8.0,9170.0,248.3
2019-10-05T12:12:10,44.3,124.6,202.9,8.0,9190.0,248.3
2019-10-05T12:12:41,44.4,121.0,202.3,8.3,9210.0,249.3
2019-10-05T12:13:12,44.4,126.4,201.1,7.9,9230.0,248.3
2019-10-05T12:13:43,44.4,127.5,201.7,7.8,9250.0,250.2
2019-10-05T12:14:14,44.5,125.2,197.5,7.9,9270.0,248.3
2019-10-05T12:14:45,44.5,124.0,196.4,8.2,9290.0,248.3
2019-10-05T12:15:16,44.5,125.8,194.0,8.0,9310.0,247.3
2019-10-05T12:15:48,44.6,130.5,193.4,7.9,9330.0,249.3
2019-10-05T12:16:19,44.6,123.4,197.5,8.1,9350.0,248.3
2019-10-05T12:16:50,44.6,121.0,203.5,8.3,9370.0,249.3
2019-10-05T12:17:21,44.6,134.6,202.3,7.9,9390.0,248.3
2019-10-05T12:17:52,44.6,125.8,201.1,8.0,9420.0,248.3
2019-10-05T12:18:23,44.7,122.2,199.3,8.3,9440.0,247.3
2019-10-05T12:18:54,44.7,118.7,202.3,8.3,9460.0,247.3
2019-10-05T12:19:25,44.7,125.8,197.0,8.0,9480.0,248.3
2019-10-05T12:19:56,44.6,125.8,195.8,8.0,9500.0,248.3
2019-10-05T12:20:27,44.5,122.8,202.9,8.1,9520.0,249.3
2019-10-05T12:20:59,44.6,134.0,191.0,7.3,9540.0,248.3
2019-10-05T12:21:30,44.6,122.8,195.2,8.2,9560.0,248.3
2019-10-05T12:22:01,44.7,122.8,199.9,8.0,9580.0,248.3
2019-10-05T12:22:32,44.9,118.7,194.0,8.4,9600.0,247.3
2019-10-05T12:23:03,44.9,125.2,202.9,8.0,9620.0,247.3
2019-10-05T12:23:34,44.9,122.8,202.3,8.0,9640.0,247.3
2019-10-05T12:24:05,45.0,126.4,193.4,7.7,9660.0,247.3
2019-10-05T12:24:36,44.9,128.1,193.4,7.5,9680.0,247.3
2019-10-05T12:25:07,44.9,132.9,198.1,6.7,9700.0,248.3
2019-10-05T12:25:39,44.9,127.0,195.8,7.4,9720.0,247.3
2019-10-05T12:26:11,44.9,129.9,197.0,7.2,9740.0,247.3
2019-10-05T12:26:42,45.0,134.6,188.1,6.9,9760.0,246.4
2019-10-05T12:27:13,45.0,140.0,194.6,5.5,9780.0,247.3
2019-10-05T12:27:44,45.1,129.3,195.2,7.2,9800.0,248.3
2019-10-05T12:28:15,45.1,135.2,197.0,6.2,9820.0,246.4
2019-10-05T12:28:46,45.1,138.2,195.8,5.9,9840.0,247.3
2019-10-05T12:29:17,45.2,134.0,195.2,5.6,9860.0,247.3
2019-10-05T12:29:48,45.2,115.7,195.8,8.1,9880.0,246.4
2019-10-05T12:30:19,45.2,120.5,194.6,6.9,9900.0,245.4
2019-10-05T12:30:50,45.3,116.9,202.9,7.8,9920.0,249.3
2019-10-05T12:31:22,45.2,114.0,198.1,8.0,9940.0,247.3
2019-10-05T12:31:53,45.3,112.2,199.3,8.1,9960.0,246.4
2019-10-05T12:32:24,45.3,116.9,197.0,7.9,9970.0,246.4
2019-10-05T12:32:55,45.3,119.3,195.2,7.5,9990.0,245.4
2019-10-05T12:33:26,45.3,115.1,197.5,7.8,10010.0,246.4
2019-10-05T12:33:57,45.3,111.0,191.0,8.2,10030.0,248.3
2019-10-05T12:34:28,45.4,118.1,197.5,7.7,10050.0,248.3
2019-10-05T12:34:59,45.4,119.9,207.0,7.7,10070.0,247.3
2019-10-05T12:35:30,45.4,112.8,197.5,8.3,10090.0,247.3
2019-10-05T12:36:02,45.4,116.9,198.7,7.9,10110.0,248.3
2019-10-05T12:36:33,45.5,112.8,202.9,8.3,10130.0,247.3
2019-10-05T12:37:04,45.5,102.1,199.9,8.5,10150.0,247.3
2019-10-05T12:37:35,45.5,114.6,196.4,8.0,10170.0,248.3
2019-10-05T12:38:06,45.5,121.0,191.0,7.5,10190.0,248.3
2019-10-05T12:38:37,45.5,115.7,199.9,7.7,10210.0,248.3
2019-10-05T12:39:08,45.5,119.9,202.3,7.5,10230.0,248.3
2019-10-05T12:39:39,45.5,121.6,208.2,7.1,10250.0,247.3
2019-10-05T12:40:10,45.5,117.5,199.9,7.5,10270.0,248.3
2019-10-05T12:40:41,45.7,114.6,199.9,7.6,10290.0,247.3
2019-10-05T12:41:13,45.5,112.8,208.2,6.3,10310.0,246.4
2019-10-05T12:41:44,45.7,123.4,198.1,5.9,10320.0,246.4
2019-10-05T12:42:15,45.4,118.7,197.0,5.7,10340.0,247.3
2019-10-05T12:42:46,45.4,116.3,201.1,5.1,10360.0,245.4
2019-10-05T12:43:17,45.4,107.5,205.8,6.0,10370.0,244.4
2019-10-05T12:43:48,45.4,111.6,201.1,4.6,10390.0,243.5
2019-10-05T12:44:19,0.0,0.0,0.0,0.0,0.0,0.0
2019-10-05T12:44:50,45.3,114.6,210.6,3.7,10410.0,243.5
2019-10-05T12:45:21,45.3,122.8,208.2,3.8,10420.0,244.4
2019-10-05T12:45:53,45.3,111.6,209.4,4.9,10430.0,244.4
2019-10-05T12:46:24,45.3,105.1,204.1,3.9,10450.0,245.4
2019-10-05T12:46:56,45.3,106.3,201.1,4.8,10460.0,245.4
2019-10-05T12:47:27,45.2,105.1,201.7,5.9,10470.0,249.3
2019-10-05T12:47:58,45.2,102.7,199.9,6.4,10490.0,247.3
2019-10-05T12:48:29,45.2,102.7,192.8,6.4,10510.0,247.3
2019-10-05T12:49:00,45.2,115.1,196.4,6.1,10530.0,245.4
2019-10-05T12:49:31,45.2,111.0,204.6,5.2,10540.0,245.4
2019-10-05T12:50:02,45.2,124.0,216.5,4.3,10560.0,244.4
2019-10-05T12:50:33,45.2,108.6,192.2,6.1,10570.0,244.4
2019-10-05T12:51:05,45.2,106.9,198.7,3.9,10590.0,243.5
2019-10-05T12:51:36,45.2,103.9,197.0,3.9,10600.0,242.5
2019-10-05T12:52:07,45.1,111.0,195.2,3.6,10610.0,241.5
2019-10-05T12:52:38,45.2,102.7,172.1,4.9,10620.0,244.4
2019-10-05T12:53:09,45.1,102.7,192.2,4.8,10630.0,243.5
2019-10-05T12:53:40,45.0,103.3,205.2,6.3,10650.0,246.4
2019-10-05T12:54:11,45.0,104.5,206.4,6.7,10660.0,245.4
2019-10-05T12:54:42,45.0,102.1,204.1,5.4,10680.0,244.4
2019-10-05T12:55:13,45.0,102.1,202.3,6.2,10690.0,244.4
2019-10-05T12:55:44,44.7,102.1,202.3,5.7,10710.0,244.4
2019-10-05T12:56:16,44.9,103.9,205.8,5.1,10730.0,245.4
2019-10-05T12:56:47,44.7,105.1,207.0,6.4,10750.0,245.4
2019-10-05T12:57:18,44.7,102.7,208.8,6.9,10770.0,246.4
2019-10-05T12:57:49,44.7,102.7,208.8,5.0,10790.0,244.4
2019-10-05T12:58:20,44.6,101.6,208.8,6.4,10800.0,244.4
2019-10-05T12:58:51,44.7,104.5,207.6,6.4,10820.0,244.4
2019-10-05T12:59:22,44.7,105.7,214.1,5.3,10840.0,244.4
2019-10-05T12:59:53,44.7,108.6,211.2,4.4,10860.0,244.4
2019-10-05T13:00:24,44.7,102.1,205.2,5.1,10880.0,244.4
2019-10-05T13:00:56,44.7,106.3,205.2,6.1,10890.0,246.4
2019-10-05T13:01:27,44.7,102.1,204.1,6.6,10910.0,245.4
2019-10-05T13:01:58,44.7,106.3,205.2,4.2,10930.0,245.4
2019-10-05T13:02:29,44.7,102.7,207.0,4.1,10950.0,245.4
2019-10-05T13:03:00,44.7,102.7,206.4,3.5,10960.0,244.4
2019-10-05T13:03:31,44.7,109.2,195.8,5.1,10980.0,246.4
2019-10-05T13:04:02,44.6,112.8,207.6,3.6,11000.0,244.4
2019-10-05T13:04:33,44.7,102.7,204.1,4.7,11010.0,246.4
2019-10-05T13:05:04,44.6,104.5,217.7,4.9,11030.0,248.3
2019-10-05T13:05:36,44.6,102.1,204.6,3.6,11050.0,245.4
2019-10-05T13:06:08,44.6,102.7,181.0,2.8,11060.0,246.4
2019-10-05T13:06:39,44.6,109.8,185.1,2.7,11070.0,246.4
2019-10-05T13:07:10,44.6,107.5,192.8,3.9,11090.0,243.5
2019-10-05T13:07:41,44.5,123.4,175.7,2.9,11100.0,245.4
2019-10-05T13:08:12,44.5,125.2,199.3,2.1,11110.0,245.4
2019-10-05T13:08:43,44.4,124.0,206.4,2.2,11130.0,245.4
2019-10-05T13:09:14,44.4,131.1,215.3,2.1,11130.0,244.4
2019-10-05T13:09:45,44.4,140.0,205.2,1.6,11140.0,242.5
2019-10-05T13:10:16,44.3,125.8,208.2,2.1,11150.0,243.5
2019-10-05T13:10:47,44.3,122.8,218.3,2.2,11160.0,245.4
2019-10-05T13:11:19,44.3,118.7,211.7,2.4,11180.0,245.4
2019-10-05T13:11:50,44.2,126.4,224.2,2.7,11180.0,244.4
2019-10-05T13:12:21,44.2,117.5,202.9,2.1,11200.0,245.4
2019-10-05T13:12:52,44.0,116.3,215.3,2.2,11210.0,244.4
2019-10-05T13:13:23,44.0,112.8,212.9,2.2,11220.0,244.4
2019-10-05T13:13:54,44.0,118.7,202.3,2.2,11230.0,243.5
2019-10-05T13:14:25,43.9,129.3,210.0,2.4,11240.0,246.4
2019-10-05T13:14:56,43.9,135.2,230.1,2.2,11250.0,246.4
2019-10-05T13:15:27,43.8,135.8,208.2,2.3,11260.0,247.3
2019-10-05T13:15:58,43.8,121.6,208.8,2.4,11280.0,247.3
2019-10-05T13:16:30,43.8,121.0,207.6,2.5,11290.0,246.4
2019-10-05T13:17:01,43.8,120.5,205.2,2.1,11300.0,244.4
2019-10-05T13:17:32,43.8,135.2,199.3,1.9,11310.0,241.5
2019-10-05T13:18:03,43.7,141.7,230.1,1.9,11320.0,242.5
2019-10-05T13:18:34,43.7,161.8,204.6,1.9,11330.0,243.5
2019-10-05T13:19:05,43.7,168.3,209.4,1.8,11340.0,241.5
2019-10-05T13:19:36,43.7,177.8,210.6,1.6,11350.0,242.5
2019-10-05T13:20:07,43.6,173.0,207.6,1.6,11350.0,242.5
2019-10-05T13:20:39,43.5,163.6,218.8,2.0,11360.0,242.5
2019-10-05T13:21:10,43.5,170.1,218.8,2.0,11370.0,240.6
2019-10-05T13:21:41,43.5,175.4,214.1,1.9,11380.0,241.5
2019-10-05T13:22:12,43.4,170.7,217.1,1.8,11390.0,241.5
2019-10-05T13:22:43,43.4,156.5,226.5,2.1,11400.0,241.5
2019-10-05T13:23:14,43.2,152.9,233.6,2.4,11410.0,245.4
2019-10-05T13:23:45,43.2,170.7,209.4,2.3,11420.0,248.3
2019-10-05T13:24:16,43.2,166.5,229.5,2.4,11430.0,247.3
2019-10-05T13:24:47,43.2,164.8,224.2,2.5,11450.0,248.3
2019-10-05T13:25:18,43.2,168.9,211.2,2.4,11460.0,249.3
2019-10-05T13:25:50,43.2,165.9,212.3,2.4,11480.0,249.3
2019-10-05T13:26:22,43.2,173.0,203.5,2.7,11490.0,249.3
2019-10-05T13:26:53,43.2,171.3,212.3,2.1,11510.0,248.3
2019-10-05T13:27:24,43.2,186.0,196.4,2.0,11520.0,249.3
2019-10-05T13:27:55,43.2,180.1,212.9,2.1,11540.0,250.2
2019-10-05T13:28:26,43.2,199.0,211.2,1.7,11560.0,250.2
2019-10-05T13:28:57,43.2,194.9,206.4,1.7,11570.0,250.2
2019-10-05T13:29:28,43.2,193.7,207.0,1.5,11590.0,250.2
2019-10-05T13:29:59,43.1,209.1,210.6,1.5,11600.0,249.3
2019-10-05T13:30:30,43.2,214.4,215.3,1.5,11620.0,249.3
2019-10-05T13:31:01,43.2,212.0,212.9,1.5,11630.0,250.2
2019-10-05T13:31:32,43.2,220.9,199.9,1.2,11650.0,249.3
2019-10-05T13:32:03,43.2,231.5,205.2,1.0,11660.0,250.2
2019-10-05T13:32:34,43.1,231.5,207.0,1.4,11680.0,249.3
2019-10-05T13:33:05,43.1,230.9,214.1,1.2,11690.0,250.2
2019-10-05T13:33:36,43.1,223.2,207.0,1.2,11710.0,249.3
2019-10-05T13:34:07,43.1,207.9,214.1,1.3,11720.0,250.2
2019-10-05T13:34:38,43.1,206.7,212.3,1.4,11740.0,250.2
2019-10-05T13:35:09,43.1,205.5,205.8,1.5,11750.0,250.2
2019-10-05T13:35:41,43.1,207.9,204.6,1.2,11770.0,251.2
2019-10-05T13:36:12,43.1,215.0,205.8,1.1,11780.0,249.3
2019-10-05T13:36:43,43.1,224.4,211.7,1.4,11800.0,250.2
2019-10-05T13:37:14,43.0,224.4,212.9,1.1,11810.0,250.2
2019-10-05T13:37:45,43.1,224.4,215.9,1.1,11830.0,250.2
2019-10-05T13:38:16,43.0,210.8,212.9,1.3,11840.0,250.2
2019-10-05T13:38:47,43.0,211.4,215.3,1.5,11860.0,251.2
2019-10-05T13:39:18,43.0,219.1,217.1,1.3,11870.0,250.2
2019-10-05T13:39:49,43.0,222.1,211.2,1.3,11890.0,250.2
2019-10-05T13:40:20,42.9,222.7,210.0,1.1,11900.0,250.2
2019-10-05T13:40:52,42.9,219.1,205.2,1.2,11920.0,250.2
2019-10-05T13:41:24,43.0,206.1,211.7,1.1,11930.0,250.2
2019-10-05T13:41:55,42.9,193.1,215.3,1.1,11950.0,251.2
2019-10-05T13:42:26,42.9,198.4,211.7,1.2,11960.0,250.2
2019-10-05T13:42:57,42.9,205.5,213.5,1.1,11980.0,250.2
2019-10-05T13:43:28,42.9,188.4,202.9,1.2,11990.0,251.2
2019-10-05T13:43:59,42.9,186.6,218.3,1.1,12000.0,249.3
2019-10-05T13:44:30,42.9,185.4,217.7,1.1,12010.0,248.3
2019-10-05T13:45:01,42.9,181.3,215.9,1.1,12030.0,247.3
2019-10-05T13:45:32,42.9,175.4,207.6,1.0,12040.0,245.4
2019-10-05T13:46:04,42.9,186.6,210.0,1.0,12040.0,244.4
2019-10-05T13:46:35,42.8,191.9,232.4,0.9,12050.0,246.4
2019-10-05T13:47:06,42.8,180.1,204.1,1.3,12060.0,248.3
2019-10-05T13:47:37,42.8,191.9,206.4,1.6,12070.0,251.2
2019-10-05T13:48:08,42.7,191.3,211.2,1.7,12090.0,250.2
2019-10-05T13:48:39,42.7,208.5,211.7,1.3,12100.0,251.2
2019-10-05T13:49:10,42.7,203.7,207.6,1.2,12120.0,250.2
2019-10-05T13:49:41,42.7,201.4,217.7,1.4,12130.0,252.2
2019-10-05T13:50:12,42.7,196.7,213.5,1.3,12150.0,250.2
2019-10-05T13:50:44,42.7,193.7,213.5,1.5,12160.0,250.2
2019-10-05T13:51:15,42.7,199.0,208.8,1.4,12180.0,250.2
2019-10-05T13:51:46,42.7,203.2,211.7,1.3,12190.0,249.3
2019-10-05T13:52:17,42.5,193.1,215.9,1.4,12210.0,250.2
2019-10-05T13:52:48,42.5,199.0,214.7,1.4,12220.0,251.2
2019-10-05T13:53:19,42.5,197.3,215.3,1.5,12240.0,250.2
2019-10-05T13:53:50,42.7,203.2,202.9,1.2,12250.0,249.3
2019-10-05T13:54:21,42.7,202.0,210.6,1.5,12260.0,249.3
2019-10-05T13:54:52,42.7,199.6,202.3,1.4,12280.0,249.3
2019-10-05T13:55:23,42.7,194.3,208.2,1.5,12290.0,248.3
2019-10-05T13:55:55,42.7,193.7,215.3,1.4,12310.0,250.2
2019-10-05T13:56:27,42.5,192.5,212.3,1.4,12320.0,248.3
2019-10-05T13:56:58,42.5,188.4,211.2,1.5,12340.0,250.2
2019-10-05T13:57:29,42.5,184.8,208.8,1.5,12350.0,249.3
2019-10-05T13:58:00,42.7,195.5,205.2,1.4,12370.0,250.2
2019-10-05T13:58:31,42.7,210.2,206.4,1.2,12380.0,251.2
2019-10-05T13:59:02,42.7,210.8,210.0,1.3,12400.0,250.2
2019-10-05T13:59:33,42.7,211.4,212.9,1.3,12410.0,250.2
2019-10-05T14:00:04,42.7,205.5,214.1,1.2,12420.0,250.2
2019-10-05T14:00:35,42.7,205.5,212.3,1.2,12440.0,250.2
2019-10-05T14:01:07,42.5,205.5,208.8,1.3,12450.0,249.3
2019-10-05T14:01:38,42.5,215.6,209.4,1.2,12470.0,250.2
2019-10-05T14:02:09,42.5,220.9,205.8,1.2,12480.0,250.2
2019-10-05T14:02:40,42.5,220.9,202.3,1.3,12490.0,250.2
2019-10-05T14:03:11,42.5,222.7,222.4,1.3,12510.0,249.3
2019-10-05T14:03:42,42.5,213.8,221.2,1.1,12520.0,246.4
2019-10-05T14:04:13,42.7,194.9,197.5,1.0,12520.0,245.4
2019-10-05T14:04:44,42.5,180.7,220.6,1.4,12540.0,249.3
2019-10-05T14:05:15,42.5,198.4,208.2,1.4,12550.0,250.2
2019-10-05T14:05:46,42.5,209.7,216.5,1.3,12560.0,250.2
2019-10-05T14:06:18,42.5,184.8,216.5,1.4,12580.0,249.3
2019-10-05T14:06:49,42.5,187.8,225.4,1.0,12590.0,244.4
2019-10-05T14:07:20,42.5,199.6,223.0,0.9,12590.0,243.5
2019-10-05T14:07:51,42.5,203.7,222.4,0.9,12600.0,243.5
2019-10-05T14:08:22,42.5,206.7,212.9,0.8,12600.0,244.4
2019-10-05T14:08:53,42.4,205.5,212.9,0.7,12600.0,243.5
2019-10-05T14:09:24,42.4,203.7,212.3,0.8,12610.0,242.5
2019-10-05T14:09:55,42.3,197.8,221.2,0.7,12610.0,242.5
2019-10-05T14:10:26,42.3,205.5,207.6,0.7,12620.0,242.5
2019-10-05T14:10:58,42.3,188.4,211.2,1.0,12620.0,242.5
2019-10-05T14:11:29,42.2,172.4,237.2,1.0,12630.0,242.5
2019-10-05T14:12:00,42.1,175.4,222.4,0.9,12630.0,243.5
2019-10-05T14:12:31,42.0,180.7,204.1,1.0,12630.0,243.5
2019-10-05T14:13:02,42.0,197.8,229.5,1.0,12640.0,243.5
2019-10-05T14:13:33,42.0,176.0,212.9,1.1,12650.0,242.5
2019-10-05T14:14:04,41.9,153.5,227.7,1.4,12650.0,245.4
2019-10-05T14:14:35,41.9,147.6,207.6,1.5,12660.0,244.4
2019-10-05T14:15:06,41.9,163.0,217.1,1.4,12670.0,245.4
2019-10-05T14:15:38,41.7,178.9,225.9,1.3,12670.0,246.4
2019-10-05T14:16:10,41.7,199.0,225.9,1.3,12680.0,246.4
2019-10-05T14:16:41,41.7,199.6,234.8,1.1,12690.0,244.4
2019-10-05T14:17:12,41.6,194.9,237.2,1.2,12700.0,245.4
2019-10-05T14:17:43,41.6,201.4,221.2,1.2,12710.0,248.3
2019-10-05T14:18:14,41.6,181.3,227.7,1.6,12720.0,248.3
2019-10-05T14:18:45,41.6,194.3,234.8,1.4,12730.0,246.4
2019-10-05T14:19:16,41.6,187.2,215.9,1.5,12750.0,249.3
2019-10-05T14:19:47,41.6,194.9,218.3,1.1,12760.0,244.4
2019-10-05T14:20:18,41.6,189.0,229.5,1.1,12760.0,245.4
2019-10-05T14:20:49,41.6,178.9,211.2,1.4,12770.0,247.3
2019-10-05T14:21:21,41.6,201.4,212.9,1.5,12780.0,248.3
2019-10-05T14:21:52,41.6,204.9,217.1,1.4,12800.0,250.2
2019-10-05T14:22:23,41.6,206.1,217.1,1.5,12810.0,250.2
2019-10-05T14:22:54,41.6,203.7,217.1,1.5,12830.0,250.2
2019-10-05T14:23:25,41.6,198.4,220.6,1.6,12840.0,249.3
2019-10-05T14:23:56,41.6,200.8,208.2,1.6,12860.0,250.2
2019-10-05T14:24:27,41.6,206.1,211.2,1.4,12870.0,249.3
2019-10-05T14:24:58,41.6,203.7,214.1,1.4,12890.0,249.3
2019-10-05T14:25:29,41.7,196.7,205.8,1.8,12900.0,250.2
2019-10-05T14:26:00,41.7,195.5,217.7,1.5,12910.0,246.4
2019-10-05T14:26:31,41.6,189.6,207.6,1.8,12930.0,249.3
2019-10-05T14:27:02,41.7,173.6,212.9,1.9,12940.0,249.3
2019-10-05T14:27:33,41.7,177.8,207.0,1.7,12960.0,250.2
2019-10-05T14:28:04,41.7,193.7,214.1,1.7,12970.0,248.3
2019-10-05T14:28:35,41.7,204.3,215.3,1.6,12990.0,249.3
2019-10-05T14:29:06,41.7,203.7,211.2,1.5,13000.0,248.3
2019-10-05T14:29:37,41.7,197.3,216.5,1.5,13010.0,246.4
2019-10-05T14:30:08,41.9,204.9,209.4,1.6,13030.0,247.3
2019-10-05T14:30:40,41.9,213.8,223.0,1.2,13040.0,243.5
2019-10-05T14:31:12,41.9,211.4,227.7,1.2,13050.0,242.5
2019-10-05T14:31:43,41.9,196.1,221.8,1.7,13060.0,248.3
2019-10-05T14:32:14,41.9,189.6,214.7,1.8,13070.0,248.3
2019-10-05T14:32:45,41.9,199.0,215.9,1.9,13090.0,248.3
2019-10-05T14:33:16,41.9,201.4,212.3,1.8,13100.0,249.3
2019-10-05T14:33:47,41.9,209.1,202.9,2.0,13110.0,249.3
2019-10-05T14:34:18,41.9,197.8,211.2,2.0,13130.0,247.3
2019-10-05T14:34:49,41.9,204.3,214.7,1.9,13140.0,248.3
2019-10-05T14:35:20,41.9,203.2,210.0,1.8,13160.0,248.3
2019-10-05T14:35:51,42.0,189.6,211.2,2.0,13170.0,247.3
2019-10-05T14:36:23,42.0,184.3,208.2,2.1,13190.0,247.3
2019-10-05T14:36:54,42.0,197.3,211.7,2.0,13210.0,247.3
2019-10-05T14:37:25,42.0,198.4,204.1,1.8,13220.0,247.3
2019-10-05T14:37:56,42.0,190.2,208.8,1.8,13240.0,246.4
2019-10-05T14:38:27,42.0,179.5,208.8,1.8,13250.0,247.3
2019-10-05T14:38:58,42.0,187.2,209.4,1.7,13260.0,246.4
2019-10-05T14:39:29,42.0,189.0,210.0,1.5,13280.0,247.3
2019-10-05T14:40:00,42.0,186.6,212.9,1.6,13290.0,248.3
2019-10-05T14:40:32,42.0,197.3,208.8,1.5,13300.0,248.3
2019-10-05T14:41:03,42.0,197.3,212.3,1.4,13320.0,248.3
2019-10-05T14:41:34,42.0,207.9,208.8,1.3,13330.0,246.4
2019-10-05T14:42:05,42.0,209.1,204.6,1.3,13340.0,249.3
2019-10-05T14:42:36,41.9,200.8,208.2,1.2,13350.0,248.3
2019-10-05T14:43:07,41.9,204.9,212.3,1.2,13370.0,246.4
2019-10-05T14:43:38,41.9,213.8,210.6,1.2,13380.0,247.3
2019-10-05T14:44:09,42.0,195.5,215.3,1.3,13390.0,246.4
2019-10-05T14:44:40,41.9,207.9,211.7,1.1,13400.0,246.4
2019-10-05T14:45:11,42.0,210.2,215.9,1.1,13420.0,246.4
2019-10-05T14:45:43,41.9,207.9,214.1,1.0,13430.0,248.3
2019-10-05T14:46:14,41.9,196.7,220.6,1.2,13440.0,248.3
2019-10-05T14:46:45,41.9,209.7,217.7,1.0,13450.0,248.3
2019-10-05T14:47:16,41.9,222.7,208.2,1.1,13460.0,247.3
2019-10-05T14:47:47,41.9,222.1,210.0,1.1,13470.0,248.3
2019-10-05T14:48:18,41.7,216.7,208.2,1.0,13480.0,249.3
2019-10-05T14:48:49,41.7,220.3,218.8,1.0,13500.0,248.3
2019-10-05T14:49:20,41.7,211.4,220.0,1.1,13510.0,247.3
2019-10-05T14:49:51,41.7,215.0,217.1,1.0,13520.0,247.3
2019-10-05T14:50:22,41.7,204.9,208.8,1.1,13530.0,248.3
2019-10-05T14:50:54,41.7,212.0,205.8,1.1,13540.0,248.3
2019-10-05T14:51:26,41.6,206.1,215.9,1.0,13560.0,248.3
2019-10-05T14:51:57,41.7,196.7,211.7,1.2,13570.0,248.3
2019-10-05T14:52:28,41.6,206.1,207.0,1.1,13580.0,248.3
2019-10-05T14:52:59,41.6,223.2,215.9,1.1,13590.0,248.3
2019-10-05T14:53:30,41.6,225.0,215.3,1.0,13600.0,248.3
2019-10-05T14:54:01,41.6,225.0,214.1,1.0,13620.0,248.3
2019-10-05T14:54:32,41.6,220.9,218.3,1.1,13630.0,248.3
2019-10-05T14:55:03,41.6,219.1,215.9,1.0,13640.0,249.3
2019-10-05T14:55:34,41.6,210.2,211.7,1.1,13650.0,249.3
2019-10-05T14:56:06,41.6,224.4,207.6,1.0,13660.0,248.3
2019-10-05T14:56:37,41.6,222.7,212.9,1.1,13680.0,248.3
2019-10-05T14:57:08,41.6,215.0,215.3,1.1,13690.0,248.3
2019-10-05T14:57:39,41.6,215.6,215.9,1.0,13700.0,249.3
2019-10-05T14:58:10,41.5,223.2,218.3,1.0,13710.0,248.3
2019-10-05T14:58:41,41.5,213.2,220.0,1.0,13720.0,248.3
2019-10-05T14:59:12,41.5,215.0,221.2,1.1,13740.0,248.3
2019-10-05T14:59:43,41.5,218.5,217.7,1.1,13750.0,249.3
2019-10-05T15:00:14,41.5,220.9,216.5,1.1,13760.0,248.3
2019-10-05T15:00:46,41.4,223.2,217.7,1.1,13770.0,249.3
2019-10-05T15:01:17,41.4,207.9,215.3,1.1,13780.0,249.3
2019-10-05T15:01:48,41.4,220.9,210.0,1.1,13800.0,248.3
2019-10-05T15:02:19,41.4,215.6,210.0,1.1,13810.0,247.3
2019-10-05T15:02:50,41.4,211.4,210.6,1.2,13820.0,248.3
2019-10-05T15:03:21,41.4,224.4,209.4,1.0,13830.0,247.3
2019-10-05T15:03:52,41.3,223.2,211.2,1.1,13840.0,248.3
2019-10-05T15:04:23,41.4,217.3,208.8,1.1,13850.0,249.3
2019-10-05T15:04:54,41.3,217.9,211.2,1.1,13870.0,249.3
2019-10-05T15:05:25,41.3,218.5,211.2,1.1,13880.0,248.3
2019-10-05T15:05:57,41.3,224.4,215.9,1.0,13890.0,246.4
2019-10-05T15:06:28,41.4,220.3,210.6,1.1,13900.0,246.4
2019-10-05T15:06:59,41.4,225.6,213.5,0.9,13910.0,247.3
2019-10-05T15:07:30,41.3,207.3,215.3,1.1,13920.0,246.4
2019-10-05T15:08:01,41.3,220.3,213.5,1.1,13940.0,247.3
2019-10-05T15:08:32,41.3,219.1,218.8,1.1,13950.0,246.4
2019-10-05T15:09:03,41.3,216.7,221.2,1.1,13960.0,246.4
2019-10-05T15:09:34,41.3,220.9,215.9,1.0,13970.0,247.3
2019-10-05T15:10:05,41.3,210.2,235.4,1.2,13980.0,246.4
2019-10-05T15:10:37,41.3,220.9,221.2,1.1,13990.0,247.3
2019-10-05T15:11:09,41.3,223.2,225.4,1.1,14010.0,247.3
2019-10-05T15:11:40,41.2,212.6,216.5,1.1,14020.0,245.4
2019-10-05T15:12:11,41.2,209.7,218.8,1.1,14030.0,245.4
2019-10-05T15:12:42,41.2,212.6,212.9,1.2,14040.0,245.4
2019-10-05T15:13:13,41.2,215.6,217.1,1.2,14050.0,246.4
2019-10-05T15:13:44,41.2,216.7,218.8,1.1,14060.0,245.4
2019-10-05T15:14:15,41.2,218.5,214.1,1.1,14080.0,246.4
2019-10-05T15:14:46,41.2,215.6,218.8,1.1,14090.0,246.4
2019-10-05T15:15:17,41.2,215.0,214.1,1.3,14100.0,245.4
2019-10-05T15:15:48,41.2,223.8,214.1,1.2,14110.0,246.4
2019-10-05T15:16:20,41.2,219.1,215.3,1.3,14120.0,247.3
2019-10-05T15:16:51,41.2,213.8,215.9,1.2,14130.0,245.4
2019-10-05T15:17:22,41.0,209.1,220.0,1.4,14150.0,246.4
2019-10-05T15:17:53,41.0,215.0,221.2,1.5,14160.0,245.4
2019-10-05T15:18:24,41.0,215.6,214.7,1.3,14170.0,246.4
2019-10-05T15:18:55,41.0,213.2,218.8,1.4,14180.0,246.4
2019-10-05T15:19:26,41.0,220.9,213.5,1.5,14200.0,245.4
2019-10-05T15:19:57,41.0,215.0,218.8,1.5,14210.0,247.3
2019-10-05T15:20:28,41.0,214.4,222.4,1.4,14220.0,247.3
2019-10-05T15:21:00,41.0,207.3,215.9,1.6,14230.0,246.4
2019-10-05T15:21:31,41.0,223.2,218.8,1.3,14240.0,246.4
2019-10-05T15:22:02,40.9,217.3,213.5,1.5,14260.0,246.4
2019-10-05T15:22:33,40.9,212.0,223.0,1.4,14270.0,247.3
2019-10-05T15:23:04,40.9,221.5,215.3,1.4,14280.0,247.3
2019-10-05T15:23:35,40.9,210.2,221.2,1.4,14290.0,246.4
2019-10-05T15:24:06,40.8,213.8,211.7,1.3,14300.0,245.4
2019-10-05T15:24:37,40.8,222.1,218.3,1.3,14310.0,246.4
2019-10-05T15:25:08,40.8,219.7,215.3,1.2,14320.0,246.4
2019-10-05T15:25:39,40.8,223.2,223.0,1.3,14330.0,246.4
2019-10-05T15:26:11,40.7,219.7,218.8,1.3,14350.0,244.4
2019-10-05T15:26:42,40.7,222.1,223.0,1.3,14360.0,245.4
2019-10-05T15:27:13,40.8,222.7,225.4,1.3,14370.0,246.4
2019-10-05T15:27:44,40.7,223.8,223.0,1.2,14380.0,244.4
2019-10-05T15:28:15,40.7,221.5,220.6,1.1,14390.0,244.4
2019-10-05T15:28:46,40.6,226.2,223.6,1.1,14400.0,246.4
2019-10-05T15:29:17,40.6,218.5,225.4,1.1,14410.0,243.5
2019-10-05T15:29:48,40.6,222.1,225.4,1.1,14420.0,245.4
2019-10-05T15:30:19,40.5,224.4,225.4,1.2,14430.0,245.4
2019-10-05T15:30:50,40.5,217.9,218.8,1.1,14440.0,244.4
2019-10-05T15:31:22,40.5,222.7,228.3,1.1,14450.0,244.4
2019-10-05T15:31:53,40.5,220.9,230.1,1.0,14460.0,247.3
2019-10-05T15:32:24,40.4,212.6,222.4,1.1,14470.0,245.4
2019-10-05T15:32:55,40.5,220.3,220.0,1.0,14480.0,244.4
2019-10-05T15:33:26,40.5,209.7,221.8,1.1,14490.0,243.5
2019-10-05T15:33:57,40.5,212.6,220.0,1.1,14500.0,244.4
2019-10-05T15:34:28,40.5,213.8,223.0,1.1,14510.0,244.4
2019-10-05T15:34:59,40.5,223.8,223.0,1.1,14520.0,243.5
2019-10-05T15:35:30,40.5,223.2,222.4,1.0,14520.0,244.4
2019-10-05T15:36:02,40.6,220.3,225.9,1.1,14530.0,245.4
2019-10-05T15:36:33,40.5,220.9,207.0,1.0,14540.0,245.4
2019-10-05T15:37:04,40.6,222.7,221.8,1.0,14550.0,245.4
2019-10-05T15:37:35,40.6,226.2,223.0,1.0,14560.0,244.4
2019-10-05T15:38:06,40.5,215.6,219.4,1.0,14570.0,245.4
2019-10-05T15:38:37,40.6,203.7,224.8,1.1,14580.0,244.4
2019-10-05T15:39:08,40.6,202.0,222.4,1.2,14590.0,244.4
2019-10-05T15:39:39,40.5,206.7,220.0,1.2,14600.0,244.4
2019-10-05T15:40:10,40.5,201.4,220.0,1.2,14610.0,245.4
2019-10-05T15:40:41,40.5,212.0,221.2,1.1,14620.0,244.4
2019-10-05T15:41:13,40.5,203.2,215.3,1.2,14640.0,244.4
2019-10-05T15:41:44,40.5,215.6,220.6,1.2,14650.0,243.5
2019-10-05T15:42:15,40.5,207.9,221.2,1.1,14660.0,243.5
2019-10-05T15:42:46,40.5,200.8,220.0,1.3,14670.0,244.4
2019-10-05T15:43:17,40.5,200.8,223.0,1.1,14680.0,244.4
2019-10-05T15:43:48,40.4,184.8,225.4,1.3,14690.0,244.4
2019-10-05T15:44:19,40.4,202.6,220.6,1.1,14700.0,243.5
2019-10-05T15:44:50,40.4,215.0,220.0,1.0,14710.0,243.5
2019-10-05T15:45:21,40.4,218.5,220.0,1.2,14720.0,244.4
2019-10-05T15:45:53,40.4,196.7,221.2,1.2,14730.0,245.4
2019-10-05T15:46:25,40.4,215.6,218.3,1.2,14740.0,245.4
2019-10-05T15:46:56,40.4,220.9,224.8,1.1,14750.0,245.4
2019-10-05T15:47:27,40.4,202.0,225.9,1.3,14760.0,245.4
2019-10-05T15:47:58,40.4,197.3,227.7,1.2,14770.0,245.4
2019-10-05T15:48:29,40.4,212.6,227.7,1.1,14780.0,244.4
2019-10-05T15:49:00,40.4,219.1,227.1,1.0,14790.0,245.4
2019-10-05T15:49:31,40.4,216.7,220.0,1.0,14790.0,243.5
2019-10-05T15:50:02,40.5,216.2,218.3,1.0,14800.0,243.5
2019-10-05T15:50:33,40.5,199.0,218.3,1.1,14810.0,243.5
2019-10-05T15:51:05,40.5,199.6,222.4,1.1,14820.0,243.5
2019-10-05T15:51:36,40.4,199.6,225.4,1.2,14830.0,245.4
2019-10-05T15:52:07,40.5,188.4,225.4,1.2,14840.0,243.5
2019-10-05T15:52:38,40.4,210.8,218.3,1.1,14850.0,244.4
2019-10-05T15:53:09,40.5,213.2,220.6,1.0,14860.0,244.4
2019-10-05T15:53:40,40.4,208.5,221.8,1.1,14870.0,242.5
2019-10-05T15:54:11,40.2,225.0,221.2,1.0,14880.0,243.5
2019-10-05T15:54:42,40.2,222.1,220.6,1.0,14890.0,243.5
2019-10-05T15:55:13,40.2,226.2,224.2,1.1,14900.0,243.5
2019-10-05T15:55:44,40.1,213.8,227.1,1.1,14910.0,243.5
2019-10-05T15:56:16,40.1,212.6,224.2,1.0,14920.0,242.5
2019-10-05T15:56:47,40.1,220.3,218.3,1.0,14920.0,243.5
2019-10-05T15:57:18,40.1,208.5,232.4,1.0,14930.0,244.4
2019-10-05T15:57:49,40.0,197.3,223.0,1.2,14940.0,245.4
2019-10-05T15:58:20,40.0,188.4,220.0,1.3,14950.0,242.5
2019-10-05T15:58:51,40.0,180.1,215.3,1.3,14960.0,244.4
2019-10-05T15:59:22,40.0,192.5,215.3,1.3,14970.0,244.4
2019-10-05T15:59:53,40.0,202.6,218.8,1.2,14970.0,244.4
2019-10-05T16:00:24,40.0,187.8,210.0,1.2,14980.0,243.5
2019-10-05T16:00:56,40.0,200.8,208.8,0.9,14990.0,240.6
2019-10-05T16:01:27,39.9,189.0,228.3,0.9,14990.0,238.6
2019-10-05T16:01:58,39.9,182.5,231.3,0.8,15000.0,238.6
2019-10-05T16:02:29,39.9,206.1,218.3,0.7,15000.0,239.6
2019-10-05T16:03:00,39.9,219.1,218.8,0.9,15010.0,241.5
2019-10-05T16:03:31,39.8,213.2,225.9,0.8,15010.0,240.6
2019-10-05T16:04:02,39.8,192.5,241.3,1.0,15020.0,241.5
2019-10-05T16:04:33,39.8,191.9,228.9,0.7,15020.0,241.5
2019-10-05T16:05:04,39.8,213.8,218.8,0.8,15030.0,241.5
2019-10-05T16:05:36,39.8,225.0,197.5,0.6,15030.0,241.5
2019-10-05T16:06:08,39.7,196.1,222.4,1.0,15030.0,242.5
2019-10-05T16:06:39,39.5,194.9,228.3,0.9,15040.0,242.5
2019-10-05T16:07:10,39.5,199.6,225.9,0.7,15040.0,241.5
2019-10-05T16:07:41,39.4,215.6,234.8,0.7,15050.0,240.6
2019-10-05T16:08:12,39.4,193.7,215.3,0.8,15050.0,241.5
2019-10-05T16:08:43,39.3,197.3,191.6,1.1,15050.0,242.5
2019-10-05T16:09:14,39.3,215.6,199.3,0.9,15060.0,241.5
2019-10-05T16:09:45,39.3,209.1,214.1,0.7,15060.0,241.5
2019-10-05T16:10:16,39.2,201.4,240.7,0.7,15060.0,240.6
2019-10-05T16:10:47,39.2,208.5,241.3,1.0,15070.0,242.5
2019-10-05T16:11:19,39.2,223.2,213.5,0.9,15080.0,241.5
2019-10-05T16:11:50,39.2,217.3,213.5,0.8,15080.0,244.4
2019-10-05T16:12:21,39.1,222.7,202.9,0.8,15090.0,242.5
2019-10-05T16:12:52,39.1,215.6,215.3,0.9,15090.0,242.5
2019-10-05T16:13:23,39.1,212.0,217.7,1.0,15100.0,243.5
2019-10-05T16:13:54,39.1,211.4,204.1,0.9,15110.0,244.4
2019-10-05T16:14:25,39.0,220.3,217.1,0.9,15110.0,242.5
2019-10-05T16:14:56,39.0,213.8,212.9,0.8,15120.0,243.5
2019-10-05T16:15:27,39.0,224.4,210.0,0.8,15120.0,242.5
2019-10-05T16:15:59,39.0,217.9,202.9,0.9,15130.0,243.5
2019-10-05T16:16:30,39.0,215.6,206.4,0.9,15140.0,242.5
2019-10-05T16:17:01,39.0,210.8,204.6,0.9,15140.0,242.5
2019-10-05T16:17:32,38.9,229.2,195.8,0.7,15150.0,241.5
2019-10-05T16:18:03,38.9,218.5,199.9,0.8,15160.0,242.5
2019-10-05T16:18:34,38.9,217.3,201.7,0.8,15160.0,240.6
2019-10-05T16:19:05,38.9,215.0,195.2,0.9,15170.0,242.5
2019-10-05T16:19:36,38.9,220.9,202.3,0.8,15170.0,241.5
2019-10-05T16:20:07,38.9,210.8,202.3,0.9,15180.0,245.4
2019-10-05T16:20:39,38.7,224.4,199.9,0.7,15180.0,243.5
2019-10-05T16:21:10,38.7,206.1,206.4,0.9,15190.0,243.5
2019-10-05T16:21:41,38.7,200.8,197.0,0.9,15200.0,245.4
2019-10-05T16:22:12,38.7,222.7,199.3,0.9,15200.0,246.4
2019-10-05T16:22:43,38.7,223.2,206.4,0.9,15210.0,244.4
2019-10-05T16:23:14,38.7,207.9,196.4,0.8,15210.0,244.4
2019-10-05T16:23:45,38.7,220.9,205.8,0.8,15220.0,244.4
2019-10-05T16:24:16,38.7,212.6,200.5,0.8,15220.0,244.4
2019-10-05T16:24:48,38.7,219.7,202.3,0.8,15230.0,244.4
2019-10-05T16:25:19,38.7,211.4,187.5,0.8,15230.0,242.5
2019-10-05T16:25:50,38.7,225.0,199.9,0.8,15240.0,243.5
2019-10-05T16:26:22,38.6,222.1,197.0,0.8,15250.0,245.4
2019-10-05T16:26:53,38.6,211.4,188.1,0.9,15250.0,245.4
2019-10-05T16:27:24,38.6,217.9,190.4,0.8,15260.0,243.5
2019-10-05T16:27:55,38.6,228.0,185.7,0.7,15260.0,241.5
2019-10-05T16:28:26,38.6,209.1,186.3,0.8,15270.0,242.5
2019-10-05T16:28:57,38.5,223.8,188.1,0.7,15270.0,242.5
2019-10-05T16:29:28,38.6,225.6,183.9,0.7,15280.0,243.5
2019-10-05T16:29:59,38.5,227.4,189.9,0.7,15280.0,243.5
2019-10-05T16:30:30,38.5,219.1,186.9,0.8,15290.0,243.5
2019-10-05T16:31:01,38.5,215.6,189.3,0.8,15290.0,243.5
2019-10-05T16:31:32,38.5,220.9,193.4,0.8,15300.0,244.4
2019-10-05T16:32:03,38.4,210.8,192.2,0.7,15300.0,242.5
2019-10-05T16:32:34,38.4,221.5,189.9,0.7,15310.0,242.5
2019-10-05T16:33:05,38.4,225.0,183.9,0.7,15310.0,242.5
2019-10-05T16:33:36,38.3,219.1,192.8,0.7,15320.0,243.5
2019-10-05T16:34:07,38.3,215.0,197.0,0.8,15320.0,244.4
2019-10-05T16:34:38,38.3,222.1,182.8,0.8,15330.0,243.5
2019-10-05T16:35:09,38.3,213.8,183.9,0.7,15330.0,242.5
2019-10-05T16:35:41,38.2,229.2,179.2,0.7,15330.0,242.5
2019-10-05T16:36:13,38.2,208.5,176.2,0.7,15340.0,244.4
2019-10-05T16:36:44,38.2,223.2,186.3,0.7,15340.0,244.4
2019-10-05T16:37:15,38.0,215.6,179.2,0.7,15350.0,243.5
2019-10-05T16:37:46,38.2,225.0,185.1,0.7,15350.0,242.5
2019-10-05T16:38:17,38.0,210.8,186.3,0.8,15360.0,243.5
2019-10-05T16:38:48,38.0,225.6,185.1,0.7,15360.0,243.5
2019-10-05T16:39:19,38.0,204.9,185.1,0.7,15370.0,244.4
2019-10-05T16:39:50,38.0,223.8,181.0,0.7,15370.0,241.5
2019-10-05T16:40:21,38.0,212.0,179.8,0.7,15370.0,242.5
2019-10-05T16:40:53,37.9,222.7,179.8,0.7,15380.0,242.5
2019-10-05T16:41:24,37.9,215.6,179.2,0.7,15380.0,243.5
2019-10-05T16:41:55,37.9,222.7,188.1,0.7,15390.0,241.5
2019-10-05T16:42:26,37.9,212.6,178.6,0.7,15390.0,242.5
2019-10-05T16:42:57,37.9,222.7,176.2,0.7,15400.0,242.5
2019-10-05T16:43:28,37.8,213.2,185.7,0.7,15400.0,242.5
2019-10-05T16:43:59,37.8,229.7,183.9,0.6,15400.0,242.5
2019-10-05T16:44:30,37.8,226.8,182.8,0.7,15410.0,243.5
2019-10-05T16:45:01,37.8,212.0,172.1,0.7,15410.0,241.5
2019-10-05T16:45:33,37.9,230.3,184.5,0.6,15420.0,244.4
2019-10-05T16:46:04,37.8,229.7,179.8,0.6,15420.0,242.5
2019-10-05T16:46:36,37.8,223.2,173.3,0.6,15420.0,242.5
2019-10-05T16:47:07,37.8,219.7,175.1,0.7,15430.0,242.5
2019-10-05T16:47:38,37.8,209.7,187.5,0.7,15430.0,242.5
2019-10-05T16:48:09,37.8,230.9,181.0,0.6,15440.0,242.5
2019-10-05T16:48:40,37.8,207.9,188.1,0.7,15440.0,242.5
2019-10-05T16:49:11,37.8,229.2,197.0,0.7,15440.0,242.5
2019-10-05T16:49:42,37.8,210.8,198.1,0.7,15450.0,241.5
2019-10-05T16:50:13,37.7,202.6,196.4,0.7,15450.0,243.5
2019-10-05T16:50:44,37.7,225.0,185.7,0.6,15450.0,242.5
2019-10-05T16:51:16,37.7,230.3,180.4,0.6,15460.0,242.5
2019-10-05T16:51:47,37.7,207.9,186.3,0.7,15460.0,243.5
2019-10-05T16:52:18,37.7,202.0,195.8,0.8,15460.0,241.5
2019-10-05T16:52:49,37.6,225.0,199.9,0.7,15470.0,242.5
2019-10-05T16:53:20,37.7,202.0,191.6,0.8,15470.0,243.5
2019-10-05T16:53:51,37.6,182.5,188.7,0.9,15480.0,244.4
2019-10-05T16:54:22,37.6,186.0,189.9,0.9,15480.0,244.4
2019-10-05T16:54:53,37.6,208.5,191.0,0.9,15480.0,243.5
2019-10-05T16:55:24,37.6,195.5,197.0,0.8,15490.0,244.4
2019-10-05T16:55:55,37.6,204.3,198.1,0.8,15490.0,244.4
2019-10-05T16:56:27,37.6,190.8,188.1,0.9,15490.0,245.4
2019-10-05T16:56:58,37.6,212.0,192.2,0.8,15500.0,246.4
2019-10-05T16:57:29,37.6,211.4,182.8,0.8,15500.0,244.4
2019-10-05T16:58:00,37.6,205.5,197.5,0.9,15500.0,244.4
2019-10-05T16:58:31,37.5,210.8,189.9,0.8,15510.0,244.4
2019-10-05T16:59:02,37.6,207.9,195.8,0.8,15510.0,244.4
2019-10-05T16:59:33,37.6,194.9,183.9,0.8,15520.0,244.4
2019-10-05T17:00:04,37.6,200.8,192.2,0.7,15520.0,243.5
2019-10-05T17:00:36,37.5,206.7,191.6,0.8,15520.0,244.4
2019-10-05T17:01:07,37.5,198.4,170.3,0.8,15520.0,244.4
2019-10-05T17:01:38,37.5,209.7,194.0,0.7,15530.0,244.4
2019-10-05T17:02:09,37.5,196.7,180.4,0.8,15530.0,246.4
2019-10-05T17:02:40,37.5,208.5,193.4,0.8,15530.0,243.5
2019-10-05T17:03:11,37.5,206.1,191.6,0.7,15540.0,246.4
2019-10-05T17:03:42,37.4,208.5,189.3,0.5,15540.0,246.4
2019-10-05T17:04:13,37.5,184.3,195.2,0.7,15540.0,245.4
2019-10-05T17:04:44,37.4,162.4,178.0,0.8,15540.0,246.4
2019-10-05T17:05:15,37.4,172.4,197.5,0.8,15550.0,247.3
2019-10-05T17:05:47,37.4,194.9,193.4,0.7,15550.0,246.4
2019-10-05T17:06:19,37.4,208.5,192.2,0.6,15550.0,246.4
2019-10-05T17:06:50,37.4,220.9,182.8,0.4,15550.0,244.4
2019-10-05T17:07:21,37.2,196.1,173.3,0.6,15560.0,244.4
2019-10-05T17:07:52,37.2,198.4,175.7,0.5,15560.0,246.4
2019-10-05T17:08:23,37.2,197.8,180.4,0.3,15560.0,244.4
2019-10-05T17:08:54,37.1,183.7,170.9,0.3,15560.0,244.4
2019-10-05T17:09:25,37.1,188.4,181.0,0.3,15560.0,244.4
2019-10-05T17:09:56,37.0,199.0,201.7,0.3,15560.0,245.4
2019-10-05T17:10:27,37.0,202.0,223.0,0.2,15560.0,243.5
2019-10-05T17:10:58,36.9,184.8,232.4,0.3,15560.0,244.4
2019-10-05T17:11:30,36.9,205.5,227.7,0.2,15560.0,244.4
2019-10-05T17:12:01,36.9,194.3,225.4,0.2,15570.0,245.4
2019-10-05T17:12:32,36.8,180.1,218.3,0.2,15570.0,245.4
2019-10-05T17:13:03,36.8,200.8,239.0,0.2,15570.0,244.4
2019-10-05T17:13:34,36.7,201.4,217.7,0.2,15570.0,244.4
2019-10-05T17:14:05,36.7,180.1,212.3,0.2,15570.0,245.4
2019-10-05T17:14:36,36.5,165.9,231.9,0.2,15570.0,243.5
2019-10-05T17:15:07,36.5,186.6,222.4,0.2,15570.0,243.5
2019-10-05T17:15:38,36.4,206.7,208.2,0.2,15570.0,242.5
2019-10-05T17:16:10,36.4,194.3,230.1,0.2,15570.0,242.5
2019-10-05T17:16:41,36.3,173.0,223.6,0.2,15570.0,243.5
2019-10-05T17:17:12,36.3,152.4,202.9,0.2,15570.0,243.5
2019-10-05T17:17:43,36.3,173.0,224.2,0.2,15570.0,243.5
2019-10-05T17:18:14,36.2,194.9,214.1,0.2,15570.0,245.4
2019-10-05T17:18:45,36.2,206.7,192.8,0.1,15570.0,244.4
2019-10-05T17:19:16,36.1,185.4,214.7,0.1,15580.0,243.5
2019-10-05T17:19:47,36.1,164.2,235.4,0.2,15580.0,241.5
2019-10-05T17:20:18,36.1,156.5,212.3,0.2,15580.0,241.5
2019-10-05T17:20:50,36.0,177.8,190.4,0.2,15580.0,239.6
2019-10-05T17:21:21,36.0,199.6,207.0,0.1,15580.0,239.6
2019-10-05T17:21:52,35.9,196.7,228.9,0.2,15580.0,239.6
2019-10-05T17:22:23,35.9,175.4,224.2,0.1,15580.0,242.5
2019-10-05T17:22:54,35.7,165.9,204.1,0.2,15580.0,241.5
2019-10-05T17:23:25,35.7,187.8,182.8,0.1,15580.0,240.6
2019-10-05T17:23:56,35.6,197.3,178.6,0.1,15580.0,239.6
2019-10-05T17:24:27,35.6,176.0,199.9,0.1,15580.0,241.5
2019-10-05T17:24:58,35.5,155.3,221.8,0.1,15580.0,241.5
2019-10-05T17:25:29,35.5,164.2,234.2,0.1,15580.0,240.6
2019-10-05T17:26:01,35.4,186.0,212.3,0.1,15580.0,241.5
2019-10-05T17:26:32,35.4,206.1,191.0,0.1,15580.0,238.6
2019-10-05T17:27:03,35.3,193.7,210.0,0.1,15580.0,240.6
2019-10-05T17:27:34,35.3,173.0,230.1,0.1,15580.0,240.6
2019-10-05T17:28:05,35.2,151.8,227.7,0.1,15580.0,241.5
2019-10-05T17:28:36,35.2,132.3,207.0,0.1,15580.0,241.5
2019-10-05T17:29:07,35.2,154.7,205.2,0.1,15580.0,240.6
2019-10-05T17:29:38,35.0,176.0,227.7,0.1,15580.0,240.6
2019-10-05T17:30:09,35.0,194.9,206.4,0.1,15580.0,241.5
2019-10-05T17:30:41,35.0,194.9,185.1,0.1,15580.0,241.5
2019-10-05T17:31:12,34.9,176.0,169.7,0.1,15580.0,242.5
2019-10-05T17:31:43,34.9,154.1,191.0,0.1,15580.0,242.5
2019-10-05T17:32:14,34.8,142.9,212.3,0.1,15580.0,241.5
2019-10-05T17:32:45,34.8,162.4,218.8,0.1,15580.0,241.5
2019-10-05T17:33:16,34.8,182.5,198.1,0.1,15580.0,241.5
2019-10-05T17:33:47,34.7,204.3,178.0,0.1,15580.0,240.6
2019-10-05T17:34:18,34.7,190.2,176.8,0.1,15580.0,240.6
2019-10-05T17:34:49,34.6,171.9,199.3,0.1,15590.0,240.6
2019-10-05T17:35:20,34.6,152.4,220.0,0.1,15590.0,239.6
2019-10-05T17:35:52,34.6,130.5,228.9,0.1,15590.0,239.6
2019-10-05T17:36:23,34.5,128.1,204.1,0.1,15590.0,241.5
2019-10-05T17:36:54,34.5,148.2,182.8,0.1,15590.0,241.5
2019-10-05T17:37:25,34.4,168.3,185.1,0.1,15590.0,241.5
2019-10-05T17:37:57,34.4,188.4,204.1,0.1,15590.0,239.6
2019-10-05T17:38:28,34.4,198.4,225.9,0.0,15590.0,240.6
2019-10-05T17:38:59,34.1,177.8,215.3,0.0,15590.0,241.5
2019-10-05T17:39:30,34.2,154.7,193.4,0.1,15590.0,240.6
2019-10-05T17:40:01,34.1,161.2,175.1,0.1,15590.0,239.6
2019-10-05T17:40:32,34.1,181.3,162.0,0.0,15590.0,239.6
2019-10-05T17:41:04,34.1,202.0,185.7,0.1,15590.0,241.5
2019-10-05T17:41:35,34.0,205.5,201.1,0.0,15590.0,239.6
2019-10-05T17:42:06,33.9,173.6,225.4,0.0,15590.0,239.6
2019-10-05T17:42:37,33.9,155.3,220.0,0.0,15590.0,238.6
2019-10-05T17:43:08,33.9,132.9,197.5,0.0,15590.0,239.6
2019-10-05T17:43:39,33.9,116.9,173.9,0.0,15590.0,238.6
2019-10-05T17:44:10,33.8,137.6,154.9,0.0,15590.0,239.6
2019-10-05T17:44:41,33.8,155.9,134.8,0.0,15590.0,238.6
2019-10-05T17:45:12,33.7,180.1,124.2,0.0,15590.0,240.6
2019-10-05T17:45:43,33.5,199.6,145.5,0.0,15590.0,240.6
2019-10-05T17:46:15,33.5,198.4,167.4,0.0,15590.0,239.6
2019-10-05T17:46:46,33.5,178.9,185.1,0.0,15590.0,241.5
2019-10-05T17:47:17,33.4,159.4,205.8,0.1,15590.0,241.5
2019-10-05T17:47:48,33.4,139.4,220.0,0.0,15590.0,241.5
2019-10-05T17:48:19,33.3,189.6,213.5,0.0,15590.0,240.6
2019-10-05T17:48:50,33.3,188.4,198.1,0.0,15590.0,239.6
2019-10-05T17:49:21,33.3,186.6,192.8,0.0,15590.0,239.6
2019-10-05T17:49:52,33.2,184.8,188.1,0.0,15590.0,239.6
2019-10-05T17:50:23,33.2,154.1,184.5,0.0,15590.0,239.6
2019-10-05T17:50:55,33.1,101.6,179.8,0.1,15590.0,239.6
2019-10-05T17:51:26,33.1,166.5,167.4,0.0,15590.0,238.6
2019-10-05T17:51:57,33.0,158.9,159.1,0.0,15590.0,239.6
2019-10-05T17:52:28,33.0,144.1,144.3,0.0,15590.0,237.7
2019-10-05T17:52:59,32.9,116.9,117.1,0.0,15590.0,239.6
