2019-10-09T06:35:28,25.7,215.0,217.1,0.5,100.0,243.5
2019-10-09T06:36:00,25.7,193.7,224.8,0.6,110.0,243.5
2019-10-09T06:36:31,25.7,203.2,246.1,0.5,110.0,244.4
2019-10-09T06:37:02,25.7,222.7,230.7,0.5,110.0,243.5
2019-10-09T06:37:33,26.1,202.0,225.4,0.5,110.0,242.5
2019-10-09T06:38:04,26.1,212.6,246.6,0.6,110.0,241.5
2019-10-09T06:38:35,26.1,212.6,224.8,0.5,120.0,242.5
2019-10-09T06:39:06,26.4,204.9,221.2,0.5,120.0,241.5
2019-10-09T06:39:37,26.1,217.9,244.3,0.5,120.0,242.5
2019-10-09T06:40:08,26.4,196.7,227.7,0.6,120.0,242.5
2019-10-09T06:40:39,26.4,196.7,210.6,0.6,120.0,244.4
2019-10-09T06:41:11,26.4,196.1,211.2,0.7,130.0,242.5
2019-10-09T06:41:42,26.4,217.3,233.6,0.5,130.0,243.5
2019-10-09T06:42:13,26.4,206.7,242.5,0.6,130.0,242.5
2019-10-09T06:42:44,26.8,191.9,221.2,0.6,130.0,243.5
2019-10-09T06:43:15,26.8,213.8,222.4,0.6,130.0,242.5
2019-10-09T06:43:46,26.8,207.9,243.1,0.6,140.0,243.5
2019-10-09T06:44:17,26.8,213.2,228.3,0.6,140.0,242.5
2019-10-09T06:44:48,27.2,213.8,227.7,0.6,140.0,244.4
2019-10-09T06:45:19,27.2,210.8,231.9,0.6,140.0,244.4
2019-10-09T06:45:51,27.2,195.5,242.5,0.6,140.0,244.4
2019-10-09T06:46:23,27.2,176.0,221.2,0.7,150.0,245.4
2019-10-09T06:46:54,27.2,174.8,236.0,0.7,150.0,244.4
2019-10-09T06:47:25,27.2,196.7,233.0,0.6,150.0,244.4
2019-10-09T06:47:56,27.5,218.5,211.7,0.6,150.0,244.4
2019-10-09T06:48:27,27.5,207.3,230.1,0.6,160.0,244.4
2019-10-09T06:48:58,27.5,187.2,249.0,0.7,160.0,244.4
2019-10-09T06:49:29,27.5,165.9,225.9,0.8,160.0,243.5
2019-10-09T06:50:00,27.5,178.9,221.8,0.7,160.0,243.5
2019-10-09T06:50:31,27.5,201.4,244.9,0.6,160.0,244.4
2019-10-09T06:51:03,27.5,223.2,225.9,0.6,170.0,242.5
2019-10-09T06:51:34,27.5,204.3,224.8,0.6,170.0,242.5
2019-10-09T06:52:05,27.9,187.2,246.1,0.7,170.0,241.5
2019-10-09T06:52:36,27.9,210.2,233.0,0.6,170.0,241.5
2019-10-09T06:53:07,27.9,217.9,217.7,0.6,180.0,244.4
2019-10-09T06:53:38,27.9,196.7,239.5,0.7,180.0,243.5
2019-10-09T06:54:09,27.9,203.2,234.8,0.7,180.0,243.5
2019-10-09T06:54:40,27.9,223.2,221.2,0.6,180.0,244.4
2019-10-09T06:55:11,28.3,205.5,239.5,0.7,190.0,244.4
2019-10-09T06:55:43,28.3,195.5,247.8,0.8,190.0,243.5
2019-10-09T06:56:14,28.3,203.7,237.2,0.7,190.0,243.5
2019-10-09T06:56:45,28.3,223.8,233.6,0.7,190.0,244.4
2019-10-09T06:57:16,28.3,201.4,216.5,0.8,200.0,243.5
2019-10-09T06:57:47,28.3,219.7,239.0,0.7,200.0,244.4
2019-10-09T06:58:18,28.6,210.8,230.7,0.7,200.0,244.4
2019-10-09T06:58:49,28.6,216.2,237.8,0.6,200.0,241.5
2019-10-09T06:59:20,28.6,196.1,239.0,0.8,210.0,240.6
2019-10-09T06:59:51,28.6,206.1,217.7,0.7,210.0,242.5
2019-10-09T07:00:22,29.0,222.1,224.2,0.7,210.0,242.5
2019-10-09T07:00:54,29.0,207.9,246.1,0.8,210.0,242.5
2019-10-09T07:01:25,29.0,218.5,230.7,0.8,220.0,242.5
2019-10-09T07:01:56,29.0,217.9,237.2,0.7,220.0,242.5
2019-10-09T07:02:27,29.0,207.3,237.8,0.8,220.0,243.5
2019-10-09T07:02:58,29.0,216.7,237.8,0.7,230.0,243.5
2019-10-09T07:03:30,29.0,213.2,235.4,0.8,230.0,242.5
2019-10-09T07:04:01,29.4,191.9,214.1,0.9,230.0,243.5
2019-10-09T07:04:32,29.4,171.9,237.8,1.0,240.0,243.5
2019-10-09T07:05:03,29.4,166.5,241.9,1.1,240.0,244.4
2019-10-09T07:05:34,29.4,187.8,220.6,1.0,240.0,242.5
2019-10-09T07:06:06,29.4,212.0,234.8,0.9,250.0,241.5
2019-10-09T07:06:37,29.4,214.4,242.5,0.8,250.0,241.5
2019-10-09T07:07:08,29.4,215.6,227.1,0.9,250.0,241.5
2019-10-09T07:07:39,29.7,215.0,243.1,0.8,260.0,240.6
2019-10-09T07:08:10,29.7,213.8,230.7,0.8,260.0,240.6
2019-10-09T07:08:41,29.7,215.6,241.3,0.8,260.0,242.5
2019-10-09T07:09:12,29.7,210.8,233.0,0.8,270.0,240.6
2019-10-09T07:09:43,29.7,217.3,237.8,0.8,270.0,240.6
2019-10-09T07:10:14,30.1,222.7,236.6,0.7,270.0,241.5
2019-10-09T07:10:45,30.1,208.5,233.0,0.7,280.0,240.6
2019-10-09T07:11:17,30.1,217.3,240.1,0.8,280.0,240.6
2019-10-09T07:11:48,30.1,216.2,220.0,0.8,280.0,240.6
2019-10-09T07:12:19,30.1,211.4,241.3,0.8,290.0,240.6
2019-10-09T07:12:50,30.1,217.3,234.2,0.8,290.0,240.6
2019-10-09T07:13:21,30.1,221.5,232.4,0.8,290.0,241.5
2019-10-09T07:13:52,30.1,223.8,244.9,0.7,290.0,239.6
2019-10-09T07:14:23,30.1,202.0,222.4,0.9,300.0,238.6
2019-10-09T07:14:54,30.1,203.2,244.3,0.8,300.0,239.6
2019-10-09T07:15:25,30.1,199.0,237.8,0.9,300.0,239.6
2019-10-09T07:15:57,30.2,199.6,232.4,0.8,310.0,239.6
2019-10-09T07:16:28,30.2,181.3,226.5,1.0,310.0,239.6
2019-10-09T07:16:59,30.2,160.6,246.6,1.1,310.0,240.6
2019-10-09T07:17:30,30.3,175.4,223.6,1.1,320.0,242.5
2019-10-09T07:18:01,30.3,197.8,244.3,1.0,320.0,240.6
2019-10-09T07:18:32,30.3,220.9,229.5,1.0,330.0,240.6
2019-10-09T07:19:04,30.3,211.4,241.9,0.9,330.0,240.6
2019-10-09T07:19:35,30.3,220.9,233.0,0.9,330.0,240.6
2019-10-09T07:20:06,30.3,210.8,246.1,1.0,340.0,240.6
2019-10-09T07:20:37,30.3,226.2,228.9,0.9,340.0,241.5
2019-10-09T07:21:09,30.4,218.5,243.7,0.9,350.0,243.5
2019-10-09T07:21:40,30.4,214.4,229.5,0.9,350.0,241.5
2019-10-09T07:22:11,30.4,216.2,247.2,0.9,350.0,242.5
2019-10-09T07:22:42,30.5,225.6,231.9,0.9,360.0,243.5
2019-10-09T07:23:13,30.5,219.1,244.9,0.9,360.0,245.4
2019-10-09T07:23:44,30.5,216.2,239.0,1.0,370.0,244.4
2019-10-09T07:24:15,30.5,213.2,236.6,1.0,370.0,244.4
2019-10-09T07:24:46,30.5,216.2,239.0,0.9,370.0,245.4
2019-10-09T07:25:17,30.5,222.1,233.6,0.9,380.0,245.4
2019-10-09T07:25:48,30.4,224.4,246.6,0.9,380.0,245.4
2019-10-09T07:26:20,30.5,213.2,234.8,0.9,390.0,245.4
2019-10-09T07:26:51,30.5,214.4,241.9,0.9,390.0,245.4
2019-10-09T07:27:22,30.7,219.1,232.4,0.9,390.0,245.4
2019-10-09T07:27:53,30.7,223.2,244.9,0.9,400.0,245.4
2019-10-09T07:28:24,30.7,213.2,230.1,0.8,400.0,245.4
2019-10-09T07:28:55,30.7,213.8,241.9,0.9,410.0,246.4
2019-10-09T07:29:26,30.7,216.2,239.0,0.9,410.0,246.4
2019-10-09T07:29:57,30.7,225.0,232.4,0.8,410.0,245.4
2019-10-09T07:30:28,30.8,216.2,245.5,0.9,420.0,246.4
2019-10-09T07:31:00,30.8,213.2,227.1,0.9,420.0,244.4
2019-10-09T07:31:31,30.8,222.1,228.9,0.8,420.0,244.4
2019-10-09T07:32:02,30.9,218.5,234.2,0.9,430.0,245.4
2019-10-09T07:32:33,30.9,217.9,240.7,1.0,430.0,243.5
2019-10-09T07:33:04,30.9,223.2,244.3,0.8,440.0,243.5
2019-10-09T07:33:35,30.9,218.5,232.4,0.9,440.0,243.5
2019-10-09T07:34:06,30.9,222.1,237.8,0.8,440.0,243.5
2019-10-09T07:34:37,31.0,216.7,240.7,0.9,450.0,244.4
2019-10-09T07:35:08,31.0,213.8,228.9,0.8,450.0,242.5
2019-10-09T07:35:39,31.0,220.9,241.3,0.8,460.0,246.4
2019-10-09T07:36:11,31.0,209.1,236.0,0.9,460.0,246.4
2019-10-09T07:36:42,31.1,223.8,234.2,0.8,460.0,246.4
2019-10-09T07:37:13,31.1,210.2,238.4,0.9,470.0,243.5
2019-10-09T07:37:44,31.1,218.5,232.4,0.8,470.0,245.4
2019-10-09T07:38:15,31.1,223.2,238.4,0.8,480.0,243.5
2019-10-09T07:38:46,31.1,217.9,241.9,0.9,480.0,244.4
2019-10-09T07:39:17,31.1,222.1,234.2,0.9,480.0,245.4
2019-10-09T07:39:48,31.2,210.8,237.8,0.8,490.0,245.4
2019-10-09T07:40:19,31.1,216.2,235.4,0.9,490.0,245.4
2019-10-09T07:40:51,31.1,216.7,233.6,0.9,490.0,245.4
2019-10-09T07:41:22,31.2,208.5,243.1,0.9,500.0,247.3
2019-10-09T07:41:53,31.1,215.0,237.8,1.0,500.0,246.4
2019-10-09T07:42:24,31.1,223.2,236.0,0.9,510.0,245.4
2019-10-09T07:42:55,31.1,210.8,239.5,0.9,510.0,247.3
2019-10-09T07:43:26,31.2,217.3,230.1,0.9,510.0,245.4
2019-10-09T07:43:57,31.2,218.5,241.3,0.9,520.0,245.4
2019-10-09T07:44:28,31.2,216.7,228.3,0.9,520.0,245.4
2019-10-09T07:44:59,31.1,213.8,244.9,0.9,530.0,244.4
2019-10-09T07:45:30,31.1,217.9,223.0,0.9,530.0,244.4
2019-10-09T07:46:02,31.1,220.9,243.1,0.9,530.0,244.4
2019-10-09T07:46:33,31.2,208.5,234.2,0.9,540.0,245.4
2019-10-09T07:47:04,31.2,219.7,237.8,0.9,540.0,244.4
2019-10-09T07:47:35,31.2,217.3,234.8,1.0,550.0,244.4
2019-10-09T07:48:06,31.2,210.2,230.7,1.0,550.0,243.5
2019-10-09T07:48:37,31.4,217.9,240.1,0.9,560.0,243.5
2019-10-09T07:49:08,31.4,216.7,237.8,0.9,560.0,244.4
2019-10-09T07:49:39,31.4,210.8,239.0,1.0,560.0,245.4
2019-10-09T07:50:10,31.4,218.5,227.1,1.0,570.0,244.4
2019-10-09T07:50:42,31.4,223.2,244.9,0.9,570.0,243.5
2019-10-09T07:51:13,31.5,223.8,228.9,0.9,580.0,244.4
2019-10-09T07:51:44,31.5,221.5,237.8,0.8,580.0,246.4
2019-10-09T07:52:15,31.5,222.7,228.9,0.9,580.0,246.4
2019-10-09T07:52:46,31.5,216.2,224.8,1.0,590.0,248.3
2019-10-09T07:53:17,31.5,210.2,226.5,1.0,590.0,245.4
2019-10-09T07:53:48,31.5,189.6,244.3,1.0,600.0,246.4
2019-10-09T07:54:19,31.5,183.1,230.1,1.1,600.0,245.4
2019-10-09T07:54:50,31.5,203.7,240.1,0.9,600.0,245.4
2019-10-09T07:55:21,31.6,220.3,230.1,0.9,610.0,245.4
2019-10-09T07:55:53,31.6,225.0,241.9,0.9,610.0,245.4
2019-10-09T07:56:25,31.6,222.1,234.8,0.9,620.0,244.4
2019-10-09T07:56:56,31.6,220.9,234.8,0.9,620.0,245.4
2019-10-09T07:57:27,31.6,209.1,233.0,1.0,620.0,246.4
2019-10-09T07:57:58,31.7,210.2,243.1,1.0,630.0,244.4
2019-10-09T07:58:29,31.7,207.9,239.0,1.0,630.0,244.4
2019-10-09T07:59:00,31.7,216.2,236.0,0.9,640.0,243.5
2019-10-09T07:59:31,31.8,216.2,241.9,0.9,640.0,245.4
2019-10-09T08:00:02,31.7,216.2,237.2,0.9,650.0,245.4
2019-10-09T08:00:34,31.7,220.9,236.0,0.9,650.0,246.4
2019-10-09T08:01:05,31.7,218.5,233.6,0.9,650.0,245.4
2019-10-09T08:01:36,31.7,218.5,244.3,0.8,660.0,246.4
2019-10-09T08:02:07,31.7,210.2,222.4,0.9,660.0,245.4
2019-10-09T08:02:38,31.7,222.1,242.5,0.9,670.0,245.4
2019-10-09T08:03:09,31.7,220.9,237.2,0.8,670.0,246.4
2019-10-09T08:03:40,31.7,217.3,228.3,0.8,670.0,244.4
2019-10-09T08:04:11,31.8,213.2,246.6,1.0,680.0,244.4
2019-10-09T08:04:42,31.7,214.4,224.8,0.9,680.0,244.4
2019-10-09T08:05:13,31.7,217.9,234.2,0.9,690.0,245.4
2019-10-09T08:05:45,31.8,209.1,237.8,1.0,690.0,243.5
2019-10-09T08:06:17,31.8,223.2,234.2,1.0,690.0,242.5
2019-10-09T08:06:48,31.8,224.4,239.0,1.0,700.0,245.4
2019-10-09T08:07:19,31.8,203.2,230.1,1.0,700.0,244.4
2019-10-09T08:07:50,31.8,180.7,242.5,1.2,710.0,245.4
2019-10-09T08:08:21,31.8,178.9,227.7,1.2,710.0,246.4
2019-10-09T08:08:52,31.8,175.4,243.7,1.2,720.0,246.4
2019-10-09T08:09:23,31.8,197.8,228.3,1.2,720.0,244.4
2019-10-09T08:09:54,31.8,219.1,239.0,1.1,730.0,244.4
2019-10-09T08:10:25,31.9,214.4,239.5,1.1,730.0,244.4
2019-10-09T08:10:56,31.9,213.2,225.9,1.1,740.0,247.3
2019-10-09T08:11:28,31.9,218.5,246.1,1.2,740.0,246.4
2019-10-09T08:11:59,31.9,213.2,227.7,1.2,750.0,246.4
2019-10-09T08:12:30,31.9,186.0,252.0,1.7,750.0,246.4
2019-10-09T08:13:01,31.8,209.7,225.4,1.8,760.0,246.4
2019-10-09T08:13:32,31.9,194.9,239.0,1.5,760.0,247.3
2019-10-09T08:14:03,31.9,179.5,247.2,1.4,770.0,247.3
2019-10-09T08:14:34,31.9,180.1,229.5,1.3,780.0,247.3
2019-10-09T08:15:05,31.9,202.0,231.9,1.1,780.0,246.4
2019-10-09T08:15:36,31.9,223.2,232.4,1.1,780.0,245.4
2019-10-09T08:16:08,31.9,206.1,241.9,1.2,790.0,244.4
2019-10-09T08:16:39,32.0,218.5,223.6,1.1,790.0,245.4
2019-10-09T08:17:10,32.0,194.9,244.3,1.5,800.0,245.4
2019-10-09T08:17:41,32.0,157.1,257.9,2.7,810.0,246.4
2019-10-09T08:18:12,32.0,166.5,233.6,2.7,810.0,246.4
2019-10-09T08:18:43,32.0,168.3,234.2,1.5,820.0,245.4
2019-10-09T08:19:14,32.0,190.2,224.8,1.3,820.0,245.4
2019-10-09T08:19:45,32.0,211.4,244.9,1.1,830.0,244.4
2019-10-09T08:20:16,32.2,213.2,221.8,1.2,830.0,244.4
2019-10-09T08:20:48,32.2,211.4,243.7,1.2,840.0,244.4
2019-10-09T08:21:19,32.3,213.2,223.0,1.2,840.0,246.4
2019-10-09T08:21:50,32.3,216.2,244.9,1.3,850.0,247.3
2019-10-09T08:22:21,32.3,223.2,239.0,1.1,850.0,246.4
2019-10-09T08:22:52,32.3,223.2,224.2,1.2,860.0,245.4
2019-10-09T08:23:23,32.3,215.0,241.3,1.2,860.0,246.4
2019-10-09T08:23:54,32.4,219.7,225.9,1.3,870.0,245.4
2019-10-09T08:24:25,32.4,216.7,243.7,1.2,880.0,246.4
2019-10-09T08:24:56,32.4,215.6,230.1,1.2,880.0,246.4
2019-10-09T08:25:27,32.5,216.2,238.4,1.3,890.0,248.3
2019-10-09T08:25:59,32.5,222.7,238.4,1.3,890.0,247.3
2019-10-09T08:26:31,32.5,199.0,230.1,2.3,900.0,246.4
2019-10-09T08:27:02,32.5,180.1,225.9,2.2,910.0,247.3
2019-10-09T08:27:33,32.5,159.4,246.1,2.0,910.0,246.4
2019-10-09T08:28:04,32.6,174.8,228.9,1.9,920.0,249.3
2019-10-09T08:28:35,32.6,213.2,198.1,2.4,930.0,249.3
2019-10-09T08:29:06,32.5,215.6,197.5,2.5,930.0,248.3
2019-10-09T08:29:37,32.5,216.2,232.4,2.5,940.0,247.3
2019-10-09T08:30:08,32.4,223.2,234.8,2.5,950.0,246.4
2019-10-09T08:30:39,32.3,221.5,243.1,2.6,960.0,245.4
2019-10-09T08:31:11,32.3,225.6,237.8,2.5,980.0,245.4
2019-10-09T08:31:42,32.4,222.7,236.0,2.5,990.0,247.3
2019-10-09T08:32:13,32.4,219.7,228.9,2.7,1000.0,248.3
2019-10-09T08:32:44,32.4,216.7,239.0,2.6,1010.0,247.3
2019-10-09T08:33:15,32.3,222.7,232.4,2.7,1020.0,247.3
2019-10-09T08:33:46,32.3,217.3,243.1,2.7,1030.0,246.4
2019-10-09T08:34:17,32.4,222.7,232.4,2.7,1040.0,245.4
2019-10-09T08:34:48,32.5,219.1,230.1,2.8,1050.0,245.4
2019-10-09T08:35:19,32.5,216.7,233.0,2.7,1060.0,246.4
2019-10-09T08:35:50,32.6,210.2,223.6,2.7,1070.0,246.4
2019-10-09T08:36:22,32.7,217.3,234.2,2.8,1080.0,248.3
2019-10-09T08:36:53,32.7,215.0,227.1,2.8,1090.0,248.3
2019-10-09T08:37:24,32.7,217.3,235.4,2.9,1100.0,247.3
2019-10-09T08:37:55,32.7,217.9,230.1,2.9,1110.0,247.3
2019-10-09T08:38:26,32.7,219.7,229.5,2.9,1120.0,247.3
2019-10-09T08:38:57,32.9,220.9,236.0,2.9,1140.0,248.3
2019-10-09T08:39:28,32.7,215.0,225.9,2.9,1150.0,246.4
2019-10-09T08:39:59,32.7,216.2,228.3,2.9,1160.0,247.3
2019-10-09T08:40:30,32.7,216.2,237.2,2.8,1170.0,247.3
2019-10-09T08:41:02,32.9,216.7,233.0,3.0,1180.0,247.3
2019-10-09T08:41:33,32.9,216.7,227.1,2.9,1190.0,247.3
2019-10-09T08:42:04,32.7,220.3,228.9,2.9,1200.0,247.3
2019-10-09T08:42:35,32.7,216.2,237.8,2.9,1220.0,247.3
2019-10-09T08:43:06,32.6,216.7,232.4,2.9,1230.0,247.3
2019-10-09T08:43:37,32.5,216.7,234.8,2.8,1240.0,245.4
2019-10-09T08:44:08,32.5,222.1,224.2,2.7,1250.0,246.4
2019-10-09T08:44:39,32.4,220.9,236.6,2.8,1260.0,246.4
2019-10-09T08:45:10,32.4,222.7,234.8,2.9,1270.0,245.4
2019-10-09T08:45:41,32.3,222.1,231.3,2.8,1280.0,244.4
2019-10-09T08:46:13,32.4,220.3,227.7,3.0,1300.0,245.4
2019-10-09T08:46:44,32.4,220.9,240.1,2.8,1310.0,246.4
2019-10-09T08:47:15,32.4,219.1,221.2,3.1,1320.0,247.3
2019-10-09T08:47:46,32.3,215.6,229.5,3.0,1330.0,246.4
2019-10-09T08:48:17,32.3,217.3,224.8,2.9,1340.0,246.4
2019-10-09T08:48:48,32.3,213.2,236.0,3.0,1350.0,246.4
2019-10-09T08:49:19,32.3,212.6,221.8,3.0,1370.0,247.3
2019-10-09T08:49:50,32.3,215.6,230.1,3.1,1380.0,249.3
2019-10-09T08:50:21,32.4,216.2,237.8,3.1,1390.0,247.3
2019-10-09T08:50:53,32.4,217.3,230.7,3.1,1400.0,248.3
2019-10-09T08:51:25,32.4,220.9,237.8,3.1,1410.0,248.3
2019-10-09T08:51:56,32.3,220.3,237.2,3.0,1430.0,248.3
2019-10-09T08:52:27,32.4,220.3,223.0,3.0,1440.0,249.3
2019-10-09T08:52:58,32.4,215.0,237.8,3.3,1450.0,247.3
2019-10-09T08:53:29,32.4,215.0,221.8,3.3,1460.0,246.4
2019-10-09T08:54:00,32.4,216.7,231.9,3.3,1480.0,249.3
2019-10-09T08:54:31,32.5,219.1,237.8,3.1,1490.0,248.3
2019-10-09T08:55:02,32.5,216.2,231.9,3.2,1500.0,247.3
2019-10-09T08:55:33,32.6,214.4,227.1,3.2,1510.0,248.3
2019-10-09T08:56:05,32.5,213.8,224.2,3.2,1530.0,248.3
2019-10-09T08:56:36,32.6,213.2,233.0,3.4,1540.0,249.3
2019-10-09T08:57:07,32.6,213.8,233.0,3.3,1550.0,247.3
2019-10-09T08:57:38,32.5,218.5,225.9,3.2,1560.0,250.2
2019-10-09T08:58:09,32.5,218.5,224.2,3.2,1580.0,249.3
2019-10-09T08:58:40,32.3,220.3,233.0,3.2,1590.0,250.2
2019-10-09T08:59:11,32.4,215.6,232.4,3.3,1600.0,250.2
2019-10-09T08:59:42,32.3,215.0,235.4,3.3,1620.0,249.3
2019-10-09T09:00:13,32.3,214.4,234.8,3.4,1630.0,249.3
2019-10-09T09:00:45,32.5,213.8,233.6,3.5,1640.0,249.3
2019-10-09T09:01:16,32.5,216.2,237.8,3.3,1660.0,249.3
2019-10-09T09:01:47,32.5,219.1,234.8,3.3,1670.0,249.3
2019-10-09T09:02:18,32.6,215.0,233.0,3.5,1680.0,250.2
2019-10-09T09:02:49,32.7,212.0,227.7,3.5,1690.0,251.2
2019-10-09T09:03:20,32.7,212.6,236.6,3.7,1710.0,250.2
2019-10-09T09:03:51,32.7,215.0,225.9,3.5,1720.0,251.2
2019-10-09T09:04:22,32.7,212.0,226.5,3.6,1740.0,249.3
2019-10-09T09:04:53,32.9,213.2,228.3,3.6,1750.0,250.2
2019-10-09T09:05:24,32.9,213.8,234.2,3.6,1760.0,249.3
2019-10-09T09:05:56,33.0,211.4,234.2,3.6,1780.0,251.2
2019-10-09T09:06:28,33.1,213.2,224.2,3.7,1790.0,251.2
2019-10-09T09:06:59,33.1,213.8,227.1,3.7,1810.0,249.3
2019-10-09T09:07:30,33.2,219.1,234.8,3.6,1820.0,249.3
2019-10-09T09:08:01,33.2,213.2,225.4,3.8,1830.0,250.2
2019-10-09T09:08:32,33.2,212.6,224.2,3.7,1850.0,249.3
2019-10-09T09:09:03,33.3,216.7,228.9,3.7,1860.0,251.2
2019-10-09T09:09:34,33.3,215.0,236.0,3.7,1880.0,248.3
2019-10-09T09:10:05,33.4,215.6,228.3,3.7,1890.0,248.3
2019-10-09T09:10:36,33.4,212.6,221.2,3.8,1910.0,248.3
2019-10-09T09:11:08,33.5,209.7,235.4,3.9,1920.0,248.3
2019-10-09T09:11:39,33.5,212.0,223.0,3.9,1940.0,249.3
2019-10-09T09:12:10,33.7,213.2,219.4,3.8,1950.0,248.3
2019-10-09T09:12:41,33.8,215.0,230.7,4.0,1960.0,247.3
2019-10-09T09:13:12,33.8,211.4,231.9,4.0,1980.0,248.3
2019-10-09T09:13:43,33.9,213.2,217.1,4.1,2000.0,249.3
2019-10-09T09:14:14,33.9,213.2,224.8,4.0,2010.0,248.3
2019-10-09T09:14:45,33.8,214.4,231.9,4.2,2030.0,248.3
2019-10-09T09:15:16,33.9,210.8,228.9,4.0,2040.0,248.3
2019-10-09T09:15:47,33.9,216.2,231.9,3.9,2060.0,249.3
2019-10-09T09:16:19,34.0,210.8,227.7,4.1,2070.0,250.2
2019-10-09T09:16:50,34.1,215.6,225.4,3.8,2090.0,249.3
2019-10-09T09:17:21,34.1,195.5,210.0,4.3,2110.0,250.2
2019-10-09T09:17:52,34.2,213.2,230.7,4.1,2120.0,249.3
2019-10-09T09:18:23,34.4,215.0,229.5,4.2,2140.0,250.2
2019-10-09T09:18:54,34.5,212.6,222.4,4.1,2150.0,250.2
2019-10-09T09:19:25,34.5,210.2,223.0,4.0,2170.0,250.2
2019-10-09T09:19:56,34.6,209.7,223.0,4.0,2180.0,251.2
2019-10-09T09:20:27,34.7,207.3,220.6,4.2,2200.0,250.2
2019-10-09T09:20:59,34.7,212.0,217.1,4.2,2210.0,251.2
2019-10-09T09:21:30,34.6,207.9,221.8,4.3,2230.0,249.3
2019-10-09T09:22:01,34.6,207.9,233.0,4.4,2250.0,250.2
2019-10-09T09:22:32,34.6,212.6,225.4,4.2,2260.0,250.2
2019-10-09T09:23:03,34.6,210.2,220.6,4.4,2280.0,251.2
2019-10-09T09:23:34,34.6,215.0,231.9,4.3,2300.0,251.2
2019-10-09T09:24:05,34.7,210.8,225.4,4.5,2310.0,250.2
2019-10-09T09:24:36,34.7,213.8,218.8,4.3,2330.0,252.2
2019-10-09T09:25:07,34.5,215.0,216.5,4.4,2350.0,249.3
2019-10-09T09:25:39,34.5,210.8,220.0,4.5,2360.0,249.3
2019-10-09T09:26:11,34.5,211.4,229.5,4.4,2380.0,249.3
2019-10-09T09:26:42,34.6,212.0,221.8,4.3,2400.0,249.3
2019-10-09T09:27:13,34.7,211.4,221.8,4.2,2410.0,249.3
2019-10-09T09:27:44,34.8,204.9,221.2,4.1,2430.0,249.3
2019-10-09T09:28:15,34.9,210.2,231.3,3.4,2440.0,250.2
2019-10-09T09:28:46,35.0,203.2,224.8,2.6,2460.0,248.3
2019-10-09T09:29:17,34.9,213.8,199.9,3.5,2470.0,248.3
2019-10-09T09:29:48,34.9,212.0,208.8,2.4,2480.0,248.3
2019-10-09T09:30:19,34.9,203.2,201.7,2.0,2490.0,249.3
2019-10-09T09:30:50,35.0,179.5,229.5,2.7,2500.0,249.3
2019-10-09T09:31:22,35.2,152.9,208.8,4.6,2510.0,249.3
2019-10-09T09:31:53,35.2,178.3,233.0,5.1,2520.0,250.2
2019-10-09T09:32:24,35.3,168.9,228.3,4.0,2540.0,252.2
2019-10-09T09:32:55,35.3,203.7,215.3,4.9,2560.0,251.2
2019-10-09T09:33:26,35.4,209.1,223.6,4.8,2580.0,252.2
2019-10-09T09:33:57,35.5,212.6,220.0,4.9,2590.0,253.1
2019-10-09T09:34:28,35.5,210.8,225.9,5.0,2610.0,252.2
2019-10-09T09:34:59,35.6,210.8,224.8,4.7,2630.0,253.1
2019-10-09T09:35:30,35.7,210.8,221.2,4.8,2650.0,253.1
2019-10-09T09:36:01,35.7,204.9,225.9,4.9,2670.0,252.2
2019-10-09T09:36:32,35.7,204.3,221.2,4.7,2690.0,252.2
2019-10-09T09:37:03,35.7,207.9,219.4,4.9,2700.0,252.2
2019-10-09T09:37:34,35.9,204.9,224.2,4.9,2720.0,252.2
2019-10-09T09:38:05,36.0,204.9,219.4,5.0,2740.0,253.1
2019-10-09T09:38:36,36.1,206.7,218.8,5.0,2760.0,252.2
2019-10-09T09:39:07,36.1,204.9,221.2,4.9,2780.0,252.2
2019-10-09T09:39:38,36.2,207.9,216.5,4.8,2800.0,250.2
2019-10-09T09:40:09,36.3,203.2,223.0,3.6,2810.0,252.2
2019-10-09T09:40:41,36.3,178.3,223.6,3.2,2830.0,249.3
2019-10-09T09:41:13,36.4,171.3,230.7,2.5,2840.0,249.3
2019-10-09T09:41:44,36.4,209.1,192.2,4.8,2850.0,249.3
2019-10-09T09:42:15,36.4,211.4,190.4,2.2,2860.0,250.2
2019-10-09T09:42:46,36.4,182.5,228.9,3.7,2870.0,249.3
2019-10-09T09:43:17,36.5,160.0,218.3,5.7,2880.0,249.3
2019-10-09T09:43:48,36.5,174.8,223.6,3.5,2900.0,250.2
2019-10-09T09:44:19,36.5,164.8,223.6,5.7,2920.0,251.2
2019-10-09T09:44:50,36.5,196.1,220.0,5.2,2940.0,252.2
2019-10-09T09:45:21,36.7,209.1,218.8,5.1,2950.0,252.2
2019-10-09T09:45:52,36.7,206.7,224.8,4.6,2970.0,251.2
2019-10-09T09:46:24,36.8,202.6,221.8,4.6,2990.0,250.2
2019-10-09T09:46:55,36.9,209.1,215.9,5.0,3010.0,251.2
2019-10-09T09:47:26,36.9,207.9,211.2,5.0,3030.0,252.2
2019-10-09T09:47:57,36.9,202.6,214.7,4.9,3050.0,250.2
2019-10-09T09:48:28,36.9,191.3,214.1,5.1,3060.0,252.2
2019-10-09T09:48:59,36.9,201.4,218.3,5.1,3080.0,252.2
2019-10-09T09:49:30,37.0,209.7,217.7,4.7,3100.0,251.2
2019-10-09T09:50:01,36.8,208.5,222.4,4.7,3120.0,250.2
2019-10-09T09:50:33,36.9,207.9,217.7,4.9,3140.0,251.2
2019-10-09T09:51:04,37.0,204.3,211.7,5.3,3160.0,252.2
2019-10-09T09:51:35,37.1,207.3,214.7,5.2,3170.0,252.2
2019-10-09T09:52:06,37.1,208.5,217.1,5.1,3190.0,252.2
2019-10-09T09:52:37,37.2,204.9,215.3,5.1,3210.0,252.2
2019-10-09T09:53:08,37.2,206.1,214.1,2.9,3230.0,251.2
2019-10-09T09:53:39,37.4,196.7,224.8,3.2,3240.0,251.2
2019-10-09T09:54:10,37.4,208.5,211.2,2.8,3250.0,250.2
2019-10-09T09:54:41,37.4,174.8,185.7,4.3,3260.0,251.2
2019-10-09T09:55:12,37.4,174.8,194.6,3.5,3280.0,248.3
2019-10-09T09:55:44,37.5,170.1,210.0,2.7,3290.0,249.3
2019-10-09T09:56:15,37.5,207.3,244.3,4.0,3300.0,250.2
2019-10-09T09:56:46,37.5,207.3,221.8,4.5,3320.0,251.2
2019-10-09T09:57:18,37.5,207.3,221.2,3.5,3330.0,250.2
2019-10-09T09:57:49,37.6,199.6,204.6,2.8,3340.0,251.2
2019-10-09T09:58:20,37.6,201.4,194.0,5.4,3360.0,252.2
2019-10-09T09:58:51,37.7,207.9,223.6,5.5,3380.0,252.2
2019-10-09T09:59:22,37.7,207.3,218.8,4.4,3400.0,251.2
2019-10-09T09:59:53,37.5,183.1,217.1,5.4,3420.0,250.2
2019-10-09T10:00:24,37.2,186.0,212.9,5.3,3430.0,251.2
2019-10-09T10:00:55,37.2,191.9,211.7,5.1,3450.0,250.2
2019-10-09T10:01:27,37.2,203.7,220.0,4.8,3470.0,249.3
2019-10-09T10:01:58,37.2,206.7,218.8,5.0,3490.0,249.3
2019-10-09T10:02:29,36.9,203.7,218.3,5.1,3510.0,249.3
2019-10-09T10:03:00,37.0,204.9,218.8,5.0,3530.0,249.3
2019-10-09T10:03:31,37.1,203.2,216.5,4.6,3550.0,251.2
2019-10-09T10:04:02,37.2,210.2,224.8,4.2,3560.0,251.2
2019-10-09T10:04:33,37.4,203.7,217.1,4.3,3580.0,251.2
2019-10-09T10:05:04,37.5,205.5,217.1,4.0,3590.0,250.2
2019-10-09T10:05:36,37.5,207.3,217.1,3.9,3610.0,249.3
2019-10-09T10:06:07,37.6,206.7,221.8,4.1,3620.0,251.2
2019-10-09T10:06:38,37.7,206.7,217.1,4.0,3640.0,249.3
2019-10-09T10:07:09,37.7,196.1,224.2,4.6,3650.0,251.2
2019-10-09T10:07:40,37.8,192.5,212.3,5.2,3670.0,253.1
2019-10-09T10:08:11,37.8,197.8,214.7,4.4,3690.0,252.2
2019-10-09T10:08:42,37.9,206.7,201.7,4.0,3700.0,252.2
2019-10-09T10:09:13,37.9,210.8,205.8,4.2,3720.0,249.3
2019-10-09T10:09:44,37.9,208.5,211.2,1.9,3730.0,248.3
2019-10-09T10:10:15,37.9,208.5,214.7,1.9,3740.0,250.2
2019-10-09T10:10:47,38.0,177.2,249.0,4.6,3750.0,252.2
2019-10-09T10:11:18,38.0,155.9,218.8,6.1,3760.0,252.2
2019-10-09T10:11:49,38.0,155.9,217.1,3.4,3780.0,248.3
2019-10-09T10:12:20,38.0,161.2,220.6,2.0,3790.0,247.3
2019-10-09T10:12:51,37.9,159.4,217.1,1.9,3790.0,246.4
2019-10-09T10:13:22,38.0,160.6,215.9,1.8,3800.0,247.3
2019-10-09T10:13:53,37.9,158.3,215.9,1.6,3810.0,247.3
2019-10-09T10:14:24,38.0,175.4,220.0,1.5,3810.0,247.3
2019-10-09T10:14:55,38.0,163.6,225.9,1.6,3820.0,247.3
2019-10-09T10:15:26,37.9,173.0,220.6,1.4,3820.0,247.3
2019-10-09T10:15:58,38.0,170.1,221.8,1.4,3830.0,246.4
2019-10-09T10:16:30,37.9,189.6,224.8,1.2,3830.0,247.3
2019-10-09T10:17:01,37.9,192.5,225.4,1.1,3840.0,246.4
2019-10-09T10:17:32,37.9,213.2,212.9,1.1,3840.0,246.4
2019-10-09T10:18:03,37.8,209.1,231.9,1.1,3850.0,246.4
2019-10-09T10:18:34,37.8,213.2,215.3,1.2,3850.0,245.4
2019-10-09T10:19:05,37.8,204.9,227.7,1.2,3860.0,246.4
2019-10-09T10:19:36,37.8,213.2,231.9,1.1,3860.0,246.4
2019-10-09T10:20:07,37.8,212.0,222.4,1.2,3870.0,245.4
2019-10-09T10:20:38,37.8,200.2,227.1,1.3,3870.0,246.4
2019-10-09T10:21:10,37.8,215.0,228.3,1.1,3880.0,245.4
2019-10-09T10:21:41,37.8,205.5,231.9,1.2,3880.0,246.4
2019-10-09T10:22:12,37.8,213.2,218.3,1.2,3890.0,246.4
2019-10-09T10:22:43,37.7,212.0,227.7,1.3,3890.0,246.4
2019-10-09T10:23:14,37.7,211.4,224.2,1.3,3900.0,247.3
2019-10-09T10:23:45,37.7,215.6,223.6,1.2,3900.0,245.4
2019-10-09T10:24:16,37.7,204.9,230.1,1.4,3910.0,246.4
2019-10-09T10:24:47,37.7,211.4,220.6,1.4,3910.0,246.4
2019-10-09T10:25:18,37.7,217.9,235.4,1.5,3920.0,247.3
2019-10-09T10:25:50,37.7,215.6,217.1,1.5,3920.0,246.4
2019-10-09T10:26:21,37.7,200.8,241.9,1.7,3930.0,246.4
2019-10-09T10:26:52,37.7,167.7,205.8,3.2,3940.0,250.2
2019-10-09T10:27:23,37.7,177.2,229.5,2.9,3950.0,251.2
2019-10-09T10:27:54,37.7,164.2,228.9,5.2,3970.0,252.2
2019-10-09T10:28:25,37.7,203.2,231.3,6.3,3990.0,252.2
2019-10-09T10:28:56,37.8,210.2,227.7,6.2,4010.0,252.2
2019-10-09T10:29:27,37.8,212.0,223.0,6.1,4030.0,252.2
2019-10-09T10:29:58,37.9,213.2,224.8,5.8,4050.0,252.2
2019-10-09T10:30:29,37.9,206.1,220.6,5.9,4080.0,252.2
2019-10-09T10:31:01,38.0,209.1,215.9,6.0,4100.0,252.2
2019-10-09T10:31:32,38.2,209.1,215.9,5.9,4120.0,253.1
2019-10-09T10:32:03,38.2,206.1,217.1,6.1,4140.0,252.2
2019-10-09T10:32:34,38.3,204.9,215.3,6.0,4160.0,254.1
2019-10-09T10:33:05,38.3,203.2,222.4,5.9,4190.0,252.2
2019-10-09T10:33:36,38.4,200.2,214.7,6.2,4210.0,254.1
2019-10-09T10:34:07,38.5,206.1,218.8,5.9,4230.0,253.1
2019-10-09T10:34:38,38.5,205.5,212.3,5.8,4250.0,252.2
2019-10-09T10:35:09,38.6,201.4,217.7,6.0,4270.0,253.1
2019-10-09T10:35:41,38.6,203.2,213.5,5.9,4290.0,250.2
2019-10-09T10:36:12,38.7,203.2,217.7,5.5,4320.0,250.2
2019-10-09T10:36:43,38.9,203.7,208.8,6.0,4340.0,250.2
2019-10-09T10:37:14,38.9,202.0,214.7,5.9,4360.0,249.3
2019-10-09T10:37:45,38.7,203.7,207.0,5.6,4380.0,250.2
2019-10-09T10:38:16,38.6,202.0,215.9,5.6,4400.0,251.2
2019-10-09T10:38:47,38.7,200.2,205.8,5.7,4410.0,251.2
2019-10-09T10:39:18,38.7,197.8,215.3,5.7,4430.0,248.3
2019-10-09T10:39:49,38.9,201.4,216.5,3.2,4450.0,248.3
2019-10-09T10:40:20,39.0,177.2,240.1,5.4,4460.0,250.2
2019-10-09T10:40:52,39.0,206.1,210.6,5.4,4480.0,250.2
2019-10-09T10:41:23,39.1,199.6,217.7,5.7,4500.0,249.3
2019-10-09T10:41:54,39.1,193.1,218.8,6.0,4520.0,251.2
2019-10-09T10:42:25,39.1,200.8,214.1,6.1,4540.0,251.2
2019-10-09T10:42:56,39.2,199.0,217.1,6.1,4560.0,251.2
2019-10-09T10:43:27,39.2,201.4,211.7,5.9,4580.0,252.2
2019-10-09T10:43:59,39.2,200.2,217.7,5.9,4600.0,252.2
2019-10-09T10:44:30,39.0,199.0,215.3,6.1,4620.0,251.2
2019-10-09T10:45:01,39.1,198.4,206.4,6.1,4650.0,251.2
2019-10-09T10:45:32,39.0,200.8,208.8,6.0,4670.0,252.2
2019-10-09T10:46:04,39.0,197.8,207.0,6.1,4690.0,252.2
2019-10-09T10:46:35,39.1,196.7,211.2,6.3,4710.0,252.2
2019-10-09T10:47:06,39.0,200.2,210.0,6.1,4730.0,252.2
2019-10-09T10:47:37,39.1,196.7,209.4,6.2,4760.0,252.2
2019-10-09T10:48:08,39.2,200.2,205.8,6.2,4780.0,252.2
2019-10-09T10:48:39,39.3,198.4,204.6,6.1,4800.0,252.2
2019-10-09T10:49:10,39.4,196.7,207.6,6.3,4820.0,253.1
2019-10-09T10:49:41,39.5,197.8,210.6,6.2,4840.0,252.2
2019-10-09T10:50:12,39.7,195.5,212.9,6.2,4860.0,252.2
2019-10-09T10:50:43,39.7,194.3,213.5,6.3,4890.0,251.2
2019-10-09T10:51:15,39.8,197.3,211.7,6.2,4910.0,252.2
2019-10-09T10:51:46,39.9,195.5,211.7,6.4,4930.0,251.2
2019-10-09T10:52:17,39.8,200.2,215.3,6.2,4950.0,251.2
2019-10-09T10:52:48,39.5,199.6,211.2,6.2,4970.0,252.2
2019-10-09T10:53:19,39.5,194.9,212.3,6.2,5000.0,252.2
2019-10-09T10:53:50,39.5,196.1,208.8,6.2,5020.0,252.2
2019-10-09T10:54:21,39.7,197.8,205.2,6.1,5040.0,252.2
2019-10-09T10:54:52,39.8,196.7,208.2,6.2,5060.0,251.2
2019-10-09T10:55:23,39.8,195.5,210.6,6.3,5080.0,252.2
2019-10-09T10:55:55,39.8,195.5,211.2,6.2,5100.0,253.1
2019-10-09T10:56:26,39.9,197.8,209.4,6.1,5130.0,253.1
2019-10-09T10:56:57,39.9,196.1,207.0,6.2,5150.0,251.2
2019-10-09T10:57:28,39.9,199.0,205.2,6.0,5170.0,252.2
2019-10-09T10:57:59,40.0,200.2,205.2,5.9,5190.0,251.2
2019-10-09T10:58:30,40.0,196.7,207.0,6.1,5210.0,251.2
2019-10-09T10:59:01,40.1,196.1,204.1,6.1,5230.0,250.2
2019-10-09T10:59:32,40.1,197.8,210.0,6.0,5250.0,250.2
2019-10-09T11:00:03,40.2,198.4,212.9,5.9,5270.0,250.2
2019-10-09T11:00:35,40.2,200.2,217.1,6.1,5290.0,251.2
2019-10-09T11:01:07,40.4,196.7,210.0,6.2,5320.0,252.2
2019-10-09T11:01:38,40.4,196.1,210.0,6.2,5340.0,252.2
2019-10-09T11:02:09,40.5,200.8,210.6,5.9,5360.0,252.2
2019-10-09T11:02:40,40.5,199.0,205.8,6.2,5380.0,253.1
2019-10-09T11:03:11,40.5,196.1,208.2,6.4,5400.0,251.2
2019-10-09T11:03:42,40.6,195.5,205.2,6.5,5420.0,252.2
2019-10-09T11:04:13,40.6,200.2,205.8,6.1,5450.0,252.2
2019-10-09T11:04:44,40.7,198.4,206.4,6.3,5470.0,252.2
2019-10-09T11:05:15,40.7,196.7,211.2,6.5,5490.0,252.2
2019-10-09T11:05:46,40.8,193.7,207.0,6.5,5510.0,251.2
2019-10-09T11:06:18,40.8,191.9,215.9,6.5,5540.0,251.2
2019-10-09T11:06:49,40.8,195.5,211.7,6.4,5560.0,251.2
2019-10-09T11:07:20,40.9,199.0,208.8,4.3,5580.0,249.3
2019-10-09T11:07:51,40.9,187.8,224.8,3.3,5590.0,249.3
2019-10-09T11:08:22,40.9,212.0,214.7,4.1,5610.0,249.3
2019-10-09T11:08:53,40.9,198.4,218.8,6.5,5630.0,252.2
2019-10-09T11:09:24,40.9,197.8,211.2,5.9,5650.0,251.2
2019-10-09T11:09:55,41.0,193.1,201.1,3.1,5670.0,250.2
2019-10-09T11:10:26,41.0,177.8,224.8,3.0,5680.0,249.3
2019-10-09T11:10:57,41.0,164.8,232.4,3.6,5690.0,248.3
2019-10-09T11:11:29,41.0,162.4,226.5,7.2,5710.0,251.2
2019-10-09T11:12:00,41.0,177.2,219.4,5.6,5730.0,251.2
2019-10-09T11:12:31,41.0,190.8,224.2,6.4,5740.0,252.2
2019-10-09T11:13:02,41.0,195.5,212.3,6.3,5770.0,251.2
2019-10-09T11:13:33,41.2,200.8,204.1,6.1,5790.0,251.2
2019-10-09T11:14:04,41.2,207.3,213.5,4.1,5810.0,250.2
2019-10-09T11:14:35,41.2,203.2,218.8,2.0,5820.0,247.3
2019-10-09T11:15:06,41.0,197.3,221.8,4.7,5830.0,249.3
2019-10-09T11:15:38,41.0,180.7,238.4,6.7,5850.0,250.2
2019-10-09T11:16:09,41.2,180.1,207.0,6.8,5870.0,251.2
2019-10-09T11:16:40,41.2,177.2,216.5,7.0,5890.0,252.2
2019-10-09T11:17:11,41.2,176.0,210.0,6.8,5910.0,252.2
2019-10-09T11:17:42,41.2,173.6,214.7,6.9,5940.0,253.1
2019-10-09T11:18:13,41.2,176.6,214.7,6.9,5960.0,252.2
2019-10-09T11:18:44,41.3,176.0,211.7,6.9,5980.0,252.2
2019-10-09T11:19:15,41.3,175.4,210.0,6.9,6000.0,252.2
2019-10-09T11:19:46,41.4,174.2,214.7,6.9,6030.0,251.2
2019-10-09T11:20:17,41.4,172.4,214.1,7.0,6050.0,251.2
2019-10-09T11:20:49,41.5,175.4,212.3,6.9,6070.0,253.1
2019-10-09T11:21:21,41.5,175.4,211.7,7.0,6090.0,253.1
2019-10-09T11:21:52,41.5,174.2,211.2,7.1,6120.0,252.2
2019-10-09T11:22:23,41.5,173.0,214.7,7.1,6140.0,251.2
2019-10-09T11:22:54,41.6,176.0,210.0,6.8,6160.0,253.1
2019-10-09T11:23:25,41.6,170.7,208.8,7.0,6180.0,252.2
2019-10-09T11:23:56,41.7,176.0,207.6,6.8,6200.0,252.2
2019-10-09T11:24:27,41.7,173.0,207.6,7.0,6230.0,252.2
2019-10-09T11:24:58,41.6,173.0,207.0,6.9,6250.0,251.2
2019-10-09T11:25:29,41.4,177.2,210.0,6.7,6270.0,251.2
2019-10-09T11:26:00,41.4,177.2,207.0,6.4,6290.0,252.2
2019-10-09T11:26:31,41.4,177.8,210.0,6.3,6320.0,252.2
2019-10-09T11:27:02,41.4,162.4,205.8,7.1,6340.0,253.1
2019-10-09T11:27:33,41.5,161.2,205.8,7.3,6360.0,254.1
2019-10-09T11:28:04,41.5,162.4,205.8,7.1,6380.0,253.1
2019-10-09T11:28:35,41.6,163.0,207.6,7.0,6400.0,253.1
2019-10-09T11:29:06,41.6,157.1,205.8,7.3,6420.0,251.2
2019-10-09T11:29:37,41.6,161.2,205.8,7.0,6450.0,250.2
2019-10-09T11:30:08,41.7,158.9,205.8,7.2,6470.0,252.2
2019-10-09T11:30:40,41.9,158.3,202.3,7.1,6490.0,252.2
2019-10-09T11:31:11,41.9,157.1,200.5,7.1,6510.0,251.2
2019-10-09T11:31:42,42.0,158.3,202.9,7.2,6530.0,251.2
2019-10-09T11:32:13,42.0,163.0,202.9,6.9,6550.0,251.2
2019-10-09T11:32:44,42.1,161.2,201.7,6.9,6570.0,252.2
2019-10-09T11:33:15,42.1,161.8,200.5,6.8,6590.0,253.1
2019-10-09T11:33:46,42.1,160.0,205.2,7.1,6620.0,252.2
2019-10-09T11:34:17,42.2,158.9,210.6,6.9,6640.0,252.2
2019-10-09T11:34:48,42.2,158.9,195.8,7.1,6660.0,250.2
2019-10-09T11:35:19,42.2,160.6,204.1,1.9,6670.0,248.3
2019-10-09T11:35:51,42.1,180.1,210.0,1.6,6670.0,247.3
2019-10-09T11:36:23,42.1,172.4,208.2,1.8,6680.0,247.3
2019-10-09T11:36:54,42.0,180.1,211.2,1.8,6680.0,247.3
2019-10-09T11:37:25,42.0,180.7,218.3,1.7,6690.0,247.3
2019-10-09T11:37:56,41.5,159.4,208.2,1.9,6700.0,248.3
2019-10-09T11:38:27,41.4,154.7,223.0,2.3,6700.0,248.3
2019-10-09T11:38:58,41.4,178.3,253.2,4.7,6710.0,250.2
2019-10-09T11:39:29,41.4,168.9,230.7,2.3,6720.0,248.3
2019-10-09T11:40:00,41.4,168.9,230.7,2.3,6730.0,250.2
2019-10-09T11:40:31,41.4,130.5,245.5,7.3,6740.0,253.1
2019-10-09T11:41:03,41.4,146.4,211.2,7.4,6760.0,252.2
2019-10-09T11:41:34,41.4,161.2,207.0,6.8,6780.0,252.2
2019-10-09T11:42:05,41.4,154.7,213.5,7.3,6810.0,252.2
2019-10-09T11:42:36,41.4,155.9,218.8,7.1,6830.0,250.2
2019-10-09T11:43:07,41.5,155.9,217.1,2.5,6840.0,247.3
2019-10-09T11:43:38,41.5,164.2,215.9,2.2,6850.0,248.3
2019-10-09T11:44:09,41.5,184.3,212.9,2.0,6860.0,249.3
2019-10-09T11:44:40,41.5,169.5,234.2,2.8,6870.0,248.3
2019-10-09T11:45:11,41.5,170.7,221.8,1.8,6880.0,246.4
2019-10-09T11:45:43,41.4,176.0,216.5,1.6,6880.0,247.3
2019-10-09T11:46:14,41.5,178.9,214.1,1.6,6890.0,245.4
2019-10-09T11:46:45,41.4,188.4,212.9,1.5,6890.0,244.4
2019-10-09T11:47:16,41.4,186.0,218.3,1.6,6900.0,245.4
2019-10-09T11:47:47,41.3,189.6,217.7,1.6,6910.0,245.4
2019-10-09T11:48:18,41.3,183.7,224.2,1.6,6910.0,247.3
2019-10-09T11:48:49,41.3,190.2,216.5,1.5,6920.0,247.3
2019-10-09T11:49:20,41.2,191.3,224.2,1.6,6930.0,248.3
2019-10-09T11:49:51,41.2,185.4,224.8,1.7,6930.0,247.3
2019-10-09T11:50:22,41.2,163.0,217.7,2.1,6940.0,248.3
2019-10-09T11:50:54,41.0,160.6,223.0,1.8,6940.0,245.4
2019-10-09T11:51:25,41.0,185.4,214.1,1.7,6950.0,246.4
2019-10-09T11:51:56,41.0,193.1,213.5,1.7,6960.0,247.3
2019-10-09T11:52:27,40.9,185.4,214.1,1.6,6960.0,248.3
2019-10-09T11:52:58,40.8,163.6,239.0,2.0,6970.0,249.3
2019-10-09T11:53:29,40.8,131.1,201.7,6.1,6980.0,250.2
2019-10-09T11:54:01,40.8,140.5,200.5,7.8,7000.0,253.1
2019-10-09T11:54:32,40.8,160.6,221.8,7.4,7020.0,253.1
2019-10-09T11:55:03,40.8,164.2,220.6,7.2,7040.0,252.2
2019-10-09T11:55:34,40.9,161.8,225.9,7.2,7070.0,253.1
2019-10-09T11:56:06,40.9,161.2,222.4,7.0,7090.0,254.1
2019-10-09T11:56:37,40.9,163.0,215.9,7.1,7110.0,253.1
2019-10-09T11:57:08,41.0,161.2,215.3,6.8,7140.0,254.1
2019-10-09T11:57:39,41.0,157.1,217.1,7.2,7160.0,254.1
2019-10-09T11:58:10,41.2,166.5,210.6,6.6,7180.0,253.1
2019-10-09T11:58:41,41.2,155.9,215.3,7.4,7200.0,255.1
2019-10-09T11:59:12,41.2,164.2,212.9,6.9,7230.0,253.1
2019-10-09T11:59:43,41.3,167.7,215.9,6.2,7250.0,253.1
2019-10-09T12:00:14,41.3,159.4,218.3,7.2,7270.0,253.1
2019-10-09T12:00:45,41.3,152.4,218.8,7.0,7290.0,253.1
2019-10-09T12:01:17,41.3,148.8,210.6,7.3,7320.0,252.2
2019-10-09T12:01:48,41.4,147.6,210.6,7.4,7340.0,252.2
2019-10-09T12:02:19,41.4,142.9,208.8,7.4,7360.0,251.2
2019-10-09T12:02:50,41.4,147.0,209.4,7.4,7380.0,251.2
2019-10-09T12:03:21,41.4,144.1,211.7,7.6,7400.0,250.2
2019-10-09T12:03:52,41.5,141.7,207.0,7.5,7430.0,250.2
2019-10-09T12:04:23,41.5,142.3,206.4,7.6,7450.0,250.2
2019-10-09T12:04:54,41.5,147.0,204.1,7.2,7470.0,249.3
2019-10-09T12:05:25,41.6,146.4,218.3,7.3,7490.0,249.3
2019-10-09T12:05:57,41.6,141.1,210.6,7.5,7510.0,249.3
2019-10-09T12:06:28,41.6,145.3,204.6,7.4,7530.0,250.2
2019-10-09T12:06:59,41.7,140.5,205.8,7.5,7560.0,250.2
2019-10-09T12:07:30,41.7,150.0,205.8,6.9,7580.0,248.3
2019-10-09T12:08:01,41.9,127.0,205.2,8.0,7600.0,250.2
2019-10-09T12:08:32,41.9,145.3,207.0,7.5,7620.0,251.2
2019-10-09T12:09:03,42.0,145.9,207.0,7.4,7640.0,250.2
2019-10-09T12:09:34,42.0,149.4,204.1,6.8,7670.0,249.3
2019-10-09T12:10:05,42.0,140.5,205.2,7.7,7690.0,250.2
2019-10-09T12:10:37,42.1,135.2,208.8,7.4,7710.0,251.2
2019-10-09T12:11:08,42.1,144.1,207.0,7.4,7730.0,250.2
2019-10-09T12:11:39,42.2,144.7,205.8,7.0,7750.0,250.2
2019-10-09T12:12:10,42.2,149.4,220.0,6.6,7770.0,250.2
2019-10-09T12:12:41,42.2,151.8,202.9,6.5,7790.0,248.3
2019-10-09T12:13:13,42.3,151.8,201.1,6.2,7810.0,250.2
2019-10-09T12:13:44,42.3,156.5,201.7,5.8,7830.0,248.3
2019-10-09T12:14:15,42.3,150.6,199.3,6.1,7860.0,251.2
2019-10-09T12:14:46,42.4,155.9,209.4,5.5,7880.0,251.2
2019-10-09T12:15:17,42.4,152.4,201.7,5.8,7900.0,250.2
2019-10-09T12:15:48,42.4,154.7,200.5,5.8,7920.0,250.2
2019-10-09T12:16:20,42.5,153.5,205.8,5.7,7940.0,251.2
2019-10-09T12:16:51,42.3,149.4,198.7,5.7,7960.0,252.2
2019-10-09T12:17:22,42.3,154.7,202.9,5.5,7980.0,251.2
2019-10-09T12:17:53,42.3,153.5,199.9,4.8,8000.0,252.2
2019-10-09T12:18:24,42.3,158.9,201.1,5.4,8020.0,251.2
2019-10-09T12:18:55,42.3,158.9,211.2,4.8,8040.0,251.2
2019-10-09T12:19:26,42.2,148.8,218.3,6.8,8060.0,251.2
2019-10-09T12:19:57,42.2,132.3,204.6,6.1,8080.0,251.2
2019-10-09T12:20:28,42.3,126.4,202.9,7.7,8100.0,251.2
2019-10-09T12:20:59,42.3,135.2,197.5,5.2,8120.0,250.2
2019-10-09T12:21:31,42.3,124.0,211.7,7.5,8140.0,250.2
2019-10-09T12:22:02,42.3,125.2,211.7,5.4,8150.0,250.2
2019-10-09T12:22:33,42.4,140.0,224.2,3.6,8170.0,248.3
2019-10-09T12:23:04,42.4,154.1,235.4,3.2,8180.0,247.3
2019-10-09T12:23:35,42.4,142.3,194.0,5.6,8190.0,248.3
2019-10-09T12:24:06,42.4,142.3,214.1,5.8,8210.0,249.3
2019-10-09T12:24:37,42.4,144.1,204.6,4.8,8230.0,249.3
2019-10-09T12:25:08,42.4,125.2,201.1,6.9,8250.0,250.2
2019-10-09T12:25:40,42.4,119.9,202.3,7.5,8270.0,250.2
2019-10-09T12:26:11,42.5,129.9,216.5,4.3,8290.0,249.3
2019-10-09T12:26:42,42.4,132.3,217.1,2.2,8300.0,244.4
2019-10-09T12:27:13,42.4,146.4,211.2,2.0,8300.0,245.4
2019-10-09T12:27:44,42.4,149.4,210.0,1.8,8310.0,243.5
2019-10-09T12:28:15,42.4,148.8,208.8,1.8,8320.0,244.4
2019-10-09T12:28:46,42.3,167.7,213.5,1.5,8320.0,244.4
2019-10-09T12:29:17,42.3,181.3,211.7,1.6,8330.0,243.5
2019-10-09T12:29:48,42.2,178.3,211.2,1.5,8330.0,244.4
2019-10-09T12:30:19,42.2,199.6,221.2,1.4,8340.0,244.4
2019-10-09T12:30:51,42.2,201.4,214.7,1.4,8340.0,243.5
2019-10-09T12:31:22,42.1,203.7,211.7,1.3,8350.0,243.5
2019-10-09T12:31:53,42.1,204.9,220.0,1.3,8360.0,243.5
2019-10-09T12:32:24,42.0,196.1,211.2,1.4,8360.0,243.5
2019-10-09T12:32:55,42.0,206.7,228.3,1.5,8370.0,246.4
2019-10-09T12:33:26,42.0,212.0,223.0,1.4,8370.0,245.4
2019-10-09T12:33:58,41.9,213.8,221.2,1.5,8380.0,246.4
2019-10-09T12:34:29,41.7,210.8,215.9,1.4,8390.0,245.4
2019-10-09T12:35:00,41.6,210.8,211.2,1.6,8390.0,245.4
2019-10-09T12:35:31,41.6,210.2,211.7,1.6,8400.0,245.4
2019-10-09T12:36:03,41.5,214.4,212.9,1.6,8410.0,245.4
2019-10-09T12:36:34,41.5,210.8,223.6,1.8,8420.0,246.4
2019-10-09T12:37:05,41.4,208.5,220.6,1.4,8430.0,244.4
2019-10-09T12:37:36,41.4,206.7,223.6,1.5,8430.0,246.4
2019-10-09T12:38:07,41.4,203.2,223.0,1.5,8440.0,245.4
2019-10-09T12:38:38,41.4,206.1,223.6,1.4,8450.0,245.4
2019-10-09T12:39:09,41.4,217.3,217.7,1.4,8450.0,246.4
2019-10-09T12:39:40,41.4,211.4,221.2,1.6,8460.0,244.4
2019-10-09T12:40:11,41.3,210.8,228.9,1.5,8470.0,246.4
2019-10-09T12:40:42,41.3,180.7,222.4,3.1,8480.0,248.3
2019-10-09T12:41:14,41.3,167.1,246.1,2.5,8490.0,247.3
2019-10-09T12:41:45,41.3,159.4,231.3,3.6,8500.0,250.2
2019-10-09T12:42:16,41.3,144.1,212.3,5.4,8520.0,251.2
2019-10-09T12:42:47,41.3,116.3,218.8,8.0,8540.0,250.2
2019-10-09T12:43:18,41.3,119.9,214.1,7.9,8570.0,251.2
2019-10-09T12:43:49,41.4,117.5,215.3,7.9,8590.0,251.2
2019-10-09T12:44:20,41.4,115.7,217.1,7.7,8610.0,251.2
2019-10-09T12:44:51,41.4,116.9,212.3,7.8,8630.0,251.2
2019-10-09T12:45:22,41.5,118.7,215.9,6.6,8650.0,250.2
2019-10-09T12:45:54,41.5,118.7,209.4,7.5,8670.0,250.2
2019-10-09T12:46:25,41.6,103.9,204.1,8.1,8690.0,249.3
2019-10-09T12:46:56,41.6,106.3,211.2,7.4,8710.0,250.2
2019-10-09T12:47:27,41.5,109.8,211.2,7.5,8730.0,252.2
2019-10-09T12:47:58,41.5,106.3,208.2,6.7,8750.0,250.2
2019-10-09T12:48:29,41.6,112.8,210.0,5.6,8770.0,249.3
2019-10-09T12:49:00,41.6,118.1,211.7,5.5,8790.0,250.2
2019-10-09T12:49:31,41.7,119.9,212.3,4.8,8810.0,250.2
2019-10-09T12:50:02,41.7,114.0,207.0,5.1,8820.0,250.2
2019-10-09T12:50:34,41.7,110.4,208.2,3.1,8840.0,247.3
2019-10-09T12:51:06,41.7,122.8,172.7,4.0,8850.0,250.2
2019-10-09T12:51:37,41.7,109.8,188.1,4.9,8860.0,249.3
2019-10-09T12:52:08,41.7,102.7,210.6,7.6,8880.0,250.2
2019-10-09T12:52:39,41.7,104.5,202.3,7.7,8900.0,250.2
2019-10-09T12:53:10,41.7,104.5,201.7,7.1,8920.0,251.2
2019-10-09T12:53:41,41.9,102.7,208.8,6.7,8940.0,251.2
2019-10-09T12:54:12,41.9,103.3,208.2,6.7,8960.0,250.2
2019-10-09T12:54:43,41.9,105.7,211.7,2.7,8980.0,248.3
2019-10-09T12:55:14,41.7,128.7,223.6,3.5,8990.0,247.3
2019-10-09T12:55:45,41.7,141.7,220.0,2.0,9000.0,245.4
2019-10-09T12:56:17,41.5,160.0,209.4,1.8,9000.0,245.4
2019-10-09T12:56:48,41.5,159.4,208.8,1.8,9010.0,245.4
2019-10-09T12:57:19,41.4,154.7,211.2,1.8,9020.0,245.4
2019-10-09T12:57:50,41.4,167.7,211.2,1.5,9020.0,245.4
2019-10-09T12:58:21,41.4,180.7,215.3,1.5,9030.0,246.4
2019-10-09T12:58:52,41.4,182.5,222.4,1.4,9030.0,245.4
2019-10-09T12:59:23,41.3,186.6,217.1,1.4,9040.0,243.5
2019-10-09T12:59:54,41.3,187.2,221.2,1.4,9040.0,244.4
2019-10-09T13:00:25,41.2,174.8,199.9,1.5,9050.0,245.4
2019-10-09T13:00:56,41.2,161.2,182.2,1.9,9060.0,244.4
2019-10-09T13:01:28,41.2,161.2,209.4,1.9,9060.0,247.3
2019-10-09T13:01:59,41.2,163.6,225.4,1.9,9070.0,247.3
2019-10-09T13:02:30,41.0,189.0,199.9,1.8,9080.0,247.3
2019-10-09T13:03:01,41.0,188.4,220.0,2.4,9090.0,251.2
2019-10-09T13:03:32,41.0,197.8,223.0,2.7,9110.0,252.2
2019-10-09T13:04:03,41.0,210.8,217.7,2.3,9120.0,251.2
2019-10-09T13:04:34,41.0,209.7,217.1,1.5,9140.0,250.2
2019-10-09T13:05:05,41.2,213.2,220.6,1.6,9150.0,246.4
2019-10-09T13:05:37,41.0,223.2,229.5,1.5,9150.0,250.2
2019-10-09T13:06:08,41.0,206.7,214.1,1.6,9160.0,247.3
2019-10-09T13:06:39,41.0,218.5,190.4,1.6,9170.0,247.3
2019-10-09T13:07:10,40.9,206.1,217.7,1.8,9180.0,248.3
2019-10-09T13:07:41,40.9,214.4,225.9,1.6,9190.0,249.3
2019-10-09T13:08:12,40.9,216.2,221.8,1.6,9190.0,244.4
2019-10-09T13:08:43,40.9,212.6,220.0,1.5,9200.0,244.4
2019-10-09T13:09:14,40.9,205.5,222.4,1.7,9210.0,246.4
2019-10-09T13:09:45,40.9,205.5,197.0,1.9,9220.0,244.4
2019-10-09T13:10:16,40.9,199.0,200.5,2.2,9230.0,249.3
2019-10-09T13:10:48,40.8,184.8,227.1,2.6,9250.0,251.2
2019-10-09T13:11:20,40.9,184.8,220.0,2.8,9270.0,251.2
2019-10-09T13:11:51,40.9,181.9,218.8,2.8,9280.0,250.2
2019-10-09T13:12:22,40.9,174.8,211.7,2.9,9300.0,252.2
2019-10-09T13:12:53,40.9,170.1,208.2,2.9,9320.0,252.2
2019-10-09T13:13:24,41.0,159.4,199.3,2.9,9330.0,251.2
2019-10-09T13:13:55,41.0,167.7,211.2,2.9,9350.0,251.2
2019-10-09T13:14:26,41.0,170.1,210.6,2.8,9370.0,252.2
2019-10-09T13:14:57,41.0,165.9,219.4,2.0,9380.0,249.3
2019-10-09T13:15:28,40.9,161.2,214.7,1.8,9390.0,246.4
2019-10-09T13:15:59,40.9,164.8,212.3,1.8,9400.0,247.3
2019-10-09T13:16:31,40.9,162.4,215.3,1.8,9400.0,245.4
2019-10-09T13:17:02,40.9,165.9,214.1,1.8,9410.0,248.3
2019-10-09T13:17:33,40.9,189.0,205.8,1.7,9420.0,247.3
2019-10-09T13:18:04,40.9,189.6,225.9,1.8,9430.0,247.3
2019-10-09T13:18:35,40.8,195.5,231.3,2.5,9440.0,251.2
2019-10-09T13:19:06,40.8,203.2,216.5,2.6,9460.0,251.2
2019-10-09T13:19:37,40.8,209.7,216.5,2.1,9470.0,251.2
2019-10-09T13:20:08,40.9,209.1,219.4,2.2,9490.0,251.2
2019-10-09T13:20:39,40.9,204.3,208.8,2.1,9510.0,251.2
2019-10-09T13:21:11,40.9,199.0,211.7,2.1,9530.0,251.2
2019-10-09T13:21:42,40.9,194.9,220.0,2.1,9540.0,250.2
2019-10-09T13:22:13,41.0,194.3,214.1,2.2,9560.0,250.2
2019-10-09T13:22:44,41.0,202.6,211.2,2.2,9580.0,250.2
2019-10-09T13:23:15,41.0,205.5,210.6,2.1,9590.0,249.3
2019-10-09T13:23:46,41.0,198.4,209.4,2.2,9610.0,250.2
2019-10-09T13:24:17,41.2,205.5,212.9,2.0,9630.0,250.2
2019-10-09T13:24:48,41.2,204.9,212.9,2.1,9640.0,251.2
2019-10-09T13:25:19,41.2,199.0,208.2,2.2,9660.0,251.2
2019-10-09T13:25:51,41.2,199.0,207.6,2.1,9680.0,251.2
2019-10-09T13:26:22,41.3,212.0,216.5,1.5,9690.0,248.3
2019-10-09T13:26:53,41.2,219.1,220.6,1.4,9700.0,247.3
2019-10-09T13:27:24,41.2,200.2,206.4,2.1,9710.0,249.3
2019-10-09T13:27:55,41.2,203.7,210.6,2.1,9720.0,251.2
2019-10-09T13:28:26,41.3,202.0,210.6,2.0,9740.0,250.2
2019-10-09T13:28:57,41.3,201.4,210.6,2.0,9760.0,250.2
2019-10-09T13:29:28,41.3,199.6,214.1,2.0,9770.0,251.2
2019-10-09T13:29:59,41.3,189.0,211.7,2.1,9790.0,251.2
2019-10-09T13:30:30,41.3,192.5,208.8,1.9,9800.0,250.2
2019-10-09T13:31:02,41.3,187.8,207.6,2.0,9820.0,251.2
2019-10-09T13:31:33,41.3,173.0,210.6,2.3,9840.0,251.2
2019-10-09T13:32:04,41.3,179.5,214.1,1.9,9850.0,249.3
2019-10-09T13:32:35,41.4,186.6,205.2,1.9,9860.0,250.2
2019-10-09T13:33:06,41.4,171.9,205.8,2.1,9880.0,250.2
2019-10-09T13:33:37,41.4,174.8,211.7,2.0,9900.0,251.2
2019-10-09T13:34:08,41.3,180.7,214.7,1.8,9910.0,250.2
2019-10-09T13:34:39,41.3,189.6,211.2,1.7,9920.0,251.2
2019-10-09T13:35:10,41.3,189.0,220.0,1.8,9940.0,251.2
2019-10-09T13:35:42,41.3,205.5,212.9,1.7,9950.0,251.2
2019-10-09T13:36:13,41.3,199.0,215.9,1.7,9970.0,251.2
2019-10-09T13:36:44,41.4,192.5,210.6,1.8,9980.0,251.2
2019-10-09T13:37:15,41.4,202.6,208.2,1.8,10000.0,250.2
2019-10-09T13:37:46,41.4,212.6,214.1,1.5,10010.0,251.2
2019-10-09T13:38:17,41.4,226.8,208.8,1.6,10030.0,251.2
2019-10-09T13:38:48,41.3,218.5,207.0,1.5,10040.0,250.2
2019-10-09T13:39:19,41.3,231.5,217.7,1.6,10060.0,251.2
2019-10-09T13:39:50,41.3,230.3,214.1,1.6,10070.0,250.2
2019-10-09T13:40:21,41.3,223.2,213.5,1.4,10090.0,251.2
2019-10-09T13:40:53,41.3,219.1,208.2,1.6,10100.0,250.2
2019-10-09T13:41:25,41.4,222.7,214.7,1.7,10120.0,251.2
2019-10-09T13:41:56,41.4,231.5,218.3,1.4,10130.0,250.2
2019-10-09T13:42:27,41.4,223.2,210.6,1.4,10150.0,249.3
2019-10-09T13:42:58,41.4,228.6,207.0,1.3,10160.0,250.2
2019-10-09T13:43:29,41.3,225.0,210.6,1.4,10180.0,250.2
2019-10-09T13:44:00,41.3,228.0,215.3,1.4,10190.0,250.2
2019-10-09T13:44:31,41.4,222.7,214.7,1.4,10210.0,251.2
2019-10-09T13:45:02,41.4,204.3,213.5,1.6,10220.0,251.2
2019-10-09T13:45:33,41.3,206.1,208.8,1.5,10240.0,250.2
2019-10-09T13:46:05,41.3,196.1,218.8,1.5,10250.0,252.2
2019-10-09T13:46:36,41.3,199.0,207.0,1.5,10270.0,250.2
2019-10-09T13:47:07,41.2,210.2,207.6,1.4,10280.0,251.2
2019-10-09T13:47:38,41.2,208.5,213.5,1.4,10290.0,251.2
2019-10-09T13:48:09,41.2,209.7,210.0,1.4,10310.0,251.2
2019-10-09T13:48:40,41.3,209.7,216.5,1.5,10320.0,252.2
2019-10-09T13:49:11,41.2,204.9,214.1,1.6,10340.0,252.2
2019-10-09T13:49:42,41.2,211.4,211.2,1.4,10350.0,251.2
2019-10-09T13:50:13,41.2,217.9,207.0,1.4,10370.0,252.2
2019-10-09T13:50:45,41.0,224.4,210.0,1.4,10380.0,250.2
2019-10-09T13:51:16,41.2,226.2,208.8,1.4,10390.0,251.2
2019-10-09T13:51:47,41.0,217.9,207.0,1.3,10410.0,252.2
2019-10-09T13:52:18,41.0,224.4,211.2,1.4,10420.0,250.2
2019-10-09T13:52:49,41.0,222.7,208.8,1.4,10440.0,251.2
2019-10-09T13:53:20,41.0,229.2,208.8,1.3,10450.0,251.2
2019-10-09T13:53:51,41.0,216.2,216.5,1.5,10470.0,249.3
2019-10-09T13:54:22,41.0,221.5,214.1,1.3,10480.0,249.3
2019-10-09T13:54:53,41.0,222.1,217.1,1.3,10490.0,250.2
2019-10-09T13:55:24,41.0,222.7,215.3,1.4,10510.0,250.2
2019-10-09T13:55:56,41.0,229.7,214.7,1.4,10520.0,251.2
2019-10-09T13:56:28,41.0,230.9,204.6,1.3,10540.0,250.2
2019-10-09T13:56:59,41.0,221.5,210.0,1.4,10550.0,250.2
2019-10-09T13:57:30,41.0,219.1,211.2,1.4,10560.0,250.2
2019-10-09T13:58:01,41.0,213.8,218.8,1.4,10580.0,250.2
2019-10-09T13:58:32,40.9,215.6,212.9,1.5,10590.0,249.3
2019-10-09T13:59:03,41.0,225.6,209.4,1.4,10610.0,251.2
2019-10-09T13:59:34,40.9,228.0,212.9,1.4,10620.0,250.2
2019-10-09T14:00:05,40.9,228.6,217.1,1.5,10640.0,251.2
2019-10-09T14:00:36,41.0,228.0,209.4,1.4,10650.0,250.2
2019-10-09T14:01:08,41.0,225.6,208.8,1.5,10660.0,250.2
2019-10-09T14:01:39,41.0,228.6,212.3,1.4,10680.0,250.2
2019-10-09T14:02:10,41.0,228.6,215.9,1.3,10690.0,250.2
2019-10-09T14:02:41,41.0,226.2,211.2,1.4,10710.0,250.2
2019-10-09T14:03:12,41.0,225.0,211.7,1.4,10720.0,250.2
2019-10-09T14:03:43,41.0,226.8,207.6,1.3,10730.0,249.3
2019-10-09T14:04:14,41.0,220.3,211.2,1.4,10750.0,251.2
2019-10-09T14:04:45,41.0,226.8,204.6,1.2,10760.0,251.2
2019-10-09T14:05:16,41.0,228.0,211.2,1.3,10770.0,251.2
2019-10-09T14:05:48,41.0,227.4,212.3,1.2,10790.0,250.2
2019-10-09T14:06:19,41.0,228.6,214.7,1.2,10800.0,250.2
2019-10-09T14:06:50,41.0,228.0,211.7,1.2,10810.0,250.2
2019-10-09T14:07:21,41.0,222.7,207.0,1.4,10830.0,250.2
2019-10-09T14:07:52,40.9,219.7,211.2,1.4,10840.0,250.2
2019-10-09T14:08:23,40.9,223.2,210.0,1.3,10860.0,250.2
2019-10-09T14:08:54,40.9,217.9,215.3,1.3,10870.0,251.2
2019-10-09T14:09:25,40.9,226.2,208.2,1.2,10880.0,251.2
2019-10-09T14:09:56,40.9,228.0,208.8,1.2,10890.0,250.2
2019-10-09T14:10:27,40.9,218.5,209.4,1.3,10910.0,248.3
2019-10-09T14:10:59,40.9,228.0,208.8,1.2,10920.0,250.2
2019-10-09T14:11:30,40.9,227.4,215.9,1.3,10930.0,248.3
2019-10-09T14:12:01,40.9,229.2,206.4,1.2,10950.0,249.3
2019-10-09T14:12:32,40.9,220.9,210.0,1.3,10960.0,248.3
2019-10-09T14:13:03,40.9,217.3,214.1,1.2,10970.0,249.3
2019-10-09T14:13:34,40.9,225.0,215.9,1.2,10990.0,249.3
2019-10-09T14:14:05,40.9,220.3,208.8,1.3,11000.0,249.3
2019-10-09T14:14:36,40.9,200.2,208.2,1.4,11010.0,250.2
2019-10-09T14:15:07,40.9,190.2,208.8,1.4,11030.0,252.2
2019-10-09T14:15:39,40.9,190.2,204.6,1.3,11040.0,250.2
2019-10-09T14:16:11,40.9,193.7,204.6,1.3,11050.0,250.2
2019-10-09T14:16:42,40.9,184.8,211.2,1.4,11070.0,251.2
2019-10-09T14:17:13,40.9,183.1,215.3,1.4,11080.0,250.2
2019-10-09T14:17:44,40.8,202.0,206.4,1.3,11090.0,250.2
2019-10-09T14:18:15,40.9,202.0,211.2,1.3,11100.0,250.2
2019-10-09T14:18:46,40.8,206.7,210.0,1.3,11120.0,249.3
2019-10-09T14:19:17,40.8,205.5,205.8,1.3,11130.0,249.3
2019-10-09T14:19:48,40.8,202.0,210.6,1.3,11140.0,248.3
2019-10-09T14:20:19,40.8,204.9,211.2,1.3,11160.0,249.3
2019-10-09T14:20:50,40.8,203.2,207.6,1.3,11170.0,249.3
2019-10-09T14:21:22,40.8,195.5,214.1,1.3,11180.0,248.3
2019-10-09T14:21:53,40.8,208.5,213.5,1.2,11200.0,248.3
2019-10-09T14:22:24,40.8,229.2,211.7,1.1,11210.0,250.2
2019-10-09T14:22:55,40.7,227.4,212.9,1.1,11220.0,248.3
2019-10-09T14:23:26,40.7,228.6,218.3,1.1,11230.0,249.3
2019-10-09T14:23:57,40.7,206.7,214.1,1.2,11250.0,249.3
2019-10-09T14:24:28,40.8,227.4,212.9,1.1,11260.0,250.2
2019-10-09T14:24:59,40.7,205.5,210.0,1.2,11270.0,249.3
2019-10-09T14:25:30,40.7,213.2,212.3,1.2,11290.0,249.3
2019-10-09T14:26:02,40.7,209.1,211.7,1.2,11300.0,247.3
2019-10-09T14:26:33,40.7,213.2,210.0,1.2,11310.0,247.3
2019-10-09T14:27:04,40.7,213.2,218.8,1.1,11320.0,248.3
2019-10-09T14:27:35,40.7,207.9,210.6,1.1,11340.0,248.3
2019-10-09T14:28:06,40.7,211.4,212.3,1.1,11350.0,247.3
2019-10-09T14:28:37,40.5,215.6,208.2,1.1,11360.0,249.3
2019-10-09T14:29:08,40.5,225.0,217.1,1.1,11380.0,248.3
2019-10-09T14:29:39,40.6,225.6,213.5,1.0,11390.0,248.3
2019-10-09T14:30:10,40.6,220.9,211.7,1.2,11400.0,248.3
2019-10-09T14:30:41,40.6,223.8,213.5,1.0,11410.0,248.3
2019-10-09T14:31:13,40.6,217.3,212.9,1.2,11430.0,248.3
2019-10-09T14:31:44,40.5,220.3,210.6,1.1,11440.0,248.3
2019-10-09T14:32:15,40.5,222.1,208.2,1.2,11450.0,248.3
2019-10-09T14:32:46,40.5,220.9,211.2,1.1,11470.0,248.3
2019-10-09T14:33:17,40.5,211.4,218.8,1.1,11480.0,250.2
2019-10-09T14:33:48,40.5,198.4,212.3,1.1,11490.0,249.3
2019-10-09T14:34:19,40.5,188.4,211.7,1.4,11500.0,251.2
2019-10-09T14:34:50,40.5,180.7,218.8,1.3,11520.0,250.2
2019-10-09T14:35:21,40.5,192.5,216.5,1.2,11530.0,250.2
2019-10-09T14:35:52,40.5,186.6,211.2,1.4,11540.0,251.2
2019-10-09T14:36:24,40.5,185.4,211.2,1.3,11550.0,250.2
2019-10-09T14:36:55,40.5,190.2,212.3,1.3,11570.0,250.2
2019-10-09T14:37:26,40.5,183.7,209.4,1.3,11580.0,251.2
2019-10-09T14:37:57,40.4,199.0,214.1,1.1,11590.0,252.2
2019-10-09T14:38:28,40.5,186.6,214.7,1.3,11610.0,249.3
2019-10-09T14:38:59,40.5,195.5,219.4,1.1,11620.0,251.2
2019-10-09T14:39:30,40.5,199.0,215.3,1.2,11630.0,251.2
2019-10-09T14:40:01,40.5,212.0,213.5,1.1,11640.0,250.2
2019-10-09T14:40:33,40.5,211.4,218.8,1.1,11660.0,249.3
2019-10-09T14:41:04,40.5,196.7,215.3,1.2,11670.0,249.3
2019-10-09T14:41:35,40.5,203.7,217.7,1.2,11680.0,249.3
2019-10-09T14:42:06,40.5,204.9,210.6,1.2,11690.0,250.2
2019-10-09T14:42:37,40.5,206.7,212.9,1.1,11710.0,250.2
2019-10-09T14:43:08,40.4,204.9,217.7,1.2,11720.0,249.3
2019-10-09T14:43:39,40.4,212.6,217.1,1.1,11730.0,246.4
2019-10-09T14:44:10,40.4,227.4,215.9,1.1,11740.0,246.4
2019-10-09T14:44:41,40.4,214.4,218.3,1.2,11760.0,247.3
2019-10-09T14:45:12,40.4,225.0,218.3,1.2,11770.0,246.4
2019-10-09T14:45:44,40.4,220.3,217.1,1.1,11780.0,247.3
2019-10-09T14:46:16,40.5,220.3,211.7,1.1,11790.0,248.3
2019-10-09T14:46:47,40.4,223.8,214.1,1.0,11800.0,249.3
2019-10-09T14:47:18,40.4,223.8,210.6,1.1,11820.0,249.3
2019-10-09T14:47:49,40.4,214.4,217.1,1.1,11830.0,247.3
2019-10-09T14:48:20,40.4,219.1,215.3,1.1,11840.0,248.3
2019-10-09T14:48:51,40.4,214.4,215.3,1.1,11850.0,248.3
