2018-06-21T06:55:28,5.2,137.6,170.3,0.2,0.0,238.6
2018-06-21T06:56:00,5.6,148.8,166.2,0.1,0.0,239.6
2018-06-21T06:56:31,5.6,171.3,187.5,0.1,0.0,239.6
2018-06-21T06:57:02,5.6,193.1,208.8,0.1,0.0,241.5
2018-06-21T06:57:33,5.6,213.8,227.7,0.1,0.0,241.5
2018-06-21T06:58:04,5.6,213.8,247.2,0.1,0.0,242.5
2018-06-21T06:58:35,5.6,193.1,239.0,0.2,0.0,242.5
2018-06-21T06:59:06,5.6,174.2,220.0,0.2,0.0,241.5
2018-06-21T06:59:37,5.6,163.6,199.3,0.2,0.0,241.5
2018-06-21T07:00:08,5.6,186.6,178.6,0.2,0.0,242.5
2018-06-21T07:00:39,5.6,207.3,156.7,0.2,0.0,241.5
2018-06-21T07:01:10,5.6,228.6,178.0,0.1,0.0,241.5
2018-06-21T07:01:41,5.6,204.3,200.5,0.2,0.0,240.6
2018-06-21T07:02:12,5.6,184.3,221.2,0.2,0.0,241.5
2018-06-21T07:02:43,5.6,162.4,241.3,0.2,0.0,241.5
2018-06-21T07:03:14,5.9,168.3,234.8,0.2,0.0,240.6
2018-06-21T07:03:45,5.9,189.6,214.1,0.2,0.0,239.6
2018-06-21T07:04:16,5.9,211.4,191.6,0.2,0.0,237.7
2018-06-21T07:04:47,5.9,217.9,172.7,0.2,0.0,236.7
2018-06-21T07:05:18,5.9,197.3,194.0,0.2,0.0,238.6
2018-06-21T07:05:50,5.9,176.0,217.1,0.2,0.0,237.7
2018-06-21T07:06:21,5.9,169.5,238.4,0.2,0.0,238.6
2018-06-21T07:06:52,5.9,192.5,218.8,0.2,0.0,239.6
2018-06-21T07:07:23,5.9,212.6,198.7,0.2,0.0,240.6
2018-06-21T07:07:54,5.9,218.5,176.8,0.2,0.0,241.5
2018-06-21T07:08:25,6.3,196.7,157.9,0.2,0.0,241.5
2018-06-21T07:08:56,6.3,176.6,173.9,0.2,10.0,242.5
2018-06-21T07:09:27,6.3,168.3,195.2,0.2,10.0,241.5
2018-06-21T07:09:58,6.3,189.6,216.5,0.2,10.0,241.5
2018-06-21T07:10:29,6.3,211.4,237.8,0.2,10.0,241.5
2018-06-21T07:11:01,6.3,220.3,253.2,0.2,10.0,240.6
2018-06-21T07:11:32,6.3,197.3,231.9,0.2,10.0,243.5
2018-06-21T07:12:03,6.3,178.3,211.7,0.2,10.0,243.5
2018-06-21T07:12:34,6.3,183.7,191.0,0.2,10.0,243.5
2018-06-21T07:13:05,6.3,207.3,169.1,0.2,10.0,243.5
2018-06-21T07:13:36,6.7,222.1,176.8,0.2,10.0,243.5
2018-06-21T07:14:07,6.7,199.6,198.7,0.2,10.0,244.4
2018-06-21T07:14:38,6.7,178.9,220.6,0.3,10.0,243.5
2018-06-21T07:15:09,6.7,189.6,240.7,0.3,10.0,245.4
2018-06-21T07:15:40,6.7,211.4,249.0,0.2,10.0,243.5
2018-06-21T07:16:12,6.7,225.0,225.9,0.2,10.0,243.5
2018-06-21T07:16:43,6.7,199.6,205.8,0.3,10.0,243.5
2018-06-21T07:17:14,6.7,189.0,183.9,0.3,10.0,243.5
2018-06-21T07:17:45,7.0,209.7,179.8,0.3,10.0,243.5
2018-06-21T07:18:16,6.7,204.3,201.7,0.3,10.0,243.5
2018-06-21T07:18:47,7.0,215.0,224.2,0.2,20.0,242.5
2018-06-21T07:19:18,7.0,218.5,243.7,0.2,20.0,242.5
2018-06-21T07:19:49,7.0,197.3,236.6,0.3,20.0,242.5
2018-06-21T07:20:20,7.0,178.3,216.5,0.3,20.0,242.5
2018-06-21T07:20:51,7.0,200.8,216.5,0.3,20.0,243.5
2018-06-21T07:21:22,7.0,220.9,239.0,0.3,20.0,242.5
2018-06-21T07:21:53,7.0,212.0,242.5,0.3,20.0,241.5
2018-06-21T07:22:24,7.0,191.9,220.0,0.3,20.0,242.5
2018-06-21T07:22:55,7.0,171.3,200.5,0.3,20.0,241.5
2018-06-21T07:23:26,7.0,194.3,213.5,0.3,20.0,242.5
2018-06-21T07:23:57,7.0,216.2,234.2,0.3,20.0,242.5
2018-06-21T07:24:28,7.4,215.6,254.9,0.3,20.0,243.5
2018-06-21T07:24:59,7.4,193.1,233.0,0.3,20.0,243.5
2018-06-21T07:25:30,7.4,190.2,213.5,0.3,20.0,243.5
2018-06-21T07:26:02,7.4,211.4,191.6,0.3,30.0,244.4
2018-06-21T07:26:33,7.4,228.0,212.3,0.2,30.0,245.4
2018-06-21T07:27:04,7.4,205.5,233.0,0.3,30.0,244.4
2018-06-21T07:27:35,7.4,183.7,249.6,0.3,30.0,243.5
2018-06-21T07:28:06,7.4,181.3,228.3,0.3,30.0,244.4
2018-06-21T07:28:37,7.4,203.7,207.0,0.3,30.0,243.5
2018-06-21T07:29:08,7.8,224.4,215.9,0.3,30.0,243.5
2018-06-21T07:29:39,7.8,208.5,236.6,0.4,30.0,243.5
2018-06-21T07:30:10,7.8,187.8,257.9,0.3,30.0,245.4
2018-06-21T07:30:41,7.8,197.3,235.4,0.3,30.0,242.5
2018-06-21T07:31:13,7.8,218.5,213.5,0.3,30.0,243.5
2018-06-21T07:31:44,7.8,209.1,192.8,0.4,30.0,244.4
2018-06-21T07:32:15,7.8,189.6,204.1,0.4,30.0,243.5
2018-06-21T07:32:46,7.8,203.2,226.5,0.3,40.0,243.5
2018-06-21T07:33:17,7.8,223.2,249.0,0.3,40.0,243.5
2018-06-21T07:33:48,8.1,213.2,246.6,0.3,40.0,241.5
2018-06-21T07:34:19,8.1,191.9,226.5,0.4,40.0,243.5
2018-06-21T07:34:50,8.1,176.6,204.6,0.4,40.0,241.5
2018-06-21T07:35:21,8.1,197.3,207.0,0.4,40.0,243.5
2018-06-21T07:35:52,8.1,220.3,228.3,0.4,40.0,241.5
2018-06-21T07:36:24,8.1,216.7,250.8,0.4,40.0,242.5
2018-06-21T07:36:55,8.1,197.3,249.6,0.4,40.0,241.5
2018-06-21T07:37:26,8.1,185.4,228.3,0.4,40.0,243.5
2018-06-21T07:37:57,8.1,208.5,208.2,0.4,50.0,243.5
2018-06-21T07:38:28,8.1,227.4,208.8,0.3,50.0,244.4
2018-06-21T07:38:59,8.1,206.7,231.9,0.4,50.0,244.4
2018-06-21T07:39:30,8.1,196.7,253.2,0.4,50.0,244.4
2018-06-21T07:40:01,8.5,217.3,241.9,0.4,50.0,243.5
2018-06-21T07:40:32,8.5,221.5,220.6,0.4,50.0,244.4
2018-06-21T07:41:03,8.5,222.7,223.6,0.4,50.0,243.5
2018-06-21T07:41:34,8.5,212.6,246.6,0.4,50.0,244.4
2018-06-21T07:42:05,8.5,198.4,248.4,0.5,50.0,243.5
2018-06-21T07:42:36,8.5,219.7,227.7,0.4,60.0,244.4
2018-06-21T07:43:07,8.5,218.5,213.5,0.4,60.0,243.5
2018-06-21T07:43:38,8.5,197.3,235.4,0.5,60.0,245.4
2018-06-21T07:44:09,8.5,196.7,256.7,0.5,60.0,244.4
2018-06-21T07:44:40,8.5,220.3,241.9,0.4,60.0,245.4
2018-06-21T07:45:11,8.9,213.8,225.9,0.5,60.0,243.5
2018-06-21T07:45:43,8.5,193.1,248.4,0.5,60.0,244.4
2018-06-21T07:46:14,8.5,209.7,254.9,0.5,70.0,242.5
2018-06-21T07:46:45,8.9,224.4,233.0,0.4,70.0,242.5
2018-06-21T07:47:16,8.9,202.0,223.0,0.5,70.0,241.5
2018-06-21T07:47:47,8.9,201.4,245.5,0.6,70.0,243.5
2018-06-21T07:48:18,8.9,222.7,259.1,0.5,70.0,241.5
2018-06-21T07:48:49,8.9,211.4,236.0,0.6,70.0,242.5
2018-06-21T07:49:20,8.9,196.1,234.2,0.6,80.0,241.5
2018-06-21T07:49:51,8.9,218.5,255.5,0.5,80.0,243.5
2018-06-21T07:50:22,9.2,216.7,243.1,0.6,80.0,241.5
2018-06-21T07:50:54,9.2,194.9,260.3,0.6,80.0,241.5
2018-06-21T07:51:25,9.2,209.7,240.7,0.6,80.0,242.5
2018-06-21T07:51:56,9.2,225.6,232.4,0.5,80.0,244.4
2018-06-21T07:52:27,9.2,204.3,254.3,0.6,90.0,242.5
2018-06-21T07:52:58,9.2,203.7,241.9,0.6,90.0,243.5
2018-06-21T07:53:29,9.6,226.2,231.9,0.6,90.0,244.4
2018-06-21T07:54:00,9.6,209.1,254.3,0.6,90.0,243.5
2018-06-21T07:54:31,9.6,202.6,235.4,0.7,90.0,244.4
2018-06-21T07:55:02,9.6,224.4,243.1,0.6,100.0,244.4
2018-06-21T07:55:34,9.6,208.5,258.5,0.6,100.0,244.4
2018-06-21T07:56:05,10.0,217.3,236.0,0.7,100.0,243.5
2018-06-21T07:56:36,10.0,219.1,242.5,0.6,100.0,244.4
2018-06-21T07:57:07,10.0,198.4,258.5,0.7,100.0,243.5
2018-06-21T07:57:38,10.0,205.5,237.2,0.7,110.0,244.4
2018-06-21T07:58:09,10.0,225.6,241.9,0.6,110.0,244.4
2018-06-21T07:58:40,10.0,210.2,259.1,0.7,110.0,246.4
2018-06-21T07:59:11,10.0,227.4,250.2,0.6,110.0,245.4
2018-06-21T07:59:42,10.0,215.0,259.1,0.8,110.0,244.4
2018-06-21T08:00:13,10.3,219.7,256.1,0.8,120.0,243.5
2018-06-21T08:00:45,10.3,207.9,245.5,0.8,120.0,242.5
2018-06-21T08:01:16,10.3,209.7,239.5,0.7,120.0,242.5
2018-06-21T08:01:47,10.3,216.7,242.5,0.8,120.0,240.6
2018-06-21T08:02:18,10.3,217.3,264.4,0.8,130.0,242.5
2018-06-21T08:02:49,10.3,209.1,242.5,0.8,130.0,241.5
2018-06-21T08:03:20,10.7,221.5,222.4,0.8,130.0,242.5
2018-06-21T08:03:51,10.7,206.7,235.4,0.9,130.0,239.6
2018-06-21T08:04:22,10.7,227.4,256.1,0.7,140.0,242.5
2018-06-21T08:04:53,10.7,209.7,246.1,0.9,140.0,243.5
2018-06-21T08:05:24,10.7,221.5,229.5,0.8,140.0,244.4
2018-06-21T08:05:56,10.7,216.2,241.3,0.9,150.0,244.4
2018-06-21T08:06:27,10.7,224.4,233.6,0.9,150.0,243.5
2018-06-21T08:06:58,11.1,210.2,245.5,1.0,150.0,243.5
2018-06-21T08:07:29,11.1,216.7,257.9,1.0,150.0,243.5
2018-06-21T08:08:00,11.1,216.7,237.8,0.9,160.0,244.4
2018-06-21T08:08:31,11.1,215.0,225.4,1.0,160.0,243.5
2018-06-21T08:09:02,11.1,220.3,248.4,1.0,160.0,243.5
2018-06-21T08:09:33,11.4,212.0,255.5,1.0,170.0,244.4
2018-06-21T08:10:04,11.4,222.7,235.4,0.9,170.0,244.4
2018-06-21T08:10:35,11.4,209.7,231.3,1.0,170.0,244.4
2018-06-21T08:11:07,11.4,225.6,254.3,1.0,180.0,244.4
2018-06-21T08:11:38,11.8,211.4,247.8,1.0,180.0,243.5
2018-06-21T08:12:09,11.8,222.7,227.1,1.1,180.0,244.4
2018-06-21T08:12:40,11.8,218.5,230.7,1.0,190.0,244.4
2018-06-21T08:13:11,11.8,223.8,255.5,1.0,190.0,243.5
2018-06-21T08:13:42,11.8,208.5,243.7,1.1,190.0,242.5
2018-06-21T08:14:13,11.8,211.4,259.7,1.0,200.0,242.5
2018-06-21T08:14:44,11.8,225.6,237.2,1.1,200.0,241.5
2018-06-21T08:15:15,11.8,212.0,254.3,1.1,200.0,243.5
2018-06-21T08:15:46,12.1,221.5,244.9,1.1,210.0,241.5
2018-06-21T08:16:18,12.1,222.7,254.3,1.1,210.0,242.5
2018-06-21T08:16:49,12.1,214.4,242.5,1.1,210.0,242.5
2018-06-21T08:17:20,12.1,220.3,253.7,1.1,220.0,243.5
2018-06-21T08:17:51,12.1,215.6,241.9,1.2,220.0,242.5
2018-06-21T08:18:22,12.5,215.6,254.3,1.2,230.0,242.5
2018-06-21T08:18:53,12.5,222.7,242.5,1.1,230.0,242.5
2018-06-21T08:19:24,12.5,209.1,253.7,1.3,230.0,245.4
2018-06-21T08:19:55,12.5,221.5,242.5,1.2,240.0,242.5
2018-06-21T08:20:52,12.5,212.6,239.5,1.2,240.0,243.5
2018-06-21T08:21:24,12.9,221.5,252.0,1.3,250.0,244.4
2018-06-21T08:21:55,12.9,227.4,252.6,1.1,250.0,243.5
2018-06-21T08:22:26,12.9,211.4,246.6,1.3,260.0,244.4
2018-06-21T08:22:57,13.2,223.8,256.7,1.2,260.0,244.4
2018-06-21T08:23:28,13.2,225.6,252.6,1.3,270.0,243.5
2018-06-21T08:23:59,13.2,225.0,246.6,1.4,270.0,243.5
2018-06-21T08:24:30,13.6,216.7,244.9,1.3,280.0,243.5
2018-06-21T08:25:25,13.6,226.2,241.9,1.3,280.0,245.4
2018-06-21T08:25:56,13.6,218.5,255.5,1.4,290.0,245.4
2018-06-21T08:26:28,13.6,216.7,244.3,1.3,290.0,244.4
2018-06-21T08:26:59,13.6,226.2,251.4,1.3,300.0,242.5
2018-06-21T08:27:30,13.6,217.9,255.5,1.4,300.0,244.4
2018-06-21T08:28:01,14.0,218.5,246.1,1.5,310.0,244.4
2018-06-21T08:28:32,14.0,227.4,247.2,1.3,310.0,242.5
2018-06-21T08:29:03,14.0,215.0,247.2,1.5,320.0,243.5
2018-06-21T08:29:34,14.0,215.6,246.1,1.5,320.0,244.4
2018-06-21T08:30:05,14.0,225.0,256.7,1.5,330.0,244.4
2018-06-21T08:30:36,14.3,216.7,254.3,1.6,330.0,244.4
2018-06-21T08:31:08,14.3,216.2,243.1,1.5,340.0,244.4
2018-06-21T08:31:39,14.3,225.6,251.4,1.5,340.0,243.5
2018-06-21T08:32:10,14.7,217.3,254.3,1.6,350.0,244.4
2018-06-21T08:32:41,14.7,214.4,240.1,1.5,350.0,244.4
2018-06-21T08:33:12,15.1,228.0,254.3,1.4,360.0,243.5
2018-06-21T08:33:43,14.7,223.8,249.6,1.5,360.0,243.5
2018-06-21T08:34:14,14.7,219.7,241.9,1.5,370.0,246.4
2018-06-21T08:34:45,15.1,214.4,254.3,1.6,370.0,246.4
2018-06-21T08:35:16,15.1,215.6,242.5,1.7,380.0,246.4
2018-06-21T08:35:47,15.4,217.3,247.2,1.6,390.0,246.4
2018-06-21T08:36:18,15.4,220.3,252.6,1.7,390.0,246.4
2018-06-21T08:36:49,15.4,222.7,250.2,1.7,400.0,246.4
2018-06-21T08:37:20,15.4,219.7,242.5,1.7,400.0,246.4
2018-06-21T08:37:51,15.8,213.2,254.3,1.8,410.0,246.4
2018-06-21T08:38:22,15.8,217.9,244.9,1.7,410.0,246.4
2018-06-21T08:38:53,15.8,224.4,245.5,1.6,420.0,247.3
2018-06-21T08:39:24,16.2,222.1,252.6,1.8,430.0,247.3
2018-06-21T08:39:55,16.2,217.3,247.2,1.8,430.0,246.4
2018-06-21T08:40:26,16.2,217.3,246.6,1.8,440.0,247.3
2018-06-21T08:40:58,16.2,214.4,254.3,1.9,440.0,247.3
2018-06-21T08:41:29,16.5,215.6,245.5,1.8,450.0,248.3
2018-06-21T08:42:00,16.5,212.6,241.9,1.9,460.0,246.4
2018-06-21T08:42:31,16.5,213.2,253.7,1.8,460.0,245.4
2018-06-21T08:43:02,16.5,216.2,252.0,1.9,470.0,246.4
2018-06-21T08:43:33,16.5,212.6,237.2,1.9,480.0,245.4
2018-06-21T08:44:04,16.5,215.6,247.8,1.9,480.0,246.4
2018-06-21T08:44:35,16.5,218.5,250.8,1.9,490.0,247.3
2018-06-21T08:45:06,16.5,222.7,240.7,1.9,500.0,246.4
2018-06-21T08:45:38,16.9,221.5,248.4,1.9,500.0,246.4
2018-06-21T08:46:09,16.9,220.3,253.2,1.9,510.0,247.3
2018-06-21T08:46:40,16.9,223.2,239.0,1.9,520.0,247.3
2018-06-21T08:47:11,16.9,222.7,249.0,1.9,520.0,248.3
2018-06-21T08:47:42,16.9,222.7,252.6,1.9,530.0,250.2
2018-06-21T08:48:13,16.9,221.5,243.1,1.9,540.0,248.3
2018-06-21T08:48:44,17.3,216.2,246.1,2.1,540.0,246.4
2018-06-21T08:49:15,17.3,215.0,251.4,2.0,550.0,248.3
2018-06-21T08:49:46,17.6,215.0,239.0,2.0,560.0,247.3
2018-06-21T08:50:17,17.6,215.0,247.2,2.1,570.0,248.3
2018-06-21T08:50:49,17.6,214.4,254.9,2.0,570.0,249.3
2018-06-21T08:51:20,17.6,214.4,251.4,2.1,580.0,248.3
2018-06-21T08:51:51,18.0,216.7,240.7,2.1,590.0,248.3
2018-06-21T08:52:22,18.0,213.2,244.3,2.1,600.0,248.3
2018-06-21T08:52:53,18.0,221.5,252.6,2.1,600.0,247.3
2018-06-21T08:53:24,18.4,223.8,243.7,2.0,610.0,247.3
2018-06-21T08:53:55,18.4,222.1,239.5,2.1,620.0,247.3
2018-06-21T08:54:26,18.7,220.3,244.9,2.2,630.0,247.3
2018-06-21T08:54:57,18.7,220.3,253.2,2.2,630.0,245.4
2018-06-21T08:55:28,18.7,223.2,248.4,2.2,640.0,245.4
2018-06-21T08:55:59,19.1,221.5,243.1,2.2,650.0,247.3
2018-06-21T08:56:31,19.1,215.6,239.0,2.3,660.0,245.4
2018-06-21T08:57:02,19.1,213.2,248.4,2.2,670.0,246.4
2018-06-21T08:57:33,19.1,225.0,247.2,2.2,670.0,246.4
2018-06-21T08:58:04,19.5,222.7,240.1,2.2,680.0,245.4
2018-06-21T08:58:35,19.5,221.5,247.2,2.3,690.0,246.4
2018-06-21T08:59:06,19.5,217.3,251.4,2.3,700.0,246.4
2018-06-21T08:59:37,19.1,213.2,247.8,2.3,710.0,245.4
2018-06-21T09:00:08,19.1,220.9,246.6,2.4,710.0,247.3
2018-06-21T09:00:39,19.1,222.7,249.6,2.2,720.0,247.3
2018-06-21T09:01:11,19.1,218.5,243.7,2.4,730.0,247.3
2018-06-21T09:01:42,19.1,221.5,243.7,2.4,740.0,248.3
2018-06-21T09:02:13,19.1,225.6,242.5,2.3,750.0,247.3
2018-06-21T09:02:44,19.1,220.3,242.5,2.4,760.0,248.3
2018-06-21T09:03:15,19.1,219.1,253.7,2.4,760.0,248.3
2018-06-21T09:03:46,19.1,214.4,249.0,2.5,770.0,248.3
2018-06-21T09:04:17,19.1,216.2,236.6,2.5,780.0,246.4
2018-06-21T09:04:48,19.5,215.6,244.3,2.6,790.0,247.3
2018-06-21T09:05:19,19.5,221.5,241.9,2.4,800.0,248.3
2018-06-21T09:05:50,19.5,221.5,243.7,2.4,810.0,247.3
2018-06-21T09:06:22,19.5,223.2,238.4,2.5,820.0,247.3
2018-06-21T09:06:53,19.5,219.1,246.6,2.5,830.0,248.3
2018-06-21T09:07:24,19.5,217.9,249.0,2.5,840.0,248.3
2018-06-21T09:07:55,19.8,217.9,238.4,2.6,840.0,249.3
2018-06-21T09:08:26,20.2,220.3,239.5,2.5,850.0,247.3
2018-06-21T09:08:57,20.2,212.6,236.6,2.7,860.0,247.3
2018-06-21T09:09:28,20.2,219.7,241.9,2.7,870.0,247.3
2018-06-21T09:09:59,20.6,218.5,252.6,2.6,880.0,247.3
2018-06-21T09:10:30,20.6,216.2,246.1,2.7,890.0,248.3
2018-06-21T09:11:01,20.9,216.2,244.9,2.7,900.0,248.3
2018-06-21T09:11:32,20.9,218.5,247.2,2.7,910.0,248.3
2018-06-21T09:12:03,21.3,222.1,243.7,2.6,920.0,248.3
2018-06-21T09:12:34,21.3,221.5,242.5,2.7,930.0,247.3
2018-06-21T09:13:05,21.7,218.5,249.6,2.7,940.0,246.4
2018-06-21T09:13:36,21.7,214.4,242.5,2.8,950.0,248.3
2018-06-21T09:14:07,21.7,218.5,243.1,2.8,960.0,249.3
2018-06-21T09:14:38,22.0,219.1,250.2,2.7,970.0,249.3
2018-06-21T09:15:09,22.0,221.5,237.8,2.7,980.0,249.3
2018-06-21T09:15:41,22.0,209.7,241.3,2.7,990.0,249.3
2018-06-21T09:16:12,22.0,194.3,246.6,2.8,1000.0,250.2
2018-06-21T09:16:43,22.0,199.0,247.8,2.8,1010.0,248.3
2018-06-21T09:17:14,22.0,197.8,240.1,2.8,1020.0,248.3
2018-06-21T09:17:45,22.4,198.4,246.6,2.7,1030.0,247.3
2018-06-21T09:18:16,22.0,191.3,235.4,3.0,1040.0,248.3
2018-06-21T09:18:47,22.0,187.2,245.5,3.1,1050.0,248.3
2018-06-21T09:19:18,22.0,218.5,237.2,2.9,1060.0,246.4
2018-06-21T09:19:49,22.0,219.1,243.7,2.9,1070.0,247.3
2018-06-21T09:20:20,22.4,217.3,250.2,2.9,1080.0,248.3
2018-06-21T09:20:51,22.4,213.2,243.7,3.0,1090.0,247.3
2018-06-21T09:21:23,22.4,215.6,234.8,3.1,1100.0,248.3
2018-06-21T09:21:54,22.0,220.3,243.1,3.0,1110.0,247.3
2018-06-21T09:22:25,22.0,213.8,249.0,3.0,1120.0,246.4
2018-06-21T09:22:56,22.4,217.9,241.9,3.0,1130.0,247.3
2018-06-21T09:23:27,22.4,217.9,233.0,3.0,1140.0,247.3
2018-06-21T09:23:58,22.4,213.8,246.6,3.1,1150.0,245.4
2018-06-21T09:24:29,22.4,219.7,246.1,3.0,1160.0,246.4
2018-06-21T09:25:00,22.0,215.0,243.7,3.1,1170.0,246.4
2018-06-21T09:25:31,22.0,217.9,235.4,3.1,1180.0,245.4
2018-06-21T09:26:03,22.0,215.6,243.1,3.2,1200.0,246.4
2018-06-21T09:26:34,22.0,216.2,244.3,3.1,1210.0,247.3
2018-06-21T09:27:05,22.0,215.6,241.9,3.1,1220.0,248.3
2018-06-21T09:27:36,22.0,219.7,236.6,3.1,1230.0,248.3
2018-06-21T09:28:07,22.4,213.8,239.0,3.2,1240.0,248.3
2018-06-21T09:28:38,22.4,217.3,244.3,3.2,1250.0,247.3
2018-06-21T09:29:09,22.0,215.6,244.3,3.2,1260.0,247.3
2018-06-21T09:29:40,22.4,211.4,235.4,3.3,1270.0,249.3
2018-06-21T09:30:11,22.4,216.2,239.5,3.2,1290.0,246.4
2018-06-21T09:30:42,22.4,216.7,249.6,3.3,1300.0,249.3
2018-06-21T09:31:13,22.4,212.6,244.3,3.3,1310.0,250.2
2018-06-21T09:31:44,22.4,219.7,246.1,3.2,1320.0,248.3
2018-06-21T09:32:16,22.8,216.2,242.5,3.3,1330.0,249.3
2018-06-21T09:32:47,23.1,212.0,232.4,3.4,1340.0,248.3
2018-06-21T09:33:18,23.5,215.0,240.7,3.3,1350.0,248.3
2018-06-21T09:33:49,23.1,209.1,246.1,3.4,1370.0,247.3
2018-06-21T09:34:20,23.1,219.7,243.7,3.2,1380.0,247.3
2018-06-21T09:34:51,23.1,213.2,233.0,3.3,1390.0,247.3
2018-06-21T09:35:22,23.5,216.2,239.5,3.4,1400.0,248.3
2018-06-21T09:35:53,23.9,218.5,243.1,3.3,1410.0,248.3
2018-06-21T09:36:25,24.2,210.8,246.1,3.4,1430.0,248.3
2018-06-21T09:36:56,24.2,214.4,236.6,3.4,1440.0,247.3
2018-06-21T09:37:27,23.9,209.1,237.2,3.5,1450.0,247.3
2018-06-21T09:37:58,24.2,217.3,247.2,3.3,1460.0,248.3
2018-06-21T09:38:29,24.2,218.5,244.3,3.5,1480.0,249.3
2018-06-21T09:39:00,24.2,213.2,238.4,3.6,1490.0,249.3
2018-06-21T09:39:31,24.2,212.6,234.2,3.5,1500.0,248.3
2018-06-21T09:40:02,24.6,217.9,237.2,3.3,1510.0,249.3
2018-06-21T09:40:33,24.6,211.4,239.5,3.5,1520.0,248.3
2018-06-21T09:41:05,25.0,219.7,247.2,3.4,1540.0,250.2
2018-06-21T09:41:36,25.0,213.2,236.6,3.5,1550.0,249.3
2018-06-21T09:42:07,25.3,215.0,234.8,3.6,1560.0,249.3
2018-06-21T09:42:38,25.7,217.9,244.3,3.6,1570.0,250.2
2018-06-21T09:43:09,25.7,219.1,243.1,3.4,1590.0,249.3
2018-06-21T09:43:40,25.7,214.4,233.6,3.7,1600.0,250.2
2018-06-21T09:44:11,26.1,215.6,242.5,3.5,1610.0,249.3
2018-06-21T09:44:42,26.1,213.8,237.2,3.7,1630.0,249.3
2018-06-21T09:45:13,26.1,215.0,241.3,3.7,1640.0,247.3
2018-06-21T09:45:44,26.4,212.6,242.5,3.8,1650.0,248.3
2018-06-21T09:46:16,26.4,215.0,244.3,3.6,1660.0,249.3
2018-06-21T09:46:47,26.4,208.5,238.4,3.8,1680.0,249.3
2018-06-21T09:47:18,26.8,217.3,234.2,3.6,1690.0,249.3
2018-06-21T09:47:49,26.8,210.2,239.5,3.8,1700.0,250.2
2018-06-21T09:48:20,26.8,214.4,244.3,3.7,1720.0,250.2
2018-06-21T09:48:51,26.4,214.4,241.3,3.8,1730.0,250.2
2018-06-21T09:49:22,26.4,216.7,236.6,3.8,1740.0,248.3
2018-06-21T09:49:53,26.4,209.1,233.6,3.8,1760.0,249.3
2018-06-21T09:50:24,26.1,213.2,243.1,3.8,1770.0,249.3
2018-06-21T09:50:55,26.1,217.3,241.3,3.8,1780.0,248.3
2018-06-21T09:51:26,26.1,212.0,239.0,3.9,1800.0,249.3
2018-06-21T09:51:57,26.1,213.8,236.6,3.9,1810.0,248.3
2018-06-21T09:52:28,26.4,212.6,240.7,3.9,1820.0,250.2
2018-06-21T09:52:59,26.4,210.8,234.2,4.0,1840.0,249.3
2018-06-21T09:53:30,26.4,215.6,234.2,3.9,1850.0,250.2
2018-06-21T09:54:01,26.4,213.2,237.8,3.9,1870.0,249.3
2018-06-21T09:54:32,26.4,210.2,244.3,3.8,1880.0,249.3
2018-06-21T09:55:03,26.8,210.2,240.7,3.9,1890.0,249.3
2018-06-21T09:55:35,26.8,210.2,241.3,3.9,1910.0,250.2
2018-06-21T09:56:06,27.2,215.6,237.8,3.9,1920.0,250.2
2018-06-21T09:56:37,27.5,210.2,242.5,3.9,1930.0,249.3
2018-06-21T09:57:08,27.5,213.2,234.2,3.8,1950.0,250.2
2018-06-21T09:57:39,27.9,208.5,230.7,4.1,1960.0,250.2
2018-06-21T09:58:10,27.9,212.6,232.4,4.0,1980.0,248.3
2018-06-21T09:58:41,27.5,215.0,236.6,3.9,1990.0,250.2
2018-06-21T09:59:12,27.5,209.1,241.3,4.1,2000.0,249.3
2018-06-21T09:59:43,27.5,212.6,235.4,4.0,2020.0,250.2
2018-06-21T10:00:14,27.5,211.4,228.3,4.0,2030.0,251.2
2018-06-21T10:00:46,27.2,207.9,232.4,4.1,2050.0,250.2
2018-06-21T10:01:17,27.2,209.1,237.8,4.1,2060.0,250.2
2018-06-21T10:01:48,27.2,213.2,240.1,4.1,2070.0,249.3
2018-06-21T10:02:19,27.5,212.6,225.9,4.1,2090.0,252.2
2018-06-21T10:02:50,27.5,207.9,233.6,4.2,2100.0,251.2
2018-06-21T10:03:21,27.5,215.6,239.5,4.0,2120.0,252.2
2018-06-21T10:03:52,27.5,216.2,241.3,3.9,2130.0,252.2
2018-06-21T10:04:23,27.9,209.1,236.0,4.3,2150.0,251.2
2018-06-21T10:04:54,28.3,210.8,229.5,4.1,2160.0,252.2
2018-06-21T10:05:25,28.3,215.6,235.4,4.0,2180.0,252.2
2018-06-21T10:05:57,28.6,208.5,243.1,4.3,2190.0,252.2
2018-06-21T10:06:28,29.0,215.0,234.8,4.1,2210.0,251.2
2018-06-21T10:06:59,29.0,210.2,230.1,4.2,2220.0,252.2
2018-06-21T10:07:30,29.0,215.6,236.6,4.0,2230.0,252.2
2018-06-21T10:08:01,28.6,210.8,240.7,4.3,2250.0,251.2
2018-06-21T10:08:32,28.6,208.5,235.4,4.2,2260.0,251.2
2018-06-21T10:09:03,28.6,208.5,229.5,4.3,2280.0,251.2
2018-06-21T10:09:34,29.0,214.4,229.5,4.2,2290.0,252.2
2018-06-21T10:10:05,28.6,207.9,227.7,4.3,2310.0,252.2
2018-06-21T10:10:37,28.6,204.3,234.8,4.4,2320.0,251.2
2018-06-21T10:11:08,28.3,212.6,237.8,4.3,2340.0,253.1
2018-06-21T10:11:39,27.9,210.8,241.3,4.3,2350.0,252.2
2018-06-21T10:12:10,28.3,207.3,237.2,4.4,2370.0,253.1
2018-06-21T10:12:41,28.3,206.1,231.9,4.4,2380.0,252.2
2018-06-21T10:13:12,28.3,211.4,239.5,4.4,2400.0,253.1
2018-06-21T10:13:43,28.6,211.4,227.1,4.4,2410.0,253.1
2018-06-21T10:14:14,29.0,206.7,229.5,4.5,2430.0,251.2
2018-06-21T10:14:45,29.0,210.2,233.0,4.4,2450.0,254.1
2018-06-21T10:15:16,29.4,210.2,234.8,4.4,2460.0,253.1
2018-06-21T10:15:47,29.4,208.5,239.5,4.5,2480.0,252.2
2018-06-21T10:16:19,29.7,207.9,235.4,4.4,2490.0,252.2
2018-06-21T10:16:50,30.1,213.2,230.1,4.3,2510.0,253.1
2018-06-21T10:17:21,30.1,207.3,227.7,4.5,2520.0,254.1
2018-06-21T10:17:52,30.1,206.1,232.4,4.6,2540.0,254.1
2018-06-21T10:18:23,30.1,209.7,237.2,4.5,2550.0,252.2
2018-06-21T10:18:54,30.1,207.9,237.2,4.5,2570.0,252.2
2018-06-21T10:19:25,30.2,206.1,233.0,4.6,2580.0,252.2
2018-06-21T10:19:56,30.2,213.2,225.4,4.3,2600.0,252.2
2018-06-21T10:20:27,30.2,205.5,234.2,4.6,2620.0,252.2
2018-06-21T10:20:58,30.3,209.1,240.1,4.6,2630.0,253.1
2018-06-21T10:21:30,30.2,212.6,235.4,4.5,2650.0,253.1
2018-06-21T10:22:01,30.2,203.7,233.6,4.7,2660.0,254.1
2018-06-21T10:22:32,30.3,207.3,224.8,4.6,2680.0,252.2
2018-06-21T10:23:03,30.3,208.5,230.1,4.6,2690.0,252.2
2018-06-21T10:23:34,30.3,204.9,235.4,4.6,2710.0,252.2
2018-06-21T10:24:05,30.2,210.8,228.3,4.5,2730.0,253.1
2018-06-21T10:24:36,30.2,213.2,233.6,4.4,2740.0,253.1
2018-06-21T10:25:07,30.3,205.5,227.7,4.8,2760.0,252.2
2018-06-21T10:25:38,30.4,210.8,233.0,4.5,2770.0,252.2
2018-06-21T10:26:10,30.5,209.1,228.3,4.7,2790.0,252.2
2018-06-21T10:26:41,30.7,209.7,227.7,4.7,2810.0,251.2
2018-06-21T10:27:12,30.7,206.1,233.0,4.7,2820.0,251.2
2018-06-21T10:27:43,30.7,202.6,236.6,4.8,2840.0,251.2
2018-06-21T10:28:14,30.8,209.1,230.7,4.7,2850.0,249.3
2018-06-21T10:28:45,30.9,203.7,226.5,4.9,2870.0,251.2
2018-06-21T10:29:16,30.9,209.1,231.3,4.7,2890.0,248.3
2018-06-21T10:29:47,30.8,212.0,237.2,4.6,2900.0,249.3
2018-06-21T10:30:18,30.8,206.7,233.6,4.7,2920.0,249.3
2018-06-21T10:30:49,30.9,203.2,224.2,4.8,2940.0,249.3
2018-06-21T10:31:21,31.0,208.5,227.1,4.8,2950.0,249.3
2018-06-21T10:31:52,30.9,202.6,225.9,4.9,2970.0,250.2
2018-06-21T10:32:23,30.9,206.7,233.0,4.7,2990.0,249.3
2018-06-21T10:32:54,31.0,204.9,234.2,4.8,3000.0,249.3
2018-06-21T10:33:25,31.1,202.6,232.4,4.8,3020.0,250.2
2018-06-21T10:33:56,31.2,206.1,228.9,4.7,3030.0,251.2
2018-06-21T10:34:27,31.2,204.3,227.7,4.9,3050.0,251.2
2018-06-21T10:34:58,31.2,203.7,233.6,4.8,3070.0,250.2
2018-06-21T10:35:29,31.0,206.7,230.1,4.9,3080.0,250.2
2018-06-21T10:36:04,31.0,207.3,227.7,4.8,3100.0,251.2
2018-06-21T10:36:35,31.0,202.0,225.4,4.9,3120.0,251.2
2018-06-21T10:37:06,31.0,205.5,233.6,4.8,3140.0,252.2
2018-06-21T10:37:37,31.1,209.7,230.7,4.7,3150.0,250.2
2018-06-21T10:38:08,31.2,208.5,233.0,4.9,3170.0,250.2
2018-06-21T10:38:39,31.4,206.7,225.9,4.9,3190.0,251.2
2018-06-21T10:39:10,31.4,202.6,228.9,4.9,3200.0,250.2
2018-06-21T10:39:41,31.4,206.1,234.2,5.0,3220.0,251.2
2018-06-21T10:40:12,31.4,204.9,233.6,5.0,3240.0,250.2
2018-06-21T10:40:43,31.5,203.2,236.0,5.1,3250.0,250.2
2018-06-21T10:41:15,31.6,202.0,236.6,4.9,3270.0,250.2
2018-06-21T10:41:46,31.7,203.7,225.9,5.0,3290.0,251.2
2018-06-21T10:42:17,31.8,202.6,230.7,5.1,3310.0,250.2
2018-06-21T10:42:48,31.8,206.1,224.2,5.0,3320.0,251.2
2018-06-21T10:43:19,31.8,209.7,225.4,4.8,3340.0,251.2
2018-06-21T10:43:50,31.9,204.9,232.4,5.1,3360.0,251.2
2018-06-21T10:44:21,31.9,199.6,231.9,5.1,3370.0,252.2
2018-06-21T10:44:52,32.0,203.2,225.4,5.1,3390.0,251.2
2018-06-21T10:45:23,32.0,200.2,224.2,5.2,3410.0,251.2
2018-06-21T10:45:54,32.0,204.3,229.5,5.1,3430.0,251.2
2018-06-21T10:46:26,32.0,206.7,236.0,5.0,3440.0,252.2
2018-06-21T10:46:57,32.0,202.6,236.6,5.1,3460.0,251.2
2018-06-21T10:47:28,32.2,203.7,234.8,5.1,3480.0,251.2
2018-06-21T10:47:59,32.3,208.5,230.7,4.9,3490.0,252.2
2018-06-21T10:48:30,32.3,210.2,223.6,5.0,3510.0,251.2
2018-06-21T10:49:01,32.3,204.3,225.9,5.1,3530.0,249.3
2018-06-21T10:49:32,32.2,201.4,230.1,5.2,3550.0,251.2
2018-06-21T10:50:03,32.2,204.9,236.0,5.1,3560.0,252.2
2018-06-21T10:50:34,32.3,208.5,232.4,5.0,3580.0,253.1
2018-06-21T10:51:06,32.4,207.3,227.1,5.1,3600.0,251.2
2018-06-21T10:51:37,32.5,203.2,227.7,5.3,3620.0,250.2
2018-06-21T10:52:08,32.5,199.0,222.4,5.2,3640.0,251.2
2018-06-21T10:52:39,32.6,203.7,224.2,5.1,3650.0,251.2
2018-06-21T10:53:10,32.5,208.5,226.5,5.0,3670.0,251.2
2018-06-21T10:53:41,32.4,201.4,233.0,5.3,3690.0,250.2
2018-06-21T10:54:12,32.4,202.6,230.1,5.2,3710.0,251.2
2018-06-21T10:54:43,32.4,203.2,228.3,5.2,3720.0,251.2
2018-06-21T10:55:14,32.4,205.5,225.4,5.1,3740.0,252.2
2018-06-21T10:55:45,32.4,205.5,224.2,5.1,3760.0,251.2
2018-06-21T10:56:17,32.5,199.0,220.6,5.3,3780.0,252.2
2018-06-21T10:56:48,32.5,197.8,227.1,5.4,3790.0,250.2
2018-06-21T10:57:19,32.5,199.0,232.4,5.3,3810.0,251.2
2018-06-21T10:57:50,32.5,204.3,229.5,5.2,3830.0,251.2
2018-06-21T10:58:21,32.6,203.7,220.6,5.3,3850.0,250.2
2018-06-21T10:58:52,32.6,200.2,223.6,5.3,3870.0,249.3
2018-06-21T10:59:23,32.6,199.0,225.4,5.3,3880.0,249.3
2018-06-21T10:59:54,32.7,201.4,232.4,5.3,3900.0,249.3
2018-06-21T11:00:25,32.9,205.5,223.6,5.3,3920.0,249.3
2018-06-21T11:00:56,33.0,206.1,220.6,5.1,3940.0,249.3
2018-06-21T11:01:27,33.0,197.3,226.5,5.5,3950.0,249.3
2018-06-21T11:01:58,33.1,203.7,228.9,5.3,3970.0,248.3
2018-06-21T11:02:29,33.1,203.2,231.3,5.3,3990.0,249.3
2018-06-21T11:03:00,33.1,194.9,223.0,5.6,4010.0,250.2
2018-06-21T11:03:31,33.1,203.2,228.3,5.2,4030.0,250.2
2018-06-21T11:04:02,33.1,196.7,223.0,5.5,4040.0,249.3
2018-06-21T11:04:33,33.2,203.2,224.2,5.4,4060.0,247.3
2018-06-21T11:05:04,33.3,199.6,227.1,5.4,4080.0,246.4
2018-06-21T11:05:36,33.3,196.7,227.7,5.6,4100.0,247.3
2018-06-21T11:06:07,33.0,199.0,231.9,5.5,4120.0,247.3
2018-06-21T11:06:38,32.9,203.2,227.7,5.5,4140.0,248.3
2018-06-21T11:07:09,32.9,199.0,221.8,5.5,4150.0,247.3
2018-06-21T11:07:40,33.0,197.3,222.4,5.5,4170.0,247.3
2018-06-21T11:08:11,33.1,199.0,222.4,5.5,4190.0,248.3
2018-06-21T11:08:42,33.2,200.2,226.5,5.5,4210.0,247.3
2018-06-21T11:09:13,33.2,203.2,230.1,5.4,4230.0,247.3
2018-06-21T11:09:44,33.3,202.6,217.1,5.4,4250.0,246.4
2018-06-21T11:10:15,33.3,197.8,225.4,5.5,4260.0,248.3
2018-06-21T11:10:47,33.4,196.1,218.8,5.6,4280.0,246.4
2018-06-21T11:11:18,33.4,196.1,218.3,5.7,4300.0,246.4
2018-06-21T11:11:49,33.5,199.6,227.7,5.6,4320.0,247.3
2018-06-21T11:12:20,33.5,202.0,229.5,5.5,4340.0,246.4
2018-06-21T11:12:51,33.7,202.6,226.5,5.4,4360.0,247.3
2018-06-21T11:13:22,33.7,200.2,220.6,5.6,4370.0,247.3
2018-06-21T11:13:53,33.8,195.5,225.4,5.7,4390.0,246.4
2018-06-21T11:14:24,33.8,194.9,230.7,5.6,4410.0,249.3
2018-06-21T11:14:55,33.8,199.0,225.4,5.7,4430.0,249.3
2018-06-21T11:15:26,33.9,203.2,221.2,5.6,4450.0,249.3
2018-06-21T11:15:58,33.8,204.9,220.6,5.5,4470.0,249.3
2018-06-21T11:16:29,33.5,202.6,224.2,5.5,4490.0,250.2
2018-06-21T11:17:00,33.5,197.8,229.5,5.7,4510.0,251.2
2018-06-21T11:17:31,33.7,199.0,228.3,5.7,4520.0,250.2
2018-06-21T11:18:02,33.7,200.8,229.5,5.5,4540.0,249.3
2018-06-21T11:18:33,33.7,197.3,227.7,5.8,4560.0,250.2
2018-06-21T11:19:04,33.8,196.1,221.2,5.7,4580.0,250.2
2018-06-21T11:19:35,33.9,203.2,220.0,5.5,4600.0,250.2
2018-06-21T11:20:06,34.0,197.3,218.8,5.6,4620.0,250.2
2018-06-21T11:20:38,34.1,195.5,220.6,5.8,4640.0,250.2
2018-06-21T11:21:09,34.0,199.6,224.2,5.6,4660.0,250.2
2018-06-21T11:21:40,33.7,202.6,230.1,5.4,4670.0,250.2
2018-06-21T11:22:11,33.8,200.2,224.2,5.6,4690.0,250.2
2018-06-21T11:22:42,33.9,199.0,217.7,5.7,4710.0,249.3
2018-06-21T11:23:13,34.0,198.4,220.0,5.6,4730.0,248.3
2018-06-21T11:23:44,34.1,195.5,225.4,5.8,4750.0,250.2
2018-06-21T11:24:15,34.1,194.3,230.7,5.8,4770.0,250.2
2018-06-21T11:24:46,34.0,198.4,224.8,5.7,4790.0,250.2
2018-06-21T11:25:17,34.1,202.6,217.1,5.6,4810.0,249.3
2018-06-21T11:25:49,34.2,193.7,218.8,5.9,4830.0,250.2
2018-06-21T11:26:20,34.2,198.4,228.3,5.8,4840.0,250.2
2018-06-21T11:26:51,34.4,201.4,229.5,5.6,4860.0,250.2
2018-06-21T11:27:22,34.4,197.8,220.6,5.8,4880.0,250.2
2018-06-21T11:27:53,34.5,196.7,220.6,5.8,4900.0,250.2
2018-06-21T11:28:24,34.5,193.1,223.6,5.9,4920.0,249.3
2018-06-21T11:28:55,34.5,196.1,231.9,5.8,4940.0,250.2
2018-06-21T11:29:26,34.6,202.0,224.2,5.7,4960.0,249.3
2018-06-21T11:29:57,34.6,198.4,221.8,5.9,4980.0,250.2
2018-06-21T11:30:28,34.6,194.3,221.8,5.9,5000.0,251.2
2018-06-21T11:30:59,34.7,193.7,220.6,5.9,5020.0,250.2
2018-06-21T11:31:31,34.7,200.2,223.6,5.7,5040.0,251.2
2018-06-21T11:32:02,34.8,201.4,224.2,5.8,5060.0,250.2
2018-06-21T11:32:33,34.8,199.6,224.8,5.8,5080.0,251.2
2018-06-21T11:33:04,34.9,197.3,224.8,5.9,5090.0,251.2
2018-06-21T11:33:35,34.9,199.6,228.3,5.9,5110.0,251.2
2018-06-21T11:34:06,34.9,199.6,227.7,5.8,5130.0,251.2
2018-06-21T11:34:37,35.0,201.4,228.9,5.7,5150.0,251.2
2018-06-21T11:35:08,35.0,195.5,226.5,5.9,5170.0,251.2
2018-06-21T11:35:39,34.9,193.1,221.2,5.8,5190.0,252.2
2018-06-21T11:36:11,34.7,197.8,220.0,5.8,5210.0,251.2
2018-06-21T11:36:42,34.5,198.4,223.0,5.8,5230.0,251.2
2018-06-21T11:37:13,34.6,199.6,228.9,5.9,5250.0,252.2
2018-06-21T11:37:44,34.7,202.0,225.9,5.8,5270.0,251.2
2018-06-21T11:38:15,34.6,199.6,222.4,5.8,5290.0,251.2
2018-06-21T11:38:46,34.7,193.7,216.5,6.1,5310.0,253.1
2018-06-21T11:39:17,34.7,194.3,220.0,6.1,5330.0,252.2
2018-06-21T11:39:48,34.6,197.3,220.0,6.0,5350.0,252.2
2018-06-21T11:40:19,34.7,199.6,224.8,5.8,5370.0,251.2
2018-06-21T11:40:50,34.8,199.0,223.6,5.8,5390.0,251.2
2018-06-21T11:41:22,34.8,192.5,225.4,6.1,5410.0,252.2
2018-06-21T11:41:53,34.9,197.8,223.0,6.0,5430.0,252.2
2018-06-21T11:42:24,34.9,197.3,221.2,5.9,5440.0,252.2
2018-06-21T11:42:55,35.0,192.5,224.2,6.1,5460.0,251.2
2018-06-21T11:43:26,35.0,198.4,223.6,5.9,5480.0,251.2
2018-06-21T11:43:57,35.2,200.2,227.1,5.9,5500.0,251.2
2018-06-21T11:44:28,35.2,198.4,226.5,5.9,5520.0,252.2
2018-06-21T11:44:59,35.3,192.5,218.8,6.2,5540.0,252.2
2018-06-21T11:45:30,35.3,190.8,217.7,6.1,5560.0,250.2
2018-06-21T11:46:01,35.3,196.1,216.5,5.9,5580.0,252.2
2018-06-21T11:46:32,35.4,196.1,216.5,6.1,5600.0,251.2
2018-06-21T11:47:03,35.4,189.6,218.8,6.1,5620.0,251.2
2018-06-21T11:47:34,35.5,196.7,222.4,5.9,5640.0,252.2
2018-06-21T11:48:05,35.4,199.0,225.4,5.9,5660.0,253.1
2018-06-21T11:48:36,35.4,198.4,226.5,5.8,5680.0,251.2
2018-06-21T11:49:07,35.4,196.1,227.7,5.9,5700.0,253.1
2018-06-21T11:49:38,35.4,191.9,225.4,6.0,5720.0,251.2
2018-06-21T11:50:09,35.4,192.5,220.6,6.1,5740.0,252.2
2018-06-21T11:50:41,35.0,196.7,216.5,6.0,5760.0,253.1
2018-06-21T11:51:12,35.0,198.4,215.3,5.8,5780.0,252.2
2018-06-21T11:51:43,35.2,191.9,227.1,6.0,5800.0,252.2
2018-06-21T11:52:14,35.3,195.5,225.4,6.1,5820.0,251.2
2018-06-21T11:52:45,35.4,192.5,215.9,6.2,5840.0,252.2
2018-06-21T11:53:16,35.4,191.3,216.5,6.2,5860.0,251.2
2018-06-21T11:53:47,35.5,194.3,216.5,6.1,5880.0,251.2
2018-06-21T11:54:18,35.5,196.7,218.8,5.9,5900.0,251.2
2018-06-21T11:54:49,35.6,199.0,223.6,5.8,5920.0,251.2
2018-06-21T11:55:20,35.6,199.6,227.7,6.0,5940.0,251.2
2018-06-21T11:55:51,35.7,193.1,225.9,6.2,5960.0,250.2
2018-06-21T11:56:23,35.7,194.3,219.4,6.0,5980.0,250.2
2018-06-21T11:56:54,35.7,200.2,217.1,5.8,6000.0,252.2
2018-06-21T11:57:25,35.7,198.4,219.4,5.9,6020.0,252.2
2018-06-21T11:57:56,35.9,198.4,223.6,5.9,6040.0,251.2
2018-06-21T11:58:27,35.9,191.3,225.4,6.2,6050.0,252.2
2018-06-21T11:58:58,36.0,191.9,227.1,6.2,6070.0,252.2
2018-06-21T11:59:29,36.0,194.3,225.4,6.2,6090.0,251.2
2018-06-21T12:00:00,36.0,194.9,220.6,6.1,6110.0,252.2
2018-06-21T12:00:31,36.0,196.7,221.2,6.1,6130.0,251.2
2018-06-21T12:01:03,36.1,198.4,223.6,6.0,6150.0,251.2
2018-06-21T12:01:34,36.1,197.3,220.6,5.9,6170.0,251.2
2018-06-21T12:02:05,36.2,190.8,221.8,6.3,6190.0,251.2
2018-06-21T12:02:36,36.2,196.7,212.3,6.1,6210.0,250.2
2018-06-21T12:03:07,36.1,196.7,220.6,6.1,6230.0,251.2
2018-06-21T12:03:38,36.1,189.0,225.4,5.6,6250.0,250.2
2018-06-21T12:04:09,35.9,170.1,228.3,5.9,6270.0,251.2
2018-06-21T12:04:40,35.9,195.5,217.1,6.2,6290.0,251.2
2018-06-21T12:05:11,35.9,201.4,206.4,5.4,6310.0,251.2
2018-06-21T12:05:42,35.9,200.2,197.5,5.8,6330.0,252.2
2018-06-21T12:06:14,36.0,198.4,222.4,6.2,6350.0,252.2
2018-06-21T12:06:45,35.6,196.1,213.5,6.3,6370.0,251.2
2018-06-21T12:07:16,35.4,191.9,217.7,6.2,6390.0,252.2
2018-06-21T12:07:47,35.6,189.6,213.5,6.3,6410.0,251.2
2018-06-21T12:08:18,35.5,190.2,217.7,6.4,6430.0,252.2
2018-06-21T12:08:49,35.4,191.9,221.2,6.4,6450.0,252.2
2018-06-21T12:09:20,35.5,194.9,218.8,6.3,6470.0,253.1
2018-06-21T12:09:51,35.4,194.9,217.7,6.3,6490.0,252.2
2018-06-21T12:10:22,35.4,197.8,227.1,6.1,6510.0,252.2
2018-06-21T12:10:53,35.5,190.2,218.8,6.3,6530.0,251.2
2018-06-21T12:11:25,35.6,196.7,218.8,6.2,6550.0,251.2
2018-06-21T12:11:56,35.7,199.6,219.4,5.9,6570.0,251.2
2018-06-21T12:12:27,35.9,199.0,218.8,6.0,6590.0,252.2
2018-06-21T12:12:58,36.0,195.5,223.6,6.3,6610.0,252.2
2018-06-21T12:13:29,36.0,193.1,224.2,6.2,6630.0,252.2
2018-06-21T12:14:00,36.1,198.4,213.5,5.9,6650.0,252.2
2018-06-21T12:14:31,36.2,200.2,210.6,6.1,6670.0,252.2
2018-06-21T12:15:02,36.2,203.7,205.2,2.5,6680.0,248.3
2018-06-21T12:15:33,36.3,203.2,207.6,2.6,6690.0,247.3
2018-06-21T12:16:05,36.3,184.3,210.6,3.9,6700.0,249.3
2018-06-21T12:16:36,36.3,196.7,220.6,6.3,6720.0,253.1
2018-06-21T12:17:07,36.3,196.7,218.8,6.3,6740.0,253.1
2018-06-21T12:17:38,36.3,196.1,223.6,6.3,6760.0,254.1
2018-06-21T12:18:09,36.4,197.3,221.8,6.2,6780.0,254.1
2018-06-21T12:18:40,36.4,191.9,227.7,6.3,6800.0,253.1
2018-06-21T12:19:11,36.4,197.8,220.0,6.0,6820.0,253.1
2018-06-21T12:19:42,36.4,192.5,212.9,6.4,6840.0,254.1
2018-06-21T12:20:13,36.4,190.8,214.7,6.4,6860.0,252.2
2018-06-21T12:20:44,36.4,189.0,217.1,6.4,6880.0,253.1
2018-06-21T12:21:16,36.5,195.5,218.3,6.2,6900.0,252.2
2018-06-21T12:21:47,36.5,196.1,220.6,6.0,6920.0,253.1
2018-06-21T12:22:18,36.7,189.6,221.2,6.4,6940.0,252.2
2018-06-21T12:22:49,36.7,192.5,220.6,6.3,6960.0,252.2
2018-06-21T12:23:20,36.8,191.9,215.3,6.4,6980.0,252.2
2018-06-21T12:23:51,36.8,196.7,215.3,6.1,7000.0,253.1
2018-06-21T12:24:22,36.9,191.9,213.5,6.2,7020.0,253.1
2018-06-21T12:24:53,36.9,189.0,212.9,6.4,7040.0,253.1
2018-06-21T12:25:24,37.0,189.0,212.9,6.3,7060.0,252.2
2018-06-21T12:25:55,37.0,190.2,216.5,6.4,7080.0,253.1
2018-06-21T12:26:27,37.0,193.7,212.3,6.4,7100.0,252.2
2018-06-21T12:26:58,37.1,194.3,223.0,6.3,7120.0,251.2
2018-06-21T12:27:29,37.1,191.9,214.1,6.3,7150.0,252.2
2018-06-21T12:28:00,37.1,189.6,213.5,6.4,7170.0,251.2
2018-06-21T12:28:31,37.2,189.6,214.1,6.3,7190.0,253.1
2018-06-21T12:29:02,37.2,189.0,219.4,6.4,7210.0,251.2
2018-06-21T12:29:33,37.2,190.8,225.9,6.5,7230.0,252.2
2018-06-21T12:30:04,37.4,193.1,221.8,6.2,7250.0,251.2
2018-06-21T12:30:35,37.4,192.5,220.6,6.5,7270.0,252.2
2018-06-21T12:31:07,37.4,191.3,217.7,6.3,7290.0,251.2
2018-06-21T12:31:38,37.4,189.6,211.7,6.4,7310.0,251.2
2018-06-21T12:32:09,37.4,190.2,212.3,6.5,7330.0,251.2
2018-06-21T12:32:40,37.5,197.3,217.1,6.1,7350.0,252.2
2018-06-21T12:33:11,37.4,191.9,221.8,6.5,7370.0,253.1
2018-06-21T12:33:42,37.1,193.7,223.6,6.4,7390.0,252.2
2018-06-21T12:34:13,37.2,194.3,220.0,6.2,7410.0,251.2
2018-06-21T12:34:44,37.0,195.5,217.7,6.2,7430.0,251.2
2018-06-21T12:35:15,36.8,197.8,212.3,6.2,7450.0,252.2
2018-06-21T12:35:46,36.5,197.3,222.4,6.2,7470.0,252.2
2018-06-21T12:36:18,36.5,190.8,219.4,6.5,7490.0,251.2
2018-06-21T12:36:49,36.7,190.2,221.2,6.4,7510.0,251.2
2018-06-21T12:37:20,36.8,189.6,219.4,6.5,7540.0,251.2
2018-06-21T12:37:51,36.8,193.7,216.5,6.4,7560.0,252.2
2018-06-21T12:38:22,36.7,194.9,223.6,6.4,7580.0,251.2
2018-06-21T12:38:53,36.7,197.3,213.5,6.3,7600.0,251.2
2018-06-21T12:39:24,36.8,188.4,213.5,6.5,7620.0,251.2
2018-06-21T12:39:55,36.9,190.8,212.3,6.4,7640.0,251.2
2018-06-21T12:40:26,36.9,190.2,211.7,6.5,7660.0,250.2
2018-06-21T12:40:57,37.0,189.6,215.3,6.5,7680.0,251.2
2018-06-21T12:41:28,37.1,190.8,224.2,6.5,7700.0,250.2
2018-06-21T12:41:59,37.2,196.7,214.7,6.3,7720.0,250.2
2018-06-21T12:42:30,37.4,193.1,208.2,6.4,7740.0,252.2
2018-06-21T12:43:01,37.4,189.0,215.3,6.5,7770.0,249.3
2018-06-21T12:43:32,37.4,194.9,212.9,6.4,7790.0,249.3
2018-06-21T12:44:03,37.2,194.9,210.6,6.4,7810.0,250.2
2018-06-21T12:44:34,37.4,193.1,212.3,6.6,7830.0,250.2
2018-06-21T12:45:05,37.4,193.7,215.3,6.6,7850.0,251.2
2018-06-21T12:45:37,37.5,194.9,217.1,6.4,7870.0,250.2
2018-06-21T12:46:08,37.5,193.7,208.2,6.5,7890.0,251.2
2018-06-21T12:46:39,37.6,192.5,211.2,6.8,7920.0,252.2
2018-06-21T12:47:10,37.6,191.3,219.4,6.7,7940.0,252.2
2018-06-21T12:47:41,37.6,193.7,207.6,6.9,7960.0,252.2
2018-06-21T12:48:12,37.4,191.9,217.7,6.6,7980.0,252.2
2018-06-21T12:48:43,37.1,193.1,215.9,6.1,8000.0,252.2
2018-06-21T12:49:14,36.9,185.4,214.7,6.6,8030.0,251.2
2018-06-21T12:49:45,36.9,205.5,222.4,6.0,8040.0,251.2
2018-06-21T12:50:16,36.9,193.1,208.8,6.8,8060.0,251.2
2018-06-21T12:50:48,37.0,189.6,211.7,6.8,8090.0,252.2
2018-06-21T12:51:19,37.0,190.2,215.3,6.8,8110.0,251.2
2018-06-21T12:51:50,37.0,189.6,212.3,6.9,8130.0,250.2
2018-06-21T12:52:21,37.1,187.8,215.3,6.8,8150.0,250.2
2018-06-21T12:52:52,37.2,189.6,211.2,6.4,8170.0,250.2
2018-06-21T12:53:23,37.2,181.3,211.7,6.8,8200.0,250.2
2018-06-21T12:53:54,37.1,188.4,212.9,6.8,8220.0,251.2
2018-06-21T12:54:25,37.1,192.5,212.9,2.5,8240.0,250.2
2018-06-21T12:54:56,37.2,215.6,190.4,4.5,8250.0,251.2
2018-06-21T12:55:27,37.4,199.0,171.5,4.9,8260.0,249.3
2018-06-21T12:55:59,37.4,201.4,195.2,6.3,8280.0,251.2
2018-06-21T12:56:30,37.4,191.3,202.3,6.6,8300.0,251.2
2018-06-21T12:57:01,37.5,197.3,213.5,6.3,8320.0,251.2
2018-06-21T12:57:32,37.6,186.6,208.2,6.5,8340.0,252.2
2018-06-21T12:58:03,37.6,189.6,216.5,6.7,8360.0,252.2
2018-06-21T12:58:34,37.7,187.2,217.7,7.0,8390.0,252.2
2018-06-21T12:59:05,37.6,199.0,215.9,4.4,8410.0,251.2
2018-06-21T12:59:36,37.4,175.4,234.8,5.5,8420.0,250.2
2018-06-21T13:00:07,37.1,187.8,221.2,6.7,8440.0,252.2
2018-06-21T13:00:39,37.2,196.1,212.9,6.8,8460.0,252.2
2018-06-21T13:01:10,37.4,190.2,202.3,6.8,8480.0,252.2
2018-06-21T13:01:41,37.4,186.6,211.2,4.4,8500.0,250.2
2018-06-21T13:02:12,37.2,197.3,239.0,4.8,8510.0,249.3
2018-06-21T13:02:43,37.1,198.4,239.5,4.5,8530.0,249.3
2018-06-21T13:03:14,36.8,186.6,224.2,1.6,8540.0,247.3
2018-06-21T13:03:45,36.5,180.1,204.6,1.6,8550.0,246.4
2018-06-21T13:04:16,36.3,152.4,176.2,4.3,8550.0,248.3
2018-06-21T13:04:47,36.2,135.8,180.4,6.5,8570.0,251.2
2018-06-21T13:05:18,36.1,148.2,197.5,7.2,8580.0,248.3
2018-06-21T13:05:49,36.0,168.9,199.9,5.2,8600.0,248.3
2018-06-21T13:06:21,36.0,152.4,222.4,6.2,8610.0,249.3
2018-06-21T13:06:52,36.1,169.5,220.6,7.4,8630.0,251.2
2018-06-21T13:07:23,36.1,186.0,218.3,6.8,8650.0,252.2
2018-06-21T13:07:54,36.2,172.4,218.8,7.0,8670.0,251.2
2018-06-21T13:08:25,36.1,166.5,215.9,7.3,8700.0,251.2
2018-06-21T13:08:56,36.0,169.5,216.5,7.2,8720.0,251.2
2018-06-21T13:09:27,36.0,160.6,218.3,7.4,8740.0,250.2
2018-06-21T13:09:58,36.1,160.0,220.0,1.7,8750.0,246.4
2018-06-21T13:10:29,35.9,177.2,225.4,1.5,8760.0,245.4
2018-06-21T13:11:00,35.9,163.6,215.3,1.4,8760.0,246.4
2018-06-21T13:11:31,35.7,187.2,213.5,1.3,8770.0,245.4
2018-06-21T13:12:02,35.6,199.0,198.7,3.7,8780.0,247.3
2018-06-21T13:12:33,35.6,196.7,207.0,0.9,8780.0,246.4
2018-06-21T13:13:04,35.5,187.8,211.7,0.7,8790.0,244.4
2018-06-21T13:13:35,35.4,203.2,211.7,0.6,8790.0,243.5
2018-06-21T13:14:06,35.4,202.6,217.7,0.7,8790.0,244.4
2018-06-21T13:14:37,35.5,191.3,212.3,0.7,8800.0,245.4
2018-06-21T13:15:08,35.6,170.1,199.3,0.7,8800.0,245.4
2018-06-21T13:15:40,35.6,168.9,222.4,0.8,8800.0,245.4
2018-06-21T13:16:11,35.7,190.2,207.0,0.6,8800.0,245.4
2018-06-21T13:16:42,35.7,208.5,213.5,0.6,8800.0,246.4
2018-06-21T13:17:13,35.9,188.4,223.0,0.6,8810.0,245.4
2018-06-21T13:17:44,35.9,179.5,215.9,0.6,8810.0,246.4
2018-06-21T13:18:15,35.9,202.0,228.3,0.6,8810.0,246.4
2018-06-21T13:18:46,35.9,201.4,206.4,0.6,8810.0,245.4
2018-06-21T13:19:17,35.9,179.5,197.0,0.7,8820.0,246.4
2018-06-21T13:19:48,35.9,154.7,196.4,1.7,8820.0,248.3
2018-06-21T13:20:19,35.9,175.4,208.2,2.8,8830.0,249.3
2018-06-21T13:20:51,35.9,180.7,227.7,1.3,8840.0,249.3
2018-06-21T13:21:22,35.9,147.6,192.2,6.5,8850.0,249.3
2018-06-21T13:21:53,35.9,171.3,201.7,6.8,8870.0,252.2
2018-06-21T13:22:24,35.7,173.0,216.5,4.9,8890.0,251.2
2018-06-21T13:22:55,35.6,180.1,235.4,6.3,8900.0,252.2
2018-06-21T13:23:26,35.5,170.7,228.3,6.7,8920.0,252.2
2018-06-21T13:23:57,35.5,173.0,225.4,6.6,8950.0,253.1
2018-06-21T13:24:28,35.5,172.4,223.6,6.6,8970.0,252.2
2018-06-21T13:24:59,35.5,171.3,224.2,6.7,8990.0,252.2
2018-06-21T13:25:30,35.6,171.3,229.5,6.6,9010.0,253.1
2018-06-21T13:26:02,35.9,170.7,224.8,6.7,9030.0,251.2
2018-06-21T13:26:33,36.0,159.4,218.8,6.8,9050.0,252.2
2018-06-21T13:27:04,36.1,161.2,228.3,4.5,9070.0,251.2
2018-06-21T13:27:35,36.1,155.9,223.6,1.5,9080.0,249.3
2018-06-21T13:28:06,36.2,151.2,215.3,1.2,9080.0,247.3
2018-06-21T13:28:37,36.2,173.6,215.3,1.0,9090.0,246.4
2018-06-21T13:29:08,36.2,206.7,183.3,3.8,9090.0,249.3
2018-06-21T13:29:39,36.2,200.2,197.0,4.4,9110.0,251.2
2018-06-21T13:30:10,36.3,201.4,223.6,4.1,9130.0,252.2
2018-06-21T13:30:41,36.3,198.4,220.6,4.1,9150.0,252.2
2018-06-21T13:31:12,36.3,197.3,218.8,3.8,9160.0,251.2
2018-06-21T13:31:43,36.4,199.6,224.8,3.1,9180.0,251.2
2018-06-21T13:32:14,36.2,186.6,224.8,4.2,9200.0,252.2
2018-06-21T13:32:45,36.0,184.8,224.8,4.6,9220.0,250.2
2018-06-21T13:33:16,36.1,187.8,225.9,4.4,9230.0,251.2
2018-06-21T13:33:47,36.2,186.6,224.2,4.4,9250.0,249.3
2018-06-21T13:34:18,36.2,190.2,221.8,3.7,9270.0,250.2
2018-06-21T13:34:49,36.2,187.2,215.9,3.7,9290.0,250.2
2018-06-21T13:35:20,36.2,180.7,217.7,3.8,9300.0,250.2
2018-06-21T13:35:52,36.3,149.4,215.3,6.6,9320.0,251.2
2018-06-21T13:36:23,36.2,153.5,219.4,6.6,9340.0,251.2
2018-06-21T13:36:54,36.3,155.9,218.8,6.5,9360.0,251.2
2018-06-21T13:37:25,36.3,158.9,219.4,6.4,9380.0,251.2
2018-06-21T13:37:56,36.1,157.7,220.6,6.4,9400.0,251.2
2018-06-21T13:38:27,36.1,160.0,218.8,6.4,9420.0,251.2
2018-06-21T13:38:58,36.1,158.3,211.7,6.4,9440.0,251.2
2018-06-21T13:39:29,36.1,155.3,218.8,6.7,9460.0,251.2
2018-06-21T13:40:00,36.1,156.5,218.8,6.6,9480.0,252.2
2018-06-21T13:40:32,35.9,152.4,224.2,6.8,9500.0,252.2
2018-06-21T13:41:03,35.7,150.6,209.4,7.0,9520.0,252.2
2018-06-21T13:41:34,35.6,148.2,209.4,7.0,9540.0,252.2
2018-06-21T13:42:05,35.9,154.1,219.4,7.1,9560.0,252.2
2018-06-21T13:42:36,36.1,151.2,215.3,7.3,9580.0,252.2
2018-06-21T13:43:07,36.2,152.4,213.5,5.6,9600.0,252.2
2018-06-21T13:43:38,36.3,160.6,197.5,4.2,9620.0,251.2
2018-06-21T13:44:09,36.4,160.6,209.4,1.6,9620.0,248.3
2018-06-21T13:44:40,36.5,181.9,215.9,1.6,9630.0,248.3
2018-06-21T13:45:11,36.5,176.0,212.3,1.5,9640.0,247.3
2018-06-21T13:45:43,36.7,191.9,218.8,1.4,9640.0,247.3
2018-06-21T13:46:14,36.7,209.7,232.4,1.6,9650.0,247.3
2018-06-21T13:46:45,36.7,217.9,205.8,1.4,9660.0,248.3
2018-06-21T13:47:16,36.7,210.2,224.2,1.5,9660.0,247.3
2018-06-21T13:47:47,36.7,219.1,215.9,1.5,9670.0,248.3
2018-06-21T13:48:18,36.7,209.1,225.9,1.4,9680.0,248.3
2018-06-21T13:48:49,36.8,208.5,220.6,1.3,9680.0,246.4
2018-06-21T13:49:20,36.8,209.7,222.4,1.3,9690.0,246.4
2018-06-21T13:49:51,36.5,209.7,223.6,1.2,9690.0,245.4
2018-06-21T13:50:22,36.4,207.3,224.8,1.2,9700.0,247.3
2018-06-21T13:50:54,36.3,210.8,225.9,1.1,9700.0,246.4
2018-06-21T13:51:25,36.2,213.2,212.9,1.1,9710.0,247.3
2018-06-21T13:51:56,36.2,199.0,225.9,1.1,9710.0,247.3
2018-06-21T13:52:27,36.3,216.7,221.2,1.1,9720.0,246.4
2018-06-21T13:52:58,36.3,193.1,227.7,1.2,9720.0,248.3
2018-06-21T13:53:29,36.3,176.0,223.6,1.4,9730.0,249.3
2018-06-21T13:54:00,36.4,197.3,225.9,1.2,9730.0,247.3
2018-06-21T13:54:31,36.4,214.4,225.4,1.2,9740.0,246.4
2018-06-21T13:55:02,36.4,210.8,223.6,1.2,9740.0,246.4
2018-06-21T13:55:34,36.4,206.7,230.1,1.2,9750.0,246.4
2018-06-21T13:56:05,36.4,211.4,224.8,1.3,9750.0,246.4
2018-06-21T13:56:36,36.4,211.4,231.3,1.2,9760.0,246.4
2018-06-21T13:57:07,36.4,215.6,220.6,1.1,9760.0,246.4
2018-06-21T13:57:38,36.3,216.7,232.4,1.1,9770.0,246.4
2018-06-21T13:58:09,36.2,216.2,218.8,1.2,9780.0,245.4
2018-06-21T13:58:40,36.1,207.9,231.9,1.3,9780.0,245.4
2018-06-21T13:59:11,36.1,208.5,232.4,1.2,9790.0,246.4
2018-06-21T13:59:42,35.7,208.5,225.4,1.2,9790.0,246.4
2018-06-21T14:00:13,35.7,210.8,231.9,1.1,9800.0,245.4
2018-06-21T14:00:44,35.6,206.7,223.6,1.2,9800.0,245.4
2018-06-21T14:01:16,35.5,213.8,225.9,1.1,9810.0,246.4
2018-06-21T14:01:47,35.5,212.6,226.5,1.2,9810.0,245.4
2018-06-21T14:02:18,35.5,211.4,228.3,1.0,9820.0,245.4
2018-06-21T14:02:49,35.3,208.5,229.5,1.0,9820.0,245.4
2018-06-21T14:03:20,35.0,215.6,223.0,1.1,9830.0,245.4
2018-06-21T14:03:51,34.9,208.5,223.0,1.0,9830.0,245.4
2018-06-21T14:04:22,34.9,209.7,225.9,1.0,9830.0,245.4
2018-06-21T14:04:53,34.9,206.1,237.8,1.0,9840.0,246.4
2018-06-21T14:05:24,34.8,209.1,230.7,1.0,9840.0,246.4
2018-06-21T14:05:55,34.8,206.7,230.7,1.0,9850.0,243.5
2018-06-21T14:06:27,34.8,208.5,231.3,0.9,9850.0,245.4
2018-06-21T14:06:58,34.7,209.1,232.4,0.9,9860.0,244.4
2018-06-21T14:07:29,34.6,206.7,232.4,0.9,9860.0,244.4
2018-06-21T14:08:00,34.7,212.6,242.5,0.9,9860.0,242.5
2018-06-21T14:08:31,34.7,208.5,235.4,0.9,9870.0,242.5
2018-06-21T14:09:02,34.6,209.1,237.2,0.9,9870.0,242.5
2018-06-21T14:09:33,34.6,216.7,227.7,0.8,9880.0,243.5
2018-06-21T14:10:04,34.7,212.6,230.1,0.8,9880.0,240.6
2018-06-21T14:10:35,34.7,203.7,235.4,0.9,9880.0,242.5
2018-06-21T14:11:07,34.7,218.5,224.8,0.7,9890.0,241.5
2018-06-21T14:11:38,34.8,208.5,235.4,0.9,9890.0,241.5
2018-06-21T14:12:09,34.8,205.5,223.6,0.8,9890.0,241.5
2018-06-21T14:12:40,34.8,211.4,236.6,0.8,9900.0,241.5
2018-06-21T14:13:11,34.8,217.3,223.0,0.7,9900.0,242.5
2018-06-21T14:13:42,34.9,212.6,230.1,0.8,9900.0,241.5
2018-06-21T14:14:13,34.8,206.7,237.2,0.8,9910.0,241.5
2018-06-21T14:14:44,34.6,208.5,230.7,0.8,9910.0,241.5
2018-06-21T14:15:15,34.5,217.3,229.5,0.8,9920.0,240.6
2018-06-21T14:15:46,34.6,206.1,234.8,0.9,9920.0,243.5
2018-06-21T14:16:18,34.5,209.7,220.6,0.8,9920.0,243.5
2018-06-21T14:16:49,34.6,212.6,237.2,0.8,9930.0,244.4
2018-06-21T14:17:20,34.5,203.7,234.2,0.8,9930.0,243.5
2018-06-21T14:17:51,34.5,216.7,225.4,0.7,9930.0,243.5
2018-06-21T14:18:22,34.2,203.7,234.2,0.8,9940.0,242.5
2018-06-21T14:18:53,34.2,216.2,223.6,0.8,9940.0,244.4
2018-06-21T14:19:24,34.2,211.4,233.6,0.9,9950.0,241.5
2018-06-21T14:19:55,34.4,204.3,237.8,0.9,9950.0,243.5
2018-06-21T14:20:26,34.5,208.5,234.8,0.9,9950.0,244.4
2018-06-21T14:20:57,34.5,208.5,230.1,0.9,9960.0,243.5
2018-06-21T14:21:28,34.5,212.6,235.4,0.9,9960.0,243.5
2018-06-21T14:21:59,34.5,216.7,237.2,0.8,9960.0,244.4
2018-06-21T14:22:30,34.5,207.3,229.5,0.8,9970.0,243.5
2018-06-21T14:23:01,34.5,209.1,230.1,0.7,9970.0,243.5
2018-06-21T14:23:32,34.4,215.6,232.4,0.7,9970.0,244.4
2018-06-21T14:24:03,34.4,201.4,225.9,0.7,9980.0,243.5
2018-06-21T14:24:35,34.2,218.5,229.5,0.7,9980.0,242.5
2018-06-21T14:25:06,34.1,203.7,233.0,0.7,9980.0,242.5
2018-06-21T14:25:37,34.0,213.2,224.8,0.8,9990.0,241.5
2018-06-21T14:26:08,33.9,216.2,223.6,0.7,9990.0,243.5
2018-06-21T14:26:39,34.0,204.3,237.2,0.7,9990.0,244.4
2018-06-21T14:27:10,34.0,212.0,224.2,0.7,10000.0,242.5
2018-06-21T14:27:41,34.0,217.3,230.7,0.7,10000.0,243.5
2018-06-21T14:28:12,34.0,202.0,230.1,0.7,10010.0,244.4
2018-06-21T14:28:43,34.0,217.3,225.9,0.7,10010.0,243.5
2018-06-21T14:29:14,33.9,213.2,233.6,0.7,10010.0,243.5
2018-06-21T14:29:45,33.8,202.0,220.6,0.6,10010.0,243.5
2018-06-21T14:30:16,33.9,216.2,236.6,0.7,10020.0,244.4
2018-06-21T14:30:48,33.9,199.6,219.4,0.6,10020.0,244.4
2018-06-21T14:31:19,33.9,216.7,240.7,0.6,10020.0,244.4
2018-06-21T14:31:50,33.8,211.4,218.8,0.7,10030.0,243.5
2018-06-21T14:32:21,33.8,203.7,236.6,0.6,10030.0,242.5
2018-06-21T14:32:52,33.8,204.3,221.2,0.7,10030.0,244.4
2018-06-21T14:33:23,33.8,214.4,230.7,0.7,10030.0,243.5
2018-06-21T14:33:54,33.8,199.6,225.9,0.7,10040.0,243.5
2018-06-21T14:34:25,33.7,218.5,229.5,0.6,10040.0,245.4
2018-06-21T14:34:56,33.5,200.2,233.0,0.7,10040.0,244.4
2018-06-21T14:35:27,33.5,217.9,224.2,0.6,10050.0,243.5
2018-06-21T14:35:59,33.5,202.6,240.7,0.7,10050.0,243.5
2018-06-21T14:36:30,33.4,211.4,218.3,0.7,10050.0,243.5
2018-06-21T14:37:01,33.4,200.2,240.1,0.7,10050.0,243.5
2018-06-21T14:37:32,33.4,213.8,220.0,0.7,10060.0,242.5
2018-06-21T14:38:03,33.4,203.2,228.3,0.7,10060.0,243.5
2018-06-21T14:38:34,33.5,220.3,241.3,0.6,10060.0,243.5
2018-06-21T14:39:05,33.5,205.5,218.8,0.7,10070.0,243.5
2018-06-21T14:39:36,33.5,218.5,236.6,0.7,10070.0,244.4
2018-06-21T14:40:07,33.5,207.3,230.7,0.7,10070.0,243.5
2018-06-21T14:40:39,33.5,218.5,225.9,0.7,10080.0,244.4
2018-06-21T14:41:10,33.7,197.8,237.8,0.8,10080.0,243.5
2018-06-21T14:41:41,33.7,177.2,219.4,0.9,10090.0,243.5
2018-06-21T14:42:12,33.7,193.1,236.6,0.9,10090.0,245.4
2018-06-21T14:42:43,33.7,190.2,233.6,0.9,10090.0,244.4
2018-06-21T14:43:14,33.8,197.8,227.1,0.9,10100.0,244.4
2018-06-21T14:43:45,33.8,220.3,239.5,0.9,10100.0,244.4
2018-06-21T14:44:16,33.8,212.6,223.6,0.9,10100.0,246.4
2018-06-21T14:44:47,33.8,211.4,226.5,1.0,10110.0,244.4
2018-06-21T14:45:18,33.8,220.9,231.3,0.9,10110.0,243.5
2018-06-21T14:45:49,33.8,215.6,229.5,0.9,10120.0,245.4
2018-06-21T14:46:21,33.8,208.5,206.4,1.2,10120.0,244.4
2018-06-21T14:46:52,33.8,182.5,182.2,2.7,10130.0,247.3
2018-06-21T14:47:23,33.9,184.8,221.2,2.5,10150.0,247.3
2018-06-21T14:47:54,33.9,180.7,230.1,2.5,10160.0,247.3
2018-06-21T14:48:25,33.9,179.5,231.3,2.4,10170.0,248.3
2018-06-21T14:48:56,34.0,179.5,233.0,2.3,10190.0,248.3
2018-06-21T14:49:27,34.0,157.1,234.8,2.8,10200.0,248.3
2018-06-21T14:49:58,34.0,157.7,227.7,2.5,10220.0,248.3
2018-06-21T14:50:29,34.1,157.1,241.3,2.2,10230.0,247.3
2018-06-21T14:51:00,34.1,139.4,222.4,3.6,10240.0,249.3
2018-06-21T14:51:31,34.1,132.9,227.7,4.7,10260.0,249.3
2018-06-21T14:52:02,34.1,113.4,233.6,5.5,10270.0,249.3
2018-06-21T14:52:33,34.2,111.6,231.9,2.9,10280.0,246.4
2018-06-21T14:53:04,34.2,119.9,233.6,3.6,10290.0,247.3
2018-06-21T14:53:35,34.4,110.4,229.5,5.9,10310.0,247.3
2018-06-21T14:54:06,34.2,115.1,230.1,5.5,10320.0,249.3
2018-06-21T14:54:37,34.2,111.0,226.5,5.4,10340.0,248.3
2018-06-21T14:55:08,34.4,112.2,224.8,5.4,10350.0,248.3
2018-06-21T14:55:40,34.4,111.6,220.6,5.3,10370.0,246.4
2018-06-21T14:56:11,34.5,114.6,230.1,5.2,10380.0,246.4
2018-06-21T14:56:42,34.4,112.8,230.7,5.2,10390.0,248.3
2018-06-21T14:57:13,34.5,114.6,231.3,5.0,10410.0,248.3
2018-06-21T14:57:44,34.5,111.0,225.4,4.2,10420.0,247.3
2018-06-21T14:58:15,34.5,119.9,239.5,3.7,10430.0,248.3
2018-06-21T14:58:46,34.6,118.1,219.4,4.4,10440.0,248.3
2018-06-21T14:59:17,34.6,122.8,226.5,3.9,10460.0,248.3
2018-06-21T14:59:48,34.5,118.7,223.6,4.4,10470.0,245.4
2018-06-21T15:00:19,34.5,112.2,224.2,3.6,10480.0,245.4
2018-06-21T15:00:51,34.6,106.3,217.7,3.6,10490.0,244.4
2018-06-21T15:01:22,34.6,106.3,201.1,4.5,10500.0,244.4
2018-06-21T15:01:53,34.6,108.1,198.1,3.7,10520.0,244.4
2018-06-21T15:02:24,34.7,105.7,202.3,4.5,10530.0,244.4
2018-06-21T15:02:55,34.7,102.7,230.7,4.7,10540.0,244.4
2018-06-21T15:03:26,34.7,102.7,222.4,4.7,10550.0,246.4
2018-06-21T15:03:57,34.7,103.3,225.9,4.4,10560.0,246.4
2018-06-21T15:04:28,34.8,103.9,229.5,4.5,10570.0,246.4
2018-06-21T15:04:59,34.8,102.7,229.5,3.1,10580.0,245.4
2018-06-21T15:05:30,34.8,105.1,247.8,3.8,10590.0,245.4
2018-06-21T15:06:02,34.9,103.9,223.0,4.4,10600.0,246.4
2018-06-21T15:06:33,34.9,101.6,221.8,3.5,10620.0,247.3
2018-06-21T15:07:04,34.9,103.9,223.6,1.9,10620.0,245.4
2018-06-21T15:07:35,34.9,102.1,221.8,1.2,10630.0,244.4
2018-06-21T15:08:06,34.9,102.7,218.8,0.9,10630.0,245.4
2018-06-21T15:08:37,34.9,111.0,186.3,1.3,10630.0,245.4
2018-06-21T15:09:08,34.9,102.7,145.5,3.8,10640.0,247.3
2018-06-21T15:09:39,34.9,108.6,175.7,3.9,10650.0,248.3
2018-06-21T15:10:10,34.9,103.9,215.3,4.2,10660.0,246.4
2018-06-21T15:10:41,34.9,107.5,226.5,4.1,10670.0,247.3
2018-06-21T15:11:13,34.9,111.6,229.5,3.7,10680.0,248.3
2018-06-21T15:11:44,34.9,107.5,233.6,3.8,10690.0,246.4
2018-06-21T15:12:15,35.0,108.1,232.4,3.9,10700.0,247.3
2018-06-21T15:12:46,35.0,108.1,232.4,4.0,10710.0,246.4
2018-06-21T15:13:17,35.0,109.8,228.3,3.6,10730.0,247.3
2018-06-21T15:13:48,35.0,107.5,223.6,3.5,10740.0,246.4
2018-06-21T15:14:19,35.2,103.9,226.5,3.7,10750.0,247.3
2018-06-21T15:14:50,35.0,106.9,231.3,3.4,10760.0,245.4
2018-06-21T15:15:21,35.2,109.2,231.3,3.3,10770.0,246.4
2018-06-21T15:15:52,35.2,109.8,227.7,3.7,10780.0,246.4
2018-06-21T15:16:23,35.2,114.0,219.4,2.9,10790.0,246.4
2018-06-21T15:16:54,35.2,111.6,227.1,2.9,10800.0,247.3
2018-06-21T15:17:25,35.2,105.7,226.5,3.2,10810.0,246.4
2018-06-21T15:17:56,35.2,114.0,224.8,2.8,10820.0,247.3
2018-06-21T15:18:28,35.3,108.1,228.3,3.1,10830.0,245.4
2018-06-21T15:18:59,35.3,108.6,228.9,2.4,10840.0,246.4
2018-06-21T15:19:30,35.3,102.7,223.6,3.0,10850.0,245.4
2018-06-21T15:20:01,35.3,107.5,233.6,1.9,10860.0,245.4
2018-06-21T15:20:32,35.3,111.6,225.4,2.3,10870.0,246.4
2018-06-21T15:21:03,35.3,114.0,230.1,2.2,10880.0,245.4
2018-06-21T15:21:34,35.3,114.6,225.9,2.4,10890.0,244.4
2018-06-21T15:22:05,35.3,111.6,223.0,3.0,10900.0,245.4
2018-06-21T15:22:36,35.3,107.5,223.0,2.4,10910.0,245.4
2018-06-21T15:23:07,35.3,105.7,222.4,2.3,10920.0,246.4
2018-06-21T15:23:38,35.3,114.6,228.3,1.7,10930.0,245.4
2018-06-21T15:24:09,35.3,108.6,230.1,1.9,10940.0,245.4
2018-06-21T15:24:40,35.3,115.1,230.1,1.6,10940.0,245.4
2018-06-21T15:25:11,35.3,114.6,225.9,1.6,10950.0,246.4
2018-06-21T15:25:43,35.3,112.2,220.6,1.6,10960.0,247.3
2018-06-21T15:26:14,35.3,107.5,223.0,2.3,10970.0,247.3
2018-06-21T15:26:45,35.3,121.6,232.4,1.1,10980.0,246.4
2018-06-21T15:27:16,35.3,124.6,226.5,1.1,10990.0,245.4
2018-06-21T15:27:47,35.3,130.5,224.8,0.9,11000.0,247.3
2018-06-21T15:28:18,35.3,118.1,231.9,1.1,11010.0,246.4
2018-06-21T15:28:49,35.3,113.4,225.9,1.1,11010.0,248.3
2018-06-21T15:29:20,35.3,112.8,225.4,1.4,11020.0,247.3
2018-06-21T15:29:51,35.3,106.9,232.4,1.3,11030.0,248.3
2018-06-21T15:30:22,35.2,111.6,225.9,1.2,11040.0,248.3
2018-06-21T15:30:54,35.2,130.5,220.6,1.1,11050.0,248.3
2018-06-21T15:31:25,35.2,157.1,227.1,1.0,11060.0,247.3
2018-06-21T15:31:56,35.2,180.1,228.3,0.9,11070.0,248.3
2018-06-21T15:32:27,35.3,202.0,220.0,0.9,11070.0,247.3
2018-06-21T15:32:58,35.2,223.8,227.7,0.7,11080.0,247.3
2018-06-21T15:33:29,35.2,223.2,224.2,0.8,11090.0,247.3
2018-06-21T15:34:00,35.3,212.0,228.3,0.8,11100.0,248.3
2018-06-21T15:34:31,35.3,230.9,219.4,0.7,11110.0,247.3
2018-06-21T15:35:02,35.3,207.3,222.4,0.8,11120.0,249.3
2018-06-21T15:35:34,35.3,229.7,220.0,0.8,11130.0,249.3
2018-06-21T15:36:05,35.3,211.4,222.4,0.8,11130.0,247.3
2018-06-21T15:36:36,35.4,211.4,227.7,0.7,11140.0,247.3
2018-06-21T15:37:07,35.4,217.3,224.8,0.7,11150.0,247.3
2018-06-21T15:37:38,35.4,230.3,225.4,0.7,11160.0,248.3
2018-06-21T15:38:09,35.4,210.2,231.3,0.8,11170.0,247.3
2018-06-21T15:38:40,35.4,207.9,228.3,0.8,11180.0,247.3
2018-06-21T15:39:11,35.3,228.0,223.6,0.7,11190.0,248.3
2018-06-21T15:39:42,35.4,213.8,220.6,0.7,11190.0,248.3
2018-06-21T15:40:13,35.4,206.7,225.4,0.7,11200.0,248.3
2018-06-21T15:40:45,35.4,228.0,231.3,0.7,11210.0,246.4
2018-06-21T15:41:16,35.3,213.8,230.7,0.7,11220.0,247.3
2018-06-21T15:41:47,35.3,229.7,224.2,0.6,11230.0,248.3
2018-06-21T15:42:18,35.3,219.7,222.4,0.7,11230.0,246.4
2018-06-21T15:42:49,35.3,221.5,221.8,0.6,11240.0,248.3
2018-06-21T15:43:20,35.3,219.7,223.6,0.6,11250.0,246.4
2018-06-21T15:43:51,35.3,220.9,230.1,0.6,11260.0,248.3
2018-06-21T15:44:22,35.4,226.2,232.4,0.6,11260.0,248.3
2018-06-21T15:44:53,35.4,215.0,225.9,0.7,11270.0,248.3
2018-06-21T15:45:24,35.4,230.9,224.2,0.5,11280.0,247.3
2018-06-21T15:45:55,35.4,209.1,224.2,0.6,11290.0,247.3
2018-06-21T15:46:27,35.4,204.9,227.7,0.6,11290.0,246.4
2018-06-21T15:46:58,35.4,197.8,220.6,0.6,11300.0,246.4
2018-06-21T15:47:29,35.4,220.9,220.6,0.6,11310.0,247.3
2018-06-21T15:48:00,35.4,227.4,230.7,0.6,11310.0,247.3
2018-06-21T15:48:31,35.4,212.0,232.4,0.6,11320.0,246.4
2018-06-21T15:49:02,35.4,230.3,230.1,0.5,11330.0,247.3
2018-06-21T15:49:33,35.4,220.3,223.6,0.6,11340.0,247.3
2018-06-21T15:50:04,35.3,220.9,223.6,0.6,11340.0,246.4
2018-06-21T15:50:35,35.3,219.1,228.3,0.6,11350.0,247.3
2018-06-21T15:51:12,35.3,217.9,229.5,0.6,11360.0,246.4
2018-06-21T15:51:43,35.3,222.7,234.2,0.6,11360.0,247.3
2018-06-21T15:52:14,35.3,217.9,232.4,0.5,11370.0,247.3
2018-06-21T15:52:45,35.3,219.1,233.0,0.6,11380.0,247.3
2018-06-21T15:53:16,35.3,220.9,232.4,0.6,11390.0,248.3
2018-06-21T15:53:47,35.3,200.8,227.7,0.6,11390.0,247.3
2018-06-21T15:54:18,35.2,222.1,224.2,0.6,11400.0,247.3
2018-06-21T15:54:49,35.2,217.9,231.3,0.6,11410.0,248.3
2018-06-21T15:55:20,35.2,220.9,234.2,0.6,11410.0,246.4
2018-06-21T15:55:51,35.2,220.9,225.9,0.6,11420.0,247.3
2018-06-21T15:56:23,35.2,223.2,223.6,0.6,11430.0,247.3
2018-06-21T15:56:54,35.2,217.9,227.1,0.6,11430.0,245.4
2018-06-21T15:57:25,35.2,224.4,233.0,0.6,11440.0,247.3
2018-06-21T15:57:56,35.2,216.2,225.9,0.6,11450.0,246.4
2018-06-21T15:58:27,35.2,215.0,225.9,0.6,11450.0,246.4
2018-06-21T15:58:58,35.2,216.2,225.4,0.6,11460.0,245.4
2018-06-21T15:59:29,35.0,222.1,222.4,0.5,11460.0,246.4
2018-06-21T16:00:00,35.0,203.7,197.5,0.7,11470.0,245.4
2018-06-21T16:00:31,35.0,181.3,165.6,0.7,11470.0,246.4
2018-06-21T16:01:02,35.0,167.7,164.4,0.9,11480.0,246.4
2018-06-21T16:01:33,35.0,191.3,203.5,0.9,11480.0,245.4
2018-06-21T16:02:04,34.9,213.8,232.4,0.7,11490.0,245.4
2018-06-21T16:02:35,34.9,226.2,227.1,0.7,11500.0,245.4
2018-06-21T16:03:06,34.9,219.7,227.1,0.8,11500.0,246.4
2018-06-21T16:03:37,34.9,220.3,230.7,0.7,11510.0,245.4
2018-06-21T16:04:09,34.9,226.8,225.9,0.8,11520.0,244.4
2018-06-21T16:04:40,34.9,223.2,227.1,0.7,11520.0,244.4
2018-06-21T16:05:11,34.9,216.2,230.7,0.7,11530.0,245.4
2018-06-21T16:05:42,34.9,225.6,235.4,0.7,11540.0,245.4
2018-06-21T16:06:13,34.9,225.0,230.7,0.7,11550.0,245.4
2018-06-21T16:06:44,34.9,219.1,230.7,0.7,11550.0,244.4
2018-06-21T16:07:15,34.9,225.6,235.4,0.8,11560.0,245.4
2018-06-21T16:07:46,34.9,212.0,230.1,0.7,11570.0,245.4
2018-06-21T16:08:17,34.9,227.4,224.2,0.8,11570.0,245.4
2018-06-21T16:08:48,34.9,215.0,229.5,0.7,11580.0,246.4
2018-06-21T16:09:19,34.8,219.1,231.3,0.7,11590.0,246.4
2018-06-21T16:09:50,34.8,223.8,232.4,0.8,11590.0,244.4
2018-06-21T16:10:21,34.8,213.2,235.4,0.7,11600.0,246.4
2018-06-21T16:10:53,34.8,231.5,234.2,0.7,11600.0,245.4
2018-06-21T16:11:25,34.8,209.7,227.7,0.7,11610.0,245.4
2018-06-21T16:11:56,34.7,225.6,224.2,0.6,11620.0,246.4
2018-06-21T16:12:27,34.7,216.2,228.3,0.7,11620.0,246.4
2018-06-21T16:12:58,34.7,232.1,231.3,0.6,11630.0,245.4
2018-06-21T16:13:29,34.7,209.1,232.4,0.7,11630.0,245.4
2018-06-21T16:14:00,34.7,227.4,230.1,0.7,11640.0,245.4
2018-06-21T16:14:31,34.7,214.4,226.5,0.6,11640.0,246.4
2018-06-21T16:15:02,34.7,228.0,228.3,0.6,11650.0,245.4
2018-06-21T16:15:33,34.6,213.8,230.1,0.6,11650.0,245.4
2018-06-21T16:16:05,34.6,228.0,226.5,0.5,11660.0,245.4
2018-06-21T16:16:36,34.6,219.7,229.5,0.6,11660.0,245.4
2018-06-21T16:17:07,34.4,227.4,237.8,0.5,11670.0,245.4
2018-06-21T16:17:38,34.4,215.0,223.6,0.6,11670.0,245.4
2018-06-21T16:18:09,34.4,228.6,230.7,0.5,11680.0,244.4
2018-06-21T16:18:40,34.2,214.4,234.2,0.6,11680.0,245.4
2018-06-21T16:19:11,34.2,228.0,229.5,0.5,11690.0,244.4
2018-06-21T16:19:42,34.2,222.7,226.5,0.4,11690.0,245.4
2018-06-21T16:20:13,34.1,211.4,230.1,0.4,11690.0,244.4
2018-06-21T16:20:44,34.1,218.5,218.8,0.4,11690.0,245.4
2018-06-21T16:21:15,34.1,196.1,188.1,0.4,11700.0,244.4
2018-06-21T16:21:46,34.0,183.1,185.7,0.5,11700.0,243.5
2018-06-21T16:22:17,34.0,204.3,214.1,0.4,11700.0,244.4
2018-06-21T16:22:48,34.0,225.0,237.2,0.4,11710.0,244.4
2018-06-21T16:23:19,34.0,221.5,238.4,0.4,11710.0,244.4
2018-06-21T16:23:50,34.0,199.0,227.7,0.4,11710.0,245.4
2018-06-21T16:24:21,34.0,220.9,228.3,0.4,11720.0,245.4
2018-06-21T16:24:52,34.0,223.2,235.4,0.4,11720.0,244.4
2018-06-21T16:25:23,34.0,203.7,230.7,0.4,11720.0,244.4
2018-06-21T16:25:55,34.0,181.3,229.5,0.4,11730.0,244.4
2018-06-21T16:26:26,34.0,160.6,237.8,0.5,11730.0,244.4
2018-06-21T16:26:57,33.9,160.6,236.6,0.5,11730.0,243.5
2018-06-21T16:27:28,33.8,155.9,237.2,0.6,11740.0,245.4
2018-06-21T16:27:59,33.8,132.9,232.4,0.8,11740.0,244.4
2018-06-21T16:28:30,33.8,129.9,221.2,0.6,11740.0,243.5
2018-06-21T16:29:01,33.8,135.8,204.6,0.5,11740.0,243.5
2018-06-21T16:29:32,33.8,142.9,177.4,0.4,11740.0,246.4
2018-06-21T16:30:03,33.8,165.4,176.2,0.3,11740.0,244.4
2018-06-21T16:30:35,33.8,187.2,159.1,0.3,11750.0,244.4
2018-06-21T16:31:06,33.7,207.9,162.0,0.3,11750.0,244.4
2018-06-21T16:31:37,33.7,212.6,162.6,0.3,11750.0,245.4
2018-06-21T16:32:08,33.5,191.9,154.9,0.3,11750.0,244.4
2018-06-21T16:32:39,33.5,209.7,154.9,0.2,11750.0,244.4
2018-06-21T16:33:10,33.5,196.1,154.9,0.2,11750.0,243.5
2018-06-21T16:33:41,33.4,193.7,160.9,0.2,11750.0,244.4
2018-06-21T16:34:12,33.4,213.8,140.2,0.2,11750.0,243.5
2018-06-21T16:34:43,33.4,197.3,161.5,0.2,11750.0,243.5
2018-06-21T16:35:14,33.4,177.8,181.0,0.2,11750.0,244.4
2018-06-21T16:35:46,33.4,155.9,204.6,0.2,11750.0,243.5
2018-06-21T16:36:17,33.3,176.6,224.8,0.2,11760.0,243.5
2018-06-21T16:36:48,33.3,197.3,243.7,0.2,11760.0,244.4
2018-06-21T16:37:19,33.3,217.9,225.4,0.1,11760.0,244.4
2018-06-21T16:37:50,33.3,196.1,204.6,0.2,11760.0,243.5
2018-06-21T16:38:21,33.3,175.4,193.4,0.2,11760.0,243.5
2018-06-21T16:38:52,33.2,191.9,214.1,0.1,11760.0,244.4
2018-06-21T16:39:23,33.1,199.6,223.0,0.1,11760.0,244.4
2018-06-21T16:39:54,33.2,179.5,204.6,0.1,11760.0,243.5
2018-06-21T16:40:25,33.1,159.4,183.3,0.1,11760.0,243.5
2018-06-21T16:40:56,33.1,137.6,162.0,0.1,11760.0,243.5
2018-06-21T16:41:28,33.0,154.1,150.8,0.1,11760.0,244.4
2018-06-21T16:41:59,33.0,176.0,171.5,0.1,11760.0,243.5
2018-06-21T16:42:30,33.0,192.5,192.2,0.1,11760.0,243.5
2018-06-21T16:43:01,33.0,201.4,210.6,0.1,11760.0,243.5
2018-06-21T16:43:32,32.9,181.3,222.4,0.1,11760.0,243.5
2018-06-21T16:44:03,32.9,161.2,201.1,0.1,11760.0,243.5
2018-06-21T16:44:34,32.9,138.8,181.6,0.1,11760.0,243.5
2018-06-21T16:45:05,32.7,119.9,162.0,0.1,11760.0,243.5
2018-06-21T16:45:36,32.6,117.5,172.1,0.2,11760.0,243.5
2018-06-21T16:46:08,32.5,137.6,192.2,0.2,11760.0,244.4
2018-06-21T16:46:39,32.3,159.4,214.7,0.1,11760.0,243.5
2018-06-21T16:47:10,32.2,179.5,232.4,0.1,11760.0,242.5
2018-06-21T16:47:41,32.2,200.2,205.8,0.1,11760.0,242.5
2018-06-21T16:48:12,32.2,215.0,189.3,0.1,11760.0,242.5
2018-06-21T16:48:43,31.9,192.5,168.0,0.1,11760.0,242.5
2018-06-21T16:49:14,31.8,173.6,146.7,0.1,11760.0,243.5
2018-06-21T16:49:45,31.9,153.5,149.6,0.2,11760.0,244.4
2018-06-21T16:50:16,31.7,137.6,170.3,0.1,11760.0,242.5
2018-06-21T16:50:47,31.7,136.4,190.4,0.1,11760.0,244.4
2018-06-21T16:51:19,31.7,137.6,211.7,0.1,11760.0,242.5
2018-06-21T16:51:50,31.6,157.7,230.7,0.1,11760.0,243.5
2018-06-21T16:52:21,31.6,177.2,205.8,0.0,11760.0,242.5
2018-06-21T16:52:52,31.5,190.8,189.3,0.0,11760.0,243.5
2018-06-21T16:53:23,31.4,170.7,166.2,0.1,11760.0,242.5
2018-06-21T16:53:54,31.5,147.0,144.9,0.1,11760.0,243.5
2018-06-21T16:54:25,31.4,127.5,123.0,0.0,11760.0,243.5
2018-06-21T16:54:56,31.4,130.5,105.3,0.0,11760.0,242.5
2018-06-21T16:55:27,31.2,151.2,118.9,0.1,11760.0,243.5
2018-06-21T16:55:58,31.2,174.8,141.9,0.0,11760.0,243.5
2018-06-21T16:56:30,31.1,193.1,225.4,0.0,11760.0,241.5
2018-06-21T16:57:01,31.1,192.5,206.4,0.0,11760.0,241.5
2018-06-21T16:57:32,31.1,191.3,202.3,0.0,11760.0,241.5
2018-06-21T16:58:03,31.0,190.2,198.7,0.0,11760.0,241.5
2018-06-21T16:58:34,31.0,189.0,197.0,0.0,11760.0,241.5
2018-06-21T16:59:05,31.0,182.5,195.2,0.0,11760.0,242.5
2018-06-21T16:59:36,31.0,96.2,190.4,0.1,11760.0,241.5
2018-06-21T17:00:07,30.9,178.9,179.2,0.0,11760.0,241.5
2018-06-21T17:00:38,30.9,174.2,174.5,0.0,11760.0,241.5
2018-06-21T17:01:10,30.9,168.9,169.1,0.0,11760.0,239.6
2018-06-21T17:01:41,30.9,113.4,164.4,0.0,11760.0,240.6
2018-06-21T17:02:12,30.8,150.0,150.2,0.0,11760.0,240.6
2018-06-21T17:02:43,30.8,134.0,134.2,0.0,11760.0,239.6
2018-06-21T17:03:14,30.7,98.0,98.2,0.0,11760.0,239.6
