2018-06-23T06:55:28,5.6,226.2,263.8,0.0,0.0,240.6
2018-06-23T06:56:00,5.6,213.2,252.0,0.1,0.0,242.5
2018-06-23T06:56:31,5.6,206.1,239.0,0.1,0.0,242.5
2018-06-23T06:57:02,5.6,186.6,223.6,0.1,0.0,242.5
2018-06-23T06:57:33,5.6,167.1,201.7,0.2,0.0,242.5
2018-06-23T06:58:04,5.9,145.3,181.0,0.2,0.0,241.5
2018-06-23T06:58:35,5.9,142.9,160.3,0.2,0.0,241.5
2018-06-23T06:59:06,5.9,164.2,139.0,0.2,0.0,242.5
2018-06-23T06:59:37,5.9,186.6,119.5,0.2,0.0,242.5
2018-06-23T07:00:08,5.9,207.3,136.0,0.2,0.0,242.5
2018-06-23T07:00:39,5.9,229.2,158.5,0.1,0.0,242.5
2018-06-23T07:01:11,5.9,207.9,178.6,0.2,0.0,243.5
2018-06-23T07:01:42,5.9,186.0,200.5,0.2,0.0,242.5
2018-06-23T07:02:13,5.9,174.2,221.8,0.2,0.0,243.5
2018-06-23T07:02:44,5.9,196.1,241.9,0.2,0.0,242.5
2018-06-23T07:03:15,5.9,216.2,245.5,0.2,0.0,243.5
2018-06-23T07:03:46,5.9,222.1,224.2,0.2,0.0,242.5
2018-06-23T07:04:17,5.9,200.8,204.1,0.2,0.0,242.5
2018-06-23T07:04:48,6.3,179.5,183.3,0.2,0.0,242.5
2018-06-23T07:05:19,6.3,158.9,163.2,0.2,0.0,241.5
2018-06-23T07:05:50,6.3,168.9,176.8,0.2,0.0,242.5
2018-06-23T07:06:22,6.3,193.1,199.3,0.2,0.0,241.5
2018-06-23T07:06:53,6.3,213.8,220.6,0.2,0.0,241.5
2018-06-23T07:07:24,6.3,211.4,241.3,0.2,0.0,242.5
2018-06-23T07:07:55,6.3,190.2,246.6,0.2,0.0,243.5
2018-06-23T07:08:26,6.3,169.5,225.4,0.2,0.0,241.5
2018-06-23T07:08:57,6.3,180.1,204.1,0.2,0.0,240.6
2018-06-23T07:09:28,6.3,203.7,182.8,0.2,0.0,241.5
2018-06-23T07:09:59,6.7,219.1,196.4,0.2,0.0,240.6
2018-06-23T07:10:30,6.7,198.4,216.5,0.2,10.0,240.6
2018-06-23T07:11:01,6.7,177.8,239.5,0.3,10.0,239.6
2018-06-23T07:11:32,6.7,182.5,250.8,0.3,10.0,239.6
2018-06-23T07:12:03,6.7,203.7,229.5,0.2,10.0,238.6
2018-06-23T07:12:34,6.7,225.6,207.6,0.2,10.0,239.6
2018-06-23T07:13:05,6.7,206.1,188.1,0.2,10.0,240.6
2018-06-23T07:13:36,6.7,185.4,184.5,0.3,10.0,240.6
2018-06-23T07:14:07,6.7,202.0,206.4,0.3,10.0,241.5
2018-06-23T07:14:38,6.7,222.1,226.5,0.2,10.0,241.5
2018-06-23T07:15:09,7.0,213.8,249.0,0.3,10.0,242.5
2018-06-23T07:15:41,7.0,192.5,234.8,0.3,10.0,242.5
2018-06-23T07:16:12,7.0,174.8,214.7,0.3,10.0,243.5
2018-06-23T07:16:43,7.0,195.5,194.6,0.3,10.0,242.5
2018-06-23T07:17:14,7.0,217.3,195.2,0.3,10.0,241.5
2018-06-23T07:17:45,7.0,216.2,215.3,0.2,10.0,242.5
2018-06-23T07:18:16,7.0,194.3,237.2,0.3,10.0,242.5
2018-06-23T07:18:47,7.0,210.8,231.3,0.3,10.0,242.5
2018-06-23T07:19:18,7.4,220.3,212.3,0.3,20.0,244.4
2018-06-23T07:19:49,7.4,223.8,195.8,0.2,20.0,243.5
2018-06-23T07:20:20,7.4,206.7,217.1,0.3,20.0,243.5
2018-06-23T07:20:51,7.4,186.6,238.4,0.3,20.0,244.4
2018-06-23T07:21:23,7.4,201.4,256.7,0.3,20.0,244.4
2018-06-23T07:21:54,7.4,220.9,235.4,0.3,20.0,244.4
2018-06-23T07:22:25,7.4,216.2,213.5,0.3,20.0,242.5
2018-06-23T07:22:56,7.4,194.9,192.8,0.3,20.0,242.5
2018-06-23T07:23:27,7.4,181.9,173.3,0.3,20.0,244.4
2018-06-23T07:23:58,7.4,204.3,197.5,0.3,20.0,244.4
2018-06-23T07:24:29,7.4,225.6,217.7,0.3,20.0,245.4
2018-06-23T07:25:00,7.8,215.6,239.0,0.3,20.0,244.4
2018-06-23T07:25:31,7.8,194.9,250.8,0.3,20.0,243.5
2018-06-23T07:26:03,7.8,207.9,228.9,0.3,20.0,244.4
2018-06-23T07:26:34,7.8,229.2,206.4,0.2,20.0,244.4
2018-06-23T07:27:05,7.8,206.1,195.8,0.3,30.0,244.4
2018-06-23T07:27:36,8.1,186.6,216.5,0.3,30.0,244.4
2018-06-23T07:28:07,7.8,194.9,237.2,0.3,30.0,245.4
2018-06-23T07:28:38,7.8,216.2,258.5,0.3,30.0,245.4
2018-06-23T07:29:09,8.1,226.2,235.4,0.3,30.0,245.4
2018-06-23T07:29:40,8.1,204.3,213.5,0.3,30.0,244.4
2018-06-23T07:30:11,7.8,190.2,208.8,0.4,30.0,244.4
2018-06-23T07:30:42,8.1,187.2,230.1,0.4,30.0,244.4
2018-06-23T07:31:14,8.1,192.5,250.8,0.4,30.0,244.4
2018-06-23T07:31:45,8.1,214.4,243.7,0.4,30.0,244.4
2018-06-23T07:32:16,8.1,228.6,223.0,0.3,30.0,243.5
2018-06-23T07:32:47,8.1,206.1,202.3,0.4,30.0,245.4
2018-06-23T07:33:18,8.1,185.4,184.5,0.4,40.0,245.4
2018-06-23T07:33:49,8.5,206.1,206.4,0.4,40.0,244.4
2018-06-23T07:34:20,8.5,226.8,228.3,0.4,40.0,245.4
2018-06-23T07:34:51,8.5,212.6,249.6,0.4,40.0,245.4
2018-06-23T07:35:22,8.5,191.9,245.5,0.4,40.0,244.4
2018-06-23T07:35:53,8.1,187.2,224.8,0.4,40.0,244.4
2018-06-23T07:36:25,8.5,209.1,203.5,0.4,40.0,243.5
2018-06-23T07:36:56,8.5,229.7,216.5,0.3,40.0,244.4
2018-06-23T07:37:27,8.5,211.4,238.4,0.4,40.0,244.4
2018-06-23T07:37:58,8.5,190.8,259.1,0.4,40.0,244.4
2018-06-23T07:38:29,8.5,193.1,241.9,0.4,50.0,245.4
2018-06-23T07:39:00,8.9,213.8,222.4,0.5,50.0,244.4
2018-06-23T07:39:31,8.9,231.5,201.7,0.4,50.0,245.4
2018-06-23T07:40:02,8.9,207.3,199.9,0.5,50.0,243.5
2018-06-23T07:40:33,8.9,197.3,223.6,0.5,50.0,244.4
2018-06-23T07:41:05,8.9,219.1,244.9,0.5,50.0,244.4
2018-06-23T07:41:36,8.9,232.1,262.0,0.4,50.0,244.4
2018-06-23T07:42:07,8.9,207.9,239.0,0.5,50.0,245.4
2018-06-23T07:42:38,8.9,186.6,217.7,0.5,50.0,243.5
2018-06-23T07:43:09,8.9,202.0,217.1,0.5,60.0,243.5
2018-06-23T07:43:40,9.2,225.6,238.4,0.5,60.0,242.5
2018-06-23T07:44:11,9.2,215.0,260.3,0.5,60.0,242.5
2018-06-23T07:44:42,9.2,200.8,244.9,0.5,60.0,242.5
2018-06-23T07:45:13,9.2,223.8,224.2,0.5,60.0,242.5
2018-06-23T07:45:44,9.2,217.9,202.3,0.5,60.0,244.4
2018-06-23T07:46:15,9.2,197.3,220.0,0.6,60.0,244.4
2018-06-23T07:46:46,9.2,215.0,241.9,0.5,70.0,245.4
2018-06-23T07:47:17,9.2,226.8,262.0,0.5,70.0,245.4
2018-06-23T07:47:48,9.6,206.1,242.5,0.5,70.0,244.4
2018-06-23T07:48:19,9.6,202.0,221.8,0.6,70.0,244.4
2018-06-23T07:48:50,9.6,225.0,224.8,0.6,70.0,244.4
2018-06-23T07:49:21,9.6,219.1,247.8,0.6,70.0,244.4
2018-06-23T07:49:52,9.6,197.3,262.0,0.6,80.0,244.4
2018-06-23T07:50:23,10.0,220.9,239.0,0.6,80.0,245.4
2018-06-23T07:50:55,10.0,224.4,218.3,0.6,80.0,244.4
2018-06-23T07:51:26,10.0,204.3,233.6,0.6,80.0,243.5
2018-06-23T07:51:57,10.0,227.4,256.7,0.6,80.0,245.4
2018-06-23T07:52:28,10.0,215.0,246.1,0.7,90.0,245.4
2018-06-23T07:52:59,10.0,207.3,224.8,0.6,90.0,244.4
2018-06-23T07:53:30,10.0,229.2,230.1,0.6,90.0,244.4
2018-06-23T07:54:01,10.0,212.0,253.7,0.6,90.0,242.5
2018-06-23T07:54:32,10.3,219.7,250.2,0.7,90.0,242.5
2018-06-23T07:55:03,10.3,222.1,231.3,0.7,100.0,243.5
2018-06-23T07:55:35,10.3,204.3,225.9,0.7,100.0,243.5
2018-06-23T07:56:06,10.3,228.0,249.0,0.6,100.0,243.5
2018-06-23T07:56:37,10.3,213.8,253.7,0.8,100.0,243.5
2018-06-23T07:57:08,10.7,213.8,233.0,0.7,100.0,242.5
2018-06-23T07:57:39,10.7,230.9,225.4,0.7,110.0,243.5
2018-06-23T07:58:10,10.7,216.2,249.0,0.8,110.0,242.5
2018-06-23T07:58:41,10.7,227.4,255.5,0.7,110.0,243.5
2018-06-23T07:59:12,10.7,206.7,235.4,0.8,110.0,243.5
2018-06-23T07:59:43,10.7,225.6,228.3,0.7,120.0,243.5
2018-06-23T08:00:14,10.7,215.6,252.0,0.8,120.0,242.5
2018-06-23T08:00:46,10.7,216.2,252.6,0.7,120.0,242.5
2018-06-23T08:01:17,10.3,228.0,257.9,0.8,120.0,242.5
2018-06-23T08:01:48,10.7,220.3,243.7,0.8,130.0,242.5
2018-06-23T08:02:19,10.7,221.5,235.4,0.8,130.0,243.5
2018-06-23T08:03:14,10.3,219.1,252.6,0.8,130.0,242.5
2018-06-23T08:03:45,10.3,216.2,233.6,0.9,140.0,243.5
2018-06-23T08:04:16,10.3,228.0,256.1,0.8,140.0,241.5
2018-06-23T08:04:47,10.3,206.7,248.4,1.0,140.0,242.5
2018-06-23T08:05:18,10.3,223.2,227.1,0.9,140.0,240.6
2018-06-23T08:05:49,10.7,219.1,249.6,0.9,150.0,241.5
2018-06-23T08:06:21,10.7,229.7,252.0,0.9,150.0,242.5
2018-06-23T08:06:52,10.7,217.3,231.3,1.0,150.0,241.5
2018-06-23T08:07:23,10.7,228.0,253.7,1.0,160.0,241.5
2018-06-23T08:07:54,10.7,218.5,256.1,1.0,160.0,242.5
2018-06-23T08:08:25,10.7,222.7,235.4,1.0,160.0,242.5
2018-06-23T08:08:56,10.7,231.5,242.5,0.9,170.0,242.5
2018-06-23T08:09:27,11.1,229.7,259.1,1.0,170.0,243.5
2018-06-23T08:09:58,11.1,217.9,256.1,1.0,170.0,242.5
2018-06-23T08:10:29,11.1,223.8,236.0,1.1,180.0,241.5
2018-06-23T08:11:00,11.1,214.4,252.6,1.0,180.0,241.5
2018-06-23T08:11:31,11.1,225.0,253.2,1.1,180.0,243.5
2018-06-23T08:12:02,11.1,216.2,232.4,1.1,190.0,242.5
2018-06-23T08:12:33,11.1,224.4,244.9,1.1,190.0,242.5
2018-06-23T08:13:04,11.4,216.2,264.4,1.1,190.0,242.5
2018-06-23T08:13:35,11.4,223.2,247.2,1.1,200.0,243.5
2018-06-23T08:14:06,11.1,210.8,229.5,1.1,200.0,242.5
2018-06-23T08:14:37,11.4,228.6,251.4,1.1,200.0,241.5
2018-06-23T08:15:08,11.4,228.0,228.3,1.0,210.0,241.5
2018-06-23T08:15:40,11.4,216.2,252.0,1.2,210.0,243.5
2018-06-23T08:16:11,11.4,225.0,258.5,1.1,220.0,241.5
2018-06-23T08:16:42,11.8,215.6,237.8,1.1,220.0,241.5
2018-06-23T08:17:13,11.8,225.0,244.9,1.2,220.0,241.5
2018-06-23T08:17:44,11.8,220.9,230.7,1.2,230.0,241.5
2018-06-23T08:18:15,12.1,220.3,252.6,1.1,230.0,242.5
2018-06-23T08:18:46,12.1,223.2,259.1,1.2,240.0,242.5
2018-06-23T08:19:17,11.8,217.3,236.6,1.2,240.0,244.4
2018-06-23T08:19:48,12.1,222.1,251.4,1.3,240.0,243.5
2018-06-23T08:20:19,12.1,219.1,260.3,1.2,250.0,245.4
2018-06-23T08:20:51,12.1,226.8,239.5,1.3,250.0,244.4
2018-06-23T08:21:22,12.5,213.8,236.6,1.3,260.0,243.5
2018-06-23T08:21:53,12.5,212.6,235.4,1.2,260.0,245.4
2018-06-23T08:22:24,12.5,217.3,253.7,1.4,270.0,245.4
2018-06-23T08:22:55,12.9,229.2,263.2,1.3,270.0,246.4
2018-06-23T08:23:26,12.9,212.0,262.0,1.3,280.0,245.4
2018-06-23T08:23:57,12.9,216.7,264.4,1.3,280.0,247.3
2018-06-23T08:24:28,12.9,225.6,242.5,1.4,280.0,246.4
2018-06-23T08:24:59,13.2,220.9,260.8,1.4,290.0,244.4
2018-06-23T08:25:30,13.2,220.3,251.4,1.4,290.0,243.5
2018-06-23T08:26:01,13.2,228.0,261.4,1.3,300.0,245.4
2018-06-23T08:26:32,13.2,228.6,248.4,1.3,300.0,245.4
2018-06-23T08:27:03,13.2,223.8,257.9,1.4,310.0,244.4
2018-06-23T08:27:34,13.2,215.0,257.9,1.5,310.0,244.4
2018-06-23T08:28:05,13.2,229.7,252.0,1.4,320.0,243.5
2018-06-23T08:28:36,13.6,219.7,255.5,1.5,320.0,244.4
2018-06-23T08:29:31,13.6,225.0,252.6,1.4,330.0,244.4
2018-06-23T08:30:02,13.6,217.9,261.4,1.5,340.0,243.5
2018-06-23T08:30:34,14.0,220.9,255.5,1.6,340.0,243.5
2018-06-23T08:31:05,14.0,227.4,249.0,1.5,350.0,244.4
2018-06-23T08:31:36,14.0,223.2,252.0,1.5,350.0,244.4
2018-06-23T08:32:07,14.0,213.8,249.0,1.6,360.0,244.4
2018-06-23T08:32:38,14.0,222.1,256.1,1.6,360.0,242.5
2018-06-23T08:33:09,14.0,227.4,253.2,1.6,370.0,243.5
2018-06-23T08:33:40,14.3,217.9,247.8,1.5,380.0,244.4
2018-06-23T08:34:11,14.3,220.3,259.1,1.7,380.0,244.4
2018-06-23T08:34:42,14.3,216.2,253.2,1.7,390.0,245.4
2018-06-23T08:35:13,14.7,219.7,259.1,1.6,390.0,245.4
2018-06-23T08:35:44,14.3,220.9,250.2,1.7,400.0,245.4
2018-06-23T08:36:16,14.7,228.0,251.4,1.6,400.0,246.4
2018-06-23T08:36:47,14.7,225.0,258.5,1.7,410.0,245.4
2018-06-23T08:37:18,14.7,223.8,245.5,1.8,420.0,245.4
2018-06-23T08:37:49,15.1,227.4,251.4,1.6,420.0,246.4
2018-06-23T08:38:20,15.1,226.2,257.9,1.7,430.0,246.4
2018-06-23T08:38:51,15.1,222.7,254.3,1.7,430.0,245.4
2018-06-23T08:39:22,15.4,223.8,246.6,1.8,440.0,245.4
2018-06-23T08:39:53,15.1,220.3,254.9,1.8,450.0,246.4
2018-06-23T08:40:24,15.4,219.7,253.7,1.8,450.0,246.4
2018-06-23T08:40:55,15.4,216.2,247.2,1.8,460.0,245.4
2018-06-23T08:41:27,15.4,217.3,253.2,1.8,470.0,246.4
2018-06-23T08:41:58,15.1,216.7,259.1,1.9,470.0,247.3
2018-06-23T08:42:29,15.4,218.5,241.3,1.9,480.0,247.3
2018-06-23T08:43:00,15.4,217.9,254.3,1.8,490.0,246.4
2018-06-23T08:43:31,15.4,221.5,252.0,1.9,490.0,247.3
2018-06-23T08:44:02,15.8,225.0,244.9,1.9,500.0,247.3
2018-06-23T08:44:33,15.4,228.0,252.0,1.8,510.0,245.4
2018-06-23T08:45:04,15.4,225.0,256.1,1.9,510.0,247.3
2018-06-23T08:45:35,15.8,219.7,248.4,1.9,520.0,246.4
2018-06-23T08:46:07,15.8,220.3,244.9,2.0,530.0,247.3
2018-06-23T08:46:38,15.4,216.7,246.6,2.0,530.0,245.4
2018-06-23T08:47:09,15.8,216.2,257.9,2.0,540.0,246.4
2018-06-23T08:47:40,15.8,223.2,252.6,1.9,550.0,245.4
2018-06-23T08:48:11,16.2,223.8,246.6,1.9,550.0,246.4
2018-06-23T08:48:42,16.2,223.8,249.6,2.0,560.0,246.4
2018-06-23T08:49:13,15.8,223.8,253.2,2.0,570.0,245.4
2018-06-23T08:49:44,16.2,222.7,241.9,2.0,580.0,247.3
2018-06-23T08:50:15,16.2,218.5,255.5,2.1,580.0,246.4
2018-06-23T08:50:46,16.2,223.8,254.3,2.1,590.0,247.3
2018-06-23T08:51:17,16.2,219.7,242.5,2.1,600.0,247.3
2018-06-23T08:52:12,16.2,224.4,248.4,2.2,610.0,246.4
2018-06-23T08:53:07,16.2,219.1,244.3,2.1,630.0,246.4
2018-06-23T08:53:38,16.2,224.4,253.7,2.1,630.0,245.4
2018-06-23T08:54:09,16.2,219.1,247.2,2.1,640.0,245.4
2018-06-23T08:54:40,16.5,222.7,247.8,2.2,650.0,245.4
2018-06-23T08:55:11,16.5,217.9,253.2,2.3,660.0,245.4
2018-06-23T08:55:42,16.2,218.5,242.5,2.2,670.0,244.4
2018-06-23T08:56:14,16.2,216.7,253.2,2.3,670.0,244.4
2018-06-23T08:56:45,16.2,220.9,248.4,2.2,680.0,244.4
2018-06-23T08:57:16,16.2,220.3,256.7,2.3,690.0,244.4
2018-06-23T08:57:47,16.2,218.5,253.7,2.4,700.0,245.4
2018-06-23T08:58:18,16.5,216.7,256.1,2.4,710.0,244.4
2018-06-23T08:58:49,16.5,223.8,253.2,2.2,710.0,244.4
2018-06-23T08:59:20,16.5,223.8,244.3,2.3,720.0,245.4
2018-06-23T09:00:15,16.2,222.7,250.8,2.3,740.0,244.4
2018-06-23T09:00:46,16.5,225.0,247.2,2.4,750.0,243.5
2018-06-23T09:01:18,16.5,225.0,256.1,2.4,760.0,244.4
2018-06-23T09:01:49,16.9,225.0,252.0,2.3,760.0,243.5
2018-06-23T09:02:20,16.9,216.2,246.1,2.4,770.0,243.5
2018-06-23T09:02:51,16.9,222.7,243.7,2.4,780.0,242.5
2018-06-23T09:03:22,16.9,223.2,249.0,2.4,790.0,244.4
2018-06-23T09:04:16,16.9,222.7,243.1,2.5,810.0,242.5
2018-06-23T09:04:47,16.9,223.8,248.4,2.5,810.0,243.5
2018-06-23T09:05:18,16.9,217.3,256.7,2.6,820.0,243.5
2018-06-23T09:05:50,16.9,215.0,251.4,2.6,830.0,244.4
2018-06-23T09:06:21,17.3,220.9,244.9,2.5,840.0,243.5
2018-06-23T09:06:52,17.3,222.1,248.4,2.5,850.0,243.5
2018-06-23T09:07:23,17.3,216.7,241.3,2.6,860.0,242.5
2018-06-23T09:07:54,17.3,220.3,241.3,2.6,870.0,242.5
2018-06-23T09:08:25,17.6,223.2,246.6,2.5,880.0,243.5
2018-06-23T09:08:56,17.6,218.5,250.8,2.7,890.0,242.5
2018-06-23T09:09:27,17.6,219.7,252.0,2.7,900.0,243.5
2018-06-23T09:09:58,17.6,214.4,245.5,2.7,910.0,244.4
2018-06-23T09:10:29,18.0,222.1,242.5,2.6,920.0,242.5
2018-06-23T09:11:01,18.0,218.5,253.7,2.7,930.0,242.5
2018-06-23T09:11:32,18.0,213.8,249.6,2.8,940.0,244.4
2018-06-23T09:12:03,18.0,215.6,243.7,2.7,950.0,243.5
2018-06-23T09:12:34,18.4,215.6,238.4,2.8,960.0,244.4
2018-06-23T09:13:05,18.4,217.3,247.2,2.8,970.0,244.4
2018-06-23T09:13:36,18.7,222.7,249.6,2.7,980.0,243.5
2018-06-23T09:14:07,18.7,219.1,239.0,2.8,990.0,243.5
2018-06-23T09:14:38,18.7,214.4,247.2,2.9,1000.0,244.4
2018-06-23T09:15:09,18.7,221.5,251.4,2.8,1010.0,243.5
2018-06-23T09:15:40,19.1,222.1,240.1,2.8,1020.0,244.4
2018-06-23T09:16:12,19.5,220.9,247.2,2.9,1030.0,244.4
2018-06-23T09:16:43,19.5,224.4,245.5,2.7,1040.0,245.4
2018-06-23T09:17:14,19.5,222.7,241.3,2.8,1050.0,244.4
2018-06-23T09:17:45,19.8,217.9,247.8,2.9,1060.0,244.4
2018-06-23T09:18:16,19.8,213.8,239.0,2.9,1070.0,245.4
2018-06-23T09:18:47,20.2,214.4,244.3,3.0,1080.0,245.4
2018-06-23T09:19:18,20.2,220.3,253.7,2.9,1090.0,245.4
2018-06-23T09:19:49,20.6,217.9,249.0,2.9,1100.0,246.4
2018-06-23T09:20:20,20.2,217.3,240.1,3.0,1110.0,245.4
2018-06-23T09:20:51,20.6,223.2,241.3,2.9,1120.0,244.4
2018-06-23T09:21:23,20.6,216.2,252.6,2.9,1130.0,244.4
2018-06-23T09:21:54,20.9,220.3,248.4,3.0,1140.0,245.4
2018-06-23T09:22:25,20.9,220.3,240.1,3.1,1150.0,245.4
2018-06-23T09:22:56,20.6,222.1,246.6,2.9,1160.0,247.3
2018-06-23T09:23:27,20.9,219.1,249.0,3.0,1170.0,246.4
2018-06-23T09:23:58,20.9,215.0,249.0,3.1,1190.0,246.4
2018-06-23T09:24:29,21.3,220.3,243.7,3.0,1200.0,248.3
2018-06-23T09:25:00,20.9,215.6,238.4,3.1,1210.0,245.4
2018-06-23T09:25:31,21.3,220.3,240.1,3.0,1220.0,245.4
2018-06-23T09:26:02,21.3,215.6,243.7,3.1,1230.0,245.4
2018-06-23T09:26:33,21.7,215.6,250.8,3.2,1240.0,246.4
2018-06-23T09:27:04,22.0,219.7,244.3,3.1,1250.0,244.4
2018-06-23T09:27:35,22.0,215.6,238.4,3.2,1260.0,245.4
2018-06-23T09:28:06,22.0,216.7,240.7,3.2,1280.0,245.4
2018-06-23T09:28:37,22.0,217.9,250.2,3.2,1290.0,246.4
2018-06-23T09:29:08,22.0,219.7,250.2,3.2,1300.0,246.4
2018-06-23T09:29:39,22.4,215.0,244.3,3.2,1310.0,245.4
2018-06-23T09:30:10,22.0,217.3,239.0,3.3,1320.0,245.4
2018-06-23T09:30:42,22.4,217.9,241.3,3.2,1330.0,244.4
2018-06-23T09:31:13,22.4,215.6,248.4,3.2,1350.0,246.4
2018-06-23T09:31:44,22.8,217.9,249.6,3.4,1360.0,246.4
2018-06-23T09:32:15,22.8,216.7,244.3,3.4,1370.0,246.4
2018-06-23T09:32:46,22.8,216.2,240.1,3.4,1380.0,246.4
2018-06-23T09:33:17,22.8,222.1,240.1,3.3,1390.0,246.4
2018-06-23T09:33:48,23.1,215.0,245.5,3.5,1400.0,246.4
2018-06-23T09:34:19,23.1,213.2,251.4,3.4,1420.0,245.4
2018-06-23T09:34:50,23.1,215.0,243.1,3.4,1430.0,246.4
2018-06-23T09:35:21,23.5,219.7,237.2,3.4,1440.0,245.4
2018-06-23T09:35:53,23.1,219.1,239.5,3.4,1450.0,248.3
2018-06-23T09:36:24,23.5,213.2,246.6,3.5,1470.0,247.3
2018-06-23T09:36:55,23.1,213.2,248.4,3.4,1480.0,245.4
2018-06-23T09:37:26,23.1,219.1,243.1,3.5,1490.0,244.4
2018-06-23T09:37:57,23.1,212.0,237.2,3.5,1500.0,244.4
2018-06-23T09:38:28,23.5,215.0,243.1,3.6,1520.0,247.3
2018-06-23T09:38:59,23.1,218.5,249.0,3.5,1530.0,245.4
2018-06-23T09:39:30,23.1,213.8,242.5,3.6,1540.0,246.4
2018-06-23T09:40:01,22.8,220.3,237.2,3.5,1550.0,245.4
2018-06-23T09:40:33,22.8,212.0,242.5,3.6,1570.0,246.4
2018-06-23T09:41:04,22.4,217.9,250.8,3.6,1580.0,245.4
2018-06-23T09:41:35,22.8,212.0,246.1,3.6,1590.0,245.4
2018-06-23T09:42:06,22.8,219.1,240.7,3.6,1600.0,246.4
2018-06-23T09:42:37,23.1,213.2,246.6,3.6,1620.0,244.4
2018-06-23T09:43:08,23.1,217.3,247.2,3.6,1630.0,244.4
2018-06-23T09:43:39,22.8,217.9,238.4,3.6,1640.0,246.4
2018-06-23T09:44:10,22.8,212.6,239.0,3.6,1660.0,246.4
2018-06-23T09:44:41,22.8,218.5,249.0,3.5,1670.0,246.4
2018-06-23T09:45:12,23.1,213.8,244.3,3.7,1680.0,246.4
2018-06-23T09:45:44,23.1,212.6,237.8,3.7,1700.0,247.3
2018-06-23T09:46:15,23.1,217.3,237.8,3.7,1710.0,247.3
2018-06-23T09:46:46,23.5,216.7,242.5,3.7,1720.0,247.3
2018-06-23T09:47:17,23.5,213.2,248.4,3.8,1740.0,248.3
2018-06-23T09:47:48,23.5,215.6,242.5,3.7,1750.0,248.3
2018-06-23T09:48:19,23.5,220.3,240.1,3.7,1760.0,248.3
2018-06-23T09:48:50,23.1,215.6,236.6,3.8,1780.0,248.3
2018-06-23T09:49:21,23.1,213.2,241.3,3.8,1790.0,248.3
2018-06-23T09:49:52,23.1,213.2,246.6,3.9,1800.0,249.3
2018-06-23T09:50:23,23.5,217.3,244.3,3.7,1820.0,249.3
2018-06-23T09:50:55,23.9,215.0,234.8,3.8,1830.0,249.3
2018-06-23T09:51:26,23.9,213.2,235.4,3.8,1840.0,249.3
2018-06-23T09:51:57,24.2,218.5,244.3,3.8,1860.0,248.3
2018-06-23T09:52:28,24.6,211.4,247.8,3.9,1870.0,248.3
2018-06-23T09:52:59,24.6,213.8,244.3,3.8,1890.0,249.3
2018-06-23T09:53:30,25.0,210.2,239.0,4.0,1900.0,249.3
2018-06-23T09:54:01,25.3,213.8,235.4,4.0,1910.0,250.2
2018-06-23T09:54:32,25.0,214.4,242.5,4.0,1930.0,249.3
2018-06-23T09:55:03,25.0,210.8,245.5,4.0,1940.0,248.3
2018-06-23T09:55:34,25.0,217.9,239.0,3.9,1960.0,247.3
2018-06-23T09:56:06,25.0,215.0,235.4,4.1,1970.0,247.3
2018-06-23T09:56:37,25.3,213.2,239.5,4.0,1980.0,248.3
2018-06-23T09:57:08,25.3,217.9,244.9,3.8,2000.0,247.3
2018-06-23T09:57:39,25.3,212.0,240.1,4.0,2010.0,247.3
2018-06-23T09:58:10,25.3,218.5,237.8,3.9,2030.0,246.4
2018-06-23T09:58:41,25.7,215.0,242.5,4.0,2040.0,248.3
2018-06-23T09:59:12,26.1,217.9,243.1,3.9,2060.0,247.3
2018-06-23T09:59:43,26.1,216.7,241.3,3.9,2070.0,250.2
2018-06-23T10:00:14,26.4,214.4,233.6,4.0,2080.0,248.3
2018-06-23T10:00:45,26.4,211.4,249.0,4.1,2100.0,248.3
2018-06-23T10:01:17,26.4,213.2,241.3,4.2,2110.0,249.3
2018-06-23T10:01:48,26.8,215.0,230.7,4.0,2130.0,249.3
2018-06-23T10:02:19,26.8,216.2,239.5,4.0,2140.0,248.3
2018-06-23T10:02:50,26.8,209.1,245.5,4.1,2160.0,249.3
2018-06-23T10:03:21,26.8,209.7,241.9,4.1,2170.0,250.2
2018-06-23T10:03:52,26.4,207.3,232.4,4.1,2190.0,249.3
2018-06-23T10:04:23,26.4,217.3,241.3,4.0,2200.0,249.3
2018-06-23T10:04:54,26.1,212.6,235.4,4.1,2220.0,249.3
2018-06-23T10:05:25,26.1,215.0,235.4,4.2,2230.0,249.3
2018-06-23T10:05:56,26.4,211.4,242.5,4.3,2250.0,250.2
2018-06-23T10:06:28,26.8,212.0,244.3,4.2,2260.0,248.3
2018-06-23T10:06:59,27.2,210.8,239.0,4.4,2280.0,249.3
2018-06-23T10:07:30,27.2,215.0,241.3,4.1,2290.0,250.2
2018-06-23T10:08:01,27.5,213.8,233.0,4.2,2310.0,248.3
2018-06-23T10:08:32,27.5,207.9,232.4,4.3,2320.0,248.3
2018-06-23T10:09:03,27.5,212.6,231.3,4.2,2340.0,248.3
2018-06-23T10:09:34,27.5,213.2,235.4,4.2,2350.0,249.3
2018-06-23T10:10:05,27.9,208.5,240.7,4.3,2370.0,248.3
2018-06-23T10:10:36,28.3,211.4,243.7,4.4,2380.0,248.3
2018-06-23T10:11:08,28.3,215.0,239.5,4.3,2400.0,248.3
2018-06-23T10:11:39,28.3,209.7,230.1,4.4,2410.0,249.3
2018-06-23T10:12:10,27.9,209.1,234.8,4.5,2430.0,250.2
2018-06-23T10:12:41,28.3,215.0,244.3,4.4,2440.0,248.3
2018-06-23T10:13:12,28.3,210.8,239.5,4.4,2460.0,248.3
2018-06-23T10:13:43,28.6,206.1,233.0,4.5,2470.0,251.2
2018-06-23T10:14:14,28.6,213.8,232.4,4.4,2490.0,250.2
2018-06-23T10:14:45,28.3,207.9,239.0,4.5,2510.0,251.2
2018-06-23T10:15:16,28.3,212.0,243.1,4.5,2520.0,249.3
2018-06-23T10:15:47,27.9,215.0,239.0,4.3,2540.0,249.3
2018-06-23T10:16:19,28.3,213.2,233.0,4.5,2550.0,249.3
2018-06-23T10:16:50,28.6,206.1,231.9,4.6,2570.0,247.3
2018-06-23T10:17:21,29.0,211.4,236.0,4.4,2580.0,249.3
2018-06-23T10:17:52,29.0,213.2,243.7,4.4,2600.0,249.3
2018-06-23T10:18:23,29.0,206.7,241.3,4.5,2620.0,248.3
2018-06-23T10:18:54,29.0,211.4,241.9,4.5,2630.0,249.3
2018-06-23T10:19:25,29.0,216.2,238.4,4.4,2650.0,250.2
2018-06-23T10:19:56,29.4,210.8,231.3,4.6,2660.0,250.2
2018-06-23T10:20:27,29.7,213.2,228.9,4.4,2680.0,248.3
2018-06-23T10:20:58,29.7,211.4,227.7,4.5,2690.0,248.3
2018-06-23T10:21:29,29.4,212.0,231.3,4.6,2710.0,248.3
2018-06-23T10:22:00,29.0,209.7,237.2,4.7,2730.0,249.3
2018-06-23T10:22:31,29.4,210.8,234.8,4.2,2740.0,250.2
2018-06-23T10:23:02,29.7,213.2,232.4,4.5,2760.0,249.3
2018-06-23T10:23:33,29.7,209.1,228.9,4.7,2780.0,251.2
2018-06-23T10:24:04,30.1,204.9,231.3,4.7,2790.0,252.2
2018-06-23T10:24:35,30.1,210.2,235.4,4.6,2810.0,250.2
2018-06-23T10:25:06,30.2,206.7,236.0,4.8,2820.0,250.2
2018-06-23T10:25:38,30.2,209.1,235.4,4.7,2840.0,252.2
2018-06-23T10:26:09,30.3,210.8,234.2,4.6,2860.0,250.2
2018-06-23T10:26:40,30.4,208.5,227.7,4.8,2870.0,248.3
2018-06-23T10:27:11,30.4,213.2,230.7,4.6,2890.0,248.3
2018-06-23T10:27:42,30.5,207.9,234.8,4.8,2910.0,247.3
2018-06-23T10:28:13,30.5,209.7,241.3,4.7,2920.0,246.4
2018-06-23T10:28:44,30.5,209.1,235.4,4.7,2940.0,246.4
2018-06-23T10:29:15,30.7,207.9,228.3,4.8,2960.0,247.3
2018-06-23T10:29:46,30.7,209.1,232.4,4.8,2970.0,247.3
2018-06-23T10:30:17,30.8,206.1,235.4,4.8,2990.0,248.3
2018-06-23T10:30:49,30.8,211.4,239.5,4.7,3010.0,247.3
2018-06-23T10:31:20,30.9,204.3,233.6,4.9,3020.0,247.3
2018-06-23T10:31:51,30.9,210.8,233.6,4.8,3040.0,246.4
2018-06-23T10:32:22,31.0,207.9,233.6,4.9,3060.0,246.4
2018-06-23T10:32:53,31.0,203.2,227.1,4.9,3070.0,245.4
2018-06-23T10:33:24,31.0,211.4,232.4,4.7,3090.0,246.4
2018-06-23T10:33:55,31.1,207.3,236.6,4.9,3110.0,245.4
2018-06-23T10:34:26,31.1,203.7,240.7,4.9,3120.0,246.4
2018-06-23T10:34:57,31.1,210.8,236.6,4.8,3140.0,247.3
2018-06-23T10:35:28,31.1,210.8,229.5,4.7,3160.0,247.3
2018-06-23T10:36:00,31.1,203.7,231.3,5.0,3180.0,247.3
2018-06-23T10:36:31,31.1,209.1,234.2,4.9,3190.0,246.4
2018-06-23T10:37:02,31.2,211.4,241.9,4.9,3210.0,246.4
2018-06-23T10:37:33,31.0,210.2,229.5,5.0,3230.0,245.4
2018-06-23T10:38:04,30.9,209.1,234.2,4.9,3240.0,246.4
2018-06-23T10:38:35,30.9,203.7,233.0,5.1,3260.0,247.3
2018-06-23T10:39:06,30.9,209.1,228.3,5.0,3280.0,246.4
2018-06-23T10:39:37,31.0,206.1,238.4,5.0,3300.0,246.4
2018-06-23T10:40:08,31.0,208.5,230.1,5.1,3310.0,246.4
2018-06-23T10:40:39,31.1,210.2,231.9,5.0,3330.0,246.4
2018-06-23T10:41:10,31.2,210.8,228.9,4.9,3350.0,247.3
2018-06-23T10:41:41,31.2,204.3,233.6,5.2,3360.0,246.4
2018-06-23T10:42:12,31.4,203.2,237.2,5.1,3380.0,247.3
2018-06-23T10:42:43,31.5,208.5,238.4,5.0,3400.0,246.4
2018-06-23T10:43:14,31.5,212.0,231.3,4.8,3420.0,247.3
2018-06-23T10:43:45,31.5,207.9,231.3,5.1,3430.0,247.3
2018-06-23T10:44:16,31.6,206.1,227.1,5.1,3450.0,247.3
2018-06-23T10:44:47,31.6,207.3,231.9,5.1,3470.0,247.3
2018-06-23T10:45:18,31.6,203.7,236.6,5.3,3490.0,247.3
2018-06-23T10:45:50,31.6,211.4,240.7,5.1,3510.0,245.4
2018-06-23T10:46:21,31.7,209.1,237.8,5.0,3520.0,248.3
2018-06-23T10:46:52,31.7,208.5,235.4,5.0,3540.0,248.3
2018-06-23T10:47:23,31.8,204.9,234.2,5.1,3560.0,247.3
2018-06-23T10:47:54,31.8,205.5,233.6,5.3,3580.0,247.3
2018-06-23T10:48:25,31.8,205.5,235.4,5.3,3590.0,247.3
2018-06-23T10:48:56,31.8,212.6,235.4,5.0,3610.0,246.4
2018-06-23T10:49:27,31.8,203.7,230.7,5.2,3630.0,247.3
2018-06-23T10:49:58,31.9,204.3,237.8,5.2,3650.0,247.3
2018-06-23T10:50:29,31.9,209.7,238.4,5.0,3670.0,247.3
2018-06-23T10:51:01,31.9,209.7,232.4,5.2,3680.0,248.3
2018-06-23T10:51:32,31.9,208.5,237.8,5.1,3700.0,248.3
2018-06-23T10:52:03,32.0,212.0,236.0,5.1,3720.0,247.3
2018-06-23T10:52:34,32.0,210.2,241.3,5.2,3740.0,248.3
2018-06-23T10:53:05,32.0,206.1,236.6,5.2,3760.0,248.3
2018-06-23T10:53:36,32.2,200.2,230.7,5.3,3780.0,248.3
2018-06-23T10:54:07,32.0,207.3,233.6,5.3,3790.0,248.3
2018-06-23T10:54:38,32.2,210.8,227.1,5.2,3810.0,248.3
2018-06-23T10:55:09,32.2,209.7,233.6,5.2,3830.0,248.3
2018-06-23T10:55:40,32.2,207.9,241.3,5.3,3850.0,248.3
2018-06-23T10:56:12,32.2,205.5,227.1,5.3,3870.0,248.3
2018-06-23T10:56:43,32.0,202.0,228.9,5.4,3890.0,250.2
2018-06-23T10:57:14,32.2,203.2,230.7,5.5,3900.0,248.3
2018-06-23T10:57:45,32.2,207.9,229.5,5.3,3920.0,248.3
2018-06-23T10:58:16,32.0,203.2,237.2,5.4,3940.0,250.2
2018-06-23T10:58:47,32.2,206.7,235.4,5.4,3960.0,248.3
2018-06-23T10:59:18,32.2,205.5,235.4,5.4,3980.0,248.3
2018-06-23T10:59:49,32.3,202.0,229.5,5.5,4000.0,248.3
2018-06-23T11:00:20,32.3,207.9,224.8,5.4,4010.0,249.3
2018-06-23T11:00:51,32.4,205.5,226.5,5.5,4030.0,248.3
2018-06-23T11:01:22,32.4,201.4,228.9,5.5,4050.0,248.3
2018-06-23T11:01:53,32.4,207.3,228.9,5.3,4070.0,248.3
2018-06-23T11:02:24,32.3,203.2,230.7,5.4,4090.0,247.3
2018-06-23T11:02:55,32.3,200.8,235.4,5.6,4110.0,248.3
2018-06-23T11:03:26,32.3,204.3,236.0,5.5,4130.0,248.3
2018-06-23T11:03:57,32.4,199.0,225.4,5.7,4140.0,248.3
2018-06-23T11:04:28,32.5,207.3,226.5,5.4,4160.0,249.3
2018-06-23T11:04:59,32.5,201.4,230.7,5.6,4180.0,248.3
2018-06-23T11:05:30,32.6,203.7,233.0,5.4,4200.0,248.3
2018-06-23T11:06:02,32.6,206.7,233.6,5.5,4220.0,249.3
2018-06-23T11:06:33,32.6,208.5,231.9,5.4,4240.0,248.3
2018-06-23T11:07:04,32.6,202.0,232.4,5.7,4260.0,250.2
2018-06-23T11:07:35,32.6,199.6,228.3,5.7,4280.0,247.3
2018-06-23T11:08:06,32.7,201.4,224.8,5.7,4290.0,247.3
2018-06-23T11:08:37,32.7,203.2,221.8,5.7,4310.0,248.3
2018-06-23T11:09:08,32.9,206.1,225.9,5.6,4330.0,247.3
2018-06-23T11:09:39,33.0,208.5,220.0,3.7,4350.0,244.4
2018-06-23T11:10:10,33.0,183.7,239.0,5.7,4360.0,246.4
2018-06-23T11:10:42,33.1,205.5,228.3,5.6,4380.0,247.3
2018-06-23T11:11:13,33.1,198.4,225.9,6.0,4400.0,249.3
2018-06-23T11:11:44,33.1,199.0,234.8,4.7,4420.0,245.4
2018-06-23T11:12:15,33.1,219.7,210.6,3.5,4430.0,247.3
2018-06-23T11:12:46,33.2,200.2,227.1,5.9,4450.0,248.3
2018-06-23T11:13:17,33.2,204.3,236.0,5.6,4470.0,247.3
2018-06-23T11:13:48,33.2,204.9,230.1,5.7,4490.0,247.3
2018-06-23T11:14:19,33.2,207.3,225.4,5.5,4500.0,249.3
2018-06-23T11:14:50,33.2,203.7,224.2,5.7,4520.0,249.3
2018-06-23T11:15:21,33.2,196.7,225.4,5.9,4540.0,250.2
2018-06-23T11:15:56,33.0,202.0,224.2,5.7,4560.0,251.2
2018-06-23T11:16:27,33.0,199.0,223.6,5.8,4580.0,250.2
2018-06-23T11:16:58,33.0,204.9,221.8,5.6,4600.0,250.2
2018-06-23T11:17:29,33.0,204.9,220.0,5.6,4620.0,251.2
2018-06-23T11:18:00,33.1,199.6,224.8,5.8,4640.0,250.2
2018-06-23T11:18:31,33.2,200.2,225.4,5.7,4660.0,250.2
2018-06-23T11:19:02,33.3,198.4,224.8,5.7,4680.0,250.2
2018-06-23T11:19:33,33.4,199.0,218.8,5.7,4700.0,250.2
2018-06-23T11:20:04,33.5,203.2,221.2,5.7,4720.0,250.2
2018-06-23T11:20:36,33.5,202.0,222.4,5.7,4740.0,250.2
2018-06-23T11:21:07,33.7,197.8,230.7,5.9,4760.0,250.2
2018-06-23T11:21:38,33.7,200.2,227.1,5.8,4780.0,250.2
2018-06-23T11:22:09,33.8,199.0,223.6,5.8,4800.0,250.2
2018-06-23T11:22:40,33.8,200.8,225.4,5.7,4820.0,251.2
2018-06-23T11:23:11,33.9,200.2,224.2,5.9,4840.0,249.3
2018-06-23T11:23:42,33.9,203.2,220.0,5.8,4860.0,249.3
2018-06-23T11:24:13,33.9,203.2,220.0,5.7,4870.0,249.3
2018-06-23T11:24:44,34.0,199.0,219.4,5.9,4890.0,249.3
2018-06-23T11:25:15,34.0,196.7,223.0,6.0,4910.0,249.3
2018-06-23T11:25:47,34.0,198.4,224.8,6.0,4930.0,249.3
2018-06-23T11:26:18,34.1,202.0,232.4,5.9,4950.0,247.3
2018-06-23T11:26:49,34.1,201.4,225.4,5.8,4970.0,247.3
2018-06-23T11:27:20,34.1,196.7,231.3,5.8,4990.0,247.3
2018-06-23T11:27:51,34.2,205.5,235.4,5.7,5010.0,247.3
2018-06-23T11:28:22,34.2,202.0,220.0,5.8,5030.0,247.3
2018-06-23T11:28:53,34.4,200.2,224.8,5.8,5050.0,248.3
2018-06-23T11:29:24,34.4,200.2,225.4,6.0,5070.0,247.3
2018-06-23T11:29:55,34.4,196.1,221.8,5.9,5090.0,247.3
2018-06-23T11:30:26,34.4,196.7,224.2,6.0,5110.0,245.4
2018-06-23T11:30:57,34.4,202.0,225.4,5.8,5130.0,247.3
2018-06-23T11:31:29,34.4,202.0,228.3,5.9,5150.0,248.3
2018-06-23T11:32:00,34.4,200.8,227.7,5.4,5170.0,247.3
2018-06-23T11:32:31,34.1,199.6,228.9,5.7,5190.0,248.3
2018-06-23T11:33:02,34.1,201.4,220.6,5.8,5210.0,248.3
2018-06-23T11:33:33,34.2,196.1,218.3,6.1,5230.0,248.3
2018-06-23T11:34:04,34.2,202.0,222.4,5.9,5250.0,248.3
2018-06-23T11:34:35,34.4,204.9,228.9,5.8,5270.0,248.3
2018-06-23T11:35:06,34.4,203.7,228.9,5.8,5290.0,248.3
2018-06-23T11:35:37,34.5,200.2,223.6,5.9,5310.0,249.3
2018-06-23T11:36:09,34.5,198.4,225.4,6.1,5330.0,248.3
2018-06-23T11:36:40,34.6,202.6,222.4,5.9,5350.0,249.3
2018-06-23T11:37:11,34.5,198.4,223.0,6.1,5370.0,248.3
2018-06-23T11:37:42,34.5,193.1,220.6,6.1,5390.0,249.3
2018-06-23T11:38:13,34.6,197.8,220.0,6.1,5410.0,249.3
2018-06-23T11:38:44,34.6,199.0,224.8,6.1,5430.0,250.2
2018-06-23T11:39:15,34.5,199.6,231.3,6.0,5450.0,250.2
2018-06-23T11:39:46,34.5,193.1,227.7,6.2,5470.0,250.2
2018-06-23T11:40:17,34.5,191.9,227.1,6.1,5490.0,249.3
2018-06-23T11:40:48,34.6,192.5,221.8,6.1,5510.0,250.2
2018-06-23T11:41:20,34.7,197.8,217.1,6.0,5530.0,250.2
2018-06-23T11:41:51,34.6,196.7,221.8,6.1,5550.0,249.3
2018-06-23T11:42:22,34.6,194.3,217.1,6.2,5570.0,250.2
2018-06-23T11:42:53,34.6,191.9,217.7,6.3,5590.0,250.2
2018-06-23T11:43:24,34.7,193.7,222.4,6.2,5610.0,250.2
2018-06-23T11:43:55,34.8,194.9,221.2,6.2,5630.0,250.2
2018-06-23T11:44:26,34.9,199.6,218.3,6.1,5650.0,250.2
2018-06-23T11:44:57,35.0,199.0,225.4,6.0,5670.0,251.2
2018-06-23T11:45:28,35.0,193.1,223.0,6.3,5690.0,249.3
2018-06-23T11:45:59,35.2,197.3,228.3,6.1,5710.0,250.2
2018-06-23T11:46:30,35.3,200.2,222.4,5.9,5730.0,250.2
2018-06-23T11:47:01,35.3,194.9,220.6,6.1,5750.0,249.3
2018-06-23T11:47:32,35.4,190.8,220.0,6.4,5770.0,250.2
2018-06-23T11:48:03,35.4,197.3,217.7,6.1,5790.0,249.3
2018-06-23T11:48:34,35.5,194.3,226.5,6.1,5810.0,250.2
2018-06-23T11:49:05,35.5,199.0,219.4,6.1,5830.0,249.3
2018-06-23T11:49:36,35.5,197.3,219.4,6.1,5850.0,250.2
2018-06-23T11:50:07,35.5,193.1,217.1,6.2,5870.0,250.2
2018-06-23T11:50:39,35.3,188.4,217.1,6.4,5890.0,251.2
2018-06-23T11:51:10,35.3,190.2,217.1,6.2,5910.0,250.2
2018-06-23T11:51:41,35.3,190.8,222.4,6.3,5930.0,250.2
2018-06-23T11:52:12,35.4,194.3,225.4,6.2,5950.0,250.2
2018-06-23T11:52:43,35.5,196.1,221.2,6.1,5970.0,252.2
2018-06-23T11:53:14,35.5,196.1,220.0,6.2,5990.0,251.2
2018-06-23T11:53:45,35.6,193.7,213.5,6.2,6010.0,250.2
2018-06-23T11:54:16,35.6,191.9,218.3,6.2,6030.0,251.2
2018-06-23T11:54:47,35.7,189.0,228.3,6.3,6050.0,251.2
2018-06-23T11:55:18,35.7,190.2,223.6,6.3,6070.0,251.2
2018-06-23T11:55:50,35.9,191.9,225.4,6.3,6090.0,251.2
2018-06-23T11:56:21,35.9,191.3,223.6,6.2,6120.0,250.2
2018-06-23T11:56:52,35.9,191.3,220.0,6.2,6140.0,250.2
2018-06-23T11:57:23,36.0,196.1,216.5,6.1,6160.0,250.2
2018-06-23T11:57:54,36.0,193.1,220.0,6.3,6180.0,250.2
2018-06-23T11:58:25,36.1,193.1,221.2,6.3,6200.0,250.2
2018-06-23T11:58:56,36.1,188.4,224.2,6.4,6220.0,249.3
2018-06-23T11:59:27,36.1,191.3,225.4,6.3,6240.0,249.3
2018-06-23T11:59:58,36.1,194.9,215.9,6.2,6260.0,248.3
2018-06-23T12:00:29,36.2,190.8,212.3,6.4,6280.0,248.3
2018-06-23T12:01:01,36.2,189.0,219.4,6.4,6300.0,247.3
2018-06-23T12:01:32,36.3,192.5,221.8,6.2,6320.0,248.3
2018-06-23T12:02:03,36.3,195.5,223.0,6.3,6340.0,248.3
2018-06-23T12:02:34,36.3,197.3,225.4,6.2,6360.0,249.3
2018-06-23T12:03:05,36.4,197.3,224.8,6.1,6380.0,249.3
2018-06-23T12:03:36,36.4,197.3,221.2,6.1,6400.0,247.3
2018-06-23T12:04:07,36.4,196.1,218.8,6.2,6420.0,248.3
2018-06-23T12:04:38,36.4,194.9,220.0,6.2,6440.0,250.2
2018-06-23T12:05:09,36.5,192.5,218.3,6.2,6460.0,247.3
2018-06-23T12:05:40,36.4,196.7,220.0,6.2,6480.0,247.3
2018-06-23T12:06:11,36.4,192.5,221.8,6.2,6500.0,248.3
2018-06-23T12:06:42,36.4,191.9,218.3,6.3,6520.0,250.2
2018-06-23T12:07:13,36.5,193.1,218.3,6.2,6540.0,250.2
2018-06-23T12:07:44,36.5,195.5,216.5,6.3,6560.0,249.3
2018-06-23T12:08:15,36.7,196.1,214.1,6.3,6580.0,249.3
2018-06-23T12:08:46,36.7,193.7,215.9,6.2,6600.0,249.3
2018-06-23T12:09:17,36.8,193.1,222.4,6.3,6620.0,250.2
2018-06-23T12:09:48,36.8,193.7,221.2,6.2,6640.0,248.3
2018-06-23T12:10:19,36.8,186.0,225.4,6.5,6660.0,248.3
2018-06-23T12:10:51,36.8,187.2,223.0,6.4,6680.0,248.3
2018-06-23T12:11:22,36.9,188.4,220.0,6.4,6700.0,249.3
2018-06-23T12:11:53,36.8,193.1,216.5,6.3,6720.0,248.3
2018-06-23T12:12:24,36.7,194.3,214.1,6.3,6740.0,249.3
2018-06-23T12:12:55,36.7,194.9,212.9,6.3,6760.0,249.3
2018-06-23T12:13:26,36.8,193.1,215.3,6.4,6780.0,249.3
2018-06-23T12:13:57,36.8,194.3,217.1,6.2,6800.0,249.3
2018-06-23T12:14:29,36.8,189.6,221.8,6.3,6820.0,249.3
2018-06-23T12:15:00,36.9,193.1,221.2,6.4,6840.0,249.3
2018-06-23T12:15:31,36.9,193.1,223.6,6.3,6860.0,248.3
2018-06-23T12:16:02,36.9,194.3,220.6,6.2,6890.0,250.2
2018-06-23T12:16:33,37.0,194.9,215.3,6.2,6910.0,249.3
2018-06-23T12:17:04,36.9,195.5,213.5,6.2,6930.0,250.2
2018-06-23T12:17:35,36.8,197.3,214.1,6.1,6950.0,252.2
2018-06-23T12:18:06,36.9,197.3,211.7,6.1,6970.0,249.3
2018-06-23T12:18:37,36.9,195.5,214.7,6.2,6990.0,249.3
2018-06-23T12:19:08,37.0,193.7,215.3,6.2,7010.0,250.2
2018-06-23T12:19:39,37.0,190.2,215.9,6.4,7030.0,249.3
2018-06-23T12:20:10,37.1,189.6,216.5,6.4,7050.0,250.2
2018-06-23T12:20:42,37.1,187.8,217.7,6.5,7070.0,252.2
2018-06-23T12:21:13,37.1,191.9,217.7,6.3,7090.0,251.2
2018-06-23T12:21:44,37.1,193.1,210.6,6.3,7110.0,252.2
2018-06-23T12:22:15,37.2,193.1,212.9,6.2,7130.0,250.2
2018-06-23T12:22:46,37.2,193.1,217.1,6.3,7150.0,251.2
2018-06-23T12:23:17,37.2,195.5,217.1,6.3,7170.0,251.2
2018-06-23T12:23:48,37.2,191.3,215.9,6.3,7190.0,251.2
2018-06-23T12:24:19,37.4,190.2,218.3,6.5,7210.0,251.2
2018-06-23T12:24:50,37.4,189.6,214.7,6.5,7230.0,251.2
2018-06-23T12:25:21,37.4,187.8,211.7,6.6,7250.0,251.2
2018-06-23T12:25:53,37.4,191.9,214.1,6.3,7270.0,252.2
2018-06-23T12:26:24,37.4,196.7,218.3,6.2,7290.0,252.2
2018-06-23T12:26:55,37.2,196.1,218.3,6.2,7310.0,252.2
2018-06-23T12:27:26,37.4,194.3,218.8,6.2,7330.0,252.2
2018-06-23T12:27:57,37.4,194.9,223.0,6.2,7350.0,249.3
2018-06-23T12:28:28,37.4,190.2,221.2,6.4,7370.0,250.2
2018-06-23T12:28:59,37.4,190.2,221.8,6.5,7400.0,250.2
2018-06-23T12:29:30,37.2,187.2,220.0,6.4,7420.0,251.2
2018-06-23T12:30:01,37.2,186.6,217.1,6.5,7440.0,250.2
2018-06-23T12:30:33,37.2,190.8,218.3,6.4,7460.0,252.2
2018-06-23T12:31:04,37.4,193.1,218.3,6.4,7480.0,248.3
2018-06-23T12:31:35,37.5,194.3,214.7,6.3,7500.0,250.2
2018-06-23T12:32:06,37.5,195.5,212.3,6.3,7520.0,247.3
2018-06-23T12:32:37,37.5,196.7,215.3,6.2,7540.0,249.3
2018-06-23T12:33:08,37.5,193.1,215.3,6.4,7560.0,249.3
2018-06-23T12:33:39,37.5,192.5,217.1,6.4,7580.0,249.3
2018-06-23T12:34:10,37.4,194.3,218.3,6.4,7600.0,247.3
2018-06-23T12:34:41,37.4,194.9,224.2,6.4,7620.0,250.2
2018-06-23T12:35:12,37.2,191.3,220.6,6.5,7640.0,249.3
2018-06-23T12:35:44,37.2,196.7,217.1,6.2,7660.0,249.3
2018-06-23T12:36:15,37.1,196.7,213.5,6.3,7680.0,248.3
2018-06-23T12:36:46,37.0,196.1,214.1,6.4,7700.0,248.3
2018-06-23T12:37:17,36.9,196.7,216.5,6.3,7730.0,248.3
2018-06-23T12:37:48,36.8,196.7,218.3,6.2,7750.0,248.3
2018-06-23T12:38:19,36.9,196.1,215.3,6.3,7770.0,248.3
2018-06-23T12:38:50,36.9,194.9,215.3,6.4,7790.0,248.3
2018-06-23T12:39:21,37.0,200.2,212.9,6.1,7810.0,248.3
2018-06-23T12:39:52,37.1,192.5,219.4,6.4,7830.0,249.3
2018-06-23T12:40:23,37.2,197.8,220.6,6.3,7850.0,248.3
2018-06-23T12:40:55,37.2,197.8,219.4,6.2,7870.0,247.3
2018-06-23T12:41:26,37.4,197.8,214.1,6.2,7890.0,248.3
2018-06-23T12:41:57,37.5,197.3,215.9,6.4,7910.0,248.3
2018-06-23T12:42:28,37.5,195.5,220.0,6.4,7930.0,250.2
2018-06-23T12:42:59,37.6,197.3,221.2,6.3,7950.0,249.3
2018-06-23T12:43:30,37.6,193.1,223.0,6.5,7980.0,250.2
2018-06-23T12:44:01,37.7,194.3,218.8,6.5,8000.0,250.2
2018-06-23T12:44:32,37.7,189.6,216.5,6.6,8020.0,249.3
2018-06-23T12:45:03,37.8,193.7,224.2,6.5,8040.0,250.2
2018-06-23T12:45:35,37.8,189.0,223.0,6.5,8060.0,251.2
2018-06-23T12:46:06,37.9,189.0,225.4,6.5,8080.0,250.2
2018-06-23T12:46:37,37.9,193.7,219.4,6.4,8100.0,251.2
2018-06-23T12:47:08,37.9,194.3,224.8,6.3,8120.0,250.2
2018-06-23T12:47:39,37.9,188.4,225.4,6.6,8140.0,250.2
2018-06-23T12:48:10,37.9,193.7,220.0,6.4,8160.0,250.2
2018-06-23T12:48:41,37.9,193.7,214.7,6.4,8180.0,250.2
2018-06-23T12:49:12,38.0,189.6,215.9,6.6,8210.0,251.2
2018-06-23T12:49:43,38.0,194.3,220.6,6.5,8230.0,250.2
2018-06-23T12:50:14,37.9,194.9,225.4,6.4,8250.0,250.2
2018-06-23T12:50:45,37.9,196.7,221.8,6.3,8270.0,251.2
2018-06-23T12:51:17,37.9,188.4,215.9,6.6,8290.0,251.2
2018-06-23T12:51:48,38.0,190.2,218.8,6.5,8310.0,251.2
2018-06-23T12:52:19,38.0,195.5,220.0,6.4,8330.0,249.3
2018-06-23T12:52:50,38.0,199.0,224.2,6.2,8350.0,250.2
2018-06-23T12:53:21,38.2,193.1,223.0,6.5,8370.0,251.2
2018-06-23T12:53:52,38.2,190.8,221.2,6.6,8390.0,250.2
2018-06-23T12:54:23,38.2,189.0,220.0,6.5,8410.0,251.2
2018-06-23T12:54:54,38.2,189.0,218.3,6.6,8440.0,251.2
2018-06-23T12:55:25,38.3,193.1,218.3,6.4,8460.0,249.3
2018-06-23T12:55:56,38.3,195.5,215.9,6.4,8480.0,249.3
2018-06-23T12:56:28,38.3,197.3,222.4,6.3,8500.0,250.2
2018-06-23T12:56:59,38.3,199.0,225.9,6.3,8520.0,249.3
2018-06-23T12:57:30,38.4,199.0,219.4,6.3,8540.0,249.3
2018-06-23T12:58:01,38.2,194.9,224.8,6.3,8560.0,249.3
2018-06-23T12:58:32,38.3,199.0,224.2,6.2,8580.0,250.2
2018-06-23T12:59:03,38.3,196.1,224.2,6.4,8600.0,251.2
2018-06-23T12:59:34,38.3,191.3,222.4,6.2,8620.0,251.2
2018-06-23T13:00:05,38.3,187.8,222.4,6.6,8640.0,252.2
2018-06-23T13:00:36,38.4,190.8,225.9,6.3,8670.0,251.2
2018-06-23T13:01:08,38.4,190.2,227.7,6.4,8690.0,253.1
2018-06-23T13:01:39,38.4,197.8,227.1,6.4,8710.0,252.2
2018-06-23T13:02:10,38.5,198.4,221.2,6.3,8730.0,252.2
2018-06-23T13:02:41,38.5,191.3,218.3,6.4,8750.0,252.2
2018-06-23T13:03:12,38.5,195.5,227.7,6.3,8770.0,252.2
2018-06-23T13:03:43,38.6,194.3,224.2,6.3,8790.0,252.2
2018-06-23T13:04:14,38.6,194.3,225.4,6.4,8810.0,250.2
2018-06-23T13:04:45,38.6,197.8,223.0,6.1,8830.0,250.2
2018-06-23T13:05:16,38.6,203.2,222.4,5.9,8850.0,250.2
2018-06-23T13:05:47,38.6,190.8,215.9,5.6,8870.0,251.2
2018-06-23T13:06:18,38.5,191.3,220.6,5.9,8890.0,252.2
2018-06-23T13:06:49,38.5,191.9,220.6,5.9,8910.0,251.2
2018-06-23T13:07:20,38.5,199.6,217.1,5.5,8930.0,252.2
2018-06-23T13:07:51,38.6,207.3,219.4,5.0,8950.0,251.2
2018-06-23T13:08:22,38.6,198.4,224.8,4.5,8970.0,252.2
2018-06-23T13:08:53,38.6,167.7,224.2,6.5,8990.0,250.2
2018-06-23T13:09:24,38.6,186.0,220.6,5.6,9010.0,249.3
2018-06-23T13:09:55,38.7,185.4,218.8,5.5,9030.0,249.3
2018-06-23T13:10:26,38.7,187.8,220.0,5.3,9050.0,250.2
2018-06-23T13:10:58,38.7,203.7,220.6,4.7,9070.0,249.3
2018-06-23T13:11:29,38.7,191.3,223.6,4.7,9090.0,250.2
2018-06-23T13:12:00,38.7,194.9,212.3,4.6,9100.0,248.3
2018-06-23T13:12:31,38.9,178.3,222.4,6.1,9120.0,250.2
2018-06-23T13:13:02,38.9,161.8,221.2,6.7,9140.0,249.3
2018-06-23T13:13:33,38.9,177.2,220.6,6.2,9160.0,250.2
2018-06-23T13:14:04,38.9,180.1,223.0,5.9,9180.0,249.3
2018-06-23T13:14:35,38.9,174.8,220.0,5.7,9200.0,249.3
2018-06-23T13:15:06,38.9,158.3,224.8,6.5,9220.0,250.2
2018-06-23T13:15:38,38.9,159.4,219.4,6.6,9240.0,250.2
2018-06-23T13:16:09,38.9,162.4,223.0,6.4,9260.0,248.3
2018-06-23T13:16:40,38.9,167.1,223.0,6.3,9280.0,249.3
2018-06-23T13:17:11,38.9,163.6,220.6,6.4,9300.0,249.3
2018-06-23T13:17:42,38.7,164.2,218.8,6.3,9310.0,248.3
2018-06-23T13:18:13,38.7,161.8,218.8,6.5,9330.0,249.3
2018-06-23T13:18:44,38.7,165.4,215.9,6.4,9350.0,249.3
2018-06-23T13:19:15,38.5,168.3,224.8,6.1,9370.0,249.3
2018-06-23T13:19:46,38.0,164.8,221.2,6.4,9390.0,250.2
2018-06-23T13:20:17,38.3,163.6,227.1,6.5,9410.0,250.2
2018-06-23T13:20:49,38.2,164.8,220.0,6.4,9430.0,250.2
2018-06-23T13:21:20,38.0,161.8,222.4,6.4,9450.0,250.2
2018-06-23T13:21:51,37.7,163.0,220.0,6.4,9470.0,250.2
2018-06-23T13:22:22,37.6,164.2,214.7,6.4,9490.0,250.2
2018-06-23T13:22:53,37.5,159.4,211.2,6.4,9510.0,249.3
2018-06-23T13:23:24,37.4,157.7,215.3,6.5,9520.0,249.3
2018-06-23T13:23:55,37.2,168.3,217.1,6.1,9540.0,250.2
2018-06-23T13:24:26,37.2,165.4,222.4,6.2,9560.0,248.3
2018-06-23T13:24:57,37.1,164.2,224.2,6.3,9580.0,248.3
2018-06-23T13:25:28,37.1,168.3,218.8,6.1,9600.0,248.3
2018-06-23T13:25:59,37.0,167.7,215.9,6.2,9620.0,248.3
2018-06-23T13:26:31,37.1,161.8,215.3,6.2,9640.0,249.3
2018-06-23T13:27:02,37.1,169.5,217.1,6.1,9660.0,248.3
2018-06-23T13:27:33,37.0,177.2,222.4,5.6,9680.0,247.3
2018-06-23T13:28:04,37.0,176.0,222.4,5.3,9690.0,249.3
2018-06-23T13:28:35,36.9,158.3,215.9,6.2,9710.0,248.3
2018-06-23T13:29:06,36.8,154.7,218.3,6.4,9730.0,248.3
2018-06-23T13:29:37,36.9,152.9,218.3,6.4,9750.0,250.2
2018-06-23T13:30:08,37.0,151.2,218.8,6.5,9770.0,250.2
2018-06-23T13:30:39,37.0,151.8,217.1,6.5,9790.0,250.2
2018-06-23T13:31:11,37.2,154.7,211.2,6.4,9800.0,248.3
2018-06-23T13:31:42,37.4,158.9,213.5,6.1,9820.0,247.3
2018-06-23T13:32:13,37.4,160.0,218.8,6.0,9840.0,249.3
2018-06-23T13:32:44,37.4,152.4,218.3,6.5,9860.0,248.3
2018-06-23T13:33:15,37.4,150.0,219.4,6.4,9880.0,248.3
2018-06-23T13:33:46,37.5,151.2,218.3,6.4,9900.0,250.2
2018-06-23T13:34:17,37.5,151.8,212.3,6.5,9910.0,246.4
2018-06-23T13:34:48,37.5,156.5,218.8,6.2,9930.0,248.3
2018-06-23T13:35:19,37.5,158.3,223.6,6.2,9950.0,246.4
2018-06-23T13:35:50,37.2,158.9,223.0,6.0,9970.0,246.4
2018-06-23T13:36:22,37.4,155.3,220.0,6.3,9990.0,244.4
2018-06-23T13:36:53,37.5,154.7,215.3,6.3,10010.0,245.4
2018-06-23T13:37:24,37.5,154.1,212.3,6.3,10020.0,244.4
2018-06-23T13:37:55,37.5,155.3,213.5,6.2,10040.0,245.4
2018-06-23T13:38:26,37.6,152.4,218.8,6.3,10060.0,246.4
2018-06-23T13:38:57,37.6,151.8,223.6,6.4,10080.0,246.4
2018-06-23T13:39:28,37.6,151.8,219.4,6.3,10100.0,248.3
2018-06-23T13:39:59,37.7,152.4,213.5,6.3,10110.0,247.3
2018-06-23T13:40:30,37.6,154.1,214.1,6.2,10130.0,248.3
2018-06-23T13:41:01,37.7,156.5,217.7,6.1,10150.0,247.3
2018-06-23T13:41:32,37.5,156.5,216.5,6.2,10170.0,245.4
2018-06-23T13:42:03,37.5,157.7,217.7,6.1,10190.0,247.3
2018-06-23T13:42:34,37.5,158.3,216.5,6.0,10210.0,250.2
2018-06-23T13:43:05,37.4,158.9,219.4,6.0,10220.0,249.3
2018-06-23T13:43:36,37.2,149.4,214.7,6.3,10240.0,247.3
2018-06-23T13:44:07,37.2,155.3,223.0,6.1,10260.0,248.3
2018-06-23T13:44:38,37.2,154.7,224.8,6.1,10280.0,248.3
2018-06-23T13:45:09,37.2,152.4,212.3,6.4,10300.0,248.3
2018-06-23T13:45:41,37.2,152.4,216.5,6.2,10310.0,249.3
2018-06-23T13:46:12,37.2,155.3,217.7,6.1,10330.0,248.3
2018-06-23T13:46:43,37.4,151.8,217.1,6.2,10350.0,248.3
2018-06-23T13:47:14,37.5,158.9,215.3,5.9,10370.0,249.3
2018-06-23T13:47:45,37.6,155.3,218.8,6.2,10390.0,249.3
2018-06-23T13:48:16,37.6,152.9,224.8,6.2,10400.0,249.3
2018-06-23T13:48:47,37.7,151.8,221.2,6.2,10420.0,249.3
2018-06-23T13:49:18,37.8,147.6,218.3,6.4,10440.0,248.3
2018-06-23T13:49:49,37.8,149.4,212.9,6.3,10460.0,247.3
2018-06-23T13:50:20,37.9,152.9,212.3,6.2,10480.0,247.3
2018-06-23T13:50:51,37.8,150.0,214.1,6.2,10490.0,249.3
2018-06-23T13:51:23,37.7,156.5,218.8,5.9,10510.0,249.3
2018-06-23T13:51:54,37.8,158.3,218.3,5.9,10530.0,250.2
2018-06-23T13:52:25,37.9,158.9,215.9,5.8,10550.0,248.3
2018-06-23T13:52:56,37.9,153.5,218.3,6.1,10560.0,249.3
2018-06-23T13:53:27,38.0,154.1,222.4,6.0,10580.0,248.3
2018-06-23T13:53:58,38.0,157.1,220.0,5.9,10600.0,247.3
2018-06-23T13:54:29,38.0,151.2,219.4,6.2,10620.0,248.3
2018-06-23T13:55:00,38.0,151.8,221.2,6.2,10640.0,248.3
2018-06-23T13:55:31,38.0,157.7,218.3,5.9,10650.0,247.3
2018-06-23T13:56:03,38.0,154.1,216.5,6.0,10670.0,248.3
2018-06-23T13:56:34,38.2,155.3,213.5,5.9,10690.0,249.3
2018-06-23T13:57:05,38.0,152.9,211.2,6.1,10710.0,250.2
2018-06-23T13:57:36,37.9,154.7,212.3,5.5,10720.0,249.3
2018-06-23T13:58:07,37.7,140.5,211.7,6.2,10740.0,249.3
2018-06-23T13:58:38,37.5,144.1,213.5,6.1,10760.0,248.3
2018-06-23T13:59:09,37.6,144.1,211.2,6.1,10770.0,249.3
2018-06-23T13:59:40,37.7,157.7,212.3,5.7,10790.0,249.3
2018-06-23T14:00:11,37.8,165.9,211.2,5.2,10810.0,248.3
2018-06-23T14:00:42,37.8,162.4,211.7,5.1,10830.0,249.3
2018-06-23T14:01:14,37.8,173.6,215.3,4.4,10840.0,248.3
2018-06-23T14:01:45,37.7,176.0,215.9,4.0,10860.0,248.3
2018-06-23T14:02:16,37.6,172.4,213.5,4.2,10870.0,248.3
2018-06-23T14:02:47,37.4,173.6,215.9,4.2,10890.0,247.3
2018-06-23T14:03:18,37.2,176.6,215.9,3.7,10900.0,248.3
2018-06-23T14:03:49,37.2,176.0,222.4,3.8,10920.0,248.3
2018-06-23T14:04:20,37.2,178.9,220.6,3.7,10930.0,249.3
2018-06-23T14:04:51,37.4,171.3,218.3,4.0,10950.0,248.3
2018-06-23T14:05:22,37.4,142.9,219.4,5.9,10970.0,248.3
2018-06-23T14:05:53,37.5,141.7,221.2,6.1,10980.0,249.3
2018-06-23T14:06:25,37.6,138.8,223.0,6.1,11000.0,248.3
2018-06-23T14:06:56,37.6,140.5,219.4,6.1,11020.0,247.3
2018-06-23T14:07:27,37.7,144.1,214.7,5.9,11030.0,248.3
2018-06-23T14:07:58,37.7,144.7,215.3,5.8,11050.0,248.3
2018-06-23T14:08:29,37.8,145.3,216.5,5.9,11070.0,248.3
2018-06-23T14:09:00,37.8,146.4,211.2,5.8,11080.0,247.3
2018-06-23T14:09:31,37.9,147.6,215.9,5.7,11100.0,249.3
2018-06-23T14:10:02,37.9,148.8,215.3,5.7,11120.0,248.3
2018-06-23T14:10:33,37.9,144.7,220.0,5.8,11130.0,247.3
2018-06-23T14:11:05,37.9,141.1,224.2,5.9,11150.0,248.3
2018-06-23T14:11:36,37.9,139.4,218.8,6.0,11170.0,247.3
2018-06-23T14:12:07,38.0,150.0,212.3,5.6,11180.0,249.3
2018-06-23T14:12:38,38.0,154.1,217.7,5.1,11200.0,249.3
2018-06-23T14:13:09,38.0,151.2,217.1,5.3,11220.0,248.3
2018-06-23T14:13:40,38.0,158.3,215.3,4.7,11230.0,248.3
2018-06-23T14:14:11,38.0,156.5,215.9,4.6,11250.0,249.3
2018-06-23T14:14:42,38.0,157.1,214.1,4.3,11260.0,247.3
2018-06-23T14:15:13,38.0,163.0,215.3,4.1,11280.0,247.3
2018-06-23T14:15:44,38.0,156.5,215.9,4.0,11290.0,246.4
2018-06-23T14:16:16,38.0,161.2,218.8,3.8,11310.0,246.4
2018-06-23T14:16:47,38.0,167.7,214.7,3.4,11320.0,246.4
2018-06-23T14:17:18,38.0,163.6,218.8,4.0,11340.0,247.3
2018-06-23T14:17:49,38.0,162.4,220.6,3.6,11350.0,246.4
2018-06-23T14:18:20,38.0,132.9,219.4,5.8,11370.0,247.3
2018-06-23T14:18:51,37.9,138.8,221.2,5.6,11380.0,247.3
2018-06-23T14:19:22,37.9,137.0,220.6,5.6,11400.0,249.3
2018-06-23T14:19:53,38.0,131.7,218.8,5.8,11410.0,247.3
2018-06-23T14:20:24,37.9,140.5,217.7,5.3,11430.0,247.3
2018-06-23T14:20:55,37.9,138.8,214.1,5.5,11450.0,246.4
2018-06-23T14:21:26,37.9,140.0,216.5,5.5,11460.0,248.3
2018-06-23T14:21:57,37.9,142.9,216.5,5.2,11480.0,247.3
2018-06-23T14:22:28,37.9,145.9,215.9,5.0,11490.0,247.3
2018-06-23T14:22:59,38.0,140.5,223.6,5.1,11510.0,247.3
2018-06-23T14:23:30,37.9,147.6,221.8,4.7,11520.0,248.3
2018-06-23T14:24:01,37.9,151.2,222.4,4.4,11540.0,246.4
2018-06-23T14:24:32,37.9,151.2,224.2,4.6,11550.0,247.3
2018-06-23T14:25:03,38.0,153.5,218.8,4.5,11570.0,247.3
2018-06-23T14:25:35,37.9,142.9,220.6,4.5,11580.0,248.3
2018-06-23T14:26:06,37.9,139.4,217.1,5.1,11600.0,248.3
2018-06-23T14:26:37,37.8,143.5,220.0,5.1,11610.0,248.3
2018-06-23T14:27:08,37.8,141.1,221.2,5.1,11630.0,248.3
2018-06-23T14:27:39,37.8,135.2,220.6,5.2,11640.0,248.3
2018-06-23T14:28:10,37.8,134.6,219.4,5.7,11660.0,248.3
2018-06-23T14:28:41,37.9,138.8,215.9,5.5,11670.0,248.3
2018-06-23T14:29:12,37.9,140.0,218.3,5.3,11690.0,246.4
2018-06-23T14:29:43,37.9,138.8,214.1,5.5,11710.0,246.4
2018-06-23T14:30:14,37.5,138.8,213.5,5.5,11720.0,246.4
2018-06-23T14:30:46,37.4,138.2,216.5,5.5,11740.0,247.3
2018-06-23T14:31:17,37.4,134.6,213.5,5.6,11750.0,247.3
2018-06-23T14:31:48,37.4,131.1,214.1,5.6,11770.0,247.3
2018-06-23T14:32:19,37.4,132.3,214.7,5.6,11780.0,246.4
2018-06-23T14:32:50,37.4,135.8,215.3,5.5,11800.0,246.4
2018-06-23T14:33:21,37.5,137.0,220.0,5.5,11810.0,246.4
2018-06-23T14:33:52,37.5,134.6,222.4,5.6,11830.0,247.3
2018-06-23T14:34:23,37.4,135.2,219.4,5.5,11840.0,246.4
2018-06-23T14:34:54,37.4,139.4,218.3,5.4,11860.0,246.4
2018-06-23T14:35:25,37.5,140.0,221.2,5.2,11870.0,248.3
2018-06-23T14:35:57,37.5,135.8,219.4,5.5,11890.0,247.3
2018-06-23T14:36:28,37.6,120.5,219.4,5.7,11900.0,247.3
2018-06-23T14:36:59,37.5,123.4,223.6,5.4,11920.0,246.4
2018-06-23T14:37:30,36.9,118.1,223.0,5.4,11930.0,247.3
2018-06-23T14:38:01,36.4,116.9,217.7,5.6,11950.0,247.3
2018-06-23T14:38:32,36.3,128.7,221.8,5.3,11960.0,247.3
2018-06-23T14:39:03,36.4,124.6,213.5,5.5,11980.0,247.3
2018-06-23T14:39:34,36.5,129.9,221.2,5.3,11990.0,247.3
2018-06-23T14:40:05,36.7,124.0,224.2,5.1,12010.0,247.3
2018-06-23T14:40:36,36.5,125.8,225.9,5.1,12020.0,248.3
2018-06-23T14:41:08,36.4,122.2,221.2,5.2,12030.0,248.3
2018-06-23T14:41:39,36.3,116.9,220.0,5.4,12050.0,247.3
2018-06-23T14:42:10,36.4,119.3,221.2,5.2,12060.0,247.3
2018-06-23T14:42:41,36.5,121.0,221.2,5.1,12080.0,248.3
2018-06-23T14:43:12,36.7,121.6,219.4,5.1,12090.0,248.3
2018-06-23T14:43:43,36.7,115.1,217.1,5.4,12100.0,247.3
2018-06-23T14:44:14,36.8,119.3,220.0,5.1,12120.0,247.3
2018-06-23T14:44:45,36.9,118.1,216.5,5.3,12130.0,248.3
2018-06-23T14:45:16,37.0,113.4,221.8,5.4,12150.0,248.3
2018-06-23T14:45:47,37.0,121.6,226.5,5.0,12160.0,247.3
2018-06-23T14:46:19,37.1,119.9,225.9,5.1,12170.0,247.3
2018-06-23T14:46:50,37.1,116.9,220.0,5.2,12190.0,245.4
2018-06-23T14:47:21,37.2,117.5,217.7,5.3,12200.0,247.3
2018-06-23T14:47:52,37.2,119.3,216.5,5.1,12210.0,246.4
2018-06-23T14:48:23,37.2,118.1,221.8,4.9,12230.0,247.3
2018-06-23T14:48:54,37.4,123.4,215.9,4.6,12240.0,247.3
2018-06-23T14:49:25,37.4,127.5,214.1,4.2,12250.0,246.4
2018-06-23T14:49:56,37.1,128.1,218.8,3.6,12270.0,246.4
2018-06-23T14:50:27,36.9,128.1,227.1,3.1,12280.0,247.3
2018-06-23T14:50:58,36.7,130.5,221.8,3.2,12290.0,246.4
2018-06-23T14:51:30,36.7,128.1,212.9,3.2,12300.0,246.4
2018-06-23T14:52:01,36.7,135.8,221.2,2.8,12310.0,247.3
2018-06-23T14:52:32,36.8,135.2,225.4,2.4,12330.0,247.3
2018-06-23T14:53:03,36.8,141.7,227.1,1.9,12340.0,245.4
2018-06-23T14:53:34,36.7,145.9,221.2,1.5,12350.0,246.4
2018-06-23T14:54:05,36.4,141.7,215.9,1.4,12360.0,246.4
2018-06-23T14:54:36,36.2,148.8,215.3,1.4,12370.0,246.4
2018-06-23T14:55:07,36.2,142.9,221.2,1.5,12380.0,245.4
2018-06-23T14:55:38,36.2,141.1,225.9,1.3,12390.0,246.4
2018-06-23T14:56:10,36.3,108.1,223.6,4.9,12400.0,246.4
2018-06-23T14:56:41,36.3,111.6,220.6,4.7,12410.0,245.4
2018-06-23T14:57:12,36.3,109.2,215.3,4.5,12430.0,247.3
2018-06-23T14:57:43,36.2,114.6,228.9,4.3,12440.0,247.3
2018-06-23T14:58:14,36.2,118.1,224.2,2.8,12450.0,247.3
2018-06-23T14:58:45,36.1,113.4,228.3,4.0,12460.0,247.3
2018-06-23T14:59:16,36.2,122.2,225.4,3.1,12470.0,247.3
2018-06-23T14:59:47,36.2,102.7,223.0,4.7,12490.0,247.3
2018-06-23T15:00:18,36.1,103.9,224.2,4.5,12500.0,248.3
2018-06-23T15:00:49,36.0,102.7,224.8,4.7,12510.0,247.3
2018-06-23T15:01:20,35.9,102.7,216.5,4.7,12520.0,247.3
2018-06-23T15:01:51,36.0,103.9,220.6,4.6,12530.0,246.4
2018-06-23T15:02:22,36.1,103.9,221.2,4.6,12550.0,247.3
2018-06-23T15:02:53,36.2,102.7,226.5,4.6,12560.0,247.3
2018-06-23T15:03:24,36.2,102.7,225.9,4.6,12570.0,247.3
2018-06-23T15:03:55,36.3,105.1,218.3,4.5,12580.0,247.3
2018-06-23T15:04:26,36.3,103.9,228.3,4.5,12590.0,247.3
2018-06-23T15:04:57,36.4,102.1,224.8,4.6,12610.0,247.3
2018-06-23T15:05:28,36.5,104.5,217.7,4.5,12620.0,247.3
2018-06-23T15:06:00,36.5,102.7,224.8,4.7,12630.0,246.4
2018-06-23T15:06:31,36.5,103.9,223.0,4.5,12640.0,246.4
2018-06-23T15:07:02,36.5,104.5,221.8,4.2,12650.0,246.4
2018-06-23T15:07:33,36.5,105.1,220.0,4.2,12670.0,247.3
2018-06-23T15:08:04,36.5,103.9,221.2,4.5,12680.0,247.3
2018-06-23T15:08:35,36.5,103.3,231.3,4.5,12690.0,246.4
2018-06-23T15:09:06,36.5,102.7,223.6,4.5,12700.0,247.3
2018-06-23T15:09:37,36.5,106.3,230.1,4.2,12710.0,246.4
2018-06-23T15:10:08,36.5,102.7,231.9,4.4,12720.0,248.3
2018-06-23T15:10:39,36.7,104.5,225.9,4.0,12740.0,246.4
2018-06-23T15:11:11,36.4,105.7,225.9,3.8,12750.0,246.4
2018-06-23T15:11:42,36.4,111.0,225.9,3.5,12760.0,247.3
2018-06-23T15:12:13,36.4,109.2,222.4,3.2,12770.0,245.4
2018-06-23T15:12:44,36.3,108.6,219.4,3.5,12780.0,246.4
2018-06-23T15:13:15,36.3,108.6,222.4,3.5,12790.0,247.3
2018-06-23T15:13:46,36.3,107.5,227.1,3.3,12800.0,245.4
2018-06-23T15:14:17,36.3,111.0,228.9,3.1,12810.0,245.4
2018-06-23T15:14:48,36.2,111.6,227.1,3.3,12820.0,245.4
2018-06-23T15:15:19,36.3,107.5,231.3,3.3,12830.0,246.4
2018-06-23T15:15:50,36.3,111.0,217.7,3.1,12850.0,245.4
2018-06-23T15:16:22,36.4,106.3,221.2,3.2,12860.0,246.4
2018-06-23T15:16:53,36.4,108.6,224.2,3.0,12870.0,246.4
2018-06-23T15:17:24,36.4,108.1,225.9,3.0,12880.0,245.4
2018-06-23T15:17:55,36.5,112.8,229.5,2.8,12890.0,246.4
2018-06-23T15:18:26,36.5,108.6,229.5,2.7,12900.0,247.3
2018-06-23T15:18:57,36.5,113.4,227.1,2.4,12910.0,246.4
2018-06-23T15:19:28,36.7,110.4,223.0,2.4,12920.0,246.4
2018-06-23T15:19:59,36.7,109.8,218.3,2.3,12930.0,247.3
2018-06-23T15:20:30,36.7,109.2,221.8,2.3,12940.0,246.4
2018-06-23T15:21:01,36.7,108.1,228.3,2.2,12940.0,246.4
2018-06-23T15:21:32,36.7,113.4,229.5,2.1,12950.0,246.4
2018-06-23T15:22:03,36.7,111.6,223.0,1.9,12960.0,245.4
2018-06-23T15:22:34,36.7,117.5,216.5,1.6,12970.0,245.4
2018-06-23T15:23:05,36.7,111.6,220.0,1.6,12980.0,245.4
2018-06-23T15:23:36,36.7,109.8,228.9,1.5,12990.0,245.4
2018-06-23T15:24:07,36.7,105.1,225.9,1.5,13000.0,244.4
2018-06-23T15:24:38,36.5,120.5,215.3,1.0,13010.0,244.4
2018-06-23T15:25:09,36.4,105.7,223.0,1.4,13010.0,244.4
2018-06-23T15:25:41,36.5,106.9,227.1,1.1,13020.0,245.4
2018-06-23T15:26:12,36.4,107.5,225.4,0.9,13030.0,244.4
2018-06-23T15:26:43,36.1,105.1,218.8,1.0,13040.0,245.4
2018-06-23T15:27:14,36.1,106.3,221.8,1.0,13050.0,243.5
2018-06-23T15:27:45,36.1,102.7,223.6,1.0,13050.0,245.4
2018-06-23T15:28:16,36.1,102.1,230.1,0.9,13060.0,245.4
2018-06-23T15:28:47,36.1,103.3,224.2,0.9,13070.0,245.4
2018-06-23T15:29:18,35.9,109.2,218.3,0.8,13080.0,244.4
2018-06-23T15:29:49,35.7,118.1,220.6,0.7,13090.0,244.4
2018-06-23T15:30:20,35.9,137.6,227.7,0.5,13090.0,245.4
2018-06-23T15:30:51,35.9,159.4,230.1,0.5,13100.0,246.4
2018-06-23T15:31:23,35.9,181.9,225.9,0.5,13110.0,244.4
2018-06-23T15:31:54,36.0,204.3,224.2,0.4,13120.0,245.4
2018-06-23T15:32:25,36.0,225.6,218.3,0.4,13120.0,246.4
2018-06-23T15:32:56,36.1,217.9,224.8,0.4,13130.0,244.4
2018-06-23T15:33:27,36.1,197.8,230.1,0.5,13140.0,244.4
2018-06-23T15:33:58,36.1,208.5,225.4,0.4,13150.0,245.4
2018-06-23T15:34:29,36.0,228.6,222.4,0.4,13150.0,245.4
2018-06-23T15:35:00,36.1,215.0,221.2,0.4,13160.0,245.4
2018-06-23T15:35:31,36.1,194.9,225.4,0.5,13170.0,245.4
2018-06-23T15:36:03,36.1,206.1,230.1,0.4,13180.0,245.4
2018-06-23T15:36:34,36.2,194.9,223.6,0.4,13180.0,246.4
2018-06-23T15:37:05,36.2,206.7,229.5,0.4,13190.0,247.3
2018-06-23T15:37:36,36.2,203.7,221.2,0.5,13200.0,244.4
2018-06-23T15:38:07,36.2,194.9,221.2,0.5,13210.0,245.4
2018-06-23T15:38:38,36.2,215.0,230.1,0.4,13210.0,244.4
2018-06-23T15:39:09,36.2,230.9,227.1,0.3,13220.0,246.4
2018-06-23T15:39:40,36.2,207.9,223.0,0.4,13230.0,244.4
2018-06-23T15:40:11,36.2,187.8,222.4,0.5,13230.0,244.4
2018-06-23T15:40:42,36.2,180.7,231.9,0.4,13240.0,245.4
2018-06-23T15:41:13,36.2,202.6,227.1,0.5,13250.0,244.4
2018-06-23T15:41:44,36.2,223.8,222.4,0.4,13260.0,244.4
2018-06-23T15:42:15,36.2,219.7,223.6,0.4,13260.0,243.5
2018-06-23T15:42:47,36.2,199.0,228.3,0.4,13270.0,244.4
2018-06-23T15:43:18,36.2,178.3,228.3,0.5,13280.0,244.4
2018-06-23T15:43:49,36.2,196.7,224.2,0.5,13280.0,244.4
2018-06-23T15:44:20,36.2,217.3,221.2,0.4,13290.0,243.5
2018-06-23T15:44:51,36.2,224.4,225.4,0.4,13300.0,245.4
2018-06-23T15:45:22,36.2,204.3,224.2,0.4,13300.0,244.4
2018-06-23T15:45:57,36.1,203.2,227.1,0.4,13310.0,245.4
2018-06-23T15:46:29,36.1,225.0,225.4,0.4,13320.0,243.5
2018-06-23T15:47:00,36.1,225.0,223.6,0.3,13320.0,244.4
2018-06-23T15:47:31,36.1,204.3,223.0,0.4,13330.0,243.5
2018-06-23T15:48:02,36.1,187.8,226.5,0.4,13340.0,243.5
2018-06-23T15:48:33,36.2,207.3,228.3,0.4,13340.0,243.5
2018-06-23T15:49:04,36.1,186.6,227.7,0.5,13350.0,241.5
2018-06-23T15:49:35,36.1,176.0,216.5,0.5,13360.0,242.5
2018-06-23T15:50:06,36.1,197.8,222.4,0.4,13360.0,242.5
2018-06-23T15:50:37,36.1,219.7,225.4,0.4,13370.0,242.5
2018-06-23T15:51:08,36.1,224.4,222.4,0.4,13380.0,244.4
2018-06-23T15:51:39,36.1,203.2,228.9,0.4,13380.0,244.4
2018-06-23T15:52:10,36.1,187.8,214.7,0.4,13390.0,244.4
2018-06-23T15:52:41,36.0,168.9,232.4,0.4,13390.0,242.5
2018-06-23T15:53:12,36.0,189.6,229.5,0.4,13400.0,244.4
2018-06-23T15:53:43,36.0,211.4,224.8,0.3,13410.0,244.4
2018-06-23T15:54:14,36.0,230.3,227.1,0.3,13410.0,243.5
2018-06-23T15:54:45,35.9,210.2,227.1,0.4,13420.0,244.4
2018-06-23T15:55:16,35.9,196.1,230.7,0.4,13420.0,243.5
2018-06-23T15:55:48,36.0,216.2,229.5,0.3,13430.0,243.5
2018-06-23T15:56:19,36.0,225.0,223.6,0.4,13440.0,244.4
2018-06-23T15:56:50,35.9,204.9,228.9,0.3,13440.0,242.5
2018-06-23T15:57:21,35.9,196.7,230.1,0.4,13450.0,243.5
2018-06-23T15:57:52,35.7,217.9,231.9,0.3,13450.0,243.5
2018-06-23T15:58:23,35.7,225.0,224.2,0.4,13460.0,242.5
2018-06-23T15:58:54,35.7,204.3,223.6,0.3,13470.0,243.5
2018-06-23T15:59:25,35.6,189.0,232.4,0.4,13470.0,242.5
2018-06-23T15:59:56,35.6,211.4,225.4,0.3,13480.0,242.5
2018-06-23T16:00:27,35.7,230.3,224.8,0.3,13480.0,243.5
2018-06-23T16:00:59,35.7,226.8,233.0,0.3,13490.0,243.5
2018-06-23T16:01:30,35.7,220.9,230.1,0.3,13490.0,242.5
2018-06-23T16:02:01,35.7,201.4,227.1,0.4,13500.0,243.5
2018-06-23T16:02:32,35.7,196.1,220.6,0.4,13510.0,244.4
2018-06-23T16:03:03,35.7,217.9,228.3,0.3,13510.0,244.4
2018-06-23T16:03:34,35.7,225.6,232.4,0.3,13520.0,243.5
2018-06-23T16:04:05,35.6,204.9,218.8,0.4,13520.0,243.5
2018-06-23T16:04:36,35.7,196.7,227.7,0.4,13530.0,242.5
2018-06-23T16:05:07,35.7,217.9,234.8,0.4,13530.0,242.5
2018-06-23T16:05:39,35.6,223.2,234.2,0.4,13540.0,243.5
2018-06-23T16:06:10,35.6,225.6,222.4,0.3,13540.0,243.5
2018-06-23T16:06:41,35.6,215.6,223.0,0.4,13550.0,244.4
2018-06-23T16:07:12,35.6,202.6,225.9,0.4,13550.0,243.5
2018-06-23T16:07:43,35.6,225.0,234.2,0.3,13560.0,243.5
2018-06-23T16:08:14,35.6,219.1,222.4,0.3,13560.0,243.5
2018-06-23T16:08:45,35.6,199.0,225.9,0.4,13570.0,243.5
2018-06-23T16:09:16,35.6,184.3,234.8,0.4,13570.0,242.5
2018-06-23T16:09:47,35.5,199.6,225.4,0.4,13580.0,242.5
2018-06-23T16:10:18,35.5,180.1,233.6,0.4,13580.0,243.5
2018-06-23T16:10:49,35.5,170.7,234.2,0.4,13590.0,242.5
2018-06-23T16:11:21,35.5,191.3,224.2,0.4,13590.0,242.5
2018-06-23T16:11:52,35.5,181.3,227.1,0.4,13600.0,242.5
2018-06-23T16:12:23,35.5,176.0,236.0,0.4,13600.0,242.5
2018-06-23T16:12:54,35.5,196.7,223.0,0.3,13610.0,242.5
2018-06-23T16:13:25,35.5,186.6,225.4,0.4,13610.0,242.5
2018-06-23T16:13:56,35.4,207.9,228.9,0.3,13620.0,242.5
2018-06-23T16:14:27,35.4,228.6,227.7,0.3,13620.0,242.5
2018-06-23T16:14:58,35.4,217.9,225.4,0.4,13630.0,242.5
2018-06-23T16:15:29,35.4,209.1,230.7,0.4,13630.0,242.5
2018-06-23T16:16:00,35.4,230.9,233.0,0.3,13640.0,241.5
2018-06-23T16:16:31,35.3,214.4,224.8,0.3,13640.0,242.5
2018-06-23T16:17:02,35.3,194.3,236.0,0.4,13650.0,242.5
2018-06-23T16:17:33,35.3,209.1,229.5,0.3,13650.0,242.5
2018-06-23T16:18:04,35.3,230.3,226.5,0.3,13660.0,242.5
2018-06-23T16:18:35,35.3,216.2,238.4,0.3,13660.0,242.5
2018-06-23T16:19:06,35.3,196.7,221.2,0.4,13660.0,245.4
2018-06-23T16:19:37,35.3,176.0,231.3,0.4,13670.0,244.4
2018-06-23T16:20:08,35.3,153.5,233.6,0.5,13670.0,243.5
2018-06-23T16:20:40,35.3,131.7,234.8,0.7,13680.0,242.5
2018-06-23T16:21:11,35.3,106.9,228.3,1.2,13680.0,243.5
2018-06-23T16:21:42,35.2,114.0,220.6,1.0,13690.0,243.5
2018-06-23T16:22:13,35.3,114.0,230.7,0.9,13690.0,243.5
2018-06-23T16:22:44,35.2,115.7,235.4,1.0,13700.0,242.5
2018-06-23T16:23:15,35.2,114.6,232.4,1.0,13700.0,243.5
2018-06-23T16:23:46,35.2,102.7,225.9,1.4,13710.0,242.5
2018-06-23T16:24:17,35.2,102.7,234.8,1.4,13710.0,242.5
2018-06-23T16:24:48,35.2,109.2,227.7,1.5,13710.0,242.5
2018-06-23T16:25:19,35.2,108.6,237.8,1.4,13720.0,242.5
2018-06-23T16:25:51,35.2,109.2,228.9,1.5,13720.0,243.5
2018-06-23T16:26:22,35.2,105.7,234.8,1.6,13730.0,243.5
2018-06-23T16:26:53,35.2,111.6,233.0,1.4,13730.0,244.4
2018-06-23T16:27:24,35.2,111.6,242.5,1.4,13740.0,242.5
2018-06-23T16:27:55,35.2,121.6,245.5,1.2,13740.0,242.5
2018-06-23T16:28:26,35.2,122.2,243.7,1.1,13740.0,242.5
2018-06-23T16:28:57,35.2,138.2,236.6,0.8,13750.0,242.5
2018-06-23T16:29:28,35.0,144.7,221.2,0.6,13750.0,243.5
2018-06-23T16:29:59,35.0,144.1,201.1,0.5,13750.0,242.5
2018-06-23T16:30:30,35.0,163.6,197.5,0.4,13750.0,242.5
2018-06-23T16:31:01,35.0,174.2,185.7,0.3,13750.0,243.5
2018-06-23T16:31:32,35.0,153.5,188.1,0.4,13760.0,242.5
2018-06-23T16:32:03,35.0,141.7,172.7,0.3,13760.0,243.5
2018-06-23T16:32:34,34.9,161.8,171.5,0.3,13760.0,243.5
2018-06-23T16:33:05,34.9,184.3,160.3,0.3,13760.0,242.5
2018-06-23T16:33:36,34.9,204.9,158.5,0.2,13760.0,243.5
2018-06-23T16:34:07,34.9,220.9,146.1,0.2,13760.0,241.5
2018-06-23T16:34:38,34.9,198.4,146.1,0.2,13760.0,243.5
2018-06-23T16:35:09,34.8,184.8,167.4,0.3,13760.0,244.4
2018-06-23T16:35:41,34.8,206.7,188.7,0.2,13760.0,243.5
2018-06-23T16:36:12,34.8,218.5,210.0,0.2,13760.0,243.5
2018-06-23T16:36:43,34.8,196.1,231.3,0.3,13760.0,243.5
2018-06-23T16:37:14,34.8,176.0,232.4,0.2,13760.0,242.5
2018-06-23T16:37:45,34.8,198.4,211.7,0.2,13760.0,243.5
2018-06-23T16:38:16,34.7,219.7,189.9,0.2,13770.0,242.5
2018-06-23T16:38:47,34.7,199.6,180.4,0.2,13770.0,243.5
2018-06-23T16:39:18,34.7,178.3,201.1,0.2,13770.0,242.5
2018-06-23T16:39:49,34.6,191.3,223.0,0.2,13770.0,241.5
2018-06-23T16:40:20,34.6,212.0,242.5,0.2,13770.0,244.4
2018-06-23T16:40:52,34.5,209.7,221.2,0.2,13770.0,244.4
2018-06-23T16:41:23,34.5,188.4,200.5,0.2,13770.0,243.5
2018-06-23T16:41:54,34.5,187.8,192.8,0.2,13770.0,241.5
2018-06-23T16:42:25,34.5,209.1,174.5,0.2,13770.0,244.4
2018-06-23T16:42:56,34.5,217.9,195.2,0.2,13770.0,243.5
2018-06-23T16:43:27,34.4,195.5,214.7,0.2,13770.0,241.5
2018-06-23T16:43:58,34.4,176.0,236.6,0.2,13770.0,243.5
2018-06-23T16:44:29,34.4,189.0,224.8,0.2,13770.0,242.5
2018-06-23T16:45:00,34.2,209.7,203.5,0.2,13770.0,242.5
2018-06-23T16:45:32,34.2,212.0,181.6,0.2,13770.0,242.5
2018-06-23T16:46:08,34.2,189.0,207.0,0.2,13770.0,242.5
2018-06-23T16:46:39,34.1,167.7,228.3,0.2,13770.0,241.5
2018-06-23T16:47:10,34.1,147.0,218.8,0.2,13770.0,243.5
2018-06-23T16:47:41,34.1,124.6,197.5,0.3,13770.0,241.5
2018-06-23T16:48:12,34.0,105.1,176.8,0.4,13770.0,242.5
2018-06-23T16:48:43,33.9,119.3,191.6,0.3,13780.0,242.5
2018-06-23T16:49:14,33.9,111.6,203.5,0.4,13780.0,242.5
2018-06-23T16:49:45,33.9,107.5,183.9,0.5,13780.0,244.4
2018-06-23T16:50:16,33.8,106.9,168.0,0.5,13780.0,244.4
2018-06-23T16:50:48,33.8,117.5,189.9,0.5,13780.0,245.4
2018-06-23T16:51:19,33.7,114.0,210.0,0.4,13780.0,244.4
2018-06-23T16:51:50,33.7,119.3,230.7,0.3,13780.0,244.4
2018-06-23T16:52:21,33.5,124.0,217.1,0.2,13780.0,244.4
2018-06-23T16:52:52,33.5,130.5,197.5,0.1,13780.0,244.4
2018-06-23T16:53:23,33.4,151.8,176.8,0.1,13780.0,244.4
2018-06-23T16:53:54,33.4,171.3,176.8,0.1,13780.0,245.4
2018-06-23T16:54:25,33.4,172.4,197.0,0.0,13780.0,245.4
2018-06-23T16:54:56,33.3,150.6,220.0,0.1,13780.0,245.4
2018-06-23T16:55:27,33.3,167.1,216.5,0.1,13780.0,244.4
2018-06-23T16:55:58,33.2,190.2,194.0,0.0,13780.0,244.4
2018-06-23T16:56:30,33.2,204.3,173.9,0.0,13780.0,244.4
2018-06-23T16:57:01,33.1,203.7,151.4,0.0,13780.0,244.4
2018-06-23T16:57:32,33.1,182.5,132.5,0.1,13780.0,245.4
2018-06-23T16:58:03,33.0,165.4,111.2,0.0,13780.0,245.4
2018-06-23T16:58:34,33.0,141.7,111.8,0.0,13780.0,246.4
2018-06-23T16:59:05,32.9,143.5,133.7,0.0,13780.0,244.4
2018-06-23T16:59:36,32.9,163.6,152.6,0.1,13780.0,245.4
2018-06-23T17:00:07,32.7,184.8,176.2,0.0,13780.0,246.4
2018-06-23T17:00:38,32.7,196.7,195.8,0.0,13780.0,245.4
2018-06-23T17:01:10,32.6,164.8,202.3,0.0,13780.0,244.4
2018-06-23T17:01:41,32.5,146.4,157.9,0.0,13780.0,245.4
2018-06-23T17:02:12,32.5,170.7,175.7,0.2,13780.0,245.4
2018-06-23T17:02:43,32.5,192.5,210.0,0.0,13780.0,244.4
2018-06-23T17:03:14,32.4,191.3,207.0,0.0,13780.0,244.4
2018-06-23T17:03:45,32.3,190.2,203.5,0.0,13780.0,244.4
2018-06-23T17:04:16,32.3,189.0,198.7,0.0,13780.0,244.4
2018-06-23T17:04:47,32.3,187.8,192.8,0.0,13780.0,244.4
2018-06-23T17:05:18,32.2,186.6,191.0,0.0,13780.0,243.5
2018-06-23T17:05:49,32.2,184.3,186.3,0.0,13780.0,242.5
2018-06-23T17:06:21,32.0,146.4,183.3,0.0,13780.0,242.5
2018-06-23T17:06:52,32.0,172.4,172.7,0.0,13780.0,242.5
2018-06-23T17:07:23,31.9,165.9,166.2,0.0,13780.0,241.5
2018-06-23T17:07:54,31.9,155.9,156.1,0.0,13780.0,241.5
2018-06-23T17:08:25,31.8,140.5,140.8,0.0,13780.0,242.5
2018-06-23T17:08:56,31.8,109.8,110.0,0.0,13780.0,242.5
