2018-06-25T06:55:28,4.8,223.8,260.3,0.0,0.0,241.5
2018-06-25T06:55:59,4.8,224.4,260.8,0.0,0.0,239.6
2018-06-25T06:56:31,4.8,225.0,261.4,0.0,0.0,239.6
2018-06-25T06:57:02,4.8,220.3,262.6,0.0,0.0,239.6
2018-06-25T06:57:33,4.8,219.7,262.6,0.0,0.0,240.6
2018-06-25T06:58:04,5.2,203.2,248.4,0.1,0.0,240.6
2018-06-25T06:58:35,5.2,187.2,224.8,0.1,0.0,240.6
2018-06-25T06:59:06,5.2,167.7,207.0,0.1,0.0,239.6
2018-06-25T06:59:37,5.2,145.9,186.9,0.1,0.0,240.6
2018-06-25T07:00:08,5.2,125.8,165.6,0.1,0.0,240.6
2018-06-25T07:00:39,5.2,133.5,145.5,0.1,0.0,241.5
2018-06-25T07:01:11,5.2,156.5,123.6,0.1,0.0,240.6
2018-06-25T07:01:42,5.2,177.2,132.5,0.1,0.0,241.5
2018-06-25T07:02:13,5.2,199.0,154.9,0.1,0.0,240.6
2018-06-25T07:02:44,5.2,217.9,175.7,0.1,0.0,239.6
2018-06-25T07:03:15,5.2,210.2,197.5,0.1,0.0,241.5
2018-06-25T07:03:46,5.2,189.0,218.8,0.1,0.0,241.5
2018-06-25T07:04:17,5.2,168.9,239.5,0.1,0.0,242.5
2018-06-25T07:04:48,5.2,161.8,249.6,0.1,0.0,241.5
2018-06-25T07:05:19,5.2,183.1,227.7,0.1,0.0,241.5
2018-06-25T07:05:50,5.2,205.5,208.2,0.1,0.0,240.6
2018-06-25T07:06:22,5.6,220.9,186.3,0.1,0.0,240.6
2018-06-25T07:06:53,5.6,199.6,165.6,0.1,0.0,241.5
2018-06-25T07:07:24,5.6,178.3,164.4,0.1,0.0,241.5
2018-06-25T07:07:55,5.6,158.3,186.9,0.1,0.0,242.5
2018-06-25T07:08:26,5.6,171.9,208.2,0.2,0.0,242.5
2018-06-25T07:08:57,5.6,193.1,210.6,0.1,0.0,240.6
2018-06-25T07:09:28,5.6,212.0,189.3,0.1,0.0,241.5
2018-06-25T07:09:59,5.6,213.2,171.5,0.1,0.0,240.6
2018-06-25T07:10:30,5.6,192.5,191.0,0.2,0.0,240.6
2018-06-25T07:11:01,5.6,171.9,212.9,0.2,0.0,240.6
2018-06-25T07:11:32,5.6,151.2,234.2,0.2,0.0,240.6
2018-06-25T07:12:03,5.9,142.9,254.9,0.2,0.0,239.6
2018-06-25T07:12:34,5.9,163.0,238.4,0.2,0.0,240.6
2018-06-25T07:13:05,5.9,186.6,215.9,0.2,0.0,240.6
2018-06-25T07:13:36,5.6,206.1,196.4,0.2,0.0,240.6
2018-06-25T07:14:07,5.9,222.1,175.7,0.1,0.0,240.6
2018-06-25T07:14:38,5.9,200.8,185.7,0.2,0.0,241.5
2018-06-25T07:15:09,5.9,180.1,206.4,0.2,10.0,240.6
2018-06-25T07:15:40,5.9,189.6,228.3,0.2,10.0,240.6
2018-06-25T07:16:12,5.9,210.2,249.0,0.1,10.0,239.6
2018-06-25T07:16:43,6.3,217.9,243.7,0.1,10.0,240.6
2018-06-25T07:17:14,6.3,194.9,221.2,0.2,10.0,239.6
2018-06-25T07:17:45,6.3,174.8,202.3,0.2,10.0,239.6
2018-06-25T07:18:16,6.3,176.6,181.6,0.2,10.0,238.6
2018-06-25T07:18:47,6.3,201.4,168.6,0.2,10.0,239.6
2018-06-25T07:19:18,6.3,219.7,189.9,0.2,10.0,238.6
2018-06-25T07:19:49,6.3,206.7,211.7,0.2,10.0,238.6
2018-06-25T07:20:20,6.7,187.8,234.8,0.2,10.0,238.6
2018-06-25T07:20:51,6.3,211.4,255.5,0.3,10.0,239.6
2018-06-25T07:21:23,6.7,223.8,241.9,0.2,10.0,240.6
2018-06-25T07:21:54,6.7,200.2,220.6,0.3,10.0,239.6
2018-06-25T07:22:25,6.7,180.7,236.0,0.3,10.0,240.6
2018-06-25T07:23:20,6.7,199.6,246.1,0.3,10.0,241.5
2018-06-25T07:23:51,6.7,220.3,223.6,0.3,20.0,241.5
2018-06-25T07:24:22,7.0,213.8,218.3,0.3,20.0,242.5
2018-06-25T07:24:53,7.0,192.5,240.1,0.3,20.0,241.5
2018-06-25T07:25:24,7.0,209.1,252.0,0.3,20.0,241.5
2018-06-25T07:25:55,7.0,228.6,230.1,0.2,20.0,241.5
2018-06-25T07:26:26,7.0,207.9,215.9,0.3,20.0,242.5
2018-06-25T07:26:57,7.0,186.0,237.2,0.3,20.0,241.5
2018-06-25T07:27:52,7.4,177.8,241.3,0.4,20.0,241.5
2018-06-25T07:28:23,7.4,200.8,220.0,0.4,20.0,241.5
2018-06-25T07:28:54,7.4,222.1,222.4,0.4,30.0,240.6
2018-06-25T07:29:25,7.4,217.9,244.3,0.4,30.0,240.6
2018-06-25T07:29:56,7.4,194.9,252.0,0.4,30.0,240.6
2018-06-25T07:30:27,7.4,175.4,230.1,0.5,30.0,240.6
2018-06-25T07:30:59,7.4,194.3,237.2,0.5,30.0,240.6
2018-06-25T07:31:30,7.8,216.7,258.5,0.4,30.0,240.6
2018-06-25T07:32:01,7.8,226.8,236.6,0.4,30.0,242.5
2018-06-25T07:32:32,7.8,204.3,215.9,0.4,40.0,242.5
2018-06-25T07:33:03,7.8,220.3,229.5,0.4,40.0,242.5
2018-06-25T07:33:34,7.8,222.1,252.0,0.5,40.0,241.5
2018-06-25T07:34:05,7.8,199.6,247.2,0.5,40.0,241.5
2018-06-25T07:34:36,8.1,210.2,235.4,0.4,40.0,241.5
2018-06-25T07:35:07,7.8,229.7,256.7,0.4,40.0,242.5
2018-06-25T07:35:39,8.1,207.3,237.8,0.4,50.0,241.5
2018-06-25T07:36:10,8.1,225.0,237.2,0.4,50.0,242.5
2018-06-25T07:36:41,8.5,215.0,258.5,0.4,50.0,242.5
2018-06-25T07:37:12,8.5,208.5,237.2,0.4,50.0,241.5
2018-06-25T07:37:43,8.5,227.4,234.2,0.4,50.0,242.5
2018-06-25T07:38:14,8.5,205.5,256.7,0.4,50.0,242.5
2018-06-25T07:38:45,8.5,222.7,235.4,0.4,50.0,242.5
2018-06-25T07:39:16,8.9,216.2,228.3,0.4,60.0,242.5
2018-06-25T07:39:47,8.9,194.9,251.4,0.5,60.0,244.4
2018-06-25T07:40:18,8.9,175.4,243.1,0.5,60.0,243.5
2018-06-25T07:40:49,8.9,189.6,222.4,0.5,60.0,243.5
2018-06-25T07:41:21,9.2,206.1,231.9,0.4,60.0,242.5
2018-06-25T07:41:52,9.2,184.8,224.2,0.5,60.0,241.5
2018-06-25T07:42:23,9.2,180.7,221.2,0.5,70.0,242.5
2018-06-25T07:42:54,9.2,202.6,243.7,0.5,70.0,243.5
2018-06-25T07:43:25,9.2,225.0,248.4,0.4,70.0,243.5
2018-06-25T07:43:56,9.2,217.9,247.8,0.5,70.0,243.5
2018-06-25T07:44:27,9.2,215.6,249.6,0.5,70.0,242.5
2018-06-25T07:44:58,9.6,218.5,236.0,0.5,80.0,243.5
2018-06-25T07:45:29,9.6,225.0,221.2,0.4,80.0,244.4
2018-06-25T07:46:00,9.6,208.5,230.7,0.5,80.0,244.4
2018-06-25T07:46:31,9.6,221.5,232.4,0.5,80.0,244.4
2018-06-25T07:47:02,10.0,225.6,246.1,0.4,80.0,244.4
2018-06-25T07:47:33,10.0,208.5,241.9,0.4,80.0,243.5
2018-06-25T07:48:04,10.0,228.0,235.4,0.4,90.0,243.5
2018-06-25T07:48:35,10.0,209.7,256.1,0.5,90.0,242.5
2018-06-25T07:49:06,10.0,191.3,240.7,0.4,90.0,243.5
2018-06-25T07:49:37,10.0,213.8,230.7,0.4,90.0,243.5
2018-06-25T07:50:08,10.3,225.6,252.0,0.4,90.0,243.5
2018-06-25T07:50:40,10.3,202.6,242.5,0.5,100.0,243.5
2018-06-25T07:51:11,10.3,194.9,221.8,0.5,100.0,243.5
2018-06-25T07:51:42,10.3,217.9,244.3,0.5,100.0,243.5
2018-06-25T07:52:13,10.3,216.2,244.9,0.5,100.0,243.5
2018-06-25T07:52:44,10.7,194.9,223.6,0.6,100.0,243.5
2018-06-25T07:53:15,10.7,168.9,197.5,0.9,100.0,243.5
2018-06-25T07:53:46,10.7,162.4,196.4,1.0,110.0,243.5
2018-06-25T07:54:17,10.7,184.8,220.6,0.8,110.0,243.5
2018-06-25T07:54:48,10.7,193.7,224.2,0.6,110.0,242.5
2018-06-25T07:55:19,11.1,216.2,248.4,0.6,110.0,242.5
2018-06-25T07:55:50,11.1,223.8,256.1,0.6,120.0,243.5
2018-06-25T07:56:22,11.1,202.6,233.6,0.6,120.0,242.5
2018-06-25T07:56:53,11.1,199.0,234.8,0.7,120.0,242.5
2018-06-25T07:57:24,11.1,221.5,256.7,0.6,120.0,240.6
2018-06-25T07:57:55,11.1,216.7,240.7,0.7,130.0,240.6
2018-06-25T07:58:26,11.4,192.5,218.8,0.9,130.0,241.5
2018-06-25T07:58:57,11.4,167.7,193.4,1.4,130.0,242.5
2018-06-25T07:59:28,11.4,163.6,198.1,1.3,140.0,242.5
2018-06-25T07:59:59,11.4,186.6,223.0,1.2,140.0,242.5
2018-06-25T08:00:30,11.8,211.4,249.0,1.3,140.0,243.5
2018-06-25T08:01:01,11.8,229.7,247.2,1.1,150.0,242.5
2018-06-25T08:01:32,11.8,218.5,250.8,1.0,150.0,241.5
2018-06-25T08:02:03,11.8,218.5,250.2,1.2,160.0,242.5
2018-06-25T08:02:34,11.8,225.6,248.4,1.0,160.0,239.6
2018-06-25T08:03:05,12.1,221.5,246.6,1.1,160.0,241.5
2018-06-25T08:03:36,12.1,219.7,251.4,1.1,170.0,240.6
2018-06-25T08:04:07,12.1,214.4,247.2,1.0,170.0,240.6
2018-06-25T08:04:38,12.1,226.2,237.2,0.8,180.0,241.5
2018-06-25T08:05:09,12.1,201.4,259.7,1.1,180.0,242.5
2018-06-25T08:05:41,12.1,180.1,246.1,1.2,180.0,243.5
2018-06-25T08:06:12,12.1,195.5,247.2,1.3,190.0,241.5
2018-06-25T08:06:43,12.1,220.9,249.6,1.2,190.0,242.5
2018-06-25T08:07:38,12.1,202.0,248.4,1.2,200.0,242.5
2018-06-25T08:08:09,12.1,222.7,256.7,1.3,200.0,243.5
2018-06-25T08:08:40,12.5,213.8,241.3,1.3,210.0,242.5
2018-06-25T08:09:11,12.5,220.9,255.5,1.2,210.0,243.5
2018-06-25T08:09:42,12.5,225.6,249.0,1.2,220.0,242.5
2018-06-25T08:10:13,12.1,223.8,246.1,1.2,220.0,240.6
2018-06-25T08:10:45,12.5,227.4,256.7,1.3,220.0,243.5
2018-06-25T08:11:16,12.5,225.6,252.0,1.3,230.0,244.4
2018-06-25T08:11:47,12.5,225.6,245.5,1.3,230.0,244.4
2018-06-25T08:12:18,12.5,228.0,253.2,1.2,240.0,243.5
2018-06-25T08:12:49,12.5,225.0,241.9,1.3,240.0,244.4
2018-06-25T08:13:20,12.9,218.5,253.7,1.3,250.0,245.4
2018-06-25T08:13:51,12.9,215.0,242.5,1.3,250.0,244.4
2018-06-25T08:14:22,12.9,217.9,251.4,1.3,260.0,244.4
2018-06-25T08:14:53,12.9,218.5,249.6,1.3,260.0,243.5
2018-06-25T08:15:24,12.9,215.6,242.5,1.3,270.0,245.4
2018-06-25T08:15:55,12.9,223.8,259.7,1.4,270.0,245.4
2018-06-25T08:16:27,13.2,221.5,239.0,1.5,280.0,245.4
2018-06-25T08:16:58,13.2,215.6,256.1,1.4,280.0,246.4
2018-06-25T08:17:29,13.6,223.2,236.0,1.5,290.0,245.4
2018-06-25T08:18:00,13.6,227.4,256.7,1.3,290.0,244.4
2018-06-25T08:18:31,14.0,225.0,237.8,1.3,300.0,246.4
2018-06-25T08:19:02,14.0,227.4,254.3,1.3,300.0,243.5
2018-06-25T08:19:33,14.0,225.6,250.2,1.3,310.0,244.4
2018-06-25T08:20:04,14.0,215.0,239.0,1.5,310.0,243.5
2018-06-25T08:20:35,14.0,226.2,241.3,1.4,320.0,243.5
2018-06-25T08:21:07,14.0,222.7,252.0,1.4,320.0,243.5
2018-06-25T08:21:38,14.0,215.0,246.6,1.5,330.0,244.4
2018-06-25T08:22:09,14.3,215.6,241.3,1.6,330.0,244.4
2018-06-25T08:22:40,14.3,218.5,247.2,1.5,340.0,243.5
2018-06-25T08:23:11,14.7,217.9,250.2,1.5,340.0,244.4
2018-06-25T08:23:42,14.3,219.7,243.7,1.4,350.0,243.5
2018-06-25T08:24:13,14.7,225.6,244.3,1.4,350.0,244.4
2018-06-25T08:24:44,14.7,217.9,247.8,1.5,360.0,243.5
2018-06-25T08:25:15,14.7,218.5,241.3,1.3,360.0,243.5
2018-06-25T08:25:46,14.7,224.4,241.3,1.3,370.0,243.5
2018-06-25T08:26:18,14.7,206.1,252.6,1.3,370.0,243.5
2018-06-25T08:26:49,14.7,216.7,244.9,0.5,380.0,242.5
2018-06-25T08:27:20,15.1,190.8,214.1,1.5,380.0,243.5
2018-06-25T08:27:51,15.1,194.9,220.6,0.6,380.0,242.5
2018-06-25T08:28:22,15.1,223.2,247.8,1.3,380.0,243.5
2018-06-25T08:28:53,15.1,209.1,238.4,0.7,390.0,241.5
2018-06-25T08:29:24,15.1,187.8,215.3,0.7,390.0,242.5
2018-06-25T08:29:55,15.1,173.0,205.8,0.9,390.0,243.5
2018-06-25T08:30:26,15.1,196.1,231.3,0.9,390.0,243.5
2018-06-25T08:30:57,15.4,217.3,225.4,1.1,400.0,244.4
2018-06-25T08:31:28,15.4,222.7,234.2,0.9,400.0,243.5
2018-06-25T08:31:59,15.8,223.8,256.1,0.9,410.0,243.5
2018-06-25T08:32:30,15.8,222.7,247.8,1.3,410.0,243.5
2018-06-25T08:33:01,15.8,226.8,237.2,1.0,410.0,243.5
2018-06-25T08:33:32,16.2,226.8,230.1,1.0,420.0,243.5
2018-06-25T08:34:03,16.2,195.5,211.2,2.0,420.0,244.4
2018-06-25T08:34:34,16.2,192.5,217.1,1.8,430.0,245.4
2018-06-25T08:35:05,16.2,199.0,215.3,1.1,430.0,244.4
2018-06-25T08:35:37,16.2,180.1,231.3,1.2,440.0,244.4
2018-06-25T08:36:08,16.2,166.5,241.3,1.2,440.0,243.5
2018-06-25T08:36:39,16.2,190.8,233.0,1.3,450.0,244.4
2018-06-25T08:37:10,16.2,191.3,231.3,1.3,450.0,245.4
2018-06-25T08:37:41,16.5,204.3,244.3,1.4,460.0,245.4
2018-06-25T08:38:12,16.5,230.3,253.2,2.2,460.0,246.4
2018-06-25T08:38:43,16.5,213.8,239.5,1.1,470.0,245.4
2018-06-25T08:39:14,16.5,215.0,249.0,0.9,470.0,246.4
2018-06-25T08:39:45,16.9,212.0,235.4,1.0,480.0,245.4
2018-06-25T08:40:16,16.9,223.2,245.5,1.0,480.0,245.4
2018-06-25T08:40:48,16.9,213.8,242.5,0.9,480.0,245.4
2018-06-25T08:41:19,17.3,220.9,244.3,0.9,490.0,245.4
2018-06-25T08:41:50,17.3,221.5,240.7,1.0,490.0,246.4
2018-06-25T08:42:21,17.3,209.7,247.2,0.9,490.0,244.4
2018-06-25T08:42:52,17.3,217.9,229.5,1.0,500.0,244.4
2018-06-25T08:43:23,17.3,215.6,243.7,1.1,500.0,245.4
2018-06-25T08:43:54,17.3,220.9,233.6,1.0,510.0,244.4
2018-06-25T08:44:25,17.3,196.1,224.8,1.6,510.0,245.4
2018-06-25T08:44:56,17.3,220.3,255.5,1.4,520.0,246.4
2018-06-25T08:45:27,17.3,215.0,253.7,1.1,520.0,245.4
2018-06-25T08:45:59,17.6,220.9,248.4,1.1,530.0,244.4
2018-06-25T08:46:30,17.6,225.6,245.5,1.0,530.0,245.4
2018-06-25T08:47:01,17.6,206.7,256.1,1.2,540.0,245.4
2018-06-25T08:47:32,17.6,192.5,230.1,1.4,540.0,247.3
2018-06-25T08:48:03,17.6,184.3,223.6,1.6,550.0,246.4
2018-06-25T08:48:34,17.6,200.2,239.0,1.2,550.0,246.4
2018-06-25T08:49:05,17.6,211.4,236.0,1.9,560.0,246.4
2018-06-25T08:49:36,17.6,213.8,248.4,1.5,560.0,246.4
2018-06-25T08:50:07,17.6,222.1,247.2,1.1,570.0,245.4
2018-06-25T08:50:38,18.0,227.4,235.4,1.3,570.0,246.4
2018-06-25T08:51:10,18.0,204.3,256.1,1.7,580.0,247.3
2018-06-25T08:51:41,18.0,206.7,252.6,1.6,590.0,245.4
2018-06-25T08:52:12,18.4,225.0,235.4,1.1,590.0,245.4
2018-06-25T08:52:43,18.4,223.2,257.9,1.7,600.0,246.4
2018-06-25T08:53:14,18.4,223.2,237.8,1.1,600.0,246.4
2018-06-25T08:53:45,18.7,233.3,226.5,1.3,610.0,246.4
2018-06-25T08:54:16,18.7,228.0,235.4,1.4,610.0,245.4
2018-06-25T08:54:47,18.7,217.9,246.1,1.5,620.0,245.4
2018-06-25T08:55:18,19.1,225.0,243.7,1.1,620.0,244.4
2018-06-25T08:55:49,19.1,217.9,244.9,1.1,630.0,245.4
2018-06-25T08:56:21,19.1,219.1,240.1,1.0,630.0,245.4
2018-06-25T08:56:52,19.1,220.9,237.8,0.8,640.0,245.4
2018-06-25T08:57:23,19.1,219.1,236.6,0.8,640.0,244.4
2018-06-25T08:57:54,19.1,197.3,247.2,0.9,640.0,245.4
2018-06-25T08:58:25,19.1,183.1,251.4,1.1,650.0,244.4
2018-06-25T08:58:56,19.5,195.5,237.8,0.8,650.0,245.4
2018-06-25T08:59:27,19.5,202.6,238.4,0.7,650.0,245.4
2018-06-25T08:59:58,19.5,210.8,229.5,0.6,650.0,244.4
2018-06-25T09:00:29,19.1,206.1,242.5,0.6,660.0,244.4
2018-06-25T09:01:00,19.1,214.4,227.1,0.6,660.0,244.4
2018-06-25T09:01:31,19.1,205.5,221.2,0.7,660.0,244.4
2018-06-25T09:02:02,19.1,185.4,241.9,0.7,660.0,244.4
2018-06-25T09:02:33,19.5,208.5,230.1,0.7,670.0,243.5
2018-06-25T09:03:04,19.5,217.3,251.4,0.7,670.0,244.4
2018-06-25T09:03:35,19.5,209.1,244.3,0.7,670.0,242.5
2018-06-25T09:04:06,19.5,216.2,241.3,0.8,670.0,244.4
2018-06-25T09:04:37,19.5,194.3,218.8,0.9,680.0,245.4
2018-06-25T09:05:08,19.8,172.4,196.4,1.1,680.0,245.4
2018-06-25T09:05:40,19.8,140.5,165.0,1.9,680.0,246.4
2018-06-25T09:06:11,19.8,112.8,137.2,2.9,690.0,246.4
2018-06-25T09:06:42,20.2,150.6,166.2,2.9,690.0,247.3
2018-06-25T09:07:13,20.2,191.9,207.6,3.2,700.0,247.3
2018-06-25T09:07:44,20.2,194.9,209.4,2.0,710.0,245.4
2018-06-25T09:08:15,20.6,212.0,223.6,1.5,720.0,245.4
2018-06-25T09:08:46,20.6,216.2,241.3,1.4,720.0,245.4
2018-06-25T09:09:17,20.6,222.1,241.3,1.2,730.0,245.4
2018-06-25T09:09:48,20.6,222.1,237.8,1.1,730.0,246.4
2018-06-25T09:10:19,20.6,221.5,236.6,1.1,730.0,245.4
2018-06-25T09:10:50,20.6,209.1,241.3,1.0,740.0,245.4
2018-06-25T09:11:22,20.6,213.8,231.9,1.0,740.0,246.4
2018-06-25T09:11:53,20.6,220.3,240.1,1.0,750.0,245.4
2018-06-25T09:12:24,20.6,217.3,241.3,1.0,750.0,245.4
2018-06-25T09:12:55,20.6,206.1,233.6,0.9,750.0,245.4
2018-06-25T09:13:26,20.6,216.7,233.6,0.9,760.0,245.4
2018-06-25T09:13:57,20.9,220.9,248.4,0.9,760.0,246.4
2018-06-25T09:14:28,20.9,203.7,225.9,1.0,760.0,246.4
2018-06-25T09:14:59,20.9,223.8,244.3,0.9,770.0,246.4
2018-06-25T09:15:30,20.9,206.7,236.6,0.9,770.0,247.3
2018-06-25T09:16:01,20.9,219.7,230.7,1.0,770.0,246.4
2018-06-25T09:16:32,21.3,217.3,252.6,1.0,780.0,247.3
2018-06-25T09:17:03,21.3,209.7,228.9,0.9,780.0,247.3
2018-06-25T09:17:34,21.3,219.1,244.3,0.9,780.0,246.4
2018-06-25T09:18:05,21.3,223.8,236.0,0.8,790.0,248.3
2018-06-25T09:18:36,21.3,222.7,230.7,0.8,790.0,246.4
2018-06-25T09:19:07,21.3,212.6,249.6,0.8,790.0,246.4
2018-06-25T09:19:38,21.3,216.7,226.5,0.8,800.0,246.4
2018-06-25T09:20:09,21.3,224.4,243.7,0.8,800.0,247.3
2018-06-25T09:20:46,21.7,227.4,235.4,0.7,800.0,246.4
2018-06-25T09:21:17,21.7,219.7,243.7,0.7,810.0,247.3
2018-06-25T09:21:48,21.7,217.9,233.6,0.8,810.0,247.3
2018-06-25T09:22:19,22.0,222.7,246.6,0.7,810.0,247.3
2018-06-25T09:22:50,21.7,211.4,230.1,0.7,820.0,247.3
2018-06-25T09:23:21,21.7,212.6,233.0,0.7,820.0,247.3
2018-06-25T09:23:52,21.7,220.9,246.6,0.7,820.0,247.3
2018-06-25T09:24:23,21.7,229.7,233.0,0.6,830.0,247.3
2018-06-25T09:24:54,22.0,207.9,251.4,0.7,830.0,246.4
2018-06-25T09:25:25,22.0,224.4,229.5,0.7,830.0,247.3
2018-06-25T09:25:57,22.0,210.8,249.0,0.7,840.0,248.3
2018-06-25T09:26:28,22.0,217.9,228.9,0.7,840.0,247.3
2018-06-25T09:26:59,22.0,213.2,243.7,0.7,840.0,246.4
2018-06-25T09:27:30,21.7,227.4,237.8,0.7,850.0,246.4
2018-06-25T09:28:01,22.0,213.8,237.8,0.8,850.0,247.3
2018-06-25T09:28:32,21.7,220.3,244.9,0.8,850.0,245.4
2018-06-25T09:29:03,21.7,225.6,225.4,0.7,860.0,246.4
2018-06-25T09:29:34,21.7,211.4,247.2,0.9,860.0,246.4
2018-06-25T09:30:05,21.3,228.0,231.9,0.7,860.0,248.3
2018-06-25T09:30:37,21.3,209.7,245.5,0.9,870.0,247.3
2018-06-25T09:31:08,21.7,199.0,234.8,0.9,870.0,248.3
2018-06-25T09:31:39,21.7,190.8,253.2,0.9,870.0,247.3
2018-06-25T09:32:10,21.7,202.0,231.3,1.0,880.0,246.4
2018-06-25T09:32:41,21.7,224.4,241.3,0.9,880.0,247.3
2018-06-25T09:33:12,21.7,213.8,241.3,0.9,890.0,247.3
2018-06-25T09:33:43,21.7,220.9,239.5,0.9,890.0,246.4
2018-06-25T09:34:14,22.0,223.8,251.4,0.9,890.0,246.4
2018-06-25T09:34:45,22.0,225.0,232.4,0.9,900.0,245.4
2018-06-25T09:35:16,22.4,220.9,231.3,0.9,900.0,246.4
2018-06-25T09:35:47,22.0,216.2,230.7,1.0,910.0,245.4
2018-06-25T09:36:19,22.0,221.5,248.4,0.9,910.0,244.4
2018-06-25T09:36:50,22.0,224.4,236.0,0.9,910.0,246.4
2018-06-25T09:37:21,22.4,213.8,241.3,0.9,920.0,245.4
2018-06-25T09:37:52,22.4,226.8,232.4,1.0,920.0,244.4
2018-06-25T09:38:23,22.8,213.8,253.2,1.0,930.0,245.4
2018-06-25T09:38:54,22.8,226.8,230.1,0.9,930.0,245.4
2018-06-25T09:39:25,22.8,212.6,243.7,1.0,930.0,247.3
2018-06-25T09:39:56,22.8,231.5,235.4,0.8,940.0,245.4
2018-06-25T09:40:27,22.8,220.9,244.3,1.0,940.0,246.4
2018-06-25T09:40:58,23.1,217.3,237.2,1.1,950.0,246.4
2018-06-25T09:41:30,23.1,226.8,244.3,1.0,950.0,247.3
2018-06-25T09:42:01,23.1,212.6,236.0,1.1,960.0,246.4
2018-06-25T09:42:32,23.1,228.6,247.8,1.0,960.0,246.4
2018-06-25T09:43:03,23.1,210.8,233.0,1.1,970.0,246.4
2018-06-25T09:43:34,23.5,224.4,248.4,1.1,970.0,247.3
2018-06-25T09:44:05,23.1,224.4,237.2,1.0,980.0,247.3
2018-06-25T09:44:36,23.5,226.2,239.5,1.0,980.0,247.3
2018-06-25T09:45:07,23.5,227.4,244.3,1.0,990.0,246.4
2018-06-25T09:45:38,23.5,219.7,236.0,1.1,990.0,247.3
2018-06-25T09:46:10,23.1,218.5,247.8,1.1,1000.0,247.3
2018-06-25T09:46:41,23.1,226.2,239.5,1.0,1000.0,246.4
2018-06-25T09:47:12,23.1,225.0,234.8,1.1,1010.0,246.4
2018-06-25T09:47:43,22.8,223.2,245.5,1.0,1010.0,248.3
2018-06-25T09:48:14,22.8,222.1,234.2,1.0,1010.0,247.3
2018-06-25T09:48:45,22.8,213.8,250.2,1.0,1020.0,248.3
2018-06-25T09:49:16,23.1,223.2,233.0,1.0,1020.0,247.3
2018-06-25T09:49:47,23.1,214.4,243.7,1.0,1030.0,246.4
2018-06-25T09:50:18,23.1,224.4,231.3,1.1,1030.0,247.3
2018-06-25T09:50:49,23.1,225.6,249.6,1.1,1040.0,247.3
2018-06-25T09:51:20,22.8,213.8,234.2,1.1,1040.0,248.3
2018-06-25T09:51:51,22.8,222.1,243.1,1.2,1050.0,248.3
2018-06-25T09:52:22,22.8,217.9,241.3,1.2,1050.0,248.3
2018-06-25T09:52:53,22.8,222.1,237.8,1.3,1060.0,249.3
2018-06-25T09:53:24,22.8,227.4,233.0,1.2,1060.0,247.3
2018-06-25T09:53:55,22.8,212.0,252.0,1.3,1070.0,248.3
2018-06-25T09:54:26,22.8,190.8,228.3,1.5,1080.0,248.3
2018-06-25T09:54:57,22.8,170.1,245.5,1.7,1080.0,248.3
2018-06-25T09:55:28,23.1,182.5,235.4,1.6,1090.0,248.3
2018-06-25T09:56:00,23.1,208.5,240.7,1.6,1090.0,249.3
2018-06-25T09:56:31,23.1,225.6,239.5,1.5,1100.0,250.2
2018-06-25T09:57:02,23.1,229.7,233.6,1.6,1110.0,249.3
2018-06-25T09:57:33,23.1,223.8,242.5,1.6,1110.0,249.3
2018-06-25T09:58:04,23.1,224.4,243.7,1.6,1120.0,250.2
2018-06-25T09:58:35,22.8,224.4,234.2,1.6,1130.0,248.3
2018-06-25T09:59:06,23.1,225.6,238.4,1.7,1140.0,249.3
2018-06-25T09:59:37,23.1,222.7,239.5,1.6,1140.0,249.3
2018-06-25T10:00:08,23.5,220.9,239.5,1.6,1150.0,248.3
2018-06-25T10:00:39,23.5,225.6,237.2,1.5,1160.0,249.3
2018-06-25T10:01:11,23.9,225.0,244.3,1.5,1160.0,249.3
2018-06-25T10:01:42,23.9,227.4,234.8,1.6,1170.0,248.3
2018-06-25T10:02:13,23.9,227.4,241.9,1.6,1180.0,248.3
2018-06-25T10:02:44,23.9,226.8,235.4,1.6,1180.0,249.3
2018-06-25T10:03:15,23.9,228.6,240.1,1.6,1190.0,248.3
2018-06-25T10:03:46,24.2,227.4,234.8,1.6,1200.0,248.3
2018-06-25T10:04:17,24.2,222.7,241.9,1.8,1210.0,249.3
2018-06-25T10:04:48,24.2,215.0,236.6,2.0,1210.0,249.3
2018-06-25T10:05:19,24.2,218.5,233.6,1.9,1220.0,250.2
2018-06-25T10:05:50,24.2,215.0,246.1,2.0,1230.0,248.3
2018-06-25T10:06:22,24.6,219.7,232.4,2.0,1240.0,248.3
2018-06-25T10:06:53,24.6,210.2,249.0,2.1,1240.0,248.3
2018-06-25T10:07:24,24.6,220.3,240.7,2.1,1250.0,248.3
2018-06-25T10:07:55,24.6,225.6,230.7,2.2,1260.0,249.3
2018-06-25T10:08:26,24.2,190.2,199.3,3.7,1270.0,248.3
2018-06-25T10:08:57,24.2,199.0,214.7,2.8,1280.0,248.3
2018-06-25T10:09:28,24.2,228.6,249.6,3.3,1290.0,249.3
2018-06-25T10:09:59,24.6,190.8,235.4,5.4,1310.0,251.2
2018-06-25T10:10:30,24.2,180.1,233.6,6.4,1330.0,252.2
2018-06-25T10:11:01,24.6,204.9,253.7,6.0,1350.0,253.1
2018-06-25T10:11:32,24.6,219.1,244.9,3.5,1360.0,251.2
2018-06-25T10:12:03,25.0,219.1,236.6,2.7,1370.0,250.2
2018-06-25T10:12:34,25.3,217.9,234.8,2.4,1380.0,251.2
2018-06-25T10:13:05,25.3,218.5,233.6,2.4,1390.0,251.2
2018-06-25T10:13:36,25.0,224.4,237.8,2.3,1400.0,251.2
2018-06-25T10:14:07,25.0,214.4,236.6,2.5,1410.0,251.2
2018-06-25T10:14:38,24.6,199.6,259.1,3.6,1420.0,252.2
2018-06-25T10:15:09,24.6,184.8,233.0,3.6,1440.0,252.2
2018-06-25T10:15:40,25.0,193.7,239.0,3.3,1450.0,252.2
2018-06-25T10:16:12,25.0,211.4,241.9,2.9,1460.0,251.2
2018-06-25T10:16:43,25.0,217.3,236.6,2.7,1470.0,250.2
2018-06-25T10:17:14,25.3,215.0,228.3,2.6,1480.0,249.3
2018-06-25T10:17:45,25.3,222.7,262.6,3.7,1490.0,251.2
2018-06-25T10:18:16,25.3,186.0,221.8,5.4,1500.0,253.1
2018-06-25T10:18:47,25.7,174.2,220.6,5.9,1520.0,253.1
2018-06-25T10:19:18,25.7,177.8,229.5,4.0,1540.0,252.2
2018-06-25T10:19:49,25.7,168.9,230.7,5.4,1550.0,250.2
2018-06-25T10:20:20,25.7,196.1,233.6,5.1,1570.0,253.1
2018-06-25T10:20:51,25.7,215.0,228.3,3.9,1590.0,251.2
2018-06-25T10:21:23,26.1,212.6,234.8,2.8,1600.0,249.3
2018-06-25T10:21:54,26.1,206.7,227.7,2.5,1610.0,248.3
2018-06-25T10:22:25,26.1,225.6,207.0,2.4,1620.0,249.3
2018-06-25T10:22:56,26.1,220.9,228.9,2.9,1630.0,248.3
2018-06-25T10:23:27,26.4,213.8,228.3,2.9,1640.0,249.3
2018-06-25T10:23:58,26.8,210.8,232.4,2.5,1650.0,248.3
2018-06-25T10:24:29,27.2,215.0,237.2,2.2,1660.0,248.3
2018-06-25T10:25:00,27.2,211.4,231.3,2.3,1660.0,248.3
2018-06-25T10:25:31,26.8,213.8,243.7,2.6,1670.0,247.3
2018-06-25T10:26:03,26.8,198.4,216.5,3.4,1680.0,248.3
2018-06-25T10:26:34,27.2,194.9,225.4,3.5,1700.0,249.3
2018-06-25T10:27:05,27.5,213.8,233.6,2.2,1710.0,249.3
2018-06-25T10:27:36,27.5,196.7,199.3,3.4,1720.0,248.3
2018-06-25T10:28:07,27.9,197.3,206.4,4.1,1730.0,249.3
2018-06-25T10:28:38,27.9,215.0,225.9,3.9,1740.0,250.2
2018-06-25T10:29:09,28.3,212.6,227.7,3.0,1750.0,249.3
2018-06-25T10:29:40,28.3,216.7,225.9,2.5,1770.0,248.3
2018-06-25T10:30:11,28.6,187.8,254.3,3.3,1770.0,247.3
2018-06-25T10:30:42,28.6,150.6,212.3,5.4,1790.0,250.2
2018-06-25T10:31:13,29.0,168.9,228.9,6.3,1810.0,251.2
2018-06-25T10:31:44,29.0,189.6,241.3,4.7,1820.0,248.3
2018-06-25T10:32:15,29.0,185.4,231.9,3.2,1840.0,248.3
2018-06-25T10:32:46,29.4,206.1,249.6,4.0,1850.0,250.2
2018-06-25T10:33:17,29.4,199.0,222.4,5.5,1860.0,252.2
2018-06-25T10:33:48,29.7,202.0,234.2,6.3,1880.0,252.2
2018-06-25T10:34:19,29.4,212.6,239.0,5.9,1910.0,252.2
2018-06-25T10:34:51,29.4,212.0,236.0,6.0,1930.0,253.1
2018-06-25T10:35:22,29.0,206.1,232.4,5.9,1950.0,252.2
2018-06-25T10:35:53,29.0,210.2,232.4,5.8,1970.0,252.2
2018-06-25T10:36:25,29.4,209.7,233.6,4.8,1990.0,252.2
2018-06-25T10:36:56,29.4,225.0,207.6,4.6,2010.0,252.2
2018-06-25T10:37:27,29.4,204.3,217.7,5.5,2030.0,252.2
2018-06-25T10:37:58,29.4,208.5,241.3,5.9,2050.0,253.1
2018-06-25T10:38:29,30.1,197.8,229.5,5.7,2060.0,250.2
2018-06-25T10:39:00,30.1,210.2,239.5,4.6,2080.0,251.2
2018-06-25T10:39:31,30.2,185.4,219.4,5.6,2100.0,251.2
2018-06-25T10:40:02,30.3,183.7,244.9,6.1,2120.0,250.2
2018-06-25T10:40:33,30.4,205.5,234.8,5.0,2140.0,252.2
2018-06-25T10:41:05,30.4,200.8,239.0,4.7,2150.0,250.2
2018-06-25T10:41:36,30.4,199.6,216.5,4.9,2170.0,251.2
2018-06-25T10:42:07,30.5,215.0,197.5,5.1,2190.0,253.1
2018-06-25T10:42:38,30.7,200.2,213.5,5.1,2200.0,251.2
2018-06-25T10:43:09,30.7,204.9,228.3,4.3,2220.0,251.2
2018-06-25T10:43:40,30.8,184.8,232.4,4.9,2230.0,251.2
2018-06-25T10:44:11,30.8,207.9,229.5,4.6,2250.0,253.1
2018-06-25T10:44:42,30.9,206.7,233.6,4.1,2270.0,250.2
2018-06-25T10:45:13,30.9,212.0,212.3,3.5,2280.0,249.3
2018-06-25T10:45:44,30.7,185.4,237.8,4.0,2290.0,250.2
2018-06-25T10:46:16,30.7,207.3,237.8,4.2,2300.0,250.2
2018-06-25T10:46:47,30.7,204.3,243.1,4.3,2320.0,249.3
2018-06-25T10:47:18,30.8,182.5,243.7,6.1,2340.0,250.2
2018-06-25T10:47:49,30.8,200.2,234.8,4.8,2350.0,252.2
2018-06-25T10:48:20,30.9,208.5,239.5,4.8,2370.0,252.2
2018-06-25T10:48:51,31.0,207.9,228.9,4.1,2390.0,250.2
2018-06-25T10:49:22,31.1,213.2,212.9,4.5,2400.0,250.2
2018-06-25T10:49:53,31.0,206.7,231.3,4.4,2420.0,252.2
2018-06-25T10:50:24,31.0,209.7,228.3,2.5,2430.0,249.3
2018-06-25T10:50:55,31.0,184.8,201.1,3.2,2440.0,249.3
2018-06-25T10:51:26,30.9,203.2,220.6,3.1,2450.0,250.2
2018-06-25T10:51:57,30.7,215.0,236.6,2.6,2460.0,249.3
2018-06-25T10:52:28,30.7,202.6,227.7,4.1,2470.0,250.2
2018-06-25T10:52:59,30.7,193.7,219.4,4.5,2490.0,251.2
2018-06-25T10:53:30,30.8,216.7,210.6,4.5,2500.0,252.2
2018-06-25T10:54:01,30.8,192.5,228.3,5.3,2520.0,252.2
2018-06-25T10:54:32,30.8,176.0,243.1,5.6,2540.0,253.1
2018-06-25T10:55:03,30.8,195.5,225.9,4.4,2560.0,251.2
2018-06-25T10:55:35,30.9,176.0,249.0,4.6,2570.0,250.2
2018-06-25T10:56:06,30.9,195.5,231.3,4.7,2590.0,253.1
2018-06-25T10:56:37,31.0,195.5,234.2,3.1,2600.0,250.2
2018-06-25T10:57:08,31.0,197.8,236.6,2.8,2610.0,250.2
2018-06-25T10:57:39,30.9,207.3,235.4,2.5,2620.0,249.3
2018-06-25T10:58:10,31.0,207.3,228.3,2.3,2630.0,248.3
2018-06-25T10:58:41,31.0,208.5,230.1,2.5,2640.0,249.3
2018-06-25T10:59:12,31.1,213.2,236.6,2.6,2650.0,250.2
2018-06-25T10:59:43,31.2,208.5,215.9,3.1,2660.0,250.2
2018-06-25T11:00:14,31.2,186.0,194.6,4.7,2670.0,250.2
2018-06-25T11:00:46,31.2,170.7,222.4,4.6,2690.0,250.2
2018-06-25T11:01:17,31.2,189.6,242.5,4.7,2700.0,252.2
2018-06-25T11:01:48,31.2,209.7,242.5,4.9,2720.0,251.2
2018-06-25T11:02:19,31.2,214.4,234.2,3.7,2730.0,251.2
2018-06-25T11:02:50,31.4,217.3,237.2,3.3,2750.0,249.3
2018-06-25T11:03:21,31.5,212.0,236.0,3.4,2760.0,249.3
2018-06-25T11:03:52,31.5,210.8,229.5,2.9,2770.0,249.3
2018-06-25T11:04:23,31.6,209.7,238.4,2.9,2780.0,248.3
2018-06-25T11:04:54,31.6,215.0,228.9,2.8,2790.0,249.3
2018-06-25T11:05:25,31.5,196.1,221.2,3.0,2800.0,248.3
2018-06-25T11:05:57,31.4,162.4,249.6,4.3,2810.0,250.2
2018-06-25T11:06:28,31.2,148.8,228.3,4.3,2830.0,250.2
2018-06-25T11:06:59,31.2,170.1,233.0,3.7,2840.0,250.2
2018-06-25T11:07:30,31.2,212.6,202.3,4.7,2850.0,251.2
2018-06-25T11:08:01,31.2,208.5,184.5,4.6,2870.0,250.2
2018-06-25T11:08:32,31.4,208.5,212.9,4.1,2890.0,250.2
2018-06-25T11:09:03,31.6,207.9,225.9,3.6,2900.0,248.3
2018-06-25T11:09:34,31.6,210.2,231.9,2.5,2910.0,247.3
2018-06-25T11:10:05,31.7,209.7,230.7,2.1,2920.0,248.3
2018-06-25T11:10:36,31.7,208.5,230.7,2.0,2930.0,248.3
2018-06-25T11:11:08,31.7,208.5,227.1,1.8,2940.0,248.3
2018-06-25T11:11:39,31.7,212.0,226.5,1.6,2940.0,248.3
2018-06-25T11:12:10,31.6,208.5,225.4,1.6,2950.0,247.3
2018-06-25T11:12:41,31.6,210.2,234.8,1.7,2960.0,248.3
2018-06-25T11:13:12,31.7,212.6,221.2,1.5,2960.0,249.3
2018-06-25T11:13:43,31.7,214.4,221.8,1.6,2970.0,247.3
2018-06-25T11:14:14,31.7,208.5,218.8,1.5,2970.0,247.3
2018-06-25T11:14:45,31.7,207.9,228.3,1.7,2980.0,246.4
2018-06-25T11:15:16,31.6,207.9,239.5,1.8,2990.0,246.4
2018-06-25T11:15:47,31.4,215.0,225.9,1.7,2990.0,247.3
2018-06-25T11:16:19,31.4,219.7,221.2,1.7,3000.0,247.3
2018-06-25T11:16:50,31.2,209.1,237.2,1.8,3000.0,247.3
2018-06-25T11:17:21,31.4,213.2,223.6,2.0,3010.0,247.3
2018-06-25T11:17:52,31.4,208.5,246.6,1.9,3020.0,247.3
2018-06-25T11:18:23,31.4,212.0,220.6,2.1,3030.0,247.3
2018-06-25T11:18:54,31.4,215.0,239.5,2.1,3030.0,247.3
2018-06-25T11:19:25,31.5,207.9,215.3,2.2,3040.0,249.3
2018-06-25T11:19:56,31.5,178.3,223.6,3.0,3050.0,248.3
2018-06-25T11:20:27,31.6,195.5,221.8,3.1,3060.0,248.3
2018-06-25T11:21:03,31.6,217.9,239.0,3.3,3080.0,249.3
2018-06-25T11:21:34,31.6,212.0,221.8,2.9,3090.0,249.3
2018-06-25T11:22:05,31.7,207.3,245.5,3.6,3100.0,248.3
2018-06-25T11:22:36,31.7,212.6,236.6,2.7,3110.0,248.3
2018-06-25T11:23:07,31.7,197.3,212.3,3.5,3120.0,249.3
2018-06-25T11:23:38,31.7,209.1,223.0,2.6,3130.0,248.3
2018-06-25T11:24:09,31.8,194.3,252.6,4.1,3140.0,250.2
2018-06-25T11:24:40,31.8,194.9,238.4,3.3,3150.0,249.3
2018-06-25T11:25:11,31.9,209.7,249.6,4.5,3170.0,248.3
2018-06-25T11:25:43,32.0,204.9,249.0,6.0,3190.0,251.2
2018-06-25T11:26:14,32.2,200.2,251.4,4.1,3200.0,250.2
2018-06-25T11:26:45,32.2,219.1,229.5,4.3,3220.0,251.2
2018-06-25T11:27:16,32.3,207.3,245.5,3.8,3240.0,250.2
2018-06-25T11:27:47,32.3,207.9,231.3,3.2,3250.0,247.3
2018-06-25T11:28:18,32.4,202.6,218.3,3.4,3260.0,249.3
2018-06-25T11:28:49,32.4,219.7,252.6,4.6,3280.0,250.2
2018-06-25T11:29:20,32.5,189.6,221.2,6.6,3290.0,251.2
2018-06-25T11:29:51,32.5,195.5,221.8,5.9,3320.0,251.2
2018-06-25T11:30:22,32.6,207.3,224.2,4.7,3340.0,251.2
2018-06-25T11:30:54,32.7,213.8,206.4,5.1,3350.0,251.2
2018-06-25T11:31:25,32.7,210.2,211.7,4.5,3370.0,250.2
2018-06-25T11:31:56,32.9,193.7,230.7,6.4,3390.0,250.2
2018-06-25T11:32:27,33.0,203.7,226.5,6.3,3410.0,250.2
2018-06-25T11:32:58,33.0,203.7,229.5,6.3,3430.0,251.2
2018-06-25T11:33:29,33.0,202.0,223.0,6.3,3450.0,251.2
2018-06-25T11:34:00,33.1,199.6,230.7,6.3,3480.0,251.2
2018-06-25T11:34:31,33.2,203.2,230.1,6.1,3500.0,251.2
2018-06-25T11:35:02,33.2,196.1,232.4,6.4,3520.0,251.2
2018-06-25T11:35:34,33.3,201.4,226.5,6.2,3540.0,251.2
2018-06-25T11:36:05,33.3,203.2,230.1,6.1,3560.0,250.2
2018-06-25T11:36:36,33.4,202.0,225.9,6.1,3580.0,250.2
2018-06-25T11:37:07,33.4,199.6,226.5,6.2,3600.0,250.2
2018-06-25T11:37:38,33.5,199.6,224.2,6.1,3620.0,250.2
2018-06-25T11:38:09,33.7,194.3,221.8,6.1,3640.0,250.2
2018-06-25T11:38:40,33.7,191.9,225.9,6.3,3660.0,250.2
2018-06-25T11:39:11,33.7,194.9,228.3,6.1,3680.0,249.3
2018-06-25T11:39:42,33.8,198.4,227.7,6.1,3700.0,249.3
2018-06-25T11:40:13,33.7,199.6,220.6,6.2,3720.0,250.2
2018-06-25T11:40:45,33.7,199.0,220.6,6.0,3740.0,249.3
2018-06-25T11:41:16,33.8,203.7,218.3,5.8,3770.0,249.3
2018-06-25T11:41:47,33.8,193.7,223.6,6.1,3780.0,250.2
2018-06-25T11:42:18,33.9,200.8,212.9,5.9,3800.0,250.2
2018-06-25T11:42:49,34.0,199.6,220.0,6.0,3830.0,249.3
2018-06-25T11:43:20,34.0,200.8,226.5,5.9,3850.0,249.3
2018-06-25T11:43:51,34.0,197.8,224.2,6.0,3870.0,250.2
2018-06-25T11:44:22,34.1,193.7,218.3,6.1,3890.0,248.3
2018-06-25T11:44:53,34.1,195.5,219.4,6.2,3910.0,249.3
2018-06-25T11:45:24,34.1,199.0,219.4,6.0,3930.0,250.2
2018-06-25T11:45:55,34.1,197.8,221.2,6.1,3950.0,250.2
2018-06-25T11:46:27,34.2,194.9,222.4,6.1,3970.0,250.2
2018-06-25T11:46:58,34.2,193.1,221.8,6.3,3990.0,249.3
2018-06-25T11:47:29,34.4,197.3,221.8,6.2,4010.0,249.3
2018-06-25T11:48:00,34.4,202.0,215.3,5.9,4030.0,250.2
2018-06-25T11:48:31,34.4,196.1,215.9,6.2,4050.0,249.3
2018-06-25T11:49:02,34.4,196.1,218.8,6.1,4070.0,251.2
2018-06-25T11:49:33,34.5,200.8,225.4,6.1,4090.0,250.2
2018-06-25T11:50:04,34.5,193.7,221.2,6.2,4110.0,249.3
2018-06-25T11:50:35,34.6,200.2,228.9,6.2,4130.0,249.3
2018-06-25T11:51:07,34.6,190.8,221.8,6.3,4150.0,250.2
2018-06-25T11:51:38,34.7,195.5,220.0,6.3,4170.0,250.2
2018-06-25T11:52:09,34.7,193.7,225.4,6.4,4190.0,251.2
2018-06-25T11:52:40,34.7,194.3,226.5,6.5,4210.0,252.2
2018-06-25T11:53:11,34.8,199.6,222.4,6.4,4240.0,251.2
2018-06-25T11:53:42,34.8,195.5,218.3,6.5,4260.0,251.2
2018-06-25T11:54:13,34.9,194.9,223.6,6.3,4280.0,252.2
2018-06-25T11:54:44,34.9,191.3,220.0,6.7,4300.0,252.2
2018-06-25T11:55:15,34.9,193.7,220.0,6.7,4320.0,252.2
2018-06-25T11:55:46,35.0,194.9,217.7,6.4,4340.0,251.2
2018-06-25T11:56:18,34.9,197.8,223.6,6.3,4360.0,252.2
2018-06-25T11:56:49,34.9,193.7,216.5,6.4,4390.0,251.2
2018-06-25T11:57:20,34.9,197.8,219.4,6.2,4410.0,251.2
2018-06-25T11:57:51,35.0,195.5,223.6,6.2,4430.0,252.2
2018-06-25T11:58:22,35.2,200.2,214.1,6.0,4450.0,251.2
2018-06-25T11:58:53,35.2,196.7,222.4,5.9,4470.0,252.2
2018-06-25T11:59:24,35.2,198.4,220.6,5.4,4490.0,251.2
2018-06-25T11:59:55,35.2,178.9,205.2,4.3,4500.0,249.3
2018-06-25T12:00:26,35.0,187.8,171.5,6.6,4520.0,251.2
2018-06-25T12:00:57,34.8,199.6,185.1,3.8,4530.0,250.2
2018-06-25T12:01:28,34.8,192.5,215.3,4.9,4550.0,251.2
2018-06-25T12:01:59,34.9,204.3,227.7,5.8,4570.0,253.1
2018-06-25T12:02:30,34.9,195.5,218.3,5.4,4580.0,252.2
2018-06-25T12:03:01,35.0,181.3,229.5,4.7,4600.0,251.2
2018-06-25T12:03:32,35.2,206.1,205.2,4.4,4620.0,252.2
2018-06-25T12:04:03,35.2,199.6,201.1,5.4,4630.0,252.2
2018-06-25T12:04:34,35.3,188.4,222.4,4.7,4650.0,251.2
2018-06-25T12:05:05,35.3,165.4,244.3,5.0,4660.0,251.2
2018-06-25T12:05:37,35.3,160.6,234.8,3.4,4680.0,250.2
2018-06-25T12:06:08,35.3,186.0,210.0,3.2,4690.0,249.3
2018-06-25T12:06:39,35.3,199.6,201.7,2.7,4700.0,250.2
2018-06-25T12:07:10,35.3,206.1,215.9,2.8,4710.0,250.2
2018-06-25T12:07:41,35.3,219.1,221.2,2.9,4720.0,250.2
2018-06-25T12:08:12,35.3,199.6,237.2,5.0,4730.0,251.2
2018-06-25T12:08:43,35.4,202.6,237.2,1.9,4750.0,250.2
2018-06-25T12:09:14,35.4,200.8,216.5,1.8,4750.0,249.3
2018-06-25T12:09:45,35.4,188.4,188.1,5.2,4760.0,251.2
2018-06-25T12:10:16,35.4,196.7,197.5,4.8,4780.0,249.3
2018-06-25T12:10:48,35.4,206.7,210.6,1.9,4790.0,249.3
2018-06-25T12:11:19,35.4,194.9,227.7,1.9,4790.0,248.3
2018-06-25T12:11:50,35.4,207.9,210.6,1.9,4800.0,249.3
2018-06-25T12:12:21,35.3,212.6,227.7,1.8,4810.0,247.3
2018-06-25T12:12:52,35.2,194.3,220.6,1.9,4810.0,248.3
2018-06-25T12:13:23,35.0,214.4,233.0,1.7,4820.0,248.3
2018-06-25T12:13:54,35.0,209.7,219.4,1.8,4830.0,248.3
2018-06-25T12:14:25,34.9,187.2,231.9,2.3,4840.0,248.3
2018-06-25T12:14:56,34.9,187.8,225.9,2.2,4850.0,249.3
2018-06-25T12:15:27,34.9,189.6,228.3,1.9,4850.0,248.3
2018-06-25T12:15:59,34.9,187.2,230.1,1.8,4860.0,248.3
2018-06-25T12:16:30,34.8,186.0,227.1,1.9,4870.0,246.4
2018-06-25T12:17:01,34.9,190.2,218.3,2.0,4870.0,247.3
2018-06-25T12:17:32,34.9,187.8,229.5,2.1,4880.0,248.3
2018-06-25T12:18:03,34.9,211.4,231.3,2.0,4890.0,247.3
2018-06-25T12:18:34,34.9,215.0,231.3,1.9,4900.0,247.3
2018-06-25T12:19:05,35.0,212.6,224.8,1.9,4910.0,248.3
2018-06-25T12:19:36,35.0,205.5,232.4,1.9,4910.0,248.3
2018-06-25T12:20:07,35.0,213.2,211.2,3.1,4930.0,249.3
2018-06-25T12:20:38,35.0,212.0,229.5,3.7,4940.0,250.2
2018-06-25T12:21:10,35.0,200.8,231.3,2.0,4950.0,248.3
2018-06-25T12:21:41,35.0,213.2,228.3,1.9,4960.0,248.3
2018-06-25T12:22:12,35.0,202.6,242.5,2.4,4970.0,248.3
2018-06-25T12:22:43,35.0,228.6,228.3,3.1,4980.0,249.3
2018-06-25T12:23:14,35.0,207.3,237.2,4.8,5000.0,250.2
2018-06-25T12:23:45,35.2,203.2,239.5,2.8,5010.0,249.3
2018-06-25T12:24:16,35.2,208.5,233.6,3.4,5020.0,248.3
2018-06-25T12:24:47,35.2,196.1,222.4,2.5,5040.0,249.3
2018-06-25T12:25:18,35.2,210.2,225.9,2.6,5050.0,248.3
2018-06-25T12:25:49,35.2,205.5,240.7,4.5,5060.0,251.2
2018-06-25T12:26:21,35.3,206.7,236.6,7.6,5080.0,253.1
2018-06-25T12:26:52,35.2,204.3,227.7,2.8,5100.0,250.2
2018-06-25T12:27:23,35.3,202.0,227.1,2.2,5110.0,248.3
2018-06-25T12:27:54,35.3,208.5,221.8,2.2,5120.0,249.3
2018-06-25T12:28:25,35.3,217.9,225.9,1.6,5130.0,247.3
2018-06-25T12:28:56,35.3,216.7,232.4,1.6,5130.0,247.3
2018-06-25T12:29:27,35.3,209.1,221.2,1.9,5140.0,248.3
2018-06-25T12:29:58,35.3,216.2,227.7,1.8,5150.0,247.3
2018-06-25T12:30:29,35.3,217.3,228.3,1.7,5160.0,246.4
2018-06-25T12:31:00,35.3,210.8,221.8,1.8,5160.0,247.3
2018-06-25T12:31:31,35.3,210.8,225.9,1.7,5170.0,247.3
2018-06-25T12:32:02,35.3,215.6,231.3,1.6,5180.0,246.4
2018-06-25T12:32:33,35.3,213.2,229.5,1.6,5180.0,247.3
2018-06-25T12:33:04,35.3,217.9,236.6,1.3,5190.0,247.3
2018-06-25T12:33:35,35.3,215.6,227.1,1.3,5200.0,247.3
2018-06-25T12:34:06,35.2,215.0,230.7,1.2,5200.0,248.3
2018-06-25T12:34:37,35.2,216.7,231.3,1.1,5210.0,247.3
2018-06-25T12:35:08,35.0,216.2,237.2,1.1,5210.0,246.4
2018-06-25T12:35:40,35.0,217.3,224.2,1.1,5220.0,246.4
2018-06-25T12:36:11,35.0,201.4,232.4,1.1,5220.0,248.3
2018-06-25T12:36:42,35.0,192.5,221.2,1.3,5230.0,248.3
2018-06-25T12:37:13,35.0,190.8,237.2,1.4,5230.0,247.3
2018-06-25T12:37:44,34.9,189.6,229.5,1.5,5240.0,247.3
2018-06-25T12:38:15,34.8,186.0,225.9,1.5,5240.0,247.3
2018-06-25T12:38:46,34.6,190.8,235.4,1.5,5250.0,249.3
2018-06-25T12:39:17,34.5,186.6,233.6,1.5,5260.0,248.3
2018-06-25T12:39:48,34.5,210.2,228.3,1.4,5260.0,247.3
2018-06-25T12:40:19,34.2,208.5,239.0,1.6,5270.0,248.3
2018-06-25T12:40:51,34.2,179.5,245.5,2.3,5280.0,248.3
2018-06-25T12:41:22,34.2,191.9,239.5,1.6,5280.0,248.3
2018-06-25T12:41:53,34.4,208.5,228.9,1.6,5290.0,247.3
2018-06-25T12:42:24,34.4,212.6,231.3,1.4,5300.0,247.3
2018-06-25T12:42:55,34.5,212.6,229.5,1.3,5300.0,246.4
2018-06-25T12:43:26,34.5,206.1,232.4,1.1,5310.0,247.3
2018-06-25T12:43:57,34.5,207.9,228.3,1.1,5310.0,246.4
2018-06-25T12:44:28,34.5,204.9,227.7,1.1,5320.0,247.3
2018-06-25T12:44:59,34.5,208.5,226.5,1.2,5320.0,247.3
2018-06-25T12:45:30,34.6,211.4,232.4,1.0,5320.0,246.4
2018-06-25T12:46:02,34.6,215.6,222.4,1.1,5330.0,248.3
2018-06-25T12:46:33,34.6,217.9,231.3,1.0,5330.0,247.3
2018-06-25T12:47:04,34.5,216.2,227.7,0.9,5340.0,246.4
2018-06-25T12:47:35,34.6,212.0,228.3,0.9,5340.0,246.4
2018-06-25T12:48:06,34.6,217.9,223.0,0.9,5340.0,246.4
2018-06-25T12:48:37,34.6,211.4,223.0,0.8,5350.0,246.4
2018-06-25T12:49:08,34.5,216.2,232.4,0.8,5350.0,245.4
2018-06-25T12:49:39,34.6,203.7,231.9,0.9,5360.0,246.4
2018-06-25T12:50:10,34.5,217.9,229.5,0.7,5360.0,246.4
2018-06-25T12:50:41,34.5,204.9,232.4,0.8,5360.0,246.4
2018-06-25T12:51:12,34.5,212.0,221.8,0.9,5360.0,246.4
2018-06-25T12:51:43,34.5,204.9,238.4,0.8,5370.0,245.4
2018-06-25T12:52:14,34.5,217.9,221.2,0.8,5370.0,246.4
2018-06-25T12:52:45,34.5,200.8,228.3,0.9,5370.0,245.4
2018-06-25T12:53:16,34.5,219.1,232.4,0.8,5380.0,248.3
2018-06-25T12:53:47,34.4,197.3,211.2,1.0,5380.0,247.3
2018-06-25T12:54:18,34.1,175.4,232.4,1.1,5390.0,247.3
2018-06-25T12:54:49,34.1,154.7,233.6,1.2,5390.0,246.4
2018-06-25T12:55:20,34.1,165.9,230.7,1.2,5390.0,246.4
2018-06-25T12:55:52,34.0,193.1,218.3,1.3,5400.0,247.3
2018-06-25T12:56:23,33.9,217.9,201.1,1.3,5400.0,247.3
2018-06-25T12:56:54,33.7,219.7,231.3,1.3,5410.0,247.3
2018-06-25T12:57:25,33.7,215.0,242.5,1.4,5410.0,248.3
2018-06-25T12:57:56,33.7,221.5,248.4,1.6,5420.0,248.3
2018-06-25T12:58:27,33.5,200.2,225.4,1.9,5430.0,247.3
2018-06-25T12:58:58,33.7,193.1,202.3,2.3,5440.0,248.3
2018-06-25T12:59:29,33.7,195.5,223.6,1.9,5450.0,249.3
2018-06-25T13:00:00,33.5,202.6,238.4,1.6,5460.0,249.3
2018-06-25T13:00:32,33.4,219.1,249.0,1.4,5460.0,249.3
2018-06-25T13:01:03,33.3,223.2,233.0,1.2,5470.0,248.3
2018-06-25T13:01:34,33.3,222.7,237.8,1.1,5480.0,249.3
2018-06-25T13:02:05,33.3,219.1,234.2,1.2,5480.0,247.3
2018-06-25T13:02:36,33.2,209.7,243.1,1.1,5490.0,247.3
2018-06-25T13:03:07,33.2,220.3,229.5,1.0,5490.0,246.4
2018-06-25T13:03:38,33.2,213.8,234.8,1.0,5500.0,246.4
2018-06-25T13:04:09,33.1,211.4,230.1,0.8,5500.0,246.4
2018-06-25T13:04:40,33.1,209.1,229.5,0.8,5500.0,246.4
2018-06-25T13:05:11,33.2,211.4,230.7,0.8,5510.0,247.3
2018-06-25T13:05:43,33.2,211.4,228.9,0.7,5510.0,245.4
2018-06-25T13:06:14,33.3,214.4,234.8,0.7,5510.0,245.4
2018-06-25T13:06:45,33.3,215.6,231.3,0.6,5520.0,244.4
2018-06-25T13:07:16,33.3,200.2,232.4,0.6,5520.0,245.4
2018-06-25T13:07:47,33.3,214.4,234.2,0.6,5520.0,245.4
2018-06-25T13:08:18,33.3,203.7,220.6,0.6,5530.0,245.4
2018-06-25T13:08:49,33.3,213.2,234.2,0.6,5530.0,246.4
2018-06-25T13:09:20,33.3,215.6,236.6,0.6,5530.0,246.4
2018-06-25T13:09:51,33.3,202.0,215.9,0.6,5530.0,245.4
2018-06-25T13:10:22,33.3,216.2,211.2,0.5,5540.0,247.3
2018-06-25T13:10:54,33.3,207.9,218.3,0.6,5540.0,245.4
2018-06-25T13:11:25,33.3,215.6,225.9,0.6,5540.0,245.4
2018-06-25T13:11:56,33.3,204.3,237.2,0.6,5540.0,244.4
2018-06-25T13:12:27,33.3,215.6,218.3,0.6,5550.0,246.4
2018-06-25T13:12:58,33.3,203.7,239.0,0.6,5550.0,245.4
2018-06-25T13:13:29,33.3,182.5,221.2,0.6,5550.0,245.4
2018-06-25T13:14:00,33.3,199.6,241.9,0.6,5550.0,245.4
2018-06-25T13:14:31,33.3,220.9,225.4,0.5,5560.0,245.4
2018-06-25T13:15:02,33.3,199.6,235.4,0.6,5560.0,245.4
2018-06-25T13:15:34,33.3,192.5,232.4,0.6,5560.0,246.4
2018-06-25T13:16:05,33.3,215.6,224.2,0.6,5570.0,244.4
2018-06-25T13:16:36,33.3,205.5,242.5,0.7,5570.0,246.4
2018-06-25T13:17:07,33.3,217.9,218.8,0.7,5570.0,246.4
2018-06-25T13:17:38,33.3,200.2,237.2,0.7,5570.0,245.4
2018-06-25T13:18:09,33.3,180.7,237.2,0.8,5580.0,246.4
2018-06-25T13:18:40,33.3,159.4,215.3,1.0,5580.0,245.4
2018-06-25T13:19:11,33.3,142.9,232.4,1.0,5580.0,245.4
2018-06-25T13:19:42,33.3,165.9,239.5,1.0,5590.0,248.3
2018-06-25T13:20:13,33.3,187.8,228.9,1.0,5590.0,247.3
2018-06-25T13:20:44,33.3,213.2,235.4,0.9,5600.0,247.3
2018-06-25T13:21:16,33.3,213.8,214.1,1.0,5600.0,246.4
2018-06-25T13:21:47,33.3,199.0,234.2,0.9,5600.0,247.3
2018-06-25T13:22:18,33.2,219.7,241.3,0.9,5610.0,248.3
2018-06-25T13:22:49,33.2,206.7,226.5,1.0,5610.0,248.3
2018-06-25T13:23:20,33.2,185.4,221.8,1.1,5620.0,249.3
2018-06-25T13:23:51,33.2,164.8,247.2,1.3,5620.0,248.3
2018-06-25T13:24:22,33.2,135.8,218.8,2.6,5630.0,250.2
2018-06-25T13:24:53,33.2,122.2,203.5,3.2,5630.0,248.3
2018-06-25T13:25:24,33.3,119.9,181.6,6.6,5650.0,250.2
2018-06-25T13:25:55,33.3,140.0,198.7,4.8,5660.0,252.2
2018-06-25T13:26:27,33.3,171.9,231.3,6.9,5680.0,253.1
2018-06-25T13:26:58,33.4,178.3,236.6,6.6,5700.0,252.2
2018-06-25T13:27:29,33.4,175.4,233.6,6.5,5720.0,252.2
2018-06-25T13:28:00,33.5,174.2,237.2,6.9,5750.0,252.2
2018-06-25T13:28:31,33.7,180.7,234.2,6.4,5770.0,252.2
2018-06-25T13:29:02,33.8,186.0,236.6,5.8,5790.0,252.2
2018-06-25T13:29:33,33.8,180.1,228.3,6.1,5810.0,253.1
2018-06-25T13:30:04,33.8,182.5,224.2,6.1,5830.0,253.1
2018-06-25T13:30:35,33.9,179.5,224.2,6.1,5850.0,251.2
2018-06-25T13:31:07,33.9,181.9,220.0,6.1,5870.0,252.2
2018-06-25T13:31:38,34.0,177.8,220.0,5.9,5900.0,253.1
2018-06-25T13:32:09,34.1,180.7,221.2,2.8,5910.0,249.3
2018-06-25T13:32:40,34.2,189.0,215.9,2.4,5920.0,251.2
2018-06-25T13:33:11,34.2,161.2,250.8,5.9,5930.0,251.2
2018-06-25T13:33:42,34.4,140.0,225.9,7.1,5950.0,251.2
2018-06-25T13:34:13,34.4,163.0,233.6,7.1,5970.0,253.1
2018-06-25T13:34:44,34.5,163.6,227.1,7.0,5990.0,253.1
2018-06-25T13:35:15,34.5,158.9,223.0,6.7,6010.0,252.2
2018-06-25T13:35:51,34.6,153.5,220.6,6.2,6040.0,251.2
2018-06-25T13:36:23,34.7,151.8,215.3,7.5,6060.0,251.2
2018-06-25T13:36:54,34.7,153.5,234.2,7.4,6080.0,252.2
2018-06-25T13:37:25,34.8,156.5,225.9,3.1,6090.0,249.3
2018-06-25T13:37:56,34.8,157.7,221.2,1.7,6100.0,246.4
2018-06-25T13:38:27,34.9,160.0,218.8,1.4,6110.0,246.4
2018-06-25T13:38:58,34.8,163.0,220.6,1.1,6110.0,247.3
2018-06-25T13:39:29,34.8,156.5,217.1,1.1,6120.0,247.3
2018-06-25T13:40:00,34.8,158.3,217.1,0.9,6120.0,247.3
2018-06-25T13:40:31,34.8,170.1,220.6,0.8,6120.0,247.3
2018-06-25T13:41:02,34.6,190.8,225.4,0.7,6130.0,246.4
2018-06-25T13:41:33,34.6,202.6,225.4,0.8,6130.0,246.4
2018-06-25T13:42:04,34.6,199.6,224.2,0.7,6130.0,246.4
2018-06-25T13:42:35,34.6,195.5,225.4,0.7,6140.0,246.4
2018-06-25T13:43:06,34.6,206.1,225.4,0.7,6140.0,245.4
2018-06-25T13:43:37,34.6,191.9,218.3,0.6,6140.0,243.5
2018-06-25T13:44:08,34.5,202.6,222.4,0.7,6140.0,243.5
2018-06-25T13:44:39,34.5,206.1,208.2,0.7,6150.0,242.5
2018-06-25T13:45:10,34.5,206.1,218.8,0.6,6150.0,244.4
2018-06-25T13:45:42,34.4,204.9,225.9,0.6,6150.0,242.5
2018-06-25T13:46:18,34.2,194.3,216.5,0.6,6150.0,243.5
2018-06-25T13:46:49,34.2,212.6,231.3,0.6,6160.0,242.5
2018-06-25T13:47:20,34.2,190.2,210.0,0.6,6160.0,240.6
2018-06-25T13:47:51,34.1,168.9,188.7,0.7,6160.0,240.6
2018-06-25T13:48:22,34.1,183.7,209.4,0.8,6160.0,240.6
2018-06-25T13:48:53,34.0,181.9,223.6,0.7,6170.0,240.6
2018-06-25T13:49:24,34.0,178.9,223.6,0.6,6170.0,241.5
2018-06-25T13:49:55,34.0,199.6,215.9,0.6,6170.0,240.6
2018-06-25T13:50:26,33.9,205.5,223.0,0.6,6170.0,240.6
2018-06-25T13:50:58,33.9,205.5,228.3,0.6,6170.0,242.5
2018-06-25T13:51:29,33.9,212.6,214.1,0.6,6180.0,241.5
2018-06-25T13:52:00,33.9,204.3,225.9,0.6,6180.0,241.5
2018-06-25T13:52:31,33.9,202.0,231.3,0.6,6180.0,240.6
2018-06-25T13:53:02,33.8,209.7,211.7,0.6,6180.0,239.6
2018-06-25T13:53:33,33.8,202.6,209.4,0.6,6190.0,240.6
2018-06-25T13:54:04,33.8,214.4,232.4,0.6,6190.0,239.6
2018-06-25T13:54:35,33.8,193.1,231.9,0.7,6190.0,240.6
2018-06-25T13:55:06,33.8,177.2,210.6,0.7,6190.0,241.5
2018-06-25T13:55:38,33.8,182.5,212.3,0.7,6200.0,242.5
2018-06-25T13:56:09,33.8,199.0,230.7,0.7,6200.0,242.5
2018-06-25T13:56:40,33.7,218.5,227.7,0.7,6200.0,242.5
2018-06-25T13:57:11,33.7,198.4,215.3,0.8,6200.0,242.5
2018-06-25T13:57:42,33.7,218.5,237.2,0.7,6210.0,243.5
2018-06-25T13:58:13,33.7,202.0,223.6,0.7,6210.0,242.5
2018-06-25T13:58:44,33.7,211.4,235.4,0.7,6210.0,243.5
2018-06-25T13:59:15,33.7,208.5,221.8,0.7,6220.0,242.5
2018-06-25T13:59:46,33.5,216.2,220.6,0.7,6220.0,242.5
2018-06-25T14:00:17,33.5,205.5,231.9,0.7,6220.0,241.5
2018-06-25T14:00:48,33.5,210.8,223.6,0.6,6220.0,243.5
2018-06-25T14:01:20,33.5,202.0,236.6,0.6,6230.0,243.5
2018-06-25T14:01:51,33.5,191.3,241.9,0.7,6230.0,242.5
2018-06-25T14:02:22,33.5,185.4,218.8,0.7,6230.0,241.5
2018-06-25T14:02:53,33.5,181.9,232.4,0.6,6230.0,242.5
2018-06-25T14:03:24,33.4,192.5,228.3,0.6,6240.0,243.5
2018-06-25T14:03:55,33.4,213.8,220.6,0.6,6240.0,243.5
2018-06-25T14:04:26,33.4,206.1,242.5,0.5,6240.0,242.5
2018-06-25T14:04:57,33.4,185.4,222.4,0.6,6240.0,243.5
2018-06-25T14:05:28,33.4,202.6,211.2,0.6,6240.0,242.5
2018-06-25T14:05:59,33.4,216.7,234.8,0.6,6250.0,242.5
2018-06-25T14:06:31,33.3,201.4,228.3,0.5,6250.0,243.5
2018-06-25T14:07:02,33.3,218.5,213.5,0.6,6250.0,242.5
2018-06-25T14:07:33,33.4,197.8,235.4,0.6,6250.0,242.5
2018-06-25T14:08:04,33.3,217.3,232.4,0.5,6260.0,242.5
2018-06-25T14:08:35,33.3,203.2,211.2,0.6,6260.0,243.5
2018-06-25T14:09:06,33.3,189.6,233.6,0.6,6260.0,243.5
2018-06-25T14:09:37,33.2,210.2,225.9,0.6,6260.0,242.5
2018-06-25T14:10:08,33.2,212.6,229.5,0.5,6270.0,242.5
2018-06-25T14:10:39,33.1,191.3,229.5,0.6,6270.0,243.5
2018-06-25T14:11:11,33.2,194.3,224.2,0.6,6270.0,240.6
2018-06-25T14:11:42,33.1,215.0,239.5,0.5,6270.0,242.5
2018-06-25T14:12:13,33.1,207.9,217.1,0.5,6270.0,241.5
2018-06-25T14:12:44,33.1,187.8,237.2,0.6,6280.0,240.6
2018-06-25T14:13:15,33.0,167.7,228.9,0.6,6280.0,241.5
2018-06-25T14:13:46,32.9,164.2,218.3,0.6,6280.0,241.5
2018-06-25T14:14:17,32.9,187.2,240.7,0.6,6280.0,242.5
2018-06-25T14:14:48,32.9,208.5,226.5,0.6,6290.0,241.5
2018-06-25T14:15:19,32.7,194.9,231.9,0.6,6290.0,240.6
2018-06-25T14:15:50,32.7,170.7,254.9,0.8,6290.0,241.5
2018-06-25T14:16:21,32.7,130.5,278.0,4.2,6300.0,244.4
2018-06-25T14:16:52,32.9,114.6,250.2,5.0,6310.0,247.3
2018-06-25T14:17:23,32.9,151.8,222.4,5.1,6330.0,247.3
2018-06-25T14:17:54,33.0,152.9,224.8,3.8,6340.0,245.4
2018-06-25T14:18:25,33.0,152.9,241.3,3.8,6350.0,247.3
2018-06-25T14:18:56,33.1,148.8,242.5,4.6,6370.0,246.4
2018-06-25T14:19:27,33.1,144.7,233.0,1.8,6380.0,247.3
2018-06-25T14:19:58,33.2,130.5,249.0,1.9,6380.0,246.4
2018-06-25T14:20:29,33.2,134.6,237.8,2.3,6390.0,246.4
2018-06-25T14:21:01,33.2,106.3,204.6,5.7,6400.0,248.3
2018-06-25T14:21:32,33.2,144.7,237.2,5.5,6410.0,247.3
2018-06-25T14:22:03,33.3,148.2,230.7,5.6,6430.0,248.3
2018-06-25T14:22:34,33.3,151.8,234.8,5.5,6450.0,247.3
2018-06-25T14:23:05,33.4,155.3,236.6,5.1,6470.0,249.3
2018-06-25T14:23:36,33.4,150.0,234.8,5.5,6480.0,247.3
2018-06-25T14:24:07,33.5,141.7,232.4,5.9,6500.0,248.3
2018-06-25T14:24:38,33.7,134.6,230.7,5.9,6520.0,249.3
2018-06-25T14:25:09,33.7,135.8,227.1,5.9,6540.0,249.3
2018-06-25T14:25:40,33.8,131.1,228.9,6.1,6560.0,249.3
2018-06-25T14:26:12,33.8,129.3,227.7,6.3,6570.0,249.3
2018-06-25T14:26:43,33.9,138.8,230.1,5.7,6590.0,248.3
2018-06-25T14:27:14,33.9,138.8,229.5,6.2,6610.0,248.3
2018-06-25T14:27:45,34.0,139.4,226.5,4.7,6630.0,248.3
2018-06-25T14:28:16,34.0,146.4,215.3,3.0,6640.0,247.3
2018-06-25T14:28:47,34.1,151.8,212.3,3.1,6650.0,247.3
2018-06-25T14:29:18,34.1,164.8,192.2,3.2,6660.0,247.3
2018-06-25T14:29:49,34.1,165.4,223.0,3.5,6670.0,248.3
2018-06-25T14:30:20,34.1,163.6,211.7,3.7,6680.0,247.3
2018-06-25T14:30:51,34.2,134.0,186.3,5.9,6700.0,248.3
2018-06-25T14:31:23,34.1,135.8,215.9,6.0,6710.0,249.3
2018-06-25T14:31:54,34.1,140.5,220.6,6.2,6730.0,249.3
2018-06-25T14:32:25,34.1,144.1,225.4,5.8,6750.0,249.3
2018-06-25T14:32:56,34.2,138.8,224.2,6.1,6770.0,250.2
2018-06-25T14:33:27,34.2,142.9,223.6,5.9,6790.0,250.2
2018-06-25T14:33:58,34.2,140.5,223.6,6.0,6800.0,249.3
2018-06-25T14:34:29,34.2,142.3,216.5,5.7,6820.0,250.2
2018-06-25T14:35:00,34.4,140.0,221.8,5.9,6840.0,250.2
2018-06-25T14:35:31,34.2,137.0,221.2,5.8,6850.0,249.3
2018-06-25T14:36:03,34.2,137.0,220.6,5.1,6870.0,249.3
2018-06-25T14:36:34,34.2,131.1,224.2,1.8,6880.0,246.4
2018-06-25T14:37:05,34.2,160.0,197.5,3.5,6890.0,247.3
2018-06-25T14:37:36,34.2,144.1,204.1,2.7,6900.0,246.4
2018-06-25T14:38:07,34.2,128.7,200.5,2.7,6910.0,246.4
2018-06-25T14:38:38,34.2,119.9,224.2,5.5,6920.0,250.2
2018-06-25T14:39:09,34.2,140.0,220.6,5.4,6940.0,250.2
2018-06-25T14:39:40,34.1,147.0,220.6,4.8,6950.0,247.3
2018-06-25T14:40:11,34.1,145.3,227.1,1.0,6960.0,245.4
2018-06-25T14:40:42,34.1,131.7,220.6,0.7,6960.0,244.4
2018-06-25T14:41:13,34.0,138.8,214.7,0.6,6970.0,244.4
2018-06-25T14:41:44,33.9,159.4,215.3,0.6,6970.0,245.4
2018-06-25T14:42:15,33.8,181.9,214.7,0.5,6970.0,245.4
2018-06-25T14:42:46,33.8,202.6,218.8,0.5,6970.0,244.4
2018-06-25T14:43:17,33.8,191.9,219.4,0.5,6980.0,244.4
2018-06-25T14:43:48,33.8,196.7,221.2,0.5,6980.0,245.4
2018-06-25T14:44:19,33.8,202.0,217.7,0.5,6980.0,244.4
2018-06-25T14:44:50,33.8,187.2,226.5,0.5,6980.0,245.4
2018-06-25T14:45:21,33.7,207.9,220.6,0.5,6980.0,243.5
2018-06-25T14:45:53,33.7,187.8,221.2,0.5,6990.0,246.4
2018-06-25T14:46:25,33.7,194.9,215.3,0.5,6990.0,245.4
2018-06-25T14:46:56,33.7,204.3,231.3,0.4,6990.0,244.4
2018-06-25T14:47:27,33.8,184.3,210.6,0.5,6990.0,245.4
2018-06-25T14:47:58,33.8,187.8,216.5,0.5,6990.0,246.4
2018-06-25T14:48:29,33.8,209.1,225.9,0.4,6990.0,245.4
2018-06-25T14:49:00,33.8,191.9,208.2,0.4,7000.0,246.4
2018-06-25T14:49:31,33.8,200.8,230.1,0.5,7000.0,244.4
2018-06-25T14:50:02,33.7,200.2,221.2,0.4,7000.0,244.4
2018-06-25T14:50:33,33.7,187.8,210.6,0.5,7000.0,243.5
2018-06-25T14:51:05,33.7,209.1,233.6,0.4,7000.0,244.4
2018-06-25T14:51:36,33.7,199.6,220.6,0.5,7010.0,244.4
2018-06-25T14:52:07,33.7,178.3,198.7,0.5,7010.0,245.4
2018-06-25T14:52:38,33.7,193.1,211.2,0.5,7010.0,245.4
2018-06-25T14:53:09,33.7,213.2,233.0,0.4,7010.0,244.4
2018-06-25T14:53:40,33.7,190.8,222.4,0.5,7010.0,244.4
2018-06-25T14:54:11,33.7,208.5,234.2,0.5,7010.0,243.5
2018-06-25T14:54:42,33.7,189.0,214.1,0.5,7020.0,245.4
2018-06-25T14:55:13,33.5,187.2,230.1,0.5,7020.0,244.4
2018-06-25T14:55:44,33.5,210.8,229.5,0.5,7020.0,243.5
2018-06-25T14:56:15,33.5,196.7,230.1,0.5,7020.0,245.4
2018-06-25T14:56:46,33.5,215.0,234.2,0.5,7030.0,245.4
2018-06-25T14:57:17,33.5,199.0,220.6,0.5,7030.0,245.4
2018-06-25T14:57:48,33.5,193.1,228.3,0.6,7030.0,245.4
2018-06-25T14:58:19,33.5,208.5,224.8,0.5,7030.0,244.4
2018-06-25T14:58:50,33.5,198.4,235.4,0.5,7030.0,245.4
2018-06-25T14:59:21,33.4,200.8,223.6,0.5,7040.0,244.4
2018-06-25T14:59:52,33.4,212.6,243.7,0.4,7040.0,244.4
2018-06-25T15:00:23,33.4,205.5,230.7,0.5,7040.0,244.4
2018-06-25T15:00:55,33.4,206.7,233.6,0.5,7040.0,244.4
2018-06-25T15:01:26,33.4,202.0,231.3,0.5,7040.0,244.4
2018-06-25T15:01:57,33.4,203.7,218.8,0.5,7040.0,243.5
2018-06-25T15:02:28,33.3,200.2,237.2,0.5,7050.0,243.5
2018-06-25T15:02:59,33.3,213.2,231.3,0.5,7050.0,244.4
2018-06-25T15:03:30,33.3,194.9,230.1,0.5,7050.0,245.4
2018-06-25T15:04:01,33.3,213.8,235.4,0.5,7050.0,243.5
2018-06-25T15:04:32,33.2,191.9,229.5,0.5,7050.0,244.4
2018-06-25T15:05:03,33.2,206.7,222.4,0.5,7060.0,244.4
2018-06-25T15:05:35,33.2,197.3,241.3,0.5,7060.0,244.4
2018-06-25T15:06:06,33.2,187.8,241.9,0.6,7060.0,244.4
2018-06-25T15:06:37,33.2,183.1,225.4,0.5,7060.0,244.4
2018-06-25T15:07:08,33.2,206.7,233.0,0.5,7070.0,245.4
2018-06-25T15:07:39,33.1,204.9,214.1,0.5,7070.0,245.4
2018-06-25T15:08:10,33.1,202.6,229.5,0.5,7070.0,245.4
2018-06-25T15:08:41,33.0,213.8,234.2,0.5,7070.0,245.4
2018-06-25T15:09:12,33.0,193.1,221.2,0.5,7070.0,245.4
2018-06-25T15:09:43,33.0,186.6,242.5,0.6,7080.0,244.4
2018-06-25T15:10:14,33.0,202.0,234.2,0.5,7080.0,245.4
2018-06-25T15:10:46,33.0,194.9,231.3,0.5,7080.0,244.4
2018-06-25T15:11:17,33.0,216.2,221.8,0.4,7080.0,244.4
2018-06-25T15:11:48,33.0,199.0,238.4,0.5,7090.0,245.4
2018-06-25T15:12:19,32.9,207.3,237.2,0.5,7090.0,245.4
2018-06-25T15:12:50,32.7,212.6,222.4,0.4,7090.0,245.4
2018-06-25T15:13:21,32.7,207.9,242.5,0.4,7090.0,245.4
2018-06-25T15:13:52,32.6,206.1,220.0,0.4,7090.0,243.5
2018-06-25T15:14:23,32.7,206.1,239.0,0.5,7100.0,244.4
2018-06-25T15:14:54,32.7,215.0,225.9,0.4,7100.0,243.5
2018-06-25T15:15:25,32.6,198.4,228.3,0.5,7100.0,243.5
2018-06-25T15:15:56,32.7,212.6,239.0,0.5,7100.0,244.4
2018-06-25T15:16:28,32.6,204.9,223.0,0.4,7100.0,244.4
2018-06-25T15:16:59,32.7,204.9,233.0,0.4,7110.0,243.5
2018-06-25T15:17:30,32.6,216.2,231.3,0.4,7110.0,244.4
2018-06-25T15:18:01,32.6,201.4,228.3,0.4,7110.0,243.5
2018-06-25T15:18:32,32.6,219.7,243.7,0.3,7110.0,244.4
2018-06-25T15:19:03,32.6,197.3,220.0,0.4,7110.0,244.4
2018-06-25T15:19:34,32.6,176.0,203.5,0.4,7120.0,243.5
2018-06-25T15:20:05,32.6,198.4,225.9,0.5,7120.0,243.5
2018-06-25T15:20:36,32.6,219.7,239.5,0.4,7120.0,244.4
2018-06-25T15:21:08,32.6,202.6,225.9,0.5,7120.0,244.4
2018-06-25T15:21:39,32.6,186.6,237.2,0.5,7120.0,243.5
2018-06-25T15:22:10,32.6,206.1,236.6,0.4,7130.0,242.5
2018-06-25T15:22:41,32.6,210.8,235.4,0.4,7130.0,242.5
2018-06-25T15:23:12,32.6,189.0,218.3,0.5,7130.0,242.5
2018-06-25T15:23:43,32.6,202.0,233.6,0.4,7130.0,242.5
2018-06-25T15:24:14,32.6,215.0,225.9,0.4,7130.0,242.5
2018-06-25T15:24:45,32.6,193.1,208.8,0.4,7140.0,242.5
2018-06-25T15:25:16,32.5,173.6,232.4,0.5,7140.0,243.5
2018-06-25T15:25:47,32.5,152.4,242.5,0.6,7140.0,242.5
2018-06-25T15:26:19,32.5,161.8,218.8,0.5,7140.0,242.5
2018-06-25T15:26:50,32.5,183.1,228.3,0.5,7140.0,243.5
2018-06-25T15:27:21,32.5,207.9,247.2,0.5,7150.0,243.5
2018-06-25T15:27:52,32.5,218.5,220.0,0.5,7150.0,243.5
2018-06-25T15:28:23,32.5,198.4,194.6,0.5,7150.0,243.5
2018-06-25T15:28:54,32.5,177.8,225.9,0.6,7150.0,243.5
2018-06-25T15:29:25,32.5,156.5,213.5,0.7,7160.0,243.5
2018-06-25T15:29:56,32.5,135.8,186.3,0.8,7160.0,244.4
2018-06-25T15:30:27,32.5,121.6,160.3,1.0,7170.0,244.4
2018-06-25T15:30:58,32.5,145.3,198.7,0.9,7170.0,246.4
2018-06-25T15:31:30,32.5,170.7,236.6,1.0,7180.0,246.4
2018-06-25T15:32:01,32.5,192.5,247.2,0.9,7190.0,247.3
2018-06-25T15:32:32,32.5,216.7,230.7,0.8,7200.0,247.3
2018-06-25T15:33:03,32.5,219.1,239.5,0.8,7210.0,247.3
2018-06-25T15:33:34,32.6,219.1,238.4,0.9,7210.0,246.4
2018-06-25T15:34:05,32.6,234.5,225.9,0.8,7220.0,246.4
2018-06-25T15:34:36,32.6,212.0,239.5,0.9,7230.0,246.4
2018-06-25T15:35:07,32.6,220.9,235.4,0.7,7240.0,244.4
2018-06-25T15:35:38,32.5,209.1,241.3,0.8,7250.0,246.4
2018-06-25T15:36:09,32.5,194.9,235.4,0.9,7250.0,246.4
2018-06-25T15:36:40,32.6,215.0,227.7,0.8,7260.0,246.4
2018-06-25T15:37:11,32.6,213.8,228.3,0.7,7270.0,245.4
2018-06-25T15:37:42,32.6,207.9,224.2,0.8,7280.0,246.4
2018-06-25T15:38:13,32.6,217.9,244.9,0.7,7280.0,246.4
2018-06-25T15:38:44,32.7,199.0,231.9,0.8,7290.0,246.4
2018-06-25T15:39:15,32.7,217.9,234.2,0.6,7300.0,245.4
2018-06-25T15:39:46,32.7,218.5,233.0,0.6,7310.0,246.4
2018-06-25T15:40:17,32.7,215.0,231.3,0.6,7310.0,244.4
2018-06-25T15:40:49,32.7,222.7,252.6,0.6,7320.0,244.4
2018-06-25T15:41:20,32.7,200.2,220.0,0.6,7320.0,245.4
2018-06-25T15:41:51,32.7,207.9,224.8,0.6,7330.0,245.4
2018-06-25T15:42:22,32.7,210.2,226.5,0.6,7330.0,243.5
2018-06-25T15:42:53,32.7,211.4,222.4,0.5,7330.0,244.4
2018-06-25T15:43:24,32.7,206.7,240.1,0.6,7340.0,243.5
2018-06-25T15:43:55,32.7,217.9,241.9,0.5,7340.0,244.4
2018-06-25T15:44:26,32.6,209.1,228.9,0.5,7340.0,243.5
2018-06-25T15:44:57,32.6,204.3,223.6,0.5,7340.0,244.4
2018-06-25T15:45:28,32.6,209.1,204.6,0.5,7350.0,242.5
2018-06-25T15:46:00,32.7,222.1,228.3,0.4,7350.0,243.5
2018-06-25T15:46:31,32.6,199.0,246.6,0.6,7350.0,244.4
2018-06-25T15:47:02,32.6,207.9,229.5,0.5,7360.0,243.5
2018-06-25T15:47:33,32.6,228.6,211.2,0.5,7360.0,244.4
2018-06-25T15:48:04,32.6,212.0,237.2,0.5,7370.0,244.4
2018-06-25T15:48:35,32.7,192.5,237.8,0.6,7370.0,244.4
2018-06-25T15:49:06,32.7,213.8,226.5,0.5,7370.0,243.5
2018-06-25T15:49:37,32.7,218.5,221.8,0.4,7380.0,243.5
2018-06-25T15:50:08,32.7,225.0,232.4,0.4,7380.0,244.4
2018-06-25T15:50:39,32.7,220.9,236.6,0.4,7390.0,243.5
2018-06-25T15:51:11,32.7,220.3,237.8,0.4,7390.0,243.5
2018-06-25T15:51:42,32.7,212.6,237.2,0.4,7390.0,243.5
2018-06-25T15:52:13,32.7,215.6,230.7,0.4,7390.0,243.5
2018-06-25T15:52:44,32.7,212.6,224.8,0.4,7400.0,244.4
2018-06-25T15:53:15,32.7,227.4,250.2,0.4,7400.0,244.4
2018-06-25T15:53:46,32.7,203.2,226.5,0.4,7400.0,244.4
2018-06-25T15:54:17,32.7,183.1,246.6,0.5,7410.0,243.5
2018-06-25T15:54:48,32.7,191.9,226.5,0.5,7410.0,245.4
2018-06-25T15:55:19,32.7,213.2,233.0,0.4,7410.0,244.4
2018-06-25T15:55:50,32.7,231.5,246.1,0.4,7420.0,243.5
2018-06-25T15:56:21,32.6,209.7,228.9,0.4,7420.0,244.4
2018-06-25T15:56:52,32.6,212.6,233.6,0.4,7420.0,243.5
2018-06-25T15:57:23,32.7,216.2,239.5,0.4,7430.0,243.5
2018-06-25T15:57:54,32.6,196.7,242.5,0.4,7430.0,243.5
2018-06-25T15:58:25,32.6,175.4,227.7,0.5,7430.0,243.5
2018-06-25T15:58:56,32.6,190.8,228.3,0.4,7430.0,244.4
2018-06-25T15:59:27,32.6,210.8,230.1,0.4,7440.0,243.5
2018-06-25T15:59:58,32.6,215.0,239.5,0.4,7440.0,243.5
2018-06-25T16:00:29,32.6,223.8,240.1,0.4,7440.0,245.4
2018-06-25T16:01:01,32.6,200.8,218.8,0.4,7440.0,242.5
2018-06-25T16:01:32,32.6,180.7,197.5,0.4,7450.0,243.5
2018-06-25T16:02:03,32.6,189.6,206.4,0.4,7450.0,243.5
2018-06-25T16:02:34,32.6,212.0,229.5,0.4,7450.0,242.5
2018-06-25T16:03:05,32.6,216.7,230.1,0.4,7450.0,243.5
2018-06-25T16:03:36,32.6,194.9,229.5,0.4,7460.0,243.5
2018-06-25T16:04:07,32.6,196.7,226.5,0.4,7460.0,243.5
2018-06-25T16:04:38,32.6,216.2,206.4,0.3,7460.0,243.5
2018-06-25T16:05:09,32.6,196.1,228.3,0.4,7460.0,244.4
2018-06-25T16:05:40,32.5,194.9,236.0,0.4,7460.0,244.4
2018-06-25T16:06:12,32.5,215.0,234.2,0.4,7460.0,243.5
2018-06-25T16:06:43,32.5,193.7,225.4,0.4,7470.0,244.4
2018-06-25T16:07:14,32.5,199.0,234.8,0.4,7470.0,243.5
2018-06-25T16:07:45,32.5,204.9,227.7,0.4,7470.0,244.4
2018-06-25T16:08:16,32.5,197.8,230.7,0.4,7470.0,245.4
2018-06-25T16:08:47,32.5,215.6,228.3,0.4,7470.0,245.4
2018-06-25T16:09:18,32.5,193.7,228.9,0.5,7470.0,245.4
2018-06-25T16:09:49,32.5,201.4,220.6,0.4,7480.0,245.4
2018-06-25T16:10:20,32.5,199.0,231.9,0.4,7480.0,246.4
2018-06-25T16:10:51,32.5,209.7,231.3,0.3,7480.0,246.4
2018-06-25T16:11:23,32.4,196.1,225.9,0.3,7480.0,245.4
2018-06-25T16:11:54,32.4,204.9,223.0,0.3,7480.0,245.4
2018-06-25T16:12:25,32.4,183.7,229.5,0.3,7480.0,245.4
2018-06-25T16:12:56,32.4,202.0,220.6,0.3,7480.0,245.4
2018-06-25T16:13:27,32.4,203.7,233.0,0.3,7490.0,246.4
2018-06-25T16:13:58,32.3,183.1,211.7,0.3,7490.0,245.4
2018-06-25T16:14:29,32.3,191.3,202.3,0.3,7490.0,244.4
2018-06-25T16:15:00,32.3,211.4,223.0,0.2,7490.0,244.4
2018-06-25T16:15:31,32.3,188.4,243.7,0.3,7490.0,244.4
2018-06-25T16:16:02,32.3,189.6,220.0,0.3,7490.0,245.4
2018-06-25T16:16:33,32.3,210.8,198.7,0.3,7490.0,245.4
2018-06-25T16:17:04,32.3,196.1,177.4,0.3,7490.0,244.4
2018-06-25T16:17:35,32.3,176.0,200.5,0.3,7490.0,245.4
2018-06-25T16:18:06,32.2,161.8,224.2,0.3,7490.0,244.4
2018-06-25T16:18:37,32.2,184.3,240.1,0.3,7500.0,246.4
2018-06-25T16:19:08,32.2,204.9,218.8,0.3,7500.0,245.4
2018-06-25T16:19:39,32.2,206.1,225.9,0.3,7500.0,244.4
2018-06-25T16:20:10,32.2,184.8,247.2,0.3,7500.0,244.4
2018-06-25T16:20:42,32.2,173.6,224.2,0.4,7500.0,244.4
2018-06-25T16:21:13,32.0,196.7,227.7,0.3,7500.0,243.5
2018-06-25T16:21:44,32.0,215.6,225.9,0.3,7500.0,244.4
2018-06-25T16:22:15,32.0,203.2,238.4,0.3,7500.0,244.4
2018-06-25T16:22:46,32.0,212.0,225.9,0.4,7510.0,245.4
2018-06-25T16:23:17,32.0,203.2,237.2,0.3,7510.0,244.4
2018-06-25T16:23:48,32.0,214.4,228.9,0.3,7510.0,244.4
2018-06-25T16:24:19,31.9,215.6,225.9,0.3,7510.0,242.5
2018-06-25T16:24:50,31.9,194.3,232.4,0.3,7510.0,243.5
2018-06-25T16:25:21,31.9,192.5,220.6,0.3,7510.0,241.5
2018-06-25T16:25:53,31.9,215.0,194.6,0.3,7510.0,242.5
2018-06-25T16:26:25,31.9,220.9,169.1,0.4,7520.0,242.5
2018-06-25T16:26:56,31.9,207.9,171.5,0.4,7520.0,241.5
2018-06-25T16:27:27,31.8,228.0,194.6,0.4,7520.0,240.6
2018-06-25T16:27:58,31.8,222.7,208.8,0.3,7520.0,241.5
2018-06-25T16:28:29,31.8,202.0,207.6,0.4,7530.0,242.5
2018-06-25T16:29:00,31.8,196.1,191.0,0.4,7530.0,242.5
2018-06-25T16:29:31,31.8,212.6,188.1,0.3,7530.0,242.5
2018-06-25T16:30:02,31.8,206.7,187.5,0.3,7530.0,242.5
2018-06-25T16:30:33,31.8,219.7,168.6,0.3,7530.0,242.5
2018-06-25T16:31:05,31.8,217.9,144.3,0.3,7540.0,242.5
2018-06-25T16:31:36,31.8,196.1,123.6,0.3,7540.0,242.5
2018-06-25T16:32:07,31.8,175.4,128.9,0.4,7540.0,242.5
2018-06-25T16:32:38,31.7,180.7,141.3,0.3,7540.0,243.5
2018-06-25T16:33:09,31.7,180.1,141.9,0.3,7540.0,243.5
2018-06-25T16:33:40,31.7,202.0,156.7,0.2,7540.0,242.5
2018-06-25T16:34:11,31.7,196.7,168.6,0.2,7540.0,243.5
2018-06-25T16:34:42,31.7,203.2,188.1,0.2,7540.0,243.5
2018-06-25T16:35:13,31.7,182.5,208.8,0.2,7540.0,242.5
2018-06-25T16:35:44,31.7,160.6,229.5,0.2,7540.0,244.4
2018-06-25T16:36:16,31.6,140.5,234.8,0.2,7540.0,243.5
2018-06-25T16:36:47,31.6,161.2,212.9,0.2,7540.0,243.5
2018-06-25T16:37:18,31.6,181.9,195.8,0.2,7540.0,243.5
2018-06-25T16:37:49,31.6,203.2,216.5,0.2,7550.0,243.5
2018-06-25T16:38:20,31.6,199.6,233.6,0.2,7550.0,243.5
2018-06-25T16:38:51,31.6,178.3,212.9,0.2,7550.0,242.5
2018-06-25T16:39:22,31.5,158.3,192.2,0.2,7550.0,244.4
2018-06-25T16:39:53,31.5,137.6,170.9,0.3,7550.0,243.5
2018-06-25T16:40:24,31.5,139.4,187.5,0.2,7550.0,245.4
2018-06-25T16:40:55,31.5,163.0,209.4,0.2,7550.0,244.4
2018-06-25T16:41:26,31.5,184.3,230.1,0.2,7550.0,246.4
2018-06-25T16:41:57,31.4,205.5,233.0,0.2,7550.0,245.4
2018-06-25T16:42:28,31.4,207.9,213.5,0.2,7550.0,244.4
2018-06-25T16:42:59,31.4,186.6,211.2,0.2,7550.0,244.4
2018-06-25T16:43:30,31.4,189.6,221.2,0.2,7550.0,245.4
2018-06-25T16:44:01,31.4,209.1,201.1,0.1,7550.0,245.4
2018-06-25T16:44:32,31.2,201.4,195.8,0.2,7550.0,244.4
2018-06-25T16:45:03,31.2,181.3,216.5,0.1,7550.0,244.4
2018-06-25T16:45:35,31.2,193.1,220.0,0.1,7550.0,244.4
2018-06-25T16:46:06,31.1,173.6,199.3,0.1,7550.0,244.4
2018-06-25T16:46:37,31.1,152.4,177.4,0.1,7550.0,244.4
2018-06-25T16:47:08,31.1,172.4,179.2,0.1,7550.0,244.4
2018-06-25T16:47:39,31.0,193.1,199.3,0.1,7550.0,244.4
2018-06-25T16:48:10,31.0,201.4,222.4,0.1,7550.0,244.4
2018-06-25T16:48:41,31.0,180.7,235.4,0.1,7550.0,243.5
2018-06-25T16:49:12,31.0,161.2,210.0,0.1,7550.0,245.4
2018-06-25T16:49:43,30.9,140.0,189.9,0.1,7550.0,244.4
2018-06-25T16:50:14,30.9,135.8,170.3,0.1,7550.0,243.5
2018-06-25T16:50:46,30.8,157.1,157.3,0.1,7550.0,244.4
2018-06-25T16:51:17,30.8,175.4,178.0,0.1,7550.0,242.5
2018-06-25T16:51:48,30.8,199.0,201.1,0.0,7550.0,242.5
2018-06-25T16:52:19,30.7,209.7,216.5,0.0,7550.0,242.5
2018-06-25T16:52:50,30.7,183.1,232.4,0.0,7550.0,241.5
2018-06-25T16:53:21,30.7,164.8,208.2,0.1,7550.0,243.5
2018-06-25T16:53:52,30.7,145.3,188.7,0.0,7550.0,243.5
2018-06-25T16:54:23,30.5,124.6,168.6,0.0,7550.0,242.5
2018-06-25T16:54:54,30.5,125.8,170.3,0.0,7550.0,242.5
2018-06-25T16:55:25,30.4,147.0,187.5,0.0,7550.0,242.5
2018-06-25T16:55:57,30.4,166.5,207.0,0.0,7550.0,242.5
2018-06-25T16:56:28,30.3,189.0,231.9,0.0,7550.0,243.5
2018-06-25T16:56:59,30.3,200.8,236.6,0.0,7550.0,243.5
2018-06-25T16:57:30,30.2,199.6,225.4,0.0,7550.0,243.5
2018-06-25T16:58:01,30.2,199.0,223.6,0.0,7550.0,244.4
2018-06-25T16:58:32,30.2,197.8,221.8,0.0,7550.0,244.4
2018-06-25T16:59:03,30.1,196.7,220.0,0.0,7550.0,243.5
2018-06-25T16:59:34,30.1,195.5,218.3,0.0,7550.0,244.4
2018-06-25T17:00:05,30.1,194.3,215.9,0.0,7550.0,243.5
2018-06-25T17:00:37,29.7,193.1,212.9,0.0,7550.0,244.4
2018-06-25T17:01:08,29.7,191.9,209.4,0.0,7550.0,243.5
2018-06-25T17:01:39,29.7,190.2,206.4,0.0,7550.0,243.5
2018-06-25T17:02:10,29.7,189.0,201.1,0.0,7550.0,243.5
2018-06-25T17:02:41,29.4,187.2,194.0,0.0,7550.0,244.4
2018-06-25T17:03:12,29.0,166.5,190.4,0.0,7550.0,243.5
2018-06-25T17:03:43,29.0,132.3,179.8,0.1,7550.0,243.5
2018-06-25T17:04:14,29.0,164.8,165.0,0.0,7550.0,243.5
2018-06-25T17:04:45,29.0,146.4,146.7,0.0,7550.0,243.5
2018-06-25T17:05:16,28.6,107.5,107.6,0.0,7550.0,241.5
2018-06-25T19:23:39,0.0,0.0,0.0,0.0,0.0,0.0
