2018-06-29T06:55:28,10.0,210.8,246.6,0.0,0.0,239.6
2018-06-29T06:56:00,10.0,208.5,246.6,0.0,0.0,239.6
2018-06-29T06:56:31,10.0,187.2,197.5,0.1,0.0,240.6
2018-06-29T06:57:02,10.0,215.0,245.5,0.0,0.0,240.6
2018-06-29T06:57:33,9.6,215.0,248.4,0.0,0.0,239.6
2018-06-29T06:58:04,10.0,214.4,249.6,0.0,0.0,240.6
2018-06-29T06:58:35,10.0,175.4,223.6,0.0,0.0,242.5
2018-06-29T06:59:06,9.6,216.2,247.2,0.0,0.0,243.5
2018-06-29T06:59:37,9.6,216.2,251.4,0.0,0.0,243.5
2018-06-29T07:00:08,10.0,215.6,250.8,0.0,0.0,241.5
2018-06-29T07:00:40,9.6,216.7,248.4,0.0,0.0,241.5
2018-06-29T07:01:11,10.0,219.1,254.3,0.0,0.0,241.5
2018-06-29T07:01:42,10.0,214.4,254.9,0.0,0.0,243.5
2018-06-29T07:02:13,10.0,210.8,254.3,0.0,0.0,240.6
2018-06-29T07:02:44,10.3,194.3,233.0,0.0,0.0,241.5
2018-06-29T07:03:15,10.0,186.0,221.2,0.1,0.0,242.5
2018-06-29T07:03:46,10.3,163.6,201.7,0.1,0.0,240.6
2018-06-29T07:04:17,10.3,141.7,181.6,0.1,0.0,241.5
2018-06-29T07:04:48,10.3,121.0,161.5,0.1,0.0,241.5
2018-06-29T07:05:19,10.3,121.6,153.8,0.1,0.0,241.5
2018-06-29T07:05:50,10.3,143.5,175.7,0.1,0.0,242.5
2018-06-29T07:06:22,10.3,165.4,196.4,0.1,0.0,243.5
2018-06-29T07:06:53,10.3,188.4,218.3,0.1,0.0,242.5
2018-06-29T07:07:24,10.3,207.3,243.1,0.1,0.0,242.5
2018-06-29T07:07:55,10.3,199.6,217.1,0.0,0.0,242.5
2018-06-29T07:08:26,10.7,177.2,228.3,0.1,0.0,242.5
2018-06-29T07:08:57,10.3,157.1,246.6,0.1,0.0,242.5
2018-06-29T07:09:28,10.7,154.7,228.9,0.1,0.0,242.5
2018-06-29T07:09:59,10.7,175.4,208.8,0.1,0.0,241.5
2018-06-29T07:10:30,10.7,194.9,189.3,0.0,0.0,239.6
2018-06-29T07:11:01,10.7,216.2,167.4,0.0,0.0,240.6
2018-06-29T07:11:32,10.7,192.5,155.5,0.1,0.0,240.6
2018-06-29T07:12:03,10.7,171.3,176.8,0.1,0.0,242.5
2018-06-29T07:12:34,10.7,156.5,197.0,0.1,0.0,241.5
2018-06-29T07:13:05,10.7,176.6,218.8,0.1,0.0,241.5
2018-06-29T07:13:36,10.7,196.1,239.5,0.1,0.0,243.5
2018-06-29T07:14:07,10.7,221.5,239.5,0.0,0.0,243.5
2018-06-29T07:14:38,10.7,196.1,217.7,0.1,0.0,241.5
2018-06-29T07:15:09,11.1,174.8,195.8,0.1,0.0,242.5
2018-06-29T07:15:41,11.1,154.1,175.1,0.1,0.0,241.5
2018-06-29T07:16:12,11.1,132.9,172.1,0.1,0.0,242.5
2018-06-29T07:16:43,11.1,152.9,191.0,0.1,0.0,241.5
2018-06-29T07:17:14,11.1,173.0,212.3,0.1,0.0,242.5
2018-06-29T07:17:45,11.1,194.3,234.8,0.1,0.0,241.5
2018-06-29T07:18:16,11.4,214.4,245.5,0.1,0.0,242.5
2018-06-29T07:18:47,11.4,203.7,223.6,0.1,0.0,243.5
2018-06-29T07:19:18,11.4,182.5,201.7,0.1,0.0,243.5
2018-06-29T07:19:49,11.4,163.0,183.3,0.1,0.0,241.5
2018-06-29T07:20:20,11.4,141.7,160.9,0.2,0.0,241.5
2018-06-29T07:20:52,11.4,121.0,140.8,0.2,0.0,240.6
2018-06-29T07:21:23,11.4,116.9,143.1,0.2,0.0,241.5
2018-06-29T07:21:54,11.8,137.6,165.0,0.2,0.0,242.5
2018-06-29T07:22:25,11.8,158.9,184.5,0.2,0.0,240.6
2018-06-29T07:22:56,11.8,180.7,205.8,0.2,10.0,239.6
2018-06-29T07:23:27,11.8,202.0,227.7,0.1,10.0,240.6
2018-06-29T07:23:58,11.8,218.5,247.2,0.0,10.0,241.5
2018-06-29T07:24:29,11.8,193.7,234.2,0.2,10.0,242.5
2018-06-29T07:25:00,11.8,173.0,212.9,0.2,10.0,241.5
2018-06-29T07:25:32,11.8,152.4,192.2,0.2,10.0,241.5
2018-06-29T07:26:03,11.8,155.3,201.7,0.2,10.0,240.6
2018-06-29T07:26:34,11.8,177.2,222.4,0.2,10.0,240.6
2018-06-29T07:27:05,12.1,200.2,243.7,0.2,10.0,241.5
2018-06-29T07:27:36,12.1,218.5,233.6,0.2,10.0,241.5
2018-06-29T07:28:07,12.1,206.1,213.5,0.2,10.0,240.6
2018-06-29T07:28:38,12.1,184.8,192.2,0.2,10.0,241.5
2018-06-29T07:29:09,12.1,165.4,215.3,0.2,10.0,240.6
2018-06-29T07:29:40,12.1,144.7,237.2,0.2,10.0,243.5
2018-06-29T07:30:11,12.1,162.4,243.1,0.2,10.0,242.5
2018-06-29T07:30:42,12.5,184.8,220.6,0.2,10.0,242.5
2018-06-29T07:31:14,12.5,207.3,201.7,0.2,10.0,242.5
2018-06-29T07:31:45,12.5,213.2,223.6,0.2,10.0,241.5
2018-06-29T07:32:16,12.5,193.1,243.7,0.2,20.0,243.5
2018-06-29T07:32:47,12.5,171.9,220.0,0.2,20.0,245.4
2018-06-29T07:33:18,12.5,150.6,199.3,0.2,20.0,244.4
2018-06-29T07:33:49,12.5,167.7,214.7,0.3,20.0,241.5
2018-06-29T07:34:20,12.5,190.2,237.8,0.2,20.0,241.5
2018-06-29T07:34:51,12.5,210.2,237.2,0.2,20.0,242.5
2018-06-29T07:35:22,12.5,217.3,215.9,0.2,20.0,242.5
2018-06-29T07:35:54,12.5,194.9,238.4,0.2,20.0,242.5
2018-06-29T07:36:25,12.5,174.2,236.0,0.2,20.0,241.5
2018-06-29T07:36:56,12.5,154.1,213.5,0.3,20.0,241.5
2018-06-29T07:37:27,12.5,132.9,192.2,0.3,20.0,242.5
2018-06-29T07:37:58,12.5,112.8,176.8,0.3,20.0,241.5
2018-06-29T07:38:29,12.5,136.4,198.7,0.3,20.0,244.4
2018-06-29T07:39:00,12.5,155.9,220.6,0.3,30.0,243.5
2018-06-29T07:39:31,12.5,177.8,240.7,0.3,30.0,240.6
2018-06-29T07:40:02,12.5,200.8,246.6,0.2,30.0,240.6
2018-06-29T07:40:33,12.9,220.9,224.2,0.2,30.0,240.6
2018-06-29T07:41:05,12.9,204.9,231.3,0.2,30.0,240.6
2018-06-29T07:41:36,12.5,184.3,251.4,0.3,30.0,241.5
2018-06-29T07:42:07,12.9,164.2,239.0,0.3,30.0,243.5
2018-06-29T07:42:38,12.9,173.6,225.4,0.3,30.0,245.4
2018-06-29T07:43:09,12.9,195.5,246.6,0.3,30.0,243.5
2018-06-29T07:43:40,12.9,216.2,233.0,0.3,30.0,242.5
2018-06-29T07:44:11,12.9,214.4,211.7,0.3,40.0,244.4
2018-06-29T07:44:42,12.9,194.3,235.4,0.3,40.0,243.5
2018-06-29T07:45:13,13.2,173.6,240.1,0.3,40.0,242.5
2018-06-29T07:45:44,13.2,152.9,241.3,0.4,40.0,244.4
2018-06-29T07:46:16,13.2,170.7,246.6,0.3,40.0,245.4
2018-06-29T07:46:47,13.2,194.3,231.9,0.3,40.0,243.5
2018-06-29T07:47:18,13.2,215.6,211.7,0.3,40.0,243.5
2018-06-29T07:47:49,13.2,216.7,201.1,0.3,40.0,244.4
2018-06-29T07:48:20,13.2,197.3,224.8,0.4,40.0,243.5
2018-06-29T07:48:51,13.2,176.6,244.9,0.4,50.0,243.5
2018-06-29T07:49:22,13.6,157.7,234.2,0.4,50.0,246.4
2018-06-29T07:49:53,13.6,177.8,216.5,0.3,50.0,246.4
2018-06-29T07:50:24,13.6,199.6,237.8,0.3,50.0,243.5
2018-06-29T07:50:55,13.6,220.9,240.1,0.3,50.0,244.4
2018-06-29T07:51:27,14.0,209.7,217.7,0.3,50.0,244.4
2018-06-29T07:51:58,14.0,189.0,239.0,0.3,50.0,246.4
2018-06-29T07:52:29,14.0,167.7,241.3,0.3,50.0,243.5
2018-06-29T07:53:00,14.0,189.0,221.2,0.3,60.0,244.4
2018-06-29T07:53:31,14.0,210.2,229.5,0.3,60.0,245.4
2018-06-29T07:54:02,14.0,219.7,251.4,0.3,60.0,245.4
2018-06-29T07:54:33,14.0,199.6,228.9,0.3,60.0,244.4
2018-06-29T07:55:04,14.3,179.5,208.8,0.4,60.0,246.4
2018-06-29T07:55:35,14.3,157.1,187.5,0.5,60.0,244.4
2018-06-29T07:56:07,14.3,135.8,166.8,0.5,60.0,245.4
2018-06-29T07:56:38,14.3,148.8,186.3,0.5,60.0,244.4
2018-06-29T07:57:09,14.7,168.3,206.4,0.4,70.0,244.4
2018-06-29T07:57:40,14.7,187.8,227.1,0.4,70.0,246.4
2018-06-29T07:58:11,14.7,187.2,233.6,0.3,70.0,243.5
2018-06-29T07:58:42,14.7,167.7,212.9,0.4,70.0,246.4
2018-06-29T07:59:13,14.7,178.3,233.6,0.3,70.0,245.4
2018-06-29T07:59:44,14.7,201.4,241.3,0.3,70.0,244.4
2018-06-29T08:00:15,14.7,220.9,220.0,0.3,70.0,244.4
2018-06-29T08:00:46,14.7,209.7,230.7,0.3,70.0,243.5
2018-06-29T08:01:17,15.1,189.6,251.4,0.3,80.0,246.4
2018-06-29T08:01:48,14.7,188.4,241.9,0.3,80.0,245.4
2018-06-29T08:02:19,14.7,208.5,237.2,0.3,80.0,243.5
2018-06-29T08:02:50,14.7,199.6,228.9,0.3,80.0,244.4
2018-06-29T08:03:21,14.7,184.8,240.7,0.3,80.0,244.4
2018-06-29T08:03:52,15.1,186.6,233.0,0.3,80.0,243.5
2018-06-29T08:04:23,15.1,167.7,253.2,0.4,80.0,244.4
2018-06-29T08:04:54,15.1,145.9,235.4,0.4,80.0,244.4
2018-06-29T08:05:25,15.1,168.3,239.5,0.4,90.0,245.4
2018-06-29T08:05:57,15.4,189.6,218.8,0.4,90.0,243.5
2018-06-29T08:06:28,15.4,210.8,237.8,0.3,90.0,244.4
2018-06-29T08:06:59,15.4,220.9,241.9,0.3,90.0,245.4
2018-06-29T08:07:30,15.1,200.2,221.2,0.4,90.0,244.4
2018-06-29T08:08:01,15.1,189.0,237.8,0.4,90.0,244.4
2018-06-29T08:08:32,15.1,210.2,237.2,0.3,90.0,245.4
2018-06-29T08:09:03,15.4,225.6,216.5,0.3,100.0,244.4
2018-06-29T08:09:34,15.4,203.2,197.0,0.4,100.0,243.5
2018-06-29T08:10:05,15.4,181.3,192.2,0.4,100.0,245.4
2018-06-29T08:10:37,15.1,163.6,215.9,0.4,100.0,246.4
2018-06-29T08:11:08,15.1,184.3,239.0,0.4,100.0,245.4
2018-06-29T08:11:39,15.4,206.7,246.1,0.4,100.0,242.5
2018-06-29T08:12:10,15.4,225.6,228.3,0.3,100.0,245.4
2018-06-29T08:12:41,15.4,206.1,248.4,0.3,110.0,244.4
2018-06-29T08:13:12,15.4,184.3,240.7,0.4,110.0,244.4
2018-06-29T08:13:43,15.4,163.0,225.4,0.5,110.0,245.4
2018-06-29T08:14:14,15.4,157.7,246.1,0.5,110.0,243.5
2018-06-29T08:14:45,15.8,179.5,231.9,0.4,110.0,242.5
2018-06-29T08:15:16,15.8,200.8,226.5,0.4,110.0,243.5
2018-06-29T08:15:48,15.8,223.2,249.0,0.3,110.0,242.5
2018-06-29T08:16:19,15.8,211.4,237.8,0.4,120.0,243.5
2018-06-29T08:16:50,15.8,190.8,218.3,0.4,120.0,241.5
2018-06-29T08:17:21,15.8,170.1,239.5,0.5,120.0,242.5
2018-06-29T08:17:52,15.8,183.7,247.8,0.5,120.0,243.5
2018-06-29T08:18:23,15.8,203.7,231.3,0.4,120.0,245.4
2018-06-29T08:18:54,15.8,224.4,247.8,0.3,120.0,242.5
2018-06-29T08:19:25,15.8,209.7,225.4,0.4,130.0,242.5
2018-06-29T08:19:56,15.8,189.6,238.4,0.4,130.0,242.5
2018-06-29T08:20:27,15.8,168.3,249.0,0.5,130.0,242.5
2018-06-29T08:20:59,15.8,170.7,228.3,0.5,130.0,242.5
2018-06-29T08:21:30,15.8,191.3,249.0,0.5,130.0,243.5
2018-06-29T08:22:01,15.8,193.1,244.9,0.4,140.0,243.5
2018-06-29T08:22:32,15.8,173.6,237.8,0.5,140.0,243.5
2018-06-29T08:23:03,16.2,172.4,228.9,0.4,140.0,243.5
2018-06-29T08:23:34,15.8,194.3,250.2,0.5,140.0,243.5
2018-06-29T08:24:05,16.2,215.6,237.2,0.4,140.0,244.4
2018-06-29T08:24:36,16.2,223.2,220.0,0.4,140.0,244.4
2018-06-29T08:25:07,16.2,203.2,243.1,0.4,150.0,243.5
2018-06-29T08:25:38,16.2,180.1,240.1,0.5,150.0,244.4
2018-06-29T08:26:10,16.5,190.8,220.6,0.5,150.0,245.4
2018-06-29T08:26:41,16.5,212.6,228.9,0.5,150.0,246.4
2018-06-29T08:27:12,16.5,228.6,251.4,0.4,150.0,245.4
2018-06-29T08:27:43,16.5,204.9,228.9,0.5,160.0,246.4
2018-06-29T08:28:14,16.5,185.4,223.0,0.5,160.0,246.4
2018-06-29T08:28:45,16.5,167.7,241.9,0.6,160.0,246.4
2018-06-29T08:29:16,16.5,173.6,239.0,0.6,160.0,244.4
2018-06-29T08:29:47,16.9,194.3,241.3,0.5,160.0,245.4
2018-06-29T08:30:18,16.9,216.2,220.6,0.5,170.0,244.4
2018-06-29T08:30:49,16.9,222.1,241.9,0.5,170.0,246.4
2018-06-29T08:31:21,16.9,202.0,239.5,0.5,170.0,244.4
2018-06-29T08:31:52,16.9,194.9,231.3,0.6,170.0,245.4
2018-06-29T08:32:23,16.9,209.7,240.1,0.5,170.0,244.4
2018-06-29T08:32:54,16.9,204.3,240.7,0.5,180.0,244.4
2018-06-29T08:33:25,16.9,225.0,239.5,0.4,180.0,243.5
2018-06-29T08:33:56,16.9,211.4,218.8,0.5,180.0,244.4
2018-06-29T08:34:27,16.9,191.3,238.4,0.5,180.0,244.4
2018-06-29T08:34:58,16.9,170.1,244.3,0.6,180.0,244.4
2018-06-29T08:35:29,16.9,173.6,246.1,0.6,190.0,242.5
2018-06-29T08:36:00,17.3,171.3,241.3,0.5,190.0,242.5
2018-06-29T08:36:31,17.3,187.8,241.3,0.5,190.0,242.5
2018-06-29T08:37:02,17.3,197.8,220.6,0.6,190.0,239.6
2018-06-29T08:37:33,17.3,190.8,243.7,0.5,190.0,240.6
2018-06-29T08:38:04,17.3,211.4,240.1,0.5,200.0,239.6
2018-06-29T08:38:35,17.3,222.7,228.9,0.5,200.0,242.5
2018-06-29T08:39:06,17.3,200.8,251.4,0.5,200.0,241.5
2018-06-29T08:39:37,17.3,211.4,236.0,0.5,200.0,242.5
2018-06-29T08:40:08,17.3,223.2,230.1,0.5,210.0,242.5
2018-06-29T08:40:40,17.3,228.0,227.1,0.5,210.0,242.5
2018-06-29T08:41:11,17.3,225.6,232.4,0.5,210.0,241.5
2018-06-29T08:41:42,17.6,209.7,242.5,0.5,210.0,242.5
2018-06-29T08:42:13,17.6,202.6,250.2,0.5,210.0,241.5
2018-06-29T08:42:44,17.6,181.3,233.6,0.6,220.0,242.5
2018-06-29T08:43:15,17.6,175.4,240.1,0.6,220.0,244.4
2018-06-29T08:43:46,17.6,176.0,246.6,0.6,220.0,244.4
2018-06-29T08:44:17,17.6,197.8,239.5,0.5,220.0,244.4
2018-06-29T08:44:48,17.6,220.3,244.9,0.5,230.0,244.4
2018-06-29T08:45:19,17.6,228.0,243.7,0.5,230.0,245.4
2018-06-29T08:45:51,17.6,229.7,249.6,0.4,230.0,245.4
2018-06-29T08:46:22,18.0,215.6,228.3,0.5,230.0,245.4
2018-06-29T08:46:53,18.0,225.6,247.2,0.4,230.0,246.4
2018-06-29T08:47:24,18.0,215.6,236.6,0.4,240.0,246.4
2018-06-29T08:47:55,18.0,220.9,249.0,0.5,240.0,247.3
2018-06-29T08:48:26,18.0,207.9,241.9,0.4,240.0,247.3
2018-06-29T08:48:57,18.0,186.0,236.0,0.5,240.0,245.4
2018-06-29T08:49:28,18.0,173.0,234.2,0.6,240.0,245.4
2018-06-29T08:49:59,18.0,193.7,253.7,0.5,250.0,245.4
2018-06-29T08:50:30,18.0,215.6,231.9,0.5,250.0,245.4
2018-06-29T08:51:02,18.0,220.9,243.1,0.4,250.0,247.3
2018-06-29T08:51:33,18.0,209.7,233.0,0.4,250.0,247.3
2018-06-29T08:52:04,18.0,225.6,241.9,0.4,250.0,247.3
2018-06-29T08:52:35,17.6,223.2,252.0,0.5,260.0,246.4
2018-06-29T08:53:06,18.0,203.7,234.2,0.5,260.0,246.4
2018-06-29T08:53:37,18.0,182.5,227.7,0.6,260.0,246.4
2018-06-29T08:54:08,18.0,198.4,224.2,0.5,260.0,244.4
2018-06-29T08:54:39,18.4,220.9,214.1,0.5,270.0,245.4
2018-06-29T08:55:10,18.4,219.7,232.4,0.5,270.0,246.4
2018-06-29T08:55:41,18.4,223.2,247.8,0.5,270.0,246.4
2018-06-29T08:56:17,18.4,209.7,227.7,0.5,270.0,245.4
2018-06-29T08:56:48,18.7,201.4,246.1,0.5,280.0,245.4
2018-06-29T08:57:19,18.7,221.5,230.1,0.5,280.0,244.4
2018-06-29T08:57:50,18.7,217.3,249.0,0.5,280.0,245.4
2018-06-29T08:58:21,18.7,196.1,227.1,0.6,280.0,245.4
2018-06-29T08:58:52,19.1,176.6,231.9,0.6,280.0,244.4
2018-06-29T08:59:23,19.1,161.8,253.2,0.6,290.0,244.4
2018-06-29T08:59:54,18.7,183.1,237.2,0.6,290.0,244.4
2018-06-29T09:00:25,19.1,197.3,241.3,0.5,290.0,245.4
2018-06-29T09:00:57,19.1,187.8,239.0,0.6,290.0,245.4
2018-06-29T09:01:28,19.1,167.7,230.1,0.6,300.0,246.4
2018-06-29T09:01:59,19.1,179.5,242.5,0.6,300.0,244.4
2018-06-29T09:02:30,19.1,200.8,230.1,0.5,300.0,245.4
2018-06-29T09:03:01,19.1,222.7,250.2,0.6,300.0,245.4
2018-06-29T09:03:32,18.7,212.6,240.1,0.5,300.0,245.4
2018-06-29T09:04:03,18.7,222.1,236.6,0.5,310.0,246.4
2018-06-29T09:04:34,18.7,217.9,224.2,0.5,310.0,245.4
2018-06-29T09:05:05,19.1,214.4,224.8,0.6,310.0,245.4
2018-06-29T09:05:37,19.1,216.2,225.4,0.5,310.0,244.4
2018-06-29T09:06:08,19.5,228.6,241.3,0.6,320.0,245.4
2018-06-29T09:06:39,19.1,213.2,250.2,0.6,320.0,245.4
2018-06-29T09:07:10,19.5,203.7,246.1,0.7,320.0,246.4
2018-06-29T09:07:41,19.5,186.6,241.3,0.7,330.0,245.4
2018-06-29T09:08:12,19.1,180.7,240.7,0.7,330.0,244.4
2018-06-29T09:08:43,19.1,202.0,241.3,0.7,330.0,246.4
2018-06-29T09:09:14,19.5,186.6,220.6,0.7,330.0,246.4
2018-06-29T09:09:45,19.1,165.9,223.6,0.8,340.0,247.3
2018-06-29T09:10:16,19.1,176.6,240.1,0.8,340.0,248.3
2018-06-29T09:10:48,19.1,199.6,240.1,0.7,340.0,245.4
2018-06-29T09:11:19,19.1,220.3,246.6,0.7,340.0,246.4
2018-06-29T09:11:50,19.5,217.9,240.1,0.6,350.0,245.4
2018-06-29T09:12:21,19.1,222.1,250.2,0.6,350.0,246.4
2018-06-29T09:12:52,19.1,201.4,228.3,0.6,350.0,246.4
2018-06-29T09:13:23,19.5,180.7,249.0,0.8,360.0,247.3
2018-06-29T09:13:54,19.5,194.9,238.4,0.7,360.0,246.4
2018-06-29T09:14:25,19.5,199.6,247.2,0.8,360.0,246.4
2018-06-29T09:14:56,19.5,193.1,241.9,0.7,370.0,247.3
2018-06-29T09:15:27,19.5,172.4,237.2,0.9,370.0,247.3
2018-06-29T09:15:59,19.5,190.8,240.1,0.7,370.0,247.3
2018-06-29T09:16:30,19.5,198.4,244.3,0.7,380.0,247.3
2018-06-29T09:17:01,19.5,177.8,227.1,0.8,380.0,247.3
2018-06-29T09:17:32,19.5,156.5,251.4,0.8,380.0,247.3
2018-06-29T09:18:03,19.8,164.8,247.2,0.8,380.0,247.3
2018-06-29T09:18:34,19.8,186.6,240.1,0.7,390.0,247.3
2018-06-29T09:19:05,19.8,207.9,244.9,0.7,390.0,246.4
2018-06-29T09:19:36,19.8,228.0,241.9,0.6,390.0,247.3
2018-06-29T09:20:07,19.8,210.8,241.9,0.7,400.0,246.4
2018-06-29T09:20:38,19.8,228.6,244.9,0.6,400.0,246.4
2018-06-29T09:21:10,19.8,207.9,224.8,0.6,400.0,246.4
2018-06-29T09:21:41,19.8,187.8,234.8,0.7,400.0,246.4
2018-06-29T09:22:12,19.8,166.5,244.9,0.8,410.0,245.4
2018-06-29T09:22:43,19.8,177.8,246.1,0.7,410.0,245.4
2018-06-29T09:23:14,19.5,200.8,250.8,0.7,410.0,245.4
2018-06-29T09:23:45,19.5,221.5,236.6,0.7,420.0,246.4
2018-06-29T09:24:16,19.5,219.7,245.5,0.6,420.0,245.4
2018-06-29T09:24:47,19.5,229.7,237.2,0.6,420.0,246.4
2018-06-29T09:25:18,19.5,211.4,239.0,0.6,430.0,246.4
2018-06-29T09:25:49,19.5,190.2,241.3,0.7,430.0,245.4
2018-06-29T09:26:21,19.5,212.6,244.3,0.6,430.0,245.4
2018-06-29T09:26:52,19.8,232.1,223.6,0.6,440.0,244.4
2018-06-29T09:27:23,19.8,211.4,239.0,0.7,440.0,245.4
2018-06-29T09:27:54,19.8,229.7,244.3,0.6,440.0,247.3
2018-06-29T09:28:25,19.8,208.5,239.0,0.7,450.0,244.4
2018-06-29T09:28:56,19.8,228.6,242.5,0.7,450.0,243.5
2018-06-29T09:29:27,19.8,215.6,220.6,0.8,450.0,245.4
2018-06-29T09:29:58,19.5,229.7,246.1,0.7,460.0,245.4
2018-06-29T09:30:29,19.1,215.6,247.2,0.7,460.0,245.4
2018-06-29T09:31:00,19.5,228.0,240.7,0.7,460.0,244.4
2018-06-29T09:31:31,19.5,227.4,239.5,0.7,470.0,244.4
2018-06-29T09:32:02,19.5,213.8,254.9,0.7,470.0,244.4
2018-06-29T09:32:33,19.5,192.5,241.3,0.8,470.0,242.5
2018-06-29T09:33:04,19.5,207.9,236.6,0.7,480.0,244.4
2018-06-29T09:33:35,19.5,229.7,253.7,0.7,480.0,246.4
2018-06-29T09:34:06,19.5,212.6,250.2,0.8,480.0,244.4
2018-06-29T09:34:37,19.5,229.7,243.1,0.7,490.0,244.4
2018-06-29T09:35:08,19.5,228.0,233.0,0.7,490.0,244.4
2018-06-29T09:35:40,19.1,223.2,238.4,0.7,490.0,244.4
2018-06-29T09:36:11,19.1,220.9,243.7,0.7,500.0,245.4
2018-06-29T09:36:42,19.1,222.7,251.4,0.7,500.0,245.4
2018-06-29T09:37:13,19.1,202.0,237.2,0.7,500.0,245.4
2018-06-29T09:37:44,19.5,180.7,241.9,0.8,510.0,245.4
2018-06-29T09:38:15,19.1,201.4,237.2,0.8,510.0,245.4
2018-06-29T09:38:46,19.5,222.7,244.9,0.7,510.0,245.4
2018-06-29T09:39:17,19.5,219.7,235.4,0.7,520.0,244.4
2018-06-29T09:39:48,19.8,198.4,236.0,0.8,520.0,245.4
2018-06-29T09:40:19,19.8,195.5,244.9,0.8,520.0,244.4
2018-06-29T09:40:51,20.2,194.3,222.4,0.8,530.0,245.4
2018-06-29T09:41:22,20.2,173.0,244.9,0.9,530.0,245.4
2018-06-29T09:41:53,20.2,180.7,240.1,0.9,530.0,245.4
2018-06-29T09:42:24,20.2,201.4,246.6,0.7,540.0,246.4
2018-06-29T09:42:55,20.2,222.7,233.0,0.7,540.0,246.4
2018-06-29T09:43:26,20.2,218.5,247.8,0.7,540.0,245.4
2018-06-29T09:43:57,20.2,222.7,234.8,0.7,550.0,244.4
2018-06-29T09:44:28,20.2,213.2,254.3,0.7,550.0,245.4
2018-06-29T09:44:59,19.8,230.3,232.4,0.6,550.0,244.4
2018-06-29T09:45:30,20.2,225.6,249.6,0.6,560.0,245.4
2018-06-29T09:46:01,20.2,214.4,232.4,0.7,560.0,245.4
2018-06-29T09:46:32,20.6,229.7,246.6,0.7,560.0,243.5
2018-06-29T09:47:03,20.2,222.7,237.2,0.7,570.0,244.4
2018-06-29T09:47:34,20.2,209.7,224.2,0.7,570.0,244.4
2018-06-29T09:48:05,20.6,222.7,233.6,0.7,570.0,245.4
2018-06-29T09:48:36,20.6,217.9,240.1,0.7,570.0,246.4
2018-06-29T09:49:07,20.2,226.8,247.8,0.7,580.0,246.4
2018-06-29T09:49:38,20.2,216.7,236.6,0.7,580.0,247.3
2018-06-29T09:50:09,20.2,219.1,236.6,0.7,590.0,247.3
2018-06-29T09:50:41,20.2,223.2,241.3,0.7,590.0,246.4
2018-06-29T09:51:12,20.2,216.7,235.4,0.7,590.0,247.3
2018-06-29T09:51:43,20.2,202.0,233.6,0.7,600.0,247.3
2018-06-29T09:52:14,19.8,205.5,239.0,0.7,600.0,247.3
2018-06-29T09:52:45,19.8,204.3,251.4,0.7,600.0,247.3
2018-06-29T09:53:16,19.8,182.5,229.5,0.8,610.0,245.4
2018-06-29T09:53:47,19.8,162.4,233.6,1.0,610.0,245.4
2018-06-29T09:54:18,20.2,179.5,246.1,0.9,610.0,247.3
2018-06-29T09:54:49,20.2,202.6,243.1,0.8,620.0,247.3
2018-06-29T09:55:20,20.6,197.3,239.5,0.8,620.0,246.4
2018-06-29T09:55:52,20.6,219.7,241.9,0.7,620.0,246.4
2018-06-29T09:56:23,20.2,219.1,244.9,0.8,630.0,247.3
2018-06-29T09:56:54,20.2,198.4,238.4,0.9,630.0,246.4
2018-06-29T09:57:25,20.6,187.8,241.3,0.9,640.0,246.4
2018-06-29T09:57:56,20.6,209.1,251.4,0.9,640.0,246.4
2018-06-29T09:58:27,20.9,230.3,230.1,0.8,640.0,246.4
2018-06-29T09:58:58,21.3,225.0,232.4,0.8,650.0,246.4
2018-06-29T09:59:29,21.7,220.3,247.2,0.9,650.0,247.3
2018-06-29T10:00:00,21.3,230.3,234.8,0.8,660.0,247.3
2018-06-29T10:00:32,20.9,208.5,231.9,0.9,660.0,246.4
2018-06-29T10:01:03,20.9,198.4,242.5,1.0,660.0,247.3
2018-06-29T10:01:34,20.9,197.3,241.9,1.1,670.0,247.3
2018-06-29T10:02:05,20.9,176.6,246.1,1.2,670.0,248.3
2018-06-29T10:02:36,21.3,175.4,243.7,1.2,680.0,247.3
2018-06-29T10:03:07,20.9,197.3,251.4,1.1,680.0,247.3
2018-06-29T10:03:38,20.9,196.7,250.2,1.1,690.0,247.3
2018-06-29T10:04:09,20.9,203.2,244.3,1.0,690.0,247.3
2018-06-29T10:04:40,20.9,209.1,235.4,1.0,700.0,248.3
2018-06-29T10:05:11,21.3,232.1,243.7,0.9,700.0,247.3
2018-06-29T10:05:43,21.3,214.4,240.1,1.1,710.0,246.4
2018-06-29T10:06:14,21.3,225.6,244.9,1.0,710.0,248.3
2018-06-29T10:06:45,21.3,230.9,241.9,0.9,710.0,247.3
2018-06-29T10:07:16,20.9,208.5,250.2,1.1,720.0,247.3
2018-06-29T10:07:47,21.3,202.6,243.1,1.2,720.0,247.3
2018-06-29T10:08:18,21.3,205.5,247.2,1.1,730.0,247.3
2018-06-29T10:08:49,21.3,203.2,248.4,1.1,730.0,247.3
2018-06-29T10:09:20,21.3,199.6,243.1,1.1,740.0,246.4
2018-06-29T10:09:51,21.3,213.2,235.4,1.0,740.0,246.4
2018-06-29T10:10:22,21.7,228.0,242.5,1.0,750.0,246.4
2018-06-29T10:10:54,21.7,215.0,242.5,1.0,750.0,246.4
2018-06-29T10:11:25,21.7,226.2,236.0,0.9,760.0,247.3
2018-06-29T10:11:56,21.7,225.0,244.3,0.9,760.0,247.3
2018-06-29T10:12:27,22.0,220.3,249.0,1.0,770.0,246.4
2018-06-29T10:12:58,22.0,220.9,238.4,0.9,770.0,245.4
2018-06-29T10:13:29,22.4,220.9,241.9,0.9,780.0,245.4
2018-06-29T10:14:00,22.4,222.7,222.4,1.1,780.0,246.4
2018-06-29T10:14:31,22.8,220.9,233.0,1.0,790.0,245.4
2018-06-29T10:15:02,22.8,223.8,248.4,1.0,790.0,245.4
2018-06-29T10:15:34,22.8,227.4,246.1,1.0,800.0,247.3
2018-06-29T10:16:05,22.8,214.4,237.8,1.1,800.0,247.3
2018-06-29T10:16:36,22.8,192.5,229.5,1.3,810.0,246.4
2018-06-29T10:17:07,22.8,190.8,241.9,1.2,810.0,246.4
2018-06-29T10:17:38,22.8,203.7,240.7,1.1,820.0,246.4
2018-06-29T10:18:09,22.8,203.7,253.2,1.1,820.0,246.4
2018-06-29T10:18:40,23.1,189.6,231.9,1.2,830.0,246.4
2018-06-29T10:19:11,23.1,201.4,246.1,1.3,830.0,246.4
2018-06-29T10:19:42,23.1,200.8,233.0,1.2,840.0,246.4
2018-06-29T10:20:13,22.8,202.6,240.1,1.2,840.0,247.3
2018-06-29T10:20:45,22.8,205.5,244.9,1.2,850.0,247.3
2018-06-29T10:21:16,23.1,206.1,233.0,1.1,850.0,246.4
2018-06-29T10:21:47,22.8,206.1,250.2,1.2,860.0,244.4
2018-06-29T10:22:18,22.8,204.3,240.7,1.2,860.0,245.4
2018-06-29T10:22:49,22.8,201.4,241.3,1.2,870.0,245.4
2018-06-29T10:23:20,23.1,199.0,244.3,1.2,870.0,244.4
2018-06-29T10:23:51,23.1,199.6,236.0,1.2,880.0,245.4
2018-06-29T10:24:22,23.5,175.4,214.1,1.5,880.0,246.4
2018-06-29T10:24:53,23.5,167.7,214.1,1.6,890.0,243.5
2018-06-29T10:25:24,23.9,178.9,239.5,1.5,890.0,243.5
2018-06-29T10:25:55,23.9,173.6,240.7,1.5,900.0,245.4
2018-06-29T10:26:27,23.9,181.9,241.3,1.4,910.0,246.4
2018-06-29T10:26:58,23.5,205.5,234.2,1.3,910.0,245.4
2018-06-29T10:27:29,23.1,200.2,241.9,1.6,920.0,246.4
2018-06-29T10:28:00,23.5,217.3,243.1,1.4,920.0,246.4
2018-06-29T10:28:31,23.5,228.0,236.6,1.3,930.0,246.4
2018-06-29T10:29:02,23.5,223.2,241.3,1.3,940.0,245.4
2018-06-29T10:29:33,23.9,227.4,230.1,1.2,940.0,246.4
2018-06-29T10:30:04,23.9,220.9,246.1,1.2,950.0,246.4
2018-06-29T10:30:35,23.9,224.4,243.7,1.3,960.0,246.4
2018-06-29T10:31:07,23.5,223.8,241.9,1.2,960.0,246.4
2018-06-29T10:31:38,23.9,223.8,241.3,1.4,970.0,247.3
2018-06-29T10:32:09,24.2,228.0,241.3,1.4,970.0,246.4
2018-06-29T10:32:40,24.2,216.2,236.0,1.3,980.0,246.4
2018-06-29T10:33:11,24.6,222.7,238.4,1.4,990.0,246.4
2018-06-29T10:33:42,24.6,223.2,217.1,1.4,990.0,246.4
2018-06-29T10:34:13,25.0,199.6,234.2,1.6,1000.0,247.3
2018-06-29T10:34:44,25.0,178.3,246.6,1.8,1010.0,246.4
2018-06-29T10:35:15,25.3,176.6,241.3,1.9,1010.0,246.4
2018-06-29T10:35:46,25.3,164.8,235.4,1.8,1020.0,246.4
2018-06-29T10:36:18,25.3,190.8,249.0,1.9,1030.0,246.4
2018-06-29T10:36:49,25.7,219.1,234.2,1.8,1040.0,247.3
2018-06-29T10:37:20,25.7,219.7,249.0,1.9,1040.0,247.3
2018-06-29T10:37:51,25.3,219.1,231.3,2.0,1050.0,247.3
2018-06-29T10:38:22,25.3,227.4,240.1,1.8,1060.0,247.3
2018-06-29T10:38:53,25.3,219.7,251.4,1.9,1070.0,247.3
2018-06-29T10:39:24,25.7,191.3,228.3,2.5,1080.0,247.3
2018-06-29T10:39:55,25.7,203.2,241.3,2.2,1090.0,248.3
2018-06-29T10:40:26,25.7,186.6,227.1,2.1,1100.0,248.3
2018-06-29T10:40:57,25.7,200.2,237.2,1.9,1100.0,247.3
2018-06-29T10:41:29,26.1,196.1,248.4,1.9,1110.0,247.3
2018-06-29T10:42:00,26.1,228.0,242.5,2.0,1120.0,247.3
2018-06-29T10:42:31,26.1,224.4,243.7,1.9,1130.0,246.4
2018-06-29T10:43:02,25.7,225.6,239.0,1.6,1140.0,246.4
2018-06-29T10:43:33,26.1,222.7,246.6,1.5,1150.0,245.4
2018-06-29T10:44:04,26.1,220.3,246.1,1.8,1150.0,247.3
2018-06-29T10:44:35,26.1,224.4,236.0,1.5,1160.0,246.4
2018-06-29T10:45:06,26.1,212.6,243.1,1.7,1170.0,247.3
2018-06-29T10:45:37,25.7,189.0,231.3,2.0,1180.0,248.3
2018-06-29T10:46:08,26.1,202.6,241.9,1.9,1180.0,247.3
2018-06-29T10:46:39,26.1,197.8,240.7,1.9,1190.0,246.4
2018-06-29T10:47:10,26.1,202.0,228.3,1.8,1200.0,247.3
2018-06-29T10:47:41,26.1,207.3,252.0,2.1,1210.0,247.3
2018-06-29T10:48:12,26.4,203.7,239.5,2.1,1220.0,248.3
2018-06-29T10:48:43,26.4,200.8,241.3,2.1,1220.0,247.3
2018-06-29T10:49:14,26.8,203.7,237.2,1.7,1230.0,245.4
2018-06-29T10:49:45,27.2,202.6,239.0,1.6,1240.0,247.3
2018-06-29T10:50:16,27.2,204.3,238.4,1.7,1250.0,247.3
2018-06-29T10:50:48,27.5,193.1,229.5,1.7,1260.0,247.3
2018-06-29T10:51:19,27.5,213.2,247.2,1.7,1260.0,247.3
2018-06-29T10:51:50,27.9,211.4,237.8,1.8,1270.0,246.4
2018-06-29T10:52:21,27.9,222.1,236.0,1.8,1280.0,249.3
2018-06-29T10:52:52,27.5,224.4,240.7,1.6,1290.0,245.4
2018-06-29T10:53:23,27.2,223.2,234.2,1.4,1290.0,248.3
2018-06-29T10:53:54,27.2,224.4,235.4,1.4,1300.0,246.4
2018-06-29T10:54:25,26.8,217.9,236.6,1.4,1310.0,245.4
2018-06-29T10:54:56,26.8,216.7,238.4,1.4,1310.0,247.3
2018-06-29T10:55:27,26.4,222.7,234.2,1.3,1320.0,247.3
2018-06-29T10:55:59,26.4,220.3,241.3,1.5,1320.0,247.3
2018-06-29T10:56:30,26.1,215.6,220.0,1.5,1330.0,246.4
2018-06-29T10:57:01,26.1,196.1,240.7,1.8,1340.0,247.3
2018-06-29T10:57:32,26.1,205.5,241.9,1.5,1350.0,247.3
2018-06-29T10:58:03,25.7,207.3,241.3,1.4,1350.0,247.3
2018-06-29T10:58:34,25.7,200.8,240.7,1.6,1360.0,246.4
2018-06-29T10:59:05,25.7,198.4,244.9,1.5,1360.0,246.4
2018-06-29T10:59:36,25.7,190.2,225.9,1.6,1370.0,248.3
2018-06-29T11:00:07,25.7,167.7,239.5,2.0,1380.0,247.3
2018-06-29T11:00:39,25.7,177.2,238.4,2.0,1390.0,246.4
2018-06-29T11:01:10,25.7,194.9,228.3,1.9,1390.0,247.3
2018-06-29T11:01:41,25.7,163.6,244.3,4.0,1400.0,248.3
2018-06-29T11:02:12,25.7,145.3,237.8,7.9,1420.0,252.2
2018-06-29T11:02:43,25.7,159.4,239.5,4.1,1440.0,250.2
2018-06-29T11:03:14,26.1,165.4,239.0,3.1,1450.0,250.2
2018-06-29T11:03:45,26.4,199.6,231.3,3.0,1460.0,251.2
2018-06-29T11:04:16,26.4,196.7,237.8,2.8,1470.0,250.2
2018-06-29T11:04:47,26.4,200.8,239.0,2.2,1480.0,249.3
2018-06-29T11:05:18,26.4,196.7,236.0,2.1,1490.0,249.3
2018-06-29T11:05:49,26.4,203.2,239.5,1.8,1500.0,249.3
2018-06-29T11:06:21,26.8,196.1,237.2,1.9,1500.0,249.3
2018-06-29T11:06:52,26.8,199.0,231.3,1.8,1510.0,248.3
2018-06-29T11:07:23,27.2,182.5,241.3,2.0,1520.0,249.3
2018-06-29T11:07:54,27.2,161.2,216.5,2.2,1530.0,249.3
2018-06-29T11:08:25,27.2,148.8,203.5,2.5,1530.0,249.3
2018-06-29T11:08:56,27.2,171.3,228.9,2.3,1540.0,249.3
2018-06-29T11:09:27,27.2,204.3,254.3,2.2,1550.0,250.2
2018-06-29T11:09:58,27.2,222.7,224.8,3.0,1560.0,249.3
2018-06-29T11:10:29,27.2,223.2,233.6,2.4,1570.0,249.3
2018-06-29T11:11:00,27.2,200.8,211.2,3.4,1580.0,248.3
2018-06-29T11:11:31,27.2,191.9,225.9,3.3,1600.0,249.3
2018-06-29T11:12:02,27.2,194.9,235.4,2.6,1610.0,248.3
2018-06-29T11:12:33,27.5,203.7,225.9,2.4,1620.0,248.3
2018-06-29T11:13:04,27.5,224.4,197.5,3.7,1630.0,250.2
2018-06-29T11:13:35,27.5,216.7,202.3,2.8,1640.0,247.3
2018-06-29T11:14:06,27.9,220.3,215.3,2.3,1650.0,247.3
2018-06-29T11:14:37,27.9,222.7,233.6,2.2,1660.0,245.4
2018-06-29T11:15:08,27.9,223.2,231.3,1.9,1670.0,247.3
2018-06-29T11:15:40,27.9,201.4,223.6,2.3,1680.0,247.3
2018-06-29T11:16:11,27.9,217.9,241.9,2.2,1690.0,248.3
2018-06-29T11:16:42,27.9,203.7,255.5,2.5,1690.0,248.3
2018-06-29T11:17:13,27.5,204.3,225.4,5.9,1710.0,250.2
2018-06-29T11:17:44,27.5,203.2,228.3,2.6,1720.0,248.3
2018-06-29T11:18:15,27.5,174.8,256.7,6.3,1730.0,250.2
2018-06-29T11:18:46,27.2,184.8,249.6,3.8,1750.0,250.2
2018-06-29T11:19:17,27.5,182.5,232.4,4.4,1760.0,250.2
2018-06-29T11:19:48,27.9,205.5,228.3,7.2,1780.0,252.2
2018-06-29T11:20:19,27.9,220.3,244.3,5.5,1800.0,250.2
2018-06-29T11:20:51,27.9,211.4,221.8,6.8,1830.0,251.2
2018-06-29T11:21:22,27.9,213.2,225.9,5.4,1850.0,251.2
2018-06-29T11:21:53,28.6,208.5,239.5,3.7,1870.0,250.2
2018-06-29T11:22:24,28.6,202.6,236.0,5.3,1880.0,249.3
2018-06-29T11:22:55,28.6,210.2,234.2,6.8,1900.0,250.2
2018-06-29T11:23:26,28.3,208.5,228.3,5.9,1930.0,249.3
2018-06-29T11:23:57,28.3,215.6,236.6,4.2,1940.0,248.3
2018-06-29T11:24:28,28.3,209.1,231.9,4.6,1960.0,250.2
2018-06-29T11:24:59,27.9,208.5,233.6,3.5,1980.0,250.2
2018-06-29T11:25:30,27.9,212.0,237.8,3.2,1990.0,248.3
2018-06-29T11:26:02,27.9,206.7,234.8,5.1,2010.0,250.2
2018-06-29T11:26:33,27.5,201.4,227.7,5.4,2030.0,253.1
2018-06-29T11:27:04,27.5,205.5,236.0,4.8,2050.0,251.2
2018-06-29T11:27:35,27.5,206.7,227.7,4.8,2060.0,251.2
2018-06-29T11:28:06,27.9,208.5,227.1,6.2,2090.0,252.2
2018-06-29T11:28:37,27.9,215.6,233.6,2.9,2110.0,250.2
2018-06-29T11:29:08,27.9,226.2,233.0,3.7,2120.0,251.2
2018-06-29T11:29:39,28.3,217.3,227.7,5.5,2130.0,251.2
2018-06-29T11:30:10,28.6,214.4,236.0,5.7,2160.0,253.1
2018-06-29T11:30:41,28.6,218.5,232.4,5.5,2180.0,251.2
2018-06-29T11:31:13,28.3,203.7,211.7,3.7,2190.0,250.2
2018-06-29T11:31:44,28.6,213.8,214.7,5.7,2200.0,251.2
2018-06-29T11:32:15,28.6,207.9,228.3,3.4,2220.0,247.3
2018-06-29T11:32:46,28.6,201.4,241.3,5.8,2240.0,250.2
2018-06-29T11:33:17,28.6,200.2,230.7,6.0,2250.0,251.2
2018-06-29T11:33:48,29.0,204.3,232.4,4.7,2270.0,251.2
2018-06-29T11:34:19,29.7,203.2,234.8,4.6,2290.0,250.2
2018-06-29T11:34:50,29.7,212.6,237.2,5.6,2310.0,251.2
2018-06-29T11:35:21,30.1,202.0,223.6,6.1,2330.0,251.2
2018-06-29T11:35:52,29.7,211.4,237.8,5.6,2350.0,252.2
2018-06-29T11:36:23,29.7,202.6,233.0,6.1,2370.0,251.2
2018-06-29T11:36:54,29.7,199.0,232.4,6.0,2390.0,250.2
2018-06-29T11:37:25,29.7,202.6,217.7,5.9,2410.0,250.2
2018-06-29T11:37:56,29.7,203.2,227.7,5.9,2430.0,250.2
2018-06-29T11:38:27,29.7,203.7,228.9,6.1,2450.0,250.2
2018-06-29T11:38:58,30.1,202.0,231.3,6.0,2470.0,251.2
2018-06-29T11:39:29,30.2,208.5,232.4,5.9,2490.0,251.2
2018-06-29T11:40:00,30.2,198.4,220.0,6.1,2510.0,251.2
2018-06-29T11:40:32,30.3,199.0,227.7,6.2,2530.0,251.2
2018-06-29T11:41:03,30.4,207.3,233.6,5.8,2550.0,251.2
2018-06-29T11:41:34,30.5,200.2,228.9,6.2,2570.0,251.2
2018-06-29T11:42:05,30.8,199.6,225.9,6.0,2590.0,251.2
2018-06-29T11:42:36,30.8,205.5,224.8,6.0,2610.0,249.3
2018-06-29T11:43:07,30.7,203.2,223.0,6.0,2630.0,250.2
2018-06-29T11:43:38,30.5,197.8,223.0,6.1,2660.0,249.3
2018-06-29T11:44:09,30.4,203.7,231.3,6.0,2680.0,249.3
2018-06-29T11:44:40,30.4,208.5,226.5,5.8,2700.0,250.2
2018-06-29T11:45:11,30.4,202.6,228.3,6.0,2720.0,251.2
2018-06-29T11:45:43,30.5,202.6,224.8,6.0,2740.0,252.2
2018-06-29T11:46:14,30.5,207.9,228.9,5.8,2760.0,250.2
2018-06-29T11:46:45,30.7,206.7,221.2,5.8,2780.0,250.2
2018-06-29T11:47:16,30.7,200.8,220.6,6.1,2800.0,250.2
2018-06-29T11:47:47,30.7,197.8,223.6,6.1,2820.0,251.2
2018-06-29T11:48:18,30.7,205.5,229.5,6.0,2840.0,252.2
2018-06-29T11:48:49,30.8,203.2,230.1,5.9,2860.0,251.2
2018-06-29T11:49:20,30.8,200.8,227.1,6.1,2880.0,252.2
2018-06-29T11:49:51,31.0,202.6,228.9,6.1,2900.0,252.2
2018-06-29T11:50:22,31.1,206.7,225.4,6.0,2920.0,253.1
2018-06-29T11:50:54,31.2,204.3,230.7,6.1,2940.0,251.2
2018-06-29T11:51:26,31.2,205.5,221.8,6.0,2960.0,251.2
2018-06-29T11:51:57,31.4,203.2,220.0,6.0,2980.0,251.2
2018-06-29T11:52:28,31.5,200.8,222.4,6.1,3000.0,250.2
2018-06-29T11:52:59,31.5,203.7,225.4,6.1,3020.0,252.2
2018-06-29T11:53:30,31.4,198.4,230.1,6.2,3040.0,252.2
2018-06-29T11:54:01,31.4,196.7,231.9,6.2,3060.0,251.2
2018-06-29T11:54:32,31.4,200.8,224.2,6.2,3080.0,252.2
2018-06-29T11:55:03,31.2,205.5,220.0,6.0,3110.0,251.2
2018-06-29T11:55:34,31.2,203.2,221.2,6.2,3130.0,251.2
2018-06-29T11:56:05,31.4,200.8,230.1,6.2,3150.0,251.2
2018-06-29T11:56:36,31.6,197.8,218.8,6.3,3170.0,252.2
2018-06-29T11:57:07,31.7,196.7,221.2,6.2,3190.0,251.2
2018-06-29T11:57:38,31.8,196.7,225.4,6.4,3210.0,252.2
2018-06-29T11:58:09,31.9,203.2,223.6,6.0,3230.0,251.2
2018-06-29T11:58:40,32.0,203.7,227.7,6.1,3250.0,252.2
2018-06-29T11:59:11,32.2,200.2,231.9,6.2,3270.0,251.2
2018-06-29T11:59:43,32.2,196.7,231.9,6.3,3290.0,251.2
2018-06-29T12:00:14,32.3,203.2,226.5,6.0,3310.0,250.2
2018-06-29T12:00:45,32.4,204.9,219.4,6.1,3330.0,250.2
2018-06-29T12:01:16,32.2,199.6,221.8,6.2,3350.0,252.2
2018-06-29T12:01:47,31.9,197.8,227.1,6.3,3370.0,249.3
2018-06-29T12:02:18,31.9,199.0,231.9,6.3,3390.0,251.2
2018-06-29T12:02:49,32.0,197.8,229.5,6.2,3420.0,249.3
2018-06-29T12:03:20,32.2,201.4,230.1,6.3,3440.0,249.3
2018-06-29T12:03:51,32.3,204.3,228.9,6.1,3460.0,250.2
2018-06-29T12:04:22,32.4,196.7,220.0,6.2,3480.0,250.2
2018-06-29T12:04:53,32.5,196.7,221.2,6.4,3500.0,250.2
2018-06-29T12:05:24,32.5,199.0,221.8,6.3,3520.0,250.2
2018-06-29T12:05:56,32.6,199.6,223.6,6.2,3540.0,250.2
2018-06-29T12:06:27,32.7,203.2,223.6,6.1,3560.0,250.2
2018-06-29T12:06:58,32.7,199.6,223.0,6.1,3580.0,250.2
2018-06-29T12:07:29,32.5,199.6,222.4,6.2,3600.0,250.2
2018-06-29T12:08:00,32.3,201.4,221.2,6.2,3620.0,251.2
2018-06-29T12:08:31,32.4,197.8,227.1,6.3,3640.0,249.3
2018-06-29T12:09:02,32.5,194.9,227.1,6.4,3660.0,250.2
2018-06-29T12:09:33,32.4,197.3,223.0,6.3,3680.0,251.2
2018-06-29T12:10:04,32.4,200.2,218.3,6.2,3710.0,249.3
2018-06-29T12:10:36,32.5,199.6,217.7,6.2,3730.0,248.3
2018-06-29T12:11:07,32.5,198.4,221.8,6.2,3750.0,248.3
2018-06-29T12:11:38,32.5,195.5,227.1,6.4,3770.0,250.2
2018-06-29T12:12:09,32.6,197.8,223.6,6.4,3790.0,249.3
2018-06-29T12:12:40,32.7,194.3,221.8,6.4,3810.0,249.3
2018-06-29T12:13:11,32.9,198.4,228.3,6.2,3830.0,248.3
2018-06-29T12:13:42,32.7,200.8,228.3,6.2,3850.0,248.3
2018-06-29T12:14:13,32.6,202.0,224.2,6.1,3870.0,247.3
2018-06-29T12:14:44,32.7,197.8,217.7,6.3,3890.0,250.2
2018-06-29T12:15:15,32.7,194.3,218.8,6.4,3910.0,248.3
2018-06-29T12:15:47,33.0,197.3,222.4,6.4,3930.0,249.3
2018-06-29T12:16:18,33.1,199.6,228.3,6.2,3960.0,250.2
2018-06-29T12:16:49,33.2,199.0,220.0,6.4,3980.0,250.2
2018-06-29T12:17:20,33.3,199.6,224.2,6.3,4000.0,249.3
2018-06-29T12:17:51,33.3,196.7,230.1,6.4,4020.0,250.2
2018-06-29T12:18:22,33.4,197.3,222.4,6.5,4040.0,249.3
2018-06-29T12:18:53,33.5,202.0,221.2,6.2,4060.0,251.2
2018-06-29T12:19:24,33.5,201.4,215.9,6.2,4080.0,250.2
2018-06-29T12:19:55,33.7,193.7,224.2,6.4,4100.0,251.2
2018-06-29T12:20:26,33.8,197.3,223.0,6.3,4120.0,250.2
2018-06-29T12:20:58,33.8,192.5,225.9,6.3,4140.0,250.2
2018-06-29T12:21:43,33.5,193.7,217.7,6.4,4170.0,250.2
2018-06-29T12:22:14,33.5,193.7,224.2,6.3,4190.0,250.2
2018-06-29T12:22:45,33.7,193.1,223.0,6.4,4220.0,251.2
2018-06-29T12:23:16,33.4,194.9,219.4,6.4,4240.0,250.2
2018-06-29T12:23:47,33.3,202.6,217.7,6.1,4260.0,252.2
2018-06-29T12:24:18,33.4,197.3,224.2,6.2,4280.0,251.2
2018-06-29T12:24:49,33.5,194.3,221.2,6.4,4300.0,251.2
2018-06-29T12:25:20,33.7,196.7,221.2,6.2,4320.0,250.2
2018-06-29T12:25:52,33.8,196.7,219.4,6.2,4340.0,251.2
2018-06-29T12:26:23,33.9,194.3,225.9,6.3,4360.0,251.2
2018-06-29T12:26:54,34.0,197.8,222.4,6.2,4380.0,250.2
2018-06-29T12:27:25,34.0,199.0,215.3,6.3,4400.0,252.2
2018-06-29T12:27:56,34.0,194.9,215.9,6.3,4420.0,250.2
2018-06-29T12:28:27,34.1,192.5,217.7,6.4,4440.0,250.2
2018-06-29T12:28:58,34.0,197.8,215.3,6.3,4460.0,250.2
2018-06-29T12:29:29,33.8,191.3,218.3,6.5,4490.0,251.2
2018-06-29T12:30:00,33.7,192.5,223.0,6.5,4510.0,250.2
2018-06-29T12:30:32,33.5,196.7,225.4,6.4,4530.0,249.3
2018-06-29T12:31:03,33.7,202.0,218.8,6.2,4550.0,251.2
2018-06-29T12:31:34,33.8,202.6,218.8,6.1,4570.0,251.2
2018-06-29T12:32:05,33.9,195.5,217.1,6.4,4590.0,249.3
2018-06-29T12:32:36,34.0,191.9,214.7,6.5,4610.0,249.3
2018-06-29T12:33:07,34.1,198.4,221.2,6.2,4630.0,249.3
2018-06-29T12:33:38,34.2,199.6,225.4,6.2,4650.0,247.3
2018-06-29T12:34:09,34.4,199.6,225.4,6.2,4670.0,248.3
2018-06-29T12:34:40,34.4,198.4,221.8,6.3,4690.0,247.3
2018-06-29T12:35:11,34.4,195.5,211.7,6.4,4720.0,249.3
2018-06-29T12:35:43,34.5,190.8,212.9,6.5,4740.0,249.3
2018-06-29T12:36:14,34.6,196.7,221.2,6.3,4760.0,248.3
2018-06-29T12:36:45,34.5,200.8,224.2,6.2,4780.0,249.3
2018-06-29T12:37:16,34.7,197.3,225.9,6.3,4800.0,250.2
2018-06-29T12:37:47,34.7,191.9,223.6,6.5,4820.0,249.3
2018-06-29T12:38:18,34.7,194.3,220.6,6.4,4840.0,249.3
2018-06-29T12:38:49,34.8,197.3,223.0,6.2,4860.0,250.2
2018-06-29T12:39:20,34.9,199.6,222.4,6.2,4880.0,250.2
2018-06-29T12:39:51,34.8,198.4,221.8,6.3,4900.0,250.2
2018-06-29T12:40:22,34.8,196.7,221.2,6.3,4920.0,251.2
2018-06-29T12:40:54,34.7,195.5,218.8,6.4,4940.0,251.2
2018-06-29T12:41:25,34.7,189.6,217.1,6.5,4970.0,250.2
2018-06-29T12:41:56,34.7,191.3,212.9,6.5,4990.0,251.2
2018-06-29T12:42:27,34.8,189.6,215.3,6.6,5010.0,251.2
2018-06-29T12:42:58,34.8,196.1,211.7,6.4,5030.0,250.2
2018-06-29T12:43:29,34.9,198.4,218.3,6.2,5050.0,250.2
2018-06-29T12:44:00,34.9,190.8,214.7,6.5,5070.0,250.2
2018-06-29T12:44:31,35.0,196.7,224.2,6.3,5090.0,250.2
2018-06-29T12:45:02,35.2,193.7,215.9,6.3,5110.0,251.2
2018-06-29T12:45:35,35.3,190.8,221.2,6.4,5130.0,250.2
2018-06-29T12:46:06,35.3,188.4,221.8,6.5,5150.0,250.2
2018-06-29T12:46:37,35.4,191.9,220.0,6.5,5170.0,251.2
2018-06-29T12:47:08,35.5,194.9,225.4,6.4,5190.0,251.2
2018-06-29T12:47:39,35.5,197.3,224.8,6.2,5220.0,250.2
2018-06-29T12:48:10,35.6,191.3,221.8,6.5,5240.0,251.2
2018-06-29T12:48:41,35.6,189.6,225.9,6.5,5260.0,251.2
2018-06-29T12:49:12,35.6,196.1,217.7,6.4,5280.0,250.2
2018-06-29T12:49:43,35.7,192.5,215.3,6.4,5300.0,250.2
2018-06-29T12:50:14,35.7,194.9,217.1,6.4,5320.0,249.3
2018-06-29T12:50:46,35.9,196.7,216.5,6.2,5340.0,250.2
2018-06-29T12:51:17,35.9,196.7,215.3,6.2,5360.0,249.3
2018-06-29T12:51:48,35.9,196.7,214.1,6.3,5380.0,250.2
2018-06-29T12:52:19,36.0,197.3,214.7,6.3,5400.0,251.2
2018-06-29T12:52:50,36.0,198.4,212.9,6.1,5420.0,252.2
2018-06-29T12:53:21,36.1,195.5,212.9,6.4,5440.0,251.2
2018-06-29T12:53:52,36.1,189.6,214.7,6.5,5460.0,251.2
2018-06-29T12:54:23,36.1,189.0,214.1,6.5,5480.0,252.2
2018-06-29T12:54:54,36.2,191.3,212.9,6.4,5510.0,252.2
2018-06-29T12:55:25,36.2,191.9,215.9,6.4,5530.0,252.2
2018-06-29T12:55:57,36.2,193.1,216.5,6.4,5550.0,253.1
2018-06-29T12:56:28,36.2,194.3,218.3,6.3,5570.0,253.1
2018-06-29T12:56:59,36.2,191.9,221.2,6.4,5590.0,252.2
2018-06-29T12:57:30,36.0,196.7,223.0,6.3,5610.0,253.1
2018-06-29T12:58:01,36.1,188.4,221.8,6.4,5630.0,252.2
2018-06-29T12:58:32,36.1,187.8,217.7,6.4,5650.0,253.1
2018-06-29T12:59:03,36.2,187.2,214.1,6.5,5670.0,253.1
2018-06-29T12:59:34,36.3,191.3,214.7,6.4,5690.0,253.1
2018-06-29T13:00:05,36.3,191.9,220.0,6.3,5710.0,254.1
2018-06-29T13:00:36,36.4,193.1,218.3,6.3,5730.0,253.1
2018-06-29T13:01:08,36.4,196.7,220.0,6.3,5750.0,254.1
2018-06-29T13:01:39,36.5,193.1,223.0,6.4,5770.0,253.1
2018-06-29T13:02:10,36.5,192.5,220.0,6.4,5790.0,253.1
2018-06-29T13:02:41,36.5,191.3,218.8,6.4,5810.0,253.1
2018-06-29T13:03:12,36.7,191.9,218.3,6.3,5840.0,254.1
2018-06-29T13:03:43,36.7,196.7,220.6,6.1,5860.0,253.1
2018-06-29T13:04:14,36.8,194.3,214.1,6.3,5880.0,253.1
2018-06-29T13:04:45,36.8,177.8,217.1,6.5,5900.0,253.1
2018-06-29T13:05:16,36.8,197.8,214.7,6.1,5920.0,253.1
2018-06-29T13:05:47,36.9,199.0,212.9,5.5,5940.0,253.1
2018-06-29T13:06:19,36.9,204.9,211.7,5.5,5960.0,253.1
2018-06-29T13:06:50,36.9,204.3,212.9,5.5,5980.0,253.1
2018-06-29T13:07:21,36.8,195.5,211.7,5.5,5990.0,252.2
2018-06-29T13:07:52,36.7,182.5,212.3,5.8,6010.0,253.1
2018-06-29T13:08:23,36.7,175.4,211.2,6.4,6030.0,252.2
2018-06-29T13:08:54,36.7,173.6,212.3,6.4,6050.0,253.1
2018-06-29T13:09:25,36.5,172.4,211.7,6.5,6070.0,253.1
2018-06-29T13:09:56,36.4,174.8,211.2,6.2,6090.0,252.2
2018-06-29T13:10:27,36.4,178.9,217.1,6.1,6110.0,251.2
2018-06-29T13:10:58,36.5,177.2,212.3,6.0,6130.0,252.2
2018-06-29T13:11:30,36.7,161.2,211.7,6.4,6150.0,252.2
2018-06-29T13:12:01,36.5,163.6,215.3,6.4,6170.0,252.2
2018-06-29T13:12:32,36.4,164.8,211.2,6.4,6190.0,252.2
2018-06-29T13:13:03,36.3,168.9,214.7,6.2,6210.0,252.2
2018-06-29T13:13:34,36.2,168.3,213.5,6.1,6230.0,252.2
2018-06-29T13:14:05,36.4,168.3,215.9,6.3,6240.0,251.2
2018-06-29T13:14:36,36.4,165.4,217.7,6.4,6260.0,251.2
2018-06-29T13:15:07,36.4,167.7,223.0,6.2,6280.0,252.2
2018-06-29T13:15:38,36.5,169.5,215.9,6.3,6300.0,251.2
2018-06-29T13:16:09,36.7,162.4,211.2,6.4,6320.0,252.2
2018-06-29T13:16:40,36.8,160.6,212.9,6.5,6340.0,251.2
2018-06-29T13:17:11,36.9,160.0,214.1,6.5,6360.0,250.2
2018-06-29T13:17:42,36.9,158.9,215.3,6.6,6380.0,251.2
2018-06-29T13:18:13,37.0,160.6,217.1,6.5,6400.0,252.2
2018-06-29T13:18:44,36.9,161.2,221.2,6.5,6420.0,250.2
2018-06-29T13:19:15,36.8,164.2,215.9,6.3,6440.0,249.3
2018-06-29T13:19:47,36.9,168.3,212.9,6.1,6450.0,249.3
2018-06-29T13:20:18,37.0,160.6,215.3,6.6,6470.0,250.2
2018-06-29T13:20:49,37.1,159.4,217.1,6.6,6490.0,249.3
2018-06-29T13:21:20,37.1,163.6,208.8,6.3,6510.0,251.2
2018-06-29T13:21:51,37.2,165.4,215.3,6.3,6530.0,249.3
2018-06-29T13:22:22,37.2,164.2,217.7,6.4,6550.0,249.3
2018-06-29T13:22:53,37.2,164.8,218.8,6.3,6570.0,249.3
2018-06-29T13:23:24,37.4,164.2,220.0,6.3,6590.0,250.2
2018-06-29T13:23:55,37.4,164.2,223.0,6.3,6610.0,250.2
2018-06-29T13:24:26,37.5,166.5,220.0,6.2,6630.0,251.2
2018-06-29T13:24:57,37.5,167.7,221.8,6.2,6640.0,249.3
2018-06-29T13:25:28,37.5,165.4,223.0,6.3,6660.0,252.2
2018-06-29T13:26:00,37.5,167.1,219.4,6.1,6680.0,250.2
2018-06-29T13:26:31,37.4,168.9,217.7,6.0,6700.0,253.1
2018-06-29T13:27:02,37.5,166.5,217.7,6.1,6720.0,250.2
2018-06-29T13:27:33,37.4,149.4,213.5,6.5,6740.0,252.2
2018-06-29T13:28:04,37.4,150.6,211.2,6.5,6760.0,252.2
2018-06-29T13:28:35,37.2,150.0,213.5,6.5,6780.0,252.2
2018-06-29T13:29:06,37.2,155.3,218.3,6.3,6790.0,253.1
2018-06-29T13:29:37,37.4,158.3,211.7,6.1,6810.0,251.2
2018-06-29T13:30:08,37.5,150.6,212.9,6.4,6830.0,252.2
2018-06-29T13:30:39,37.5,150.6,221.2,6.5,6850.0,253.1
2018-06-29T13:31:11,37.5,155.9,219.4,6.2,6870.0,251.2
2018-06-29T13:31:42,37.6,156.5,219.4,6.1,6890.0,252.2
2018-06-29T13:32:13,37.6,151.8,215.3,6.3,6900.0,251.2
2018-06-29T13:32:44,37.7,150.0,210.0,6.5,6920.0,252.2
2018-06-29T13:33:15,37.7,152.4,214.1,6.4,6940.0,252.2
2018-06-29T13:33:46,37.8,158.3,216.5,6.1,6960.0,251.2
2018-06-29T13:34:17,37.6,156.5,220.6,6.2,6980.0,251.2
2018-06-29T13:34:48,37.5,157.1,212.3,6.2,7000.0,251.2
2018-06-29T13:35:19,37.4,158.3,212.9,6.0,7010.0,253.1
2018-06-29T13:35:50,37.2,159.4,211.7,5.9,7030.0,252.2
2018-06-29T13:36:22,37.1,160.6,215.9,6.0,7050.0,252.2
2018-06-29T13:36:53,37.0,157.1,216.5,6.2,7070.0,252.2
2018-06-29T13:37:24,36.8,157.1,218.3,6.2,7090.0,251.2
2018-06-29T13:37:55,36.7,154.7,218.3,6.2,7100.0,252.2
2018-06-29T13:38:26,36.7,150.0,211.2,6.4,7120.0,252.2
2018-06-29T13:38:57,36.8,151.2,212.9,6.5,7140.0,251.2
2018-06-29T13:39:28,37.0,154.1,215.9,6.3,7160.0,251.2
2018-06-29T13:39:59,37.0,156.5,215.3,6.2,7180.0,251.2
2018-06-29T13:40:30,37.1,151.8,211.7,6.3,7200.0,251.2
2018-06-29T13:41:01,37.2,149.4,217.1,6.4,7210.0,251.2
2018-06-29T13:41:32,37.2,157.1,215.3,6.1,7230.0,251.2
2018-06-29T13:42:03,37.4,158.3,218.8,6.0,7250.0,251.2
2018-06-29T13:42:34,37.5,157.7,221.2,6.1,7270.0,252.2
2018-06-29T13:43:05,37.5,150.6,221.8,6.3,7290.0,251.2
2018-06-29T13:43:36,37.4,148.8,222.4,6.4,7300.0,252.2
2018-06-29T13:44:07,37.4,149.4,223.0,6.4,7320.0,250.2
2018-06-29T13:44:38,37.2,151.8,220.0,6.3,7340.0,251.2
2018-06-29T13:45:09,37.1,149.4,222.4,6.3,7360.0,252.2
2018-06-29T13:45:40,37.0,151.8,217.1,6.3,7380.0,251.2
2018-06-29T13:46:12,36.9,154.7,211.7,6.2,7400.0,251.2
2018-06-29T13:46:43,37.0,156.5,219.4,6.1,7410.0,251.2
2018-06-29T13:47:14,37.1,153.5,222.4,6.2,7430.0,251.2
2018-06-29T13:47:45,37.2,155.3,213.5,6.1,7450.0,251.2
2018-06-29T13:48:16,37.4,150.0,224.2,6.4,7470.0,251.2
2018-06-29T13:48:47,37.4,150.0,220.0,6.4,7480.0,250.2
2018-06-29T13:49:18,37.5,152.4,212.9,6.2,7500.0,251.2
2018-06-29T13:49:49,37.5,150.6,211.7,6.3,7520.0,250.2
2018-06-29T13:50:20,37.6,152.9,218.8,6.3,7540.0,252.2
2018-06-29T13:50:51,37.6,154.7,215.9,6.2,7560.0,251.2
2018-06-29T13:51:23,37.7,157.1,220.6,6.0,7570.0,251.2
2018-06-29T13:51:54,37.7,157.7,221.8,5.9,7590.0,250.2
2018-06-29T13:52:25,37.7,158.3,217.1,5.9,7610.0,252.2
2018-06-29T13:52:56,37.8,157.7,219.4,6.0,7630.0,250.2
2018-06-29T13:53:27,37.8,154.7,215.9,6.0,7650.0,250.2
2018-06-29T13:53:58,37.8,150.0,213.5,6.3,7660.0,251.2
2018-06-29T13:54:29,37.8,153.5,215.9,6.1,7680.0,250.2
2018-06-29T13:55:00,37.8,154.1,220.0,6.0,7700.0,250.2
2018-06-29T13:55:31,37.9,155.3,218.3,6.1,7720.0,250.2
2018-06-29T13:56:03,37.9,154.1,221.8,6.1,7740.0,249.3
2018-06-29T13:56:34,38.0,153.5,221.8,6.1,7750.0,251.2
2018-06-29T13:57:05,38.0,156.5,218.3,5.9,7770.0,249.3
2018-06-29T13:57:36,38.0,152.9,218.3,6.1,7790.0,250.2
2018-06-29T13:58:07,38.0,151.2,212.3,6.1,7810.0,250.2
2018-06-29T13:58:38,38.2,159.4,217.1,5.7,7820.0,250.2
2018-06-29T13:59:09,38.2,160.0,217.7,5.7,7840.0,251.2
2018-06-29T13:59:40,38.2,157.1,217.1,5.7,7860.0,250.2
2018-06-29T14:00:11,38.2,163.0,212.9,5.3,7870.0,250.2
2018-06-29T14:00:47,38.3,164.8,220.6,5.2,7890.0,249.3
2018-06-29T14:01:19,38.3,165.9,218.8,5.1,7910.0,251.2
2018-06-29T14:01:50,38.3,166.5,215.3,4.9,7930.0,250.2
2018-06-29T14:02:21,38.3,168.9,215.3,4.7,7940.0,249.3
2018-06-29T14:02:52,38.4,167.7,220.0,4.5,7960.0,249.3
2018-06-29T14:03:23,38.4,171.3,222.4,4.5,7980.0,248.3
2018-06-29T14:03:54,38.4,170.7,220.6,4.4,7990.0,251.2
2018-06-29T14:04:25,38.4,171.3,218.8,4.0,8010.0,249.3
2018-06-29T14:04:56,38.4,168.3,215.9,4.1,8020.0,249.3
2018-06-29T14:05:27,38.4,142.3,212.3,5.9,8040.0,248.3
2018-06-29T14:05:58,38.3,147.6,218.3,5.7,8060.0,249.3
2018-06-29T14:06:29,38.2,145.3,218.3,5.9,8070.0,249.3
2018-06-29T14:07:00,38.0,142.3,220.6,6.0,8090.0,248.3
2018-06-29T14:07:31,38.2,140.5,220.6,6.1,8110.0,248.3
2018-06-29T14:08:02,38.0,141.7,221.2,6.1,8120.0,248.3
2018-06-29T14:08:33,38.2,143.5,217.7,5.9,8140.0,247.3
2018-06-29T14:09:04,38.2,142.3,214.1,6.1,8160.0,248.3
2018-06-29T14:09:35,38.3,147.0,215.3,5.8,8170.0,249.3
2018-06-29T14:10:06,38.3,145.3,218.3,5.8,8190.0,248.3
2018-06-29T14:10:38,38.3,147.6,220.6,5.7,8210.0,249.3
2018-06-29T14:11:09,38.3,150.6,218.8,5.6,8230.0,248.3
2018-06-29T14:11:40,38.4,147.0,222.4,5.7,8240.0,250.2
2018-06-29T14:12:11,38.4,147.6,218.3,5.6,8260.0,249.3
2018-06-29T14:12:42,38.3,147.6,225.4,5.6,8280.0,248.3
2018-06-29T14:13:13,38.2,149.4,218.8,5.5,8290.0,248.3
2018-06-29T14:13:44,38.2,148.8,220.0,5.5,8310.0,250.2
2018-06-29T14:14:15,38.3,155.9,215.3,5.1,8320.0,249.3
2018-06-29T14:14:46,38.3,158.3,214.7,4.7,8340.0,250.2
2018-06-29T14:15:17,38.3,160.0,216.5,4.3,8360.0,251.2
2018-06-29T14:15:49,38.4,161.2,211.2,3.9,8370.0,250.2
2018-06-29T14:16:20,38.4,166.5,213.5,3.4,8390.0,250.2
2018-06-29T14:16:51,38.4,168.3,212.9,3.3,8400.0,250.2
2018-06-29T14:17:22,38.4,168.3,212.9,3.2,8410.0,250.2
2018-06-29T14:17:53,38.4,165.4,215.9,3.1,8430.0,249.3
2018-06-29T14:18:24,38.4,149.4,222.4,4.6,8440.0,251.2
2018-06-29T14:18:55,38.4,138.2,221.2,5.5,8460.0,250.2
2018-06-29T14:19:26,38.4,131.7,218.3,5.8,8470.0,249.3
2018-06-29T14:19:57,38.4,132.9,217.1,5.8,8490.0,250.2
2018-06-29T14:20:28,38.2,132.3,219.4,5.7,8500.0,250.2
2018-06-29T14:21:00,38.3,135.8,219.4,5.6,8520.0,250.2
2018-06-29T14:21:31,38.3,135.8,220.6,5.6,8540.0,250.2
2018-06-29T14:22:02,38.3,145.3,221.2,4.7,8550.0,249.3
2018-06-29T14:22:33,38.2,124.0,218.3,5.7,8570.0,249.3
2018-06-29T14:23:04,38.2,121.6,214.7,5.8,8580.0,249.3
2018-06-29T14:23:35,38.2,129.9,211.7,5.4,8600.0,249.3
2018-06-29T14:24:06,38.2,128.1,223.6,5.6,8610.0,248.3
2018-06-29T14:24:37,38.2,138.8,220.6,4.6,8630.0,247.3
2018-06-29T14:25:08,38.2,130.5,212.3,5.4,8640.0,246.4
2018-06-29T14:25:39,38.0,131.7,214.1,5.3,8660.0,248.3
2018-06-29T14:26:11,37.9,127.5,218.8,5.5,8670.0,248.3
2018-06-29T14:26:42,37.8,131.1,221.8,5.3,8690.0,249.3
2018-06-29T14:27:13,37.8,125.8,219.4,5.6,8700.0,248.3
2018-06-29T14:27:44,37.9,125.2,224.2,5.6,8720.0,249.3
2018-06-29T14:28:15,37.9,141.7,224.2,5.3,8730.0,248.3
2018-06-29T14:28:46,38.0,132.9,221.8,5.6,8750.0,248.3
2018-06-29T14:29:17,38.0,137.6,220.6,5.4,8760.0,247.3
2018-06-29T14:29:48,38.2,136.4,221.8,5.4,8780.0,248.3
2018-06-29T14:30:19,38.2,131.1,216.5,5.6,8790.0,247.3
2018-06-29T14:30:50,38.2,129.3,212.9,5.7,8810.0,247.3
2018-06-29T14:31:21,38.2,132.3,219.4,5.6,8830.0,248.3
2018-06-29T14:31:52,38.2,135.8,223.6,5.6,8840.0,248.3
2018-06-29T14:32:23,38.2,138.2,220.0,5.4,8860.0,247.3
2018-06-29T14:32:54,38.3,140.5,220.6,5.3,8870.0,247.3
2018-06-29T14:33:25,38.3,135.2,218.3,5.3,8890.0,246.4
2018-06-29T14:33:56,38.3,135.8,228.9,5.3,8900.0,246.4
2018-06-29T14:34:27,38.4,136.4,210.0,4.1,8920.0,246.4
2018-06-29T14:34:58,38.4,122.8,195.2,3.7,8920.0,245.4
2018-06-29T14:35:29,38.4,140.0,214.1,2.8,8930.0,245.4
2018-06-29T14:36:01,38.3,128.1,235.4,3.0,8940.0,245.4
2018-06-29T14:36:32,38.3,152.4,218.3,2.7,8950.0,247.3
2018-06-29T14:37:03,38.3,126.4,192.2,4.3,8960.0,247.3
2018-06-29T14:37:34,38.3,138.2,216.5,4.9,8970.0,246.4
2018-06-29T14:38:05,38.3,156.5,239.0,3.1,8980.0,247.3
2018-06-29T14:38:36,38.3,147.6,246.1,4.1,8990.0,246.4
2018-06-29T14:39:07,38.3,152.9,237.8,2.5,9000.0,246.4
2018-06-29T14:39:38,38.2,139.4,226.5,1.7,9010.0,244.4
2018-06-29T14:40:09,38.2,138.2,225.4,1.6,9010.0,247.3
2018-06-29T14:40:40,38.2,137.6,210.6,1.3,9020.0,246.4
2018-06-29T14:41:12,38.2,147.6,249.0,4.1,9020.0,249.3
2018-06-29T14:41:43,38.0,142.3,222.4,4.5,9040.0,248.3
2018-06-29T14:42:14,38.0,139.4,225.9,4.8,9050.0,250.2
2018-06-29T14:42:45,38.2,147.0,213.5,4.7,9070.0,250.2
2018-06-29T14:43:16,38.0,145.3,223.0,4.8,9080.0,250.2
2018-06-29T14:43:47,38.2,148.8,230.1,4.6,9100.0,249.3
2018-06-29T14:44:18,38.2,152.9,223.0,2.8,9110.0,249.3
2018-06-29T14:44:49,38.0,147.0,221.2,0.9,9110.0,246.4
2018-06-29T14:45:20,38.0,134.0,218.3,0.9,9120.0,244.4
2018-06-29T14:45:51,38.0,136.4,208.2,0.9,9120.0,246.4
2018-06-29T14:46:23,38.0,115.7,194.0,1.0,9120.0,245.4
2018-06-29T14:46:54,37.9,136.4,222.4,0.9,9130.0,247.3
2018-06-29T14:47:25,37.9,146.4,240.1,1.1,9130.0,247.3
2018-06-29T14:47:56,37.9,123.4,209.4,1.5,9130.0,248.3
2018-06-29T14:48:27,37.8,117.5,188.1,1.9,9140.0,247.3
2018-06-29T14:48:58,37.7,107.5,204.6,2.3,9140.0,246.4
2018-06-29T14:49:29,37.7,112.8,224.8,1.5,9150.0,245.4
2018-06-29T14:50:00,37.7,120.5,211.7,1.6,9150.0,247.3
2018-06-29T14:50:31,37.7,124.6,208.8,1.9,9160.0,248.3
2018-06-29T14:51:03,37.6,124.6,186.9,3.1,9170.0,250.2
2018-06-29T14:51:34,37.6,138.8,188.7,3.6,9180.0,250.2
2018-06-29T14:52:05,37.6,131.1,220.0,4.3,9190.0,250.2
2018-06-29T14:52:36,37.6,130.5,229.5,3.9,9210.0,250.2
2018-06-29T14:53:07,37.6,132.9,226.5,3.6,9220.0,250.2
2018-06-29T14:53:38,37.6,131.7,224.8,3.7,9230.0,250.2
2018-06-29T14:54:09,37.6,115.7,221.2,4.9,9250.0,250.2
2018-06-29T14:54:40,37.7,109.8,223.6,5.3,9260.0,252.2
2018-06-29T14:55:11,37.7,112.2,225.9,5.0,9270.0,251.2
2018-06-29T14:55:42,37.7,105.7,223.6,5.1,9290.0,249.3
2018-06-29T14:56:13,37.7,110.4,221.2,4.9,9300.0,249.3
2018-06-29T14:56:44,37.7,112.8,223.0,4.8,9310.0,250.2
2018-06-29T14:57:15,37.7,111.0,215.9,4.9,9330.0,251.2
2018-06-29T14:57:46,37.7,111.0,224.2,4.9,9340.0,250.2
2018-06-29T14:58:17,37.6,114.0,226.5,4.7,9350.0,249.3
2018-06-29T14:58:48,37.5,116.9,230.1,4.5,9360.0,250.2
2018-06-29T14:59:19,37.6,115.1,224.8,4.6,9380.0,250.2
2018-06-29T14:59:50,37.6,113.4,221.2,4.5,9390.0,250.2
2018-06-29T15:00:21,37.5,118.7,215.9,4.2,9400.0,251.2
2018-06-29T15:00:53,37.5,116.9,217.7,4.0,9420.0,250.2
2018-06-29T15:01:25,37.5,121.0,216.5,3.7,9430.0,249.3
2018-06-29T15:01:56,37.5,121.0,220.6,3.3,9440.0,251.2
2018-06-29T15:02:27,37.5,124.0,220.6,3.0,9450.0,249.3
2018-06-29T15:02:58,37.6,126.4,225.9,2.4,9460.0,249.3
2018-06-29T15:03:29,37.6,127.5,224.2,2.2,9470.0,249.3
2018-06-29T15:04:00,37.6,119.9,218.3,2.1,9480.0,250.2
2018-06-29T15:04:31,37.6,105.7,215.9,4.3,9490.0,249.3
2018-06-29T15:05:02,37.6,102.1,222.4,4.5,9500.0,250.2
2018-06-29T15:05:33,37.5,102.7,225.9,4.5,9520.0,250.2
2018-06-29T15:06:05,37.4,102.7,225.4,4.5,9530.0,250.2
2018-06-29T15:06:36,37.5,103.3,223.6,4.4,9540.0,250.2
2018-06-29T15:07:07,37.4,105.7,204.1,4.2,9550.0,250.2
2018-06-29T15:07:38,37.4,103.9,225.9,4.5,9560.0,250.2
2018-06-29T15:08:09,37.2,104.5,223.6,4.2,9570.0,249.3
2018-06-29T15:08:40,37.4,103.9,223.0,4.1,9590.0,250.2
2018-06-29T15:09:11,37.4,105.1,227.1,4.2,9600.0,250.2
2018-06-29T15:09:42,37.4,102.7,218.8,4.2,9610.0,249.3
2018-06-29T15:10:13,37.4,105.7,223.6,4.0,9620.0,250.2
2018-06-29T15:10:44,37.5,102.7,225.9,4.2,9630.0,249.3
2018-06-29T15:11:16,37.5,102.1,216.5,4.2,9640.0,249.3
2018-06-29T15:11:47,37.5,104.5,217.7,4.4,9660.0,250.2
2018-06-29T15:12:18,37.5,103.9,218.8,4.1,9670.0,248.3
2018-06-29T15:12:49,37.5,104.5,221.2,4.2,9680.0,249.3
2018-06-29T15:13:20,37.6,105.1,220.6,4.0,9690.0,248.3
2018-06-29T15:13:51,37.6,105.7,221.2,3.8,9700.0,247.3
2018-06-29T15:14:22,37.6,108.1,217.1,3.5,9710.0,249.3
2018-06-29T15:14:53,37.6,108.6,194.0,3.4,9720.0,247.3
2018-06-29T15:15:24,37.6,106.9,218.3,3.4,9730.0,248.3
2018-06-29T15:15:55,37.6,105.7,215.3,3.3,9740.0,248.3
2018-06-29T15:16:26,37.6,111.6,224.2,3.0,9750.0,248.3
2018-06-29T15:16:57,37.6,112.8,228.3,2.7,9760.0,249.3
2018-06-29T15:17:28,37.6,108.1,215.9,2.9,9770.0,248.3
2018-06-29T15:17:59,37.6,104.5,218.8,2.9,9780.0,247.3
2018-06-29T15:18:30,37.6,109.8,221.2,2.6,9790.0,249.3
2018-06-29T15:19:01,37.6,114.0,226.5,2.4,9800.0,248.3
2018-06-29T15:19:32,37.6,109.8,228.3,2.6,9810.0,247.3
2018-06-29T15:20:03,37.6,110.4,222.4,2.3,9820.0,247.3
2018-06-29T15:20:35,37.6,111.0,215.9,2.2,9830.0,247.3
2018-06-29T15:21:06,37.6,109.2,220.6,2.2,9840.0,248.3
2018-06-29T15:21:37,37.6,111.0,225.4,2.1,9850.0,248.3
2018-06-29T15:22:08,37.6,111.6,220.0,2.3,9860.0,247.3
2018-06-29T15:22:39,37.6,112.2,220.0,2.0,9870.0,247.3
2018-06-29T15:23:10,37.6,106.9,225.4,1.8,9880.0,246.4
2018-06-29T15:23:41,37.6,109.8,223.6,1.7,9890.0,248.3
2018-06-29T15:24:12,37.6,115.1,222.4,2.1,9890.0,246.4
2018-06-29T15:24:43,37.6,107.5,215.9,1.9,9900.0,246.4
2018-06-29T15:25:14,37.6,106.3,220.0,1.7,9910.0,246.4
2018-06-29T15:25:46,37.6,103.9,223.0,1.9,9920.0,245.4
2018-06-29T15:26:17,37.6,106.9,220.6,1.4,9930.0,246.4
2018-06-29T15:26:48,37.6,102.7,225.9,1.4,9940.0,246.4
2018-06-29T15:27:19,37.5,101.6,221.8,1.5,9950.0,247.3
2018-06-29T15:27:50,37.5,105.1,202.9,1.2,9950.0,246.4
2018-06-29T15:28:21,37.5,108.6,190.4,1.3,9960.0,246.4
2018-06-29T15:28:52,37.5,118.1,218.8,1.0,9970.0,246.4
2018-06-29T15:29:23,37.5,120.5,225.9,0.9,9980.0,246.4
2018-06-29T15:29:54,37.5,108.1,222.4,0.9,9980.0,245.4
2018-06-29T15:30:25,37.5,105.1,227.7,1.1,9990.0,246.4
2018-06-29T15:30:57,37.5,102.7,220.6,1.1,10000.0,245.4
2018-06-29T15:31:28,37.4,112.2,222.4,0.9,10000.0,245.4
2018-06-29T15:31:59,37.4,107.5,225.4,1.0,10010.0,246.4
2018-06-29T15:32:30,37.4,104.5,217.1,0.9,10020.0,246.4
2018-06-29T15:33:01,37.4,120.5,215.9,0.7,10030.0,247.3
2018-06-29T15:33:32,37.4,106.3,223.0,0.7,10030.0,247.3
2018-06-29T15:34:03,37.4,124.0,231.3,0.7,10040.0,246.4
2018-06-29T15:34:34,37.4,146.4,228.9,0.6,10050.0,247.3
2018-06-29T15:35:05,37.4,168.9,222.4,0.5,10060.0,246.4
2018-06-29T15:35:37,37.4,190.2,225.4,0.5,10060.0,247.3
2018-06-29T15:36:08,37.4,210.8,217.1,0.4,10070.0,247.3
2018-06-29T15:36:39,37.4,229.7,223.0,0.4,10080.0,246.4
2018-06-29T15:37:10,37.4,207.9,230.1,0.5,10090.0,246.4
2018-06-29T15:37:41,37.4,189.6,223.0,0.4,10090.0,247.3
2018-06-29T15:38:12,37.4,212.0,213.5,0.4,10100.0,246.4
2018-06-29T15:38:43,37.4,230.3,224.2,0.4,10110.0,246.4
2018-06-29T15:39:14,37.4,208.5,228.9,0.4,10120.0,246.4
2018-06-29T15:39:45,37.2,188.4,231.9,0.5,10120.0,246.4
2018-06-29T15:40:16,37.2,206.1,228.3,0.4,10130.0,247.3
2018-06-29T15:40:47,37.2,228.0,217.1,0.4,10140.0,245.4
2018-06-29T15:41:19,37.2,213.2,224.8,0.4,10150.0,246.4
2018-06-29T15:41:50,37.2,192.5,233.0,0.4,10150.0,246.4
2018-06-29T15:42:21,37.2,204.9,224.2,0.4,10160.0,246.4
2018-06-29T15:42:52,37.1,226.8,220.0,0.4,10170.0,246.4
2018-06-29T15:43:23,37.1,212.0,227.7,0.4,10170.0,246.4
2018-06-29T15:43:54,37.1,205.5,227.1,0.4,10180.0,246.4
2018-06-29T15:44:25,37.1,225.6,228.3,0.4,10190.0,246.4
2018-06-29T15:44:56,37.1,215.0,225.4,0.4,10200.0,246.4
2018-06-29T15:45:27,37.1,194.9,221.8,0.4,10200.0,246.4
2018-06-29T15:45:58,37.1,209.1,223.0,0.4,10210.0,246.4
2018-06-29T15:46:30,37.1,228.6,222.4,0.3,10220.0,245.4
2018-06-29T15:47:01,37.1,211.4,234.2,0.4,10220.0,245.4
2018-06-29T15:47:32,37.1,190.8,225.4,0.4,10230.0,247.3
2018-06-29T15:48:03,37.1,206.7,219.4,0.4,10240.0,246.4
2018-06-29T15:48:34,37.1,228.0,231.3,0.4,10240.0,245.4
2018-06-29T15:49:05,37.1,211.4,225.9,0.4,10250.0,245.4
2018-06-29T15:49:36,37.1,196.1,220.0,0.4,10260.0,246.4
2018-06-29T15:50:07,37.0,217.9,231.3,0.3,10260.0,245.4
2018-06-29T15:50:38,37.1,225.0,226.5,0.4,10270.0,246.4
2018-06-29T15:51:10,37.0,228.0,224.2,0.4,10280.0,246.4
2018-06-29T15:51:41,37.0,226.2,221.2,0.4,10280.0,246.4
2018-06-29T15:52:12,37.0,215.6,223.6,0.4,10290.0,245.4
2018-06-29T15:52:43,37.0,211.4,225.4,0.4,10300.0,245.4
2018-06-29T15:53:14,37.0,222.7,223.0,0.3,10300.0,246.4
2018-06-29T15:53:45,36.9,202.0,231.3,0.4,10310.0,246.4
2018-06-29T15:54:16,36.9,215.6,228.3,0.4,10320.0,246.4
2018-06-29T15:54:47,36.9,225.0,227.7,0.3,10320.0,247.3
2018-06-29T15:55:18,36.9,204.9,230.7,0.4,10330.0,246.4
2018-06-29T15:55:49,36.8,183.1,230.1,0.4,10330.0,247.3
2018-06-29T15:56:21,36.9,189.0,223.6,0.4,10340.0,247.3
2018-06-29T15:56:52,36.8,187.2,225.4,0.4,10350.0,247.3
2018-06-29T15:57:23,36.8,208.5,232.4,0.4,10350.0,247.3
2018-06-29T15:57:54,36.8,229.7,235.4,0.3,10360.0,247.3
2018-06-29T15:58:25,36.8,213.2,230.7,0.4,10370.0,248.3
2018-06-29T15:58:56,36.8,199.0,225.9,0.4,10370.0,246.4
2018-06-29T15:59:27,36.7,221.5,224.2,0.4,10380.0,248.3
2018-06-29T15:59:58,36.7,219.1,234.2,0.4,10380.0,248.3
2018-06-29T16:00:29,36.7,203.2,231.9,0.4,10390.0,248.3
2018-06-29T16:01:00,36.7,224.4,222.4,0.3,10400.0,247.3
2018-06-29T16:01:31,36.7,219.7,230.1,0.4,10400.0,249.3
2018-06-29T16:02:02,36.7,199.6,224.8,0.4,10410.0,247.3
2018-06-29T16:02:33,36.7,198.4,228.3,0.4,10410.0,248.3
2018-06-29T16:03:04,36.5,219.7,233.6,0.4,10420.0,247.3
2018-06-29T16:03:35,36.5,223.2,225.4,0.4,10420.0,247.3
2018-06-29T16:04:06,36.5,201.4,224.8,0.4,10430.0,247.3
2018-06-29T16:04:37,36.5,215.0,233.0,0.4,10430.0,247.3
2018-06-29T16:05:08,36.5,225.6,223.0,0.4,10440.0,247.3
2018-06-29T16:05:39,36.4,204.3,235.4,0.3,10450.0,246.4
2018-06-29T16:06:11,36.4,203.2,224.8,0.4,10450.0,247.3
2018-06-29T16:06:42,36.4,225.0,233.0,0.4,10460.0,247.3
2018-06-29T16:07:13,36.3,228.0,223.0,0.3,10460.0,249.3
2018-06-29T16:07:44,36.3,204.9,227.7,0.4,10470.0,247.3
2018-06-29T16:08:15,36.3,212.0,234.8,0.4,10470.0,247.3
2018-06-29T16:08:46,36.3,230.9,231.3,0.3,10480.0,246.4
2018-06-29T16:09:17,36.3,230.9,232.4,0.3,10480.0,246.4
2018-06-29T16:09:48,36.2,209.1,221.8,0.4,10490.0,247.3
2018-06-29T16:10:19,36.2,203.2,235.4,0.4,10490.0,247.3
2018-06-29T16:10:50,36.2,224.4,223.6,0.4,10500.0,248.3
2018-06-29T16:11:22,36.1,220.9,239.0,0.3,10500.0,248.3
2018-06-29T16:11:53,36.1,200.2,228.3,0.4,10510.0,248.3
2018-06-29T16:12:24,36.1,179.5,227.1,0.4,10510.0,247.3
2018-06-29T16:12:55,36.1,199.6,230.1,0.3,10520.0,247.3
2018-06-29T16:13:26,36.1,220.3,223.0,0.3,10520.0,246.4
2018-06-29T16:13:57,36.1,224.4,211.7,0.3,10530.0,247.3
2018-06-29T16:14:28,36.0,204.3,241.9,0.4,10530.0,246.4
2018-06-29T16:14:59,36.0,193.7,230.1,0.4,10530.0,247.3
2018-06-29T16:15:30,36.0,214.4,228.9,0.4,10540.0,246.4
2018-06-29T16:16:01,36.0,230.9,238.4,0.3,10540.0,247.3
2018-06-29T16:16:32,36.0,207.9,217.1,0.4,10550.0,247.3
2018-06-29T16:17:03,35.9,208.5,228.3,0.3,10550.0,246.4
2018-06-29T16:17:34,35.9,223.2,232.4,0.3,10560.0,246.4
2018-06-29T16:18:05,35.9,202.6,206.4,0.3,10560.0,247.3
2018-06-29T16:18:36,35.9,181.9,214.1,0.4,10560.0,247.3
2018-06-29T16:19:07,35.7,183.1,218.8,0.4,10570.0,247.3
2018-06-29T16:19:38,35.7,205.5,211.2,0.3,10570.0,247.3
2018-06-29T16:20:09,35.7,226.2,236.0,0.4,10570.0,246.4
2018-06-29T16:20:41,35.7,220.3,230.1,0.4,10580.0,246.4
2018-06-29T16:21:12,35.7,199.0,221.2,0.4,10580.0,246.4
2018-06-29T16:21:43,35.6,178.9,234.2,0.4,10590.0,247.3
2018-06-29T16:22:14,35.6,183.7,225.9,0.4,10590.0,246.4
2018-06-29T16:22:45,35.6,203.7,230.1,0.4,10590.0,246.4
2018-06-29T16:23:16,35.6,226.8,230.7,0.3,10600.0,247.3
2018-06-29T16:23:47,35.6,216.2,231.3,0.3,10600.0,247.3
2018-06-29T16:24:18,35.5,200.2,230.1,0.4,10600.0,246.4
2018-06-29T16:24:49,35.5,220.9,233.0,0.3,10610.0,247.3
2018-06-29T16:25:20,35.5,219.7,225.4,0.3,10610.0,247.3
2018-06-29T16:25:52,35.5,197.8,241.3,0.3,10610.0,246.4
2018-06-29T16:26:23,35.5,177.8,215.9,0.4,10620.0,246.4
2018-06-29T16:26:54,35.5,187.2,225.9,0.4,10620.0,247.3
2018-06-29T16:27:25,35.5,209.1,223.0,0.3,10620.0,246.4
2018-06-29T16:27:56,35.4,229.7,238.4,0.3,10630.0,246.4
2018-06-29T16:28:27,35.4,212.0,235.4,0.3,10630.0,247.3
2018-06-29T16:28:58,35.4,191.9,225.4,0.3,10630.0,246.4
2018-06-29T16:29:29,35.4,193.1,228.3,0.3,10630.0,246.4
2018-06-29T16:30:00,35.4,199.6,228.9,0.2,10630.0,246.4
2018-06-29T16:30:31,35.3,219.7,218.8,0.2,10640.0,246.4
2018-06-29T16:31:03,35.4,200.2,199.9,0.2,10640.0,246.4
2018-06-29T16:31:34,35.3,180.1,217.1,0.3,10640.0,246.4
2018-06-29T16:32:05,35.3,202.0,215.9,0.2,10640.0,245.4
2018-06-29T16:32:36,35.2,193.7,230.7,0.2,10640.0,245.4
2018-06-29T16:33:07,35.2,215.6,237.2,0.2,10640.0,245.4
2018-06-29T16:33:38,35.2,202.0,216.5,0.2,10640.0,246.4
2018-06-29T16:34:09,35.0,181.9,236.0,0.2,10640.0,245.4
2018-06-29T16:34:40,35.0,186.0,231.9,0.2,10640.0,245.4
2018-06-29T16:35:11,35.0,206.7,209.4,0.1,10640.0,246.4
2018-06-29T16:35:42,35.0,194.3,214.7,0.2,10640.0,245.4
2018-06-29T16:36:14,34.9,172.4,236.0,0.2,10640.0,245.4
2018-06-29T16:36:45,34.9,152.9,233.6,0.2,10640.0,245.4
2018-06-29T16:37:16,34.9,149.4,212.3,0.2,10640.0,245.4
2018-06-29T16:37:47,34.9,171.3,192.2,0.2,10640.0,246.4
2018-06-29T16:38:18,34.8,192.5,192.2,0.2,10650.0,245.4
2018-06-29T16:38:49,34.8,196.7,214.7,0.2,10650.0,245.4
2018-06-29T16:39:20,34.8,176.0,235.4,0.3,10650.0,247.3
2018-06-29T16:39:51,34.7,154.7,235.4,0.3,10650.0,245.4
2018-06-29T16:40:22,34.7,177.2,213.5,0.3,10650.0,245.4
2018-06-29T16:40:54,34.7,196.7,225.9,0.3,10650.0,245.4
2018-06-29T16:41:25,34.7,217.9,239.5,0.2,10650.0,246.4
2018-06-29T16:41:56,34.6,204.9,217.1,0.2,10650.0,246.4
2018-06-29T16:42:27,34.6,184.3,196.4,0.3,10650.0,247.3
2018-06-29T16:42:58,34.6,171.3,195.2,0.3,10650.0,245.4
2018-06-29T16:43:29,34.5,191.3,216.5,0.2,10650.0,245.4
2018-06-29T16:44:00,34.5,213.2,236.6,0.2,10650.0,245.4
2018-06-29T16:44:31,34.5,204.9,223.6,0.2,10650.0,243.5
2018-06-29T16:45:02,34.5,182.5,202.3,0.2,10650.0,245.4
2018-06-29T16:45:33,34.4,181.9,204.6,0.2,10650.0,246.4
2018-06-29T16:46:05,34.4,163.6,224.8,0.2,10650.0,245.4
2018-06-29T16:46:36,34.4,183.1,227.7,0.2,10660.0,245.4
2018-06-29T16:47:07,34.2,204.9,205.8,0.2,10660.0,246.4
2018-06-29T16:47:38,34.2,217.9,185.7,0.2,10660.0,244.4
2018-06-29T16:48:09,34.1,196.7,191.6,0.2,10660.0,245.4
2018-06-29T16:48:40,34.1,176.0,214.1,0.2,10660.0,245.4
2018-06-29T16:49:11,34.1,154.7,234.8,0.2,10660.0,245.4
2018-06-29T16:49:42,34.0,176.0,212.9,0.2,10660.0,245.4
2018-06-29T16:50:13,34.0,197.3,192.2,0.2,10660.0,245.4
2018-06-29T16:50:44,34.0,217.9,171.5,0.2,10660.0,244.4
2018-06-29T16:51:16,33.9,202.0,162.0,0.2,10660.0,244.4
2018-06-29T16:51:47,33.9,180.7,183.3,0.2,10660.0,244.4
2018-06-29T16:52:18,33.9,172.4,202.3,0.2,10660.0,243.5
2018-06-29T16:52:49,33.8,193.7,225.4,0.2,10660.0,244.4
2018-06-29T16:53:20,33.8,206.1,225.9,0.1,10660.0,244.4
2018-06-29T16:53:51,33.8,186.0,207.0,0.1,10660.0,244.4
2018-06-29T16:54:22,33.7,191.9,185.7,0.1,10660.0,245.4
2018-06-29T16:54:53,33.7,180.7,169.1,0.1,10660.0,244.4
2018-06-29T16:55:24,33.7,161.8,189.9,0.1,10660.0,244.4
2018-06-29T16:55:55,33.5,177.2,211.2,0.0,10660.0,245.4
2018-06-29T16:56:27,33.5,196.1,221.2,0.1,10660.0,244.4
2018-06-29T16:56:58,33.5,186.6,199.3,0.0,10660.0,245.4
2018-06-29T16:57:29,33.4,163.0,179.2,0.1,10660.0,245.4
2018-06-29T16:58:00,33.4,143.5,158.5,0.1,10660.0,244.4
2018-06-29T16:58:31,33.4,123.4,137.8,0.1,10660.0,246.4
2018-06-29T16:59:02,33.3,110.4,146.7,0.0,10660.0,245.4
2018-06-29T16:59:33,33.3,131.1,165.6,0.1,10660.0,245.4
2018-06-29T17:00:04,33.2,150.6,187.5,0.0,10660.0,244.4
2018-06-29T17:00:35,33.2,174.2,207.6,0.1,10660.0,244.4
2018-06-29T17:01:07,33.1,194.3,225.9,0.0,10660.0,244.4
2018-06-29T17:01:38,33.0,193.1,230.1,0.0,10660.0,243.5
2018-06-29T17:02:09,33.0,183.7,217.1,0.0,10660.0,244.4
2018-06-29T17:02:40,33.0,165.4,187.5,0.0,10660.0,244.4
2018-06-29T17:03:11,32.9,148.2,160.9,0.0,10660.0,242.5
2018-06-29T17:03:42,32.9,141.1,146.1,0.1,10660.0,242.5
2018-06-29T17:04:13,32.7,190.2,204.6,0.0,10660.0,242.5
2018-06-29T17:04:44,32.7,189.0,200.5,0.0,10660.0,242.5
2018-06-29T17:05:15,32.7,187.8,195.2,0.0,10660.0,243.5
2018-06-29T17:05:46,32.6,186.0,191.0,0.0,10660.0,242.5
2018-06-29T17:06:17,32.6,184.3,186.3,0.0,10660.0,243.5
2018-06-29T17:06:48,32.5,181.3,181.6,0.0,10660.0,242.5
2018-06-29T17:07:19,32.5,128.7,178.0,0.0,10660.0,243.5
2018-06-29T17:07:50,32.4,163.6,163.8,0.0,10660.0,242.5
2018-06-29T17:08:21,32.4,149.4,149.6,0.0,10660.0,242.5
2018-06-29T17:08:52,32.4,122.2,122.4,0.0,10660.0,241.5
2018-06-29T23:43:27,0.0,0.0,0.0,0.0,0.0,0.0
