2019-08-02T07:35:29,11.4,197.3,258.5,0.4,40.0,244.4
2019-08-02T07:36:00,11.4,220.3,236.6,0.4,50.0,245.4
2019-08-02T07:36:31,11.8,209.7,215.3,0.4,50.0,245.4
2019-08-02T07:37:02,11.8,195.5,204.6,0.4,50.0,244.4
2019-08-02T07:37:33,11.8,216.7,224.8,0.4,50.0,245.4
2019-08-02T07:38:04,11.8,220.3,247.2,0.4,50.0,245.4
2019-08-02T07:38:35,11.8,199.0,247.8,0.4,50.0,244.4
2019-08-02T07:39:06,12.1,178.3,227.1,0.5,50.0,245.4
2019-08-02T07:39:37,12.1,192.5,214.1,0.4,50.0,245.4
2019-08-02T07:40:08,12.1,215.0,236.6,0.5,60.0,245.4
2019-08-02T07:40:40,12.5,224.4,256.7,0.4,60.0,244.4
2019-08-02T07:41:11,12.5,216.2,247.8,0.4,60.0,244.4
2019-08-02T07:41:42,12.5,198.4,227.1,0.4,60.0,244.4
2019-08-02T07:42:13,12.5,220.3,228.9,0.4,60.0,245.4
2019-08-02T07:42:44,12.5,217.3,251.4,0.5,60.0,245.4
2019-08-02T07:43:15,12.5,197.3,240.7,0.5,60.0,244.4
2019-08-02T07:43:46,12.5,176.6,218.8,0.6,60.0,244.4
2019-08-02T07:44:17,12.5,184.3,223.6,0.5,70.0,245.4
2019-08-02T07:44:48,12.9,205.5,244.9,0.5,70.0,244.4
2019-08-02T07:45:19,12.9,227.4,252.0,0.4,70.0,244.4
2019-08-02T07:45:51,12.9,213.8,230.1,0.5,70.0,244.4
2019-08-02T07:46:22,12.9,195.5,227.7,0.5,70.0,244.4
2019-08-02T07:46:53,12.9,216.7,250.8,0.5,70.0,245.4
2019-08-02T07:47:24,12.9,225.6,244.3,0.5,70.0,244.4
2019-08-02T07:47:55,13.2,204.9,224.8,0.5,80.0,244.4
2019-08-02T07:48:26,13.2,184.3,217.7,0.6,80.0,244.4
2019-08-02T07:48:57,13.2,167.1,240.7,0.7,80.0,243.5
2019-08-02T07:49:28,13.2,187.8,256.7,0.6,80.0,245.4
2019-08-02T07:49:59,13.2,210.2,234.8,0.5,80.0,245.4
2019-08-02T07:50:30,13.2,230.3,214.1,0.4,90.0,245.4
2019-08-02T07:51:02,13.2,208.5,232.4,0.5,90.0,245.4
2019-08-02T07:51:33,13.6,200.2,252.6,0.6,90.0,245.4
2019-08-02T07:52:04,13.6,222.7,243.1,0.5,90.0,246.4
2019-08-02T07:52:35,13.6,216.7,225.9,0.6,90.0,244.4
2019-08-02T07:53:06,13.6,196.7,247.2,0.6,90.0,245.4
2019-08-02T07:53:37,13.6,216.2,244.3,0.6,100.0,243.5
2019-08-02T07:54:08,14.0,224.4,223.6,0.6,100.0,245.4
2019-08-02T07:54:39,14.0,204.3,239.0,0.6,100.0,243.5
2019-08-02T07:55:10,14.0,208.5,260.8,0.6,100.0,244.4
2019-08-02T07:55:41,14.0,229.7,237.2,0.6,110.0,243.5
2019-08-02T07:56:13,14.0,210.2,234.2,0.6,110.0,244.4
2019-08-02T07:56:44,14.3,211.4,241.9,0.7,110.0,245.4
2019-08-02T07:57:15,14.3,228.6,234.8,0.6,110.0,245.4
2019-08-02T07:57:46,14.3,206.7,251.4,0.7,110.0,245.4
2019-08-02T07:58:17,14.3,213.2,246.6,0.7,120.0,244.4
2019-08-02T07:58:48,14.3,227.4,257.9,0.7,120.0,245.4
2019-08-02T07:59:19,14.3,206.1,239.5,0.7,120.0,243.5
2019-08-02T07:59:50,14.3,215.6,220.6,0.7,120.0,245.4
2019-08-02T08:00:21,14.3,225.0,240.7,0.7,130.0,246.4
2019-08-02T08:00:53,14.7,214.4,220.6,0.7,130.0,246.4
2019-08-02T08:01:24,14.7,209.1,240.7,0.8,130.0,246.4
2019-08-02T08:01:55,14.7,215.6,230.1,0.8,130.0,246.4
2019-08-02T08:02:26,14.7,230.9,242.5,0.7,140.0,246.4
2019-08-02T08:02:57,14.7,208.5,262.6,0.7,140.0,245.4
2019-08-02T08:03:28,15.1,223.2,239.0,0.7,140.0,248.3
2019-08-02T08:03:59,14.7,220.3,220.6,0.8,140.0,246.4
2019-08-02T08:04:30,14.7,206.1,242.5,0.7,150.0,247.3
2019-08-02T08:05:01,14.7,228.0,263.8,0.7,150.0,246.4
2019-08-02T08:05:33,15.1,212.6,240.1,0.9,150.0,246.4
2019-08-02T08:06:04,15.1,230.3,235.4,0.7,160.0,246.4
2019-08-02T08:06:35,15.4,228.6,235.4,0.8,160.0,246.4
2019-08-02T08:07:06,15.1,223.8,246.6,0.8,160.0,246.4
2019-08-02T08:07:37,15.1,203.7,256.7,0.9,160.0,246.4
2019-08-02T08:08:08,15.4,223.2,259.1,0.9,170.0,246.4
2019-08-02T08:08:39,15.4,217.9,237.2,0.8,170.0,248.3
2019-08-02T08:09:10,15.4,207.3,226.5,0.9,170.0,247.3
2019-08-02T08:09:41,15.4,229.2,249.0,0.9,180.0,247.3
2019-08-02T08:10:12,15.4,213.2,254.9,0.9,180.0,246.4
2019-08-02T08:10:44,15.8,219.1,234.2,0.9,180.0,247.3
2019-08-02T08:11:15,15.8,221.5,229.5,0.9,190.0,247.3
2019-08-02T08:11:46,15.8,206.1,251.4,1.0,190.0,248.3
2019-08-02T08:12:17,15.8,228.0,249.0,0.9,190.0,247.3
2019-08-02T08:12:48,15.8,215.0,228.9,0.9,200.0,248.3
2019-08-02T08:13:19,16.2,213.2,240.7,0.9,200.0,248.3
2019-08-02T08:13:50,16.2,226.2,258.5,1.0,200.0,249.3
2019-08-02T08:14:21,16.2,207.3,237.2,1.0,210.0,248.3
2019-08-02T08:14:52,16.5,215.6,243.7,1.1,210.0,248.3
2019-08-02T08:15:23,16.5,226.8,258.5,1.1,220.0,248.3
2019-08-02T08:15:55,16.5,225.6,250.8,0.9,220.0,249.3
2019-08-02T08:16:26,16.9,230.9,249.0,1.0,220.0,249.3
2019-08-02T08:16:57,16.9,228.0,237.8,1.0,230.0,249.3
2019-08-02T08:17:28,16.9,207.3,255.5,1.1,230.0,248.3
2019-08-02T08:17:59,16.9,219.7,241.9,1.0,230.0,248.3
2019-08-02T08:18:30,16.9,224.4,256.7,1.1,240.0,248.3
2019-08-02T08:19:01,17.3,204.3,240.7,1.2,240.0,249.3
2019-08-02T08:19:32,17.3,223.2,250.2,1.1,250.0,250.2
2019-08-02T08:20:03,17.3,223.8,249.0,1.1,250.0,249.3
2019-08-02T08:20:35,17.3,230.3,245.5,1.1,250.0,249.3
2019-08-02T08:21:06,17.3,232.1,243.7,1.0,260.0,249.3
2019-08-02T08:21:37,17.3,229.7,255.5,1.1,260.0,249.3
2019-08-02T08:22:08,17.6,213.2,251.4,1.1,270.0,249.3
2019-08-02T08:22:39,17.6,221.5,240.1,1.1,270.0,249.3
2019-08-02T08:23:10,17.6,220.9,250.8,1.1,280.0,250.2
2019-08-02T08:23:41,17.6,226.8,244.9,1.2,280.0,250.2
2019-08-02T08:24:12,17.6,205.5,247.8,1.2,290.0,249.3
2019-08-02T08:24:43,17.6,216.2,255.5,1.2,290.0,249.3
2019-08-02T08:25:14,17.6,218.5,250.8,1.2,290.0,249.3
2019-08-02T08:25:46,18.0,221.5,243.1,1.2,300.0,250.2
2019-08-02T08:26:17,18.0,210.8,250.2,1.3,300.0,250.2
2019-08-02T08:26:48,18.4,230.9,247.2,1.2,310.0,250.2
2019-08-02T08:27:19,18.4,228.0,240.7,1.2,310.0,248.3
2019-08-02T08:27:50,18.4,224.4,253.7,1.3,320.0,249.3
2019-08-02T08:28:21,18.7,234.5,246.1,1.1,320.0,248.3
2019-08-02T08:28:52,18.4,231.5,246.6,1.2,330.0,249.3
2019-08-02T08:29:23,18.7,210.8,253.2,1.4,330.0,249.3
2019-08-02T08:29:54,18.7,215.6,240.7,1.4,340.0,250.2
2019-08-02T08:30:25,18.7,226.8,244.3,1.3,340.0,249.3
2019-08-02T08:30:57,18.7,206.1,254.9,1.4,350.0,249.3
2019-08-02T08:31:28,18.7,221.5,239.5,1.3,350.0,249.3
2019-08-02T08:31:59,18.7,220.3,256.1,1.4,360.0,249.3
2019-08-02T08:32:30,18.7,225.6,243.1,1.3,360.0,249.3
2019-08-02T08:33:01,18.7,229.7,244.9,1.5,370.0,250.2
2019-08-02T08:33:32,18.7,230.3,253.7,1.4,380.0,249.3
2019-08-02T08:34:03,18.7,230.9,253.7,1.3,380.0,249.3
2019-08-02T08:34:34,19.1,223.8,245.5,1.5,390.0,249.3
2019-08-02T08:35:05,19.1,229.2,246.6,1.5,390.0,249.3
2019-08-02T08:35:37,19.1,226.8,254.3,1.4,400.0,249.3
2019-08-02T08:36:08,19.1,228.0,241.3,1.5,400.0,249.3
2019-08-02T08:36:39,19.1,225.0,250.8,1.5,410.0,250.2
2019-08-02T08:37:10,19.1,226.2,247.8,1.5,420.0,250.2
2019-08-02T08:37:41,19.5,225.6,239.5,1.6,420.0,248.3
2019-08-02T08:38:12,19.5,229.2,249.6,1.6,430.0,249.3
2019-08-02T08:38:43,19.8,229.7,243.7,1.5,430.0,250.2
2019-08-02T08:39:14,19.8,212.0,243.7,1.7,440.0,250.2
2019-08-02T08:39:45,20.2,222.1,250.8,1.5,450.0,248.3
2019-08-02T08:40:16,20.2,227.4,243.7,1.6,450.0,249.3
2019-08-02T08:40:48,20.2,229.2,241.3,1.7,460.0,250.2
2019-08-02T08:41:19,20.6,226.2,250.2,1.7,460.0,249.3
2019-08-02T08:41:50,20.6,226.2,248.4,1.7,470.0,249.3
2019-08-02T08:42:21,20.6,224.4,239.5,1.6,480.0,249.3
2019-08-02T08:42:52,20.9,220.9,246.6,1.7,480.0,248.3
2019-08-02T08:43:23,20.9,224.4,242.5,1.7,490.0,247.3
2019-08-02T08:43:54,20.9,223.2,241.9,1.8,500.0,247.3
2019-08-02T08:44:25,21.3,223.2,242.5,1.8,500.0,248.3
2019-08-02T08:44:56,21.3,228.0,252.6,1.6,510.0,246.4
2019-08-02T08:45:27,21.3,225.6,243.7,1.8,520.0,245.4
2019-08-02T08:45:59,21.7,225.0,246.6,1.8,520.0,245.4
2019-08-02T08:46:30,21.7,226.2,240.7,1.7,530.0,247.3
2019-08-02T08:47:01,21.7,223.2,243.7,1.9,540.0,246.4
2019-08-02T08:47:32,22.0,221.5,251.4,1.8,540.0,245.4
2019-08-02T08:48:03,21.7,224.4,247.8,1.9,550.0,248.3
2019-08-02T08:48:34,22.0,226.8,237.2,1.8,560.0,248.3
2019-08-02T08:49:05,22.0,222.1,241.9,1.9,570.0,250.2
2019-08-02T08:49:36,22.0,228.0,248.4,1.9,570.0,250.2
2019-08-02T08:50:07,22.0,222.1,238.4,1.9,580.0,250.2
2019-08-02T08:50:39,22.4,227.4,243.7,1.9,590.0,249.3
2019-08-02T08:51:10,22.4,222.7,245.5,1.9,590.0,248.3
2019-08-02T08:51:41,22.4,220.3,250.8,2.0,600.0,250.2
2019-08-02T08:52:12,22.4,222.1,245.5,1.9,610.0,249.3
2019-08-02T08:52:43,22.8,219.7,242.5,1.9,620.0,249.3
2019-08-02T08:53:14,22.8,219.1,237.2,2.0,620.0,249.3
2019-08-02T08:53:45,22.8,221.5,246.6,2.1,630.0,249.3
2019-08-02T08:54:16,23.1,225.6,231.3,1.9,640.0,249.3
2019-08-02T08:54:47,22.8,225.6,243.7,2.0,650.0,249.3
2019-08-02T08:55:18,22.8,224.4,236.6,2.0,650.0,248.3
2019-08-02T08:55:50,23.1,219.1,240.7,2.0,660.0,250.2
2019-08-02T08:56:21,23.1,225.6,249.6,2.1,670.0,249.3
2019-08-02T08:56:52,23.1,220.3,238.4,2.0,680.0,250.2
2019-08-02T08:57:23,23.1,220.3,237.8,2.1,690.0,249.3
2019-08-02T08:57:54,23.1,222.1,238.4,2.1,690.0,249.3
2019-08-02T08:58:25,23.1,222.1,245.5,2.0,700.0,250.2
2019-08-02T08:58:56,23.1,227.4,243.1,2.1,710.0,248.3
2019-08-02T08:59:27,23.1,217.9,234.8,2.1,720.0,249.3
2019-08-02T08:59:58,23.5,222.1,240.1,2.1,730.0,247.3
2019-08-02T09:00:29,23.9,220.9,246.6,2.1,740.0,247.3
2019-08-02T09:01:01,23.9,219.1,237.8,2.3,740.0,247.3
2019-08-02T09:01:32,23.9,221.5,240.1,2.1,750.0,248.3
2019-08-02T09:02:03,23.9,222.7,236.0,2.3,760.0,248.3
2019-08-02T09:02:34,23.9,223.8,240.1,2.1,770.0,248.3
2019-08-02T09:03:05,23.9,220.3,235.4,2.3,780.0,248.3
2019-08-02T09:03:36,24.2,223.2,241.9,2.2,790.0,248.3
2019-08-02T09:04:07,24.2,220.3,244.9,2.3,800.0,248.3
2019-08-02T09:04:38,24.6,220.9,233.6,2.3,800.0,248.3
2019-08-02T09:05:09,24.6,225.0,235.4,2.3,810.0,250.2
2019-08-02T09:05:41,25.0,217.9,247.2,2.4,820.0,248.3
2019-08-02T09:06:12,25.0,222.1,246.6,2.3,830.0,248.3
2019-08-02T09:06:43,25.0,219.7,242.5,2.4,840.0,248.3
2019-08-02T09:07:14,25.0,220.9,244.3,2.3,850.0,247.3
2019-08-02T09:07:45,25.0,219.7,242.5,2.3,860.0,248.3
2019-08-02T09:08:16,25.0,224.4,235.4,2.4,870.0,248.3
2019-08-02T09:08:47,24.6,225.0,237.2,2.4,880.0,249.3
2019-08-02T09:09:18,24.6,226.2,233.0,2.4,890.0,247.3
2019-08-02T09:09:49,25.0,223.8,237.8,2.4,890.0,248.3
2019-08-02T09:10:20,25.0,223.8,240.1,2.5,900.0,248.3
2019-08-02T09:10:52,25.3,222.7,237.8,2.5,910.0,248.3
2019-08-02T09:11:23,25.3,221.5,243.1,2.4,920.0,249.3
2019-08-02T09:11:54,25.3,224.4,246.6,2.5,930.0,247.3
2019-08-02T09:12:25,25.3,220.9,237.2,2.6,940.0,248.3
2019-08-02T09:12:56,25.3,225.0,242.5,2.4,950.0,247.3
2019-08-02T09:13:27,25.7,224.4,239.5,2.5,960.0,247.3
2019-08-02T09:13:58,25.7,223.2,237.8,2.5,970.0,248.3
2019-08-02T09:14:29,26.1,223.2,231.9,2.4,980.0,247.3
2019-08-02T09:15:00,26.1,220.9,233.0,2.5,990.0,249.3
2019-08-02T09:15:32,25.7,217.3,244.3,2.6,1000.0,250.2
2019-08-02T09:16:03,26.1,220.9,238.4,2.5,1010.0,250.2
2019-08-02T09:16:34,26.4,216.7,234.2,2.7,1020.0,249.3
2019-08-02T09:17:05,26.4,215.0,230.1,2.7,1030.0,249.3
2019-08-02T09:17:36,26.4,223.2,236.0,2.6,1040.0,249.3
2019-08-02T09:18:07,26.8,223.2,243.1,2.7,1050.0,249.3
2019-08-02T09:18:38,26.8,221.5,233.6,2.6,1060.0,249.3
2019-08-02T09:19:09,27.2,224.4,236.6,2.7,1070.0,249.3
2019-08-02T09:19:40,27.2,219.1,230.7,2.7,1080.0,251.2
2019-08-02T09:20:11,27.2,221.5,236.0,2.7,1090.0,248.3
2019-08-02T09:20:43,27.5,223.2,241.3,2.6,1100.0,248.3
2019-08-02T09:21:14,27.5,220.3,241.9,2.8,1110.0,249.3
2019-08-02T09:21:45,27.9,221.5,239.5,2.7,1120.0,249.3
2019-08-02T09:22:16,27.9,222.1,238.4,2.7,1130.0,248.3
2019-08-02T09:22:47,27.9,222.1,230.7,2.7,1140.0,249.3
2019-08-02T09:23:18,27.9,222.7,239.0,2.8,1160.0,248.3
2019-08-02T09:23:49,27.9,216.7,241.9,2.9,1170.0,249.3
2019-08-02T09:24:20,28.3,222.1,225.9,2.8,1180.0,248.3
2019-08-02T09:24:51,28.6,217.9,235.4,2.9,1190.0,248.3
2019-08-02T09:25:22,28.6,219.7,240.7,2.9,1200.0,249.3
2019-08-02T09:25:54,28.6,222.7,236.6,2.9,1210.0,248.3
2019-08-02T09:26:25,28.3,221.5,227.7,2.8,1220.0,250.2
2019-08-02T09:26:56,28.3,217.9,234.2,3.0,1230.0,250.2
2019-08-02T09:27:27,28.3,217.3,243.1,2.9,1240.0,249.3
2019-08-02T09:27:58,28.6,222.1,239.5,2.9,1250.0,249.3
2019-08-02T09:28:29,28.6,220.3,234.2,2.9,1260.0,250.2
2019-08-02T09:29:00,28.3,217.3,232.4,3.0,1280.0,249.3
2019-08-02T09:29:31,28.3,223.2,239.5,2.9,1290.0,249.3
2019-08-02T09:30:02,28.3,219.7,237.8,3.0,1300.0,249.3
2019-08-02T09:30:34,28.3,218.5,233.6,3.1,1310.0,248.3
2019-08-02T09:31:05,28.3,220.9,230.7,3.1,1320.0,249.3
2019-08-02T09:31:36,28.3,215.0,234.8,3.1,1330.0,250.2
2019-08-02T09:32:07,28.3,221.5,230.7,3.0,1340.0,249.3
2019-08-02T09:32:38,28.6,220.3,238.4,3.0,1360.0,250.2
2019-08-02T09:33:09,29.0,219.7,239.0,3.0,1370.0,250.2
2019-08-02T09:33:40,29.0,220.3,241.3,3.0,1380.0,249.3
2019-08-02T09:34:11,29.0,217.9,237.2,3.1,1390.0,249.3
2019-08-02T09:34:42,29.4,220.9,239.5,3.0,1400.0,250.2
2019-08-02T09:35:13,29.4,219.7,231.3,3.2,1420.0,249.3
2019-08-02T09:35:45,29.4,220.9,230.7,3.1,1430.0,250.2
2019-08-02T09:36:16,29.4,220.3,229.5,3.2,1440.0,248.3
2019-08-02T09:36:47,29.7,219.1,231.3,3.2,1450.0,248.3
2019-08-02T09:37:18,30.1,218.5,239.0,3.2,1460.0,248.3
2019-08-02T09:37:49,30.2,216.2,235.4,3.3,1480.0,249.3
2019-08-02T09:38:20,30.2,214.4,230.7,3.2,1490.0,248.3
2019-08-02T09:38:51,30.2,219.7,229.5,3.2,1500.0,248.3
2019-08-02T09:39:22,30.2,212.6,235.4,3.3,1510.0,248.3
2019-08-02T09:39:53,30.3,213.8,237.8,3.3,1520.0,247.3
2019-08-02T09:40:24,30.3,215.6,231.3,3.3,1540.0,249.3
2019-08-02T09:40:56,30.4,216.2,228.3,3.3,1550.0,248.3
2019-08-02T09:41:27,30.4,212.6,232.4,3.3,1560.0,249.3
2019-08-02T09:41:58,30.5,214.4,238.4,3.3,1570.0,249.3
2019-08-02T09:42:29,30.5,216.7,231.9,3.2,1590.0,247.3
2019-08-02T09:43:00,30.7,212.6,228.9,3.4,1600.0,249.3
2019-08-02T09:43:31,30.7,214.4,239.5,3.4,1610.0,250.2
2019-08-02T09:44:02,30.8,213.8,237.2,3.3,1620.0,248.3
2019-08-02T09:44:33,30.8,211.4,231.3,3.5,1640.0,248.3
2019-08-02T09:45:04,30.9,218.5,227.7,3.4,1650.0,249.3
2019-08-02T09:45:36,30.9,213.8,233.6,3.5,1660.0,249.3
2019-08-02T09:46:07,30.9,216.2,239.5,3.5,1680.0,248.3
2019-08-02T09:46:38,30.8,212.6,231.9,3.5,1690.0,248.3
2019-08-02T09:47:09,30.7,216.2,228.3,3.5,1700.0,250.2
2019-08-02T09:47:40,30.7,217.3,230.7,3.5,1710.0,249.3
2019-08-02T09:48:11,30.8,214.4,234.2,3.6,1730.0,250.2
2019-08-02T09:48:42,30.9,217.3,225.9,3.6,1740.0,248.3
2019-08-02T09:49:13,31.0,217.3,225.9,3.4,1750.0,249.3
2019-08-02T09:49:44,31.0,215.0,236.6,3.5,1770.0,249.3
2019-08-02T09:50:15,31.0,211.4,233.0,3.5,1780.0,248.3
2019-08-02T09:50:47,31.0,215.0,227.1,3.5,1790.0,249.3
2019-08-02T09:51:18,31.1,216.7,237.8,3.5,1810.0,248.3
2019-08-02T09:51:49,31.2,213.2,229.5,3.5,1820.0,249.3
2019-08-02T09:52:20,31.2,211.4,236.0,3.7,1830.0,249.3
2019-08-02T09:52:51,31.2,215.6,235.4,3.7,1850.0,247.3
2019-08-02T09:53:22,31.2,217.3,223.6,3.6,1860.0,248.3
2019-08-02T09:53:53,31.2,211.4,233.0,3.7,1870.0,246.4
2019-08-02T09:54:24,31.2,216.2,236.6,3.6,1890.0,248.3
2019-08-02T09:54:55,31.2,217.3,232.4,3.6,1900.0,249.3
2019-08-02T09:55:26,31.2,213.2,224.8,3.7,1910.0,248.3
2019-08-02T09:55:58,31.2,215.6,227.7,3.7,1930.0,247.3
2019-08-02T09:56:29,31.2,211.4,236.0,3.7,1940.0,249.3
2019-08-02T09:57:00,31.4,210.2,233.0,3.7,1960.0,248.3
2019-08-02T09:57:31,31.4,214.4,223.6,3.8,1970.0,247.3
2019-08-02T09:58:02,31.4,210.8,228.9,3.7,1980.0,249.3
2019-08-02T09:58:33,31.5,213.2,227.7,3.7,2000.0,249.3
2019-08-02T09:59:04,31.5,211.4,227.7,3.8,2010.0,248.3
2019-08-02T09:59:35,31.6,210.8,230.7,3.9,2030.0,249.3
2019-08-02T10:00:06,31.6,212.0,235.4,3.8,2040.0,250.2
2019-08-02T10:00:38,31.7,212.0,229.5,3.9,2050.0,249.3
2019-08-02T10:01:09,31.7,211.4,223.0,3.8,2070.0,249.3
2019-08-02T10:01:40,31.8,212.6,232.4,3.8,2080.0,249.3
2019-08-02T10:02:11,31.8,215.6,233.6,3.7,2100.0,249.3
2019-08-02T10:02:42,31.8,210.8,227.1,3.9,2110.0,250.2
2019-08-02T10:03:13,31.9,213.2,227.7,3.8,2130.0,248.3
2019-08-02T10:03:44,31.8,212.6,223.6,4.0,2140.0,249.3
2019-08-02T10:04:15,31.8,212.0,236.6,4.0,2150.0,248.3
2019-08-02T10:04:46,31.7,213.2,230.1,3.9,2170.0,249.3
2019-08-02T10:05:17,31.8,212.0,233.0,3.9,2180.0,249.3
2019-08-02T10:05:49,31.8,210.2,235.4,4.1,2200.0,249.3
2019-08-02T10:06:20,31.9,207.9,233.6,4.0,2210.0,249.3
2019-08-02T10:06:51,32.0,215.0,227.7,3.9,2230.0,249.3
2019-08-02T10:07:22,32.0,209.1,225.4,4.0,2240.0,250.2
2019-08-02T10:07:53,32.0,211.4,234.8,4.1,2260.0,250.2
2019-08-02T10:08:24,32.0,214.4,232.4,4.0,2270.0,249.3
2019-08-02T10:08:55,32.0,210.2,229.5,4.1,2290.0,249.3
2019-08-02T10:09:26,32.0,208.5,222.4,4.0,2300.0,249.3
2019-08-02T10:09:57,31.9,209.1,233.0,4.1,2320.0,249.3
2019-08-02T10:10:28,31.9,211.4,229.5,4.2,2330.0,249.3
2019-08-02T10:11:00,31.7,211.4,221.8,4.2,2350.0,250.2
2019-08-02T10:11:31,31.8,204.3,223.0,3.9,2360.0,249.3
2019-08-02T10:12:02,31.8,213.2,230.7,4.2,2380.0,248.3
2019-08-02T10:12:33,31.7,209.7,232.4,4.3,2390.0,249.3
2019-08-02T10:13:04,31.7,212.6,228.9,4.2,2410.0,249.3
2019-08-02T10:13:35,31.7,210.8,229.5,4.4,2420.0,249.3
2019-08-02T10:14:06,31.7,212.0,226.5,4.4,2440.0,249.3
2019-08-02T10:14:37,31.6,213.8,231.3,4.3,2460.0,250.2
2019-08-02T10:15:08,31.6,208.5,234.2,4.4,2470.0,249.3
2019-08-02T10:15:40,31.6,213.2,234.2,4.3,2490.0,250.2
2019-08-02T10:16:11,31.7,210.8,234.8,4.4,2500.0,249.3
2019-08-02T10:16:42,31.8,213.2,231.9,4.2,2520.0,250.2
2019-08-02T10:17:13,31.9,210.8,222.4,4.4,2530.0,251.2
2019-08-02T10:17:44,31.9,212.0,223.0,4.4,2550.0,249.3
2019-08-02T10:18:15,31.9,211.4,230.1,4.4,2570.0,249.3
2019-08-02T10:18:46,31.9,212.6,227.1,4.3,2580.0,249.3
2019-08-02T10:19:17,31.9,211.4,223.6,4.4,2600.0,248.3
2019-08-02T10:19:48,32.0,213.8,232.4,4.4,2610.0,248.3
2019-08-02T10:20:19,32.0,215.0,233.0,4.3,2630.0,249.3
2019-08-02T10:20:51,32.0,214.4,221.8,4.2,2650.0,250.2
2019-08-02T10:21:22,32.2,211.4,225.9,4.4,2660.0,249.3
2019-08-02T10:21:53,32.0,209.1,234.2,4.5,2680.0,250.2
2019-08-02T10:22:24,32.0,208.5,234.8,4.5,2690.0,249.3
2019-08-02T10:22:55,32.2,210.8,221.8,4.5,2710.0,249.3
2019-08-02T10:23:26,32.2,212.0,221.8,4.4,2730.0,248.3
2019-08-02T10:23:57,32.0,208.5,235.4,4.6,2740.0,248.3
2019-08-02T10:24:28,31.9,214.4,222.4,4.5,2760.0,249.3
2019-08-02T10:24:59,31.9,210.2,225.4,4.6,2780.0,247.3
2019-08-02T10:25:30,31.9,207.9,232.4,4.6,2790.0,247.3
2019-08-02T10:26:02,31.9,207.3,228.3,4.6,2810.0,247.3
2019-08-02T10:26:33,32.0,212.0,227.1,4.5,2830.0,249.3
2019-08-02T10:27:04,32.0,207.9,223.0,4.6,2840.0,249.3
2019-08-02T10:27:35,32.2,211.4,218.8,4.6,2860.0,248.3
2019-08-02T10:28:06,32.0,213.2,223.6,4.6,2880.0,246.4
2019-08-02T10:28:37,32.0,209.7,231.9,4.5,2890.0,249.3
2019-08-02T10:29:08,32.2,211.4,230.1,4.6,2910.0,249.3
2019-08-02T10:29:39,32.3,208.5,222.4,4.6,2930.0,248.3
2019-08-02T10:30:10,32.4,208.5,225.4,4.6,2940.0,248.3
2019-08-02T10:30:41,32.4,207.3,228.3,4.7,2960.0,248.3
2019-08-02T10:31:13,32.4,206.1,229.5,4.6,2980.0,248.3
2019-08-02T10:31:44,32.4,210.2,232.4,4.7,2990.0,248.3
2019-08-02T10:32:15,32.4,212.0,227.1,4.5,3010.0,248.3
2019-08-02T10:32:46,32.4,212.0,218.8,4.6,3030.0,248.3
2019-08-02T10:33:17,32.5,210.8,228.3,4.6,3040.0,249.3
2019-08-02T10:33:48,32.5,207.3,228.9,4.7,3060.0,250.2
2019-08-02T10:34:19,32.6,207.9,229.5,4.8,3080.0,249.3
2019-08-02T10:34:50,32.5,205.5,226.5,4.7,3090.0,248.3
2019-08-02T10:35:21,32.6,208.5,221.8,4.8,3110.0,249.3
2019-08-02T10:35:52,32.7,211.4,221.8,4.7,3130.0,248.3
2019-08-02T10:36:24,32.7,211.4,221.8,4.7,3150.0,248.3
2019-08-02T10:36:55,32.6,207.3,231.9,4.8,3160.0,248.3
2019-08-02T10:37:26,32.5,209.1,218.8,4.9,3180.0,248.3
2019-08-02T10:37:57,32.4,206.7,223.0,4.8,3200.0,249.3
2019-08-02T10:38:28,32.4,208.5,227.7,5.0,3220.0,250.2
2019-08-02T10:38:59,32.5,211.4,228.3,4.9,3230.0,249.3
2019-08-02T10:39:30,32.5,211.4,226.5,4.8,3250.0,249.3
2019-08-02T10:40:01,32.6,207.9,223.0,4.9,3270.0,252.2
2019-08-02T10:40:32,32.5,205.5,225.4,4.9,3290.0,249.3
2019-08-02T10:41:04,32.5,208.5,218.3,4.9,3300.0,249.3
2019-08-02T10:41:35,32.5,209.7,224.8,5.0,3320.0,250.2
2019-08-02T10:42:06,32.5,209.7,226.5,4.9,3340.0,250.2
2019-08-02T10:42:37,32.5,211.4,231.9,5.0,3360.0,250.2
2019-08-02T10:43:08,32.5,210.2,220.0,5.0,3380.0,248.3
2019-08-02T10:43:39,32.4,211.4,226.5,5.2,3390.0,249.3
2019-08-02T10:44:10,32.4,207.9,225.9,5.2,3410.0,250.2
2019-08-02T10:44:41,32.5,209.1,228.3,5.2,3430.0,251.2
2019-08-02T10:45:12,32.6,207.9,230.7,5.0,3450.0,250.2
2019-08-02T10:45:43,32.5,208.5,227.1,5.1,3470.0,251.2
2019-08-02T10:46:16,32.5,207.3,227.1,5.2,3490.0,251.2
2019-08-02T10:46:47,32.6,207.3,230.1,5.1,3510.0,250.2
2019-08-02T10:47:18,32.7,206.1,225.4,5.2,3520.0,251.2
2019-08-02T10:47:49,32.9,209.1,217.7,5.2,3540.0,251.2
2019-08-02T10:48:20,32.9,204.9,221.8,5.1,3560.0,251.2
2019-08-02T10:48:51,33.0,203.7,225.9,5.2,3580.0,251.2
2019-08-02T10:49:22,33.1,206.7,228.9,5.1,3600.0,251.2
2019-08-02T10:49:53,33.1,207.9,223.6,5.2,3620.0,250.2
2019-08-02T10:50:24,33.2,203.7,214.7,5.3,3630.0,250.2
2019-08-02T10:50:55,33.2,208.5,221.2,5.2,3650.0,251.2
2019-08-02T10:51:27,33.2,208.5,206.4,4.6,3670.0,248.3
2019-08-02T10:51:58,33.1,206.1,215.3,2.7,3690.0,248.3
2019-08-02T10:52:29,33.2,193.1,216.5,0.6,3690.0,243.5
2019-08-02T10:53:00,33.2,201.4,232.4,3.7,3700.0,247.3
2019-08-02T10:53:31,33.1,210.8,225.4,5.4,3720.0,250.2
2019-08-02T10:54:02,33.2,208.5,224.8,5.3,3740.0,251.2
2019-08-02T10:54:33,33.3,210.8,223.0,5.2,3760.0,252.2
2019-08-02T10:55:04,33.4,208.5,227.7,5.4,3780.0,250.2
2019-08-02T10:55:35,33.4,202.6,225.4,5.6,3800.0,251.2
2019-08-02T10:56:07,33.4,205.5,224.8,5.4,3820.0,251.2
2019-08-02T10:56:38,33.4,208.5,212.9,5.3,3840.0,251.2
2019-08-02T10:57:09,33.4,206.7,220.0,5.6,3860.0,251.2
2019-08-02T10:57:40,33.3,206.7,219.4,5.4,3880.0,252.2
2019-08-02T10:58:11,33.4,204.9,224.8,5.5,3900.0,251.2
2019-08-02T10:58:42,33.5,207.3,224.8,5.5,3920.0,251.2
2019-08-02T10:59:13,33.7,206.1,222.4,5.6,3940.0,250.2
2019-08-02T10:59:44,33.8,206.1,218.3,5.5,3960.0,252.2
2019-08-02T11:00:15,33.8,204.3,225.4,5.6,3980.0,251.2
2019-08-02T11:00:47,33.9,208.5,226.5,5.4,4000.0,251.2
2019-08-02T11:01:18,33.9,204.9,221.8,5.6,4020.0,251.2
2019-08-02T11:01:49,34.0,204.3,224.8,5.6,4040.0,251.2
2019-08-02T11:02:20,34.0,207.3,224.2,5.5,4060.0,250.2
2019-08-02T11:02:51,34.0,207.3,220.6,5.5,4080.0,250.2
2019-08-02T11:03:22,33.9,202.6,214.1,5.6,4100.0,251.2
2019-08-02T11:03:53,33.5,207.3,215.9,5.6,4120.0,250.2
2019-08-02T11:04:24,33.5,208.5,225.4,4.4,4140.0,251.2
2019-08-02T11:04:55,33.7,205.5,215.3,5.8,4160.0,250.2
2019-08-02T11:05:26,33.8,200.8,217.1,5.7,4180.0,251.2
2019-08-02T11:05:58,33.8,201.4,227.1,3.9,4190.0,248.3
2019-08-02T11:06:29,33.8,202.6,217.1,5.7,4210.0,251.2
2019-08-02T11:07:00,33.7,206.1,221.2,5.6,4230.0,251.2
2019-08-02T11:07:31,33.8,202.6,219.4,5.6,4250.0,250.2
2019-08-02T11:08:02,33.9,200.8,221.8,5.6,4270.0,251.2
2019-08-02T11:08:33,34.0,200.2,223.0,5.8,4290.0,251.2
2019-08-02T11:09:04,34.1,202.6,226.5,5.7,4310.0,251.2
2019-08-02T11:09:35,34.1,199.6,218.8,5.8,4330.0,251.2
2019-08-02T11:10:06,34.2,203.7,221.8,5.8,4350.0,252.2
2019-08-02T11:10:38,34.1,200.8,218.8,5.9,4370.0,250.2
2019-08-02T11:11:09,34.1,205.5,221.8,5.8,4400.0,252.2
2019-08-02T11:11:40,34.1,200.8,212.9,5.8,4420.0,251.2
2019-08-02T11:12:11,34.1,203.2,213.5,6.0,4440.0,251.2
2019-08-02T11:12:42,34.2,203.7,223.6,6.0,4460.0,251.2
2019-08-02T11:13:13,34.2,206.1,214.7,6.1,4480.0,251.2
2019-08-02T11:13:44,34.4,204.3,215.9,6.1,4500.0,251.2
2019-08-02T11:14:15,34.4,191.3,180.4,6.4,4510.0,247.3
2019-08-02T11:14:46,34.5,202.6,223.0,5.7,4540.0,248.3
2019-08-02T11:15:17,34.5,198.4,202.3,3.8,4550.0,246.4
2019-08-02T11:15:49,34.4,205.5,204.1,1.4,4550.0,244.4
2019-08-02T11:16:20,34.2,203.2,211.7,1.0,4560.0,243.5
2019-08-02T11:16:51,34.4,201.4,214.1,1.0,4560.0,244.4
2019-08-02T11:17:22,34.4,205.5,223.6,1.0,4570.0,244.4
2019-08-02T11:17:53,34.5,200.8,221.8,1.0,4570.0,244.4
2019-08-02T11:18:24,34.4,186.0,209.4,1.1,4570.0,244.4
2019-08-02T11:18:55,34.2,167.1,191.0,1.4,4580.0,244.4
2019-08-02T11:19:26,34.1,161.2,190.4,1.3,4580.0,244.4
2019-08-02T11:19:57,34.1,182.5,214.7,5.0,4590.0,246.4
2019-08-02T11:20:28,34.1,187.2,215.9,1.1,4600.0,242.5
2019-08-02T11:21:00,34.0,196.1,214.1,0.9,4600.0,242.5
2019-08-02T11:21:31,33.9,213.8,232.4,0.7,4600.0,242.5
2019-08-02T11:22:02,33.9,206.1,216.5,0.8,4610.0,242.5
2019-08-02T11:22:33,33.9,205.5,233.0,0.9,4610.0,242.5
2019-08-02T11:23:04,33.9,208.5,216.5,0.9,4610.0,242.5
2019-08-02T11:23:35,33.8,199.0,237.8,0.9,4620.0,242.5
2019-08-02T11:24:06,33.8,178.3,217.1,1.1,4620.0,243.5
2019-08-02T11:24:37,33.5,154.1,194.6,1.4,4620.0,242.5
2019-08-02T11:25:08,33.5,150.0,179.8,1.4,4630.0,243.5
2019-08-02T11:25:39,33.7,159.4,191.6,1.0,4630.0,242.5
2019-08-02T11:26:11,33.7,181.3,213.5,0.8,4640.0,243.5
2019-08-02T11:26:42,33.7,194.3,241.3,1.3,4640.0,243.5
2019-08-02T11:27:13,33.7,213.2,233.6,1.7,4650.0,246.4
2019-08-02T11:27:44,33.4,210.2,229.5,1.1,4660.0,243.5
2019-08-02T11:28:15,33.4,207.9,233.0,0.7,4660.0,243.5
2019-08-02T11:28:46,33.3,203.7,236.0,0.8,4660.0,242.5
2019-08-02T11:29:17,33.3,206.7,231.9,1.0,4660.0,245.4
2019-08-02T11:29:48,33.3,210.2,233.0,1.0,4670.0,243.5
2019-08-02T11:30:19,33.2,223.2,245.5,0.8,4670.0,243.5
2019-08-02T11:30:50,33.2,202.0,223.6,1.0,4680.0,244.4
2019-08-02T11:31:22,33.2,191.9,205.8,3.5,4680.0,245.4
2019-08-02T11:31:53,33.3,217.3,233.0,6.3,4700.0,250.2
2019-08-02T11:32:24,33.3,214.4,232.4,6.4,4720.0,251.2
2019-08-02T11:32:55,33.4,220.9,232.4,6.1,4740.0,251.2
2019-08-02T11:33:26,33.5,213.2,224.8,6.6,4770.0,251.2
2019-08-02T11:33:57,33.7,215.6,225.9,6.5,4790.0,250.2
2019-08-02T11:34:28,33.8,209.7,225.4,6.7,4820.0,251.2
2019-08-02T11:34:59,33.9,214.4,225.9,6.6,4840.0,251.2
2019-08-02T11:35:30,33.9,212.0,229.5,4.2,4860.0,250.2
2019-08-02T11:36:01,34.0,212.6,230.7,6.3,4890.0,250.2
2019-08-02T11:36:32,33.9,196.7,228.3,3.7,4910.0,249.3
2019-08-02T11:37:03,33.8,206.7,224.8,1.2,4910.0,244.4
2019-08-02T11:37:34,33.7,209.1,212.9,1.5,4920.0,245.4
2019-08-02T11:38:05,33.4,212.0,220.0,6.7,4940.0,249.3
2019-08-02T11:38:36,33.3,192.5,243.7,6.4,4960.0,250.2
2019-08-02T11:39:07,33.4,200.2,223.6,6.1,4980.0,249.3
2019-08-02T11:39:38,33.5,209.1,232.4,1.6,4990.0,245.4
2019-08-02T11:40:09,33.5,216.7,204.6,1.8,5000.0,246.4
2019-08-02T11:40:41,33.5,204.9,196.4,1.6,5010.0,244.4
2019-08-02T11:41:12,33.4,206.7,227.1,2.3,5010.0,245.4
2019-08-02T11:41:43,33.4,209.1,219.4,4.2,5020.0,247.3
2019-08-02T11:42:14,33.4,213.8,204.6,1.5,5040.0,245.4
2019-08-02T11:42:45,33.3,213.2,217.1,1.4,5040.0,245.4
2019-08-02T11:43:16,33.3,207.3,226.5,1.3,5050.0,244.4
2019-08-02T11:43:47,33.3,216.7,201.7,1.5,5050.0,247.3
2019-08-02T11:44:18,33.2,219.7,228.3,6.6,5070.0,250.2
2019-08-02T11:44:49,33.2,215.0,228.9,6.8,5090.0,252.2
2019-08-02T11:45:20,33.2,207.9,231.3,7.0,5120.0,252.2
2019-08-02T11:45:52,33.3,206.7,228.9,6.6,5140.0,253.1
2019-08-02T11:46:23,33.3,210.8,225.4,1.4,5160.0,245.4
2019-08-02T11:46:54,33.4,210.2,225.4,1.1,5160.0,245.4
2019-08-02T11:47:25,33.4,209.1,224.8,1.0,5170.0,245.4
2019-08-02T11:47:56,33.3,207.3,229.5,1.1,5170.0,245.4
2019-08-02T11:48:27,33.3,209.1,232.4,1.0,5180.0,245.4
2019-08-02T11:48:58,33.3,208.5,231.9,0.9,5180.0,245.4
2019-08-02T11:49:29,33.2,209.1,229.5,1.0,5190.0,244.4
2019-08-02T11:50:00,33.1,206.7,222.4,0.9,5190.0,245.4
2019-08-02T11:50:32,33.2,205.5,230.7,0.9,5190.0,244.4
2019-08-02T11:51:03,33.1,217.9,230.7,0.7,5200.0,244.4
2019-08-02T11:51:34,33.1,215.0,227.7,0.7,5200.0,244.4
2019-08-02T11:52:05,33.0,202.0,232.4,0.7,5200.0,244.4
2019-08-02T11:52:36,33.0,211.4,222.4,0.8,5210.0,245.4
2019-08-02T11:53:07,33.0,215.0,225.9,0.7,5210.0,245.4
2019-08-02T11:53:38,32.7,208.5,223.0,0.8,5210.0,244.4
2019-08-02T11:54:09,32.9,203.7,224.2,0.7,5220.0,244.4
2019-08-02T11:54:40,32.9,202.0,232.4,0.7,5220.0,244.4
2019-08-02T11:55:11,32.9,213.8,225.9,0.7,5220.0,244.4
2019-08-02T11:55:43,32.9,213.8,233.0,0.7,5230.0,243.5
2019-08-02T11:56:14,32.9,214.4,239.0,0.7,5230.0,243.5
2019-08-02T11:56:45,32.9,197.8,227.1,0.7,5230.0,243.5
2019-08-02T11:57:16,32.9,189.0,239.5,0.8,5240.0,243.5
2019-08-02T11:57:47,32.9,212.6,225.9,0.7,5240.0,244.4
2019-08-02T11:58:18,32.9,204.3,244.3,0.8,5240.0,246.4
2019-08-02T11:58:49,32.9,183.1,223.6,0.9,5250.0,244.4
2019-08-02T11:59:20,33.0,153.5,195.2,1.8,5250.0,244.4
2019-08-02T11:59:51,33.0,149.4,180.4,3.0,5260.0,246.4
2019-08-02T12:00:22,33.0,173.6,189.3,6.2,5270.0,251.2
2019-08-02T12:00:54,33.0,202.0,216.5,6.9,5290.0,252.2
2019-08-02T12:01:25,32.9,202.6,219.4,3.1,5310.0,249.3
2019-08-02T12:01:56,33.0,194.3,224.2,3.6,5320.0,247.3
2019-08-02T12:02:27,33.1,215.0,223.6,2.8,5330.0,246.4
2019-08-02T12:02:58,33.1,206.1,205.8,2.6,5350.0,248.3
2019-08-02T12:03:29,33.2,225.0,225.4,2.0,5360.0,247.3
2019-08-02T12:04:00,33.2,209.1,227.1,2.0,5360.0,247.3
2019-08-02T12:04:31,33.3,220.3,218.8,3.2,5380.0,246.4
2019-08-02T12:05:02,33.3,215.0,202.3,2.2,5390.0,246.4
2019-08-02T12:05:34,33.3,221.5,212.9,2.2,5390.0,247.3
2019-08-02T12:06:05,33.3,205.5,234.8,2.5,5400.0,246.4
2019-08-02T12:06:36,33.3,208.5,236.6,2.0,5410.0,245.4
2019-08-02T12:07:07,33.2,211.4,223.6,2.0,5420.0,247.3
2019-08-02T12:07:38,33.3,182.5,211.2,4.3,5440.0,248.3
2019-08-02T12:08:09,33.4,204.9,189.3,7.2,5450.0,251.2
2019-08-02T12:08:40,33.4,211.4,205.8,5.5,5470.0,249.3
2019-08-02T12:09:11,33.5,196.1,192.2,7.4,5490.0,251.2
2019-08-02T12:09:42,33.7,211.4,225.4,6.7,5510.0,252.2
2019-08-02T12:10:13,33.8,209.1,228.9,6.8,5540.0,252.2
2019-08-02T12:10:45,33.8,195.5,241.9,5.7,5560.0,250.2
2019-08-02T12:11:16,33.9,200.8,228.3,6.5,5580.0,251.2
2019-08-02T12:11:47,34.0,199.0,229.5,5.0,5600.0,248.3
2019-08-02T12:12:18,34.0,207.3,233.0,3.9,5620.0,246.4
2019-08-02T12:12:49,34.1,206.1,233.0,2.7,5630.0,246.4
2019-08-02T12:13:20,34.0,210.2,232.4,6.8,5650.0,251.2
2019-08-02T12:13:51,34.0,210.8,225.4,6.0,5670.0,250.2
2019-08-02T12:14:22,34.1,207.9,227.1,6.1,5700.0,249.3
2019-08-02T12:14:53,34.2,207.3,218.8,6.6,5720.0,252.2
2019-08-02T12:15:24,34.4,211.4,216.5,6.3,5750.0,251.2
2019-08-02T12:15:56,34.4,200.8,218.8,6.8,5770.0,251.2
2019-08-02T12:16:27,34.4,205.5,221.2,6.1,5790.0,251.2
2019-08-02T12:16:58,34.6,201.4,212.3,6.4,5820.0,251.2
2019-08-02T12:17:29,34.6,203.2,219.4,6.6,5840.0,251.2
2019-08-02T12:18:01,34.7,196.7,215.9,6.8,5860.0,250.2
2019-08-02T12:18:32,34.8,193.7,213.5,6.8,5890.0,251.2
2019-08-02T12:19:03,34.7,195.5,222.4,6.6,5910.0,252.2
2019-08-02T12:19:34,34.7,200.2,224.8,6.9,5930.0,252.2
2019-08-02T12:20:05,34.7,203.7,220.0,6.9,5960.0,251.2
2019-08-02T12:20:36,34.8,202.0,218.3,6.9,5980.0,252.2
2019-08-02T12:21:08,35.0,200.2,211.7,6.8,6010.0,250.2
2019-08-02T12:21:39,35.2,204.3,216.5,6.7,6030.0,251.2
2019-08-02T12:22:10,35.3,204.9,211.7,6.7,6060.0,250.2
2019-08-02T12:22:41,35.3,202.0,212.9,7.1,6080.0,250.2
2019-08-02T12:23:12,35.4,199.0,215.9,7.1,6110.0,250.2
2019-08-02T12:23:43,35.5,197.3,211.7,7.3,6130.0,251.2
2019-08-02T12:24:14,35.6,201.4,207.6,7.3,6160.0,250.2
2019-08-02T12:24:45,35.7,198.4,215.3,7.1,6180.0,250.2
2019-08-02T12:25:16,35.7,197.8,208.2,6.6,6210.0,249.3
2019-08-02T12:25:47,35.9,188.4,217.7,1.5,6220.0,243.5
2019-08-02T12:26:19,35.9,183.7,215.3,1.6,6230.0,243.5
2019-08-02T12:26:50,35.9,187.8,213.5,1.4,6230.0,243.5
2019-08-02T12:27:21,35.9,189.0,217.1,1.4,6240.0,242.5
2019-08-02T12:27:52,35.9,186.0,212.3,1.6,6250.0,242.5
2019-08-02T12:28:23,35.7,182.5,218.8,1.5,6250.0,242.5
2019-08-02T12:28:54,35.7,179.5,225.4,1.5,6260.0,242.5
2019-08-02T12:29:25,35.7,182.5,220.6,1.4,6260.0,242.5
2019-08-02T12:29:56,35.5,189.0,216.5,1.4,6270.0,244.4
2019-08-02T12:30:27,35.4,188.4,227.7,1.4,6280.0,241.5
2019-08-02T12:30:58,35.3,187.8,221.2,1.4,6280.0,241.5
2019-08-02T12:31:30,35.0,190.2,230.7,1.4,6290.0,242.5
2019-08-02T12:32:01,35.0,194.9,221.2,1.3,6290.0,242.5
2019-08-02T12:32:32,34.8,189.6,222.4,1.4,6300.0,242.5
2019-08-02T12:33:03,34.7,184.8,217.7,1.4,6300.0,240.6
2019-08-02T12:33:34,34.6,190.8,234.8,1.3,6310.0,241.5
2019-08-02T12:34:05,34.5,186.0,220.0,1.3,6310.0,242.5
2019-08-02T12:34:36,34.6,206.1,223.6,1.2,6320.0,241.5
2019-08-02T12:35:07,34.4,210.2,232.4,1.1,6330.0,246.4
2019-08-02T12:35:38,34.4,213.8,229.5,1.2,6330.0,243.5
2019-08-02T12:36:10,34.2,215.6,221.2,1.2,6340.0,243.5
2019-08-02T12:36:41,34.1,214.4,229.5,1.1,6340.0,245.4
2019-08-02T12:37:12,34.2,213.8,231.9,1.0,6350.0,245.4
2019-08-02T12:37:43,34.2,219.1,221.8,1.1,6350.0,244.4
2019-08-02T12:38:14,34.4,215.6,232.4,1.1,6360.0,244.4
2019-08-02T12:38:45,34.4,216.7,233.6,1.1,6360.0,244.4
2019-08-02T12:39:16,34.4,220.3,222.4,0.9,6360.0,244.4
2019-08-02T12:39:47,34.4,214.4,229.5,1.0,6370.0,244.4
2019-08-02T12:40:18,34.4,216.2,233.6,1.0,6370.0,244.4
2019-08-02T12:40:49,34.4,217.3,225.4,1.0,6380.0,244.4
2019-08-02T12:41:21,34.4,206.1,232.4,1.0,6380.0,245.4
2019-08-02T12:41:52,34.4,189.0,228.9,1.1,6390.0,244.4
2019-08-02T12:42:23,34.2,202.0,232.4,0.9,6390.0,244.4
2019-08-02T12:42:54,34.2,211.4,228.3,0.8,6400.0,244.4
2019-08-02T12:43:25,34.1,206.7,232.4,0.8,6400.0,244.4
2019-08-02T12:43:56,34.1,211.4,228.9,0.7,6400.0,243.5
2019-08-02T12:44:27,34.1,212.0,222.4,0.7,6400.0,244.4
2019-08-02T12:44:58,34.1,216.2,229.5,0.7,6410.0,243.5
2019-08-02T12:45:29,34.1,209.1,227.7,0.7,6410.0,244.4
2019-08-02T12:46:00,34.0,213.8,231.9,0.7,6410.0,244.4
2019-08-02T12:46:31,34.0,206.1,230.1,0.6,6420.0,244.4
2019-08-02T12:47:02,33.9,211.4,228.3,0.7,6420.0,243.5
2019-08-02T12:47:33,33.8,213.8,230.7,0.7,6420.0,243.5
2019-08-02T12:48:04,33.8,206.1,225.9,0.7,6430.0,241.5
2019-08-02T12:48:35,33.8,206.7,225.9,0.8,6430.0,242.5
2019-08-02T12:49:06,33.5,186.6,216.5,0.8,6430.0,242.5
2019-08-02T12:49:37,33.7,165.4,240.1,0.9,6440.0,242.5
2019-08-02T12:50:08,33.7,170.1,223.0,0.9,6440.0,241.5
2019-08-02T12:50:40,33.7,192.5,217.7,0.9,6440.0,242.5
2019-08-02T12:51:11,33.7,214.4,241.9,0.9,6450.0,242.5
2019-08-02T12:51:42,33.7,211.4,225.9,0.9,6450.0,242.5
2019-08-02T12:52:13,33.5,220.3,236.6,0.9,6450.0,242.5
2019-08-02T12:52:44,33.5,199.6,220.6,1.0,6460.0,243.5
2019-08-02T12:53:15,33.7,194.3,243.7,1.1,6460.0,242.5
2019-08-02T12:53:46,33.7,189.0,225.9,1.1,6470.0,243.5
2019-08-02T12:54:17,33.7,201.4,237.8,1.0,6470.0,242.5
2019-08-02T12:54:48,33.5,198.4,227.1,1.0,6480.0,242.5
2019-08-02T12:55:19,33.5,199.0,239.5,1.1,6480.0,243.5
2019-08-02T12:55:51,33.5,196.7,228.3,1.0,6480.0,241.5
2019-08-02T12:56:22,33.5,201.4,230.7,0.9,6490.0,244.4
2019-08-02T12:56:53,33.7,187.2,236.6,1.1,6490.0,244.4
2019-08-02T12:57:24,33.7,208.5,230.1,1.0,6500.0,243.5
2019-08-02T12:57:55,33.7,216.2,225.9,1.0,6500.0,241.5
2019-08-02T12:58:26,33.7,217.9,243.7,1.0,6500.0,242.5
2019-08-02T12:58:57,33.5,209.1,221.8,1.0,6510.0,243.5
2019-08-02T12:59:28,33.5,186.6,200.5,1.2,6510.0,244.4
2019-08-02T12:59:59,33.5,160.0,177.4,1.7,6520.0,246.4
2019-08-02T13:00:30,33.5,136.4,205.8,3.6,6520.0,250.2
2019-08-02T13:01:02,33.7,119.3,231.9,6.0,6540.0,250.2
2019-08-02T13:01:33,33.7,123.4,239.0,8.7,6560.0,254.1
2019-08-02T13:02:04,33.7,155.9,229.5,8.1,6580.0,253.1
2019-08-02T13:02:35,33.8,167.1,236.6,3.9,6600.0,252.2
2019-08-02T13:03:06,33.8,190.8,211.7,7.4,6620.0,253.1
2019-08-02T13:03:37,33.9,194.3,222.4,4.4,6650.0,252.2
2019-08-02T13:04:08,34.0,213.8,238.4,5.1,6660.0,252.2
2019-08-02T13:04:39,34.1,212.0,225.9,4.6,6680.0,253.1
2019-08-02T13:05:10,34.1,197.3,224.8,6.8,6700.0,253.1
2019-08-02T13:05:41,34.1,209.1,228.9,2.4,6720.0,249.3
2019-08-02T13:06:13,34.2,214.4,227.7,2.4,6730.0,247.3
2019-08-02T13:06:44,34.2,200.8,241.9,2.1,6740.0,248.3
2019-08-02T13:07:15,34.4,207.9,226.5,1.7,6750.0,247.3
2019-08-02T13:07:46,34.4,215.6,228.3,1.6,6760.0,248.3
2019-08-02T13:08:17,34.4,212.0,223.6,1.5,6760.0,246.4
2019-08-02T13:08:48,34.4,206.7,220.6,1.7,6770.0,247.3
2019-08-02T13:09:19,34.4,207.9,199.9,1.9,6780.0,247.3
2019-08-02T13:09:50,34.5,192.5,195.2,2.2,6790.0,247.3
2019-08-02T13:10:21,34.5,196.7,215.3,2.0,6800.0,246.4
2019-08-02T13:10:53,34.5,190.8,228.3,1.9,6800.0,249.3
2019-08-02T13:11:24,34.5,193.1,223.6,1.8,6810.0,247.3
2019-08-02T13:11:55,34.5,195.5,223.6,1.7,6820.0,247.3
2019-08-02T13:12:26,34.6,196.7,234.8,1.8,6830.0,247.3
2019-08-02T13:12:57,34.5,194.3,223.0,1.9,6830.0,247.3
2019-08-02T13:13:28,34.6,198.4,228.3,1.9,6840.0,247.3
2019-08-02T13:13:59,34.6,177.8,204.1,2.2,6850.0,247.3
2019-08-02T13:14:30,34.6,180.7,234.2,2.3,6860.0,248.3
2019-08-02T13:15:01,34.7,148.2,217.1,4.1,6870.0,250.2
2019-08-02T13:15:33,34.7,135.8,204.6,4.2,6880.0,249.3
2019-08-02T13:16:04,34.7,145.3,211.2,3.1,6890.0,248.3
2019-08-02T13:16:35,34.7,167.1,227.7,2.9,6900.0,248.3
2019-08-02T13:17:06,34.7,206.7,253.7,5.0,6910.0,251.2
2019-08-02T13:17:37,34.8,210.2,238.4,2.7,6930.0,249.3
2019-08-02T13:18:08,34.8,173.6,204.6,5.1,6940.0,251.2
2019-08-02T13:18:39,34.9,192.5,181.0,6.3,6960.0,253.1
2019-08-02T13:19:10,34.9,166.5,213.5,7.6,6990.0,253.1
2019-08-02T13:19:41,34.9,168.3,232.4,7.7,7010.0,253.1
2019-08-02T13:20:12,35.0,189.6,211.7,7.9,7040.0,253.1
2019-08-02T13:20:44,35.0,190.2,212.3,4.5,7060.0,252.2
2019-08-02T13:21:15,35.2,165.4,234.8,7.8,7080.0,252.2
2019-08-02T13:21:46,35.3,173.0,228.9,5.5,7100.0,253.1
2019-08-02T13:22:17,35.4,160.6,215.3,3.6,7120.0,249.3
2019-08-02T13:22:48,35.4,160.0,220.6,2.5,7130.0,247.3
2019-08-02T13:23:19,35.4,160.0,215.3,2.3,7130.0,249.3
2019-08-02T13:23:50,35.4,167.1,215.3,2.4,7140.0,247.3
2019-08-02T13:24:21,35.4,200.2,202.3,6.3,7150.0,248.3
2019-08-02T13:24:52,35.5,206.1,216.5,4.4,7180.0,251.2
2019-08-02T13:25:23,35.5,196.7,228.3,5.1,7190.0,253.1
2019-08-02T13:25:55,35.6,194.9,211.7,4.9,7220.0,251.2
2019-08-02T13:26:26,35.6,183.1,220.6,3.2,7230.0,247.3
2019-08-02T13:26:57,35.6,200.8,210.6,2.0,7240.0,249.3
2019-08-02T13:27:28,35.7,211.4,240.7,3.4,7250.0,251.2
2019-08-02T13:27:59,35.7,181.9,211.7,7.5,7270.0,252.2
2019-08-02T13:28:30,35.7,173.0,208.8,5.6,7290.0,251.2
2019-08-02T13:29:01,35.6,173.6,211.7,2.8,7300.0,247.3
2019-08-02T13:29:32,35.6,178.9,223.6,2.5,7310.0,246.4
2019-08-02T13:30:03,35.6,184.8,223.6,1.6,7320.0,246.4
2019-08-02T13:30:35,35.6,212.6,194.6,1.8,7330.0,247.3
2019-08-02T13:31:06,35.6,209.7,215.3,1.4,7330.0,246.4
2019-08-02T13:31:37,35.6,197.8,236.6,2.3,7340.0,247.3
2019-08-02T13:32:08,35.7,174.8,246.6,4.0,7350.0,250.2
2019-08-02T13:32:39,35.7,188.4,222.4,4.9,7370.0,250.2
2019-08-02T13:33:10,35.6,196.1,218.8,2.4,7380.0,246.4
2019-08-02T13:33:41,35.7,213.8,192.2,5.1,7390.0,252.2
2019-08-02T13:34:12,35.7,213.8,208.8,4.6,7410.0,251.2
2019-08-02T13:34:43,35.7,211.4,222.4,2.8,7430.0,251.2
2019-08-02T13:35:14,35.7,210.8,232.4,1.0,7450.0,245.4
2019-08-02T13:35:46,35.7,193.7,215.3,0.8,7450.0,246.4
2019-08-02T13:36:17,35.7,204.3,215.3,0.7,7460.0,245.4
2019-08-02T13:36:48,35.7,204.3,217.1,0.6,7460.0,244.4
2019-08-02T13:37:19,35.6,202.6,213.5,0.6,7460.0,245.4
2019-08-02T13:37:50,35.6,199.6,215.9,0.5,7460.0,244.4
2019-08-02T13:38:21,35.6,210.2,218.8,0.5,7470.0,246.4
2019-08-02T13:38:52,35.6,204.9,214.1,0.5,7470.0,245.4
2019-08-02T13:39:23,35.5,199.6,225.9,0.5,7470.0,245.4
2019-08-02T13:39:54,35.5,199.0,225.4,0.5,7470.0,244.4
2019-08-02T13:40:25,35.5,204.9,213.5,0.5,7470.0,243.5
2019-08-02T13:40:57,35.4,184.8,225.9,0.5,7480.0,244.4
2019-08-02T13:41:28,35.4,193.1,230.7,0.5,7480.0,243.5
2019-08-02T13:41:59,35.3,172.4,211.7,0.5,7480.0,244.4
2019-08-02T13:42:30,35.2,152.4,216.5,0.5,7480.0,243.5
2019-08-02T13:43:01,35.2,170.7,228.3,0.5,7480.0,244.4
2019-08-02T13:43:32,35.0,186.6,213.5,0.5,7480.0,243.5
2019-08-02T13:44:03,34.8,201.4,232.4,0.4,7490.0,245.4
2019-08-02T13:44:34,34.6,210.8,234.8,0.4,7490.0,243.5
2019-08-02T13:45:05,34.5,209.7,232.4,0.4,7490.0,244.4
2019-08-02T13:45:37,34.2,189.0,229.5,0.4,7490.0,243.5
2019-08-02T13:46:08,34.0,167.7,208.2,0.5,7490.0,243.5
2019-08-02T13:46:39,34.0,155.9,221.8,0.6,7490.0,242.5
2019-08-02T13:47:10,34.1,177.8,243.7,0.5,7500.0,243.5
2019-08-02T13:47:41,34.1,199.0,227.7,0.4,7500.0,243.5
2019-08-02T13:48:12,33.9,219.7,211.7,0.4,7500.0,243.5
2019-08-02T13:48:43,33.8,207.9,234.8,0.4,7500.0,244.4
2019-08-02T13:49:14,33.8,186.6,236.6,0.5,7500.0,242.5
2019-08-02T13:49:45,33.7,166.5,215.9,0.5,7510.0,243.5
2019-08-02T13:50:16,33.8,173.6,234.2,0.5,7510.0,243.5
2019-08-02T13:50:48,33.7,194.9,232.4,0.4,7510.0,242.5
2019-08-02T13:51:19,33.7,215.6,223.0,0.4,7510.0,244.4
2019-08-02T13:51:50,33.7,210.8,244.9,0.4,7510.0,243.5
2019-08-02T13:52:21,33.7,210.8,233.0,0.4,7510.0,244.4
2019-08-02T13:52:52,33.7,224.4,218.8,0.4,7520.0,243.5
2019-08-02T13:53:23,33.7,200.8,241.9,0.4,7520.0,243.5
2019-08-02T13:53:54,33.5,180.1,230.7,0.5,7520.0,243.5
2019-08-02T13:54:25,33.5,161.8,220.0,0.6,7520.0,243.5
2019-08-02T13:54:56,33.5,178.9,237.8,0.5,7520.0,243.5
2019-08-02T13:55:27,33.5,194.3,234.8,0.4,7530.0,243.5
2019-08-02T13:55:59,33.4,215.6,237.2,0.4,7530.0,244.4
2019-08-02T13:56:30,33.3,217.9,223.0,0.4,7530.0,244.4
2019-08-02T13:57:01,33.3,197.8,243.7,0.5,7530.0,243.5
2019-08-02T13:57:32,33.2,176.0,233.6,0.5,7530.0,243.5
2019-08-02T13:58:03,33.1,155.3,237.2,0.6,7540.0,243.5
2019-08-02T13:58:34,33.0,168.3,239.5,0.6,7540.0,243.5
2019-08-02T13:59:05,33.0,189.0,228.9,0.5,7540.0,242.5
2019-08-02T13:59:36,32.9,211.4,246.6,0.5,7540.0,243.5
2019-08-02T14:00:07,32.7,220.3,227.7,0.4,7540.0,243.5
2019-08-02T14:00:39,32.7,203.7,243.7,0.5,7550.0,243.5
2019-08-02T14:01:10,32.7,224.4,240.7,0.4,7550.0,243.5
2019-08-02T14:01:41,32.7,204.9,233.6,0.5,7550.0,242.5
2019-08-02T14:02:12,32.6,222.1,239.0,0.5,7550.0,243.5
2019-08-02T14:02:43,32.7,209.7,239.0,0.4,7550.0,243.5
2019-08-02T14:03:14,32.7,215.6,243.1,0.4,7560.0,243.5
2019-08-02T14:03:45,32.7,214.4,225.9,0.4,7560.0,243.5
2019-08-02T14:04:16,32.7,212.0,241.9,0.4,7560.0,243.5
2019-08-02T14:04:47,32.7,226.2,245.5,0.3,7560.0,244.4
2019-08-02T14:05:18,32.7,206.7,224.2,0.5,7560.0,244.4
2019-08-02T14:05:50,32.7,185.4,246.6,0.5,7560.0,246.4
2019-08-02T14:06:21,32.7,164.2,232.4,0.5,7570.0,245.4
2019-08-02T14:06:52,32.6,173.6,226.5,0.5,7570.0,245.4
2019-08-02T14:07:23,32.6,157.1,225.9,0.6,7570.0,245.4
2019-08-02T14:07:54,32.7,176.0,224.8,0.5,7570.0,246.4
2019-08-02T14:08:25,32.7,197.3,246.6,0.4,7570.0,244.4
2019-08-02T14:08:56,32.7,218.5,232.4,0.4,7580.0,244.4
2019-08-02T14:09:27,32.7,212.0,228.9,0.4,7580.0,245.4
2019-08-02T14:09:58,32.7,212.0,247.2,0.4,7580.0,245.4
2019-08-02T14:10:29,32.7,217.9,228.9,0.4,7580.0,245.4
2019-08-02T14:11:01,32.7,197.3,249.0,0.4,7580.0,243.5
2019-08-02T14:11:32,32.7,193.7,228.3,0.4,7580.0,243.5
2019-08-02T14:12:03,32.6,213.8,239.0,0.4,7590.0,243.5
2019-08-02T14:12:34,32.6,215.0,239.5,0.4,7590.0,244.4
2019-08-02T14:13:05,32.6,194.9,219.4,0.4,7590.0,243.5
2019-08-02T14:13:36,32.6,199.6,237.8,0.4,7590.0,242.5
2019-08-02T14:14:07,32.6,220.3,239.5,0.3,7590.0,242.5
2019-08-02T14:14:38,32.6,207.9,218.8,0.4,7590.0,242.5
2019-08-02T14:15:09,32.6,187.2,234.8,0.4,7600.0,242.5
2019-08-02T14:15:41,32.6,187.2,243.7,0.5,7600.0,242.5
2019-08-02T14:16:13,32.6,209.1,220.6,0.4,7600.0,242.5
2019-08-02T14:16:44,32.6,216.2,241.9,0.3,7600.0,243.5
2019-08-02T14:17:15,32.6,195.5,235.4,0.4,7600.0,243.5
2019-08-02T14:17:46,32.6,174.2,214.1,0.4,7600.0,242.5
2019-08-02T14:18:17,32.7,168.3,221.8,0.5,7610.0,244.4
2019-08-02T14:18:48,32.6,190.8,230.1,0.4,7610.0,243.5
2019-08-02T14:19:19,32.6,212.6,237.8,0.4,7610.0,244.4
2019-08-02T14:19:50,32.6,220.9,240.7,0.4,7610.0,243.5
2019-08-02T14:20:21,32.5,197.3,218.8,0.4,7610.0,244.4
2019-08-02T14:20:52,32.4,193.7,235.4,0.4,7620.0,244.4
2019-08-02T14:21:24,32.4,215.0,227.7,0.4,7620.0,243.5
2019-08-02T14:21:55,32.4,215.0,226.5,0.5,7620.0,243.5
2019-08-02T14:22:26,32.5,206.7,234.8,0.5,7620.0,243.5
2019-08-02T14:22:57,32.4,225.0,217.7,0.4,7620.0,243.5
2019-08-02T14:23:28,32.5,203.2,239.0,0.5,7630.0,243.5
2019-08-02T14:23:59,32.5,187.2,233.0,0.5,7630.0,242.5
2019-08-02T14:24:30,32.4,207.9,218.8,0.5,7630.0,244.4
2019-08-02T14:25:01,32.5,209.1,233.0,0.5,7630.0,244.4
2019-08-02T14:25:32,32.4,189.0,238.4,0.5,7630.0,243.5
2019-08-02T14:26:04,32.3,187.8,225.9,0.5,7640.0,244.4
2019-08-02T14:26:35,32.3,209.7,243.7,0.4,7640.0,243.5
2019-08-02T14:27:06,32.3,217.9,223.0,0.5,7640.0,243.5
2019-08-02T14:27:37,32.3,197.8,243.7,0.5,7640.0,244.4
2019-08-02T14:28:08,32.4,191.3,224.8,0.5,7650.0,243.5
2019-08-02T14:28:39,32.4,210.8,233.0,0.4,7650.0,244.4
2019-08-02T14:29:10,32.4,217.9,233.6,0.5,7650.0,243.5
2019-08-02T14:29:41,32.4,197.8,231.9,0.4,7650.0,244.4
2019-08-02T14:30:12,32.4,202.6,233.6,0.5,7650.0,243.5
2019-08-02T14:30:43,32.4,223.2,219.4,0.4,7660.0,244.4
2019-08-02T14:31:15,32.4,204.9,241.9,0.5,7660.0,245.4
2019-08-02T14:31:46,32.4,190.8,238.4,0.5,7660.0,244.4
2019-08-02T14:32:17,32.4,212.0,242.5,0.5,7660.0,246.4
2019-08-02T14:32:48,32.4,215.0,224.2,0.5,7670.0,244.4
2019-08-02T14:33:19,32.4,194.3,241.9,0.5,7670.0,245.4
2019-08-02T14:33:50,32.4,192.5,245.5,0.5,7670.0,246.4
2019-08-02T14:34:21,32.4,215.0,236.0,0.5,7670.0,244.4
2019-08-02T14:34:52,32.4,211.4,230.1,0.5,7670.0,245.4
2019-08-02T14:35:23,32.4,223.2,233.0,0.5,7680.0,245.4
2019-08-02T14:35:55,32.4,213.2,237.2,0.5,7680.0,244.4
2019-08-02T14:36:26,32.4,212.6,225.4,0.5,7680.0,245.4
2019-08-02T14:36:57,32.4,222.1,242.5,0.4,7680.0,244.4
2019-08-02T14:37:28,32.4,204.9,225.4,0.4,7690.0,245.4
2019-08-02T14:37:59,32.4,183.1,240.7,0.5,7690.0,243.5
2019-08-02T14:38:30,32.3,192.5,228.3,0.5,7690.0,246.4
2019-08-02T14:39:01,32.2,213.8,222.4,0.4,7690.0,244.4
2019-08-02T14:39:32,32.2,213.8,244.9,0.4,7690.0,245.4
2019-08-02T14:40:03,32.2,192.5,227.7,0.5,7700.0,245.4
2019-08-02T14:40:35,32.2,171.3,214.7,0.5,7700.0,244.4
2019-08-02T14:41:06,32.2,150.0,238.4,0.6,7700.0,244.4
2019-08-02T14:41:37,32.2,130.5,239.5,0.7,7700.0,245.4
2019-08-02T14:42:08,32.2,135.8,217.7,0.7,7700.0,244.4
2019-08-02T14:42:39,32.2,157.7,211.7,0.7,7710.0,243.5
2019-08-02T14:43:10,32.2,180.1,236.0,0.6,7710.0,243.5
2019-08-02T14:43:41,32.2,202.6,234.8,0.6,7710.0,244.4
2019-08-02T14:44:12,32.2,186.6,221.2,0.6,7710.0,245.4
2019-08-02T14:44:43,32.2,170.1,245.5,0.7,7720.0,244.4
2019-08-02T14:45:14,32.2,190.8,237.8,0.7,7720.0,245.4
2019-08-02T14:45:46,32.2,181.3,234.8,0.6,7720.0,243.5
2019-08-02T14:46:17,32.2,202.0,240.1,0.5,7720.0,243.5
2019-08-02T14:46:48,32.2,193.1,227.7,0.6,7730.0,244.4
2019-08-02T14:47:19,32.2,191.9,233.6,0.6,7730.0,244.4
2019-08-02T14:47:50,32.2,170.7,240.1,0.7,7730.0,244.4
2019-08-02T14:48:21,32.2,180.1,233.6,0.7,7730.0,244.4
2019-08-02T14:48:52,32.2,199.6,235.4,0.5,7740.0,244.4
2019-08-02T14:49:23,32.2,221.5,226.5,0.5,7740.0,244.4
2019-08-02T14:49:54,32.2,210.8,237.8,0.5,7740.0,243.5
2019-08-02T14:50:25,32.2,196.7,232.4,0.6,7740.0,243.5
2019-08-02T14:50:57,32.2,189.0,233.0,0.6,7750.0,244.4
2019-08-02T14:51:28,32.2,194.9,244.3,0.5,7750.0,245.4
2019-08-02T14:51:59,32.2,206.7,236.6,0.5,7750.0,243.5
2019-08-02T14:52:30,32.2,219.7,231.9,0.5,7750.0,244.4
2019-08-02T14:53:01,32.2,215.0,237.8,0.5,7760.0,242.5
2019-08-02T14:53:32,32.2,211.4,225.4,0.5,7760.0,242.5
2019-08-02T14:54:03,32.2,209.7,223.6,0.5,7760.0,242.5
2019-08-02T14:54:34,32.2,220.3,230.1,0.5,7760.0,244.4
2019-08-02T14:55:05,32.0,206.7,230.1,0.5,7770.0,245.4
2019-08-02T14:55:37,32.0,203.2,233.6,0.5,7770.0,245.4
2019-08-02T14:56:08,32.2,222.7,231.9,0.5,7770.0,243.5
2019-08-02T14:56:39,32.0,204.9,224.8,0.5,7770.0,242.5
2019-08-02T14:57:10,32.0,209.7,225.4,0.5,7770.0,243.5
2019-08-02T14:57:41,32.0,189.0,243.1,0.6,7780.0,242.5
2019-08-02T14:58:12,32.0,199.6,221.2,0.5,7780.0,244.4
2019-08-02T14:58:43,32.0,220.9,240.1,0.5,7780.0,245.4
2019-08-02T14:59:14,32.0,207.9,230.7,0.5,7780.0,245.4
2019-08-02T14:59:45,32.0,222.7,226.5,0.5,7790.0,244.4
2019-08-02T15:00:16,32.0,214.4,221.8,0.6,7790.0,244.4
2019-08-02T15:00:48,32.0,213.8,236.6,0.6,7790.0,244.4
2019-08-02T15:01:19,32.0,212.6,220.0,0.5,7790.0,245.4
2019-08-02T15:01:50,32.0,213.2,241.9,0.6,7800.0,245.4
2019-08-02T15:02:21,32.0,215.0,230.7,0.6,7800.0,245.4
2019-08-02T15:02:52,32.0,194.3,229.5,0.5,7800.0,245.4
2019-08-02T15:03:23,32.0,191.3,241.3,0.5,7800.0,245.4
2019-08-02T15:03:54,32.0,213.8,220.0,0.6,7810.0,245.4
2019-08-02T15:04:25,32.0,218.5,233.6,0.6,7810.0,245.4
2019-08-02T15:04:56,32.0,197.3,239.5,0.6,7810.0,245.4
2019-08-02T15:05:27,32.0,186.6,221.2,0.6,7810.0,245.4
2019-08-02T15:05:59,32.0,209.1,243.7,0.5,7820.0,244.4
2019-08-02T15:06:30,32.0,219.7,228.3,0.5,7820.0,244.4
2019-08-02T15:07:01,32.0,217.3,225.4,0.5,7820.0,243.5
2019-08-02T15:07:32,32.0,207.3,233.0,0.6,7820.0,244.4
2019-08-02T15:08:03,32.0,223.8,239.0,0.6,7830.0,245.4
2019-08-02T15:08:34,32.0,204.9,218.8,0.5,7830.0,244.4
2019-08-02T15:09:05,32.0,226.8,215.9,0.5,7830.0,244.4
2019-08-02T15:09:36,32.0,207.9,214.7,0.6,7830.0,244.4
2019-08-02T15:10:07,32.0,214.4,240.1,0.5,7840.0,244.4
2019-08-02T15:10:39,32.0,197.8,235.4,0.6,7840.0,244.4
2019-08-02T15:11:10,31.9,219.7,237.8,0.5,7840.0,246.4
2019-08-02T15:11:41,32.0,218.5,214.7,0.6,7850.0,243.5
2019-08-02T15:12:12,32.0,228.6,197.0,0.6,7850.0,245.4
2019-08-02T15:12:43,32.0,211.4,179.2,0.7,7850.0,247.3
2019-08-02T15:13:14,32.0,189.0,160.9,0.8,7860.0,246.4
2019-08-02T15:13:45,32.0,202.0,193.4,0.6,7860.0,247.3
2019-08-02T15:14:16,32.0,215.0,220.0,0.6,7860.0,247.3
2019-08-02T15:14:47,32.0,236.8,240.1,0.7,7870.0,247.3
2019-08-02T15:15:18,32.0,216.2,231.9,0.7,7880.0,247.3
2019-08-02T15:15:50,32.0,232.7,244.9,0.6,7880.0,246.4
2019-08-02T15:16:22,32.0,219.1,231.9,0.7,7890.0,247.3
2019-08-02T15:16:53,32.0,199.6,221.2,0.8,7890.0,248.3
2019-08-02T15:17:24,32.0,202.0,252.6,0.8,7900.0,249.3
2019-08-02T15:17:55,32.2,225.0,230.1,0.8,7910.0,247.3
2019-08-02T15:18:26,32.2,232.1,236.6,0.7,7920.0,248.3
2019-08-02T15:18:57,32.2,230.9,238.4,0.6,7920.0,248.3
2019-08-02T15:19:28,32.2,225.6,237.2,0.6,7930.0,247.3
2019-08-02T15:19:59,32.2,205.5,224.8,0.6,7930.0,246.4
2019-08-02T15:20:30,32.2,221.5,244.3,0.6,7940.0,247.3
2019-08-02T15:21:01,32.3,219.7,232.4,0.5,7940.0,247.3
2019-08-02T15:21:32,32.3,196.1,192.8,0.7,7950.0,247.3
2019-08-02T15:22:03,32.3,176.0,191.6,0.7,7950.0,248.3
2019-08-02T15:22:34,32.3,188.4,217.7,0.6,7960.0,247.3
2019-08-02T15:23:05,32.3,209.1,232.4,0.6,7960.0,247.3
2019-08-02T15:23:36,32.3,230.9,228.3,0.6,7970.0,247.3
2019-08-02T15:24:07,32.3,208.5,244.3,0.6,7970.0,247.3
2019-08-02T15:24:38,32.3,230.3,223.6,0.5,7980.0,247.3
2019-08-02T15:25:09,32.3,211.4,235.4,0.6,7980.0,247.3
2019-08-02T15:25:41,32.3,229.7,225.9,0.5,7980.0,246.4
2019-08-02T15:26:12,32.3,209.7,234.8,0.6,7990.0,247.3
2019-08-02T15:26:43,32.4,210.8,234.2,0.6,7990.0,247.3
2019-08-02T15:27:14,32.4,226.2,234.2,0.5,8000.0,248.3
2019-08-02T15:27:45,32.4,219.1,235.4,0.6,8000.0,246.4
2019-08-02T15:28:16,32.4,218.5,230.1,0.6,8010.0,246.4
2019-08-02T15:28:47,32.4,218.5,241.9,0.5,8010.0,247.3
2019-08-02T15:29:18,32.4,215.0,233.6,0.5,8010.0,246.4
2019-08-02T15:29:49,32.4,220.3,223.0,0.5,8020.0,245.4
2019-08-02T15:30:20,32.4,220.3,244.9,0.6,8020.0,245.4
2019-08-02T15:30:52,32.4,212.6,227.7,0.6,8030.0,245.4
2019-08-02T15:31:23,32.4,204.9,222.4,0.6,8030.0,245.4
2019-08-02T15:31:54,32.4,226.2,235.4,0.5,8030.0,246.4
2019-08-02T15:32:25,32.4,212.0,230.7,0.5,8040.0,246.4
2019-08-02T15:32:56,32.4,216.2,240.1,0.6,8040.0,246.4
2019-08-02T15:33:27,32.4,228.0,231.3,0.6,8050.0,246.4
2019-08-02T15:33:58,32.4,229.2,230.7,0.5,8050.0,246.4
2019-08-02T15:34:29,32.4,216.2,233.0,0.6,8060.0,246.4
2019-08-02T15:35:00,32.4,215.0,237.2,0.6,8060.0,246.4
2019-08-02T15:35:32,32.4,220.9,235.4,0.7,8060.0,246.4
2019-08-02T15:36:03,32.5,216.2,234.2,0.6,8070.0,247.3
2019-08-02T15:36:34,32.5,215.6,241.3,0.6,8070.0,245.4
2019-08-02T15:37:05,32.5,222.1,242.5,0.6,8080.0,246.4
2019-08-02T15:37:36,32.5,207.3,232.4,0.6,8080.0,246.4
2019-08-02T15:38:07,32.5,225.6,228.9,0.5,8080.0,246.4
2019-08-02T15:38:38,32.5,216.2,232.4,0.6,8090.0,245.4
2019-08-02T15:39:09,32.5,209.7,223.6,0.6,8090.0,245.4
2019-08-02T15:39:40,32.5,220.3,204.6,0.6,8090.0,246.4
2019-08-02T15:40:11,32.5,200.2,232.4,0.6,8100.0,246.4
2019-08-02T15:40:43,32.5,204.9,236.0,0.7,8100.0,245.4
2019-08-02T15:41:14,32.5,213.2,240.7,0.6,8110.0,245.4
2019-08-02T15:41:45,32.5,220.9,245.5,0.6,8110.0,245.4
2019-08-02T15:42:16,32.5,211.4,236.6,0.6,8110.0,246.4
2019-08-02T15:42:47,32.5,219.1,235.4,0.6,8120.0,247.3
2019-08-02T15:43:18,32.5,215.0,236.6,0.6,8120.0,245.4
2019-08-02T15:43:49,32.5,215.0,237.8,0.6,8120.0,245.4
2019-08-02T15:44:20,32.5,210.8,239.5,0.6,8130.0,246.4
2019-08-02T15:44:51,32.5,216.2,230.7,0.6,8130.0,246.4
2019-08-02T15:45:22,32.5,210.2,230.7,0.6,8130.0,246.4
2019-08-02T15:45:54,32.5,223.2,242.5,0.5,8140.0,246.4
2019-08-02T15:46:25,32.5,201.4,229.5,0.6,8140.0,246.4
2019-08-02T15:46:56,32.5,215.6,236.0,0.6,8150.0,246.4
2019-08-02T15:47:27,32.5,210.2,241.9,0.6,8150.0,245.4
2019-08-02T15:47:58,32.5,209.1,221.8,0.6,8150.0,246.4
2019-08-02T15:48:29,32.5,216.7,213.5,0.6,8150.0,247.3
2019-08-02T15:49:00,32.5,194.3,244.9,0.7,8160.0,246.4
2019-08-02T15:49:31,32.5,202.0,238.4,0.8,8160.0,247.3
2019-08-02T15:50:03,32.5,223.8,244.9,0.7,8170.0,247.3
2019-08-02T15:50:34,32.5,211.4,232.4,0.7,8170.0,246.4
2019-08-02T15:51:06,32.5,216.2,228.9,0.8,8180.0,247.3
2019-08-02T15:51:37,32.5,217.9,247.8,0.8,8180.0,247.3
2019-08-02T15:52:08,32.5,208.5,230.7,0.7,8180.0,246.4
2019-08-02T15:52:39,32.5,228.6,233.6,0.6,8190.0,247.3
2019-08-02T15:53:10,32.5,210.2,234.8,0.7,8190.0,246.4
2019-08-02T15:53:41,32.5,209.7,237.8,0.7,8200.0,246.4
2019-08-02T15:54:12,32.5,226.8,239.0,0.7,8200.0,246.4
2019-08-02T15:54:43,32.6,215.0,233.6,0.7,8210.0,247.3
2019-08-02T15:55:14,32.5,217.3,230.7,0.7,8210.0,244.4
2019-08-02T15:55:45,32.5,222.1,239.0,0.6,8210.0,244.4
2019-08-02T15:56:17,32.6,219.1,232.4,0.6,8220.0,243.5
2019-08-02T15:56:48,32.5,215.6,232.4,0.6,8220.0,243.5
2019-08-02T15:57:19,32.5,210.8,225.4,0.6,8220.0,243.5
2019-08-02T15:57:50,32.5,215.6,242.5,0.6,8230.0,243.5
2019-08-02T15:58:21,32.5,215.0,222.4,0.6,8230.0,245.4
2019-08-02T15:58:52,32.5,213.2,236.0,0.5,8230.0,243.5
2019-08-02T15:59:23,32.5,217.3,227.7,0.5,8240.0,244.4
2019-08-02T15:59:54,32.5,220.9,230.7,0.5,8240.0,244.4
2019-08-02T16:00:25,32.5,207.9,234.8,0.5,8240.0,244.4
2019-08-02T16:00:56,32.5,220.9,233.6,0.4,8250.0,244.4
2019-08-02T16:01:28,32.5,216.7,230.1,0.4,8250.0,244.4
2019-08-02T16:01:59,32.5,222.7,234.8,0.4,8250.0,245.4
2019-08-02T16:02:30,32.5,217.3,233.0,0.3,8250.0,243.5
2019-08-02T16:03:01,32.5,201.4,231.9,0.3,8260.0,243.5
2019-08-02T16:03:32,32.5,210.2,221.8,0.3,8260.0,243.5
2019-08-02T16:04:03,32.5,189.0,227.1,0.2,8260.0,244.4
2019-08-02T16:04:34,32.5,177.2,214.7,0.3,8260.0,243.5
2019-08-02T16:05:05,32.4,197.8,235.4,0.3,8260.0,242.5
2019-08-02T16:05:36,32.4,217.3,223.6,0.2,8260.0,242.5
2019-08-02T16:06:08,32.4,194.9,225.9,0.2,8260.0,242.5
2019-08-02T16:06:39,32.4,173.6,234.2,0.2,8260.0,242.5
2019-08-02T16:07:10,32.3,194.9,220.0,0.2,8260.0,242.5
2019-08-02T16:07:41,32.3,213.8,217.1,0.2,8260.0,242.5
2019-08-02T16:08:12,32.3,195.5,230.1,0.2,8260.0,242.5
2019-08-02T16:08:43,32.3,176.0,208.8,0.2,8260.0,241.5
2019-08-02T16:09:14,32.3,178.9,225.4,0.2,8260.0,242.5
2019-08-02T16:09:45,32.3,199.6,218.8,0.1,8270.0,243.5
2019-08-02T16:10:16,32.2,207.3,207.0,0.1,8270.0,242.5
2019-08-02T16:10:47,32.2,185.4,227.1,0.1,8270.0,243.5
2019-08-02T16:11:19,32.2,189.0,214.7,0.1,8270.0,243.5
2019-08-02T16:11:50,32.0,210.2,206.4,0.0,8270.0,243.5
2019-08-02T16:12:21,32.0,190.2,225.4,0.1,8270.0,243.5
2019-08-02T16:12:52,32.0,168.9,211.2,0.1,8270.0,243.5
2019-08-02T16:13:23,32.0,192.5,190.4,0.0,8270.0,243.5
2019-08-02T16:13:54,31.9,209.7,192.2,0.1,8270.0,244.4
2019-08-02T16:14:25,31.9,185.4,217.1,0.1,8270.0,245.4
2019-08-02T16:14:56,31.9,166.5,231.9,0.1,8270.0,243.5
2019-08-02T16:15:27,31.9,152.4,216.5,0.1,8270.0,243.5
2019-08-02T16:15:58,31.9,170.7,198.7,0.1,8270.0,243.5
2019-08-02T16:16:30,31.8,194.9,173.9,0.1,8270.0,243.5
2019-08-02T16:17:01,31.8,207.9,154.4,0.0,8270.0,243.5
2019-08-02T16:17:32,31.8,191.3,133.1,0.1,8270.0,243.5
2019-08-02T16:18:03,31.7,165.4,129.5,0.1,8270.0,243.5
2019-08-02T16:18:34,31.7,147.0,148.4,0.1,8270.0,243.5
2019-08-02T16:19:05,31.7,125.8,170.3,0.1,8270.0,243.5
2019-08-02T16:19:36,31.6,119.9,189.9,0.1,8270.0,243.5
2019-08-02T16:20:07,31.5,140.5,211.2,0.1,8270.0,243.5
2019-08-02T16:20:39,31.5,161.2,234.2,0.1,8270.0,243.5
2019-08-02T16:21:10,31.4,181.9,210.0,0.1,8270.0,243.5
2019-08-02T16:21:41,31.2,206.1,194.6,0.0,8270.0,243.5
2019-08-02T16:22:12,31.2,195.5,170.9,0.0,8270.0,242.5
2019-08-02T16:22:43,31.2,176.6,150.2,0.1,8270.0,243.5
2019-08-02T16:23:14,31.1,153.5,140.8,0.1,8270.0,242.5
2019-08-02T16:23:45,31.1,133.5,159.7,0.1,8270.0,242.5
2019-08-02T16:24:16,31.1,112.8,180.4,0.1,8270.0,243.5
2019-08-02T16:24:47,31.0,124.0,205.2,0.1,8270.0,243.5
2019-08-02T16:25:18,31.0,144.7,220.0,0.1,8270.0,241.5
2019-08-02T16:25:50,30.9,165.9,234.8,0.1,8270.0,242.5
2019-08-02T16:26:21,30.9,183.7,218.3,0.1,8270.0,243.5
2019-08-02T16:26:52,30.8,205.5,191.6,0.1,8270.0,242.5
2019-08-02T16:27:23,30.8,200.2,171.5,0.0,8270.0,242.5
2019-08-02T16:27:54,30.7,178.3,153.8,0.1,8270.0,241.5
2019-08-02T16:28:25,30.7,158.9,131.3,0.1,8270.0,242.5
2019-08-02T16:28:56,30.7,138.2,149.6,0.1,8270.0,242.5
2019-08-02T16:29:27,30.5,118.7,169.1,0.1,8270.0,242.5
2019-08-02T16:29:58,30.5,105.7,195.2,0.1,8270.0,242.5
2019-08-02T16:30:29,30.4,127.0,214.7,0.1,8270.0,242.5
2019-08-02T16:31:01,30.4,147.6,234.2,0.1,8270.0,243.5
2019-08-02T16:31:32,30.4,169.5,223.6,0.0,8270.0,242.5
2019-08-02T16:32:03,30.3,187.2,199.9,0.0,8270.0,242.5
2019-08-02T16:32:34,30.3,211.4,181.6,0.0,8270.0,242.5
2019-08-02T16:33:05,30.3,192.5,160.3,0.1,8270.0,240.6
2019-08-02T16:33:36,30.2,170.7,137.8,0.1,8270.0,241.5
2019-08-02T16:34:07,30.2,152.9,143.7,0.1,8270.0,240.6
2019-08-02T16:34:38,30.2,132.3,163.8,0.1,8270.0,240.6
2019-08-02T16:35:09,30.2,111.0,184.5,0.1,8270.0,240.6
2019-08-02T16:35:40,30.1,112.8,204.1,0.1,8270.0,240.6
2019-08-02T16:36:12,30.1,134.6,230.7,0.1,8270.0,241.5
2019-08-02T16:36:43,30.1,154.1,231.9,0.1,8270.0,240.6
2019-08-02T16:37:14,30.1,172.4,209.4,0.1,8270.0,239.6
2019-08-02T16:37:45,29.7,196.7,184.5,0.0,8270.0,240.6
2019-08-02T16:38:16,29.7,210.8,166.8,0.0,8270.0,240.6
2019-08-02T16:38:47,29.7,189.6,146.7,0.1,8270.0,240.6
2019-08-02T16:39:18,29.4,167.7,163.8,0.1,8270.0,240.6
2019-08-02T16:39:49,29.4,146.4,180.4,0.1,8270.0,239.6
2019-08-02T16:40:20,29.4,124.6,207.0,0.1,8270.0,240.6
2019-08-02T16:40:52,29.4,103.3,227.7,0.1,8270.0,240.6
2019-08-02T16:41:23,29.0,124.6,221.2,0.1,8270.0,241.5
2019-08-02T16:41:54,29.0,144.7,199.9,0.1,8270.0,242.5
2019-08-02T16:42:25,29.0,167.7,178.0,0.0,8270.0,243.5
2019-08-02T16:42:56,29.0,184.8,160.3,0.1,8270.0,242.5
2019-08-02T16:43:27,28.6,208.5,139.6,0.0,8270.0,241.5
2019-08-02T16:43:58,28.6,199.0,124.8,0.1,8270.0,241.5
2019-08-02T16:44:29,28.6,174.2,146.1,0.1,8270.0,242.5
2019-08-02T16:45:00,28.6,155.3,165.0,0.1,8270.0,241.5
2019-08-02T16:45:32,28.3,133.5,189.3,0.1,8270.0,241.5
2019-08-02T16:46:03,28.3,113.4,205.8,0.1,8270.0,241.5
2019-08-02T16:46:34,28.3,111.6,227.7,0.1,8270.0,242.5
2019-08-02T16:47:05,28.3,131.7,234.2,0.1,8270.0,242.5
2019-08-02T16:47:36,28.3,151.8,211.7,0.1,8270.0,243.5
2019-08-02T16:48:07,27.9,173.6,191.6,0.1,8270.0,242.5
2019-08-02T16:48:38,27.9,192.5,171.5,0.1,8270.0,242.5
2019-08-02T16:49:09,27.9,203.2,191.6,0.1,8270.0,242.5
2019-08-02T16:49:40,27.9,180.7,211.2,0.1,8270.0,242.5
2019-08-02T16:50:11,27.9,160.6,234.2,0.1,8270.0,241.5
2019-08-02T16:50:43,27.5,140.0,223.6,0.1,8270.0,242.5
2019-08-02T16:51:14,27.5,150.0,203.5,0.1,8270.0,242.5
2019-08-02T16:51:45,27.5,170.1,182.2,0.1,8270.0,242.5
2019-08-02T16:52:16,27.5,190.2,162.6,0.1,8270.0,242.5
2019-08-02T16:52:47,27.5,206.7,152.0,0.0,8270.0,243.5
2019-08-02T16:53:18,27.2,184.8,172.7,0.1,8280.0,242.5
2019-08-02T16:53:49,27.2,164.8,192.8,0.0,8280.0,243.5
2019-08-02T16:54:20,27.2,145.9,212.3,0.1,8280.0,243.5
2019-08-02T16:54:51,27.2,125.2,235.4,0.1,8280.0,242.5
2019-08-02T16:55:22,27.2,136.4,224.2,0.1,8280.0,241.5
2019-08-02T16:55:54,26.8,157.7,202.9,0.1,8280.0,242.5
2019-08-02T16:56:25,26.8,177.8,181.6,0.1,8280.0,243.5
2019-08-02T16:56:56,26.8,200.2,162.6,0.0,8280.0,243.5
2019-08-02T16:57:27,26.8,202.6,140.8,0.1,8280.0,241.5
2019-08-02T16:57:58,26.8,176.0,147.3,0.1,8280.0,242.5
2019-08-02T16:58:29,26.8,158.3,167.4,0.1,8280.0,243.5
2019-08-02T16:59:00,26.4,137.0,188.7,0.1,8280.0,243.5
2019-08-02T16:59:31,26.4,140.5,209.4,0.1,8280.0,243.5
2019-08-02T17:00:02,26.4,160.6,229.5,0.1,8280.0,242.5
2019-08-02T17:00:34,26.4,180.7,222.4,0.0,8280.0,243.5
2019-08-02T17:01:05,26.4,202.6,199.9,0.1,8280.0,243.5
2019-08-02T17:01:36,26.1,193.7,181.6,0.1,8280.0,243.5
2019-08-02T17:02:07,26.1,173.6,159.7,0.1,8280.0,242.5
2019-08-02T17:02:38,26.1,151.8,144.3,0.1,8280.0,242.5
2019-08-02T17:03:09,26.1,131.1,165.6,0.1,8280.0,244.4
2019-08-02T17:03:40,26.1,141.1,187.5,0.1,8280.0,243.5
2019-08-02T17:04:11,26.1,160.0,206.4,0.1,8280.0,243.5
2019-08-02T17:04:42,26.1,178.3,225.4,0.1,8280.0,242.5
2019-08-02T17:05:13,26.1,204.9,239.5,0.0,8280.0,242.5
2019-08-02T17:05:45,25.7,193.1,216.5,0.0,8280.0,242.5
2019-08-02T17:06:16,25.7,169.5,198.1,0.1,8280.0,244.4
2019-08-02T17:06:47,25.7,149.4,178.0,0.1,8280.0,242.5
2019-08-02T17:07:18,25.7,130.5,156.7,0.1,8280.0,242.5
2019-08-02T17:07:49,25.7,107.5,134.2,0.2,8280.0,243.5
2019-08-02T17:08:20,25.7,117.5,113.5,0.2,8280.0,242.5
2019-08-02T17:08:51,25.7,139.4,110.6,0.3,8280.0,242.5
2019-08-02T17:09:22,25.3,159.4,130.1,0.2,8280.0,242.5
2019-08-02T17:09:53,25.3,164.8,136.0,0.1,8280.0,242.5
2019-08-02T17:10:24,25.3,178.3,139.0,0.1,8280.0,242.5
2019-08-02T17:10:56,25.3,167.1,143.7,0.1,8280.0,242.5
2019-08-02T17:11:27,25.3,147.0,163.8,0.1,8280.0,241.5
2019-08-02T17:11:58,25.3,126.4,182.8,0.1,8280.0,242.5
2019-08-02T17:12:29,25.3,142.9,208.8,0.1,8280.0,243.5
2019-08-02T17:13:00,25.3,162.4,224.8,0.1,8280.0,242.5
2019-08-02T17:13:31,25.0,183.1,227.1,0.0,8280.0,241.5
2019-08-02T17:14:02,25.0,198.4,234.2,0.0,8280.0,239.6
2019-08-02T17:14:33,25.0,197.3,216.5,0.0,8280.0,239.6
2019-08-02T17:15:04,24.6,196.7,212.3,0.0,8280.0,239.6
2019-08-02T17:15:36,24.6,196.1,210.0,0.0,8280.0,238.6
2019-08-02T17:16:07,24.6,196.1,208.8,0.0,8280.0,239.6
2019-08-02T17:16:38,24.6,196.1,208.2,0.0,8280.0,238.6
2019-08-02T17:17:09,24.2,196.1,207.0,0.0,8280.0,240.6
2019-08-02T17:17:40,24.2,196.1,206.4,0.0,8280.0,239.6
2019-08-02T17:18:11,24.2,195.5,204.1,0.0,8280.0,239.6
2019-08-02T17:18:42,24.2,194.9,202.3,0.0,8280.0,239.6
2019-08-02T17:19:13,24.2,170.7,203.5,0.0,8280.0,239.6
2019-08-02T17:19:44,24.2,189.6,189.9,0.0,8280.0,240.6
2019-08-02T17:20:15,23.9,185.4,185.7,0.0,8280.0,241.5
2019-08-02T17:20:47,23.9,178.9,179.2,0.0,8280.0,241.5
2019-08-02T17:21:18,23.9,163.0,168.6,0.0,8280.0,238.6
2019-08-02T17:21:49,23.9,79.7,155.5,0.0,8280.0,241.5
2019-08-02T17:22:20,23.9,115.7,115.9,0.0,8280.0,239.6
