2019-08-08T07:35:30,15.8,156.5,251.4,0.8,80.0,244.4
2019-08-08T07:36:02,16.2,182.5,237.8,0.7,80.0,244.4
2019-08-08T07:36:33,16.2,195.5,253.7,0.7,80.0,245.4
2019-08-08T07:37:04,16.2,191.9,255.5,0.8,90.0,245.4
2019-08-08T07:37:35,16.2,168.9,232.4,0.9,90.0,246.4
2019-08-08T07:38:06,16.5,157.1,220.0,1.0,90.0,245.4
2019-08-08T07:38:37,16.5,166.5,207.6,1.0,90.0,245.4
2019-08-08T07:39:08,16.5,189.6,225.4,0.9,100.0,248.3
2019-08-08T07:39:39,16.5,178.9,249.6,1.1,100.0,247.3
2019-08-08T07:40:10,16.9,170.7,241.3,1.0,100.0,247.3
2019-08-08T07:40:41,16.9,192.5,248.4,1.0,110.0,247.3
2019-08-08T07:41:13,16.9,181.3,237.8,1.1,110.0,247.3
2019-08-08T07:41:44,16.9,164.8,243.7,1.1,110.0,246.4
2019-08-08T07:42:15,16.9,171.3,246.6,1.3,120.0,246.4
2019-08-08T07:42:46,16.9,180.7,246.6,1.1,120.0,247.3
2019-08-08T07:43:17,17.3,193.1,238.4,1.1,130.0,247.3
2019-08-08T07:43:48,17.3,189.6,246.6,1.1,130.0,247.3
2019-08-08T07:44:19,17.3,180.7,246.1,1.2,130.0,247.3
2019-08-08T07:44:50,17.3,181.9,243.7,1.0,140.0,247.3
2019-08-08T07:45:21,17.3,186.6,240.1,0.8,140.0,246.4
2019-08-08T07:45:53,17.3,171.3,249.6,0.7,140.0,247.3
2019-08-08T07:46:24,17.6,193.7,228.3,0.8,140.0,245.4
2019-08-08T07:46:55,17.6,178.9,243.7,0.9,150.0,246.4
2019-08-08T07:47:26,17.6,190.8,230.7,0.5,150.0,245.4
2019-08-08T07:47:57,17.6,213.2,214.1,0.7,150.0,245.4
2019-08-08T07:48:28,17.6,225.6,226.5,0.5,150.0,245.4
2019-08-08T07:48:59,18.0,208.5,247.8,0.5,160.0,245.4
2019-08-08T07:49:30,18.0,221.5,231.3,0.5,160.0,245.4
2019-08-08T07:50:01,18.0,215.6,239.0,0.5,160.0,245.4
2019-08-08T07:50:33,18.0,213.8,237.8,0.4,160.0,245.4
2019-08-08T07:51:04,18.4,222.1,245.5,0.4,160.0,245.4
2019-08-08T07:51:35,18.4,202.0,227.7,0.4,170.0,244.4
2019-08-08T07:52:06,18.4,180.7,239.5,0.5,170.0,244.4
2019-08-08T07:52:37,18.4,157.7,260.8,0.6,170.0,245.4
2019-08-08T07:53:08,18.7,148.8,250.8,0.6,170.0,246.4
2019-08-08T07:53:39,18.7,143.5,230.7,0.6,170.0,246.4
2019-08-08T07:54:10,18.7,154.7,250.8,0.6,170.0,246.4
2019-08-08T07:54:41,18.7,175.4,237.2,0.5,180.0,246.4
2019-08-08T07:55:12,18.7,195.5,244.9,0.4,180.0,246.4
2019-08-08T07:55:44,18.7,219.7,261.4,0.5,180.0,244.4
2019-08-08T07:56:15,18.7,223.2,237.2,0.4,180.0,243.5
2019-08-08T07:56:46,19.1,197.8,234.2,0.7,180.0,244.4
2019-08-08T07:57:17,19.5,176.6,246.1,1.2,190.0,244.4
2019-08-08T07:57:48,19.1,184.8,251.4,1.0,190.0,243.5
2019-08-08T07:58:19,19.1,182.5,246.6,0.5,190.0,245.4
2019-08-08T07:58:50,19.5,154.7,214.1,1.0,190.0,246.4
2019-08-08T07:59:21,19.5,130.5,224.8,1.3,200.0,246.4
2019-08-08T07:59:52,19.5,128.7,256.1,1.5,200.0,247.3
2019-08-08T08:00:23,19.5,137.6,254.9,1.1,210.0,247.3
2019-08-08T08:00:55,19.5,161.8,230.1,1.3,210.0,246.4
2019-08-08T08:01:26,19.8,187.2,224.8,1.3,210.0,246.4
2019-08-08T08:01:57,19.8,192.5,241.9,1.1,220.0,245.4
2019-08-08T08:02:28,19.8,194.3,255.5,1.0,220.0,244.4
2019-08-08T08:02:59,19.8,206.1,255.5,1.0,220.0,244.4
2019-08-08T08:03:30,19.8,219.1,230.7,0.9,230.0,246.4
2019-08-08T08:04:01,20.2,225.0,232.4,0.7,230.0,244.4
2019-08-08T08:04:32,20.2,218.5,247.8,0.8,240.0,246.4
2019-08-08T08:05:03,20.2,222.7,253.7,0.9,240.0,245.4
2019-08-08T08:05:35,20.2,205.5,238.4,1.0,240.0,246.4
2019-08-08T08:06:06,20.6,229.2,225.9,1.1,250.0,248.3
2019-08-08T08:06:37,20.6,214.4,250.8,1.1,250.0,247.3
2019-08-08T08:07:08,20.6,231.5,243.7,1.1,260.0,247.3
2019-08-08T08:07:39,20.6,228.0,238.4,1.1,260.0,248.3
2019-08-08T08:08:10,20.6,218.5,252.0,1.1,270.0,249.3
2019-08-08T08:08:41,20.9,197.8,240.7,1.2,270.0,248.3
2019-08-08T08:09:12,20.9,173.6,219.4,1.5,280.0,248.3
2019-08-08T08:09:43,20.9,152.9,198.7,1.8,280.0,250.2
2019-08-08T08:10:14,20.9,158.9,211.2,1.8,290.0,249.3
2019-08-08T08:10:46,20.9,183.1,239.5,1.5,290.0,249.3
2019-08-08T08:11:17,21.3,193.7,250.8,1.5,300.0,249.3
2019-08-08T08:11:48,20.9,192.5,248.4,1.3,300.0,250.2
2019-08-08T08:12:19,21.3,180.7,250.2,1.4,310.0,248.3
2019-08-08T08:12:50,21.3,191.9,236.0,1.3,310.0,249.3
2019-08-08T08:13:21,21.3,190.2,243.7,1.0,320.0,249.3
2019-08-08T08:13:52,21.3,194.3,251.4,0.9,320.0,248.3
2019-08-08T08:14:23,21.3,225.0,256.7,1.1,330.0,248.3
2019-08-08T08:14:54,21.3,227.4,244.3,0.9,330.0,248.3
2019-08-08T08:15:25,21.3,222.1,241.3,0.5,330.0,247.3
2019-08-08T08:15:57,21.3,218.5,239.5,0.3,340.0,248.3
2019-08-08T08:16:28,21.3,206.7,216.5,0.4,340.0,247.3
2019-08-08T08:16:59,20.9,216.2,224.8,0.4,340.0,246.4
2019-08-08T08:17:30,21.3,216.2,227.7,0.3,340.0,246.4
2019-08-08T08:18:01,20.9,208.5,231.3,0.2,340.0,245.4
2019-08-08T08:18:32,20.9,213.8,241.9,0.2,340.0,247.3
2019-08-08T08:19:03,20.9,201.4,228.9,0.2,340.0,246.4
2019-08-08T08:19:34,20.9,224.4,253.7,0.3,340.0,246.4
2019-08-08T08:20:05,20.9,219.7,252.0,0.4,350.0,246.4
2019-08-08T08:20:37,20.9,202.0,228.3,0.5,350.0,246.4
2019-08-08T08:21:08,21.3,171.3,195.8,1.1,350.0,247.3
2019-08-08T08:21:39,21.3,165.9,195.2,1.2,350.0,246.4
2019-08-08T08:22:10,21.3,171.3,205.8,1.0,360.0,246.4
2019-08-08T08:22:41,21.3,191.9,232.4,1.1,360.0,247.3
2019-08-08T08:23:12,21.7,210.2,247.8,1.0,360.0,248.3
2019-08-08T08:23:43,21.3,206.7,247.8,1.0,370.0,248.3
2019-08-08T08:24:14,21.3,203.7,244.3,0.9,370.0,247.3
2019-08-08T08:24:45,20.9,196.7,240.7,0.9,380.0,247.3
2019-08-08T08:25:16,20.9,218.5,239.0,0.9,380.0,247.3
2019-08-08T08:25:48,21.3,220.3,240.1,0.9,380.0,248.3
2019-08-08T08:26:19,21.3,222.1,246.1,0.9,390.0,246.4
2019-08-08T08:26:50,21.7,219.7,244.3,0.7,390.0,247.3
2019-08-08T08:27:21,21.7,221.5,259.7,0.8,390.0,249.3
2019-08-08T08:27:52,21.7,228.0,237.8,0.8,400.0,248.3
2019-08-08T08:28:23,21.3,224.4,251.4,0.8,400.0,246.4
2019-08-08T08:28:54,21.3,226.8,241.9,0.8,410.0,248.3
2019-08-08T08:29:25,21.7,222.7,263.2,1.0,410.0,249.3
2019-08-08T08:29:56,21.7,228.0,254.3,0.9,410.0,248.3
2019-08-08T08:30:27,21.7,220.9,241.9,1.1,420.0,249.3
2019-08-08T08:30:59,21.7,198.4,249.6,1.3,420.0,249.3
2019-08-08T08:31:30,21.7,180.7,236.0,1.1,430.0,249.3
2019-08-08T08:32:01,21.7,175.4,243.1,0.9,430.0,247.3
2019-08-08T08:32:32,21.7,148.8,262.6,1.2,440.0,247.3
2019-08-08T08:33:03,21.7,135.2,234.8,1.3,440.0,248.3
2019-08-08T08:33:34,22.0,111.6,205.8,1.9,440.0,248.3
2019-08-08T08:34:05,22.0,121.0,181.0,2.2,450.0,249.3
2019-08-08T08:34:36,21.7,154.7,163.8,2.4,450.0,249.3
2019-08-08T08:35:07,21.7,183.7,197.5,2.2,460.0,248.3
2019-08-08T08:35:39,21.7,165.4,231.9,2.4,470.0,250.2
2019-08-08T08:36:10,21.7,170.7,251.4,2.5,480.0,251.2
2019-08-08T08:36:41,21.7,168.9,248.4,2.7,490.0,250.2
2019-08-08T08:37:12,22.4,177.2,244.3,3.5,500.0,252.2
2019-08-08T08:37:43,22.4,182.5,247.2,2.8,510.0,251.2
2019-08-08T08:38:14,22.4,184.8,248.4,1.5,520.0,249.3
2019-08-08T08:38:45,22.8,201.4,234.8,1.2,520.0,248.3
2019-08-08T08:39:16,22.8,187.8,246.6,1.5,530.0,248.3
2019-08-08T08:39:47,23.1,163.0,219.4,1.8,530.0,248.3
2019-08-08T08:40:18,23.1,173.6,225.9,1.3,540.0,248.3
2019-08-08T08:40:50,23.1,189.6,236.6,1.1,540.0,248.3
2019-08-08T08:41:21,23.5,198.4,236.0,1.0,550.0,248.3
2019-08-08T08:41:52,23.5,198.4,239.5,1.1,550.0,248.3
2019-08-08T08:42:23,23.9,180.1,249.0,1.1,560.0,248.3
2019-08-08T08:42:54,23.9,194.3,239.5,1.0,560.0,247.3
2019-08-08T08:43:25,23.9,174.2,247.8,1.2,560.0,247.3
2019-08-08T08:43:56,24.2,176.0,233.6,1.2,570.0,248.3
2019-08-08T08:44:27,24.2,179.5,235.4,1.1,570.0,249.3
2019-08-08T08:44:58,23.9,184.8,244.9,1.1,580.0,248.3
2019-08-08T08:45:29,24.2,164.8,236.6,1.2,580.0,248.3
2019-08-08T08:46:01,24.2,183.1,241.9,1.2,590.0,246.4
2019-08-08T08:46:32,24.6,183.7,242.5,1.2,590.0,246.4
2019-08-08T08:47:03,24.6,202.6,243.7,1.2,600.0,245.4
2019-08-08T08:47:34,24.6,206.1,246.1,1.1,600.0,248.3
2019-08-08T08:48:05,25.0,203.7,236.6,1.3,610.0,249.3
2019-08-08T08:48:36,24.6,219.1,244.9,1.1,610.0,248.3
2019-08-08T08:49:07,24.6,222.1,242.5,1.1,620.0,249.3
2019-08-08T08:49:38,24.6,222.1,239.5,1.1,620.0,249.3
2019-08-08T08:50:09,24.6,220.9,237.8,1.1,630.0,249.3
2019-08-08T08:50:40,25.0,223.2,233.0,1.1,630.0,249.3
2019-08-08T08:51:12,25.0,226.2,246.6,1.1,640.0,248.3
2019-08-08T08:51:43,24.6,227.4,246.6,0.9,640.0,248.3
2019-08-08T08:52:14,25.0,226.8,240.7,1.1,640.0,248.3
2019-08-08T08:52:45,25.0,225.0,233.6,0.9,650.0,248.3
2019-08-08T08:53:16,25.0,215.6,244.9,1.0,650.0,250.2
2019-08-08T08:53:47,25.3,229.7,239.5,0.9,660.0,249.3
2019-08-08T08:54:18,25.3,229.2,239.5,0.9,660.0,250.2
2019-08-08T08:54:49,25.3,212.0,244.3,1.0,670.0,250.2
2019-08-08T08:55:20,25.7,225.6,232.4,0.9,670.0,251.2
2019-08-08T08:55:51,25.7,204.9,243.7,1.0,670.0,249.3
2019-08-08T08:56:23,25.7,191.9,234.8,1.2,680.0,249.3
2019-08-08T08:56:54,25.7,171.3,232.4,1.2,680.0,250.2
2019-08-08T08:57:25,26.1,159.4,243.7,1.3,690.0,249.3
2019-08-08T08:57:56,26.1,179.5,239.0,1.1,690.0,249.3
2019-08-08T08:58:27,26.1,176.0,240.7,1.1,700.0,249.3
2019-08-08T08:58:58,26.1,184.8,241.9,1.0,700.0,250.2
2019-08-08T08:59:29,26.1,171.9,235.4,1.0,700.0,248.3
2019-08-08T09:00:00,26.1,189.0,231.9,0.9,710.0,249.3
2019-08-08T09:00:31,26.1,167.7,247.2,1.0,710.0,248.3
2019-08-08T09:01:03,26.4,181.9,231.3,1.0,710.0,248.3
2019-08-08T09:01:34,26.4,202.6,242.5,0.9,720.0,248.3
2019-08-08T09:02:05,26.1,209.7,245.5,0.8,720.0,248.3
2019-08-08T09:02:36,26.4,222.1,242.5,0.8,720.0,247.3
2019-08-08T09:03:07,26.1,221.5,244.3,0.9,730.0,248.3
2019-08-08T09:03:38,26.1,224.4,240.7,0.9,730.0,249.3
2019-08-08T09:04:09,26.1,212.0,230.7,0.9,740.0,247.3
2019-08-08T09:04:40,26.1,228.0,246.6,0.8,740.0,247.3
2019-08-08T09:05:11,26.1,226.8,243.7,0.9,740.0,245.4
2019-08-08T09:05:43,26.4,222.7,242.5,0.9,750.0,247.3
2019-08-08T09:06:14,26.4,213.8,239.0,0.8,750.0,247.3
2019-08-08T09:06:45,26.4,219.1,246.6,0.8,760.0,247.3
2019-08-08T09:07:16,26.4,223.2,239.0,0.8,760.0,247.3
2019-08-08T09:07:47,26.8,227.4,246.6,0.6,760.0,246.4
2019-08-08T09:08:18,26.8,226.2,233.6,0.7,770.0,247.3
2019-08-08T09:08:49,26.8,215.6,249.0,0.7,770.0,246.4
2019-08-08T09:09:20,26.8,217.9,243.7,0.7,770.0,246.4
2019-08-08T09:09:51,26.8,214.4,245.5,0.9,780.0,246.4
2019-08-08T09:10:22,27.2,202.0,245.5,0.9,780.0,247.3
2019-08-08T09:10:54,27.2,189.0,235.4,0.9,780.0,247.3
2019-08-08T09:11:25,27.2,176.6,233.6,1.1,790.0,246.4
2019-08-08T09:11:56,26.8,199.0,239.5,1.0,790.0,246.4
2019-08-08T09:12:27,26.8,193.1,240.7,1.2,800.0,247.3
2019-08-08T09:12:58,26.8,168.9,238.4,1.3,800.0,246.4
2019-08-08T09:13:29,27.2,190.2,244.3,1.3,810.0,247.3
2019-08-08T09:14:00,27.2,215.6,223.6,1.2,810.0,246.4
2019-08-08T09:14:31,27.2,225.6,239.5,1.2,820.0,246.4
2019-08-08T09:15:02,27.2,212.6,250.8,1.3,820.0,246.4
2019-08-08T09:15:34,27.5,222.7,231.3,1.3,830.0,246.4
2019-08-08T09:16:05,27.5,227.4,246.6,1.3,830.0,248.3
2019-08-08T09:16:36,27.5,216.2,227.7,1.5,840.0,249.3
2019-08-08T09:17:07,27.5,226.8,243.7,1.2,850.0,248.3
2019-08-08T09:17:38,27.5,220.9,241.9,1.3,850.0,247.3
2019-08-08T09:18:09,27.5,222.7,232.4,1.3,860.0,247.3
2019-08-08T09:18:40,27.5,229.7,236.0,1.3,860.0,247.3
2019-08-08T09:19:11,27.5,213.8,240.1,1.3,870.0,246.4
2019-08-08T09:19:42,27.5,221.5,239.5,1.1,880.0,247.3
2019-08-08T09:20:13,27.9,228.0,245.5,1.1,880.0,246.4
2019-08-08T09:20:45,27.9,222.7,240.1,1.1,890.0,246.4
2019-08-08T09:21:16,27.9,219.7,239.5,1.1,890.0,246.4
2019-08-08T09:21:47,27.9,219.7,236.6,1.0,890.0,247.3
2019-08-08T09:22:18,27.5,214.4,226.5,1.1,900.0,248.3
2019-08-08T09:22:49,27.5,228.0,249.0,1.0,900.0,247.3
2019-08-08T09:23:20,27.9,221.5,245.5,1.1,910.0,250.2
2019-08-08T09:23:51,27.9,222.7,232.4,1.1,910.0,246.4
2019-08-08T09:24:22,27.9,228.0,245.5,1.1,920.0,247.3
2019-08-08T09:24:53,27.9,217.9,232.4,1.1,920.0,248.3
2019-08-08T09:25:24,27.9,216.2,242.5,1.1,930.0,250.2
2019-08-08T09:25:56,28.3,224.4,229.5,1.1,930.0,248.3
2019-08-08T09:26:27,27.9,212.0,235.4,1.2,940.0,249.3
2019-08-08T09:26:58,27.9,226.8,247.8,1.1,940.0,248.3
2019-08-08T09:27:29,27.9,199.0,227.7,1.6,950.0,249.3
2019-08-08T09:28:00,28.3,215.0,235.4,1.4,950.0,251.2
2019-08-08T09:28:31,28.3,220.9,233.6,1.4,960.0,250.2
2019-08-08T09:29:02,28.3,200.8,241.9,1.5,970.0,249.3
2019-08-08T09:29:33,28.6,189.6,232.4,1.6,970.0,250.2
2019-08-08T09:30:04,28.6,212.6,244.3,1.5,980.0,250.2
2019-08-08T09:30:36,28.6,222.1,234.2,1.6,980.0,250.2
2019-08-08T09:31:07,29.0,215.0,234.8,1.8,990.0,250.2
2019-08-08T09:31:38,28.6,199.0,225.4,1.7,1000.0,250.2
2019-08-08T09:32:09,28.6,228.0,239.0,1.9,1010.0,251.2
2019-08-08T09:32:40,28.3,216.2,239.5,1.8,1020.0,250.2
2019-08-08T09:33:11,28.3,219.7,240.7,1.5,1020.0,249.3
2019-08-08T09:33:42,28.6,219.7,219.4,1.6,1030.0,247.3
2019-08-08T13:52:51,38.5,112.8,214.7,6.9,10180.0,250.2
2019-08-08T13:53:22,38.3,121.6,213.5,6.4,10190.0,251.2
2019-08-08T13:53:53,38.2,112.8,218.3,7.0,10210.0,251.2
2019-08-08T13:54:24,38.0,126.4,214.7,6.8,10230.0,252.2
2019-08-08T13:54:55,38.2,131.1,216.5,5.7,10250.0,252.2
2019-08-08T13:55:26,38.0,125.2,216.5,6.1,10270.0,250.2
2019-08-08T13:55:58,37.8,121.0,222.4,6.5,10280.0,253.1
2019-08-08T13:56:29,37.8,116.9,215.3,6.7,10300.0,249.3
2019-08-08T13:57:00,37.8,112.2,214.1,6.7,10320.0,250.2
2019-08-08T13:57:31,37.4,121.0,218.3,6.5,10340.0,249.3
2019-08-08T13:58:02,37.5,121.0,219.4,6.6,10350.0,249.3
2019-08-08T13:58:33,37.7,116.9,213.5,6.7,10370.0,249.3
2019-08-08T13:59:04,37.9,118.7,215.3,6.7,10390.0,250.2
2019-08-08T13:59:35,38.0,122.2,215.3,6.4,10410.0,250.2
2019-08-08T14:00:06,38.0,118.7,215.3,6.6,10430.0,250.2
2019-08-08T14:00:38,38.0,114.6,213.5,6.8,10440.0,253.1
2019-08-08T14:01:09,38.0,114.0,214.1,6.8,10460.0,250.2
2019-08-08T14:01:40,38.3,114.6,218.8,6.9,10480.0,251.2
2019-08-08T14:02:11,38.4,118.7,219.4,6.7,10500.0,251.2
2019-08-08T14:02:42,38.5,120.5,223.0,6.5,10510.0,251.2
2019-08-08T14:03:13,38.6,114.0,223.0,6.9,10530.0,253.1
2019-08-08T14:03:44,38.6,120.5,224.2,6.4,10550.0,251.2
2019-08-08T14:04:15,38.6,114.6,225.4,6.8,10570.0,252.2
2019-08-08T14:04:46,38.6,121.6,223.0,6.3,10580.0,250.2
2019-08-08T14:05:17,38.7,137.6,218.8,5.9,10600.0,251.2
2019-08-08T14:05:49,38.7,118.7,223.0,6.5,10620.0,252.2
2019-08-08T14:06:20,38.9,121.6,221.2,6.4,10640.0,252.2
2019-08-08T14:06:51,38.9,114.6,218.8,6.8,10660.0,252.2
2019-08-08T14:07:22,39.0,121.6,216.5,6.4,10670.0,251.2
2019-08-08T14:07:53,39.0,117.5,219.4,6.7,10690.0,251.2
2019-08-08T14:08:24,39.0,120.5,223.0,6.5,10710.0,251.2
2019-08-08T14:08:55,39.0,114.6,226.5,6.6,10730.0,251.2
2019-08-08T14:09:26,39.1,121.0,225.4,6.4,10740.0,250.2
2019-08-08T14:09:57,39.0,118.1,225.4,6.4,10760.0,252.2
2019-08-08T14:10:28,39.1,127.0,218.3,6.0,10780.0,251.2
2019-08-08T14:11:00,39.0,131.1,216.5,6.1,10800.0,251.2
2019-08-08T14:11:31,39.0,132.9,217.1,5.7,10810.0,250.2
2019-08-08T14:12:02,39.0,131.1,225.4,5.5,10830.0,249.3
2019-08-08T14:12:33,39.0,126.4,212.9,5.5,10850.0,250.2
2019-08-08T14:13:04,39.0,125.8,219.4,5.9,10860.0,250.2
2019-08-08T14:13:35,39.0,127.5,222.4,6.3,10880.0,249.3
2019-08-08T14:14:06,39.1,124.0,216.5,6.3,10900.0,251.2
2019-08-08T14:14:37,39.0,134.6,219.4,5.9,10920.0,250.2
2019-08-08T14:15:08,39.0,123.4,220.6,6.1,10930.0,249.3
2019-08-08T14:15:39,39.1,122.8,221.2,4.9,10950.0,249.3
2019-08-08T14:16:11,38.9,119.3,219.4,5.4,10970.0,250.2
2019-08-08T14:16:42,38.7,122.8,217.7,6.1,10980.0,249.3
2019-08-08T14:17:13,38.7,127.5,224.2,6.1,11000.0,248.3
2019-08-08T14:17:44,38.7,127.0,223.6,5.6,11020.0,251.2
2019-08-08T14:18:15,38.9,114.0,223.0,6.1,11030.0,249.3
2019-08-08T14:18:46,38.9,109.8,220.6,6.4,11050.0,250.2
2019-08-08T14:19:17,39.0,107.5,220.6,6.4,11070.0,249.3
2019-08-08T14:19:48,38.7,112.8,223.0,6.1,11090.0,250.2
2019-08-08T14:20:19,38.5,114.0,225.9,6.2,11100.0,251.2
2019-08-08T14:20:50,38.5,114.0,227.1,6.3,11120.0,251.2
2019-08-08T14:21:22,38.5,110.4,225.4,6.3,11140.0,251.2
2019-08-08T14:21:53,38.5,108.6,220.6,6.3,11150.0,250.2
2019-08-08T14:22:24,38.5,117.5,224.8,6.1,11170.0,251.2
2019-08-08T14:22:55,38.6,120.5,220.0,5.3,11190.0,250.2
2019-08-08T14:23:26,38.6,122.8,222.4,4.8,11200.0,250.2
2019-08-08T14:23:57,38.6,114.6,218.8,6.0,11220.0,251.2
2019-08-08T14:24:28,38.7,118.1,220.0,6.1,11240.0,251.2
2019-08-08T14:24:59,38.7,124.6,218.8,5.9,11250.0,250.2
2019-08-08T14:25:30,38.7,111.0,215.3,6.3,11270.0,251.2
2019-08-08T14:26:01,38.5,110.4,218.8,6.4,11290.0,250.2
2019-08-08T14:26:32,38.3,102.1,223.6,6.5,11300.0,251.2
2019-08-08T14:27:03,38.2,114.6,216.5,6.1,11320.0,250.2
2019-08-08T14:27:34,38.0,121.6,224.2,6.0,11340.0,250.2
2019-08-08T14:28:05,37.8,114.6,220.0,4.8,11350.0,250.2
2019-08-08T14:28:36,37.6,113.4,227.7,6.0,11370.0,250.2
2019-08-08T14:29:07,37.7,119.9,227.7,6.2,11380.0,252.2
2019-08-08T14:29:38,37.7,121.0,222.4,6.1,11400.0,251.2
2019-08-08T14:30:09,37.8,121.0,228.3,6.1,11420.0,252.2
2019-08-08T14:30:41,37.9,118.7,226.5,6.1,11430.0,250.2
2019-08-08T14:31:12,37.9,127.0,221.8,4.0,11450.0,250.2
2019-08-08T14:31:43,38.0,127.0,218.8,5.7,11470.0,251.2
2019-08-08T14:32:14,38.2,110.4,219.4,6.2,11480.0,249.3
2019-08-08T14:32:45,38.3,114.6,218.3,5.8,11500.0,249.3
2019-08-08T14:33:16,38.2,114.0,222.4,6.0,11520.0,250.2
2019-08-08T14:33:47,38.0,118.7,223.0,5.8,11530.0,249.3
2019-08-08T14:34:18,38.2,116.3,226.5,5.6,11550.0,249.3
2019-08-08T14:34:49,38.0,115.1,224.8,5.0,11560.0,249.3
2019-08-08T14:35:20,38.2,112.8,230.1,4.7,11580.0,250.2
2019-08-08T14:35:52,38.2,103.3,228.9,5.9,11600.0,250.2
2019-08-08T14:36:23,38.0,103.9,228.9,5.9,11610.0,250.2
2019-08-08T14:36:54,37.9,102.1,229.5,6.0,11630.0,250.2
2019-08-08T14:37:25,37.7,104.5,228.3,5.8,11640.0,250.2
2019-08-08T14:37:56,37.6,102.7,224.2,6.1,11660.0,250.2
2019-08-08T14:38:27,37.6,104.5,217.1,5.8,11670.0,250.2
2019-08-08T14:38:58,37.6,105.1,228.3,5.9,11690.0,250.2
2019-08-08T14:39:29,37.4,103.9,229.5,5.7,11710.0,251.2
2019-08-08T14:40:00,37.5,102.7,216.5,5.9,11720.0,249.3
2019-08-08T14:40:32,37.6,103.3,220.6,4.2,11740.0,251.2
2019-08-08T14:41:03,37.6,103.9,221.8,5.7,11750.0,248.3
2019-08-08T14:41:34,37.6,101.0,218.3,5.0,11770.0,249.3
2019-08-08T14:42:05,37.6,95.6,218.8,6.0,11780.0,249.3
2019-08-08T14:42:36,37.5,119.3,220.6,6.9,11800.0,251.2
2019-08-08T14:43:07,37.6,95.1,219.4,6.0,11810.0,249.3
2019-08-08T14:43:38,37.6,103.3,220.0,5.9,11830.0,249.3
2019-08-08T14:44:09,37.6,108.6,221.8,5.3,11840.0,251.2
2019-08-08T14:44:40,37.6,106.9,223.0,5.5,11860.0,250.2
2019-08-08T14:45:11,37.5,103.3,218.3,4.2,11870.0,250.2
2019-08-08T14:45:43,37.4,115.1,219.4,0.8,11890.0,250.2
2019-08-08T14:46:14,37.4,109.2,221.8,5.2,11900.0,251.2
2019-08-08T14:46:45,37.4,103.9,225.4,5.7,11920.0,250.2
2019-08-08T14:47:16,37.5,102.7,220.0,4.8,11930.0,250.2
2019-08-08T14:47:47,37.5,105.7,220.6,5.6,11950.0,251.2
2019-08-08T14:48:18,37.6,105.1,225.9,5.6,11960.0,250.2
2019-08-08T14:48:49,37.6,102.7,225.4,5.8,11980.0,249.3
2019-08-08T14:49:20,37.7,102.7,227.7,5.9,11990.0,248.3
2019-08-08T14:49:51,37.7,93.3,224.8,5.8,12010.0,249.3
2019-08-08T14:50:22,37.7,116.9,217.7,7.4,12020.0,249.3
2019-08-08T14:50:54,37.7,116.9,227.7,4.7,12040.0,250.2
2019-08-08T14:51:25,37.7,102.7,218.8,5.9,12050.0,249.3
2019-08-08T14:51:56,37.8,106.9,211.7,5.6,12060.0,248.3
2019-08-08T14:52:27,37.8,105.1,228.9,0.9,12080.0,243.5
2019-08-08T14:52:58,37.7,124.6,240.1,0.9,12080.0,241.5
2019-08-08T14:53:29,37.6,124.0,227.1,1.0,12090.0,245.4
2019-08-08T14:54:00,37.4,125.2,225.4,1.2,12100.0,245.4
2019-08-08T14:54:31,37.4,112.8,235.4,4.2,12110.0,249.3
2019-08-08T14:55:02,37.2,112.8,217.1,2.4,12130.0,250.2
2019-08-08T14:55:34,37.2,110.4,235.4,1.8,12140.0,249.3
2019-08-08T14:56:05,37.1,95.6,224.2,7.3,12150.0,250.2
2019-08-08T14:56:36,37.1,111.0,218.3,1.3,12170.0,249.3
2019-08-08T14:57:07,37.1,120.5,218.8,2.9,12180.0,251.2
2019-08-08T14:57:38,37.1,108.6,217.1,3.3,12190.0,248.3
2019-08-08T14:58:09,37.1,107.5,228.3,0.9,12200.0,244.4
2019-08-08T14:58:40,37.0,116.9,234.8,1.5,12200.0,247.3
2019-08-08T14:59:11,36.9,110.4,225.4,3.2,12220.0,249.3
2019-08-08T14:59:42,36.9,105.1,216.5,4.6,12230.0,249.3
2019-08-08T15:00:13,37.0,109.8,220.6,3.2,12240.0,246.4
2019-08-08T15:00:45,37.1,102.7,226.5,4.7,12250.0,249.3
2019-08-08T15:01:16,37.1,102.7,230.1,4.5,12270.0,251.2
2019-08-08T15:01:47,37.1,105.7,228.3,3.7,12280.0,250.2
2019-08-08T15:02:18,37.0,102.7,222.4,4.5,12300.0,250.2
2019-08-08T15:02:49,36.9,103.3,223.6,1.2,12300.0,244.4
2019-08-08T15:03:20,36.9,106.9,222.4,1.0,12310.0,245.4
2019-08-08T15:03:51,37.0,118.1,202.3,0.9,12310.0,245.4
2019-08-08T15:04:22,36.9,144.1,221.8,1.0,12310.0,244.4
2019-08-08T15:04:53,36.7,158.3,209.4,1.0,12320.0,246.4
2019-08-08T15:05:24,36.4,158.9,237.2,1.4,12330.0,248.3
2019-08-08T15:05:56,36.3,168.3,224.8,1.2,12340.0,246.4
2019-08-08T15:06:27,36.3,174.8,232.4,1.1,12350.0,246.4
2019-08-08T15:06:59,36.2,179.5,214.7,1.2,12360.0,249.3
2019-08-08T15:07:30,36.1,176.0,224.8,1.6,12370.0,250.2
2019-08-08T15:08:01,35.9,201.4,207.6,1.3,12380.0,250.2
2019-08-08T15:08:32,36.0,193.1,223.0,1.4,12390.0,250.2
2019-08-08T15:09:03,36.0,204.3,223.6,1.5,12410.0,251.2
2019-08-08T15:09:34,36.2,217.3,207.0,1.5,12420.0,248.3
2019-08-08T15:10:05,36.3,224.4,204.6,1.1,12430.0,245.4
2019-08-08T15:10:36,36.4,197.8,197.5,1.4,12440.0,248.3
2019-08-08T15:11:08,36.5,202.0,192.8,1.0,12440.0,245.4
2019-08-08T15:11:39,36.5,217.3,211.7,1.1,12450.0,246.4
2019-08-08T15:12:10,36.3,209.1,190.4,1.3,12460.0,247.3
2019-08-08T15:12:41,36.4,215.6,182.8,1.3,12470.0,247.3
2019-08-08T15:13:12,36.5,215.6,195.8,1.0,12480.0,245.4
2019-08-08T15:13:43,36.5,217.9,197.5,0.9,12480.0,244.4
2019-08-08T15:14:14,36.5,197.8,223.6,0.9,12480.0,246.4
2019-08-08T15:14:45,36.5,211.4,220.6,1.1,12490.0,248.3
2019-08-08T15:15:16,36.5,213.2,220.0,0.9,12500.0,246.4
2019-08-08T15:15:47,36.5,217.3,228.9,0.8,12500.0,243.5
2019-08-08T15:16:19,36.5,210.2,228.9,0.7,12510.0,244.4
2019-08-08T15:16:50,36.5,197.8,230.1,0.7,12510.0,243.5
2019-08-08T15:17:21,36.4,207.9,227.1,0.7,12510.0,243.5
2019-08-08T15:17:52,36.4,204.9,227.7,0.6,12520.0,243.5
2019-08-08T15:18:23,36.4,208.5,225.9,0.6,12520.0,243.5
2019-08-08T15:18:54,36.4,209.7,232.4,0.6,12520.0,244.4
2019-08-08T15:19:25,36.4,199.0,214.7,0.6,12520.0,244.4
2019-08-08T15:19:56,36.3,178.3,234.8,0.6,12530.0,243.5
2019-08-08T15:20:27,36.1,193.7,230.7,0.6,12530.0,242.5
2019-08-08T15:20:58,36.1,222.7,202.3,1.0,12530.0,248.3
2019-08-08T15:21:30,36.0,234.5,224.8,0.9,12550.0,248.3
2019-08-08T15:22:01,35.7,224.4,227.1,1.0,12560.0,248.3
2019-08-08T15:22:32,35.6,203.7,220.6,1.1,12570.0,248.3
2019-08-08T15:23:03,35.7,181.9,225.4,1.2,12580.0,247.3
2019-08-08T15:23:34,35.7,191.3,232.4,1.2,12590.0,248.3
2019-08-08T15:24:05,35.6,206.7,232.4,1.2,12610.0,250.2
2019-08-08T15:24:36,35.7,218.5,224.8,1.1,12620.0,250.2
2019-08-08T15:25:07,35.7,222.1,224.8,1.1,12630.0,249.3
2019-08-08T15:25:38,35.6,235.6,236.6,1.0,12640.0,248.3
2019-08-08T15:26:10,35.6,225.0,241.3,1.0,12650.0,247.3
2019-08-08T15:26:41,35.6,219.1,234.2,1.1,12670.0,248.3
2019-08-08T15:27:12,35.6,226.8,222.4,0.5,12680.0,245.4
2019-08-08T15:27:43,35.6,203.7,209.4,1.2,12680.0,248.3
2019-08-08T15:28:14,35.6,206.1,233.6,1.2,12690.0,249.3
2019-08-08T15:28:45,35.7,215.6,234.8,1.2,12710.0,249.3
2019-08-08T15:29:16,35.7,215.0,231.3,1.1,12720.0,248.3
2019-08-08T15:29:47,35.9,203.7,225.4,0.6,12720.0,244.4
2019-08-08T15:30:18,35.9,200.8,223.0,0.5,12720.0,243.5
2019-08-08T15:30:49,35.9,203.7,219.4,0.6,12730.0,242.5
2019-08-08T15:31:21,35.9,188.4,224.8,0.6,12730.0,241.5
2019-08-08T15:31:52,35.9,209.1,214.7,0.5,12730.0,239.6
2019-08-08T15:32:23,36.0,197.8,223.6,0.6,12730.0,241.5
2019-08-08T15:32:54,36.0,179.5,247.8,0.6,12740.0,240.6
2019-08-08T15:33:25,36.0,200.2,220.6,0.5,12740.0,240.6
2019-08-08T15:33:56,36.0,203.7,230.7,0.5,12740.0,241.5
2019-08-08T15:34:27,35.7,183.7,232.4,0.6,12740.0,241.5
2019-08-08T15:34:58,35.9,161.8,205.8,0.6,12750.0,240.6
2019-08-08T15:35:29,35.9,184.3,226.5,0.5,12750.0,240.6
2019-08-08T15:36:00,36.0,177.8,232.4,0.6,12750.0,240.6
2019-08-08T15:36:31,36.0,152.9,204.1,1.0,12750.0,242.5
2019-08-08T15:37:02,36.0,157.1,213.5,1.1,12760.0,246.4
2019-08-08T15:37:33,36.1,160.6,234.8,1.0,12770.0,246.4
2019-08-08T15:38:04,36.2,182.5,229.5,1.0,12790.0,245.4
2019-08-08T15:38:35,36.2,204.9,237.8,0.9,12800.0,245.4
2019-08-08T15:39:06,36.2,229.7,227.7,0.9,12810.0,245.4
2019-08-08T15:39:37,36.2,223.8,228.9,0.8,12820.0,243.5
2019-08-08T15:40:08,36.3,217.9,215.3,1.1,12820.0,243.5
2019-08-08T15:40:40,36.3,225.6,217.7,0.3,12830.0,241.5
2019-08-08T15:41:11,36.3,197.3,222.4,0.7,12830.0,241.5
2019-08-08T15:41:42,36.3,176.0,229.5,0.7,12830.0,240.6
2019-08-08T15:42:13,36.3,155.3,208.2,0.9,12840.0,240.6
2019-08-08T15:42:44,36.2,167.7,227.7,0.8,12840.0,240.6
2019-08-08T15:43:15,36.1,187.8,224.8,0.7,12840.0,240.6
2019-08-08T15:43:46,36.0,209.1,224.8,0.6,12850.0,242.5
2019-08-08T15:44:17,36.0,202.0,222.4,0.6,12850.0,243.5
2019-08-08T15:44:48,36.0,204.9,220.6,0.5,12850.0,243.5
2019-08-08T15:45:19,35.9,193.7,221.8,0.6,12850.0,242.5
2019-08-08T15:45:51,35.9,217.9,247.2,0.6,12850.0,245.4
2019-08-08T15:46:22,35.9,209.7,237.8,0.5,12860.0,244.4
2019-08-08T15:46:53,35.9,206.7,224.8,0.5,12860.0,244.4
2019-08-08T15:47:24,35.9,188.4,221.2,0.6,12860.0,244.4
2019-08-08T15:47:55,35.7,216.2,251.4,0.7,12870.0,247.3
2019-08-08T15:48:26,35.7,236.8,241.9,0.6,12870.0,247.3
2019-08-08T15:48:57,35.9,238.0,224.8,0.0,12880.0,245.4
2019-08-08T15:49:28,35.9,207.9,228.3,0.7,12880.0,243.5
2019-08-08T15:49:59,35.7,221.5,243.1,0.8,12880.0,246.4
2019-08-08T15:50:30,35.9,232.7,234.8,0.8,12890.0,247.3
2019-08-08T15:51:02,35.9,232.1,228.9,0.7,12900.0,247.3
2019-08-08T15:51:33,35.7,220.9,228.3,0.7,12910.0,247.3
2019-08-08T15:52:04,35.7,227.4,228.3,0.7,12920.0,247.3
2019-08-08T15:52:35,35.7,223.8,233.6,0.7,12930.0,247.3
2019-08-08T15:53:06,35.7,236.8,236.6,0.7,12940.0,248.3
2019-08-08T15:53:37,35.7,228.0,237.8,0.7,12950.0,247.3
2019-08-08T15:54:08,35.9,216.7,232.4,0.7,12960.0,247.3
2019-08-08T15:54:39,35.9,200.8,228.9,0.7,12970.0,247.3
2019-08-08T15:55:10,35.9,197.3,223.6,0.7,12970.0,245.4
2019-08-08T15:55:41,35.7,197.3,225.4,0.4,12980.0,242.5
2019-08-08T15:56:13,35.9,199.0,223.0,0.5,12980.0,243.5
2019-08-08T15:56:44,35.7,222.1,252.6,0.6,12980.0,243.5
2019-08-08T15:57:15,35.9,203.2,232.4,0.4,12980.0,244.4
2019-08-08T15:57:46,35.7,192.5,216.5,0.5,12980.0,244.4
2019-08-08T15:58:17,35.7,197.8,226.5,0.7,12990.0,246.4
2019-08-08T15:58:48,35.5,202.0,222.4,0.8,12990.0,247.3
2019-08-08T15:59:19,35.4,196.7,235.4,0.9,13000.0,246.4
2019-08-08T15:59:50,35.4,186.6,240.1,0.9,13010.0,247.3
2019-08-08T16:00:21,35.4,196.1,229.5,0.7,13020.0,245.4
2019-08-08T16:00:53,35.4,195.5,232.4,0.9,13020.0,246.4
2019-08-08T16:01:24,35.5,191.3,230.1,0.7,13030.0,244.4
2019-08-08T16:01:55,35.5,194.9,214.7,0.7,13030.0,245.4
2019-08-08T16:02:26,35.4,195.5,208.8,0.9,13040.0,247.3
2019-08-08T16:02:57,35.4,202.0,200.5,0.5,13040.0,244.4
2019-08-08T16:03:28,35.3,193.7,221.8,0.7,13040.0,246.4
2019-08-08T16:03:59,35.0,191.3,237.8,0.5,13050.0,244.4
2019-08-08T16:04:30,34.9,203.7,218.8,0.5,13050.0,243.5
2019-08-08T16:05:01,35.0,200.8,234.8,0.4,13050.0,243.5
2019-08-08T16:05:33,35.0,180.7,216.5,0.5,13060.0,244.4
2019-08-08T16:06:04,35.0,161.8,238.4,0.6,13060.0,244.4
2019-08-08T16:06:35,35.0,152.4,232.4,0.6,13060.0,244.4
2019-08-08T16:07:06,35.2,152.9,218.8,0.6,13060.0,243.5
2019-08-08T16:07:37,35.0,174.2,231.9,0.5,13070.0,244.4
2019-08-08T16:08:08,35.0,196.7,226.5,0.5,13070.0,243.5
2019-08-08T16:08:39,35.2,217.3,227.7,0.5,13070.0,242.5
2019-08-08T16:09:10,35.2,198.4,223.6,0.5,13070.0,245.4
2019-08-08T16:09:41,35.0,209.7,228.3,0.5,13080.0,243.5
2019-08-08T16:10:12,34.9,202.0,227.7,0.4,13080.0,244.4
2019-08-08T16:10:44,34.9,207.9,226.5,0.4,13080.0,243.5
2019-08-08T16:11:15,34.9,206.1,223.6,0.4,13080.0,243.5
2019-08-08T16:11:46,34.9,200.2,231.9,0.4,13080.0,244.4
2019-08-08T16:12:17,35.0,210.8,220.6,0.3,13080.0,243.5
2019-08-08T16:12:48,35.0,202.0,224.2,0.3,13090.0,243.5
2019-08-08T16:13:19,35.0,199.0,217.1,0.3,13090.0,244.4
2019-08-08T16:13:50,34.8,176.6,239.5,0.4,13090.0,242.5
2019-08-08T16:14:21,34.8,163.6,222.4,0.4,13090.0,244.4
2019-08-08T16:14:52,34.6,184.3,243.7,0.4,13090.0,243.5
2019-08-08T16:15:23,34.5,207.9,221.2,0.4,13090.0,242.5
2019-08-08T16:15:55,34.6,197.3,214.7,0.4,13090.0,243.5
2019-08-08T16:16:26,34.5,213.2,208.8,0.3,13100.0,243.5
2019-08-08T16:16:57,34.4,191.9,197.5,0.4,13100.0,242.5
2019-08-08T16:17:28,34.5,192.5,203.5,0.4,13100.0,244.4
2019-08-08T16:17:59,34.6,212.6,209.4,0.4,13100.0,243.5
2019-08-08T16:18:30,34.5,196.7,233.0,0.4,13100.0,243.5
2019-08-08T16:19:01,34.4,175.4,222.4,0.4,13100.0,243.5
2019-08-08T16:19:32,34.4,159.4,227.7,0.4,13110.0,242.5
2019-08-08T16:20:03,34.5,180.7,230.7,0.4,13110.0,244.4
2019-08-08T16:20:35,34.5,187.2,222.4,0.4,13110.0,243.5
2019-08-08T16:21:06,34.6,202.6,227.7,0.4,13110.0,244.4
2019-08-08T16:21:37,34.6,211.4,225.4,0.4,13110.0,243.5
2019-08-08T16:22:08,34.6,196.1,219.4,0.4,13120.0,244.4
2019-08-08T16:22:39,34.6,209.1,222.4,0.4,13120.0,244.4
2019-08-08T16:23:10,34.5,199.0,225.4,0.4,13120.0,244.4
2019-08-08T16:23:41,34.5,178.3,221.8,0.5,13120.0,243.5
2019-08-08T16:24:12,34.5,185.4,234.8,0.4,13120.0,243.5
2019-08-08T16:24:43,34.5,206.7,212.3,0.4,13120.0,243.5
2019-08-08T16:25:14,34.5,209.1,207.0,0.4,13120.0,244.4
2019-08-08T16:25:46,34.5,184.8,230.7,0.5,13130.0,243.5
2019-08-08T16:26:17,34.5,161.8,247.8,0.6,13130.0,244.4
2019-08-08T16:26:48,34.5,185.4,251.4,0.8,13130.0,246.4
2019-08-08T16:27:19,34.6,207.3,224.8,0.8,13140.0,246.4
2019-08-08T16:27:50,34.5,228.0,242.5,0.7,13140.0,246.4
2019-08-08T16:28:22,34.5,229.7,239.5,0.7,13150.0,246.4
2019-08-08T16:28:53,34.5,213.2,252.6,0.7,13150.0,246.4
2019-08-08T16:29:24,34.5,220.9,243.7,0.6,13160.0,246.4
2019-08-08T16:29:55,34.5,217.9,239.0,0.7,13160.0,246.4
2019-08-08T16:30:26,34.5,202.0,253.2,0.6,13170.0,245.4
2019-08-08T16:30:57,34.5,189.0,240.1,0.6,13170.0,245.4
2019-08-08T16:31:29,34.5,189.0,225.9,0.5,13170.0,244.4
2019-08-08T16:32:00,34.4,210.2,217.1,0.4,13170.0,244.4
2019-08-08T16:32:31,34.4,203.2,224.8,0.6,13180.0,244.4
2019-08-08T16:33:02,34.4,214.4,233.0,0.4,13180.0,243.5
2019-08-08T16:33:33,34.5,192.5,216.5,0.5,13180.0,243.5
2019-08-08T16:34:04,34.5,211.4,224.2,0.4,13180.0,244.4
2019-08-08T16:34:35,34.5,194.9,229.5,0.5,13180.0,244.4
2019-08-08T16:35:06,34.5,178.9,250.8,0.6,13190.0,245.4
2019-08-08T16:35:37,34.5,202.6,223.0,0.6,13190.0,244.4
2019-08-08T16:36:09,34.5,216.2,204.1,0.6,13190.0,245.4
2019-08-08T16:36:40,34.5,196.7,225.4,0.6,13200.0,245.4
2019-08-08T16:37:11,34.6,188.4,244.9,0.6,13200.0,245.4
2019-08-08T16:37:42,34.6,177.2,235.4,0.6,13200.0,246.4
2019-08-08T16:38:13,34.6,181.9,232.4,0.5,13210.0,245.4
2019-08-08T16:38:44,34.6,177.8,238.4,0.4,13210.0,245.4
2019-08-08T16:39:15,34.6,197.3,217.7,0.4,13210.0,244.4
2019-08-08T16:39:46,34.6,187.8,211.7,0.3,13210.0,244.4
2019-08-08T16:40:17,34.6,194.9,220.6,0.3,13210.0,243.5
2019-08-08T16:40:48,34.6,202.0,223.6,0.3,13210.0,243.5
2019-08-08T16:41:20,34.5,181.9,211.7,0.4,13210.0,243.5
2019-08-08T16:41:51,34.5,157.7,181.6,0.5,13220.0,243.5
2019-08-08T16:42:22,34.5,170.1,194.0,0.4,13220.0,242.5
2019-08-08T16:42:53,34.6,170.7,188.7,0.3,13220.0,243.5
2019-08-08T16:43:24,34.6,191.9,202.3,0.3,13220.0,243.5
2019-08-08T16:43:55,34.6,215.0,195.2,0.2,13220.0,244.4
2019-08-08T16:44:26,34.5,207.3,200.5,0.2,13220.0,243.5
2019-08-08T16:44:57,34.5,193.7,221.8,0.2,13220.0,243.5
2019-08-08T16:45:28,34.5,209.1,223.6,0.2,13220.0,244.4
2019-08-08T16:45:59,34.5,186.0,202.3,0.2,13220.0,243.5
2019-08-08T16:46:31,34.4,165.9,216.5,0.3,13220.0,243.5
2019-08-08T16:47:02,34.4,153.5,223.6,0.3,13230.0,243.5
2019-08-08T16:47:33,34.4,174.8,205.8,0.2,13230.0,244.4
2019-08-08T16:48:04,34.4,195.5,227.1,0.2,13230.0,244.4
2019-08-08T16:48:35,34.4,201.4,221.8,0.2,13230.0,244.4
2019-08-08T16:49:06,34.4,180.1,200.5,0.2,13230.0,243.5
2019-08-08T16:49:37,34.4,160.0,194.0,0.3,13230.0,244.4
2019-08-08T16:50:08,34.4,165.9,215.9,0.3,13230.0,244.4
2019-08-08T16:50:39,34.4,187.8,236.0,0.3,13230.0,243.5
2019-08-08T16:51:11,34.4,210.2,215.9,0.2,13230.0,244.4
2019-08-08T16:51:42,34.4,208.5,205.8,0.3,13230.0,243.5
2019-08-08T16:52:13,34.4,184.8,228.9,0.4,13230.0,244.4
2019-08-08T16:52:44,34.4,173.0,237.2,0.4,13230.0,243.5
2019-08-08T16:53:15,34.4,194.3,218.8,0.3,13240.0,244.4
2019-08-08T16:53:46,34.4,210.8,198.1,0.3,13240.0,244.4
2019-08-08T16:54:17,34.4,186.6,178.6,0.4,13240.0,244.4
2019-08-08T16:54:48,34.4,173.0,153.8,0.6,13240.0,244.4
2019-08-08T16:55:19,34.4,186.0,154.4,0.5,13240.0,244.4
2019-08-08T16:55:50,34.4,188.4,169.1,0.3,13240.0,243.5
2019-08-08T16:56:22,34.4,164.2,191.6,0.5,13240.0,245.4
2019-08-08T16:56:53,34.4,141.7,214.1,0.8,13240.0,246.4
2019-08-08T16:57:24,34.4,120.5,237.2,0.9,13250.0,245.4
2019-08-08T16:57:55,34.4,118.7,256.7,1.0,13250.0,245.4
2019-08-08T16:58:26,34.2,142.3,243.7,0.9,13250.0,244.4
2019-08-08T16:58:57,34.4,165.9,240.7,0.9,13250.0,244.4
2019-08-08T16:59:28,34.4,176.6,240.7,0.7,13250.0,244.4
2019-08-08T16:59:59,34.4,178.9,250.2,0.8,13250.0,244.4
2019-08-08T17:00:30,34.4,173.0,249.0,0.8,13260.0,244.4
2019-08-08T17:01:01,34.4,180.7,251.4,0.7,13260.0,244.4
2019-08-08T17:01:32,34.4,185.4,234.8,0.5,13260.0,244.4
2019-08-08T17:02:03,34.4,185.4,246.1,0.5,13260.0,243.5
2019-08-08T17:02:34,34.4,187.2,237.8,0.6,13260.0,245.4
2019-08-08T17:03:05,34.4,181.3,245.5,0.5,13260.0,244.4
2019-08-08T17:03:36,34.4,170.1,239.0,0.6,13270.0,245.4
2019-08-08T17:04:07,34.4,176.0,231.9,0.4,13270.0,246.4
2019-08-08T17:04:38,34.4,189.0,227.7,0.4,13270.0,244.4
2019-08-08T17:05:09,34.4,197.8,207.6,0.4,13270.0,245.4
2019-08-08T17:05:41,34.4,178.9,185.7,0.4,13270.0,245.4
2019-08-08T17:06:12,34.4,199.0,163.8,0.3,13270.0,246.4
2019-08-08T17:06:43,34.4,209.7,151.4,0.3,13270.0,245.4
2019-08-08T17:07:14,34.4,196.7,163.2,0.3,13270.0,245.4
2019-08-08T17:07:45,34.4,189.0,159.7,0.2,13270.0,245.4
2019-08-08T17:08:16,34.4,196.1,182.8,0.2,13280.0,245.4
2019-08-08T17:08:47,34.4,192.5,202.9,0.1,13280.0,245.4
2019-08-08T17:09:18,34.4,183.1,195.2,0.2,13280.0,245.4
2019-08-08T17:09:49,34.4,189.6,206.4,0.1,13280.0,245.4
2019-08-08T17:10:20,34.2,199.6,227.1,0.1,13280.0,245.4
2019-08-08T17:10:52,34.2,178.3,209.4,0.1,13280.0,245.4
2019-08-08T17:11:23,34.2,158.3,188.1,0.1,13280.0,245.4
2019-08-08T17:11:54,34.2,170.1,176.8,0.1,13280.0,245.4
2019-08-08T17:12:25,34.1,196.1,198.7,0.0,13280.0,245.4
2019-08-08T17:12:56,34.1,189.6,219.4,0.1,13280.0,242.5
2019-08-08T17:13:27,34.1,170.7,209.4,0.1,13280.0,241.5
2019-08-08T17:13:58,34.0,150.0,188.1,0.1,13280.0,241.5
2019-08-08T17:14:29,34.0,171.9,167.4,0.1,13280.0,242.5
2019-08-08T17:15:00,33.9,194.3,188.7,0.1,13280.0,241.5
2019-08-08T17:15:32,34.0,191.9,211.7,0.1,13280.0,242.5
2019-08-08T17:16:03,34.0,166.5,207.0,0.1,13280.0,242.5
2019-08-08T17:16:34,33.9,150.6,189.9,0.1,13280.0,242.5
2019-08-08T17:17:05,33.9,170.1,168.0,0.0,13280.0,243.5
2019-08-08T17:17:36,33.9,190.2,146.1,0.0,13280.0,243.5
2019-08-08T17:18:07,33.8,198.4,126.0,0.0,13280.0,243.5
2019-08-08T17:18:38,33.8,171.3,146.7,0.0,13280.0,243.5
2019-08-08T17:19:09,33.9,150.0,170.3,0.0,13280.0,243.5
2019-08-08T17:19:40,33.8,127.0,185.7,0.0,13280.0,243.5
2019-08-08T17:20:11,33.8,131.1,208.2,0.0,13280.0,242.5
2019-08-08T17:20:43,33.8,155.9,222.4,0.0,13280.0,243.5
2019-08-08T17:21:14,33.7,190.8,223.0,0.0,13280.0,242.5
2019-08-08T17:21:45,33.7,189.6,208.2,0.0,13280.0,243.5
2019-08-08T17:22:16,33.7,188.4,204.6,0.0,13280.0,243.5
2019-08-08T17:22:47,33.5,187.2,200.5,0.0,13280.0,242.5
2019-08-08T17:23:18,33.5,185.4,195.2,0.0,13280.0,242.5
2019-08-08T17:23:49,33.5,184.3,191.6,0.0,13280.0,242.5
2019-08-08T17:24:20,33.4,169.5,188.7,0.0,13280.0,242.5
2019-08-08T17:24:51,33.4,119.9,182.2,0.1,13280.0,239.6
2019-08-08T17:25:22,33.4,171.9,172.1,0.0,13280.0,239.6
2019-08-08T17:25:54,33.3,164.2,164.4,0.0,13280.0,241.5
2019-08-08T17:26:25,33.3,152.4,152.6,0.0,13280.0,239.6
2019-08-08T17:26:56,33.3,130.5,130.7,0.0,13280.0,240.6
2019-08-08T17:27:27,33.2,58.4,59.1,0.0,13280.0,240.6
