2019-08-10T07:35:28,15.4,219.1,236.6,0.4,60.0,239.6
2019-08-10T07:36:00,15.4,207.9,246.1,0.5,60.0,237.7
2019-08-10T07:36:31,15.4,193.1,223.0,0.5,60.0,239.6
2019-08-10T07:37:02,15.4,213.8,203.5,0.4,60.0,237.7
2019-08-10T07:37:33,15.4,211.4,214.7,0.4,60.0,238.6
2019-08-10T07:38:04,15.4,190.8,237.2,0.5,60.0,239.6
2019-08-10T07:38:35,15.4,199.0,249.6,0.5,60.0,239.6
2019-08-10T07:39:06,15.4,220.3,244.9,0.4,60.0,238.6
2019-08-10T07:39:37,15.4,204.3,230.7,0.5,70.0,239.6
2019-08-10T07:40:08,15.4,190.2,210.0,0.5,70.0,239.6
2019-08-10T07:40:39,15.8,213.2,217.1,0.4,70.0,241.5
2019-08-10T07:41:11,15.4,212.6,239.5,0.5,70.0,241.5
2019-08-10T07:41:42,15.8,207.3,245.5,0.5,70.0,241.5
2019-08-10T07:42:13,15.8,196.7,237.8,0.5,70.0,241.5
2019-08-10T07:42:44,15.8,217.9,217.1,0.5,70.0,243.5
2019-08-10T07:43:15,15.8,213.2,207.0,0.5,80.0,242.5
2019-08-10T07:43:46,15.8,192.5,229.5,0.5,80.0,241.5
2019-08-10T07:44:17,15.8,200.2,250.2,0.6,80.0,243.5
2019-08-10T07:44:48,16.2,222.1,228.9,0.5,80.0,243.5
2019-08-10T07:45:19,16.2,209.1,207.0,0.5,80.0,243.5
2019-08-10T07:45:50,16.2,196.1,230.1,0.5,80.0,242.5
2019-08-10T07:46:22,16.2,219.1,252.0,0.5,80.0,242.5
2019-08-10T07:46:53,16.2,211.4,236.0,0.6,90.0,243.5
2019-08-10T07:47:24,16.2,195.5,215.9,0.6,90.0,244.4
2019-08-10T07:47:55,16.2,216.7,232.4,0.6,90.0,241.5
2019-08-10T07:48:26,16.2,217.9,254.3,0.6,90.0,242.5
2019-08-10T07:48:57,16.2,197.8,232.4,0.6,90.0,242.5
2019-08-10T07:49:28,16.2,210.2,242.5,0.6,100.0,242.5
2019-08-10T07:49:59,16.5,228.0,242.5,0.5,100.0,243.5
2019-08-10T07:50:30,16.2,204.9,221.8,0.6,100.0,243.5
2019-08-10T07:51:02,16.2,213.2,223.0,0.6,100.0,243.5
2019-08-10T07:51:33,16.5,222.1,246.1,0.6,100.0,242.5
2019-08-10T07:52:04,16.5,201.4,240.7,0.7,110.0,244.4
2019-08-10T07:52:35,16.5,206.7,225.4,0.7,110.0,241.5
2019-08-10T07:53:06,16.5,227.4,247.2,0.6,110.0,242.5
2019-08-10T07:53:37,16.5,206.7,237.2,0.7,110.0,242.5
2019-08-10T07:54:08,16.9,210.2,221.2,0.7,110.0,242.5
2019-08-10T07:54:39,16.9,229.2,244.9,0.6,120.0,241.5
2019-08-10T07:55:10,16.9,207.3,242.5,0.7,120.0,243.5
2019-08-10T07:55:41,16.9,186.6,221.2,0.8,120.0,241.5
2019-08-10T07:56:13,16.9,169.5,234.8,0.9,120.0,242.5
2019-08-10T07:56:44,17.3,191.3,253.7,0.8,130.0,242.5
2019-08-10T07:57:15,17.3,213.2,231.3,0.8,130.0,241.5
2019-08-10T07:57:46,17.3,223.2,226.5,0.7,130.0,241.5
2019-08-10T07:58:17,17.3,201.4,249.6,0.8,130.0,241.5
2019-08-10T07:58:48,17.3,212.0,234.8,0.8,140.0,242.5
2019-08-10T07:59:19,17.3,228.0,233.6,0.7,140.0,242.5
2019-08-10T07:59:50,17.3,207.3,254.9,0.9,140.0,241.5
2019-08-10T08:00:21,17.3,203.2,233.6,0.8,140.0,241.5
2019-08-10T08:00:52,17.3,225.6,249.0,0.8,150.0,241.5
2019-08-10T08:01:24,17.3,213.2,234.8,0.8,150.0,242.5
2019-08-10T08:01:55,17.3,208.5,247.8,0.9,150.0,240.6
2019-08-10T08:02:26,17.6,229.2,228.9,0.7,150.0,241.5
2019-08-10T08:02:57,17.6,209.1,251.4,0.8,160.0,242.5
2019-08-10T08:03:28,17.6,209.7,238.4,1.0,160.0,242.5
2019-08-10T08:03:59,17.6,230.3,238.4,0.8,160.0,241.5
2019-08-10T08:04:30,17.6,208.5,253.7,0.9,170.0,241.5
2019-08-10T08:05:01,17.6,206.1,236.6,0.9,170.0,241.5
2019-08-10T08:05:32,18.0,207.3,254.3,0.9,170.0,240.6
2019-08-10T08:06:04,17.6,223.2,233.0,0.9,180.0,241.5
2019-08-10T08:06:35,18.0,219.1,254.9,1.0,180.0,242.5
2019-08-10T08:07:06,18.0,207.9,244.9,1.0,180.0,241.5
2019-08-10T08:07:37,18.0,225.6,241.9,1.0,190.0,241.5
2019-08-10T08:08:08,18.0,217.3,242.5,1.0,190.0,239.6
2019-08-10T08:08:39,18.0,217.3,242.5,0.9,190.0,240.6
2019-08-10T08:09:10,18.0,226.2,242.5,0.9,200.0,241.5
2019-08-10T08:09:41,18.0,208.5,245.5,1.1,200.0,240.6
2019-08-10T08:10:12,18.0,229.7,240.1,0.9,200.0,241.5
2019-08-10T08:10:43,18.4,211.4,244.9,1.1,210.0,242.5
2019-08-10T08:11:15,18.4,206.1,249.0,1.0,210.0,241.5
2019-08-10T08:11:46,18.4,227.4,239.5,1.0,220.0,239.6
2019-08-10T08:12:17,18.4,227.4,240.1,1.0,220.0,239.6
2019-08-10T08:12:48,18.4,226.2,246.6,1.1,220.0,240.6
2019-08-10T08:13:19,18.4,215.6,233.6,1.2,230.0,242.5
2019-08-10T08:13:50,18.7,228.6,252.0,1.1,230.0,240.6
2019-08-10T08:14:21,18.7,228.6,247.2,1.1,240.0,241.5
2019-08-10T08:14:52,18.7,227.4,244.9,1.0,240.0,242.5
2019-08-10T08:15:23,18.7,217.9,240.1,1.1,240.0,242.5
2019-08-10T08:15:54,18.7,209.7,249.6,1.2,250.0,240.6
2019-08-10T08:16:26,18.7,230.3,239.0,1.1,250.0,241.5
2019-08-10T08:16:57,18.7,212.6,249.6,1.2,260.0,243.5
2019-08-10T08:17:28,19.1,223.8,245.5,1.2,260.0,244.4
2019-08-10T08:17:59,19.1,221.5,241.9,1.2,270.0,242.5
2019-08-10T08:18:30,18.7,217.3,251.4,1.2,270.0,243.5
2019-08-10T08:19:01,19.1,213.2,239.0,1.3,270.0,244.4
2019-08-10T08:19:32,19.1,217.9,242.5,1.2,280.0,243.5
2019-08-10T08:20:03,19.1,213.8,252.0,1.4,280.0,241.5
2019-08-10T08:20:34,19.1,217.9,242.5,1.2,290.0,241.5
2019-08-10T08:21:06,19.1,218.5,241.9,1.3,290.0,241.5
2019-08-10T08:21:37,19.1,216.7,247.8,1.3,300.0,243.5
2019-08-10T08:22:08,19.5,225.0,242.5,1.3,300.0,243.5
2019-08-10T08:22:39,19.5,227.4,247.8,1.3,310.0,243.5
2019-08-10T08:23:10,19.5,212.6,240.1,1.4,310.0,242.5
2019-08-10T08:23:41,19.5,232.7,249.6,1.3,320.0,243.5
2019-08-10T08:24:12,19.5,211.4,236.0,1.3,320.0,243.5
2019-08-10T08:24:43,19.5,219.1,254.9,1.3,330.0,241.5
2019-08-10T08:25:14,19.8,216.7,246.6,1.4,330.0,243.5
2019-08-10T08:25:45,19.8,207.3,241.9,1.5,340.0,243.5
2019-08-10T08:26:17,19.8,230.3,252.0,1.4,340.0,242.5
2019-08-10T08:26:48,19.8,225.6,241.9,1.4,350.0,242.5
2019-08-10T08:27:19,19.8,226.2,244.9,1.4,360.0,244.4
2019-08-10T08:27:50,19.8,224.4,249.0,1.5,360.0,245.4
2019-08-10T08:28:21,20.2,230.9,248.4,1.4,370.0,244.4
2019-08-10T08:28:52,20.2,230.9,241.3,1.5,370.0,244.4
2019-08-10T08:29:23,20.2,230.3,244.3,1.5,380.0,243.5
2019-08-10T08:29:54,20.2,232.1,249.6,1.4,380.0,247.3
2019-08-10T08:30:25,20.2,233.9,236.6,1.3,390.0,244.4
2019-08-10T08:30:56,20.2,232.7,244.9,1.4,400.0,246.4
2019-08-10T08:31:28,20.2,229.7,254.9,1.5,400.0,245.4
2019-08-10T08:31:59,20.2,231.5,248.4,1.4,410.0,246.4
2019-08-10T08:32:30,20.2,210.2,238.4,1.7,410.0,244.4
2019-08-10T08:33:01,20.2,214.4,247.8,1.7,420.0,245.4
2019-08-10T08:33:32,20.2,228.0,246.1,1.6,430.0,245.4
2019-08-10T08:34:03,20.2,225.0,240.1,1.6,430.0,245.4
2019-08-10T08:34:34,20.2,225.6,237.2,1.7,440.0,245.4
2019-08-10T08:35:05,20.6,221.5,249.6,1.6,440.0,246.4
2019-08-10T08:35:36,20.6,221.5,246.6,1.7,450.0,247.3
2019-08-10T08:36:08,20.6,229.7,250.2,1.6,460.0,245.4
2019-08-10T08:36:39,20.6,230.9,243.7,1.6,460.0,245.4
2019-08-10T08:37:10,20.9,232.7,240.7,1.6,470.0,244.4
2019-08-10T08:37:41,20.9,227.4,253.7,1.6,480.0,244.4
2019-08-10T08:38:12,20.9,228.0,243.7,1.8,480.0,244.4
2019-08-10T08:38:43,20.9,232.1,242.5,1.6,490.0,245.4
2019-08-10T08:39:14,21.3,232.1,244.3,1.7,500.0,247.3
2019-08-10T08:39:45,20.9,230.3,252.6,1.8,500.0,246.4
2019-08-10T08:40:16,20.9,226.2,246.6,1.7,510.0,247.3
2019-08-10T08:40:47,20.9,229.7,239.5,1.8,520.0,247.3
2019-08-10T08:41:19,21.3,227.4,243.7,1.8,530.0,247.3
2019-08-10T08:41:50,21.3,228.0,251.4,1.8,530.0,245.4
2019-08-10T08:42:21,21.3,227.4,250.8,1.8,540.0,246.4
2019-08-10T08:42:52,21.3,222.7,243.7,1.8,550.0,247.3
2019-08-10T08:43:23,21.3,224.4,253.2,1.8,550.0,246.4
2019-08-10T08:43:54,21.3,232.1,244.9,1.8,560.0,248.3
2019-08-10T08:44:25,21.3,228.0,239.0,1.9,570.0,247.3
2019-08-10T08:44:56,21.3,231.5,251.4,1.9,580.0,247.3
2019-08-10T08:45:27,21.7,223.8,247.8,1.9,580.0,246.4
2019-08-10T08:45:58,21.7,233.3,240.7,1.7,590.0,246.4
2019-08-10T08:46:30,21.7,227.4,242.5,2.0,600.0,246.4
2019-08-10T08:47:01,21.3,227.4,251.4,2.0,610.0,246.4
2019-08-10T08:47:32,21.3,226.2,249.6,1.9,620.0,247.3
2019-08-10T08:48:03,21.3,229.7,240.1,1.9,620.0,247.3
2019-08-10T08:48:34,21.3,231.5,243.1,2.0,630.0,246.4
2019-08-10T08:49:05,21.3,227.4,247.8,2.0,640.0,246.4
2019-08-10T08:49:36,21.3,215.6,239.0,2.2,650.0,247.3
2019-08-10T08:50:07,21.7,217.9,239.5,2.1,660.0,246.4
2019-08-10T08:50:38,21.7,212.0,246.6,2.2,660.0,246.4
2019-08-10T08:51:10,21.7,213.8,250.8,2.2,670.0,246.4
2019-08-10T08:51:41,22.0,218.5,249.0,2.2,680.0,246.4
2019-08-10T08:52:12,22.0,222.1,239.0,2.1,690.0,247.3
2019-08-10T08:52:43,22.0,225.6,241.9,2.1,700.0,247.3
2019-08-10T08:53:14,22.4,212.0,244.9,2.3,710.0,247.3
2019-08-10T08:53:45,22.4,209.7,249.0,2.2,710.0,246.4
2019-08-10T08:54:16,22.8,216.2,245.5,2.3,720.0,246.4
2019-08-10T08:54:47,22.8,213.8,245.5,2.4,730.0,247.3
2019-08-10T08:55:18,22.8,216.2,236.0,2.4,740.0,246.4
2019-08-10T08:55:49,22.8,226.2,250.2,2.3,750.0,246.4
2019-08-10T08:56:21,22.8,212.0,244.9,2.4,760.0,247.3
2019-08-10T08:56:52,23.1,213.2,247.8,2.5,770.0,248.3
2019-08-10T08:57:23,23.1,210.2,244.3,2.4,780.0,248.3
2019-08-10T08:57:54,23.1,227.4,250.8,2.2,780.0,248.3
2019-08-10T08:58:25,23.1,224.4,246.6,2.3,790.0,248.3
2019-08-10T08:58:56,23.5,224.4,240.7,2.3,800.0,248.3
2019-08-10T08:59:27,23.5,229.7,237.8,2.3,810.0,248.3
2019-08-10T08:59:58,23.5,223.2,240.7,2.3,820.0,247.3
2019-08-10T09:00:29,23.5,229.2,243.1,2.3,830.0,249.3
2019-08-10T09:01:00,23.5,222.7,245.5,2.5,840.0,249.3
2019-08-10T09:01:31,23.5,225.6,244.3,2.4,850.0,248.3
2019-08-10T09:02:02,23.5,225.6,239.0,2.4,860.0,248.3
2019-08-10T09:02:33,23.9,226.2,243.7,2.4,870.0,248.3
2019-08-10T09:03:04,23.9,229.2,247.8,2.4,880.0,247.3
2019-08-10T09:03:35,24.2,229.7,246.1,2.4,890.0,248.3
2019-08-10T09:04:06,24.2,226.8,244.9,2.4,900.0,248.3
2019-08-10T09:04:37,24.6,225.6,235.4,2.5,910.0,248.3
2019-08-10T09:05:08,24.6,228.0,241.3,2.5,920.0,247.3
2019-08-10T09:05:40,24.6,226.8,243.1,2.5,930.0,249.3
2019-08-10T09:06:11,24.6,229.7,249.6,2.5,940.0,249.3
2019-08-10T09:06:42,25.0,229.2,247.8,2.5,950.0,247.3
2019-08-10T09:07:13,25.0,228.6,242.5,2.6,960.0,250.2
2019-08-10T09:07:44,25.0,228.0,238.4,2.5,970.0,248.3
2019-08-10T09:08:15,25.0,225.0,239.5,2.6,980.0,249.3
2019-08-10T09:08:46,25.0,223.2,241.3,2.6,990.0,249.3
2019-08-10T09:09:17,25.0,226.2,249.0,2.6,1000.0,249.3
2019-08-10T09:09:48,25.0,223.8,244.9,2.6,1010.0,248.3
2019-08-10T09:10:19,25.3,224.4,236.0,2.7,1020.0,248.3
2019-08-10T09:10:51,25.3,222.7,237.2,2.7,1030.0,249.3
2019-08-10T09:11:22,25.3,228.6,247.2,2.7,1040.0,249.3
2019-08-10T09:11:53,25.3,226.8,245.5,2.7,1050.0,249.3
2019-08-10T09:12:24,25.7,226.8,241.9,2.7,1060.0,250.2
2019-08-10T09:12:55,25.7,226.8,236.0,2.7,1070.0,247.3
2019-08-10T09:13:26,25.7,225.6,241.3,2.8,1090.0,249.3
2019-08-10T09:13:57,25.7,225.6,246.6,2.8,1100.0,247.3
2019-08-10T09:14:28,25.7,225.0,249.6,2.8,1110.0,247.3
2019-08-10T09:14:59,25.7,222.7,241.9,2.8,1120.0,247.3
2019-08-10T09:15:30,26.1,226.8,237.2,2.8,1130.0,248.3
2019-08-10T09:16:02,26.1,227.4,235.4,2.8,1140.0,249.3
2019-08-10T09:16:33,26.1,225.6,241.3,2.8,1150.0,249.3
2019-08-10T09:17:04,26.4,223.2,249.6,2.8,1160.0,249.3
2019-08-10T09:17:35,26.4,223.2,244.9,2.9,1170.0,247.3
2019-08-10T09:18:06,26.8,224.4,247.8,2.8,1190.0,247.3
2019-08-10T09:18:37,26.8,222.7,240.7,2.9,1200.0,247.3
2019-08-10T09:19:08,26.8,223.8,237.2,2.9,1210.0,248.3
2019-08-10T09:19:39,26.8,221.5,236.6,3.0,1220.0,247.3
2019-08-10T09:20:10,26.4,228.6,241.9,2.8,1230.0,248.3
2019-08-10T09:20:41,26.4,223.2,247.8,3.0,1240.0,248.3
2019-08-10T09:21:13,26.1,226.2,237.2,3.1,1260.0,247.3
2019-08-10T09:21:44,26.4,222.7,236.6,3.0,1270.0,247.3
2019-08-10T09:22:15,26.8,222.1,237.8,3.1,1280.0,247.3
2019-08-10T09:22:46,26.8,227.4,243.7,3.0,1290.0,247.3
2019-08-10T09:23:17,26.8,223.8,242.5,3.1,1300.0,248.3
2019-08-10T09:23:48,27.2,225.6,243.1,3.0,1310.0,247.3
2019-08-10T09:24:19,27.5,222.7,236.6,3.1,1330.0,244.4
2019-08-10T09:24:50,27.5,228.6,236.6,3.0,1340.0,246.4
2019-08-10T09:25:21,27.5,223.2,239.5,3.2,1350.0,247.3
2019-08-10T09:25:53,27.5,220.9,249.0,3.1,1360.0,246.4
2019-08-10T09:26:24,27.5,223.2,244.9,3.1,1380.0,247.3
2019-08-10T09:26:55,27.9,222.1,237.2,3.1,1390.0,247.3
2019-08-10T09:27:26,27.9,225.6,234.2,3.1,1400.0,246.4
2019-08-10T09:27:57,27.9,220.3,243.7,3.2,1410.0,247.3
2019-08-10T09:28:28,27.9,221.5,248.4,3.2,1430.0,246.4
2019-08-10T09:28:59,27.9,222.7,240.1,3.3,1440.0,245.4
2019-08-10T09:29:30,27.5,225.0,234.8,3.2,1450.0,245.4
2019-08-10T09:30:01,26.8,223.2,234.8,3.2,1460.0,246.4
2019-08-10T09:30:33,26.4,221.5,239.5,3.2,1480.0,245.4
2019-08-10T09:31:04,26.4,221.5,238.4,3.3,1490.0,248.3
2019-08-10T09:31:35,26.1,226.2,241.3,3.2,1500.0,246.4
2019-08-10T09:32:06,26.1,225.0,245.5,3.2,1510.0,246.4
2019-08-10T09:32:37,25.7,226.8,239.0,3.3,1530.0,246.4
2019-08-10T09:33:08,26.1,220.9,244.9,3.3,1540.0,248.3
2019-08-10T09:33:39,26.4,226.8,245.5,3.2,1550.0,249.3
2019-08-10T09:34:10,26.8,222.1,236.6,3.4,1570.0,247.3
2019-08-10T09:34:41,26.4,223.8,240.1,3.3,1580.0,248.3
2019-08-10T09:35:12,26.4,221.5,239.5,3.4,1590.0,249.3
2019-08-10T09:35:44,26.4,219.1,242.5,3.5,1610.0,247.3
2019-08-10T09:36:15,26.1,222.7,242.5,3.5,1620.0,247.3
2019-08-10T09:36:46,26.1,219.7,247.2,3.5,1630.0,247.3
2019-08-10T09:37:17,26.4,225.6,244.9,3.5,1650.0,248.3
2019-08-10T09:37:48,26.8,224.4,244.9,3.5,1660.0,248.3
2019-08-10T09:38:19,26.8,225.0,243.7,3.4,1670.0,248.3
2019-08-10T09:38:50,26.8,223.2,243.7,3.4,1690.0,249.3
2019-08-10T09:39:21,27.2,226.2,243.7,3.4,1700.0,248.3
2019-08-10T09:39:52,26.8,226.2,246.1,3.4,1710.0,248.3
2019-08-10T09:40:23,26.8,222.1,241.3,3.5,1730.0,248.3
2019-08-10T09:40:55,26.8,220.3,234.8,3.5,1740.0,249.3
2019-08-10T09:41:26,27.2,222.7,234.2,3.6,1760.0,250.2
2019-08-10T09:41:57,27.2,227.4,238.4,3.5,1770.0,248.3
2019-08-10T09:42:28,27.5,224.4,246.6,3.6,1780.0,247.3
2019-08-10T09:42:59,27.2,222.1,241.9,3.7,1800.0,247.3
2019-08-10T09:43:30,26.8,223.8,240.1,3.6,1810.0,246.4
2019-08-10T09:44:01,26.8,226.8,239.5,3.6,1830.0,246.4
2019-08-10T09:44:32,27.2,224.4,233.6,3.6,1840.0,246.4
2019-08-10T09:45:03,27.5,225.0,237.8,3.7,1860.0,247.3
2019-08-10T09:45:35,27.5,223.2,236.0,3.6,1870.0,248.3
2019-08-10T09:46:06,27.5,223.8,238.4,3.7,1880.0,249.3
2019-08-10T09:46:37,27.5,222.7,233.6,3.7,1900.0,249.3
2019-08-10T09:47:08,27.9,225.0,240.7,3.7,1910.0,249.3
2019-08-10T09:47:39,28.3,225.0,244.9,3.7,1930.0,248.3
2019-08-10T09:48:10,27.9,221.5,242.5,3.9,1940.0,250.2
2019-08-10T09:48:41,27.9,218.5,231.9,3.9,1960.0,250.2
2019-08-10T09:49:12,28.3,222.7,235.4,3.8,1970.0,248.3
2019-08-10T09:49:43,28.3,225.0,240.1,3.8,1990.0,249.3
2019-08-10T09:50:14,28.3,220.9,244.9,3.9,2000.0,247.3
2019-08-10T09:50:46,28.3,221.5,244.9,3.8,2020.0,248.3
2019-08-10T09:51:17,27.9,225.0,244.9,3.9,2030.0,249.3
2019-08-10T09:51:48,27.2,222.1,241.9,3.8,2050.0,249.3
2019-08-10T09:52:19,27.2,222.1,237.8,3.9,2060.0,248.3
2019-08-10T09:52:50,26.8,224.4,232.4,3.9,2080.0,248.3
2019-08-10T09:53:21,26.8,222.1,240.1,3.9,2090.0,248.3
2019-08-10T09:53:52,26.8,220.3,241.9,3.9,2110.0,248.3
2019-08-10T09:54:23,26.8,222.1,234.8,4.0,2120.0,249.3
2019-08-10T09:54:54,26.8,221.5,233.6,4.0,2140.0,248.3
2019-08-10T09:55:25,27.2,221.5,235.4,4.0,2150.0,247.3
2019-08-10T09:55:57,26.8,225.0,245.5,3.9,2170.0,247.3
2019-08-10T09:56:28,26.8,223.8,243.7,3.9,2180.0,250.2
2019-08-10T09:56:59,26.8,220.9,238.4,4.1,2200.0,250.2
2019-08-10T09:57:30,27.2,224.4,241.9,3.9,2220.0,250.2
2019-08-10T09:58:01,27.5,219.7,243.7,4.0,2230.0,248.3
2019-08-10T09:58:32,27.9,219.1,237.2,4.1,2250.0,247.3
2019-08-10T09:59:03,27.9,221.5,232.4,4.1,2260.0,248.3
2019-08-10T09:59:34,27.5,217.3,237.8,4.1,2280.0,250.2
2019-08-10T10:00:05,27.9,219.1,244.9,4.2,2290.0,249.3
2019-08-10T10:00:37,28.3,220.3,241.9,4.0,2310.0,249.3
2019-08-10T10:01:08,28.3,220.3,241.3,4.2,2330.0,248.3
2019-08-10T10:01:39,28.6,222.1,240.1,4.1,2340.0,248.3
2019-08-10T10:02:10,28.3,224.4,240.7,4.0,2360.0,247.3
2019-08-10T10:02:41,28.3,220.3,234.2,4.2,2370.0,248.3
2019-08-10T10:03:12,28.6,223.2,234.8,4.0,2390.0,249.3
2019-08-10T10:03:44,28.3,219.1,236.6,4.2,2410.0,249.3
2019-08-10T10:04:15,28.6,219.1,241.9,4.2,2420.0,247.3
2019-08-10T10:04:46,28.6,219.7,243.7,4.2,2440.0,248.3
2019-08-10T10:05:17,29.0,220.3,236.6,4.2,2450.0,249.3
2019-08-10T10:05:48,29.0,222.7,232.4,4.2,2470.0,250.2
2019-08-10T10:06:19,28.6,224.4,231.9,4.1,2490.0,250.2
2019-08-10T10:06:51,28.3,225.0,236.6,4.1,2500.0,249.3
2019-08-10T10:07:22,27.9,219.1,238.4,4.3,2520.0,250.2
2019-08-10T10:07:53,27.9,219.7,241.3,4.4,2540.0,250.2
2019-08-10T10:08:24,28.3,220.3,237.8,4.3,2550.0,249.3
2019-08-10T10:08:55,28.3,222.7,231.9,4.3,2570.0,250.2
2019-08-10T10:09:26,28.3,220.9,231.3,4.3,2590.0,248.3
2019-08-10T10:09:57,28.6,218.5,234.8,4.4,2600.0,249.3
2019-08-10T10:10:28,29.0,221.5,238.4,4.3,2620.0,249.3
2019-08-10T10:10:59,29.0,222.1,240.1,4.4,2640.0,249.3
2019-08-10T10:11:31,29.0,216.2,236.6,4.4,2650.0,250.2
2019-08-10T10:12:02,29.4,220.9,228.9,4.3,2670.0,250.2
2019-08-10T10:12:33,29.0,216.7,237.8,4.5,2690.0,249.3
2019-08-10T10:13:04,28.6,220.9,233.0,4.3,2700.0,249.3
2019-08-10T10:13:35,28.6,217.9,239.0,4.5,2720.0,249.3
2019-08-10T10:14:06,28.6,217.3,240.7,4.5,2740.0,248.3
2019-08-10T10:14:37,28.6,216.2,239.0,4.5,2750.0,250.2
2019-08-10T10:15:08,28.3,217.9,234.2,4.5,2770.0,248.3
2019-08-10T10:15:39,29.0,217.9,228.3,4.5,2790.0,249.3
2019-08-10T10:16:11,29.0,222.1,233.0,4.4,2810.0,249.3
2019-08-10T10:16:42,29.4,217.9,239.5,4.5,2820.0,249.3
2019-08-10T10:17:13,29.7,217.9,234.2,4.6,2840.0,249.3
2019-08-10T10:17:44,29.4,216.7,230.1,4.6,2860.0,248.3
2019-08-10T10:18:15,29.4,217.3,231.9,4.7,2870.0,249.3
2019-08-10T10:18:46,29.7,217.9,231.9,4.5,2890.0,249.3
2019-08-10T10:19:17,29.4,222.1,235.4,4.5,2910.0,249.3
2019-08-10T10:19:48,29.0,216.2,241.3,4.6,2930.0,248.3
2019-08-10T10:20:19,29.0,220.3,236.0,4.7,2940.0,248.3
2019-08-10T10:20:50,29.0,219.7,237.2,4.6,2960.0,248.3
2019-08-10T10:21:22,29.7,221.5,230.7,4.6,2980.0,248.3
2019-08-10T10:21:53,29.7,219.1,231.3,4.7,3000.0,248.3
2019-08-10T10:22:24,29.4,223.2,231.9,4.5,3020.0,247.3
2019-08-10T10:22:55,29.4,222.1,234.8,4.6,3030.0,248.3
2019-08-10T10:23:26,29.4,218.5,240.7,4.7,3050.0,250.2
2019-08-10T10:23:57,29.7,222.7,240.1,4.6,3070.0,248.3
2019-08-10T10:24:28,29.7,221.5,234.8,4.6,3090.0,250.2
2019-08-10T10:24:59,29.7,220.3,236.0,4.7,3110.0,250.2
2019-08-10T10:25:30,29.7,216.7,230.1,4.8,3120.0,251.2
2019-08-10T10:26:01,29.4,221.5,232.4,4.7,3140.0,250.2
2019-08-10T10:26:32,29.7,221.5,231.3,4.7,3160.0,249.3
2019-08-10T10:27:03,29.7,220.9,234.2,4.8,3180.0,250.2
2019-08-10T10:27:34,29.7,222.7,236.0,4.7,3200.0,250.2
2019-08-10T10:28:05,30.1,220.3,242.5,4.7,3210.0,251.2
2019-08-10T10:28:36,30.2,218.5,237.2,4.8,3230.0,249.3
2019-08-10T10:29:07,30.2,220.9,234.8,4.8,3250.0,251.2
2019-08-10T10:29:38,30.2,221.5,230.1,4.8,3270.0,251.2
2019-08-10T10:30:09,30.3,220.3,235.4,4.8,3290.0,250.2
2019-08-10T10:30:41,30.3,221.5,241.9,4.7,3310.0,251.2
2019-08-10T10:31:12,30.3,217.9,242.5,4.9,3320.0,251.2
2019-08-10T10:31:43,30.3,219.1,242.5,4.9,3340.0,251.2
2019-08-10T10:32:14,30.3,222.1,242.5,4.8,3360.0,251.2
2019-08-10T10:32:45,30.2,222.1,239.0,4.8,3380.0,251.2
2019-08-10T10:33:16,30.2,219.7,236.6,4.8,3400.0,251.2
2019-08-10T10:33:47,30.1,221.5,231.3,4.9,3420.0,251.2
2019-08-10T10:34:18,30.1,218.5,231.3,4.9,3440.0,252.2
2019-08-10T10:34:49,30.1,218.5,231.9,5.0,3450.0,250.2
2019-08-10T10:35:20,30.1,222.1,236.6,4.9,3470.0,250.2
2019-08-10T10:35:52,29.7,220.9,237.8,4.9,3490.0,251.2
2019-08-10T10:36:23,30.1,220.3,233.0,4.9,3510.0,251.2
2019-08-10T10:36:54,29.7,219.1,232.4,5.0,3530.0,252.2
2019-08-10T10:37:25,30.1,219.7,234.8,4.9,3550.0,252.2
2019-08-10T10:37:56,30.1,217.3,238.4,5.0,3570.0,252.2
2019-08-10T10:38:27,30.1,220.3,241.3,5.0,3590.0,253.1
2019-08-10T10:38:58,30.1,220.9,239.0,4.9,3610.0,251.2
2019-08-10T10:39:29,30.2,222.1,230.7,4.9,3620.0,252.2
2019-08-10T10:40:00,30.3,216.7,228.9,5.1,3640.0,251.2
2019-08-10T10:40:32,30.4,215.6,231.3,5.0,3660.0,251.2
2019-08-10T10:41:03,30.5,214.4,231.3,5.2,3680.0,252.2
2019-08-10T10:41:34,30.5,219.1,229.5,5.1,3700.0,252.2
2019-08-10T10:42:05,30.7,217.3,233.6,5.2,3720.0,252.2
2019-08-10T10:42:36,30.8,218.5,236.0,5.0,3740.0,251.2
2019-08-10T10:43:07,30.9,220.3,241.9,4.9,3760.0,252.2
2019-08-10T10:43:38,30.9,214.4,234.8,5.1,3780.0,250.2
2019-08-10T10:44:09,30.9,217.3,237.8,5.2,3800.0,249.3
2019-08-10T10:44:40,31.0,217.9,237.8,5.2,3820.0,249.3
2019-08-10T10:45:11,31.1,217.3,230.7,5.1,3840.0,249.3
2019-08-10T10:45:43,31.0,217.3,230.7,5.3,3860.0,250.2
2019-08-10T10:46:14,31.0,218.5,233.6,5.2,3880.0,250.2
2019-08-10T10:46:45,31.0,216.7,233.0,5.1,3900.0,250.2
2019-08-10T10:47:16,31.1,217.9,234.2,5.3,3920.0,249.3
2019-08-10T10:47:47,31.1,214.4,239.5,5.3,3930.0,248.3
2019-08-10T10:48:18,31.1,219.1,233.0,5.1,3950.0,249.3
2019-08-10T10:48:49,31.0,221.5,244.9,5.1,3970.0,250.2
2019-08-10T10:49:20,30.9,217.9,237.2,5.3,3990.0,251.2
2019-08-10T10:49:51,30.7,220.3,237.2,5.1,4010.0,250.2
2019-08-10T10:50:22,30.4,219.1,239.5,5.2,4030.0,250.2
2019-08-10T10:50:54,30.4,218.5,236.6,5.1,4050.0,250.2
2019-08-10T10:51:25,30.5,215.0,234.2,5.4,4070.0,251.2
2019-08-10T10:51:56,30.7,218.5,230.7,5.3,4090.0,251.2
2019-08-10T10:52:27,30.9,213.2,229.5,5.4,4110.0,249.3
2019-08-10T10:52:58,31.0,216.7,233.0,5.4,4130.0,252.2
2019-08-10T10:53:29,31.1,213.8,239.0,5.3,4150.0,250.2
2019-08-10T10:54:00,31.1,215.6,236.0,5.3,4170.0,250.2
2019-08-10T10:54:31,31.2,214.4,236.6,5.3,4190.0,250.2
2019-08-10T10:55:02,31.4,217.3,237.8,5.3,4210.0,250.2
2019-08-10T10:55:34,31.4,215.6,239.0,5.4,4230.0,250.2
2019-08-10T10:56:05,31.4,213.8,236.0,5.4,4250.0,250.2
2019-08-10T10:56:36,31.6,217.9,233.6,5.3,4270.0,251.2
2019-08-10T10:57:07,31.5,212.6,228.9,5.4,4290.0,250.2
2019-08-10T10:57:38,31.6,216.7,228.9,5.5,4310.0,251.2
2019-08-10T10:58:09,31.6,215.0,228.3,5.4,4330.0,250.2
2019-08-10T10:58:40,31.6,217.3,237.2,5.3,4350.0,249.3
2019-08-10T10:59:11,31.6,216.2,228.9,5.4,4370.0,250.2
2019-08-10T10:59:42,31.6,215.0,233.0,5.5,4390.0,249.3
2019-08-10T11:00:13,31.6,217.3,235.4,5.5,4410.0,250.2
2019-08-10T11:00:45,31.6,212.0,230.7,5.6,4440.0,252.2
2019-08-10T11:01:16,31.5,216.7,226.5,5.4,4460.0,252.2
2019-08-10T11:01:47,31.5,214.4,230.7,5.6,4480.0,252.2
2019-08-10T11:02:18,31.5,212.0,228.3,5.5,4500.0,251.2
2019-08-10T11:02:49,31.6,216.2,228.3,5.6,4520.0,252.2
2019-08-10T11:03:20,31.6,212.0,231.3,5.5,4540.0,251.2
2019-08-10T11:03:51,31.5,212.6,231.9,5.6,4560.0,252.2
2019-08-10T11:04:22,31.6,217.3,229.5,5.4,4580.0,252.2
2019-08-10T11:04:53,31.6,218.5,230.1,5.4,4600.0,250.2
2019-08-10T11:05:24,31.6,219.1,225.4,5.5,4620.0,250.2
2019-08-10T11:05:56,31.6,216.2,229.5,5.6,4640.0,249.3
2019-08-10T11:06:27,31.6,213.8,232.4,5.5,4660.0,251.2
2019-08-10T11:06:58,31.5,215.6,231.9,5.6,4680.0,250.2
2019-08-10T11:07:29,31.4,217.9,233.6,5.5,4700.0,250.2
2019-08-10T11:08:00,31.2,217.9,239.0,5.5,4720.0,250.2
2019-08-10T11:08:31,31.1,216.7,239.5,5.6,4740.0,249.3
2019-08-10T11:09:02,31.0,215.0,240.7,5.6,4770.0,249.3
2019-08-10T11:09:33,30.8,213.2,239.0,5.7,4790.0,249.3
2019-08-10T11:10:04,30.9,214.4,236.6,5.7,4810.0,249.3
2019-08-10T11:10:36,30.9,216.2,231.9,5.7,4830.0,249.3
2019-08-10T11:11:07,31.0,217.3,231.9,5.6,4850.0,250.2
2019-08-10T11:11:38,31.0,215.0,236.6,5.7,4870.0,250.2
2019-08-10T11:12:09,31.2,213.8,236.0,5.7,4890.0,249.3
2019-08-10T11:12:40,31.4,215.0,231.9,5.7,4910.0,250.2
2019-08-10T11:13:11,31.5,217.9,226.5,5.6,4940.0,250.2
2019-08-10T11:13:42,31.5,214.4,230.1,5.8,4960.0,250.2
2019-08-10T11:14:13,31.6,219.1,237.8,5.6,4980.0,249.3
2019-08-10T11:14:44,31.5,218.5,230.7,5.6,5000.0,249.3
2019-08-10T11:15:15,31.4,216.7,227.7,5.7,5020.0,250.2
2019-08-10T11:15:47,31.2,215.0,228.9,5.8,5040.0,249.3
2019-08-10T11:16:18,31.4,217.3,232.4,5.7,5060.0,249.3
2019-08-10T11:16:49,31.5,213.2,236.0,5.8,5080.0,251.2
2019-08-10T11:17:20,31.5,217.9,231.9,5.7,5110.0,249.3
2019-08-10T11:17:51,31.4,215.0,227.7,5.8,5130.0,249.3
2019-08-10T11:18:22,31.2,213.8,225.9,5.8,5150.0,249.3
2019-08-10T11:18:53,31.2,214.4,229.5,5.8,5170.0,249.3
2019-08-10T11:19:24,31.4,217.3,230.1,5.8,5190.0,250.2
2019-08-10T11:19:55,31.5,218.5,233.6,5.7,5210.0,250.2
2019-08-10T11:20:26,31.5,211.4,235.4,5.8,5230.0,249.3
2019-08-10T11:20:58,31.5,210.8,233.0,5.9,5260.0,250.2
2019-08-10T11:21:29,31.1,213.2,227.1,5.7,5280.0,249.3
2019-08-10T11:22:00,31.0,212.0,230.7,5.9,5300.0,251.2
2019-08-10T11:22:31,30.9,213.8,225.4,5.9,5320.0,250.2
2019-08-10T11:23:02,30.9,214.4,228.3,5.9,5340.0,250.2
2019-08-10T11:23:33,30.9,216.2,233.6,5.8,5360.0,250.2
2019-08-10T11:24:04,30.9,216.7,229.5,5.8,5390.0,251.2
2019-08-10T11:24:35,30.8,215.0,233.0,5.9,5410.0,250.2
2019-08-10T11:25:06,30.9,212.6,234.2,6.0,5430.0,250.2
2019-08-10T11:25:38,30.8,214.4,225.9,5.8,5450.0,250.2
2019-08-10T11:26:09,31.0,215.0,226.5,5.8,5470.0,249.3
2019-08-10T11:26:40,31.1,214.4,228.3,5.9,5500.0,250.2
2019-08-10T11:27:11,31.1,214.4,225.9,5.8,5520.0,250.2
2019-08-10T11:27:42,31.0,212.0,224.8,5.9,5540.0,251.2
2019-08-10T11:28:13,31.1,216.2,234.2,5.8,5560.0,250.2
2019-08-10T11:28:44,31.2,213.2,232.4,6.1,5580.0,250.2
2019-08-10T11:29:15,31.4,213.8,233.0,6.0,5600.0,250.2
2019-08-10T11:29:46,31.4,214.4,234.2,5.9,5630.0,249.3
2019-08-10T11:30:17,31.5,216.2,224.8,5.9,5650.0,250.2
2019-08-10T11:30:49,31.5,213.2,227.1,6.0,5670.0,248.3
2019-08-10T11:31:20,31.5,214.4,231.9,5.9,5690.0,249.3
2019-08-10T11:31:51,31.5,212.0,236.0,6.1,5720.0,251.2
2019-08-10T11:32:22,31.6,212.6,228.9,6.1,5740.0,250.2
2019-08-10T11:32:53,31.8,214.4,236.6,6.0,5760.0,249.3
2019-08-10T11:33:24,31.8,216.7,236.0,5.8,5780.0,249.3
2019-08-10T11:33:55,31.9,216.2,225.4,6.0,5800.0,249.3
2019-08-10T11:34:26,32.0,210.8,228.9,6.2,5830.0,249.3
2019-08-10T11:34:57,32.2,210.8,228.3,6.0,5850.0,249.3
2019-08-10T11:35:28,32.2,211.4,235.4,6.1,5870.0,249.3
2019-08-10T11:36:00,32.2,213.2,232.4,6.1,5890.0,249.3
2019-08-10T11:36:31,32.2,212.0,228.3,6.1,5910.0,248.3
2019-08-10T11:37:02,32.3,212.0,232.4,6.1,5940.0,248.3
2019-08-10T11:37:33,32.2,213.2,233.6,6.1,5960.0,250.2
2019-08-10T11:38:04,32.3,215.6,227.7,6.0,5980.0,248.3
2019-08-10T11:38:35,32.4,215.6,231.9,6.0,6000.0,249.3
2019-08-10T11:39:06,32.4,213.2,237.2,6.0,6030.0,250.2
2019-08-10T11:39:37,32.4,215.6,234.2,6.1,6050.0,250.2
2019-08-10T11:40:08,32.5,209.7,238.4,6.1,6070.0,249.3
2019-08-10T11:40:40,32.6,215.6,234.8,6.0,6090.0,250.2
2019-08-10T11:41:11,32.5,216.7,237.8,6.0,6120.0,250.2
2019-08-10T11:41:42,32.6,214.4,229.5,6.1,6140.0,248.3
2019-08-10T11:42:13,32.6,215.0,228.3,6.1,6160.0,250.2
2019-08-10T11:42:44,32.7,212.0,232.4,6.1,6180.0,249.3
2019-08-10T11:43:15,32.7,214.4,231.9,6.1,6210.0,249.3
2019-08-10T11:43:46,32.7,215.6,233.0,6.1,6230.0,250.2
2019-08-10T11:44:17,32.7,215.0,227.1,6.2,6250.0,251.2
2019-08-10T11:44:48,32.7,217.9,227.1,5.9,6270.0,252.2
2019-08-10T11:45:19,32.7,212.6,236.6,6.3,6300.0,250.2
2019-08-10T11:45:51,32.7,213.2,234.8,6.2,6320.0,250.2
2019-08-10T11:46:22,32.7,214.4,232.4,6.1,6340.0,250.2
2019-08-10T11:46:53,32.7,212.6,234.2,6.2,6370.0,250.2
2019-08-10T11:47:24,32.7,212.0,235.4,6.2,6390.0,251.2
2019-08-10T11:47:55,32.9,212.0,231.3,6.3,6410.0,251.2
2019-08-10T11:48:26,32.7,215.0,234.8,6.3,6440.0,251.2
2019-08-10T11:48:57,32.7,217.3,233.0,6.0,6460.0,250.2
2019-08-10T11:49:28,32.7,213.2,228.3,6.3,6480.0,251.2
2019-08-10T11:49:59,32.4,213.2,236.6,5.8,6500.0,251.2
2019-08-10T11:50:30,32.3,212.0,237.2,6.2,6530.0,253.1
2019-08-10T11:51:02,32.3,208.5,231.3,6.3,6550.0,252.2
2019-08-10T11:51:33,32.3,212.6,230.7,6.3,6570.0,253.1
2019-08-10T11:52:04,32.3,216.2,225.9,6.2,6590.0,252.2
2019-08-10T11:52:35,32.2,210.8,229.5,6.2,6620.0,250.2
2019-08-10T11:53:06,32.4,209.1,227.1,6.3,6640.0,252.2
2019-08-10T11:53:37,32.5,223.2,231.9,5.6,6660.0,252.2
2019-08-10T11:54:08,32.5,214.4,231.3,6.2,6690.0,252.2
2019-08-10T11:54:39,32.6,204.9,233.0,6.3,6710.0,252.2
2019-08-10T11:55:10,32.6,204.3,228.9,6.4,6730.0,252.2
2019-08-10T11:55:41,32.6,213.8,232.4,6.4,6760.0,251.2
2019-08-10T11:56:13,32.7,223.2,235.4,5.5,6780.0,249.3
2019-08-10T11:56:44,32.7,214.4,237.2,6.3,6800.0,250.2
2019-08-10T11:57:15,32.7,205.5,236.6,6.4,6820.0,249.3
2019-08-10T11:57:46,32.6,203.2,236.0,6.4,6850.0,248.3
2019-08-10T11:58:17,32.4,212.6,238.4,6.4,6870.0,249.3
2019-08-10T11:58:48,32.4,211.4,234.8,6.4,6890.0,251.2
2019-08-10T11:59:19,32.5,217.3,228.9,6.2,6920.0,251.2
2019-08-10T11:59:50,32.5,212.0,231.3,6.4,6940.0,250.2
2019-08-10T12:00:21,32.5,217.3,233.6,6.2,6960.0,251.2
2019-08-10T12:00:52,32.5,213.2,237.8,6.4,6990.0,251.2
2019-08-10T12:01:24,32.5,215.6,234.8,6.3,7010.0,250.2
2019-08-10T12:01:55,32.5,214.4,237.2,6.3,7030.0,250.2
2019-08-10T12:02:26,32.5,210.8,234.2,6.4,7060.0,251.2
2019-08-10T12:02:57,32.6,213.8,231.9,6.2,7080.0,251.2
2019-08-10T12:03:28,32.6,211.4,233.0,6.3,7100.0,251.2
2019-08-10T12:03:59,32.6,214.4,233.0,6.4,7130.0,251.2
2019-08-10T12:04:30,32.6,214.4,230.1,6.3,7150.0,251.2
2019-08-10T12:05:01,32.6,209.7,227.7,6.4,7170.0,250.2
2019-08-10T12:05:32,32.6,216.2,230.1,6.2,7200.0,250.2
2019-08-10T12:06:04,32.7,212.6,231.9,6.3,7220.0,251.2
2019-08-10T12:06:35,32.7,209.7,231.9,6.0,7240.0,251.2
2019-08-10T12:07:06,32.6,212.6,231.9,6.1,7270.0,251.2
2019-08-10T12:07:37,32.7,211.4,227.7,6.5,7290.0,252.2
2019-08-10T12:08:08,32.6,204.9,230.1,6.5,7310.0,251.2
2019-08-10T12:08:39,32.7,217.3,235.4,6.2,7340.0,250.2
2019-08-10T12:09:10,32.6,208.5,229.5,6.1,7360.0,251.2
2019-08-10T12:09:41,32.7,217.3,234.2,5.9,7380.0,251.2
2019-08-10T12:10:12,32.7,209.7,224.8,6.5,7400.0,252.2
2019-08-10T12:10:43,32.9,212.6,236.0,6.3,7430.0,252.2
2019-08-10T12:11:15,32.9,211.4,225.9,6.4,7450.0,251.2
2019-08-10T12:11:46,33.0,217.3,230.1,5.0,7480.0,251.2
2019-08-10T12:12:17,32.7,212.0,232.4,6.3,7500.0,253.1
2019-08-10T12:12:48,32.7,213.2,232.4,6.3,7520.0,252.2
2019-08-10T12:13:19,32.9,214.4,234.8,6.2,7540.0,250.2
2019-08-10T12:13:50,32.9,212.0,235.4,6.4,7570.0,252.2
2019-08-10T12:14:21,32.7,210.8,227.1,6.5,7590.0,251.2
2019-08-10T12:14:52,32.7,215.0,226.5,6.2,7610.0,251.2
2019-08-10T12:15:23,32.9,216.2,231.9,6.2,7640.0,251.2
2019-08-10T12:15:54,33.0,209.7,225.9,6.5,7660.0,251.2
2019-08-10T12:16:26,33.0,214.4,228.3,6.2,7680.0,252.2
2019-08-10T12:16:57,33.0,208.5,225.9,6.5,7710.0,252.2
2019-08-10T12:17:28,33.1,211.4,225.4,6.4,7730.0,251.2
2019-08-10T12:17:59,33.2,210.8,225.4,6.5,7750.0,252.2
2019-08-10T12:18:30,33.2,209.7,222.4,6.5,7780.0,251.2
2019-08-10T12:19:01,33.2,215.6,224.8,6.2,7800.0,252.2
2019-08-10T12:19:32,33.2,215.0,222.4,6.2,7830.0,251.2
2019-08-10T12:20:03,33.2,213.2,224.2,6.1,7850.0,252.2
2019-08-10T12:20:34,33.3,206.1,221.8,4.9,7870.0,251.2
2019-08-10T12:21:06,33.2,213.2,227.1,6.3,7890.0,253.1
2019-08-10T12:21:37,33.3,213.2,232.4,6.4,7920.0,251.2
2019-08-10T12:22:08,33.3,210.8,229.5,4.0,7940.0,250.2
2019-08-10T12:22:39,33.2,214.4,231.9,6.0,7960.0,252.2
2019-08-10T12:23:10,33.1,218.5,231.9,6.0,7980.0,252.2
2019-08-10T12:23:41,33.1,196.1,226.5,6.6,8010.0,251.2
2019-08-10T12:24:12,33.1,201.4,224.2,6.6,8030.0,252.2
2019-08-10T12:24:43,33.1,209.7,234.2,5.7,8050.0,251.2
2019-08-10T12:25:14,33.1,213.8,230.1,6.3,8080.0,251.2
2019-08-10T12:25:45,33.2,209.7,227.1,5.9,8100.0,253.1
2019-08-10T12:26:17,33.2,211.4,227.1,6.2,8120.0,251.2
2019-08-10T12:26:48,33.2,211.4,225.9,6.6,8150.0,251.2
2019-08-10T12:27:19,33.2,205.5,229.5,6.3,8170.0,251.2
2019-08-10T12:27:50,33.2,207.3,230.7,6.6,8190.0,251.2
2019-08-10T12:28:21,33.1,211.4,227.7,6.6,8220.0,250.2
2019-08-10T12:28:52,33.2,213.2,227.7,6.3,8240.0,250.2
2019-08-10T12:29:23,33.1,215.6,227.7,5.6,8260.0,251.2
2019-08-10T12:29:54,33.1,210.8,231.3,4.4,8280.0,251.2
2019-08-10T12:30:25,33.2,218.5,229.5,4.2,8310.0,251.2
2019-08-10T12:30:56,33.2,210.8,233.6,4.4,8330.0,251.2
2019-08-10T12:31:28,33.1,206.7,232.4,6.4,8350.0,251.2
2019-08-10T12:31:59,32.9,204.3,231.9,6.4,8380.0,252.2
2019-08-10T12:32:30,33.0,205.5,230.1,6.5,8400.0,251.2
2019-08-10T12:33:01,33.1,202.6,229.5,6.6,8420.0,251.2
2019-08-10T12:33:32,33.2,214.4,226.5,6.5,8450.0,253.1
2019-08-10T12:34:03,33.3,213.8,225.4,6.3,8470.0,251.2
2019-08-10T12:34:34,33.4,209.1,223.0,6.6,8490.0,251.2
2019-08-10T12:35:05,33.5,203.2,224.8,6.6,8520.0,251.2
2019-08-10T12:35:36,33.5,210.2,232.4,6.5,8540.0,252.2
2019-08-10T12:36:08,33.5,210.2,227.1,4.5,8560.0,252.2
2019-08-10T12:36:39,33.3,202.0,234.2,5.6,8580.0,252.2
2019-08-10T12:37:10,33.1,192.5,233.6,6.6,8610.0,251.2
2019-08-10T12:37:41,33.1,206.1,234.8,6.3,8630.0,253.1
2019-08-10T12:38:12,32.7,197.3,234.8,6.5,8650.0,251.2
2019-08-10T12:38:43,32.9,207.3,225.9,4.9,8680.0,252.2
2019-08-10T12:39:14,32.9,199.6,224.8,6.7,8700.0,251.2
2019-08-10T12:39:45,33.1,201.4,228.3,5.7,8720.0,251.2
2019-08-10T12:40:16,33.0,202.6,223.6,5.9,8740.0,251.2
2019-08-10T12:40:48,32.7,204.3,232.4,6.2,8770.0,252.2
2019-08-10T12:41:19,32.9,189.6,232.4,6.3,8790.0,251.2
2019-08-10T12:41:50,32.9,189.6,232.4,6.8,8810.0,251.2
2019-08-10T12:42:21,33.0,202.6,233.6,6.5,8840.0,249.3
2019-08-10T12:42:52,33.1,203.2,225.9,6.6,8860.0,250.2
2019-08-10T12:43:23,33.2,200.8,226.5,6.4,8880.0,250.2
2019-08-10T12:43:54,33.3,208.5,222.4,6.6,8910.0,251.2
2019-08-10T12:44:25,33.4,204.3,224.2,6.6,8930.0,250.2
2019-08-10T12:44:56,33.4,202.0,228.9,6.4,8950.0,250.2
2019-08-10T12:45:27,33.4,197.3,228.9,6.2,8980.0,250.2
2019-08-10T12:45:59,33.5,186.0,229.5,7.0,9000.0,250.2
2019-08-10T12:46:30,33.5,189.6,231.3,6.9,9020.0,249.3
2019-08-10T12:47:01,33.5,189.6,226.5,6.7,9050.0,251.2
2019-08-10T12:47:32,33.5,204.3,225.9,6.4,9070.0,251.2
2019-08-10T12:48:03,33.5,205.5,225.9,6.4,9090.0,252.2
2019-08-10T12:48:34,33.5,203.7,224.2,6.3,9110.0,252.2
2019-08-10T12:49:05,33.7,198.4,232.4,6.5,9140.0,252.2
2019-08-10T12:49:36,33.7,203.2,236.0,6.5,9160.0,252.2
2019-08-10T12:50:07,33.8,196.1,233.6,6.5,9180.0,251.2
2019-08-10T12:50:39,33.8,203.7,234.2,6.3,9210.0,252.2
2019-08-10T12:51:10,33.3,204.3,227.7,6.4,9230.0,253.1
2019-08-10T12:51:41,33.1,168.9,225.4,7.2,9250.0,252.2
2019-08-10T12:52:12,33.0,177.2,224.8,6.9,9270.0,253.1
2019-08-10T12:52:43,32.9,179.5,225.9,5.8,9300.0,252.2
2019-08-10T12:53:14,32.9,174.8,228.9,6.8,9320.0,253.1
2019-08-10T12:53:45,32.9,169.5,230.7,6.9,9340.0,252.2
2019-08-10T12:54:16,32.7,172.4,229.5,7.0,9360.0,252.2
2019-08-10T12:54:47,32.6,177.2,230.7,6.8,9380.0,253.1
2019-08-10T12:55:18,32.7,170.7,227.1,6.9,9410.0,252.2
2019-08-10T12:55:50,32.9,179.5,230.1,6.8,9430.0,251.2
2019-08-10T12:56:21,33.0,176.6,227.1,6.6,9450.0,250.2
2019-08-10T12:56:52,33.0,166.5,227.1,7.0,9470.0,253.1
2019-08-10T12:57:23,33.0,167.7,229.5,7.0,9500.0,252.2
2019-08-10T12:57:54,33.0,171.9,232.4,6.6,9520.0,252.2
2019-08-10T12:58:25,33.0,160.6,228.3,7.3,9540.0,251.2
2019-08-10T12:58:56,33.0,171.9,230.1,7.0,9560.0,252.2
2019-08-10T12:59:27,33.1,167.1,231.3,7.0,9580.0,250.2
2019-08-10T12:59:58,33.2,165.9,229.5,7.1,9610.0,252.2
2019-08-10T13:00:29,33.2,158.3,227.7,7.4,9630.0,253.1
2019-08-10T13:01:01,33.1,165.9,227.1,7.0,9650.0,251.2
2019-08-10T13:01:32,33.1,166.5,235.4,7.0,9670.0,252.2
2019-08-10T13:02:03,33.2,158.3,233.6,7.3,9690.0,253.1
2019-08-10T13:02:34,33.2,164.2,229.5,7.2,9720.0,252.2
2019-08-10T13:03:05,33.2,164.2,228.9,7.2,9740.0,252.2
2019-08-10T13:03:36,33.3,161.2,230.1,7.2,9760.0,251.2
2019-08-10T13:04:07,33.3,164.2,225.4,7.1,9780.0,252.2
2019-08-10T13:04:38,33.4,164.8,227.1,7.1,9810.0,251.2
2019-08-10T13:05:09,33.4,165.9,226.5,7.1,9830.0,251.2
2019-08-10T13:05:40,33.4,161.8,228.3,7.3,9850.0,252.2
2019-08-10T13:06:12,33.4,153.5,227.7,7.2,9870.0,251.2
2019-08-10T13:06:43,33.4,165.4,229.5,7.2,9890.0,252.2
2019-08-10T13:07:14,33.5,174.8,230.7,6.9,9920.0,252.2
2019-08-10T13:07:45,33.7,174.2,230.1,7.0,9940.0,253.1
2019-08-10T13:08:16,33.7,175.4,231.9,6.2,9960.0,253.1
2019-08-10T13:08:47,33.8,173.0,229.5,7.0,9980.0,252.2
2019-08-10T13:09:18,33.9,176.6,227.1,6.8,10000.0,253.1
2019-08-10T13:09:49,33.9,175.4,224.8,6.1,10030.0,252.2
2019-08-10T13:10:20,34.0,162.4,225.9,7.2,10050.0,251.2
2019-08-10T13:10:51,33.9,177.2,227.7,6.7,10070.0,251.2
2019-08-10T13:11:23,34.0,169.5,224.2,7.0,10090.0,251.2
2019-08-10T13:11:54,34.0,173.6,223.0,7.0,10120.0,253.1
2019-08-10T13:12:25,33.9,173.0,232.4,5.6,10140.0,251.2
2019-08-10T13:12:56,33.8,159.4,233.0,7.2,10160.0,251.2
2019-08-10T13:13:27,33.8,160.0,231.3,6.5,10180.0,250.2
2019-08-10T13:13:58,33.8,167.7,228.9,6.7,10200.0,250.2
2019-08-10T13:14:29,33.3,156.5,225.9,7.0,10220.0,250.2
2019-08-10T13:15:00,33.0,152.9,224.8,6.3,10240.0,249.3
2019-08-10T13:15:31,33.0,150.6,226.5,7.2,10270.0,250.2
2019-08-10T13:16:03,33.0,164.8,224.2,7.0,10290.0,249.3
2019-08-10T13:16:34,33.1,155.9,222.4,7.3,10310.0,250.2
2019-08-10T13:17:05,33.1,151.8,224.2,6.3,10330.0,249.3
2019-08-10T13:17:36,33.1,141.1,227.1,7.2,10350.0,250.2
2019-08-10T13:18:07,33.2,143.5,228.9,7.5,10370.0,249.3
2019-08-10T13:18:38,33.2,152.9,233.0,7.1,10390.0,249.3
2019-08-10T13:19:09,33.1,140.5,234.8,7.5,10410.0,250.2
2019-08-10T13:19:40,33.2,143.5,232.4,7.0,10430.0,249.3
2019-08-10T13:20:11,33.2,148.2,236.0,7.3,10450.0,250.2
2019-08-10T13:20:42,33.0,140.5,233.0,7.3,10480.0,249.3
2019-08-10T13:21:14,32.9,141.1,235.4,7.2,10500.0,251.2
2019-08-10T13:21:45,32.9,146.4,231.3,7.3,10520.0,250.2
2019-08-10T13:22:16,32.7,145.3,234.8,7.0,10540.0,250.2
2019-08-10T13:22:47,32.9,147.0,225.4,6.8,10560.0,250.2
2019-08-10T13:23:18,32.9,156.5,233.0,5.9,10580.0,254.1
2019-08-10T13:23:49,33.0,148.8,233.6,6.8,10600.0,251.2
2019-08-10T13:24:20,33.0,137.6,236.0,7.3,10620.0,252.2
2019-08-10T13:24:51,33.0,144.1,234.2,7.0,10640.0,252.2
2019-08-10T13:25:22,33.0,141.1,233.0,7.2,10660.0,254.1
2019-08-10T13:25:54,33.0,150.0,238.4,6.3,10680.0,253.1
2019-08-10T13:26:25,32.9,142.9,234.8,7.1,10700.0,254.1
2019-08-10T13:26:56,33.0,140.5,231.9,7.2,10730.0,252.2
2019-08-10T13:27:27,32.9,144.7,231.9,7.0,10750.0,252.2
2019-08-10T13:27:58,33.0,145.3,228.9,6.9,10770.0,252.2
2019-08-10T13:28:29,33.1,145.3,226.5,7.4,10790.0,251.2
2019-08-10T13:29:00,33.1,165.9,228.3,6.0,10810.0,252.2
2019-08-10T13:29:31,33.2,160.0,229.5,5.1,10830.0,251.2
2019-08-10T13:30:02,33.3,142.3,225.4,7.0,10850.0,251.2
2019-08-10T13:30:34,33.5,141.7,223.0,7.1,10870.0,252.2
2019-08-10T13:31:06,33.5,145.3,222.4,6.9,10890.0,250.2
2019-08-10T13:31:37,33.5,137.0,222.4,7.2,10910.0,251.2
2019-08-10T13:32:08,33.5,143.5,224.2,7.3,10930.0,251.2
2019-08-10T13:32:39,33.5,145.9,225.9,6.9,10950.0,252.2
2019-08-10T13:33:10,33.7,140.5,226.5,7.1,10970.0,251.2
2019-08-10T13:33:41,33.7,142.9,228.3,6.0,10990.0,252.2
2019-08-10T13:34:12,33.7,136.4,232.4,7.4,11010.0,251.2
2019-08-10T13:34:43,33.7,144.1,236.0,7.0,11030.0,251.2
2019-08-10T13:35:14,33.7,135.2,230.1,7.2,11060.0,249.3
2019-08-10T13:35:45,33.7,145.3,225.4,6.2,11080.0,251.2
2019-08-10T13:36:17,33.5,147.6,262.6,2.8,11090.0,247.3
2019-08-10T13:36:48,33.5,157.1,192.8,2.8,11100.0,245.4
2019-08-10T13:37:19,33.3,148.2,230.7,4.5,11120.0,251.2
2019-08-10T13:37:50,33.0,152.4,225.9,1.4,11130.0,246.4
2019-08-10T13:38:21,33.1,145.3,222.4,0.9,11140.0,244.4
2019-08-10T13:38:52,33.0,137.0,182.8,5.1,11140.0,252.2
2019-08-10T13:39:23,32.6,144.1,207.6,6.6,11160.0,253.1
2019-08-10T13:39:54,32.5,130.5,239.5,7.4,11180.0,253.1
2019-08-10T13:40:25,32.6,140.0,227.7,5.0,11200.0,252.2
2019-08-10T13:40:56,32.7,139.4,228.9,6.8,11220.0,254.1
2019-08-10T13:41:28,32.7,132.3,236.6,7.2,11240.0,251.2
2019-08-10T13:41:59,32.5,127.5,228.3,6.8,11260.0,253.1
2019-08-10T13:42:30,32.3,128.1,225.4,7.1,11280.0,252.2
2019-08-10T13:43:01,32.4,120.5,224.8,7.5,11300.0,253.1
2019-08-10T13:43:32,32.5,130.5,225.4,7.3,11320.0,252.2
2019-08-10T13:44:03,32.4,128.7,235.4,7.3,11340.0,253.1
2019-08-10T13:44:34,32.5,127.5,235.4,7.2,11360.0,253.1
2019-08-10T13:45:05,32.6,122.2,236.0,7.0,11380.0,253.1
2019-08-10T13:45:36,32.6,124.0,234.2,6.9,11400.0,251.2
2019-08-10T13:46:08,32.5,121.0,227.1,7.1,11420.0,250.2
2019-08-10T13:46:39,32.6,119.9,228.3,7.1,11440.0,252.2
2019-08-10T13:47:10,32.7,121.0,228.9,7.2,11460.0,250.2
2019-08-10T13:47:41,32.7,129.3,228.3,6.4,11480.0,250.2
2019-08-10T13:48:12,32.9,121.0,229.5,7.0,11490.0,249.3
2019-08-10T13:48:43,32.9,119.3,227.1,7.1,11510.0,250.2
2019-08-10T13:49:14,33.0,124.0,231.3,6.8,11530.0,250.2
2019-08-10T13:49:45,33.0,123.4,231.9,7.0,11550.0,250.2
2019-08-10T13:50:16,33.1,134.0,230.7,4.8,11570.0,249.3
2019-08-10T13:50:47,32.7,129.3,231.3,4.7,11590.0,250.2
2019-08-10T13:51:19,32.7,120.5,231.9,7.1,11610.0,249.3
2019-08-10T13:51:50,32.9,125.2,231.9,6.7,11630.0,250.2
2019-08-10T13:52:21,32.9,118.7,233.6,7.1,11650.0,250.2
2019-08-10T13:52:52,32.9,126.4,232.4,6.8,11670.0,252.2
2019-08-10T13:53:23,32.7,125.2,227.7,6.9,11690.0,251.2
2019-08-10T13:53:54,32.9,118.7,222.4,7.4,11710.0,251.2
2019-08-10T13:54:25,33.0,123.4,225.9,7.1,11720.0,250.2
2019-08-10T13:54:56,33.1,123.4,227.7,7.0,11740.0,252.2
2019-08-10T13:55:27,33.0,122.8,228.3,6.9,11760.0,251.2
2019-08-10T13:55:58,33.0,121.0,232.4,5.8,11780.0,252.2
2019-08-10T13:56:30,32.9,123.4,231.9,6.8,11800.0,250.2
2019-08-10T13:57:01,32.9,116.3,233.0,6.6,11820.0,252.2
2019-08-10T13:57:32,32.9,116.3,230.7,6.8,11840.0,250.2
2019-08-10T13:58:03,33.0,118.1,226.5,6.9,11860.0,251.2
2019-08-10T13:58:34,33.1,114.6,236.6,7.2,11870.0,251.2
2019-08-10T13:59:05,33.1,108.6,229.5,7.1,11890.0,251.2
2019-08-10T13:59:36,33.0,127.5,229.5,6.4,11910.0,251.2
2019-08-10T14:00:07,33.1,139.4,225.4,4.9,11930.0,250.2
2019-08-10T14:00:38,33.2,140.5,228.9,6.3,11950.0,252.2
2019-08-10T14:01:10,33.2,131.1,228.9,6.2,11970.0,250.2
2019-08-10T14:01:41,33.2,118.1,230.7,6.5,11990.0,250.2
2019-08-10T14:02:12,33.2,118.7,230.7,6.8,12010.0,249.3
2019-08-10T14:02:43,33.3,113.4,225.9,7.1,12020.0,249.3
2019-08-10T14:03:14,33.3,116.3,226.5,6.9,12040.0,250.2
2019-08-10T14:03:45,33.3,109.8,228.3,6.9,12060.0,250.2
2019-08-10T14:04:16,33.3,115.7,224.8,6.5,12080.0,250.2
2019-08-10T14:04:47,33.2,118.1,223.0,6.2,12100.0,250.2
2019-08-10T14:05:18,33.2,121.0,222.4,5.6,12110.0,251.2
2019-08-10T14:05:49,33.1,119.9,224.8,6.1,12130.0,250.2
2019-08-10T14:06:21,33.1,115.1,223.6,5.0,12150.0,251.2
2019-08-10T14:06:52,32.7,104.5,224.8,6.5,12170.0,250.2
2019-08-10T14:07:23,32.7,111.0,229.5,5.9,12190.0,252.2
2019-08-10T14:07:54,32.9,105.1,228.9,6.5,12200.0,251.2
2019-08-10T14:08:25,32.9,104.5,226.5,7.0,12220.0,251.2
2019-08-10T14:08:56,32.9,121.6,230.1,6.1,12240.0,250.2
2019-08-10T14:09:27,33.0,114.6,229.5,6.8,12260.0,252.2
2019-08-10T14:09:58,33.0,108.1,226.5,6.8,12270.0,248.3
2019-08-10T14:10:29,33.1,118.1,230.1,6.8,12290.0,250.2
2019-08-10T14:11:00,33.1,118.1,228.9,6.3,12310.0,250.2
2019-08-10T14:11:31,33.2,119.3,230.7,6.2,12330.0,249.3
2019-08-10T14:12:02,33.3,116.3,231.9,5.4,12340.0,249.3
2019-08-10T14:12:33,33.2,109.2,233.0,6.8,12360.0,249.3
2019-08-10T14:13:04,33.2,103.3,235.4,6.5,12380.0,249.3
2019-08-10T14:13:35,33.1,108.6,227.7,6.0,12400.0,249.3
2019-08-10T14:14:06,33.0,108.6,230.7,6.5,12410.0,250.2
2019-08-10T14:14:37,33.1,102.7,223.6,6.7,12430.0,250.2
2019-08-10T14:15:08,33.2,106.9,224.8,6.3,12450.0,250.2
2019-08-10T14:15:40,33.2,115.1,225.9,6.4,12470.0,248.3
2019-08-10T14:16:11,33.0,109.2,229.5,6.7,12480.0,251.2
2019-08-10T14:16:42,33.1,127.5,233.6,6.3,12500.0,250.2
2019-08-10T14:17:13,33.2,127.5,229.5,4.8,12520.0,251.2
2019-08-10T14:17:44,33.3,116.9,231.9,6.7,12540.0,250.2
2019-08-10T14:18:15,33.3,121.6,230.1,4.9,12550.0,251.2
2019-08-10T14:18:46,33.2,114.6,228.9,6.5,12570.0,249.3
2019-08-10T14:19:17,33.2,124.0,227.7,6.2,12590.0,250.2
2019-08-10T14:19:48,33.2,128.1,231.9,6.2,12610.0,251.2
2019-08-10T14:20:19,33.3,119.3,230.7,5.9,12630.0,251.2
2019-08-10T14:20:51,33.3,113.4,229.5,6.5,12640.0,249.3
2019-08-10T14:21:22,33.3,125.8,231.3,6.0,12660.0,250.2
2019-08-10T14:21:53,33.4,138.8,232.4,5.4,12680.0,250.2
2019-08-10T14:22:24,33.5,123.4,229.5,6.3,12700.0,251.2
2019-08-10T14:22:55,33.5,127.0,229.5,6.2,12710.0,250.2
2019-08-10T14:23:26,33.5,125.2,228.3,5.1,12730.0,250.2
2019-08-10T14:23:57,33.5,121.6,236.6,5.7,12750.0,249.3
2019-08-10T14:24:28,33.3,127.5,233.6,6.1,12760.0,251.2
2019-08-10T14:24:59,33.3,112.8,233.6,6.2,12780.0,249.3
2019-08-10T14:25:30,33.3,115.1,231.9,6.3,12800.0,251.2
2019-08-10T14:26:02,33.3,115.7,223.0,6.2,12820.0,249.3
2019-08-10T14:26:33,33.3,121.0,236.6,1.9,12830.0,244.4
2019-08-10T14:27:04,33.2,115.7,230.7,2.8,12840.0,244.4
2019-08-10T14:27:35,33.3,122.2,233.0,6.5,12850.0,250.2
2019-08-10T14:28:06,33.3,124.0,228.3,5.7,12870.0,247.3
2019-08-10T14:28:37,33.3,117.5,227.1,6.2,12880.0,249.3
2019-08-10T14:29:08,33.1,106.9,231.3,4.9,12900.0,250.2
2019-08-10T14:29:39,33.1,106.9,232.4,6.1,12920.0,251.2
2019-08-10T14:30:10,32.9,106.9,227.1,6.1,12930.0,248.3
2019-08-10T14:30:42,32.6,102.7,231.9,6.4,12950.0,250.2
2019-08-10T14:31:14,32.9,102.1,226.5,6.5,12970.0,249.3
2019-08-10T14:31:45,32.9,112.2,227.1,5.4,12980.0,250.2
2019-08-10T14:32:16,33.0,102.1,227.1,6.2,13000.0,248.3
2019-08-10T14:32:47,33.0,95.6,231.3,5.4,13020.0,250.2
2019-08-10T14:33:18,33.0,106.9,220.6,6.0,13030.0,250.2
2019-08-10T14:33:49,33.0,111.6,227.1,5.7,13050.0,248.3
2019-08-10T14:34:20,32.7,102.7,237.2,6.3,13060.0,249.3
2019-08-10T14:34:51,32.9,104.5,233.0,6.2,13080.0,249.3
2019-08-10T14:35:22,33.0,106.3,237.8,4.9,13100.0,249.3
2019-08-10T14:35:54,33.0,103.9,230.7,6.1,13110.0,249.3
2019-08-10T14:36:25,33.0,106.9,228.3,6.0,13130.0,250.2
2019-08-10T14:36:56,33.1,107.5,229.5,6.0,13150.0,250.2
2019-08-10T14:37:27,33.1,132.9,225.4,1.9,13160.0,249.3
2019-08-10T14:37:58,33.0,121.0,229.5,3.5,13180.0,249.3
2019-08-10T14:38:29,32.9,105.7,225.4,6.1,13190.0,249.3
2019-08-10T14:39:00,32.6,105.1,227.1,6.1,13210.0,249.3
2019-08-10T14:39:31,32.7,105.7,226.5,6.0,13220.0,249.3
2019-08-10T14:40:02,33.0,105.1,228.3,6.0,13240.0,251.2
2019-08-10T14:40:34,33.0,105.7,227.1,5.9,13260.0,249.3
2019-08-10T14:41:05,33.1,102.7,227.7,6.1,13270.0,248.3
2019-08-10T14:41:36,33.2,107.5,228.3,6.2,13290.0,248.3
2019-08-10T14:42:07,33.2,107.5,230.7,5.6,13300.0,249.3
2019-08-10T14:42:38,32.9,102.7,232.4,4.8,13320.0,249.3
2019-08-10T14:43:09,32.7,109.2,224.8,2.9,13340.0,249.3
2019-08-10T14:43:40,32.9,103.9,233.6,6.1,13350.0,249.3
2019-08-10T14:44:11,33.0,105.7,234.8,5.9,13370.0,248.3
2019-08-10T14:44:42,32.9,107.5,230.1,5.8,13380.0,249.3
2019-08-10T14:45:13,32.7,104.5,220.6,1.7,13390.0,242.5
2019-08-10T14:45:45,32.7,114.0,209.4,3.9,13400.0,250.2
2019-08-10T14:46:16,32.7,111.6,200.5,2.7,13410.0,248.3
2019-08-10T14:46:47,32.7,107.5,225.9,6.1,13420.0,251.2
2019-08-10T14:47:18,32.6,108.6,230.1,5.9,13440.0,250.2
2019-08-10T14:47:49,32.7,107.5,231.3,3.9,13460.0,249.3
2019-08-10T14:48:20,32.6,114.6,236.6,6.1,13470.0,249.3
2019-08-10T14:48:51,32.6,95.6,229.5,0.3,13480.0,250.2
2019-08-10T14:49:22,32.4,109.2,231.9,5.1,13500.0,249.3
2019-08-10T14:49:53,32.5,108.6,232.4,0.6,13510.0,248.3
2019-08-10T14:50:24,32.4,119.3,225.9,3.8,13530.0,249.3
2019-08-10T14:50:56,32.2,114.0,227.1,4.8,13540.0,251.2
2019-08-10T14:51:27,32.2,111.0,231.9,2.9,13560.0,251.2
2019-08-10T14:51:58,32.2,112.8,235.4,6.2,13570.0,248.3
2019-08-10T14:52:29,32.3,106.9,236.6,5.7,13580.0,250.2
2019-08-10T14:53:00,32.4,107.5,234.8,3.8,13600.0,249.3
2019-08-10T14:53:31,32.4,113.4,230.1,4.4,13610.0,250.2
2019-08-10T14:54:02,32.5,109.8,229.5,3.8,13630.0,249.3
2019-08-10T14:54:33,32.5,112.8,231.3,3.9,13640.0,250.2
2019-08-10T14:55:04,32.6,114.0,235.4,3.5,13650.0,250.2
2019-08-10T14:55:36,32.6,121.6,227.7,1.7,13670.0,250.2
2019-08-10T14:56:07,32.4,118.1,227.7,1.0,13680.0,251.2
2019-08-10T14:56:38,32.3,122.8,228.3,2.6,13690.0,250.2
2019-08-10T14:57:09,32.4,122.8,225.9,1.5,13710.0,249.3
2019-08-10T14:57:40,32.4,111.6,230.7,2.7,13720.0,249.3
2019-08-10T14:58:11,32.4,105.7,233.0,3.9,13730.0,251.2
2019-08-10T14:58:42,32.5,109.8,229.5,0.4,13750.0,249.3
2019-08-10T14:59:13,32.5,95.6,232.4,4.6,13760.0,250.2
2019-08-10T14:59:44,32.3,105.1,225.4,1.4,13770.0,250.2
2019-08-10T15:00:15,32.3,141.7,228.9,1.0,13780.0,249.3
2019-08-10T15:00:47,32.3,145.3,225.4,1.0,13790.0,250.2
2019-08-10T15:01:18,32.2,142.9,230.7,0.9,13810.0,248.3
2019-08-10T15:01:49,32.0,144.1,227.7,1.2,13820.0,250.2
2019-08-10T15:02:20,32.0,140.0,237.2,1.0,13830.0,250.2
2019-08-10T15:02:51,32.0,138.2,232.4,1.0,13840.0,249.3
2019-08-10T15:03:22,31.9,137.6,229.5,0.8,13850.0,249.3
2019-08-10T15:03:53,31.8,145.9,228.3,1.1,13860.0,249.3
2019-08-10T15:04:24,31.9,149.4,228.9,0.9,13880.0,251.2
2019-08-10T15:04:55,31.8,150.6,229.5,1.1,13890.0,250.2
2019-08-10T15:05:26,31.9,154.7,228.3,0.8,13900.0,247.3
2019-08-10T15:05:58,32.0,162.4,228.3,0.9,13910.0,249.3
2019-08-10T15:06:29,32.0,166.5,228.3,0.7,13920.0,249.3
2019-08-10T15:07:00,31.8,177.8,229.5,0.8,13930.0,249.3
2019-08-10T15:07:31,31.7,189.6,231.9,0.9,13940.0,249.3
2019-08-10T15:08:02,31.8,197.3,234.8,0.7,13960.0,250.2
2019-08-10T15:08:33,31.8,213.8,232.4,0.6,13970.0,249.3
2019-08-10T15:09:04,31.8,203.7,238.4,0.7,13980.0,249.3
2019-08-10T15:09:35,31.8,223.2,238.4,0.7,13990.0,249.3
2019-08-10T15:10:06,31.8,237.4,236.0,0.6,14000.0,249.3
2019-08-10T15:10:38,31.8,223.2,237.8,0.7,14010.0,250.2
2019-08-10T15:11:09,31.7,225.0,234.8,0.7,14020.0,247.3
2019-08-10T15:11:40,31.7,238.0,239.0,0.6,14030.0,248.3
2019-08-10T15:12:11,31.6,224.4,237.8,0.6,14050.0,248.3
2019-08-10T15:12:42,31.5,233.9,234.2,0.7,14060.0,248.3
2019-08-10T15:13:13,31.2,229.2,234.8,0.7,14070.0,247.3
2019-08-10T15:13:44,31.4,230.9,228.9,0.6,14080.0,248.3
2019-08-10T15:14:15,31.4,223.8,232.4,0.7,14090.0,247.3
2019-08-10T15:14:46,31.4,239.8,231.3,0.6,14100.0,247.3
2019-08-10T15:15:17,31.2,228.6,236.0,0.7,14110.0,247.3
2019-08-10T15:15:49,31.4,218.5,239.5,0.7,14120.0,246.4
2019-08-10T15:16:20,31.4,219.7,237.8,0.7,14130.0,248.3
2019-08-10T15:16:51,31.5,220.9,240.1,0.7,14140.0,246.4
2019-08-10T15:17:22,31.5,204.3,236.6,0.6,14160.0,248.3
2019-08-10T15:17:53,31.2,207.3,238.4,0.7,14170.0,247.3
2019-08-10T15:18:24,31.2,209.1,239.5,0.7,14180.0,248.3
2019-08-10T15:18:55,31.4,211.4,234.2,0.7,14190.0,247.3
2019-08-10T15:19:26,31.4,226.2,235.4,0.6,14200.0,248.3
2019-08-10T15:19:57,31.4,210.8,228.9,0.7,14210.0,248.3
2019-08-10T15:20:28,31.5,196.7,228.9,0.7,14220.0,246.4
2019-08-10T15:21:00,31.5,208.5,237.8,0.6,14230.0,247.3
2019-08-10T15:21:31,31.6,226.8,233.6,0.7,14240.0,248.3
2019-08-10T15:22:02,31.5,213.8,238.4,0.6,14250.0,248.3
2019-08-10T15:22:33,31.4,235.6,228.3,0.7,14260.0,247.3
2019-08-10T15:23:04,31.4,235.1,231.9,0.6,14270.0,248.3
2019-08-10T15:23:35,31.1,238.0,233.0,0.7,14280.0,249.3
2019-08-10T15:24:06,31.1,225.0,233.6,0.6,14300.0,248.3
2019-08-10T15:24:37,31.2,228.0,234.2,0.6,14310.0,245.4
2019-08-10T15:25:08,31.4,222.1,227.7,0.7,14320.0,245.4
2019-08-10T15:25:39,31.2,242.1,230.7,0.6,14330.0,246.4
2019-08-10T15:26:11,31.4,230.3,228.9,0.7,14340.0,248.3
2019-08-10T15:26:42,31.4,227.4,236.6,0.6,14350.0,247.3
2019-08-10T15:27:13,31.5,207.3,237.8,0.7,14360.0,248.3
2019-08-10T15:27:44,31.5,223.2,239.0,0.7,14370.0,248.3
2019-08-10T15:28:15,31.6,235.1,236.6,0.6,14380.0,249.3
2019-08-10T15:28:46,31.4,222.1,234.8,0.6,14390.0,248.3
2019-08-10T15:29:17,31.4,229.7,236.0,0.7,14400.0,248.3
2019-08-10T15:29:48,31.5,232.1,226.5,0.6,14410.0,247.3
2019-08-10T15:30:19,31.4,241.0,230.7,0.6,14420.0,247.3
2019-08-10T15:30:50,31.4,240.4,231.9,0.6,14430.0,248.3
2019-08-10T15:31:22,31.2,233.3,228.9,0.6,14440.0,248.3
2019-08-10T15:31:53,31.2,233.3,228.9,0.6,14450.0,248.3
2019-08-10T15:32:24,31.2,239.8,226.5,0.6,14460.0,247.3
2019-08-10T15:32:55,31.4,224.4,231.3,0.6,14470.0,248.3
2019-08-10T15:33:26,31.4,226.8,238.4,0.7,14480.0,247.3
2019-08-10T15:33:57,31.1,206.1,237.2,0.7,14490.0,247.3
2019-08-10T15:34:28,31.1,199.6,233.6,0.7,14500.0,247.3
2019-08-10T15:34:59,30.9,203.7,237.2,0.7,14510.0,247.3
2019-08-10T15:35:30,31.0,193.1,235.4,0.7,14520.0,247.3
2019-08-10T15:36:01,31.0,176.0,230.1,0.7,14530.0,247.3
2019-08-10T15:36:32,31.0,173.0,228.9,0.7,14540.0,247.3
2019-08-10T15:37:03,31.1,163.6,233.6,0.7,14550.0,248.3
2019-08-10T15:37:34,31.0,165.9,236.0,0.8,14560.0,247.3
2019-08-10T15:38:05,31.0,173.0,232.4,0.9,14570.0,247.3
2019-08-10T15:38:36,31.1,170.7,231.3,1.0,14580.0,248.3
2019-08-10T15:39:07,31.1,168.3,230.1,0.9,14590.0,247.3
2019-08-10T15:39:38,31.1,168.9,227.7,0.8,14600.0,248.3
2019-08-10T15:40:09,31.0,168.3,232.4,1.0,14610.0,249.3
2019-08-10T15:40:41,31.0,177.8,230.7,0.7,14620.0,247.3
2019-08-10T15:41:12,31.0,181.3,232.4,0.8,14630.0,248.3
2019-08-10T15:41:43,30.8,203.2,233.0,0.7,14640.0,249.3
2019-08-10T15:42:14,30.9,189.0,231.9,0.8,14650.0,248.3
2019-08-10T15:42:45,31.0,196.1,230.7,0.7,14650.0,249.3
2019-08-10T15:43:16,31.1,205.5,231.9,0.6,14660.0,249.3
2019-08-10T15:43:47,31.1,212.0,230.7,0.6,14670.0,247.3
2019-08-10T15:44:18,31.1,228.6,230.7,0.6,14680.0,247.3
2019-08-10T15:44:49,30.8,226.2,236.6,0.7,14690.0,248.3
2019-08-10T15:45:20,30.9,235.1,228.9,0.5,14700.0,248.3
2019-08-10T15:45:52,30.9,225.0,228.3,0.7,14710.0,250.2
2019-08-10T15:46:23,30.8,230.3,231.3,0.6,14720.0,249.3
2019-08-10T15:46:54,30.8,222.1,232.4,0.6,14730.0,248.3
2019-08-10T15:47:25,30.8,227.4,233.6,0.7,14740.0,250.2
2019-08-10T15:47:56,30.9,225.0,236.6,0.6,14750.0,249.3
2019-08-10T15:48:27,30.9,233.9,234.8,0.6,14760.0,249.3
2019-08-10T15:48:58,30.9,213.2,237.2,0.7,14760.0,250.2
2019-08-10T15:49:29,31.0,209.1,237.2,0.6,14770.0,247.3
2019-08-10T15:50:00,31.0,228.0,240.7,0.6,14780.0,248.3
2019-08-10T15:50:32,31.0,234.5,236.6,0.7,14790.0,247.3
2019-08-10T15:51:03,31.1,227.4,231.9,0.7,14800.0,247.3
2019-08-10T15:51:34,31.1,238.6,233.6,0.5,14810.0,249.3
2019-08-10T15:52:05,30.9,230.3,232.4,0.6,14820.0,249.3
2019-08-10T15:52:36,30.9,239.8,230.7,0.6,14830.0,248.3
2019-08-10T15:53:07,30.8,222.7,229.5,0.6,14840.0,247.3
2019-08-10T15:53:38,30.8,210.8,232.4,0.6,14840.0,248.3
2019-08-10T15:54:09,30.7,226.2,237.2,0.6,14850.0,248.3
2019-08-10T15:54:40,30.7,230.9,239.5,0.6,14860.0,248.3
2019-08-10T15:55:11,30.7,208.5,241.3,1.1,14870.0,246.4
2019-08-10T15:55:43,30.8,213.8,238.4,0.6,14880.0,247.3
2019-08-10T15:56:14,30.8,213.8,241.3,0.7,14890.0,247.3
2019-08-10T15:56:45,30.5,200.2,242.5,0.7,14900.0,248.3
2019-08-10T15:57:16,30.7,199.0,244.3,0.8,14910.0,248.3
2019-08-10T15:57:47,30.7,202.6,237.8,0.7,14910.0,247.3
2019-08-10T15:58:18,30.5,200.2,236.0,0.9,14920.0,247.3
2019-08-10T15:58:49,30.7,187.2,229.5,0.7,14930.0,248.3
2019-08-10T15:59:20,30.7,183.1,232.4,0.9,14940.0,249.3
2019-08-10T15:59:51,30.7,183.1,233.0,0.7,14950.0,248.3
2019-08-10T16:00:22,30.8,177.2,232.4,0.9,14960.0,248.3
2019-08-10T16:00:54,30.9,177.8,231.3,0.9,14960.0,247.3
2019-08-10T16:01:25,30.9,181.9,237.8,0.7,14970.0,246.4
2019-08-10T16:01:56,31.0,165.9,231.3,0.9,14980.0,246.4
2019-08-10T16:02:27,31.0,163.6,233.0,1.1,14990.0,248.3
2019-08-10T16:02:58,31.0,164.2,237.2,1.2,15000.0,248.3
2019-08-10T16:03:29,30.9,164.8,239.0,1.1,15010.0,247.3
2019-08-10T16:04:00,30.9,163.6,236.0,1.0,15010.0,249.3
2019-08-10T16:04:31,30.9,158.3,231.3,1.0,15020.0,249.3
2019-08-10T16:05:02,30.9,149.4,234.8,0.9,15030.0,250.2
2019-08-10T16:05:34,30.9,148.8,236.6,1.0,15040.0,248.3
2019-08-10T16:06:05,30.9,137.6,240.1,1.2,15050.0,248.3
2019-08-10T16:06:36,30.8,132.9,236.0,0.9,15050.0,248.3
2019-08-10T16:07:07,30.9,143.5,240.1,1.1,15060.0,249.3
2019-08-10T16:07:38,31.0,147.6,239.5,1.2,15070.0,247.3
2019-08-10T16:08:09,31.0,144.7,241.9,1.0,15080.0,248.3
2019-08-10T16:08:40,31.1,150.0,241.9,0.9,15080.0,248.3
2019-08-10T16:09:11,30.9,162.4,241.3,1.1,15090.0,248.3
2019-08-10T16:09:42,30.9,154.1,241.9,1.1,15100.0,248.3
2019-08-10T16:10:13,30.9,155.3,231.9,1.0,15110.0,248.3
2019-08-10T16:10:45,30.9,155.3,237.2,1.1,15120.0,248.3
2019-08-10T16:11:16,30.9,154.1,243.7,1.0,15120.0,247.3
2019-08-10T16:11:47,30.8,161.8,242.5,1.2,15130.0,248.3
2019-08-10T16:12:18,30.8,170.1,240.1,0.8,15140.0,246.4
2019-08-10T16:12:49,30.7,157.7,241.9,1.1,15150.0,248.3
2019-08-10T16:13:20,30.7,158.9,238.4,1.1,15150.0,248.3
2019-08-10T16:13:51,30.5,154.7,237.2,0.9,15160.0,247.3
2019-08-10T16:14:22,30.5,159.4,232.4,1.0,15170.0,248.3
2019-08-10T16:14:53,30.4,162.4,244.3,0.9,15180.0,246.4
2019-08-10T16:15:24,30.4,174.2,233.6,1.0,15180.0,246.4
2019-08-10T16:15:56,30.4,178.9,236.6,0.9,15190.0,247.3
2019-08-10T16:16:27,30.5,173.0,237.8,0.8,15200.0,246.4
2019-08-10T16:16:58,30.5,178.9,242.5,0.9,15200.0,247.3
2019-08-10T16:17:29,30.7,183.1,236.6,0.8,15210.0,247.3
2019-08-10T16:18:00,30.7,187.8,233.0,0.8,15220.0,246.4
2019-08-10T16:18:31,30.8,187.8,234.8,0.8,15230.0,247.3
2019-08-10T16:19:02,30.8,199.6,241.3,0.9,15230.0,246.4
2019-08-10T16:19:33,30.9,212.0,239.5,0.8,15240.0,247.3
2019-08-10T16:20:05,30.8,209.1,240.1,0.6,15250.0,246.4
2019-08-10T16:20:36,30.8,212.0,235.4,0.3,15250.0,244.4
2019-08-10T16:21:08,30.8,195.5,213.5,0.4,15250.0,244.4
2019-08-10T16:21:39,30.8,209.7,191.6,0.4,15250.0,244.4
2019-08-10T16:22:10,30.7,220.9,212.9,0.5,15260.0,243.5
2019-08-10T16:22:41,30.7,213.2,230.7,0.5,15260.0,243.5
2019-08-10T16:23:12,30.7,239.2,267.9,0.6,15260.0,246.4
2019-08-10T16:23:43,30.8,229.7,245.5,0.6,15270.0,247.3
2019-08-10T16:24:14,30.8,225.6,234.8,0.7,15270.0,246.4
2019-08-10T16:24:45,30.8,235.1,239.0,0.7,15280.0,247.3
2019-08-10T16:25:16,30.8,223.2,243.7,0.7,15290.0,248.3
2019-08-10T16:25:47,30.9,228.0,241.9,0.7,15290.0,246.4
2019-08-10T16:26:19,30.9,231.5,243.1,0.7,15300.0,246.4
2019-08-10T16:26:50,30.9,221.5,239.0,0.5,15310.0,246.4
2019-08-10T16:27:21,30.9,219.7,238.4,0.6,15310.0,246.4
2019-08-10T16:27:52,30.7,242.1,263.8,0.6,15310.0,246.4
2019-08-10T16:28:23,30.5,231.5,248.4,0.1,15320.0,244.4
2019-08-10T16:28:54,30.5,210.8,220.0,0.5,15320.0,244.4
2019-08-10T16:29:25,30.5,226.2,198.7,0.5,15320.0,244.4
2019-08-10T16:29:56,30.5,222.1,162.6,0.6,15330.0,246.4
2019-08-10T16:30:27,30.5,222.7,180.4,0.6,15330.0,246.4
2019-08-10T16:30:58,30.5,214.4,216.5,0.8,15340.0,247.3
2019-08-10T16:31:30,30.5,201.4,240.1,0.9,15340.0,245.4
2019-08-10T16:32:01,30.4,191.9,235.4,0.9,15350.0,247.3
2019-08-10T16:32:32,30.4,195.5,244.3,1.0,15350.0,246.4
2019-08-10T16:33:03,30.4,201.4,241.3,0.4,15360.0,243.5
2019-08-10T16:34:00,30.4,197.3,236.0,0.4,15360.0,243.5
2019-08-10T16:34:31,30.4,219.7,211.7,0.4,15360.0,244.4
2019-08-10T16:35:02,30.4,198.4,232.4,0.5,15360.0,245.4
2019-08-10T16:35:34,30.3,207.9,234.8,0.4,15360.0,245.4
2019-08-10T16:36:05,30.2,214.4,197.0,0.6,15370.0,245.4
2019-08-10T16:36:36,30.2,208.5,216.5,0.7,15370.0,244.4
2019-08-10T16:37:07,30.2,203.7,210.6,0.5,15370.0,243.5
2019-08-10T16:37:38,29.7,188.4,186.9,0.7,15380.0,245.4
2019-08-10T16:38:09,30.1,183.7,220.6,0.8,15380.0,245.4
2019-08-10T16:38:40,30.1,186.0,240.1,0.7,15390.0,246.4
2019-08-10T16:39:11,30.1,190.2,239.5,0.8,15390.0,245.4
2019-08-10T16:39:42,29.7,191.9,231.3,1.2,15400.0,246.4
2019-08-10T16:40:13,29.7,198.4,243.7,1.1,15400.0,246.4
2019-08-10T16:40:45,29.7,193.1,244.9,0.8,15410.0,245.4
2019-08-10T16:41:16,29.7,200.8,243.7,0.9,15410.0,246.4
2019-08-10T16:41:47,29.7,194.9,239.0,0.8,15420.0,245.4
2019-08-10T16:42:18,29.7,206.1,233.6,0.6,15420.0,244.4
2019-08-10T16:42:49,29.7,212.0,242.5,0.7,15430.0,245.4
2019-08-10T16:43:20,29.7,203.2,237.8,0.7,15430.0,245.4
2019-08-10T16:43:51,29.0,202.0,236.0,0.6,15440.0,243.5
2019-08-10T16:44:22,29.0,189.0,246.6,0.7,15440.0,242.5
2019-08-10T16:44:53,29.4,187.8,239.5,1.1,15450.0,243.5
2019-08-10T16:45:24,29.4,206.7,237.8,0.7,15450.0,245.4
2019-08-10T16:45:56,29.4,215.0,246.1,0.5,15450.0,243.5
2019-08-10T16:46:27,29.4,210.8,227.7,0.7,15460.0,243.5
2019-08-10T16:46:58,29.0,208.5,229.5,0.6,15460.0,242.5
2019-08-10T16:47:29,29.0,217.3,228.3,0.5,15460.0,242.5
2019-08-10T16:48:00,29.0,223.2,260.8,0.6,15470.0,243.5
2019-08-10T16:48:31,29.4,225.0,233.6,0.6,15470.0,244.4
2019-08-10T16:49:02,29.0,225.0,241.9,0.7,15480.0,241.5
2019-08-10T16:49:33,29.0,225.6,234.8,0.7,15480.0,243.5
2019-08-10T16:50:04,29.0,212.0,236.0,0.7,15480.0,242.5
2019-08-10T16:50:36,29.0,210.8,235.4,0.6,15490.0,241.5
2019-08-10T16:51:07,29.4,199.0,239.5,0.8,15490.0,242.5
2019-08-10T16:51:38,29.4,208.5,233.6,0.6,15500.0,242.5
2019-08-10T16:52:09,29.4,209.7,238.4,0.9,15500.0,241.5
2019-08-10T16:52:40,29.4,222.7,232.4,0.6,15500.0,241.5
2019-08-10T16:53:11,29.7,224.4,225.9,0.6,15510.0,242.5
2019-08-10T16:53:42,29.4,212.0,222.4,0.7,15510.0,240.6
2019-08-10T16:54:13,29.4,207.3,213.5,0.7,15510.0,240.6
2019-08-10T16:54:44,29.4,200.8,210.0,1.0,15510.0,240.6
2019-08-10T16:55:15,29.0,204.3,214.7,0.7,15520.0,241.5
2019-08-10T16:55:47,29.0,205.5,204.6,0.5,15520.0,241.5
2019-08-10T16:56:18,28.6,204.3,191.6,0.3,15520.0,239.6
2019-08-10T16:56:49,29.0,189.6,181.6,0.3,15520.0,240.6
2019-08-10T16:57:20,29.4,165.9,152.0,0.6,15520.0,240.6
2019-08-10T16:57:51,29.0,165.9,159.7,0.6,15520.0,240.6
2019-08-10T16:58:22,29.0,165.4,182.8,0.7,15530.0,240.6
2019-08-10T16:58:53,29.0,177.8,197.5,0.6,15530.0,240.6
2019-08-10T16:59:24,29.0,187.8,194.0,0.6,15530.0,240.6
2019-08-10T16:59:55,29.0,190.8,194.0,0.4,15530.0,241.5
2019-08-10T17:00:26,29.0,187.8,194.0,0.2,15530.0,239.6
2019-08-10T17:00:58,29.0,182.5,204.6,0.2,15530.0,239.6
2019-08-10T17:01:29,29.0,189.0,225.9,0.2,15530.0,240.6
2019-08-10T17:02:00,28.3,208.5,220.0,0.1,15530.0,237.7
2019-08-10T17:02:31,28.6,197.3,199.3,0.2,15530.0,241.5
2019-08-10T17:03:02,28.6,177.2,188.1,0.2,15530.0,240.6
2019-08-10T17:03:33,28.6,155.3,211.7,0.2,15540.0,239.6
2019-08-10T17:04:04,28.3,134.0,228.9,0.4,15540.0,240.6
2019-08-10T17:04:35,27.9,112.2,215.3,0.4,15540.0,241.5
2019-08-10T17:05:06,27.9,112.2,219.4,0.6,15540.0,240.6
2019-08-10T17:05:38,27.5,135.2,217.7,0.5,15540.0,239.6
2019-08-10T17:06:09,27.5,138.2,215.9,0.4,15540.0,239.6
2019-08-10T17:06:40,27.9,162.4,223.6,0.5,15540.0,239.6
2019-08-10T17:07:11,27.5,183.1,218.3,0.5,15540.0,239.6
2019-08-10T17:07:42,27.9,199.0,220.0,0.5,15540.0,236.7
2019-08-10T17:08:13,27.9,190.8,230.7,0.4,15550.0,236.7
2019-08-10T17:08:44,27.9,183.7,221.8,0.4,15550.0,237.7
2019-08-10T17:09:15,27.9,191.3,215.9,0.4,15550.0,237.7
2019-08-10T17:09:46,27.9,200.2,235.4,0.3,15550.0,235.7
2019-08-10T17:10:17,27.5,203.2,218.8,0.2,15550.0,238.6
2019-08-10T17:10:49,27.5,201.4,226.5,0.2,15550.0,237.7
2019-08-10T17:11:20,27.5,210.8,211.7,0.2,15550.0,239.6
2019-08-10T17:11:51,27.5,196.1,218.8,0.2,15550.0,238.6
2019-08-10T17:12:22,27.5,205.5,221.8,0.1,15550.0,239.6
2019-08-10T17:12:53,27.5,183.1,214.7,0.1,15550.0,238.6
2019-08-10T17:13:24,27.5,197.8,220.0,0.1,15550.0,238.6
2019-08-10T17:13:55,27.5,191.9,198.1,0.1,15550.0,239.6
2019-08-10T17:14:26,27.5,168.9,176.2,0.1,15550.0,239.6
2019-08-10T17:14:57,27.2,148.8,192.2,0.1,15550.0,235.7
2019-08-10T17:15:28,27.2,142.3,216.5,0.1,15550.0,236.7
2019-08-10T17:16:00,26.8,163.0,228.9,0.1,15550.0,236.7
2019-08-10T17:16:31,26.8,184.3,204.6,0.0,15550.0,238.6
2019-08-10T17:17:02,26.8,206.7,186.3,0.0,15550.0,239.6
2019-08-10T17:17:33,26.4,185.4,166.8,0.1,15550.0,238.6
2019-08-10T17:18:04,26.1,167.1,146.1,0.0,15550.0,238.6
2019-08-10T17:18:35,25.7,145.3,126.0,0.0,15550.0,238.6
2019-08-10T17:19:06,25.7,124.6,128.3,0.1,15550.0,239.6
2019-08-10T17:19:37,25.7,138.2,149.0,0.0,15550.0,239.6
2019-08-10T17:20:08,25.7,155.9,166.8,0.1,15550.0,238.6
2019-08-10T17:20:39,25.3,177.8,189.3,0.0,15550.0,238.6
2019-08-10T17:21:11,25.3,199.0,210.6,0.0,15550.0,239.6
2019-08-10T17:21:42,25.0,197.8,232.4,0.0,15550.0,240.6
2019-08-10T17:22:13,25.0,196.7,220.0,0.0,15550.0,239.6
2019-08-10T17:22:44,25.0,195.5,217.7,0.0,15550.0,239.6
2019-08-10T17:23:15,25.0,194.3,214.1,0.0,15550.0,238.6
2019-08-10T17:23:46,25.0,193.1,210.6,0.0,15550.0,238.6
2019-08-10T17:24:17,24.6,191.3,205.8,0.0,15550.0,238.6
2019-08-10T17:24:48,24.2,189.6,200.5,0.0,15550.0,238.6
2019-08-10T17:25:19,24.2,79.7,201.7,0.0,15550.0,238.6
2019-08-10T17:25:50,23.9,187.2,187.5,0.0,15550.0,237.7
2019-08-10T17:26:22,23.9,183.1,183.9,0.0,15550.0,239.6
2019-08-10T17:26:53,23.5,179.5,179.8,0.0,15550.0,238.6
2019-08-10T17:27:24,23.5,111.6,177.4,0.0,15550.0,238.6
2019-08-10T17:27:55,23.5,163.6,163.8,0.0,15550.0,238.6
2019-08-10T17:28:26,23.1,152.4,152.6,0.0,15550.0,238.6
2019-08-10T17:28:57,22.8,131.7,131.9,0.0,15550.0,239.6
2019-08-10T17:29:28,22.8,73.8,73.9,0.0,15550.0,239.6
