2019-08-20T07:35:27,10.7,200.8,239.0,0.5,80.0,241.5
2019-08-20T07:35:58,10.7,223.2,218.3,0.5,80.0,243.5
2019-08-20T07:36:30,10.7,219.1,223.0,0.5,80.0,242.5
2019-08-20T07:37:01,10.7,202.0,243.7,0.5,90.0,242.5
2019-08-20T07:37:32,10.7,224.4,246.6,0.5,90.0,241.5
2019-08-20T07:38:03,10.7,217.9,224.8,0.6,90.0,241.5
2019-08-20T07:38:34,11.1,197.3,234.2,0.6,90.0,242.5
2019-08-20T07:39:05,11.1,176.6,256.1,0.6,90.0,241.5
2019-08-20T07:39:36,11.1,199.0,239.0,0.6,90.0,241.5
2019-08-20T07:40:07,11.1,216.2,241.9,0.6,100.0,242.5
2019-08-20T07:40:38,11.4,222.7,247.8,0.6,100.0,242.5
2019-08-20T07:41:10,11.1,229.2,255.5,0.5,100.0,243.5
2019-08-20T07:41:41,11.4,211.4,233.6,0.7,100.0,242.5
2019-08-20T07:42:12,11.4,203.2,217.7,0.6,100.0,243.5
2019-08-20T07:42:43,11.1,218.5,237.8,0.6,110.0,242.5
2019-08-20T07:43:14,11.4,213.8,230.7,0.6,110.0,242.5
2019-08-20T07:43:45,11.4,231.5,252.6,0.6,110.0,243.5
2019-08-20T07:44:16,11.8,210.2,242.5,0.7,110.0,242.5
2019-08-20T07:44:47,11.8,201.4,221.2,0.6,110.0,245.4
2019-08-20T07:45:18,11.8,223.8,242.5,0.7,120.0,243.5
2019-08-20T07:45:53,11.8,219.1,249.0,0.6,120.0,244.4
2019-08-20T07:46:25,11.8,206.1,228.3,0.7,120.0,243.5
2019-08-20T07:46:56,12.1,227.4,243.7,0.7,120.0,244.4
2019-08-20T07:47:27,12.1,214.4,255.5,0.7,130.0,240.6
2019-08-20T07:47:58,12.1,201.4,234.2,0.7,130.0,241.5
2019-08-20T07:48:29,12.1,223.2,250.8,0.7,130.0,241.5
2019-08-20T07:49:00,12.1,221.5,242.5,0.7,130.0,243.5
2019-08-20T07:49:31,12.1,207.9,232.4,0.8,130.0,243.5
2019-08-20T07:50:02,12.5,229.7,254.3,0.7,140.0,243.5
2019-08-20T07:50:33,12.1,217.9,240.7,0.7,140.0,243.5
2019-08-20T07:51:13,12.5,211.4,255.5,0.8,140.0,243.5
2019-08-20T07:51:44,12.5,232.7,242.5,0.7,150.0,243.5
2019-08-20T07:52:15,12.5,213.2,236.6,0.8,150.0,243.5
2019-08-20T07:52:46,12.5,206.7,259.7,0.9,150.0,243.5
2019-08-20T07:53:17,12.5,228.0,238.4,0.8,150.0,242.5
2019-08-20T07:53:48,12.5,213.2,256.1,0.8,160.0,242.5
2019-08-20T07:54:19,12.5,213.2,252.6,0.9,160.0,242.5
2019-08-20T07:54:50,12.5,235.1,242.5,0.7,160.0,242.5
2019-08-20T07:55:21,12.5,213.2,242.5,0.9,170.0,242.5
2019-08-20T07:55:52,12.5,200.8,247.2,0.9,170.0,242.5
2019-08-20T07:56:24,12.5,192.5,240.7,1.0,170.0,241.5
2019-08-20T07:56:55,12.9,177.2,259.1,1.1,170.0,241.5
2019-08-20T07:57:26,12.9,194.9,238.4,0.9,180.0,241.5
2019-08-20T07:57:57,13.2,177.8,255.5,1.1,180.0,242.5
2019-08-20T07:58:28,13.2,194.3,235.4,1.0,180.0,241.5
2019-08-20T07:59:23,13.2,194.9,242.5,1.1,190.0,241.5
2019-08-20T07:59:54,13.2,180.1,259.1,1.2,190.0,242.5
2019-08-20T08:00:25,13.2,191.3,247.2,1.2,200.0,242.5
2019-08-20T08:00:56,13.2,178.9,247.2,1.2,200.0,241.5
2019-08-20T08:01:28,13.2,187.2,243.7,1.2,200.0,244.4
2019-08-20T08:01:59,13.2,181.9,253.7,1.2,210.0,241.5
2019-08-20T08:02:30,13.2,183.1,249.6,1.2,210.0,242.5
2019-08-20T08:03:01,13.2,189.0,244.9,1.1,210.0,242.5
2019-08-20T08:03:32,12.9,178.9,251.4,1.2,220.0,241.5
2019-08-20T08:04:03,13.2,191.9,251.4,1.3,220.0,242.5
2019-08-20T08:04:34,13.2,182.5,241.3,1.2,230.0,242.5
2019-08-20T08:05:05,13.2,193.7,256.7,1.3,230.0,242.5
2019-08-20T08:05:37,13.2,177.2,237.8,1.4,230.0,243.5
2019-08-20T08:06:11,13.2,191.9,252.6,1.3,240.0,242.5
2019-08-20T08:06:42,13.2,171.9,243.1,1.4,240.0,241.5
2019-08-20T08:07:13,13.2,193.7,244.3,1.3,250.0,242.5
2019-08-20T08:07:44,13.2,177.2,254.3,1.4,250.0,243.5
2019-08-20T08:08:15,13.2,195.5,239.5,1.3,260.0,244.4
2019-08-20T08:08:46,13.6,175.4,255.5,1.5,260.0,246.4
2019-08-20T08:09:17,13.6,189.6,240.7,1.3,260.0,246.4
2019-08-20T08:09:48,13.6,180.7,249.6,1.4,270.0,247.3
2019-08-20T08:10:19,14.0,184.8,252.6,1.5,270.0,246.4
2019-08-20T08:10:50,14.0,187.2,239.5,1.4,280.0,247.3
2019-08-20T08:11:25,14.0,190.2,256.7,1.5,280.0,246.4
2019-08-20T08:11:56,14.0,184.8,243.7,1.4,290.0,247.3
2019-08-20T08:12:27,14.0,183.1,250.2,1.5,290.0,247.3
2019-08-20T08:12:58,14.0,187.2,249.6,1.6,300.0,246.4
2019-08-20T08:13:29,14.3,178.9,247.2,1.6,300.0,246.4
2019-08-20T08:14:00,14.3,187.2,248.4,1.5,310.0,247.3
2019-08-20T08:14:31,14.3,186.6,242.5,1.5,310.0,246.4
2019-08-20T08:15:02,14.7,188.4,246.1,1.6,320.0,247.3
2019-08-20T08:15:33,14.7,187.8,250.2,1.6,320.0,245.4
2019-08-20T08:16:05,15.1,184.3,234.2,1.7,330.0,245.4
2019-08-20T08:16:36,15.1,184.8,257.9,1.6,330.0,245.4
2019-08-20T08:17:07,14.7,185.4,237.8,1.6,340.0,246.4
2019-08-20T08:17:38,14.7,183.1,255.5,1.6,340.0,244.4
2019-08-20T08:18:09,14.7,189.6,244.3,1.7,350.0,245.4
2019-08-20T08:18:40,15.1,188.4,250.2,1.7,350.0,245.4
2019-08-20T08:19:11,15.1,180.1,256.1,1.7,360.0,245.4
2019-08-20T08:19:42,15.1,187.8,253.7,1.6,360.0,244.4
2019-08-20T08:20:13,15.4,189.0,239.5,1.7,370.0,245.4
2019-08-20T08:20:44,15.4,180.1,249.0,1.8,370.0,245.4
2019-08-20T08:21:16,15.4,197.8,249.0,1.6,380.0,246.4
2019-08-20T08:21:47,15.4,220.3,244.9,1.5,390.0,247.3
2019-08-20T08:22:18,15.4,214.4,252.0,1.6,390.0,247.3
2019-08-20T08:22:49,15.4,216.2,246.6,1.4,400.0,247.3
2019-08-20T08:23:20,15.4,213.8,244.3,1.6,400.0,247.3
2019-08-20T08:23:51,15.4,213.8,253.2,1.4,410.0,249.3
2019-08-20T08:24:22,15.4,213.8,243.7,1.6,410.0,247.3
2019-08-20T08:24:53,15.4,219.1,253.7,1.6,420.0,248.3
2019-08-20T08:25:24,15.8,216.2,249.6,1.5,430.0,248.3
2019-08-20T08:25:56,15.4,229.2,239.5,1.6,430.0,248.3
2019-08-20T08:26:27,15.4,232.1,250.2,1.6,440.0,248.3
2019-08-20T08:26:58,15.4,228.6,252.0,1.6,450.0,248.3
2019-08-20T08:27:29,15.4,228.6,241.3,1.6,450.0,246.4
2019-08-20T08:28:00,15.4,231.5,246.6,1.6,460.0,244.4
2019-08-20T08:28:31,15.8,232.1,254.3,1.7,470.0,244.4
2019-08-20T08:29:02,15.8,228.0,241.3,1.7,470.0,244.4
2019-08-20T08:29:33,15.8,233.3,244.9,1.6,480.0,244.4
2019-08-20T08:30:04,15.8,228.0,251.4,1.7,490.0,243.5
2019-08-20T08:30:36,16.2,226.2,239.5,1.8,490.0,244.4
2019-08-20T08:31:07,16.2,232.1,246.1,1.8,500.0,245.4
2019-08-20T08:31:38,16.5,227.4,251.4,1.7,510.0,245.4
2019-08-20T08:32:09,16.5,231.5,239.5,1.7,510.0,244.4
2019-08-20T08:32:40,16.5,233.9,248.4,1.8,520.0,245.4
2019-08-20T08:33:11,16.5,225.0,254.9,1.8,530.0,245.4
2019-08-20T08:33:42,16.9,223.2,251.4,1.8,530.0,246.4
2019-08-20T08:34:13,16.5,230.3,237.2,1.9,540.0,245.4
2019-08-20T08:34:44,16.9,228.0,250.2,1.8,550.0,244.4
2019-08-20T08:35:15,16.9,228.0,242.5,1.9,560.0,243.5
2019-08-20T08:35:47,16.9,229.2,246.6,1.9,560.0,243.5
2019-08-20T08:36:18,17.3,231.5,256.1,1.9,570.0,245.4
2019-08-20T08:36:49,17.3,223.8,249.6,1.8,580.0,244.4
2019-08-20T08:37:20,17.3,222.7,253.2,2.0,590.0,245.4
2019-08-20T08:37:51,17.3,229.2,241.3,1.9,590.0,246.4
2019-08-20T08:38:22,17.3,232.1,244.3,2.0,600.0,247.3
2019-08-20T08:38:53,17.3,225.0,255.5,1.9,610.0,246.4
2019-08-20T08:39:24,17.3,233.9,249.0,1.9,620.0,244.4
2019-08-20T08:39:55,17.3,229.2,239.5,2.0,630.0,247.3
2019-08-20T08:40:26,17.6,227.4,243.1,1.9,630.0,244.4
2019-08-20T08:40:58,17.6,228.6,252.0,2.1,640.0,243.5
2019-08-20T08:41:29,17.6,232.1,246.6,2.0,650.0,244.4
2019-08-20T08:42:00,17.6,229.7,246.6,2.1,660.0,245.4
2019-08-20T08:42:31,17.6,224.4,241.3,2.1,670.0,244.4
2019-08-20T08:43:02,17.6,229.7,251.4,2.0,670.0,245.4
2019-08-20T08:43:33,17.6,229.7,246.1,2.0,680.0,245.4
2019-08-20T08:44:04,17.3,233.3,249.6,2.0,690.0,245.4
2019-08-20T08:44:35,17.3,225.0,241.3,2.1,700.0,244.4
2019-08-20T08:45:06,17.6,230.3,249.0,2.2,710.0,245.4
2019-08-20T08:45:41,17.6,228.0,252.6,2.1,720.0,244.4
2019-08-20T08:46:13,17.6,232.1,249.6,2.2,730.0,244.4
2019-08-20T08:46:44,17.6,227.4,244.3,2.1,740.0,246.4
2019-08-20T08:47:15,18.0,230.3,242.5,2.1,740.0,245.4
2019-08-20T08:47:46,18.0,227.4,244.3,2.3,750.0,244.4
2019-08-20T08:48:17,18.4,227.4,245.5,2.2,760.0,246.4
2019-08-20T08:48:48,18.4,226.2,247.8,2.3,770.0,245.4
2019-08-20T08:49:19,18.4,226.2,243.7,2.3,780.0,246.4
2019-08-20T08:49:50,18.4,230.3,239.0,2.2,790.0,246.4
2019-08-20T08:50:21,18.4,226.8,243.1,2.3,800.0,246.4
2019-08-20T08:50:52,18.7,228.0,248.4,2.3,810.0,246.4
2019-08-20T08:51:24,18.4,228.6,251.4,2.3,820.0,247.3
2019-08-20T08:51:55,18.4,225.0,246.6,2.4,830.0,243.5
2019-08-20T08:52:26,18.4,230.3,246.1,2.3,840.0,245.4
2019-08-20T08:52:57,18.4,226.2,241.9,2.4,850.0,245.4
2019-08-20T08:53:28,18.0,226.8,248.4,2.4,860.0,244.4
2019-08-20T08:53:59,18.0,227.4,240.7,2.4,860.0,245.4
2019-08-20T08:54:30,18.0,228.0,243.1,2.5,870.0,246.4
2019-08-20T08:55:01,18.4,230.9,247.2,2.3,880.0,246.4
2019-08-20T08:55:32,18.4,211.4,246.6,2.7,890.0,247.3
2019-08-20T08:56:04,18.4,213.8,248.4,2.7,900.0,246.4
2019-08-20T08:56:35,18.4,220.3,244.3,2.5,910.0,247.3
2019-08-20T08:57:06,18.7,226.2,241.3,2.6,920.0,247.3
2019-08-20T08:57:37,18.7,229.2,246.1,2.6,930.0,248.3
2019-08-20T08:58:08,19.1,225.0,252.6,2.5,940.0,247.3
2019-08-20T08:58:39,19.1,226.8,241.9,2.5,950.0,247.3
2019-08-20T08:59:10,19.5,225.0,240.7,2.5,960.0,248.3
2019-08-20T08:59:41,19.5,225.6,244.9,2.6,980.0,247.3
2019-08-20T09:00:12,19.8,230.9,251.4,2.6,990.0,247.3
2019-08-20T09:00:43,19.8,227.4,245.5,2.7,1000.0,247.3
2019-08-20T09:01:15,19.8,226.8,238.4,2.7,1010.0,247.3
2019-08-20T09:01:46,19.8,231.5,249.0,2.5,1020.0,246.4
2019-08-20T09:02:17,19.8,225.6,247.2,2.7,1030.0,247.3
2019-08-20T09:02:48,19.8,226.8,242.5,2.7,1040.0,247.3
2019-08-20T09:03:19,19.5,227.4,237.2,2.8,1050.0,246.4
2019-08-20T09:03:50,19.5,229.7,238.4,2.6,1060.0,246.4
2019-08-20T09:04:21,19.5,223.8,236.6,2.8,1070.0,246.4
2019-08-20T09:04:52,19.8,228.0,237.2,2.8,1080.0,246.4
2019-08-20T09:05:23,20.2,226.2,239.5,2.7,1090.0,245.4
2019-08-20T09:05:54,20.2,221.5,249.6,2.8,1100.0,246.4
2019-08-20T09:06:27,20.6,228.0,249.6,2.9,1120.0,247.3
2019-08-20T09:06:58,20.6,224.4,243.1,2.8,1130.0,246.4
2019-08-20T09:07:29,20.6,221.5,237.2,2.8,1140.0,246.4
2019-08-20T09:08:00,20.9,228.0,242.5,2.8,1150.0,246.4
2019-08-20T09:08:31,20.6,230.3,250.2,2.8,1160.0,246.4
2019-08-20T09:09:02,20.9,223.2,247.8,2.9,1170.0,248.3
2019-08-20T09:09:33,20.6,222.1,242.5,2.9,1180.0,247.3
2019-08-20T09:10:04,20.9,229.7,237.2,2.8,1190.0,249.3
2019-08-20T09:10:35,20.9,230.3,239.0,2.8,1210.0,249.3
2019-08-20T09:11:07,21.3,223.2,242.5,2.9,1220.0,249.3
2019-08-20T09:11:38,21.3,225.0,249.6,3.0,1230.0,249.3
2019-08-20T09:12:09,21.3,226.2,243.7,3.0,1240.0,248.3
2019-08-20T09:12:40,21.3,228.6,234.8,2.9,1250.0,248.3
2019-08-20T09:13:11,21.7,229.7,239.5,2.9,1270.0,248.3
2019-08-20T09:13:42,21.7,226.8,242.5,3.0,1280.0,249.3
2019-08-20T09:14:13,21.7,225.6,245.5,3.1,1290.0,248.3
2019-08-20T09:14:44,22.0,228.0,247.2,3.1,1300.0,248.3
2019-08-20T09:15:15,22.0,223.2,241.9,3.1,1310.0,247.3
2019-08-20T09:15:46,22.4,229.7,236.6,3.0,1330.0,246.4
2019-08-20T09:16:18,22.4,225.0,243.1,3.1,1340.0,247.3
2019-08-20T09:16:49,22.4,227.4,247.2,3.0,1350.0,247.3
2019-08-20T09:17:20,22.4,226.8,244.9,3.2,1360.0,247.3
2019-08-20T09:17:51,22.8,228.0,244.9,3.2,1380.0,248.3
2019-08-20T09:18:22,22.8,228.0,244.3,3.1,1390.0,248.3
2019-08-20T09:18:53,23.1,229.2,238.4,3.1,1400.0,247.3
2019-08-20T09:19:24,23.1,223.2,236.6,3.3,1410.0,246.4
2019-08-20T09:19:55,23.1,228.6,240.7,3.1,1430.0,248.3
2019-08-20T09:20:26,23.1,226.2,249.0,3.3,1440.0,248.3
2019-08-20T09:20:57,23.1,224.4,246.6,3.3,1450.0,247.3
2019-08-20T09:21:29,23.1,228.0,243.7,3.3,1460.0,247.3
2019-08-20T09:22:00,23.5,225.0,236.6,3.2,1480.0,247.3
2019-08-20T09:22:31,23.5,225.6,241.3,3.4,1490.0,247.3
2019-08-20T09:23:02,23.5,223.2,245.5,3.3,1500.0,247.3
2019-08-20T09:23:33,23.9,223.8,241.3,3.4,1520.0,246.4
2019-08-20T09:24:04,23.9,228.6,240.1,3.3,1530.0,249.3
2019-08-20T09:24:35,24.2,224.4,246.6,3.4,1540.0,249.3
2019-08-20T09:25:06,24.2,224.4,243.1,3.3,1560.0,249.3
2019-08-20T09:25:37,23.9,223.2,239.0,3.4,1570.0,249.3
2019-08-20T09:26:09,23.9,222.7,236.0,3.5,1580.0,249.3
2019-08-20T09:26:40,23.9,224.4,237.2,3.3,1600.0,249.3
2019-08-20T09:27:11,23.9,220.9,244.9,3.5,1610.0,249.3
2019-08-20T09:27:42,23.9,225.0,243.1,3.4,1620.0,248.3
2019-08-20T09:28:13,24.2,222.7,239.5,3.5,1640.0,249.3
2019-08-20T09:28:44,24.6,218.5,231.9,3.4,1650.0,248.3
2019-08-20T09:29:15,24.6,225.0,239.5,3.5,1660.0,249.3
2019-08-20T09:29:46,24.2,223.2,237.2,3.6,1680.0,248.3
2019-08-20T09:30:17,23.9,219.1,243.7,3.6,1690.0,249.3
2019-08-20T09:30:48,23.9,220.9,237.2,3.6,1710.0,249.3
2019-08-20T09:31:20,24.2,220.3,236.6,3.5,1720.0,248.3
2019-08-20T09:31:51,24.2,220.3,233.0,3.5,1730.0,249.3
2019-08-20T09:32:22,24.2,222.7,234.8,3.7,1750.0,249.3
2019-08-20T09:32:53,24.2,222.7,234.2,3.7,1760.0,248.3
2019-08-20T09:33:24,24.6,222.1,241.9,3.6,1780.0,250.2
2019-08-20T09:33:55,24.6,223.8,243.7,3.6,1790.0,250.2
2019-08-20T09:34:26,25.0,224.4,237.2,3.6,1800.0,250.2
2019-08-20T09:34:57,25.0,219.1,232.4,3.7,1820.0,250.2
2019-08-20T09:35:28,25.0,220.9,239.0,3.7,1830.0,250.2
2019-08-20T09:35:59,25.0,220.9,244.3,3.8,1850.0,249.3
2019-08-20T09:36:31,24.6,222.7,241.9,3.7,1860.0,251.2
2019-08-20T09:37:02,24.6,220.3,236.0,3.7,1880.0,250.2
2019-08-20T09:37:33,25.0,222.7,231.3,3.7,1890.0,250.2
2019-08-20T09:38:04,25.0,225.0,235.4,3.6,1900.0,252.2
2019-08-20T09:38:35,25.3,223.2,242.5,3.8,1920.0,252.2
2019-08-20T09:39:06,25.7,222.1,238.4,3.7,1930.0,251.2
2019-08-20T09:39:37,25.3,219.7,233.0,3.9,1950.0,251.2
2019-08-20T09:40:08,25.7,218.5,229.5,3.9,1960.0,252.2
2019-08-20T09:40:39,25.3,218.5,230.7,3.9,1980.0,251.2
2019-08-20T09:41:14,25.3,220.3,233.0,3.9,1990.0,250.2
2019-08-20T09:41:45,25.0,223.2,239.5,3.8,2010.0,251.2
2019-08-20T09:42:16,25.3,224.4,239.5,3.8,2020.0,250.2
2019-08-20T09:42:47,25.3,217.9,237.2,3.9,2040.0,249.3
2019-08-20T09:43:18,25.0,222.7,235.4,3.9,2050.0,250.2
2019-08-20T09:43:49,25.0,218.5,229.5,3.9,2070.0,251.2
2019-08-20T09:44:20,24.6,219.1,232.4,4.0,2080.0,252.2
2019-08-20T09:44:51,24.6,220.3,233.0,4.0,2100.0,251.2
2019-08-20T09:45:22,25.0,220.9,231.3,3.9,2110.0,252.2
2019-08-20T09:45:54,24.6,222.7,235.4,3.9,2130.0,251.2
2019-08-20T09:46:29,24.6,217.3,237.8,4.1,2150.0,251.2
2019-08-20T09:47:00,25.0,221.5,239.0,4.0,2160.0,252.2
2019-08-20T09:47:31,25.0,219.1,239.5,4.0,2180.0,252.2
2019-08-20T09:48:02,25.3,223.2,233.6,4.0,2190.0,250.2
2019-08-20T09:48:33,25.7,216.7,230.1,4.0,2210.0,250.2
2019-08-20T09:49:04,26.1,222.1,233.6,4.1,2220.0,247.3
2019-08-20T09:49:35,26.4,222.7,234.2,3.9,2240.0,249.3
2019-08-20T09:50:06,26.8,217.3,231.3,4.1,2260.0,249.3
2019-08-20T09:50:37,27.2,220.3,231.9,4.2,2270.0,249.3
2019-08-20T09:51:09,27.2,217.3,230.1,4.1,2290.0,249.3
2019-08-20T09:51:40,27.5,215.6,230.7,4.2,2300.0,250.2
2019-08-20T09:52:11,27.5,217.3,237.8,4.2,2320.0,250.2
2019-08-20T09:52:42,27.2,216.2,239.5,4.2,2330.0,249.3
2019-08-20T09:53:13,27.2,222.1,232.4,4.1,2350.0,249.3
2019-08-20T09:53:44,27.2,219.7,229.5,4.3,2370.0,248.3
2019-08-20T09:54:15,27.5,220.3,227.1,4.2,2380.0,250.2
2019-08-20T09:54:46,27.5,220.3,230.1,4.3,2400.0,248.3
2019-08-20T09:55:17,27.5,220.9,233.6,4.2,2420.0,248.3
2019-08-20T09:55:52,27.5,215.6,233.0,4.4,2430.0,250.2
2019-08-20T09:56:23,27.5,218.5,228.9,4.3,2450.0,250.2
2019-08-20T09:56:54,27.2,216.2,228.3,4.2,2470.0,250.2
2019-08-20T09:57:25,27.2,220.3,234.8,4.3,2480.0,251.2
2019-08-20T09:57:56,26.8,220.3,234.2,4.2,2500.0,250.2
2019-08-20T09:58:27,26.8,220.9,236.0,4.2,2520.0,252.2
2019-08-20T09:58:58,26.8,216.2,237.8,4.5,2530.0,250.2
2019-08-20T09:59:29,27.2,216.7,235.4,4.3,2550.0,250.2
2019-08-20T10:00:00,27.2,216.2,239.5,4.5,2560.0,249.3
2019-08-20T10:00:32,27.5,220.3,228.9,4.3,2580.0,249.3
2019-08-20T10:01:04,27.9,220.3,230.1,4.4,2600.0,249.3
2019-08-20T10:01:35,28.3,217.3,235.4,4.5,2620.0,250.2
2019-08-20T10:02:06,27.9,216.2,236.0,4.5,2630.0,249.3
2019-08-20T10:02:37,27.9,217.3,234.8,4.4,2650.0,250.2
2019-08-20T10:03:08,28.3,216.7,230.7,4.4,2670.0,249.3
2019-08-20T10:03:39,27.9,219.1,226.5,4.4,2680.0,250.2
2019-08-20T10:04:10,28.3,215.0,229.5,4.6,2700.0,250.2
2019-08-20T10:04:41,28.6,219.7,230.1,4.3,2720.0,249.3
2019-08-20T10:05:12,29.0,215.0,237.2,4.6,2730.0,250.2
2019-08-20T10:05:44,29.0,215.6,234.8,4.5,2750.0,248.3
2019-08-20T10:06:17,29.0,212.6,224.2,4.7,2770.0,248.3
2019-08-20T10:06:48,29.0,217.9,225.9,4.5,2790.0,249.3
2019-08-20T10:07:19,29.0,216.7,224.2,4.5,2800.0,250.2
2019-08-20T10:07:50,28.6,213.8,228.3,4.6,2820.0,248.3
2019-08-20T10:08:21,28.6,217.3,225.4,4.6,2840.0,248.3
2019-08-20T10:08:52,28.3,219.7,228.3,4.5,2860.0,248.3
2019-08-20T10:09:23,28.3,216.7,232.4,4.6,2870.0,248.3
2019-08-20T10:09:54,28.6,213.2,234.8,4.6,2890.0,246.4
2019-08-20T10:10:25,28.6,216.7,234.2,4.6,2910.0,246.4
2019-08-20T10:10:56,28.6,213.2,237.2,4.7,2930.0,248.3
2019-08-20T10:11:29,28.6,216.7,231.9,4.7,2940.0,247.3
2019-08-20T10:12:00,29.0,217.9,236.6,4.8,2960.0,249.3
2019-08-20T10:12:31,29.0,215.6,233.6,4.7,2980.0,247.3
2019-08-20T10:13:02,29.0,214.4,227.7,4.8,3000.0,248.3
2019-08-20T10:13:33,29.4,216.2,225.4,4.8,3020.0,248.3
2019-08-20T10:14:04,29.4,217.9,230.1,4.7,3030.0,248.3
2019-08-20T10:14:35,29.7,213.2,228.9,4.8,3050.0,250.2
2019-08-20T10:15:06,30.1,213.8,236.0,4.8,3070.0,251.2
2019-08-20T10:15:37,30.2,217.9,229.5,4.8,3090.0,251.2
2019-08-20T10:16:10,30.2,212.6,234.8,4.9,3110.0,250.2
2019-08-20T10:16:41,30.3,216.2,233.0,4.9,3120.0,250.2
2019-08-20T10:17:12,30.3,214.4,227.7,4.8,3140.0,250.2
2019-08-20T10:17:43,30.4,213.2,225.4,4.8,3160.0,251.2
2019-08-20T10:18:14,30.5,219.1,233.6,4.7,3180.0,250.2
2019-08-20T10:18:45,30.5,214.4,234.2,4.8,3200.0,250.2
2019-08-20T10:19:16,30.7,216.7,230.1,4.7,3210.0,251.2
2019-08-20T10:19:47,30.7,218.5,224.2,4.9,3230.0,251.2
2019-08-20T10:20:18,30.7,213.8,234.2,4.9,3250.0,250.2
2019-08-20T10:20:49,30.8,214.4,222.4,5.0,3270.0,250.2
2019-08-20T10:21:24,30.8,213.2,235.4,5.0,3290.0,250.2
2019-08-20T10:21:55,30.9,213.2,231.3,5.1,3310.0,249.3
2019-08-20T10:22:26,30.5,216.7,223.6,4.8,3330.0,250.2
2019-08-20T10:22:57,30.4,212.0,233.6,5.1,3350.0,251.2
2019-08-20T10:23:28,30.5,213.2,233.6,5.0,3360.0,251.2
2019-08-20T10:23:59,30.5,215.0,233.6,5.0,3380.0,250.2
2019-08-20T10:24:30,30.7,210.8,231.3,5.1,3400.0,250.2
2019-08-20T10:25:01,30.8,216.7,224.2,4.9,3420.0,250.2
2019-08-20T10:25:33,30.8,210.8,224.2,5.0,3440.0,250.2
2019-08-20T10:26:04,30.8,216.2,224.2,5.0,3460.0,250.2
2019-08-20T10:26:35,30.8,212.0,228.3,5.2,3480.0,249.3
2019-08-20T10:27:06,30.5,211.4,231.3,5.1,3490.0,249.3
2019-08-20T10:27:37,30.4,216.2,228.3,5.0,3510.0,250.2
2019-08-20T10:28:08,30.3,215.6,229.5,5.1,3530.0,249.3
2019-08-20T10:28:39,30.3,212.0,234.2,5.3,3550.0,251.2
2019-08-20T10:29:10,30.3,212.0,233.6,5.1,3570.0,251.2
2019-08-20T10:29:41,30.2,212.6,233.6,5.3,3590.0,252.2
2019-08-20T10:30:12,30.3,213.2,227.1,5.3,3610.0,250.2
2019-08-20T10:30:44,30.3,213.2,231.3,5.3,3630.0,250.2
2019-08-20T10:31:15,30.2,210.8,232.4,5.2,3650.0,250.2
2019-08-20T10:31:46,30.3,212.6,227.7,5.2,3670.0,249.3
2019-08-20T10:32:17,30.3,212.0,225.4,5.3,3690.0,251.2
2019-08-20T10:32:48,30.3,214.4,221.8,5.2,3700.0,250.2
2019-08-20T10:33:19,30.3,211.4,221.8,5.3,3720.0,252.2
2019-08-20T10:33:50,30.4,212.0,221.2,5.3,3740.0,251.2
2019-08-20T10:34:21,30.4,209.1,224.2,5.4,3760.0,251.2
2019-08-20T10:34:52,30.7,209.7,235.4,5.4,3780.0,250.2
2019-08-20T10:35:23,30.8,212.6,229.5,5.3,3800.0,250.2
2019-08-20T10:35:55,30.9,209.1,228.9,5.3,3820.0,250.2
2019-08-20T10:36:26,31.0,213.2,228.9,5.3,3840.0,250.2
2019-08-20T10:36:57,31.0,212.6,225.4,5.3,3860.0,252.2
2019-08-20T10:37:28,31.1,210.2,223.6,5.3,3880.0,252.2
2019-08-20T10:37:59,31.2,212.0,224.2,5.4,3900.0,251.2
2019-08-20T10:38:30,31.1,208.5,223.0,5.4,3920.0,251.2
2019-08-20T10:39:01,31.0,212.0,226.5,5.4,3940.0,250.2
2019-08-20T10:39:32,31.1,210.8,228.9,5.4,3960.0,251.2
2019-08-20T10:40:03,31.2,209.1,232.4,5.5,3980.0,251.2
2019-08-20T10:40:38,31.4,210.2,231.3,5.4,4000.0,250.2
2019-08-20T10:41:14,31.5,212.0,230.1,5.4,4020.0,252.2
2019-08-20T10:41:45,31.5,212.6,225.9,5.4,4040.0,253.1
2019-08-20T10:42:16,31.5,207.9,220.6,5.5,4060.0,251.2
2019-08-20T10:42:47,31.6,211.4,223.6,5.5,4080.0,251.2
2019-08-20T10:43:18,31.7,211.4,228.9,5.4,4100.0,251.2
2019-08-20T10:43:49,31.8,210.2,230.1,5.4,4120.0,250.2
2019-08-20T10:44:20,31.8,212.0,232.4,5.5,4140.0,250.2
2019-08-20T10:44:51,31.6,210.8,229.5,5.5,4160.0,250.2
2019-08-20T10:45:22,31.5,212.0,230.7,5.5,4180.0,252.2
2019-08-20T10:45:54,31.4,210.2,231.9,5.6,4200.0,250.2
2019-08-20T10:46:29,31.5,209.1,229.5,5.5,4220.0,251.2
2019-08-20T10:47:00,31.6,206.7,229.5,5.5,4240.0,251.2
2019-08-20T10:47:31,31.6,211.4,223.6,5.6,4260.0,251.2
2019-08-20T10:48:02,31.7,205.5,217.1,5.6,4280.0,252.2
2019-08-20T10:48:33,31.7,208.5,220.0,5.7,4300.0,250.2
2019-08-20T10:49:04,31.8,210.2,230.1,5.6,4330.0,251.2
2019-08-20T10:49:35,31.8,207.9,225.9,5.6,4350.0,251.2
2019-08-20T10:50:06,31.9,206.7,223.6,5.7,4370.0,251.2
2019-08-20T10:50:37,32.0,210.8,218.3,5.7,4390.0,250.2
2019-08-20T10:51:09,32.0,209.1,221.8,5.6,4410.0,251.2
2019-08-20T10:51:40,32.2,208.5,228.3,5.7,4430.0,250.2
2019-08-20T10:52:11,32.3,211.4,228.3,5.7,4450.0,248.3
2019-08-20T10:52:42,32.4,210.2,221.8,5.7,4470.0,249.3
2019-08-20T10:53:13,32.4,207.9,221.8,5.7,4490.0,250.2
2019-08-20T10:53:44,32.3,207.9,219.4,5.7,4510.0,251.2
2019-08-20T10:54:15,31.9,208.5,223.0,5.7,4530.0,251.2
2019-08-20T10:54:46,31.7,212.6,232.4,5.7,4550.0,250.2
2019-08-20T10:55:17,31.5,206.1,230.7,5.9,4570.0,249.3
2019-08-20T10:55:48,31.5,213.2,227.1,5.7,4590.0,249.3
2019-08-20T10:56:20,31.4,209.7,224.2,5.9,4610.0,249.3
2019-08-20T10:56:51,31.4,206.7,228.9,5.8,4630.0,249.3
2019-08-20T10:57:22,31.4,209.7,225.9,5.9,4660.0,248.3
2019-08-20T10:57:53,31.2,213.8,222.4,5.6,4680.0,249.3
2019-08-20T10:58:24,31.5,208.5,218.8,5.8,4700.0,249.3
2019-08-20T10:58:55,31.5,208.5,221.2,5.8,4720.0,249.3
2019-08-20T10:59:26,31.6,209.1,224.8,5.8,4740.0,249.3
2019-08-20T10:59:57,31.7,209.1,227.1,5.9,4760.0,251.2
2019-08-20T11:00:28,31.7,207.9,224.2,5.8,4780.0,249.3
2019-08-20T11:00:59,31.8,211.4,231.3,5.8,4800.0,250.2
2019-08-20T11:01:31,31.9,209.7,222.4,5.9,4820.0,248.3
2019-08-20T11:02:02,32.0,206.1,220.6,5.9,4850.0,249.3
2019-08-20T11:02:33,32.2,206.7,220.0,5.9,4870.0,249.3
2019-08-20T11:03:04,32.2,210.2,219.4,5.8,4890.0,251.2
2019-08-20T11:03:35,32.3,202.6,215.9,6.0,4910.0,252.2
2019-08-20T11:04:06,32.4,206.1,218.8,5.9,4930.0,252.2
2019-08-20T11:04:37,32.5,206.1,220.6,6.0,4950.0,252.2
2019-08-20T11:05:08,32.6,203.2,223.6,5.9,4970.0,252.2
2019-08-20T11:05:43,32.5,206.7,219.4,6.0,4990.0,253.1
2019-08-20T11:06:14,32.6,206.1,223.6,6.1,5020.0,252.2
2019-08-20T11:06:45,32.6,210.2,225.4,5.8,5040.0,252.2
2019-08-20T11:07:16,32.7,209.7,223.6,5.8,5060.0,252.2
2019-08-20T11:07:47,32.9,206.1,228.3,6.0,5080.0,251.2
2019-08-20T11:08:18,33.0,210.2,225.4,5.8,5100.0,251.2
2019-08-20T11:08:49,33.0,206.7,220.6,6.1,5120.0,251.2
2019-08-20T11:09:20,33.1,206.7,218.3,6.0,5140.0,251.2
2019-08-20T11:09:51,33.1,208.5,220.0,6.1,5170.0,252.2
2019-08-20T11:10:22,33.1,205.5,223.0,6.2,5190.0,251.2
2019-08-20T11:10:54,33.2,210.2,227.1,6.0,5210.0,252.2
2019-08-20T11:11:25,33.2,204.9,228.3,6.2,5230.0,252.2
2019-08-20T11:11:56,33.3,209.7,227.7,6.0,5250.0,250.2
2019-08-20T11:12:27,33.1,208.5,228.3,5.9,5270.0,249.3
2019-08-20T11:12:58,33.1,204.9,217.1,6.0,5300.0,252.2
2019-08-20T11:13:29,33.2,204.3,220.6,6.1,5320.0,250.2
2019-08-20T11:14:00,33.2,207.9,219.4,6.2,5340.0,252.2
2019-08-20T11:14:31,33.2,207.3,223.6,6.1,5360.0,251.2
2019-08-20T11:15:02,33.3,204.9,228.3,6.1,5380.0,249.3
2019-08-20T11:15:34,33.3,207.9,224.8,6.2,5410.0,251.2
2019-08-20T11:16:05,33.4,206.7,229.5,6.1,5430.0,251.2
2019-08-20T11:16:36,33.4,207.9,222.4,6.1,5450.0,250.2
2019-08-20T11:17:07,33.4,209.1,219.4,6.2,5470.0,251.2
2019-08-20T11:17:38,33.4,209.1,218.8,6.1,5490.0,251.2
2019-08-20T11:18:09,33.3,209.1,218.8,6.1,5520.0,250.2
2019-08-20T11:18:40,33.4,207.9,223.6,6.2,5540.0,251.2
2019-08-20T11:19:11,33.4,206.7,226.5,6.3,5560.0,252.2
2019-08-20T11:19:42,33.5,204.3,230.7,6.3,5580.0,250.2
2019-08-20T11:20:13,33.4,207.3,228.9,6.3,5600.0,251.2
2019-08-20T11:20:45,33.5,211.4,224.2,6.1,5630.0,250.2
2019-08-20T11:21:16,33.5,210.8,220.6,6.0,5650.0,251.2
2019-08-20T11:21:47,33.7,210.2,227.1,6.2,5670.0,251.2
2019-08-20T11:22:18,33.5,211.4,223.6,6.1,5690.0,250.2
2019-08-20T11:22:49,33.5,209.7,218.8,6.3,5720.0,251.2
2019-08-20T11:23:20,33.5,210.2,228.3,6.2,5740.0,251.2
2019-08-20T11:23:51,33.5,210.8,230.1,6.2,5760.0,250.2
2019-08-20T11:24:22,33.5,207.3,226.5,6.3,5780.0,252.2
2019-08-20T11:24:53,33.5,211.4,225.4,6.2,5810.0,249.3
2019-08-20T11:25:24,33.5,213.2,223.6,6.0,5830.0,250.2
2019-08-20T11:25:56,33.7,206.7,222.4,6.4,5850.0,250.2
2019-08-20T11:26:27,33.8,210.8,218.8,6.3,5870.0,250.2
2019-08-20T11:26:58,33.8,211.4,223.6,6.1,5900.0,250.2
2019-08-20T11:27:29,33.9,213.8,224.2,5.9,5920.0,250.2
2019-08-20T11:28:00,33.9,206.1,220.0,6.3,5940.0,250.2
2019-08-20T11:28:31,33.9,206.7,220.0,6.4,5960.0,250.2
2019-08-20T11:29:02,33.9,206.7,220.6,6.4,5990.0,251.2
2019-08-20T11:29:33,33.8,208.5,227.7,6.3,6010.0,250.2
2019-08-20T11:30:04,33.9,206.7,227.7,6.4,6030.0,250.2
2019-08-20T11:30:36,33.9,210.8,224.2,6.3,6060.0,252.2
2019-08-20T11:31:08,33.8,209.7,223.0,6.3,6080.0,253.1
2019-08-20T11:31:39,33.8,209.1,218.3,6.3,6100.0,252.2
2019-08-20T11:32:10,33.9,205.5,226.5,6.4,6120.0,253.1
2019-08-20T11:32:41,33.9,209.7,221.2,6.3,6150.0,253.1
2019-08-20T11:33:12,34.0,204.9,221.8,6.5,6170.0,252.2
2019-08-20T11:33:43,33.9,207.9,224.8,6.3,6190.0,253.1
2019-08-20T11:34:14,33.9,203.2,223.6,6.4,6220.0,253.1
2019-08-20T11:34:45,34.0,207.9,226.5,6.3,6240.0,253.1
2019-08-20T11:35:16,34.1,204.9,217.7,6.4,6260.0,253.1
2019-08-20T11:35:47,34.2,202.6,227.1,6.4,6280.0,253.1
2019-08-20T11:36:19,34.1,206.1,223.6,6.4,6310.0,253.1
2019-08-20T11:36:50,34.0,206.7,224.2,6.5,6330.0,251.2
2019-08-20T11:37:21,33.8,203.7,219.4,6.4,6350.0,253.1
2019-08-20T11:37:52,33.8,204.3,220.0,6.5,6380.0,252.2
2019-08-20T11:38:23,33.9,204.9,217.1,6.5,6400.0,251.2
2019-08-20T11:38:54,33.8,203.2,219.4,6.5,6420.0,253.1
2019-08-20T11:39:25,33.8,206.7,220.0,6.4,6440.0,251.2
2019-08-20T11:39:56,33.4,202.6,220.6,6.5,6470.0,251.2
2019-08-20T11:40:27,33.5,204.9,219.4,6.6,6490.0,251.2
2019-08-20T11:40:58,33.3,203.2,223.6,6.6,6510.0,252.2
2019-08-20T11:41:30,33.2,204.9,221.2,6.5,6540.0,250.2
2019-08-20T11:42:01,33.0,204.3,223.6,6.5,6560.0,250.2
2019-08-20T11:42:32,33.0,205.5,224.2,6.5,6580.0,251.2
2019-08-20T11:43:03,33.1,204.9,220.6,6.6,6600.0,251.2
2019-08-20T11:43:34,33.1,206.1,217.7,6.5,6630.0,251.2
2019-08-20T11:44:05,33.0,203.2,224.2,6.6,6650.0,252.2
2019-08-20T11:44:36,33.0,203.2,214.7,6.5,6670.0,250.2
2019-08-20T11:45:07,33.1,206.7,214.7,6.6,6700.0,252.2
2019-08-20T11:45:38,33.3,202.0,214.7,6.6,6720.0,252.2
2019-08-20T11:46:10,33.4,202.0,218.8,6.7,6740.0,252.2
2019-08-20T11:46:41,33.5,207.3,219.4,6.5,6770.0,252.2
2019-08-20T11:47:12,33.7,203.2,220.6,6.6,6790.0,252.2
2019-08-20T11:47:43,33.8,204.3,218.3,6.6,6810.0,252.2
2019-08-20T11:48:14,33.9,203.2,212.9,6.7,6830.0,252.2
2019-08-20T11:48:45,34.0,204.9,221.2,6.7,6860.0,252.2
2019-08-20T11:49:16,34.1,202.0,224.8,6.7,6880.0,252.2
2019-08-20T11:49:47,34.1,203.2,217.7,6.6,6900.0,252.2
2019-08-20T11:50:18,34.2,203.2,214.7,6.7,6930.0,251.2
2019-08-20T11:50:49,34.4,203.2,218.8,6.6,6950.0,251.2
2019-08-20T11:51:21,34.2,204.3,226.5,6.7,6970.0,251.2
2019-08-20T11:51:52,34.4,202.6,226.5,6.7,7000.0,250.2
2019-08-20T11:52:23,34.2,202.0,225.4,6.7,7020.0,250.2
2019-08-20T11:52:54,34.2,204.3,223.6,6.7,7040.0,252.2
2019-08-20T11:53:25,34.2,203.2,221.2,6.7,7070.0,252.2
2019-08-20T11:53:56,34.4,205.5,217.1,6.7,7090.0,251.2
2019-08-20T11:54:27,34.5,206.1,216.5,6.6,7110.0,249.3
2019-08-20T11:54:58,34.6,202.0,222.4,6.7,7140.0,249.3
2019-08-20T11:55:29,34.6,206.1,218.8,6.7,7160.0,250.2
2019-08-20T11:56:00,34.7,206.1,216.5,6.6,7180.0,249.3
2019-08-20T11:56:31,34.7,206.1,219.4,6.7,7210.0,250.2
2019-08-20T11:57:02,34.8,203.7,217.7,6.8,7230.0,250.2
2019-08-20T11:57:33,34.7,200.2,224.2,6.8,7260.0,249.3
2019-08-20T11:58:04,34.7,204.9,223.6,6.7,7280.0,250.2
2019-08-20T11:58:35,34.6,204.9,216.5,6.6,7300.0,250.2
2019-08-20T11:59:06,34.4,203.2,224.2,6.7,7330.0,250.2
2019-08-20T11:59:37,34.1,200.8,223.6,6.9,7350.0,250.2
2019-08-20T12:00:08,33.9,200.8,218.3,6.9,7370.0,252.2
2019-08-20T12:00:43,33.9,200.8,220.0,6.9,7400.0,251.2
2019-08-20T12:01:15,33.8,203.7,223.6,6.8,7420.0,252.2
2019-08-20T12:01:46,33.5,206.1,224.2,6.6,7450.0,252.2
2019-08-20T12:02:17,33.7,203.2,223.0,6.9,7470.0,251.2
2019-08-20T12:02:48,33.7,202.6,224.2,6.9,7490.0,251.2
2019-08-20T12:03:19,33.5,207.9,223.0,6.7,7520.0,252.2
2019-08-20T12:03:50,33.5,200.8,217.7,6.8,7540.0,252.2
2019-08-20T12:04:21,33.8,200.2,221.2,7.0,7560.0,251.2
2019-08-20T12:04:52,33.9,202.6,221.8,6.9,7590.0,254.1
2019-08-20T12:05:23,34.0,204.3,218.3,6.8,7610.0,252.2
2019-08-20T12:05:54,34.1,207.9,216.5,6.8,7640.0,252.2
2019-08-20T12:06:29,34.2,204.9,215.3,6.8,7660.0,253.1
2019-08-20T12:07:00,34.4,205.5,218.3,6.6,7690.0,252.2
2019-08-20T12:07:31,34.5,199.0,224.2,6.7,7710.0,252.2
2019-08-20T12:08:02,34.5,196.1,223.6,6.9,7730.0,253.1
2019-08-20T12:08:33,34.6,196.1,220.6,6.8,7760.0,253.1
2019-08-20T12:09:04,34.7,197.3,219.4,6.6,7780.0,252.2
2019-08-20T12:09:35,34.7,192.5,216.5,6.8,7800.0,253.1
2019-08-20T12:10:06,34.8,197.3,215.3,6.7,7830.0,251.2
2019-08-20T12:10:38,34.8,196.1,225.9,6.8,7850.0,252.2
2019-08-20T12:11:09,34.9,194.9,217.7,6.8,7870.0,251.2
2019-08-20T12:11:40,35.0,191.3,223.6,6.9,7900.0,250.2
2019-08-20T12:12:11,35.0,196.1,215.9,6.8,7920.0,250.2
2019-08-20T12:12:42,35.2,193.1,223.6,6.8,7940.0,250.2
2019-08-20T12:13:13,35.3,193.1,225.4,7.0,7970.0,251.2
2019-08-20T12:13:44,35.4,196.7,225.4,6.6,7990.0,252.2
2019-08-20T12:14:15,35.4,193.1,224.2,7.0,8010.0,252.2
2019-08-20T12:14:46,35.4,194.3,223.6,7.0,8040.0,253.1
2019-08-20T12:15:17,35.3,191.3,216.5,6.9,8060.0,254.1
2019-08-20T12:15:49,35.4,193.1,217.7,6.8,8090.0,252.2
2019-08-20T12:16:20,35.4,191.3,227.1,7.0,8110.0,253.1
2019-08-20T12:16:51,35.5,193.1,223.6,6.9,8130.0,253.1
2019-08-20T12:17:22,35.5,191.3,225.4,7.0,8160.0,253.1
2019-08-20T12:17:53,35.5,193.1,226.5,7.0,8180.0,254.1
2019-08-20T12:18:24,35.4,193.1,223.0,7.0,8200.0,253.1
2019-08-20T12:18:55,35.4,194.9,223.6,6.7,8230.0,253.1
2019-08-20T12:19:26,35.0,193.7,223.6,7.0,8250.0,254.1
2019-08-20T12:19:57,34.9,195.5,225.9,6.8,8270.0,252.2
2019-08-20T12:20:28,35.0,194.3,221.8,7.0,8300.0,253.1
2019-08-20T12:21:00,35.3,193.1,221.2,7.1,8320.0,254.1
2019-08-20T12:21:31,35.3,197.3,226.5,6.9,8350.0,253.1
2019-08-20T12:22:02,35.4,194.9,220.6,6.9,8370.0,253.1
2019-08-20T12:22:33,35.4,196.7,223.6,6.8,8390.0,253.1
2019-08-20T12:23:04,35.4,197.3,215.9,6.8,8420.0,254.1
2019-08-20T12:23:35,35.4,196.1,218.8,6.9,8440.0,253.1
2019-08-20T12:24:06,35.4,197.8,227.1,7.0,8460.0,251.2
2019-08-20T12:24:37,35.5,196.7,227.1,7.0,8490.0,251.2
2019-08-20T12:25:08,35.5,194.9,227.7,6.9,8510.0,250.2
2019-08-20T12:25:39,35.6,194.9,223.6,7.1,8540.0,250.2
2019-08-20T12:26:11,35.6,197.3,218.8,6.9,8560.0,250.2
2019-08-20T12:26:42,35.7,197.3,217.1,6.3,8580.0,251.2
2019-08-20T12:27:13,35.7,195.5,221.8,7.0,8610.0,251.2
2019-08-20T12:27:44,35.7,196.1,219.4,5.7,8630.0,250.2
2019-08-20T12:28:15,35.7,175.4,218.3,7.0,8650.0,253.1
2019-08-20T12:28:46,35.4,170.7,218.8,7.4,8680.0,251.2
2019-08-20T12:29:17,35.2,170.1,218.3,7.4,8700.0,253.1
2019-08-20T12:29:48,35.3,170.1,224.2,7.3,8720.0,253.1
2019-08-20T12:30:19,35.4,177.8,224.2,7.3,8750.0,252.2
2019-08-20T12:30:50,35.5,186.6,225.4,6.4,8770.0,253.1
2019-08-20T12:31:22,35.5,192.5,224.8,6.4,8790.0,252.2
2019-08-20T12:31:53,35.4,191.3,218.8,6.0,8820.0,253.1
2019-08-20T12:32:24,35.4,192.5,216.5,6.4,8840.0,253.1
2019-08-20T12:32:55,35.4,191.9,221.8,6.3,8860.0,253.1
2019-08-20T12:33:26,35.4,193.1,224.2,6.5,8880.0,253.1
2019-08-20T12:33:57,35.4,194.9,219.4,6.0,8910.0,252.2
2019-08-20T12:34:28,35.3,188.4,222.4,6.2,8930.0,253.1
2019-08-20T12:34:59,35.4,181.9,221.8,6.5,8950.0,252.2
2019-08-20T12:35:30,35.5,171.9,217.1,7.4,8970.0,252.2
2019-08-20T12:36:01,35.5,170.7,224.2,7.3,9000.0,252.2
2019-08-20T12:36:32,35.6,170.7,218.8,7.3,9020.0,251.2
2019-08-20T12:37:03,35.7,172.4,218.8,7.2,9040.0,253.1
2019-08-20T12:37:34,35.9,167.7,221.2,7.5,9070.0,252.2
2019-08-20T12:38:05,35.9,170.1,218.3,7.3,9090.0,252.2
2019-08-20T12:38:36,36.0,173.6,215.3,7.1,9110.0,251.2
2019-08-20T12:39:07,36.0,170.7,214.7,7.4,9130.0,250.2
2019-08-20T12:39:38,35.9,172.4,213.5,7.1,9160.0,251.2
2019-08-20T12:40:09,35.7,169.5,215.9,7.3,9180.0,250.2
2019-08-20T12:40:41,35.7,170.7,220.6,7.3,9200.0,250.2
2019-08-20T12:41:12,35.9,170.1,223.6,7.4,9230.0,251.2
2019-08-20T12:41:43,36.0,166.5,225.4,7.5,9250.0,251.2
2019-08-20T12:42:14,36.0,172.4,218.8,7.2,9270.0,251.2
2019-08-20T12:42:45,36.0,170.7,218.3,7.3,9300.0,252.2
2019-08-20T12:43:16,36.0,168.3,222.4,7.5,9320.0,252.2
2019-08-20T12:43:47,36.0,170.1,221.8,7.3,9340.0,252.2
2019-08-20T12:44:18,36.0,167.7,217.7,7.3,9370.0,252.2
2019-08-20T12:44:49,36.0,167.1,214.7,7.5,9390.0,251.2
2019-08-20T12:45:20,36.1,164.8,212.9,7.5,9410.0,252.2
2019-08-20T12:45:52,36.1,170.7,215.3,7.2,9430.0,253.1
2019-08-20T12:46:27,36.2,169.5,214.7,7.3,9460.0,252.2
2019-08-20T12:46:58,36.2,170.1,212.3,7.3,9480.0,252.2
2019-08-20T12:47:29,36.2,165.9,212.9,7.5,9500.0,253.1
2019-08-20T12:48:00,36.3,170.1,210.6,7.3,9530.0,253.1
2019-08-20T12:48:31,36.4,165.9,219.4,7.4,9550.0,254.1
2019-08-20T12:49:02,36.4,168.3,223.0,7.3,9570.0,251.2
2019-08-20T12:49:33,36.5,170.1,221.2,7.3,9600.0,253.1
2019-08-20T12:50:04,36.4,168.3,223.6,7.4,9620.0,253.1
2019-08-20T12:50:43,36.4,167.1,220.6,7.5,9650.0,254.1
2019-08-20T12:51:15,36.5,168.9,217.1,7.4,9670.0,253.1
2019-08-20T12:51:46,36.5,165.9,220.0,7.4,9690.0,254.1
2019-08-20T12:52:17,36.7,170.1,217.7,7.3,9720.0,253.1
2019-08-20T12:52:48,36.8,164.8,218.3,7.4,9740.0,253.1
2019-08-20T12:53:19,36.8,167.7,219.4,7.2,9760.0,252.2
2019-08-20T12:53:50,36.8,170.7,221.2,7.1,9780.0,251.2
2019-08-20T12:54:21,36.5,159.4,217.1,7.5,9810.0,251.2
2019-08-20T12:54:52,36.4,164.8,211.2,7.5,9830.0,252.2
2019-08-20T12:55:23,36.4,169.5,211.2,7.3,9850.0,251.2
2019-08-20T12:55:54,36.3,167.1,211.7,7.5,9870.0,251.2
2019-08-20T12:56:26,36.3,165.4,213.5,7.5,9900.0,252.2
2019-08-20T12:56:57,36.4,171.9,221.2,7.1,9920.0,251.2
2019-08-20T12:57:28,36.4,171.3,220.0,7.2,9940.0,252.2
2019-08-20T12:57:59,36.5,171.9,214.1,7.3,9970.0,252.2
2019-08-20T12:58:30,36.5,171.9,214.1,7.2,9990.0,252.2
2019-08-20T12:59:01,36.5,171.9,223.0,7.3,10010.0,253.1
2019-08-20T12:59:32,36.4,161.8,225.4,7.4,10030.0,252.2
2019-08-20T13:00:03,35.7,157.7,225.4,7.5,10060.0,253.1
2019-08-20T13:00:34,35.5,161.8,215.3,7.3,10080.0,254.1
2019-08-20T13:01:06,35.7,159.4,217.7,7.5,10100.0,253.1
2019-08-20T13:01:37,35.9,163.0,221.2,7.2,10130.0,253.1
2019-08-20T13:02:08,36.0,158.9,218.3,7.3,10150.0,253.1
2019-08-20T13:02:39,36.0,160.0,221.2,7.3,10170.0,254.1
2019-08-20T13:03:10,35.9,158.3,220.0,7.3,10190.0,253.1
2019-08-20T13:03:41,35.9,163.0,220.6,7.1,10210.0,254.1
2019-08-20T13:04:12,36.0,161.8,219.4,7.2,10240.0,253.1
2019-08-20T13:04:43,36.1,160.6,220.0,7.2,10260.0,254.1
2019-08-20T13:05:14,36.2,161.8,217.1,7.2,10280.0,254.1
2019-08-20T13:05:51,36.1,157.1,219.4,7.2,10310.0,250.2
2019-08-20T13:06:31,35.9,161.2,210.6,7.2,10340.0,251.2
2019-08-20T13:07:02,35.6,159.4,214.7,7.2,10360.0,252.2
2019-08-20T13:07:33,35.3,160.0,211.2,7.2,10380.0,251.2
2019-08-20T13:08:04,35.2,161.2,215.9,7.2,10400.0,250.2
2019-08-20T13:08:35,35.2,159.4,215.9,7.2,10420.0,250.2
2019-08-20T13:09:06,35.4,159.4,213.5,7.1,10450.0,250.2
2019-08-20T13:09:37,35.5,161.2,213.5,7.2,10470.0,251.2
2019-08-20T13:10:08,35.7,162.4,210.0,7.1,10490.0,250.2
2019-08-20T13:10:43,35.9,161.2,212.9,7.1,10510.0,252.2
2019-08-20T13:11:18,36.0,160.6,211.7,7.0,10540.0,253.1
2019-08-20T13:11:49,36.0,163.6,209.4,7.0,10560.0,252.2
2019-08-20T13:12:20,36.1,161.2,211.7,7.0,10580.0,252.2
2019-08-20T13:12:51,36.2,161.2,216.5,7.0,10610.0,252.2
2019-08-20T13:13:22,36.3,164.8,219.4,6.8,10630.0,252.2
2019-08-20T13:13:53,36.4,163.6,217.7,6.9,10650.0,251.2
2019-08-20T13:14:24,36.4,163.6,218.3,6.9,10670.0,251.2
2019-08-20T13:14:55,36.4,163.0,222.4,6.9,10690.0,252.2
2019-08-20T13:15:26,36.5,161.2,221.2,6.9,10710.0,252.2
2019-08-20T13:15:58,36.3,161.2,220.6,7.0,10740.0,251.2
2019-08-20T13:16:30,36.0,161.8,219.4,6.9,10760.0,253.1
2019-08-20T13:17:01,35.7,160.6,220.0,6.9,10780.0,252.2
2019-08-20T13:17:32,35.6,163.0,218.8,7.0,10800.0,253.1
2019-08-20T13:18:03,35.5,160.6,217.7,7.0,10820.0,253.1
2019-08-20T13:18:34,35.3,163.6,216.5,6.9,10850.0,253.1
2019-08-20T13:19:05,35.5,158.3,219.4,7.1,10870.0,252.2
2019-08-20T13:19:36,35.6,163.0,218.3,7.1,10890.0,253.1
2019-08-20T13:20:07,35.7,169.5,220.0,6.4,10910.0,252.2
2019-08-20T13:20:38,35.9,168.9,218.3,6.3,10930.0,253.1
2019-08-20T13:21:10,35.6,173.6,221.2,6.5,10950.0,252.2
2019-08-20T13:21:41,35.4,181.9,219.4,6.0,10980.0,251.2
2019-08-20T13:22:12,35.4,182.5,221.2,5.9,11000.0,251.2
2019-08-20T13:22:43,35.5,180.1,221.2,6.3,11020.0,252.2
2019-08-20T13:23:14,35.6,182.5,219.4,5.1,11040.0,252.2
2019-08-20T13:23:45,35.7,184.3,214.7,5.1,11060.0,252.2
2019-08-20T13:24:16,35.7,181.9,216.5,4.9,11080.0,253.1
2019-08-20T13:24:47,35.6,187.8,218.3,4.5,11100.0,251.2
2019-08-20T13:25:18,35.7,186.0,220.0,5.2,11120.0,251.2
2019-08-20T13:25:49,35.9,165.4,222.4,6.1,11140.0,251.2
2019-08-20T13:26:21,36.0,158.3,220.6,7.3,11160.0,251.2
2019-08-20T13:26:52,36.1,151.2,220.6,7.0,11180.0,251.2
2019-08-20T13:27:23,36.2,151.2,219.4,6.9,11210.0,252.2
2019-08-20T13:27:54,36.3,150.6,215.3,7.0,11230.0,253.1
2019-08-20T13:28:25,36.3,151.8,215.3,7.1,11250.0,252.2
2019-08-20T13:28:56,36.4,150.0,215.3,7.0,11270.0,252.2
2019-08-20T13:29:27,36.3,154.1,220.6,6.8,11290.0,251.2
2019-08-20T13:29:58,36.3,151.8,223.6,7.1,11310.0,250.2
2019-08-20T13:30:29,36.3,154.1,218.3,7.0,11330.0,249.3
2019-08-20T13:31:00,36.3,148.8,213.5,7.0,11360.0,249.3
2019-08-20T13:31:31,36.3,150.6,212.3,7.2,11380.0,250.2
2019-08-20T13:32:02,36.4,151.2,220.6,7.1,11400.0,251.2
2019-08-20T13:32:33,36.5,147.0,216.5,7.3,11420.0,250.2
2019-08-20T13:33:04,36.5,149.4,215.9,7.2,11440.0,252.2
2019-08-20T13:33:35,36.5,149.4,223.0,7.2,11460.0,253.1
2019-08-20T13:34:06,36.7,152.9,223.6,7.1,11480.0,252.2
2019-08-20T13:34:37,36.7,152.4,222.4,7.1,11500.0,253.1
2019-08-20T13:35:08,36.8,153.5,216.5,7.1,11530.0,252.2
2019-08-20T13:35:40,36.8,152.4,215.9,7.0,11550.0,251.2
2019-08-20T13:36:11,36.8,154.1,215.3,6.9,11570.0,251.2
2019-08-20T13:36:42,36.8,150.6,216.5,7.2,11590.0,252.2
2019-08-20T13:37:13,36.4,150.0,216.5,7.1,11610.0,253.1
2019-08-20T13:37:44,36.1,153.5,219.4,6.9,11630.0,251.2
2019-08-20T13:38:15,36.1,148.2,216.5,7.1,11650.0,252.2
2019-08-20T13:38:46,36.2,151.2,217.7,7.1,11680.0,252.2
2019-08-20T13:39:17,36.0,150.0,217.1,7.0,11700.0,251.2
2019-08-20T13:39:48,35.9,150.0,219.4,7.1,11720.0,252.2
2019-08-20T13:40:19,36.1,148.2,220.0,7.2,11740.0,251.2
2019-08-20T13:40:51,36.1,147.0,216.5,7.3,11760.0,251.2
2019-08-20T13:41:23,36.2,152.4,215.3,7.1,11780.0,250.2
2019-08-20T13:41:54,36.1,150.0,218.3,7.2,11800.0,250.2
2019-08-20T13:42:25,36.1,147.6,220.0,6.3,11820.0,249.3
2019-08-20T13:42:56,36.1,150.0,223.0,7.2,11850.0,251.2
2019-08-20T13:43:27,36.2,153.5,221.2,7.0,11870.0,250.2
2019-08-20T13:43:58,36.2,148.8,216.5,7.2,11890.0,251.2
2019-08-20T13:44:29,36.2,150.6,216.5,7.0,11910.0,250.2
2019-08-20T13:45:00,36.4,151.8,218.3,6.8,11930.0,251.2
2019-08-20T13:45:31,36.5,152.9,213.5,6.8,11950.0,251.2
2019-08-20T13:46:06,36.5,154.7,217.7,6.7,11970.0,251.2
2019-08-20T13:46:37,36.7,148.2,218.3,6.1,11990.0,251.2
2019-08-20T13:47:08,36.4,133.5,212.3,6.8,12010.0,251.2
2019-08-20T13:47:39,36.3,141.1,215.3,3.2,12030.0,251.2
2019-08-20T13:48:10,36.1,132.3,215.3,5.2,12050.0,251.2
2019-08-20T13:48:41,36.2,129.9,218.8,7.1,12070.0,251.2
2019-08-20T13:49:12,36.3,122.8,218.3,7.0,12090.0,253.1
2019-08-20T13:49:43,36.3,112.8,218.3,6.9,12110.0,252.2
2019-08-20T13:50:14,36.0,107.5,225.4,7.4,12130.0,253.1
2019-08-20T13:50:45,36.0,122.2,222.4,7.4,12150.0,252.2
2019-08-20T13:51:17,36.1,122.8,218.8,7.5,12170.0,253.1
2019-08-20T13:51:48,36.3,114.0,217.1,7.5,12190.0,252.2
2019-08-20T13:52:19,36.3,115.7,215.3,7.5,12210.0,252.2
2019-08-20T13:52:50,36.4,111.0,212.3,7.2,12230.0,251.2
2019-08-20T13:53:21,36.5,105.1,214.1,7.7,12250.0,253.1
2019-08-20T13:53:52,36.5,116.9,215.9,7.4,12260.0,252.2
2019-08-20T13:54:23,36.7,105.1,223.6,7.5,12280.0,252.2
2019-08-20T13:54:54,36.8,119.3,224.2,6.1,12300.0,252.2
2019-08-20T13:55:25,36.8,106.9,218.8,7.5,12320.0,252.2
2019-08-20T13:55:57,36.8,106.3,218.8,7.7,12340.0,251.2
2019-08-20T13:56:28,36.8,114.6,217.1,7.4,12360.0,252.2
2019-08-20T13:56:59,36.7,119.9,218.3,7.2,12380.0,249.3
2019-08-20T13:57:30,36.7,113.4,216.5,7.5,12400.0,251.2
2019-08-20T13:58:01,36.8,121.6,215.3,7.0,12420.0,250.2
2019-08-20T13:58:32,36.8,121.6,212.3,6.8,12440.0,251.2
2019-08-20T13:59:03,36.9,119.9,213.5,7.1,12460.0,251.2
2019-08-20T13:59:34,36.9,109.8,217.1,7.1,12480.0,251.2
2019-08-20T14:00:05,36.9,109.8,218.8,7.1,12490.0,250.2
2019-08-20T14:00:37,36.8,107.5,220.6,7.3,12510.0,250.2
2019-08-20T14:01:08,36.8,106.9,212.3,7.3,12530.0,251.2
2019-08-20T14:01:39,36.4,111.6,221.2,6.9,12550.0,252.2
2019-08-20T14:02:10,36.2,111.0,219.4,7.1,12570.0,250.2
2019-08-20T14:02:41,36.1,109.2,214.1,6.8,12590.0,251.2
2019-08-20T14:03:12,36.2,109.8,215.9,6.9,12610.0,251.2
2019-08-20T14:03:43,36.3,106.9,223.6,7.1,12620.0,251.2
2019-08-20T14:04:14,36.4,104.5,219.4,7.5,12640.0,251.2
2019-08-20T14:04:45,36.5,106.9,215.3,6.7,12660.0,252.2
2019-08-20T14:05:16,36.4,108.6,220.6,6.2,12680.0,252.2
2019-08-20T14:05:48,36.4,114.6,213.5,6.1,12700.0,251.2
2019-08-20T14:06:19,36.5,118.7,216.5,5.9,12720.0,251.2
2019-08-20T14:06:50,36.5,117.5,212.9,6.1,12730.0,251.2
2019-08-20T14:07:21,36.7,115.7,216.5,6.2,12750.0,252.2
2019-08-20T14:07:52,36.5,116.3,216.5,6.1,12770.0,252.2
2019-08-20T14:08:23,36.7,119.9,215.3,5.6,12790.0,252.2
2019-08-20T14:08:54,36.7,115.1,214.7,5.5,12800.0,251.2
2019-08-20T14:09:25,36.8,111.6,216.5,5.1,12820.0,252.2
2019-08-20T14:09:56,36.7,108.1,220.6,5.0,12840.0,251.2
2019-08-20T14:10:27,36.5,114.0,220.6,4.3,12850.0,252.2
2019-08-20T14:10:59,36.2,117.5,223.0,3.9,12870.0,251.2
2019-08-20T14:11:30,36.0,128.1,221.2,4.0,12890.0,251.2
2019-08-20T14:12:01,36.0,135.8,218.8,3.5,12900.0,250.2
2019-08-20T14:12:32,35.9,135.8,221.2,3.7,12920.0,250.2
2019-08-20T14:13:03,36.0,147.0,223.6,3.2,12930.0,249.3
2019-08-20T14:13:34,35.9,150.0,220.6,3.1,12950.0,250.2
2019-08-20T14:14:05,35.9,147.6,220.6,3.1,12960.0,250.2
2019-08-20T14:14:36,36.0,138.8,218.8,3.2,12980.0,250.2
2019-08-20T14:15:07,35.9,137.0,217.1,3.3,13000.0,250.2
2019-08-20T14:15:42,36.0,125.8,211.7,3.7,13010.0,248.3
2019-08-20T14:16:14,36.1,135.2,210.6,3.7,13030.0,249.3
2019-08-20T14:16:45,36.2,134.6,211.2,3.2,13040.0,250.2
2019-08-20T14:17:16,36.3,135.2,210.6,2.7,13060.0,249.3
2019-08-20T14:17:47,36.4,125.8,215.3,3.6,13070.0,250.2
2019-08-20T14:18:18,36.4,106.9,220.6,5.1,13090.0,251.2
2019-08-20T14:18:49,36.5,106.9,214.7,5.3,13110.0,251.2
2019-08-20T14:19:20,36.5,106.9,211.2,5.1,13120.0,252.2
2019-08-20T14:19:51,36.5,102.1,210.6,5.0,13140.0,251.2
2019-08-20T14:20:22,36.4,121.6,211.7,4.5,13150.0,252.2
2019-08-20T14:20:54,36.4,117.5,209.4,4.8,13170.0,251.2
2019-08-20T14:21:25,36.4,116.3,218.3,4.5,13190.0,249.3
2019-08-20T14:21:56,36.5,115.7,212.9,5.2,13200.0,249.3
2019-08-20T14:22:27,36.5,115.1,214.7,4.5,13220.0,249.3
2019-08-20T14:22:58,36.7,118.1,210.6,3.8,13240.0,251.2
2019-08-20T14:23:29,36.7,116.3,211.2,4.4,13250.0,249.3
2019-08-20T14:24:00,36.7,124.6,218.8,3.9,13270.0,247.3
2019-08-20T14:24:31,36.7,106.3,218.8,4.3,13280.0,247.3
2019-08-20T14:25:02,36.3,105.1,220.0,5.8,13300.0,248.3
2019-08-20T14:25:34,36.3,107.5,216.5,4.6,13310.0,248.3
2019-08-20T14:26:05,36.2,106.9,221.2,5.2,13330.0,248.3
2019-08-20T14:26:36,36.1,104.5,218.8,5.4,13350.0,249.3
2019-08-20T14:27:07,36.1,102.1,215.9,4.9,13360.0,249.3
2019-08-20T14:27:38,36.2,103.3,216.5,6.2,13380.0,250.2
2019-08-20T14:28:09,36.3,110.4,216.5,4.4,13390.0,250.2
2019-08-20T14:28:40,36.1,106.9,212.3,5.4,13410.0,250.2
2019-08-20T14:29:11,36.1,102.1,215.3,5.8,13430.0,250.2
2019-08-20T14:29:42,36.2,103.9,219.4,4.9,13440.0,251.2
2019-08-20T14:30:13,36.2,109.2,218.3,4.8,13460.0,251.2
2019-08-20T14:30:46,36.3,117.5,214.7,4.6,13470.0,251.2
2019-08-20T14:31:17,36.3,122.2,212.3,4.4,13490.0,250.2
2019-08-20T14:31:48,36.4,124.0,214.1,4.2,13510.0,249.3
2019-08-20T14:32:19,36.4,121.6,220.0,3.9,13520.0,248.3
2019-08-20T14:32:50,36.5,103.3,218.3,5.0,13540.0,248.3
2019-08-20T14:33:21,36.5,124.0,216.5,4.3,13550.0,249.3
2019-08-20T14:33:52,36.5,114.0,221.2,4.4,13570.0,248.3
2019-08-20T14:34:23,36.7,103.3,221.8,5.7,13590.0,248.3
2019-08-20T14:34:54,36.8,102.1,218.3,5.6,13600.0,248.3
2019-08-20T14:35:25,36.8,109.2,214.7,5.0,13620.0,248.3
2019-08-20T14:35:57,36.8,108.1,216.5,5.2,13630.0,248.3
2019-08-20T14:36:28,36.8,102.7,212.3,6.1,13650.0,250.2
2019-08-20T14:36:59,36.9,109.2,219.4,5.1,13670.0,250.2
2019-08-20T14:37:30,36.7,106.9,217.1,5.6,13680.0,249.3
2019-08-20T14:38:01,36.7,102.7,214.7,6.3,13700.0,249.3
2019-08-20T14:38:32,36.7,102.7,214.7,6.3,13710.0,249.3
2019-08-20T14:39:03,36.5,103.3,213.5,6.1,13730.0,249.3
2019-08-20T14:39:34,36.7,102.7,211.7,6.2,13750.0,248.3
2019-08-20T14:40:05,36.7,102.1,213.5,6.1,13760.0,248.3
2019-08-20T14:40:37,36.7,105.7,218.8,5.7,13780.0,249.3
2019-08-20T14:41:08,36.7,106.3,221.8,4.9,13800.0,249.3
2019-08-20T14:41:39,36.8,109.2,214.7,4.6,13810.0,249.3
2019-08-20T14:42:10,36.7,111.6,216.5,4.6,13830.0,249.3
2019-08-20T14:42:41,36.7,110.4,219.4,5.0,13840.0,249.3
2019-08-20T14:43:12,36.7,111.6,223.0,4.8,13860.0,248.3
2019-08-20T14:43:43,36.8,111.0,224.2,4.6,13870.0,250.2
2019-08-20T14:44:14,36.8,111.0,225.4,4.8,13890.0,248.3
2019-08-20T14:44:45,36.8,108.1,224.2,4.8,13900.0,249.3
2019-08-20T14:45:16,36.8,103.3,219.4,4.1,13920.0,249.3
2019-08-20T14:45:51,36.9,103.9,220.6,4.0,13940.0,249.3
2019-08-20T14:46:23,36.8,102.7,223.0,4.3,13950.0,250.2
2019-08-20T14:46:54,36.7,102.7,218.8,4.2,13970.0,250.2
2019-08-20T14:47:25,36.7,102.7,218.8,4.2,13980.0,248.3
2019-08-20T14:47:56,36.4,103.3,227.7,4.1,14000.0,249.3
2019-08-20T14:48:27,36.3,102.7,220.6,4.1,14010.0,249.3
2019-08-20T14:48:58,36.4,102.7,221.8,4.2,14020.0,248.3
2019-08-20T14:49:29,36.3,103.3,219.4,4.1,14040.0,249.3
2019-08-20T14:50:00,36.1,102.7,218.3,4.1,14050.0,249.3
2019-08-20T14:50:31,36.1,103.3,214.1,3.9,14070.0,249.3
2019-08-20T14:51:03,36.2,102.7,213.5,4.0,14080.0,248.3
2019-08-20T14:51:34,36.3,102.7,216.5,4.0,14100.0,249.3
2019-08-20T14:52:05,36.3,102.7,210.6,4.0,14110.0,248.3
2019-08-20T14:52:36,36.3,102.7,218.8,4.0,14120.0,250.2
2019-08-20T14:53:07,36.2,107.5,218.3,0.4,14140.0,249.3
2019-08-20T14:53:38,36.3,108.6,215.3,4.5,14150.0,248.3
2019-08-20T14:54:09,36.3,93.9,221.2,4.8,14170.0,247.3
2019-08-20T14:54:40,36.3,106.9,218.3,0.4,14180.0,248.3
2019-08-20T14:55:11,36.3,93.9,215.3,4.4,14190.0,247.3
2019-08-20T14:55:42,36.3,107.5,218.3,5.5,14210.0,248.3
2019-08-20T14:56:14,36.4,109.2,219.4,0.4,14220.0,250.2
2019-08-20T14:56:45,36.4,98.6,224.8,4.3,14230.0,247.3
2019-08-20T14:57:16,36.5,102.7,225.4,3.8,14250.0,248.3
2019-08-20T14:57:47,36.5,103.3,218.3,3.7,14260.0,247.3
2019-08-20T14:58:18,36.5,102.7,220.6,3.8,14280.0,247.3
2019-08-20T14:58:49,36.4,102.1,215.9,3.6,14290.0,248.3
2019-08-20T14:59:20,36.4,102.7,223.6,3.5,14300.0,248.3
2019-08-20T14:59:51,36.4,103.9,223.0,3.4,14320.0,250.2
2019-08-20T15:00:22,36.3,103.9,218.8,3.2,14330.0,249.3
2019-08-20T15:00:54,36.2,102.1,221.8,2.9,14340.0,249.3
2019-08-20T15:01:25,36.2,103.9,221.8,3.1,14360.0,248.3
2019-08-20T15:01:56,36.1,105.7,223.0,4.4,14370.0,248.3
2019-08-20T15:02:27,36.0,102.1,218.3,3.6,14380.0,247.3
2019-08-20T15:02:58,36.0,105.1,216.5,3.1,14400.0,248.3
2019-08-20T15:03:29,36.0,105.1,218.8,3.0,14410.0,248.3
2019-08-20T15:04:00,36.1,103.9,222.4,2.9,14420.0,251.2
2019-08-20T15:04:31,36.1,103.9,221.2,2.5,14430.0,250.2
2019-08-20T15:05:02,36.2,102.1,215.9,2.2,14450.0,247.3
2019-08-20T15:05:34,36.2,105.1,214.1,1.8,14460.0,249.3
2019-08-20T15:06:06,36.3,102.7,218.8,2.1,14470.0,249.3
2019-08-20T15:06:37,36.3,106.3,222.4,1.9,14480.0,248.3
2019-08-20T15:07:08,36.3,112.8,221.8,1.4,14500.0,248.3
2019-08-20T15:07:39,36.4,116.9,225.9,1.1,14510.0,249.3
2019-08-20T15:08:10,36.4,108.1,221.2,1.1,14520.0,249.3
2019-08-20T15:08:41,36.4,115.1,224.2,1.0,14530.0,248.3
2019-08-20T15:09:12,36.4,123.4,221.2,0.8,14540.0,248.3
2019-08-20T15:09:43,36.4,127.0,215.3,0.7,14550.0,247.3
2019-08-20T15:10:14,36.3,136.4,211.7,0.6,14560.0,246.4
2019-08-20T15:10:45,35.9,152.4,214.1,0.6,14570.0,247.3
2019-08-20T15:11:17,35.7,155.9,220.6,0.6,14590.0,248.3
2019-08-20T15:11:48,35.7,171.3,225.9,0.6,14600.0,249.3
2019-08-20T15:12:19,35.7,191.9,221.2,0.6,14610.0,249.3
2019-08-20T15:12:50,35.9,213.2,215.3,0.5,14620.0,248.3
2019-08-20T15:13:21,35.9,235.1,218.8,0.5,14630.0,248.3
2019-08-20T15:13:52,35.9,219.1,222.4,0.5,14640.0,247.3
2019-08-20T15:14:23,35.9,216.2,220.0,0.6,14650.0,249.3
2019-08-20T15:14:54,35.9,236.2,216.5,0.5,14660.0,249.3
2019-08-20T15:15:25,35.9,217.9,215.9,0.5,14670.0,249.3
2019-08-20T15:15:56,35.9,204.3,217.7,0.6,14690.0,248.3
2019-08-20T15:16:28,36.0,216.7,218.8,0.5,14700.0,247.3
2019-08-20T15:16:59,35.9,235.1,220.0,0.4,14710.0,248.3
2019-08-20T15:17:30,35.9,217.3,220.6,0.5,14720.0,248.3
2019-08-20T15:18:01,35.7,236.8,225.4,0.4,14730.0,249.3
2019-08-20T15:18:32,35.9,215.0,225.9,0.5,14740.0,248.3
2019-08-20T15:19:03,35.6,222.7,225.9,0.5,14750.0,246.4
2019-08-20T15:19:34,35.5,227.4,224.2,0.5,14760.0,247.3
2019-08-20T15:20:05,35.4,209.7,225.4,0.5,14770.0,248.3
2019-08-20T15:20:36,35.3,230.9,223.6,0.5,14780.0,247.3
2019-08-20T15:21:08,35.3,220.3,225.4,0.5,14800.0,249.3
2019-08-20T15:21:39,35.4,199.6,217.1,0.5,14810.0,248.3
2019-08-20T15:22:10,35.4,200.8,217.1,0.5,14820.0,247.3
2019-08-20T15:22:41,35.5,202.6,224.2,0.6,14830.0,248.3
2019-08-20T15:23:12,35.5,186.6,218.3,0.5,14840.0,248.3
2019-08-20T15:23:43,35.6,206.7,216.5,0.5,14850.0,246.4
2019-08-20T15:24:14,35.6,228.0,217.1,0.4,14860.0,248.3
2019-08-20T15:24:45,35.6,225.0,217.7,0.5,14870.0,248.3
2019-08-20T15:25:16,35.6,204.3,218.8,0.5,14880.0,248.3
2019-08-20T15:25:48,35.5,199.6,223.6,0.5,14890.0,248.3
2019-08-20T15:26:20,35.5,222.7,223.6,0.5,14900.0,247.3
2019-08-20T15:26:51,35.5,225.6,228.9,0.4,14910.0,247.3
2019-08-20T15:27:22,35.6,206.7,223.6,0.5,14920.0,249.3
2019-08-20T15:27:53,35.6,227.4,224.2,0.5,14930.0,248.3
2019-08-20T15:28:24,35.7,226.2,216.5,0.4,14940.0,249.3
2019-08-20T15:28:55,35.7,206.1,218.8,0.6,14960.0,249.3
2019-08-20T15:29:26,35.7,191.3,218.8,0.5,14970.0,248.3
2019-08-20T15:29:57,35.7,213.8,220.6,0.5,14980.0,248.3
2019-08-20T15:30:28,35.6,233.9,223.6,0.4,14990.0,249.3
2019-08-20T15:31:01,35.6,217.3,227.1,0.5,15000.0,247.3
2019-08-20T15:31:32,35.7,220.9,225.4,0.5,15010.0,248.3
2019-08-20T15:32:03,35.7,235.6,225.4,0.4,15020.0,246.4
2019-08-20T15:32:34,35.7,212.0,225.9,0.5,15030.0,246.4
2019-08-20T15:33:05,35.7,203.7,223.0,0.5,15040.0,246.4
2019-08-20T15:33:36,35.7,225.6,219.4,0.5,15050.0,246.4
2019-08-20T15:34:07,35.7,226.2,215.9,0.4,15060.0,246.4
2019-08-20T15:34:38,35.9,204.9,214.7,0.5,15070.0,246.4
2019-08-20T15:35:09,35.9,211.4,220.6,0.5,15080.0,246.4
2019-08-20T15:35:40,35.9,232.7,214.7,0.4,15090.0,247.3
2019-08-20T15:36:18,35.9,216.2,220.6,0.4,15100.0,247.3
2019-08-20T15:36:49,35.9,199.6,216.5,0.5,15110.0,246.4
2019-08-20T15:37:20,36.0,221.5,216.5,0.5,15120.0,246.4
2019-08-20T15:37:51,36.0,235.1,216.5,0.4,15130.0,247.3
2019-08-20T15:38:22,36.0,211.4,221.2,0.5,15140.0,247.3
2019-08-20T15:38:53,36.0,191.3,223.0,0.5,15150.0,248.3
2019-08-20T15:39:24,36.1,212.0,225.9,0.5,15160.0,248.3
2019-08-20T15:39:55,36.1,232.1,223.0,0.4,15170.0,248.3
2019-08-20T15:40:26,36.1,217.3,223.6,0.5,15180.0,249.3
2019-08-20T15:40:57,36.1,196.1,227.7,0.5,15190.0,247.3
2019-08-20T15:41:29,36.1,202.6,216.5,0.5,15200.0,247.3
2019-08-20T15:42:00,36.1,222.7,218.3,0.4,15210.0,246.4
2019-08-20T15:42:31,36.1,230.9,218.8,0.4,15220.0,246.4
2019-08-20T15:43:02,36.1,208.5,222.4,0.5,15230.0,247.3
2019-08-20T15:43:33,36.1,214.4,217.1,0.5,15240.0,247.3
2019-08-20T15:44:04,36.1,235.1,221.8,0.4,15250.0,247.3
2019-08-20T15:44:35,36.0,215.0,218.3,0.4,15260.0,246.4
2019-08-20T15:45:06,35.9,228.0,218.3,0.4,15270.0,246.4
2019-08-20T15:45:37,35.9,225.0,223.6,0.4,15280.0,246.4
2019-08-20T15:46:09,35.9,213.8,225.4,0.4,15290.0,248.3
2019-08-20T15:46:40,35.9,235.1,218.8,0.4,15290.0,248.3
2019-08-20T15:47:11,35.9,216.2,218.8,0.5,15300.0,248.3
2019-08-20T15:47:42,35.9,217.9,220.6,0.5,15310.0,248.3
2019-08-20T15:48:13,35.9,233.3,224.8,0.4,15320.0,248.3
2019-08-20T15:48:44,35.9,212.0,227.7,0.4,15330.0,246.4
2019-08-20T15:49:15,36.0,229.7,224.2,0.4,15340.0,246.4
2019-08-20T15:49:46,36.0,224.4,218.3,0.5,15350.0,245.4
2019-08-20T15:50:17,36.1,230.9,221.2,0.4,15360.0,244.4
2019-08-20T15:50:48,36.1,222.1,218.3,0.4,15370.0,245.4
2019-08-20T15:51:20,36.0,222.1,229.5,0.4,15380.0,245.4
2019-08-20T15:51:51,36.0,230.3,227.7,0.4,15390.0,244.4
2019-08-20T15:52:22,35.9,209.7,220.6,0.4,15400.0,245.4
2019-08-20T15:52:53,35.9,219.7,216.5,0.4,15410.0,244.4
2019-08-20T15:53:24,35.9,234.5,221.2,0.4,15420.0,245.4
2019-08-20T15:53:55,35.9,211.4,223.0,0.5,15420.0,245.4
2019-08-20T15:54:26,35.9,195.5,223.0,0.5,15430.0,245.4
2019-08-20T15:54:57,35.9,218.5,224.2,0.5,15440.0,245.4
2019-08-20T15:55:28,36.0,237.4,217.7,0.4,15450.0,245.4
2019-08-20T15:55:59,36.0,216.7,220.6,0.4,15460.0,245.4
2019-08-20T15:56:35,36.0,225.0,227.7,0.4,15470.0,244.4
2019-08-20T15:57:06,36.0,212.6,228.9,0.5,15480.0,245.4
2019-08-20T15:57:37,36.0,208.5,223.0,0.5,15490.0,245.4
2019-08-20T15:58:08,36.0,227.4,227.7,0.5,15500.0,246.4
2019-08-20T15:58:39,36.1,225.6,231.3,0.5,15510.0,245.4
2019-08-20T15:59:10,36.1,205.5,227.1,0.5,15510.0,245.4
2019-08-20T15:59:41,36.1,192.5,224.2,0.5,15520.0,245.4
2019-08-20T16:00:12,36.1,178.3,226.5,0.6,15530.0,245.4
2019-08-20T16:00:43,36.1,181.9,227.7,0.6,15540.0,245.4
2019-08-20T16:01:15,36.1,176.0,228.3,0.6,15550.0,244.4
2019-08-20T16:01:46,36.0,168.3,230.7,0.5,15560.0,246.4
2019-08-20T16:02:17,36.0,189.0,229.5,0.5,15570.0,246.4
2019-08-20T16:02:48,36.0,209.7,222.4,0.5,15580.0,245.4
2019-08-20T16:03:19,36.0,230.9,218.8,0.4,15580.0,244.4
2019-08-20T16:03:50,36.1,224.4,220.6,0.5,15590.0,244.4
2019-08-20T16:04:21,36.0,203.2,223.6,0.5,15600.0,244.4
2019-08-20T16:04:52,36.1,181.9,230.1,0.6,15610.0,244.4
2019-08-20T16:05:23,36.1,196.7,228.9,0.6,15620.0,245.4
2019-08-20T16:05:54,36.0,203.7,221.2,0.5,15630.0,245.4
2019-08-20T16:06:26,36.1,181.9,224.8,0.5,15640.0,245.4
2019-08-20T16:06:57,36.1,192.5,225.4,0.6,15640.0,246.4
2019-08-20T16:07:28,36.1,215.0,228.3,0.5,15650.0,246.4
2019-08-20T16:07:59,36.1,235.1,225.4,0.4,15660.0,246.4
2019-08-20T16:08:30,36.1,215.0,224.2,0.5,15670.0,246.4
2019-08-20T16:09:01,36.2,193.1,220.6,0.6,15680.0,245.4
2019-08-20T16:09:32,36.2,187.8,228.3,0.6,15680.0,245.4
2019-08-20T16:10:03,36.2,197.3,221.8,0.5,15690.0,246.4
2019-08-20T16:10:35,36.2,185.4,223.0,0.6,15700.0,245.4
2019-08-20T16:11:06,36.2,206.7,233.6,0.5,15710.0,245.4
2019-08-20T16:11:37,36.2,226.2,225.9,0.5,15720.0,246.4
2019-08-20T16:12:08,36.1,230.3,224.2,0.5,15730.0,247.3
2019-08-20T16:12:39,36.1,212.0,224.2,0.6,15730.0,247.3
2019-08-20T16:13:10,36.1,189.6,226.5,0.6,15740.0,247.3
2019-08-20T16:13:41,36.1,202.6,227.7,0.6,15750.0,248.3
2019-08-20T16:14:12,36.0,219.7,230.7,0.5,15760.0,248.3
2019-08-20T16:14:43,36.0,220.9,223.6,0.6,15770.0,247.3
2019-08-20T16:15:14,35.7,210.2,221.2,0.6,15770.0,247.3
2019-08-20T16:15:46,35.6,196.1,229.5,0.6,15780.0,246.4
2019-08-20T16:16:20,35.7,213.2,223.0,0.5,15790.0,247.3
2019-08-20T16:16:51,35.7,226.2,224.2,0.5,15800.0,247.3
2019-08-20T16:17:22,35.7,210.2,228.3,0.6,15810.0,246.4
2019-08-20T16:17:53,35.7,221.5,232.4,0.5,15810.0,247.3
2019-08-20T16:18:24,35.7,221.5,234.2,0.5,15820.0,247.3
2019-08-20T16:18:55,35.5,225.6,232.4,0.6,15830.0,247.3
2019-08-20T16:19:26,35.5,230.9,228.3,0.5,15840.0,247.3
2019-08-20T16:19:57,35.4,214.4,224.8,0.6,15850.0,247.3
2019-08-20T16:20:28,35.4,217.9,226.5,0.6,15850.0,247.3
2019-08-20T16:21:00,35.5,227.4,228.3,0.6,15860.0,247.3
2019-08-20T16:21:31,35.5,217.9,230.1,0.5,15870.0,249.3
2019-08-20T16:22:02,35.5,228.6,231.3,0.5,15880.0,247.3
2019-08-20T16:22:33,35.6,207.9,233.0,0.6,15880.0,247.3
2019-08-20T16:23:04,35.6,186.0,231.9,0.7,15890.0,244.4
2019-08-20T16:23:35,35.6,173.6,229.5,0.6,15900.0,246.4
2019-08-20T16:24:06,35.7,174.8,228.3,0.7,15910.0,245.4
2019-08-20T16:24:37,35.7,170.7,223.0,0.7,15910.0,245.4
2019-08-20T16:25:08,35.9,192.5,228.3,0.6,15920.0,245.4
2019-08-20T16:25:39,35.9,176.0,224.8,0.7,15930.0,245.4
2019-08-20T16:26:11,35.9,154.7,225.9,0.7,15930.0,245.4
2019-08-20T16:26:42,36.0,160.6,229.5,0.7,15940.0,245.4
2019-08-20T16:27:13,36.0,152.9,232.4,0.7,15950.0,245.4
2019-08-20T16:27:44,36.0,176.6,237.2,0.6,15960.0,245.4
2019-08-20T16:28:15,35.9,191.3,233.6,0.6,15960.0,245.4
2019-08-20T16:28:46,35.9,196.7,227.1,0.6,15970.0,244.4
2019-08-20T16:29:17,35.9,209.7,224.2,0.6,15980.0,244.4
2019-08-20T16:29:48,35.9,190.2,234.2,0.6,15980.0,243.5
2019-08-20T16:30:19,36.0,196.1,238.4,0.6,15990.0,245.4
2019-08-20T16:30:50,36.0,213.2,233.6,0.5,16000.0,245.4
2019-08-20T16:31:22,35.7,194.9,229.5,0.6,16000.0,243.5
2019-08-20T16:31:53,35.6,216.2,228.3,0.5,16010.0,244.4
2019-08-20T16:32:24,35.6,214.4,226.5,0.5,16020.0,243.5
2019-08-20T16:32:55,35.5,213.8,229.5,0.5,16020.0,244.4
2019-08-20T16:33:26,35.6,193.1,235.4,0.6,16030.0,245.4
2019-08-20T16:33:57,35.7,193.7,237.2,0.6,16040.0,244.4
2019-08-20T16:34:28,35.9,197.8,237.2,0.6,16040.0,245.4
2019-08-20T16:34:59,35.9,206.7,234.8,0.6,16050.0,245.4
2019-08-20T16:35:30,35.9,212.6,233.0,0.5,16060.0,247.3
2019-08-20T16:36:01,36.0,200.8,230.7,0.6,16060.0,246.4
2019-08-20T16:36:32,36.0,208.5,231.9,0.5,16070.0,246.4
2019-08-20T16:37:03,35.9,186.6,227.7,0.6,16080.0,247.3
2019-08-20T16:37:34,35.7,177.8,229.5,0.5,16080.0,247.3
2019-08-20T16:38:05,35.7,165.9,233.0,0.6,16090.0,246.4
2019-08-20T16:38:36,35.5,160.6,232.4,0.6,16100.0,246.4
2019-08-20T16:39:07,35.5,151.8,233.6,0.8,16100.0,246.4
2019-08-20T16:39:38,35.5,150.0,230.1,0.7,16110.0,248.3
2019-08-20T16:40:09,35.4,150.0,225.9,0.7,16110.0,247.3
2019-08-20T16:40:41,35.3,140.0,233.0,0.9,16120.0,245.4
2019-08-20T16:41:12,35.3,131.1,230.7,1.1,16130.0,247.3
2019-08-20T16:41:43,35.3,116.9,233.6,1.1,16130.0,246.4
2019-08-20T16:42:14,35.4,122.8,227.7,1.0,16140.0,247.3
2019-08-20T16:42:45,35.4,116.9,230.1,1.5,16140.0,247.3
2019-08-20T16:43:16,35.4,121.0,233.6,1.1,16150.0,247.3
2019-08-20T16:43:47,35.3,116.3,233.0,1.5,16160.0,246.4
2019-08-20T16:44:18,35.3,115.1,240.7,1.1,16160.0,246.4
2019-08-20T16:44:49,35.3,122.8,237.2,1.0,16170.0,247.3
2019-08-20T16:45:20,35.3,125.2,232.4,1.1,16170.0,246.4
2019-08-20T16:45:52,35.3,122.8,229.5,1.1,16180.0,246.4
2019-08-20T16:46:23,35.3,128.1,237.8,1.1,16190.0,244.4
2019-08-20T16:46:54,35.2,124.0,227.7,1.1,16190.0,244.4
2019-08-20T16:47:25,35.3,114.6,237.2,1.0,16200.0,243.5
2019-08-20T16:47:56,35.2,106.9,230.7,1.1,16200.0,244.4
2019-08-20T16:48:27,35.2,117.5,237.2,1.0,16210.0,241.5
2019-08-20T16:48:58,35.0,116.3,236.6,0.9,16210.0,244.4
2019-08-20T16:49:29,35.0,115.7,227.1,1.1,16220.0,243.5
2019-08-20T16:50:00,35.0,108.1,231.9,1.2,16220.0,243.5
2019-08-20T16:50:32,35.0,105.7,240.7,1.3,16230.0,244.4
2019-08-20T16:51:03,35.0,116.3,239.5,1.3,16230.0,243.5
2019-08-20T16:51:34,34.9,114.6,236.6,1.2,16240.0,242.5
2019-08-20T16:52:05,34.9,105.1,233.6,1.5,16240.0,244.4
2019-08-20T16:52:36,35.0,106.9,227.7,1.4,16250.0,242.5
2019-08-20T16:53:07,35.0,114.6,238.4,1.6,16260.0,242.5
2019-08-20T16:53:38,35.0,119.3,229.5,1.5,16260.0,243.5
2019-08-20T16:54:09,35.0,109.8,236.6,1.5,16270.0,244.4
2019-08-20T16:54:40,35.0,114.0,235.4,1.5,16270.0,243.5
2019-08-20T16:55:11,35.0,106.3,234.8,1.8,16280.0,244.4
2019-08-20T16:55:43,35.0,111.6,234.2,1.6,16280.0,243.5
2019-08-20T16:56:14,35.0,108.6,230.1,1.7,16290.0,243.5
2019-08-20T16:56:45,35.0,109.8,227.1,1.7,16290.0,242.5
2019-08-20T16:57:16,35.0,107.5,244.3,1.6,16300.0,242.5
2019-08-20T16:57:47,35.0,129.9,231.3,1.4,16300.0,241.5
2019-08-20T16:58:18,35.0,137.6,232.4,1.3,16310.0,242.5
2019-08-20T16:58:49,35.0,140.0,238.4,1.3,16310.0,243.5
2019-08-20T16:59:20,35.0,152.4,239.5,1.2,16320.0,243.5
2019-08-20T16:59:51,35.0,134.0,231.9,1.5,16320.0,243.5
2019-08-20T17:00:22,35.0,128.7,232.4,1.6,16330.0,246.4
2019-08-20T17:00:54,34.9,129.9,236.0,1.5,16330.0,243.5
2019-08-20T17:01:27,34.9,150.0,228.9,1.5,16340.0,245.4
2019-08-20T17:01:58,34.9,140.0,243.7,1.5,16340.0,244.4
2019-08-20T17:02:29,34.9,140.0,230.7,1.5,16350.0,244.4
2019-08-20T17:03:00,34.9,163.0,230.7,1.4,16350.0,244.4
2019-08-20T17:03:31,34.9,163.0,241.9,1.4,16360.0,243.5
2019-08-20T17:04:02,34.9,150.0,236.6,1.4,16360.0,245.4
2019-08-20T17:04:33,34.9,161.8,227.7,1.3,16370.0,245.4
2019-08-20T17:05:04,34.9,169.5,237.2,1.3,16370.0,245.4
2019-08-20T17:05:36,34.9,171.3,237.8,1.4,16370.0,246.4
2019-08-20T17:06:07,34.9,186.0,229.5,1.2,16380.0,244.4
2019-08-20T17:06:38,34.9,182.5,233.6,1.2,16380.0,243.5
2019-08-20T17:07:09,34.9,181.3,225.9,1.2,16390.0,245.4
2019-08-20T17:07:40,34.9,189.0,239.5,1.1,16390.0,246.4
2019-08-20T17:08:11,34.8,183.1,229.5,1.1,16400.0,245.4
2019-08-20T17:08:42,34.8,164.8,236.0,1.1,16400.0,245.4
2019-08-20T17:09:13,34.8,176.0,234.8,1.1,16400.0,244.4
2019-08-20T17:09:44,34.8,174.2,227.7,1.1,16410.0,244.4
2019-08-20T17:10:15,34.8,171.9,240.1,1.1,16410.0,244.4
2019-08-20T17:10:47,34.8,176.0,235.4,1.0,16410.0,245.4
2019-08-20T17:11:18,34.8,174.8,228.3,1.1,16420.0,243.5
2019-08-20T17:11:49,34.8,184.8,229.5,0.9,16420.0,244.4
2019-08-20T17:12:20,34.8,178.3,230.1,0.9,16420.0,244.4
2019-08-20T17:12:51,34.8,183.1,232.4,0.9,16430.0,246.4
2019-08-20T17:13:22,34.8,181.3,233.6,0.9,16430.0,245.4
2019-08-20T17:13:53,34.7,183.1,230.7,0.8,16430.0,245.4
2019-08-20T17:14:24,34.7,187.2,229.5,0.8,16440.0,245.4
2019-08-20T17:14:55,34.7,177.2,235.4,0.8,16440.0,245.4
2019-08-20T17:15:26,34.7,188.4,238.4,0.7,16440.0,246.4
2019-08-20T17:15:58,34.7,190.2,246.1,0.8,16440.0,246.4
2019-08-20T17:16:29,34.7,176.0,244.9,0.7,16440.0,245.4
2019-08-20T17:17:00,34.6,180.7,237.8,0.7,16450.0,245.4
2019-08-20T17:17:31,34.6,175.4,231.3,0.7,16450.0,244.4
2019-08-20T17:18:02,34.6,178.3,236.6,0.5,16450.0,245.4
2019-08-20T17:18:33,34.6,178.9,221.2,0.3,16450.0,246.4
2019-08-20T17:19:04,34.6,186.0,211.2,0.2,16450.0,246.4
2019-08-20T17:19:35,34.5,181.9,230.7,0.2,16450.0,245.4
2019-08-20T17:20:06,34.5,188.4,214.1,0.1,16450.0,245.4
2019-08-20T17:20:38,34.5,193.1,193.4,0.1,16450.0,246.4
2019-08-20T17:21:09,34.4,176.0,183.9,0.1,16450.0,246.4
2019-08-20T17:21:40,34.4,164.2,204.1,0.1,16450.0,245.4
2019-08-20T17:22:11,34.4,186.6,227.1,0.0,16450.0,245.4
2019-08-20T17:22:42,34.4,190.8,211.7,0.0,16450.0,245.4
2019-08-20T17:23:13,34.2,173.0,186.9,0.0,16450.0,246.4
2019-08-20T17:23:44,34.2,154.1,168.6,0.1,16450.0,244.4
2019-08-20T17:24:15,34.1,134.6,146.1,0.1,16450.0,243.5
2019-08-20T17:24:46,34.1,124.6,126.6,0.1,16450.0,244.4
2019-08-20T17:25:17,34.0,144.7,131.3,0.1,16450.0,246.4
2019-08-20T17:25:49,34.0,165.4,152.0,0.0,16450.0,245.4
2019-08-20T17:26:20,34.0,188.4,174.5,0.1,16450.0,244.4
2019-08-20T17:26:51,33.9,193.1,192.2,0.0,16450.0,245.4
2019-08-20T17:27:22,33.9,173.6,212.3,0.0,16450.0,245.4
2019-08-20T17:27:53,33.8,148.8,235.4,0.1,16450.0,243.5
2019-08-20T17:28:24,33.8,130.5,210.6,0.0,16450.0,243.5
2019-08-20T17:28:55,33.7,109.8,190.4,0.0,16450.0,245.4
2019-08-20T17:29:26,33.5,114.6,170.3,0.0,16450.0,246.4
2019-08-20T17:29:57,33.5,136.4,150.2,0.0,16450.0,245.4
2019-08-20T17:30:28,33.4,152.4,127.1,0.1,16450.0,244.4
2019-08-20T17:31:00,33.4,176.0,108.2,0.1,16450.0,243.5
2019-08-20T17:31:31,33.3,161.2,187.5,0.0,16450.0,242.5
2019-08-20T17:32:02,33.2,155.9,168.0,0.0,16450.0,243.5
2019-08-20T17:32:33,33.2,150.6,159.7,0.0,16450.0,242.5
2019-08-20T17:33:04,33.1,189.0,191.6,0.0,16450.0,241.5
2019-08-20T17:33:35,33.1,186.0,186.3,0.0,16450.0,241.5
2019-08-20T17:34:06,33.0,178.3,182.8,0.0,16450.0,242.5
2019-08-20T17:34:37,33.0,84.4,180.4,0.0,16450.0,243.5
2019-08-20T17:35:08,32.9,164.8,165.0,0.0,16450.0,243.5
2019-08-20T17:35:43,32.7,150.0,150.2,0.0,16450.0,241.5
2019-08-20T17:36:14,32.7,126.4,126.6,0.0,16450.0,242.5
