2019-08-31T07:35:27,15.1,188.4,246.1,0.7,110.0,241.5
2019-08-31T07:35:59,15.1,180.7,224.8,0.7,110.0,241.5
2019-08-31T07:36:30,15.1,171.9,222.4,0.7,110.0,242.5
2019-08-31T07:37:01,15.4,194.3,244.3,0.6,120.0,242.5
2019-08-31T07:37:32,15.4,171.9,252.6,0.7,120.0,242.5
2019-08-31T07:38:03,15.4,181.3,232.4,0.8,120.0,241.5
2019-08-31T07:38:34,15.4,181.9,246.6,0.8,120.0,242.5
2019-08-31T07:39:05,15.4,177.8,249.6,0.7,130.0,242.5
2019-08-31T07:39:36,15.8,180.7,230.1,0.8,130.0,242.5
2019-08-31T07:40:07,15.8,191.9,235.4,0.8,130.0,243.5
2019-08-31T07:40:39,15.8,169.5,256.7,0.8,130.0,243.5
2019-08-31T07:41:10,15.8,191.3,246.6,0.8,130.0,244.4
2019-08-31T07:41:41,16.2,178.3,224.8,0.8,140.0,242.5
2019-08-31T07:42:12,16.2,183.1,225.9,0.8,140.0,243.5
2019-08-31T07:42:43,16.2,189.0,247.2,0.9,140.0,242.5
2019-08-31T07:43:14,16.2,188.4,243.1,0.8,140.0,242.5
2019-08-31T07:43:45,16.2,184.8,231.9,0.9,150.0,242.5
2019-08-31T07:44:16,16.5,165.4,234.8,1.0,150.0,243.5
2019-08-31T07:45:11,16.5,185.4,251.4,1.0,150.0,242.5
2019-08-31T07:45:43,16.5,183.1,259.7,0.9,160.0,243.5
2019-08-31T07:46:14,16.5,183.1,239.5,1.0,160.0,243.5
2019-08-31T07:46:45,16.5,173.0,230.1,1.0,160.0,240.6
2019-08-31T07:47:16,16.5,194.9,252.0,0.8,170.0,242.5
2019-08-31T07:47:47,16.5,173.0,244.9,1.0,170.0,242.5
2019-08-31T07:48:18,16.9,184.3,244.3,1.0,170.0,241.5
2019-08-31T07:48:49,16.9,185.4,246.1,1.1,170.0,242.5
2019-08-31T07:49:20,16.9,185.4,249.0,1.0,180.0,242.5
2019-08-31T07:49:51,16.9,177.2,237.8,1.0,180.0,242.5
2019-08-31T07:50:46,17.3,176.0,245.5,1.1,190.0,244.4
2019-08-31T07:51:18,17.3,189.6,246.6,1.0,190.0,244.4
2019-08-31T07:51:49,17.3,178.3,244.9,1.0,190.0,245.4
2019-08-31T07:52:20,17.3,184.3,247.8,1.1,200.0,245.4
2019-08-31T07:52:51,17.6,184.8,237.8,1.1,200.0,243.5
2019-08-31T07:53:22,17.6,178.3,259.1,1.2,200.0,243.5
2019-08-31T07:53:53,17.6,180.1,246.6,1.2,210.0,244.4
2019-08-31T07:54:24,17.6,193.1,244.3,1.0,210.0,243.5
2019-08-31T07:54:55,18.0,187.2,240.7,1.2,210.0,243.5
2019-08-31T07:55:26,18.0,174.2,241.9,1.3,220.0,242.5
2019-08-31T07:55:57,18.0,187.2,253.7,1.2,220.0,243.5
2019-08-31T07:56:32,18.0,179.5,249.0,1.2,230.0,243.5
2019-08-31T07:57:03,18.4,184.3,243.7,1.2,230.0,244.4
2019-08-31T07:57:34,18.0,183.1,246.6,1.2,230.0,244.4
2019-08-31T07:58:05,18.4,190.8,250.8,1.2,240.0,244.4
2019-08-31T07:58:36,18.4,170.7,239.5,1.2,240.0,244.4
2019-08-31T07:59:07,18.7,188.4,254.9,1.3,240.0,245.4
2019-08-31T07:59:38,18.7,185.4,241.9,1.3,250.0,244.4
2019-08-31T08:00:09,18.7,187.2,251.4,1.3,250.0,246.4
2019-08-31T08:00:41,19.1,170.1,242.5,1.3,260.0,245.4
2019-08-31T08:01:12,19.1,192.5,250.2,1.2,260.0,245.4
2019-08-31T08:01:43,18.7,174.2,242.5,1.4,260.0,245.4
2019-08-31T08:02:14,19.1,183.1,252.6,1.3,270.0,246.4
2019-08-31T08:02:45,19.1,184.3,236.6,1.3,270.0,247.3
2019-08-31T08:03:16,19.1,174.2,254.3,1.4,280.0,245.4
2019-08-31T08:03:47,19.1,193.1,249.0,1.2,280.0,243.5
2019-08-31T08:04:18,19.1,171.3,241.3,1.4,290.0,244.4
2019-08-31T08:04:49,19.1,191.9,253.7,1.4,290.0,244.4
2019-08-31T08:05:20,19.1,174.2,241.9,1.4,300.0,244.4
2019-08-31T08:05:52,19.1,183.7,247.8,1.4,300.0,244.4
2019-08-31T08:06:23,19.5,183.7,246.6,1.5,300.0,244.4
2019-08-31T08:06:54,19.5,171.3,244.3,1.6,310.0,245.4
2019-08-31T08:07:25,19.5,192.5,256.1,1.3,310.0,245.4
2019-08-31T08:07:56,19.5,182.5,244.9,1.5,320.0,245.4
2019-08-31T08:08:27,19.8,183.1,247.8,1.5,320.0,245.4
2019-08-31T08:08:58,19.8,184.8,246.6,1.5,330.0,245.4
2019-08-31T08:09:29,19.8,181.3,243.7,1.6,330.0,245.4
2019-08-31T08:10:00,19.8,189.6,249.0,1.6,340.0,245.4
2019-08-31T08:10:31,20.2,181.3,241.9,1.6,340.0,244.4
2019-08-31T08:11:03,20.2,173.0,254.9,1.7,350.0,244.4
2019-08-31T08:11:34,20.2,172.4,237.2,1.7,350.0,246.4
2019-08-31T08:12:05,20.2,176.0,253.2,1.6,360.0,246.4
2019-08-31T08:12:36,20.6,164.2,249.0,1.7,360.0,246.4
2019-08-31T08:13:07,20.6,170.1,241.3,1.7,370.0,246.4
2019-08-31T08:13:38,20.6,178.3,236.6,1.6,380.0,245.4
2019-08-31T08:14:09,20.6,163.6,248.4,1.8,380.0,245.4
2019-08-31T08:14:40,20.6,171.3,244.3,1.8,390.0,246.4
2019-08-31T08:15:11,20.6,180.1,252.6,1.7,390.0,246.4
2019-08-31T08:15:42,20.9,168.9,237.8,1.8,400.0,245.4
2019-08-31T08:16:14,20.9,180.7,250.8,1.7,400.0,245.4
2019-08-31T08:16:45,20.9,172.4,241.9,1.8,410.0,245.4
2019-08-31T08:17:16,20.6,180.1,251.4,1.7,410.0,244.4
2019-08-31T08:17:47,20.6,181.3,249.0,1.6,420.0,244.4
2019-08-31T08:18:18,20.9,168.3,250.8,1.9,430.0,245.4
2019-08-31T08:18:49,20.9,154.7,254.3,2.0,430.0,246.4
2019-08-31T08:19:20,20.9,166.5,246.6,1.9,440.0,245.4
2019-08-31T08:19:51,21.3,156.5,247.8,2.0,440.0,244.4
2019-08-31T08:20:22,20.9,157.1,239.5,2.0,450.0,245.4
2019-08-31T08:20:54,21.3,160.6,250.2,2.1,460.0,244.4
2019-08-31T08:21:25,21.3,166.5,244.3,2.0,460.0,243.5
2019-08-31T08:21:56,21.7,156.5,252.0,2.0,470.0,243.5
2019-08-31T08:22:27,21.7,181.9,242.5,1.9,470.0,244.4
2019-08-31T08:22:58,21.7,171.3,234.8,2.0,480.0,244.4
2019-08-31T08:23:29,21.7,170.7,244.9,1.9,490.0,242.5
2019-08-31T08:24:00,21.7,177.2,249.6,2.0,490.0,242.5
2019-08-31T08:24:31,21.3,181.3,239.0,1.9,500.0,241.5
2019-08-31T08:25:02,21.7,173.0,239.0,2.1,510.0,242.5
2019-08-31T08:25:33,21.7,196.1,248.4,1.8,510.0,242.5
2019-08-31T08:26:05,21.7,215.0,249.0,1.9,520.0,243.5
2019-08-31T08:26:36,22.0,204.3,240.1,1.8,530.0,244.4
2019-08-31T08:27:07,22.0,210.8,241.9,1.8,530.0,245.4
2019-08-31T08:27:38,22.0,215.6,249.0,1.9,540.0,245.4
2019-08-31T08:28:09,22.0,216.2,240.1,1.9,550.0,244.4
2019-08-31T08:28:40,22.4,215.0,240.7,2.0,560.0,245.4
2019-08-31T08:29:11,22.0,216.7,241.9,1.9,560.0,244.4
2019-08-31T08:29:42,22.4,225.0,247.2,1.8,570.0,244.4
2019-08-31T08:30:13,22.4,223.2,246.1,1.9,580.0,244.4
2019-08-31T08:30:44,22.4,224.4,244.3,1.9,590.0,244.4
2019-08-31T08:31:19,22.4,223.2,250.8,2.0,590.0,244.4
2019-08-31T08:31:50,22.8,226.8,245.5,2.0,600.0,245.4
2019-08-31T08:32:21,22.8,227.4,241.9,2.0,610.0,245.4
2019-08-31T08:32:52,23.1,225.6,248.4,1.9,620.0,244.4
2019-08-31T08:33:23,23.1,229.2,235.4,1.9,620.0,246.4
2019-08-31T08:33:54,23.1,223.2,240.1,2.0,630.0,244.4
2019-08-31T08:34:25,23.1,221.5,239.5,2.0,640.0,245.4
2019-08-31T08:34:56,23.1,228.0,237.8,2.0,650.0,245.4
2019-08-31T08:35:27,23.5,220.9,243.7,1.9,660.0,246.4
2019-08-31T08:35:59,23.5,225.6,249.0,2.1,660.0,245.4
2019-08-31T08:36:31,23.9,221.5,235.4,2.0,670.0,247.3
2019-08-31T08:37:02,23.9,229.2,235.4,2.0,680.0,245.4
2019-08-31T08:37:33,23.9,221.5,242.5,2.1,690.0,245.4
2019-08-31T08:38:04,23.5,222.1,247.8,2.1,700.0,243.5
2019-08-31T08:38:35,23.9,226.8,237.2,2.0,710.0,245.4
2019-08-31T08:39:06,23.9,228.0,236.0,2.0,710.0,244.4
2019-08-31T08:39:37,23.9,220.9,244.3,2.1,720.0,245.4
2019-08-31T08:40:08,23.9,227.4,233.0,2.1,730.0,245.4
2019-08-31T08:40:40,23.9,222.7,238.4,2.1,740.0,247.3
2019-08-31T08:41:11,24.2,229.2,241.9,2.0,750.0,246.4
2019-08-31T08:41:42,24.6,223.2,236.0,2.2,760.0,246.4
2019-08-31T08:42:13,24.6,220.9,244.9,2.2,770.0,246.4
2019-08-31T08:42:44,24.6,228.0,244.9,2.1,780.0,246.4
2019-08-31T08:43:15,24.6,223.8,236.6,2.2,780.0,247.3
2019-08-31T08:43:46,24.2,226.2,237.2,2.2,790.0,247.3
2019-08-31T08:44:17,24.2,223.2,246.6,2.2,800.0,248.3
2019-08-31T08:44:48,24.2,223.2,241.3,2.4,810.0,249.3
2019-08-31T08:45:19,24.2,228.0,236.6,2.2,820.0,247.3
2019-08-31T08:45:51,24.6,222.7,238.4,2.3,830.0,248.3
2019-08-31T08:46:22,24.6,225.0,243.7,2.3,840.0,249.3
2019-08-31T08:46:53,24.6,223.8,240.1,2.3,850.0,248.3
2019-08-31T08:47:24,24.6,226.2,234.2,2.4,860.0,248.3
2019-08-31T08:47:55,24.6,225.0,239.5,2.4,870.0,248.3
2019-08-31T08:48:26,24.2,220.3,244.3,2.4,880.0,247.3
2019-08-31T08:48:57,24.6,227.4,238.4,2.3,890.0,247.3
2019-08-31T08:49:28,24.6,220.3,234.8,2.4,900.0,247.3
2019-08-31T08:49:59,25.0,224.4,242.5,2.4,910.0,247.3
2019-08-31T08:50:30,25.3,225.6,243.7,2.4,920.0,248.3
2019-08-31T08:51:02,25.3,223.2,238.4,2.5,930.0,248.3
2019-08-31T08:51:33,25.3,220.9,242.5,2.5,940.0,248.3
2019-08-31T08:52:04,25.3,219.1,244.3,2.6,950.0,248.3
2019-08-31T08:52:35,25.0,226.8,244.9,2.5,960.0,249.3
2019-08-31T08:53:06,25.3,222.7,239.0,2.5,970.0,248.3
2019-08-31T08:53:37,25.3,225.6,243.1,2.4,980.0,248.3
2019-08-31T08:54:08,25.3,224.4,234.8,2.6,990.0,247.3
2019-08-31T08:54:39,25.3,226.8,244.3,2.6,1000.0,248.3
2019-08-31T08:55:10,25.7,225.0,241.9,2.5,1010.0,248.3
2019-08-31T08:55:41,25.7,220.3,236.6,2.6,1020.0,248.3
2019-08-31T08:56:12,25.7,219.7,232.4,2.7,1030.0,248.3
2019-08-31T08:56:43,25.7,220.9,239.0,2.6,1040.0,249.3
2019-08-31T08:57:14,26.1,220.3,243.1,2.8,1050.0,248.3
2019-08-31T08:57:45,26.1,225.6,236.0,2.6,1060.0,248.3
2019-08-31T08:58:16,26.1,218.5,230.7,2.8,1070.0,249.3
2019-08-31T08:58:47,26.1,223.2,237.2,2.7,1080.0,249.3
2019-08-31T08:59:18,26.1,220.3,242.5,2.8,1090.0,249.3
2019-08-31T08:59:50,26.1,225.0,240.1,2.8,1100.0,249.3
2019-08-31T09:00:21,26.4,220.9,230.1,2.8,1110.0,249.3
2019-08-31T09:00:52,26.4,224.4,236.0,2.8,1130.0,248.3
2019-08-31T09:01:23,26.4,221.5,243.1,2.8,1140.0,247.3
2019-08-31T09:01:54,26.8,223.2,235.4,2.7,1150.0,248.3
2019-08-31T09:02:25,26.8,222.7,231.9,2.8,1160.0,247.3
2019-08-31T09:02:56,27.2,219.7,231.3,2.8,1170.0,247.3
2019-08-31T09:03:27,27.2,221.5,238.4,2.8,1180.0,247.3
2019-08-31T09:03:58,27.5,219.1,228.3,2.8,1190.0,247.3
2019-08-31T09:04:29,27.9,225.0,233.0,2.9,1200.0,248.3
2019-08-31T09:05:00,27.5,223.2,241.3,2.8,1210.0,246.4
2019-08-31T09:05:32,27.5,224.4,238.4,3.0,1230.0,246.4
2019-08-31T09:06:03,27.5,220.3,229.5,3.0,1240.0,248.3
2019-08-31T09:06:34,27.2,225.0,239.5,2.9,1250.0,248.3
2019-08-31T09:07:05,27.5,222.1,241.3,3.0,1260.0,247.3
2019-08-31T09:07:36,27.2,217.9,230.1,3.1,1270.0,246.4
2019-08-31T09:08:07,27.2,219.7,231.9,3.0,1290.0,248.3
2019-08-31T09:08:38,27.9,218.5,231.9,3.1,1300.0,247.3
2019-08-31T09:09:09,27.9,223.2,237.8,3.0,1310.0,246.4
2019-08-31T09:09:40,27.9,221.5,236.6,3.0,1320.0,248.3
2019-08-31T09:10:11,27.9,223.2,230.1,3.0,1330.0,247.3
2019-08-31T09:10:43,27.9,215.6,231.3,3.1,1350.0,246.4
2019-08-31T09:11:14,27.9,218.5,229.5,3.1,1360.0,245.4
2019-08-31T09:11:45,28.3,220.3,231.9,3.2,1370.0,246.4
2019-08-31T09:12:16,28.3,217.3,240.7,3.2,1380.0,246.4
2019-08-31T09:12:47,28.6,218.5,237.2,3.2,1390.0,247.3
2019-08-31T09:13:18,29.0,219.7,243.7,3.3,1410.0,248.3
2019-08-31T09:13:49,29.0,218.5,235.4,3.3,1420.0,244.4
2019-08-31T09:14:20,29.4,222.7,227.7,3.1,1430.0,247.3
2019-08-31T09:14:51,29.4,217.3,237.2,3.2,1440.0,246.4
2019-08-31T09:15:22,29.7,221.5,241.3,3.2,1460.0,247.3
2019-08-31T09:15:54,30.1,217.9,239.0,3.2,1470.0,246.4
2019-08-31T09:16:25,30.1,220.3,238.4,3.3,1480.0,248.3
2019-08-31T09:16:56,30.1,222.1,229.5,3.3,1490.0,247.3
2019-08-31T09:17:27,29.7,221.5,235.4,3.3,1510.0,246.4
2019-08-31T09:17:58,29.7,220.9,233.6,3.2,1520.0,246.4
2019-08-31T09:18:29,29.7,222.1,238.4,3.3,1530.0,246.4
2019-08-31T09:19:00,30.1,217.3,237.2,3.4,1550.0,246.4
2019-08-31T09:19:31,30.2,222.1,240.1,3.4,1560.0,247.3
2019-08-31T09:20:02,30.2,222.1,232.4,3.3,1570.0,247.3
2019-08-31T09:20:34,30.3,218.5,228.3,3.4,1590.0,247.3
2019-08-31T09:21:05,30.4,217.9,233.6,3.4,1600.0,247.3
2019-08-31T09:21:36,30.4,219.1,241.9,3.5,1610.0,245.4
2019-08-31T09:22:07,30.4,216.7,231.9,3.5,1630.0,247.3
2019-08-31T09:22:38,30.4,216.7,228.3,3.5,1640.0,247.3
2019-08-31T09:23:09,30.4,222.7,228.9,3.4,1650.0,246.4
2019-08-31T09:23:40,30.2,219.1,239.5,3.5,1670.0,246.4
2019-08-31T09:24:11,30.1,216.7,238.4,3.6,1680.0,246.4
2019-08-31T09:24:42,30.2,218.5,231.3,3.6,1690.0,247.3
2019-08-31T09:25:13,30.3,222.1,225.9,3.5,1710.0,247.3
2019-08-31T09:25:45,30.4,216.7,232.4,3.7,1720.0,246.4
2019-08-31T09:26:16,30.5,217.9,234.8,3.6,1740.0,247.3
2019-08-31T09:26:47,30.5,216.7,236.0,3.7,1750.0,247.3
2019-08-31T09:27:18,30.5,215.0,227.1,3.6,1760.0,247.3
2019-08-31T09:27:49,30.7,219.7,226.5,3.7,1780.0,247.3
2019-08-31T09:28:20,30.5,218.5,236.6,3.7,1790.0,247.3
2019-08-31T09:28:51,30.5,218.5,224.2,3.7,1800.0,248.3
2019-08-31T09:29:22,30.7,219.7,231.9,3.6,1820.0,246.4
2019-08-31T09:29:53,30.5,215.6,233.6,3.7,1830.0,247.3
2019-08-31T09:30:24,30.5,216.7,224.8,3.7,1850.0,246.4
2019-08-31T09:30:55,30.5,218.5,230.1,3.8,1860.0,247.3
2019-08-31T09:31:32,30.5,217.3,233.6,3.8,1880.0,247.3
2019-08-31T09:32:03,30.4,215.0,224.2,3.8,1890.0,246.4
2019-08-31T09:32:34,30.3,213.2,232.4,3.9,1910.0,247.3
2019-08-31T09:33:05,30.4,215.6,231.9,3.9,1920.0,247.3
2019-08-31T09:33:36,30.4,219.1,234.2,3.8,1940.0,246.4
2019-08-31T09:34:07,30.5,218.5,232.4,3.8,1950.0,246.4
2019-08-31T09:34:38,30.7,219.7,225.9,3.8,1960.0,247.3
2019-08-31T09:35:09,30.5,216.2,228.3,3.8,1980.0,246.4
2019-08-31T09:35:41,30.7,213.2,231.9,3.9,1990.0,245.4
2019-08-31T09:36:12,30.8,213.8,239.0,3.9,2010.0,247.3
2019-08-31T09:36:43,30.9,216.2,229.5,3.9,2020.0,247.3
2019-08-31T09:37:14,31.0,217.3,224.8,3.9,2040.0,247.3
2019-08-31T09:37:45,31.1,218.5,225.9,3.9,2050.0,246.4
2019-08-31T09:38:16,31.1,217.9,231.9,3.9,2070.0,247.3
2019-08-31T09:38:47,31.2,217.9,234.2,3.8,2080.0,250.2
2019-08-31T09:39:18,31.2,213.2,228.9,4.0,2100.0,247.3
2019-08-31T09:39:49,31.4,213.2,224.2,4.0,2110.0,248.3
2019-08-31T09:40:20,31.4,215.0,233.0,4.0,2130.0,246.4
2019-08-31T09:40:52,31.4,217.9,231.9,4.0,2140.0,248.3
2019-08-31T09:41:24,31.5,213.8,227.1,4.0,2160.0,246.4
2019-08-31T09:41:55,31.4,215.0,224.2,4.0,2170.0,246.4
2019-08-31T09:42:26,31.5,215.0,228.3,4.0,2190.0,249.3
2019-08-31T09:42:57,31.4,212.6,230.7,4.0,2210.0,247.3
2019-08-31T09:43:28,31.2,212.6,236.0,4.1,2220.0,247.3
2019-08-31T09:43:59,31.2,213.2,233.6,4.2,2240.0,246.4
2019-08-31T09:44:30,31.4,213.2,234.2,4.2,2250.0,246.4
2019-08-31T09:45:01,31.5,212.0,228.3,4.2,2270.0,247.3
2019-08-31T09:45:33,31.6,215.0,225.4,4.1,2280.0,249.3
2019-08-31T09:46:04,31.6,212.6,223.0,4.2,2300.0,246.4
2019-08-31T09:46:35,31.6,215.6,226.5,4.1,2310.0,248.3
2019-08-31T09:47:06,31.6,216.2,234.2,4.1,2330.0,247.3
2019-08-31T09:47:37,31.6,215.0,230.1,4.2,2350.0,247.3
2019-08-31T09:48:08,31.6,215.0,218.8,4.2,2360.0,247.3
2019-08-31T09:48:39,31.6,213.2,226.5,4.2,2380.0,248.3
2019-08-31T09:49:10,31.6,211.4,232.4,4.2,2390.0,247.3
2019-08-31T09:49:41,31.6,213.2,231.9,4.2,2410.0,248.3
2019-08-31T09:50:12,31.6,215.6,228.3,4.3,2430.0,247.3
2019-08-31T09:50:44,31.7,209.7,225.9,4.3,2440.0,247.3
2019-08-31T09:51:15,31.7,214.4,224.8,4.3,2460.0,247.3
2019-08-31T09:51:46,31.7,211.4,230.7,4.3,2470.0,247.3
2019-08-31T09:52:17,31.7,211.4,234.2,4.3,2490.0,247.3
2019-08-31T09:52:48,31.7,212.0,230.1,4.4,2510.0,247.3
2019-08-31T09:53:19,31.8,213.2,227.1,4.4,2520.0,247.3
2019-08-31T09:53:50,31.8,210.8,218.8,4.4,2540.0,247.3
2019-08-31T09:54:21,31.7,213.2,225.9,4.4,2550.0,247.3
2019-08-31T09:54:52,31.7,214.4,234.8,4.3,2570.0,247.3
2019-08-31T09:55:23,31.8,209.1,228.9,4.4,2590.0,247.3
2019-08-31T09:55:55,31.8,209.7,220.6,4.5,2600.0,247.3
2019-08-31T09:56:27,31.8,210.2,231.9,4.4,2620.0,246.4
2019-08-31T09:56:58,31.9,209.1,233.0,4.5,2640.0,246.4
2019-08-31T09:57:29,31.9,213.2,225.4,4.4,2650.0,246.4
2019-08-31T09:58:00,31.9,213.8,220.0,4.4,2670.0,245.4
2019-08-31T09:58:31,31.8,211.4,228.9,4.6,2690.0,246.4
2019-08-31T09:59:02,31.7,212.0,222.4,4.5,2700.0,246.4
2019-08-31T09:59:33,31.8,209.7,222.4,4.5,2720.0,246.4
2019-08-31T10:00:04,31.8,210.2,225.9,4.5,2740.0,246.4
2019-08-31T10:00:36,31.9,214.4,223.6,4.6,2760.0,249.3
2019-08-31T10:01:07,32.0,210.2,231.3,4.6,2770.0,249.3
2019-08-31T10:01:38,32.2,210.2,228.3,4.7,2790.0,248.3
2019-08-31T10:02:09,32.3,209.7,222.4,4.6,2810.0,248.3
2019-08-31T10:02:40,32.3,207.3,221.2,4.7,2820.0,249.3
2019-08-31T10:03:11,32.4,212.6,223.0,4.7,2840.0,248.3
2019-08-31T10:03:42,32.5,206.7,222.4,4.7,2860.0,249.3
2019-08-31T10:04:13,32.5,206.7,231.9,4.7,2880.0,250.2
2019-08-31T10:04:44,32.6,209.7,227.1,4.7,2890.0,249.3
2019-08-31T10:05:15,32.6,210.8,218.8,4.7,2910.0,249.3
2019-08-31T10:05:49,32.6,211.4,224.2,4.8,2930.0,249.3
2019-08-31T10:06:21,32.7,209.1,228.9,4.7,2950.0,249.3
2019-08-31T10:06:52,32.7,206.7,225.4,4.8,2960.0,248.3
2019-08-31T10:07:23,32.7,206.1,216.5,4.9,2980.0,250.2
2019-08-31T10:07:54,32.7,210.2,223.0,4.8,3000.0,250.2
2019-08-31T10:08:25,32.6,208.5,231.9,4.9,3010.0,251.2
2019-08-31T10:08:56,32.6,208.5,223.0,4.9,3030.0,249.3
2019-08-31T10:09:27,32.6,213.2,218.8,4.8,3050.0,249.3
2019-08-31T10:09:58,32.6,210.8,227.1,4.7,3070.0,250.2
2019-08-31T10:10:29,32.7,207.9,225.9,4.8,3090.0,249.3
2019-08-31T10:11:00,32.9,208.5,224.8,4.9,3100.0,249.3
2019-08-31T10:11:31,32.6,210.2,218.8,4.9,3120.0,250.2
2019-08-31T10:12:02,32.6,209.1,218.8,4.8,3140.0,249.3
2019-08-31T10:12:33,32.7,206.7,220.6,5.0,3160.0,250.2
2019-08-31T10:13:04,32.9,209.1,217.1,4.9,3170.0,250.2
2019-08-31T10:13:35,33.0,210.8,222.4,4.8,3190.0,249.3
2019-08-31T10:14:06,33.1,210.8,217.7,4.9,3210.0,250.2
2019-08-31T10:14:37,33.1,206.1,221.2,5.0,3230.0,251.2
2019-08-31T10:15:08,33.2,208.5,227.7,5.0,3240.0,250.2
2019-08-31T10:15:40,33.2,207.9,225.9,4.9,3260.0,250.2
2019-08-31T10:16:11,33.2,209.1,223.0,5.0,3280.0,250.2
2019-08-31T10:16:42,33.1,209.1,215.9,4.9,3300.0,250.2
2019-08-31T10:17:13,33.1,206.1,221.2,5.0,3320.0,250.2
2019-08-31T10:17:44,33.1,210.8,220.6,4.8,3330.0,251.2
2019-08-31T10:18:15,33.1,204.9,220.0,5.1,3350.0,251.2
2019-08-31T10:18:46,33.2,204.3,223.6,5.1,3370.0,250.2
2019-08-31T10:19:17,33.3,210.2,216.5,5.0,3390.0,251.2
2019-08-31T10:19:48,33.3,204.3,221.2,5.2,3410.0,250.2
2019-08-31T10:20:19,33.4,204.9,227.1,5.1,3430.0,249.3
2019-08-31T10:20:51,33.5,209.1,218.3,5.0,3440.0,248.3
2019-08-31T10:21:22,33.7,204.9,215.3,5.2,3460.0,249.3
2019-08-31T10:21:53,33.8,207.3,221.2,5.1,3480.0,251.2
2019-08-31T10:22:24,33.8,204.9,223.0,5.2,3500.0,250.2
2019-08-31T10:22:55,33.9,207.3,224.2,5.2,3520.0,250.2
2019-08-31T10:23:26,34.0,207.9,227.1,5.1,3540.0,249.3
2019-08-31T10:23:57,34.0,208.5,221.8,5.1,3550.0,251.2
2019-08-31T10:24:28,34.0,204.9,214.1,5.3,3570.0,250.2
2019-08-31T10:24:59,34.1,207.3,221.2,5.1,3590.0,249.3
2019-08-31T10:25:30,34.1,203.7,224.2,5.2,3610.0,249.3
2019-08-31T10:26:02,34.0,204.9,227.1,5.3,3630.0,251.2
2019-08-31T10:26:33,33.9,205.5,223.6,5.3,3650.0,249.3
2019-08-31T10:27:04,33.9,209.1,214.1,5.2,3670.0,250.2
2019-08-31T10:27:35,33.7,204.3,216.5,5.2,3690.0,250.2
2019-08-31T10:28:06,33.4,207.3,219.4,5.2,3700.0,250.2
2019-08-31T10:28:37,33.3,203.2,223.0,5.2,3720.0,250.2
2019-08-31T10:29:08,33.3,205.5,216.5,5.4,3740.0,250.2
2019-08-31T10:29:39,33.3,206.1,221.2,5.4,3760.0,250.2
2019-08-31T10:30:10,33.1,209.7,219.4,5.1,3780.0,250.2
2019-08-31T10:30:41,33.1,206.7,214.1,5.3,3800.0,250.2
2019-08-31T10:31:12,33.1,208.5,217.7,5.3,3820.0,250.2
2019-08-31T10:31:43,33.1,207.9,215.9,5.3,3840.0,249.3
2019-08-31T10:32:14,33.2,204.3,221.2,5.5,3860.0,250.2
2019-08-31T10:32:45,33.2,206.1,221.2,5.3,3880.0,250.2
2019-08-31T10:33:16,33.3,203.7,221.8,5.3,3890.0,250.2
2019-08-31T10:33:47,33.4,207.3,227.7,5.4,3910.0,251.2
2019-08-31T10:34:18,33.5,203.7,220.6,5.5,3930.0,252.2
2019-08-31T10:34:49,33.7,204.3,215.3,5.5,3950.0,251.2
2019-08-31T10:35:20,33.8,203.7,215.3,5.5,3970.0,250.2
2019-08-31T10:36:00,33.9,203.7,217.1,5.5,4000.0,250.2
2019-08-31T10:36:31,34.0,202.6,219.4,5.4,4020.0,250.2
2019-08-31T10:37:02,34.0,204.9,228.3,5.5,4040.0,251.2
2019-08-31T10:37:33,34.1,203.2,224.8,5.6,4060.0,250.2
2019-08-31T10:38:04,34.2,204.3,221.8,5.4,4070.0,251.2
2019-08-31T10:38:35,34.2,204.3,216.5,5.6,4090.0,251.2
2019-08-31T10:39:06,34.4,206.1,214.1,5.4,4110.0,252.2
2019-08-31T10:39:37,34.4,202.0,221.2,5.5,4130.0,251.2
2019-08-31T10:40:08,34.2,206.1,221.2,5.5,4150.0,251.2
2019-08-31T10:40:39,34.4,201.4,219.4,5.5,4170.0,251.2
2019-08-31T10:41:11,34.5,205.5,222.4,5.5,4190.0,250.2
2019-08-31T10:41:42,34.4,206.7,218.3,5.5,4210.0,249.3
2019-08-31T10:42:13,34.5,201.4,219.4,5.7,4230.0,252.2
2019-08-31T10:42:44,34.5,203.2,220.0,5.6,4250.0,250.2
2019-08-31T10:43:15,34.6,206.7,226.5,5.5,4270.0,251.2
2019-08-31T10:43:46,34.7,204.9,211.2,5.6,4290.0,250.2
2019-08-31T10:44:17,34.7,203.2,215.9,5.6,4310.0,250.2
2019-08-31T10:44:48,34.8,201.4,215.3,5.6,4330.0,249.3
2019-08-31T10:45:19,34.8,204.3,215.3,5.6,4350.0,249.3
2019-08-31T10:45:50,34.7,204.9,223.0,5.6,4370.0,249.3
2019-08-31T10:46:22,34.7,206.7,223.0,5.6,4390.0,249.3
2019-08-31T10:46:53,34.5,203.2,215.3,5.4,4410.0,249.3
2019-08-31T10:47:24,34.5,207.9,217.1,5.4,4430.0,250.2
2019-08-31T10:47:55,34.4,203.7,225.9,5.6,4450.0,250.2
2019-08-31T10:48:26,34.2,204.9,224.2,5.5,4470.0,249.3
2019-08-31T10:48:57,34.1,205.5,221.2,5.6,4490.0,249.3
2019-08-31T10:49:28,34.0,205.5,214.1,5.6,4510.0,248.3
2019-08-31T10:49:59,34.1,204.9,215.9,5.6,4530.0,249.3
2019-08-31T10:50:30,34.4,203.7,220.6,5.7,4550.0,249.3
2019-08-31T10:51:01,34.2,208.5,221.2,5.5,4570.0,248.3
2019-08-31T10:51:32,34.2,209.1,223.0,5.5,4590.0,249.3
2019-08-31T10:52:03,34.2,203.2,223.0,5.8,4610.0,248.3
2019-08-31T10:52:34,34.1,203.2,219.4,5.7,4630.0,248.3
2019-08-31T10:53:05,34.2,207.3,211.7,5.6,4650.0,248.3
2019-08-31T10:53:36,34.4,202.6,215.9,5.7,4670.0,249.3
2019-08-31T10:54:07,34.5,206.1,214.7,5.7,4690.0,249.3
2019-08-31T10:54:38,34.6,201.4,211.7,5.7,4710.0,249.3
2019-08-31T10:55:09,34.7,202.6,213.5,5.7,4730.0,249.3
2019-08-31T10:55:41,34.8,205.5,212.9,5.7,4750.0,249.3
2019-08-31T10:56:12,34.9,207.3,218.3,5.5,4770.0,250.2
2019-08-31T10:56:43,35.0,206.1,221.8,5.7,4790.0,249.3
2019-08-31T10:57:14,35.2,202.6,221.2,5.7,4810.0,251.2
2019-08-31T10:57:45,35.2,202.0,221.8,5.8,4830.0,250.2
2019-08-31T10:58:16,35.3,206.1,221.8,5.6,4850.0,251.2
2019-08-31T10:58:47,35.3,203.2,219.4,5.9,4870.0,250.2
2019-08-31T10:59:18,35.2,204.9,216.5,5.7,4890.0,250.2
2019-08-31T10:59:49,35.3,204.9,216.5,5.8,4910.0,250.2
2019-08-31T11:00:20,35.4,205.5,215.3,5.7,4940.0,251.2
2019-08-31T11:00:52,35.4,204.9,214.1,5.9,4960.0,249.3
2019-08-31T11:01:23,35.4,203.7,214.1,5.8,4980.0,250.2
2019-08-31T11:01:54,35.5,203.2,211.2,5.9,5000.0,250.2
2019-08-31T11:02:25,35.6,203.7,223.0,5.9,5020.0,249.3
2019-08-31T11:02:56,35.5,202.6,222.4,6.0,5040.0,250.2
2019-08-31T11:03:27,35.6,203.7,220.0,5.8,5060.0,251.2
2019-08-31T11:03:58,35.6,203.2,221.8,5.8,5080.0,250.2
2019-08-31T11:04:29,35.6,199.6,220.0,6.0,5100.0,249.3
2019-08-31T11:05:00,35.7,200.8,218.8,6.0,5120.0,249.3
2019-08-31T11:05:32,35.7,203.2,217.1,5.9,5140.0,248.3
2019-08-31T11:06:03,35.9,203.2,218.8,5.9,5160.0,248.3
2019-08-31T11:06:34,35.9,202.0,217.1,6.1,5190.0,249.3
2019-08-31T11:07:05,35.9,200.2,214.1,6.1,5210.0,248.3
2019-08-31T11:07:36,35.6,200.2,212.9,6.1,5230.0,250.2
2019-08-31T11:08:07,35.7,203.7,205.8,6.0,5250.0,250.2
2019-08-31T11:08:38,35.7,198.4,217.7,6.1,5270.0,248.3
2019-08-31T11:09:09,35.9,202.6,217.7,5.9,5290.0,249.3
2019-08-31T11:09:40,36.0,202.6,218.3,6.1,5310.0,248.3
2019-08-31T11:10:11,36.0,201.4,218.3,6.2,5330.0,249.3
2019-08-31T11:10:43,36.1,199.6,214.1,6.1,5350.0,249.3
2019-08-31T11:11:17,36.2,199.6,215.3,6.1,5380.0,248.3
2019-08-31T11:11:48,36.2,199.0,214.1,6.1,5400.0,249.3
2019-08-31T11:12:19,36.3,200.2,220.0,6.1,5420.0,248.3
2019-08-31T11:12:50,36.3,197.8,209.4,6.1,5440.0,250.2
2019-08-31T11:13:21,36.4,199.0,214.1,6.2,5460.0,249.3
2019-08-31T11:13:52,36.4,203.2,208.2,6.0,5480.0,248.3
2019-08-31T11:14:23,36.5,200.2,212.9,6.2,5510.0,250.2
2019-08-31T11:14:54,36.5,200.8,213.5,6.0,5530.0,250.2
2019-08-31T11:15:25,36.5,197.3,212.3,6.2,5550.0,248.3
2019-08-31T11:15:56,36.7,201.4,215.9,6.1,5570.0,250.2
2019-08-31T11:16:31,36.7,196.7,217.1,6.3,5590.0,249.3
2019-08-31T11:17:02,36.8,197.8,208.8,6.3,5610.0,248.3
2019-08-31T11:17:33,36.8,200.2,209.4,6.2,5640.0,248.3
2019-08-31T11:18:04,36.8,197.8,211.7,6.2,5660.0,248.3
2019-08-31T11:18:35,36.9,200.8,208.2,6.1,5680.0,249.3
2019-08-31T11:19:06,36.9,199.0,208.8,6.1,5700.0,248.3
2019-08-31T11:19:37,37.0,200.2,209.4,6.1,5720.0,248.3
2019-08-31T11:20:08,37.0,200.2,215.9,6.2,5740.0,249.3
2019-08-31T11:20:39,37.0,199.6,212.9,6.3,5760.0,248.3
2019-08-31T11:21:11,37.1,197.8,213.5,6.2,5790.0,249.3
2019-08-31T11:21:42,37.1,201.4,215.3,6.1,5810.0,249.3
2019-08-31T11:22:13,37.1,199.6,214.1,6.3,5830.0,247.3
2019-08-31T11:22:44,37.2,200.8,211.2,6.2,5850.0,249.3
2019-08-31T11:23:15,37.2,196.1,212.3,6.2,5870.0,248.3
2019-08-31T11:23:46,37.2,199.0,212.9,6.3,5890.0,249.3
2019-08-31T11:24:17,37.2,199.0,212.9,6.2,5920.0,248.3
2019-08-31T11:24:48,37.2,197.3,212.3,6.3,5940.0,248.3
2019-08-31T11:25:19,37.1,198.4,210.0,6.3,5960.0,248.3
2019-08-31T11:25:50,36.9,198.4,213.5,6.3,5980.0,249.3
2019-08-31T11:26:22,36.8,200.2,207.6,6.2,6000.0,249.3
2019-08-31T11:26:53,36.8,198.4,210.0,6.2,6020.0,249.3
2019-08-31T11:27:24,36.5,196.1,212.3,6.3,6040.0,248.3
2019-08-31T11:27:55,36.5,198.4,215.9,6.3,6070.0,247.3
2019-08-31T11:28:26,36.7,194.3,218.3,6.4,6090.0,248.3
2019-08-31T11:28:57,36.5,196.1,218.8,6.4,6110.0,248.3
2019-08-31T11:29:28,36.7,199.6,217.7,6.2,6130.0,247.3
2019-08-31T11:29:59,36.8,197.8,214.7,6.2,6150.0,248.3
2019-08-31T11:30:30,36.8,199.0,215.3,6.3,6170.0,248.3
2019-08-31T11:31:01,36.9,197.8,219.4,6.3,6200.0,248.3
2019-08-31T11:31:32,36.9,196.7,218.3,6.5,6220.0,249.3
2019-08-31T11:32:03,36.9,195.5,212.9,6.4,6240.0,249.3
2019-08-31T11:32:34,37.0,201.4,211.7,6.3,6260.0,250.2
2019-08-31T11:33:05,37.1,195.5,204.6,6.6,6280.0,250.2
2019-08-31T11:33:36,37.1,196.1,204.6,6.8,6310.0,248.3
2019-08-31T11:34:07,37.1,197.8,215.3,3.0,6320.0,246.4
2019-08-31T11:34:38,37.1,184.3,231.3,6.9,6340.0,248.3
2019-08-31T11:35:09,37.0,200.8,215.9,6.5,6360.0,247.3
2019-08-31T11:35:41,37.0,196.1,210.0,6.8,6380.0,247.3
2019-08-31T11:36:12,37.0,196.7,205.2,6.7,6410.0,247.3
2019-08-31T11:36:43,37.0,199.6,207.6,6.7,6430.0,247.3
2019-08-31T11:37:14,36.9,196.1,207.0,6.6,6450.0,249.3
2019-08-31T11:37:45,37.0,191.3,203.5,6.7,6480.0,246.4
2019-08-31T11:38:16,37.0,194.9,207.6,6.7,6500.0,247.3
2019-08-31T11:38:47,37.1,194.3,209.4,6.8,6520.0,248.3
2019-08-31T11:39:18,37.2,190.8,215.3,5.4,6540.0,246.4
2019-08-31T11:39:49,37.4,185.4,212.9,6.9,6560.0,247.3
2019-08-31T11:40:20,37.4,194.3,215.9,6.6,6580.0,248.3
2019-08-31T11:40:52,37.4,199.6,217.1,6.6,6610.0,249.3
2019-08-31T11:41:23,37.5,193.7,212.3,6.8,6630.0,248.3
2019-08-31T11:41:54,37.4,199.0,205.2,6.6,6650.0,248.3
2019-08-31T11:42:25,37.5,199.0,207.0,6.7,6680.0,249.3
2019-08-31T11:42:56,37.5,194.9,204.6,6.9,6700.0,249.3
2019-08-31T11:43:27,37.1,189.0,207.0,6.8,6720.0,248.3
2019-08-31T11:43:58,36.9,186.0,215.9,5.9,6750.0,249.3
2019-08-31T11:44:29,36.8,177.2,206.4,1.4,6750.0,242.5
2019-08-31T11:45:00,36.7,173.0,197.0,1.2,6760.0,243.5
2019-08-31T11:45:32,36.8,169.5,219.4,1.2,6760.0,244.4
2019-08-31T11:46:06,36.7,180.7,210.0,0.9,6760.0,242.5
2019-08-31T11:46:37,36.4,179.5,209.4,0.8,6770.0,243.5
2019-08-31T11:47:09,36.1,180.7,210.0,0.7,6770.0,245.4
2019-08-31T11:47:40,35.9,181.9,215.3,0.7,6770.0,242.5
2019-08-31T11:48:11,35.5,178.9,205.2,0.7,6780.0,243.5
2019-08-31T11:48:42,35.3,174.8,210.0,0.6,6780.0,242.5
2019-08-31T11:49:13,35.2,189.0,215.3,0.6,6780.0,241.5
2019-08-31T11:49:44,35.3,184.8,213.5,0.6,6780.0,241.5
2019-08-31T11:50:15,35.3,211.4,237.8,0.8,6780.0,241.5
2019-08-31T11:50:46,35.2,197.3,224.2,1.1,6790.0,242.5
2019-08-31T11:51:17,35.2,178.3,225.9,2.0,6800.0,247.3
2019-08-31T11:51:48,35.2,181.9,211.2,1.3,6810.0,243.5
2019-08-31T11:52:19,35.0,215.6,218.8,5.6,6820.0,247.3
2019-08-31T11:52:50,34.9,200.8,227.1,7.2,6840.0,250.2
2019-08-31T11:53:21,35.0,198.4,222.4,7.2,6870.0,250.2
2019-08-31T11:53:52,35.0,187.8,235.4,0.9,6880.0,244.4
2019-08-31T11:54:23,35.0,187.2,217.1,0.9,6880.0,240.6
2019-08-31T11:54:54,35.0,165.9,206.4,0.9,6890.0,241.5
2019-08-31T11:55:25,35.0,146.4,228.3,1.0,6890.0,241.5
2019-08-31T11:55:57,35.0,164.2,220.0,0.9,6890.0,238.6
2019-08-31T11:56:28,34.9,164.2,218.3,1.0,6900.0,240.6
2019-08-31T11:56:59,34.7,141.1,210.0,1.2,6900.0,239.6
2019-08-31T11:57:30,34.7,149.4,236.6,3.8,6900.0,239.6
2019-08-31T11:58:01,34.8,176.6,233.0,7.0,6920.0,248.3
2019-08-31T11:58:32,34.7,189.0,234.8,3.8,6940.0,244.4
2019-08-31T11:59:03,34.6,192.5,232.4,2.4,6950.0,245.4
2019-08-31T11:59:34,34.6,184.3,222.4,1.2,6960.0,246.4
2019-08-31T12:00:05,34.8,167.1,241.3,4.4,6960.0,243.5
2019-08-31T12:00:37,34.9,164.2,247.2,6.5,6980.0,245.4
2019-08-31T12:01:09,35.0,189.0,224.8,7.3,7000.0,247.3
2019-08-31T12:01:40,35.2,187.8,224.2,7.5,7030.0,250.2
2019-08-31T12:02:11,35.3,184.3,221.2,7.4,7050.0,248.3
2019-08-31T12:02:42,35.4,194.9,231.3,6.3,7080.0,247.3
2019-08-31T12:03:13,35.5,196.1,223.0,7.0,7100.0,248.3
2019-08-31T12:03:44,35.6,195.5,220.0,7.2,7120.0,245.4
2019-08-31T12:04:15,35.7,191.3,217.7,7.2,7150.0,242.5
2019-08-31T12:04:46,35.9,194.9,222.4,7.0,7170.0,246.4
2019-08-31T12:05:17,36.0,193.7,219.4,6.9,7200.0,246.4
2019-08-31T12:05:49,36.0,193.1,218.8,6.9,7220.0,247.3
2019-08-31T12:06:20,36.0,191.9,220.0,6.7,7240.0,245.4
2019-08-31T12:06:51,36.1,194.3,220.0,6.7,7270.0,247.3
2019-08-31T12:07:22,36.2,196.1,218.8,6.6,7290.0,247.3
2019-08-31T12:07:53,36.3,196.1,214.7,6.5,7310.0,247.3
2019-08-31T12:08:24,36.3,201.4,218.8,6.1,7340.0,247.3
2019-08-31T12:08:55,36.3,199.0,214.1,5.6,7360.0,245.4
2019-08-31T12:09:26,36.1,204.3,217.1,4.6,7380.0,247.3
2019-08-31T12:09:57,35.9,204.9,219.4,5.0,7400.0,246.4
2019-08-31T12:10:28,36.0,191.9,217.7,5.9,7420.0,246.4
2019-08-31T12:11:00,36.1,173.0,210.6,7.3,7450.0,245.4
2019-08-31T12:11:31,36.2,177.2,210.6,7.3,7470.0,248.3
2019-08-31T12:12:02,36.3,176.6,213.5,7.2,7490.0,248.3
2019-08-31T12:12:33,36.4,178.3,222.4,7.2,7520.0,247.3
2019-08-31T12:13:04,36.4,176.0,214.1,7.3,7540.0,247.3
2019-08-31T12:13:35,36.5,175.4,210.0,7.3,7560.0,246.4
2019-08-31T12:14:06,36.7,174.2,210.0,7.3,7590.0,247.3
2019-08-31T12:14:37,36.8,176.6,210.0,7.4,7610.0,247.3
2019-08-31T12:15:08,36.8,178.3,215.9,7.2,7630.0,249.3
2019-08-31T12:15:39,36.9,177.2,211.2,7.4,7660.0,250.2
2019-08-31T12:16:11,37.0,178.9,212.9,7.2,7680.0,248.3
2019-08-31T12:16:42,37.0,176.0,212.9,7.4,7700.0,248.3
2019-08-31T12:17:13,37.0,180.1,210.6,7.2,7730.0,248.3
2019-08-31T12:17:44,37.0,179.5,209.4,7.3,7750.0,249.3
2019-08-31T12:18:15,37.1,180.7,211.7,7.1,7780.0,247.3
2019-08-31T12:18:46,37.2,176.0,211.2,7.4,7800.0,251.2
2019-08-31T12:19:17,37.2,178.9,211.2,7.4,7820.0,250.2
2019-08-31T12:19:48,37.4,180.7,211.2,7.1,7850.0,249.3
2019-08-31T12:20:19,37.4,180.7,212.9,7.4,7870.0,251.2
2019-08-31T12:20:51,37.5,177.2,218.3,7.4,7900.0,249.3
2019-08-31T12:21:23,37.6,178.3,220.0,7.6,7920.0,251.2
2019-08-31T12:21:54,37.6,179.5,216.5,7.4,7940.0,251.2
2019-08-31T12:22:25,37.7,173.0,214.1,7.7,7970.0,248.3
2019-08-31T12:22:56,37.7,178.3,218.8,7.6,7990.0,249.3
2019-08-31T12:23:27,37.8,174.2,207.0,7.6,8020.0,251.2
2019-08-31T12:23:58,37.8,174.2,209.4,7.7,8040.0,251.2
2019-08-31T12:24:29,37.9,178.9,218.3,7.6,8070.0,251.2
2019-08-31T12:25:00,37.9,181.3,220.0,7.3,8090.0,250.2
2019-08-31T12:25:31,38.0,174.8,217.1,7.5,8120.0,250.2
2019-08-31T12:26:06,38.2,168.3,214.7,7.5,8140.0,251.2
2019-08-31T12:26:37,38.2,165.9,210.0,7.7,8170.0,251.2
2019-08-31T12:27:08,38.3,164.8,212.3,7.5,8190.0,251.2
2019-08-31T12:27:39,38.3,169.5,214.7,7.5,8220.0,250.2
2019-08-31T12:28:10,38.4,162.4,215.3,8.0,8240.0,251.2
2019-08-31T12:28:41,38.4,170.1,208.2,7.7,8270.0,252.2
2019-08-31T12:29:12,38.5,152.9,192.8,5.1,8280.0,248.3
2019-08-31T12:29:43,38.5,154.7,198.1,6.2,8300.0,252.2
2019-08-31T12:30:14,38.5,151.8,185.1,7.4,8320.0,248.3
2019-08-31T12:30:46,38.5,157.7,197.0,1.8,8330.0,244.4
2019-08-31T12:31:17,38.6,155.3,217.7,1.7,8340.0,242.5
2019-08-31T12:31:48,38.5,154.1,218.3,8.3,8350.0,249.3
2019-08-31T12:32:19,38.6,149.4,212.3,8.4,8380.0,248.3
2019-08-31T12:32:50,38.6,157.7,209.4,8.0,8400.0,250.2
2019-08-31T12:33:21,38.7,148.2,213.5,3.4,8420.0,245.4
2019-08-31T12:33:52,38.7,148.8,209.4,1.9,8430.0,244.4
2019-08-31T12:34:23,38.7,167.1,199.9,1.7,8440.0,243.5
2019-08-31T12:34:54,38.7,190.2,183.3,4.1,8450.0,247.3
2019-08-31T12:35:25,38.7,186.0,188.1,4.3,8470.0,250.2
2019-08-31T12:35:56,38.6,192.5,202.9,4.4,8490.0,250.2
2019-08-31T12:36:28,38.5,182.5,205.8,4.8,8510.0,251.2
2019-08-31T12:36:59,38.3,173.0,201.1,5.8,8530.0,251.2
2019-08-31T12:37:30,38.2,144.7,194.6,8.5,8550.0,252.2
2019-08-31T12:38:01,38.0,155.3,217.7,7.6,8580.0,250.2
2019-08-31T12:38:32,38.0,167.1,217.1,4.7,8600.0,248.3
2019-08-31T12:39:03,37.9,152.4,197.0,6.8,8610.0,248.3
2019-08-31T12:39:34,37.9,158.9,201.1,3.1,8630.0,246.4
2019-08-31T12:40:05,37.9,140.0,225.4,4.5,8640.0,246.4
2019-08-31T12:40:40,37.9,138.2,218.3,2.8,8650.0,242.5
2019-08-31T12:41:11,37.7,163.0,223.0,2.4,8660.0,243.5
2019-08-31T12:41:42,37.8,167.1,222.4,2.4,8670.0,245.4
2019-08-31T12:42:13,37.8,172.4,214.1,2.7,8680.0,242.5
2019-08-31T12:42:44,37.8,159.4,215.9,2.5,8690.0,244.4
2019-08-31T12:43:15,37.8,165.4,201.7,2.5,8690.0,246.4
2019-08-31T12:43:46,37.9,167.1,220.0,2.2,8700.0,243.5
2019-08-31T12:44:17,37.9,161.2,215.9,2.2,8710.0,242.5
2019-08-31T12:44:48,37.9,156.5,217.7,2.1,8720.0,245.4
2019-08-31T12:45:19,37.9,160.6,218.8,2.2,8720.0,242.5
2019-08-31T12:45:52,37.9,132.9,235.4,3.5,8730.0,243.5
2019-08-31T12:46:23,37.9,129.3,241.9,3.4,8750.0,246.4
2019-08-31T12:46:54,37.9,140.0,221.8,2.3,8750.0,241.5
2019-08-31T12:47:25,37.9,158.9,220.0,2.2,8760.0,243.5
2019-08-31T12:47:56,37.9,161.2,224.8,2.0,8770.0,244.4
2019-08-31T12:48:27,37.8,164.8,220.0,1.8,8770.0,244.4
2019-08-31T12:48:58,37.8,180.7,221.2,1.6,8780.0,244.4
2019-08-31T12:49:29,37.6,160.0,232.4,1.8,8790.0,246.4
2019-08-31T12:50:00,37.6,161.8,218.3,1.8,8790.0,245.4
2019-08-31T12:50:32,37.2,168.9,227.1,1.7,8800.0,243.5
2019-08-31T12:51:03,37.0,164.2,224.8,1.7,8810.0,245.4
2019-08-31T12:51:34,37.0,171.3,228.3,1.7,8810.0,247.3
2019-08-31T12:52:05,36.8,194.3,228.9,1.6,8820.0,247.3
2019-08-31T12:52:36,36.8,196.7,222.4,1.4,8830.0,245.4
2019-08-31T12:53:07,36.8,196.7,227.1,1.4,8830.0,245.4
2019-08-31T12:53:38,36.7,194.9,231.9,1.5,8840.0,246.4
2019-08-31T12:54:09,36.7,174.2,218.8,1.6,8840.0,245.4
2019-08-31T12:54:40,36.7,152.9,233.0,1.9,8850.0,244.4
2019-08-31T12:55:11,36.8,177.8,211.2,1.7,8860.0,244.4
2019-08-31T12:55:43,36.8,200.2,218.3,1.8,8870.0,240.6
2019-08-31T12:56:14,36.8,184.8,221.2,2.0,8870.0,241.5
2019-08-31T12:56:45,36.8,151.8,248.4,6.2,8890.0,246.4
2019-08-31T12:57:16,36.9,157.7,222.4,7.1,8910.0,248.3
2019-08-31T12:57:47,36.9,161.8,211.7,6.0,8930.0,249.3
2019-08-31T12:58:18,37.0,148.8,224.2,5.2,8950.0,248.3
2019-08-31T12:58:49,37.0,138.2,235.4,3.9,8960.0,250.2
2019-08-31T12:59:20,36.9,129.9,211.7,7.8,8980.0,252.2
2019-08-31T12:59:51,37.0,131.1,215.3,8.3,9000.0,252.2
2019-08-31T13:00:22,36.8,128.7,219.4,8.1,9020.0,252.2
2019-08-31T13:00:54,36.5,130.5,223.6,8.1,9050.0,252.2
2019-08-31T13:01:27,36.7,124.0,218.8,8.5,9070.0,253.1
2019-08-31T13:01:58,36.7,129.3,214.1,8.0,9090.0,254.1
2019-08-31T13:02:29,36.7,128.1,215.3,8.1,9120.0,253.1
2019-08-31T13:03:00,36.4,125.8,217.7,8.3,9140.0,252.2
2019-08-31T13:03:31,36.4,126.4,217.1,8.2,9160.0,252.2
2019-08-31T13:04:02,36.4,134.0,220.0,8.1,9180.0,253.1
2019-08-31T13:04:33,36.5,126.4,218.8,8.1,9200.0,249.3
2019-08-31T13:05:04,36.5,125.8,213.5,8.0,9230.0,251.2
2019-08-31T13:05:35,36.5,122.2,216.5,8.0,9250.0,251.2
2019-08-31T13:06:07,36.4,122.8,213.5,8.0,9270.0,252.2
2019-08-31T13:06:38,36.5,129.3,211.7,7.4,9290.0,251.2
2019-08-31T13:07:09,36.7,124.6,212.9,8.1,9310.0,251.2
2019-08-31T13:07:40,36.8,139.4,215.3,7.4,9330.0,249.3
2019-08-31T13:08:11,36.9,136.4,214.7,7.5,9350.0,248.3
2019-08-31T13:08:42,37.0,135.2,214.7,7.6,9380.0,247.3
2019-08-31T13:09:13,37.0,137.6,213.5,7.4,9400.0,249.3
2019-08-31T13:09:44,37.1,133.5,215.9,7.7,9420.0,250.2
2019-08-31T13:10:15,37.2,131.1,211.7,7.8,9440.0,249.3
2019-08-31T13:10:46,37.4,137.0,214.1,7.4,9460.0,248.3
2019-08-31T13:11:18,37.5,132.9,211.7,7.6,9480.0,248.3
2019-08-31T13:11:49,37.6,135.2,211.2,7.5,9500.0,249.3
2019-08-31T13:12:20,37.6,132.9,214.1,7.6,9520.0,249.3
2019-08-31T13:12:51,37.7,135.2,211.7,7.5,9540.0,249.3
2019-08-31T13:13:22,37.7,135.8,214.1,7.5,9560.0,248.3
2019-08-31T13:13:53,37.8,134.0,212.9,7.5,9580.0,248.3
2019-08-31T13:14:24,37.9,132.3,215.3,7.6,9600.0,251.2
2019-08-31T13:14:55,37.9,135.2,215.3,7.4,9620.0,251.2
2019-08-31T13:15:26,37.9,129.9,209.4,7.6,9650.0,251.2
2019-08-31T13:15:57,38.0,133.5,214.1,7.5,9670.0,251.2
2019-08-31T13:16:30,38.0,133.5,216.5,7.6,9690.0,249.3
2019-08-31T13:17:01,38.0,131.1,209.4,7.6,9710.0,251.2
2019-08-31T13:17:32,38.0,138.2,210.6,7.3,9730.0,250.2
2019-08-31T13:18:03,38.0,137.0,217.1,7.5,9750.0,252.2
2019-08-31T13:18:34,38.2,137.0,217.7,7.5,9770.0,252.2
2019-08-31T13:19:05,38.2,140.0,217.7,7.2,9790.0,250.2
2019-08-31T13:19:36,38.2,131.7,217.7,7.6,9810.0,249.3
2019-08-31T13:20:07,38.3,136.4,211.7,7.5,9840.0,250.2
2019-08-31T13:20:38,38.4,136.4,212.3,7.4,9860.0,251.2
2019-08-31T13:21:10,38.4,137.0,217.1,7.5,9880.0,251.2
2019-08-31T13:21:41,38.4,133.5,217.7,7.6,9900.0,251.2
2019-08-31T13:22:12,38.5,133.5,218.3,7.7,9920.0,251.2
2019-08-31T13:22:43,38.5,132.9,220.0,7.5,9940.0,251.2
2019-08-31T13:23:14,38.5,138.8,219.4,7.3,9960.0,250.2
2019-08-31T13:23:45,38.6,140.0,212.9,7.3,9980.0,251.2
2019-08-31T13:24:16,38.6,137.6,215.9,7.1,10010.0,251.2
2019-08-31T13:24:47,38.6,135.2,216.5,7.2,10030.0,251.2
2019-08-31T13:25:18,38.6,150.0,215.9,7.0,10050.0,251.2
2019-08-31T13:25:49,38.5,147.6,211.7,7.2,10070.0,248.3
2019-08-31T13:26:21,38.6,154.1,210.0,6.6,10090.0,249.3
2019-08-31T13:26:52,38.6,145.3,208.8,7.2,10110.0,249.3
2019-08-31T13:27:23,38.7,148.2,212.9,7.1,10130.0,249.3
2019-08-31T13:27:54,38.9,142.3,209.4,6.8,10150.0,248.3
2019-08-31T13:28:25,38.9,137.0,211.2,6.4,10170.0,250.2
2019-08-31T13:28:56,38.6,128.7,212.3,6.5,10190.0,252.2
2019-08-31T13:29:27,38.3,131.7,206.4,7.1,10210.0,251.2
2019-08-31T13:29:58,38.0,130.5,214.7,7.2,10240.0,250.2
2019-08-31T13:30:29,38.2,125.8,210.6,7.5,10260.0,248.3
2019-08-31T13:31:03,38.3,125.2,213.5,7.7,10280.0,249.3
2019-08-31T13:31:34,38.4,127.5,216.5,7.5,10300.0,249.3
2019-08-31T13:32:05,38.5,128.1,218.3,7.5,10320.0,252.2
2019-08-31T13:32:36,38.6,129.9,214.1,7.4,10340.0,251.2
2019-08-31T13:33:07,38.6,125.8,210.0,7.4,10360.0,250.2
2019-08-31T13:33:38,38.4,125.2,211.7,7.6,10380.0,249.3
2019-08-31T13:34:09,38.5,129.3,212.9,7.3,10400.0,248.3
2019-08-31T13:34:40,38.4,129.3,212.9,7.3,10430.0,248.3
2019-08-31T13:35:11,38.5,129.9,210.6,7.2,10450.0,249.3
2019-08-31T13:35:43,38.5,130.5,215.9,7.3,10470.0,250.2
2019-08-31T13:36:14,38.5,127.5,217.1,7.4,10490.0,249.3
2019-08-31T13:36:45,38.3,127.0,218.3,7.3,10510.0,250.2
2019-08-31T13:37:16,38.2,125.8,217.1,7.5,10530.0,250.2
2019-08-31T13:37:47,38.3,128.1,212.3,7.4,10550.0,251.2
2019-08-31T13:38:18,38.3,123.4,207.0,7.8,10570.0,250.2
2019-08-31T13:38:49,38.4,121.6,211.7,7.8,10590.0,251.2
2019-08-31T13:39:20,38.6,124.0,211.2,7.7,10610.0,249.3
2019-08-31T13:39:51,38.7,126.4,210.0,7.6,10640.0,249.3
2019-08-31T13:40:22,38.9,124.0,211.7,7.8,10660.0,250.2
2019-08-31T13:40:57,39.0,121.0,204.1,8.1,10680.0,251.2
2019-08-31T13:41:28,39.1,125.2,208.2,7.7,10700.0,250.2
2019-08-31T13:41:59,39.2,127.5,204.6,7.6,10720.0,248.3
2019-08-31T13:42:30,39.2,120.5,210.0,8.1,10740.0,247.3
2019-08-31T13:43:01,39.3,118.7,208.2,8.3,10770.0,248.3
2019-08-31T13:43:32,39.4,123.4,207.6,8.0,10790.0,247.3
2019-08-31T13:44:03,39.5,124.6,215.9,6.2,10810.0,248.3
2019-08-31T13:44:34,39.5,112.8,199.9,4.5,10820.0,248.3
2019-08-31T13:45:05,39.7,103.3,220.0,3.1,10830.0,246.4
2019-08-31T13:45:37,39.7,118.7,207.0,1.5,10830.0,246.4
2019-08-31T13:46:08,39.7,147.6,238.4,1.7,10840.0,247.3
2019-08-31T13:46:39,39.5,142.9,223.0,1.3,10840.0,246.4
2019-08-31T13:47:10,39.5,157.1,212.9,1.3,10850.0,245.4
2019-08-31T13:47:41,39.5,184.3,241.3,1.4,10850.0,247.3
2019-08-31T13:48:12,39.5,180.7,217.1,1.3,10860.0,247.3
2019-08-31T13:48:43,39.4,180.7,215.3,1.3,10870.0,246.4
2019-08-31T13:49:14,39.4,185.4,204.1,1.5,10870.0,249.3
2019-08-31T13:49:45,39.3,212.6,179.8,2.0,10880.0,252.2
2019-08-31T13:50:16,39.3,220.3,215.3,1.9,10900.0,250.2
2019-08-31T13:50:48,39.3,219.1,212.9,1.9,10920.0,253.1
2019-08-31T13:51:19,39.3,233.9,212.9,1.6,10940.0,252.2
2019-08-31T13:51:50,39.3,234.5,214.1,1.6,10960.0,251.2
2019-08-31T13:52:21,39.2,234.5,216.5,1.6,10970.0,252.2
2019-08-31T13:52:52,39.1,229.7,212.9,1.6,10990.0,252.2
2019-08-31T13:53:23,39.2,215.0,210.6,1.6,11010.0,253.1
2019-08-31T13:53:54,39.2,220.9,208.8,1.6,11020.0,253.1
2019-08-31T13:54:25,39.1,215.0,209.4,1.6,11040.0,252.2
2019-08-31T13:54:56,39.2,222.1,210.0,1.5,11060.0,252.2
2019-08-31T13:55:27,39.2,198.4,209.4,1.9,11070.0,253.1
2019-08-31T13:55:59,39.0,212.6,207.0,1.7,11090.0,251.2
2019-08-31T13:56:30,38.9,197.3,192.2,1.0,11100.0,248.3
2019-08-31T13:57:01,38.6,194.9,203.5,1.0,11100.0,246.4
2019-08-31T13:57:32,38.6,197.8,210.6,1.0,11110.0,246.4
2019-08-31T13:58:03,38.6,204.3,218.3,0.9,11110.0,245.4
2019-08-31T13:58:34,38.6,204.3,210.0,1.0,11120.0,245.4
2019-08-31T13:59:05,38.7,204.9,219.4,1.0,11120.0,245.4
2019-08-31T13:59:36,38.7,207.9,219.4,1.0,11130.0,245.4
2019-08-31T14:00:07,38.6,209.1,218.3,1.0,11130.0,246.4
2019-08-31T14:00:41,38.6,189.6,199.3,1.3,11130.0,245.4
2019-08-31T14:01:13,38.5,150.6,157.3,3.0,11140.0,249.3
2019-08-31T14:01:44,38.3,145.9,188.1,2.9,11160.0,250.2
2019-08-31T14:02:15,38.2,152.4,221.2,3.1,11180.0,251.2
2019-08-31T14:02:46,38.0,148.8,216.5,2.6,11190.0,252.2
2019-08-31T14:03:17,37.8,145.3,215.3,2.5,11210.0,252.2
2019-08-31T14:03:48,37.6,131.7,207.6,3.0,11230.0,250.2
2019-08-31T14:04:19,37.4,132.9,206.4,1.6,11240.0,252.2
2019-08-31T14:04:50,37.0,146.4,220.0,1.3,11250.0,249.3
2019-08-31T14:05:21,36.8,171.9,192.8,1.3,11250.0,248.3
2019-08-31T14:05:52,36.5,187.2,170.3,0.9,11260.0,246.4
2019-08-31T14:06:24,36.4,202.0,204.1,1.2,11260.0,245.4
2019-08-31T14:06:55,36.3,222.1,236.6,1.2,11270.0,249.3
2019-08-31T14:07:26,36.1,213.8,230.7,1.1,11280.0,249.3
2019-08-31T14:07:57,36.2,196.1,219.4,1.5,11290.0,250.2
2019-08-31T14:08:28,36.2,196.1,228.9,1.7,11300.0,249.3
2019-08-31T14:08:59,36.3,217.3,214.1,1.6,11310.0,249.3
2019-08-31T14:09:30,36.4,206.1,215.3,1.6,11330.0,249.3
2019-08-31T14:10:01,36.5,209.1,216.5,1.6,11350.0,251.2
2019-08-31T14:10:32,36.7,209.1,217.1,1.5,11360.0,249.3
2019-08-31T14:11:03,36.8,207.3,220.0,1.5,11380.0,249.3
2019-08-31T14:11:34,36.9,199.0,217.1,1.5,11390.0,249.3
2019-08-31T14:12:05,36.9,206.7,220.0,1.4,11410.0,247.3
2019-08-31T14:12:36,36.9,195.5,212.9,1.4,11420.0,247.3
2019-08-31T14:13:07,36.9,194.9,212.3,1.4,11440.0,247.3
2019-08-31T14:13:38,36.8,171.3,211.7,1.9,11450.0,248.3
2019-08-31T14:14:09,36.9,156.5,208.2,2.5,11470.0,246.4
2019-08-31T14:14:40,36.8,155.3,211.7,2.4,11480.0,248.3
2019-08-31T14:15:11,36.5,160.6,213.5,2.1,11500.0,247.3
2019-08-31T14:15:43,36.5,158.9,213.5,2.3,11510.0,248.3
2019-08-31T14:16:14,36.7,159.4,215.9,2.0,11530.0,248.3
2019-08-31T14:16:45,36.8,160.0,217.1,1.9,11540.0,250.2
2019-08-31T14:17:16,36.9,154.7,215.9,2.3,11560.0,247.3
2019-08-31T14:17:47,36.9,161.8,213.5,2.2,11570.0,250.2
2019-08-31T14:18:18,37.0,161.2,209.4,2.2,11590.0,248.3
2019-08-31T14:18:49,37.0,152.4,208.2,2.0,11600.0,248.3
2019-08-31T14:19:20,37.0,149.4,208.2,2.0,11610.0,248.3
2019-08-31T14:19:51,37.0,163.6,211.2,2.0,11630.0,250.2
2019-08-31T14:20:22,37.1,165.4,208.2,1.9,11640.0,248.3
2019-08-31T14:20:54,37.1,168.9,210.0,1.9,11660.0,249.3
2019-08-31T14:21:25,37.1,170.7,208.2,1.6,11670.0,248.3
2019-08-31T14:21:56,37.1,167.1,206.4,1.5,11690.0,248.3
2019-08-31T14:22:27,37.1,161.8,206.4,1.6,11700.0,249.3
2019-08-31T14:22:58,37.0,167.1,211.2,1.4,11710.0,247.3
2019-08-31T14:23:29,36.8,168.3,211.2,1.7,11730.0,248.3
2019-08-31T14:24:00,36.7,164.8,211.2,1.5,11740.0,248.3
2019-08-31T14:24:31,36.7,154.1,210.0,1.7,11750.0,248.3
2019-08-31T14:25:02,36.7,161.2,208.8,1.6,11770.0,245.4
2019-08-31T14:25:34,36.7,148.2,208.2,1.8,11780.0,247.3
2019-08-31T14:26:05,36.7,148.2,211.7,1.8,11790.0,246.4
2019-08-31T14:26:36,36.8,158.9,214.1,1.6,11810.0,248.3
2019-08-31T14:27:07,36.9,154.1,213.5,1.8,11820.0,247.3
2019-08-31T14:27:38,37.0,151.2,215.9,1.8,11830.0,248.3
2019-08-31T14:28:09,37.0,157.1,217.7,1.8,11850.0,249.3
2019-08-31T14:28:40,37.0,160.6,214.1,1.8,11860.0,250.2
2019-08-31T14:29:11,37.0,158.9,212.3,1.5,11870.0,251.2
2019-08-31T14:29:42,37.1,140.5,215.9,2.0,11890.0,251.2
2019-08-31T14:30:13,37.1,127.0,216.5,2.2,11900.0,253.1
2019-08-31T14:30:45,37.1,127.0,213.5,2.1,11910.0,251.2
2019-08-31T14:31:16,37.2,133.5,213.5,2.0,11930.0,251.2
2019-08-31T14:31:47,37.2,140.0,210.0,1.9,11940.0,250.2
2019-08-31T14:32:18,37.4,140.5,210.0,1.7,11950.0,252.2
2019-08-31T14:32:49,37.4,146.4,212.9,1.7,11970.0,251.2
2019-08-31T14:33:20,37.5,154.7,212.9,1.5,11980.0,252.2
2019-08-31T14:33:51,37.5,153.5,215.9,1.5,11990.0,252.2
2019-08-31T14:34:22,37.5,155.9,212.9,1.5,12010.0,251.2
2019-08-31T14:34:53,37.6,150.0,216.5,1.5,12020.0,251.2
2019-08-31T14:35:24,37.5,138.2,215.3,1.8,12030.0,252.2
2019-08-31T14:35:56,37.2,127.5,210.0,1.9,12050.0,249.3
2019-08-31T14:36:31,37.2,118.1,204.1,2.0,12060.0,250.2
2019-08-31T14:37:02,37.2,142.9,211.7,2.0,12080.0,250.2
2019-08-31T14:37:33,37.4,136.4,215.9,1.8,12090.0,249.3
2019-08-31T14:38:04,37.5,133.5,215.3,1.9,12100.0,249.3
2019-08-31T14:38:35,37.5,137.6,209.4,1.8,12120.0,251.2
2019-08-31T14:39:06,37.6,152.4,212.9,1.6,12130.0,251.2
2019-08-31T14:39:37,37.5,152.4,215.3,1.5,12140.0,250.2
2019-08-31T14:40:08,37.5,132.9,208.2,1.8,12160.0,251.2
2019-08-31T14:40:39,37.6,131.1,211.2,1.8,12170.0,249.3
2019-08-31T14:41:10,37.7,121.0,215.9,1.9,12180.0,250.2
2019-08-31T14:41:41,37.7,102.7,216.5,3.0,12200.0,250.2
2019-08-31T14:42:12,37.8,102.7,215.9,3.1,12210.0,248.3
2019-08-31T14:42:43,37.9,103.9,205.8,2.9,12230.0,250.2
2019-08-31T14:43:14,37.9,102.7,218.8,3.3,12240.0,250.2
2019-08-31T14:43:45,37.9,103.9,214.1,3.0,12260.0,248.3
2019-08-31T14:44:16,38.0,103.9,215.9,3.0,12270.0,249.3
2019-08-31T14:44:47,38.0,103.3,218.3,3.1,12280.0,249.3
2019-08-31T14:45:18,38.0,102.7,217.7,3.4,12300.0,250.2
2019-08-31T14:45:50,38.0,102.7,217.1,3.4,12310.0,251.2
2019-08-31T14:46:21,38.0,102.7,212.3,3.4,12330.0,251.2
2019-08-31T14:46:52,38.0,102.7,212.3,3.3,12340.0,249.3
2019-08-31T14:47:23,38.2,102.7,208.8,3.3,12360.0,249.3
2019-08-31T14:47:54,38.2,102.1,202.3,2.5,12370.0,250.2
2019-08-31T14:48:25,38.2,110.4,204.6,1.6,12380.0,248.3
2019-08-31T14:48:56,38.3,106.9,218.3,1.4,12390.0,244.4
2019-08-31T14:49:27,38.3,131.1,213.5,1.3,12390.0,245.4
2019-08-31T14:49:58,38.2,145.3,220.6,1.2,12390.0,245.4
2019-08-31T14:50:29,38.2,150.6,218.8,1.2,12400.0,245.4
2019-08-31T14:51:01,38.2,162.4,213.5,1.0,12400.0,245.4
2019-08-31T14:51:32,38.2,167.7,230.7,1.2,12410.0,246.4
2019-08-31T14:52:03,38.0,167.1,224.8,1.0,12410.0,245.4
2019-08-31T14:52:34,38.0,167.7,222.4,1.0,12420.0,244.4
2019-08-31T14:53:05,38.0,154.7,222.4,1.0,12420.0,245.4
2019-08-31T14:53:36,38.0,176.6,228.9,0.9,12430.0,245.4
2019-08-31T14:54:07,37.9,190.8,230.1,0.9,12430.0,245.4
2019-08-31T14:54:38,37.9,194.9,224.2,0.9,12430.0,244.4
2019-08-31T14:55:09,37.8,216.2,233.0,0.7,12440.0,244.4
2019-08-31T14:55:40,37.8,212.6,231.3,0.8,12440.0,244.4
2019-08-31T14:56:12,37.8,207.9,221.2,0.9,12450.0,245.4
2019-08-31T14:56:43,37.7,206.1,226.5,0.9,12450.0,243.5
2019-08-31T14:57:14,37.7,210.2,220.0,0.9,12450.0,245.4
2019-08-31T14:57:45,37.6,213.8,221.8,0.9,12460.0,245.4
2019-08-31T14:58:16,37.6,203.2,234.8,0.9,12460.0,243.5
2019-08-31T14:58:47,37.6,213.8,225.4,0.9,12470.0,243.5
2019-08-31T14:59:18,37.6,211.4,227.7,1.0,12470.0,244.4
2019-08-31T14:59:49,37.5,208.5,234.8,1.0,12480.0,244.4
2019-08-31T15:00:20,37.5,212.6,222.4,1.0,12480.0,244.4
2019-08-31T15:00:51,37.4,212.0,234.8,0.9,12480.0,244.4
2019-08-31T15:01:23,37.4,210.2,234.8,1.0,12490.0,245.4
2019-08-31T15:01:54,37.4,214.4,224.2,0.9,12490.0,244.4
2019-08-31T15:02:25,37.2,212.0,224.8,0.9,12500.0,244.4
2019-08-31T15:02:56,37.2,216.7,227.7,0.8,12500.0,244.4
2019-08-31T15:03:27,37.2,215.0,220.6,0.9,12500.0,243.5
2019-08-31T15:03:58,37.1,205.5,231.3,0.9,12510.0,244.4
2019-08-31T15:04:29,37.1,207.3,223.0,0.8,12510.0,244.4
2019-08-31T15:05:00,37.0,210.8,230.7,0.9,12510.0,244.4
2019-08-31T15:05:32,37.0,206.1,223.0,0.9,12520.0,243.5
2019-08-31T15:06:04,37.0,215.6,234.8,0.8,12520.0,242.5
2019-08-31T15:06:35,37.0,213.2,227.7,0.9,12530.0,244.4
2019-08-31T15:07:06,36.9,213.2,227.1,0.9,12530.0,243.5
2019-08-31T15:07:37,36.9,203.7,237.2,0.9,12530.0,242.5
2019-08-31T15:08:08,36.9,217.3,220.6,0.8,12540.0,243.5
2019-08-31T15:08:39,36.9,204.3,234.8,0.8,12540.0,243.5
2019-08-31T15:09:10,36.8,213.8,237.2,0.9,12540.0,244.4
2019-08-31T15:09:41,36.8,216.7,228.3,0.8,12550.0,244.4
2019-08-31T15:10:12,36.8,213.2,225.9,0.8,12550.0,243.5
2019-08-31T15:10:43,36.8,219.7,235.4,0.7,12560.0,245.4
2019-08-31T15:11:15,36.7,219.1,224.2,0.7,12560.0,243.5
2019-08-31T15:11:46,36.5,217.9,233.0,0.7,12560.0,243.5
2019-08-31T15:12:17,36.5,216.2,233.0,0.7,12570.0,243.5
2019-08-31T15:12:48,36.5,202.0,230.7,0.7,12570.0,243.5
2019-08-31T15:13:19,36.5,206.1,236.6,0.8,12570.0,242.5
2019-08-31T15:13:50,36.4,210.8,223.6,0.7,12580.0,244.4
2019-08-31T15:14:21,36.4,215.6,236.0,0.7,12580.0,243.5
2019-08-31T15:14:52,36.4,211.4,233.0,0.7,12580.0,243.5
2019-08-31T15:15:23,36.4,211.4,227.1,0.7,12590.0,243.5
2019-08-31T15:15:54,36.3,207.3,239.0,0.7,12590.0,243.5
2019-08-31T15:16:29,36.3,212.6,239.5,0.7,12590.0,242.5
2019-08-31T15:17:00,36.2,216.2,233.0,0.7,12600.0,243.5
2019-08-31T15:17:31,36.2,217.9,225.9,0.7,12600.0,244.4
2019-08-31T15:18:02,36.2,215.0,239.5,0.7,12600.0,243.5
2019-08-31T15:18:33,36.1,212.0,227.7,0.6,12610.0,243.5
2019-08-31T15:19:04,36.1,209.7,231.9,0.6,12610.0,242.5
2019-08-31T15:19:35,36.1,216.2,239.5,0.6,12610.0,243.5
2019-08-31T15:20:06,36.1,205.5,235.4,0.6,12610.0,242.5
2019-08-31T15:20:37,36.0,219.7,228.3,0.6,12620.0,242.5
2019-08-31T15:21:09,36.0,206.1,231.9,0.6,12620.0,243.5
2019-08-31T15:21:40,36.0,212.6,231.3,0.7,12620.0,243.5
2019-08-31T15:22:11,35.9,220.9,241.3,0.6,12630.0,243.5
2019-08-31T15:22:42,35.9,200.8,227.7,0.7,12630.0,245.4
2019-08-31T15:23:13,35.9,216.2,233.0,0.6,12630.0,244.4
2019-08-31T15:23:44,35.9,212.0,227.1,0.6,12640.0,245.4
2019-08-31T15:24:15,35.7,207.3,231.9,0.5,12640.0,243.5
2019-08-31T15:24:46,35.7,212.6,238.4,0.6,12640.0,244.4
2019-08-31T15:25:17,35.7,204.3,224.2,0.5,12640.0,245.4
2019-08-31T15:25:52,35.7,213.8,233.0,0.5,12650.0,244.4
2019-08-31T15:26:23,35.7,192.5,233.0,0.6,12650.0,245.4
2019-08-31T15:26:54,35.7,196.1,228.3,0.6,12650.0,242.5
2019-08-31T15:27:25,35.6,217.3,229.5,0.5,12650.0,242.5
2019-08-31T15:27:56,35.6,200.2,237.2,0.6,12660.0,242.5
2019-08-31T15:28:27,35.6,216.7,230.7,0.5,12660.0,243.5
2019-08-31T15:28:58,35.6,200.2,240.1,0.6,12660.0,242.5
2019-08-31T15:29:29,35.5,190.8,228.9,0.6,12660.0,243.5
2019-08-31T15:30:00,35.5,211.4,236.0,0.5,12670.0,243.5
2019-08-31T15:30:32,35.5,206.7,227.1,0.5,12670.0,242.5
2019-08-31T15:31:03,35.4,210.2,241.9,0.5,12670.0,242.5
2019-08-31T15:31:34,35.4,208.5,233.6,0.6,12670.0,242.5
2019-08-31T15:32:05,35.4,188.4,230.1,0.6,12680.0,242.5
2019-08-31T15:32:36,35.4,210.8,243.1,0.5,12680.0,242.5
2019-08-31T15:33:07,35.3,209.7,228.3,0.5,12680.0,242.5
2019-08-31T15:33:38,35.3,188.4,234.8,0.5,12680.0,242.5
2019-08-31T15:34:09,35.3,206.1,240.1,0.5,12690.0,242.5
2019-08-31T15:34:40,35.3,212.6,223.0,0.6,12690.0,242.5
2019-08-31T15:35:11,35.2,211.4,236.0,0.5,12690.0,242.5
2019-08-31T15:35:43,35.2,213.2,221.2,0.5,12690.0,242.5
2019-08-31T15:36:15,35.2,202.0,236.0,0.5,12700.0,243.5
2019-08-31T15:36:46,35.2,197.8,238.4,0.5,12700.0,243.5
2019-08-31T15:37:17,35.0,196.7,227.7,0.5,12700.0,243.5
2019-08-31T15:37:48,35.0,219.1,228.3,0.4,12700.0,242.5
2019-08-31T15:38:19,35.0,202.0,235.4,0.4,12700.0,242.5
2019-08-31T15:38:50,35.0,180.1,231.3,0.5,12710.0,243.5
2019-08-31T15:39:21,35.0,196.1,237.2,0.5,12710.0,243.5
2019-08-31T15:39:52,34.9,184.8,227.1,0.5,12710.0,241.5
2019-08-31T15:40:23,34.9,185.4,241.9,0.5,12710.0,242.5
2019-08-31T15:40:55,34.9,206.7,238.4,0.4,12720.0,242.5
2019-08-31T15:41:26,34.9,215.0,227.7,0.5,12720.0,240.6
2019-08-31T15:41:57,34.8,194.3,231.3,0.4,12720.0,240.6
2019-08-31T15:42:28,34.8,182.5,233.0,0.5,12720.0,240.6
2019-08-31T15:42:59,34.8,203.7,216.5,0.5,12720.0,240.6
2019-08-31T15:43:30,34.8,219.7,233.0,0.4,12730.0,240.6
2019-08-31T15:44:01,34.8,200.2,228.3,0.4,12730.0,240.6
2019-08-31T15:44:32,34.7,206.1,237.8,0.5,12730.0,239.6
2019-08-31T15:45:03,34.7,207.9,228.3,0.4,12730.0,241.5
2019-08-31T15:45:35,34.7,187.8,241.3,0.5,12730.0,240.6
2019-08-31T15:46:06,34.7,192.5,230.1,0.5,12740.0,241.5
2019-08-31T15:46:37,34.7,213.2,240.1,0.4,12740.0,240.6
2019-08-31T15:47:08,34.6,200.2,237.2,0.4,12740.0,240.6
2019-08-31T15:47:39,34.6,180.1,228.9,0.5,12740.0,240.6
2019-08-31T15:48:10,34.6,194.9,246.6,0.5,12740.0,241.5
2019-08-31T15:48:41,34.6,215.6,230.1,0.4,12750.0,245.4
2019-08-31T15:49:12,34.5,204.9,241.9,0.4,12750.0,244.4
2019-08-31T15:49:43,34.5,201.4,220.6,0.4,12750.0,243.5
2019-08-31T15:50:14,34.5,220.3,241.9,0.4,12750.0,244.4
2019-08-31T15:50:46,34.5,199.0,227.1,0.4,12750.0,244.4
2019-08-31T15:51:17,34.4,178.3,205.2,0.5,12760.0,246.4
2019-08-31T15:51:48,34.5,152.4,176.2,0.7,12760.0,248.3
2019-08-31T15:52:19,34.5,147.6,191.6,0.7,12770.0,247.3
2019-08-31T15:52:50,34.5,154.1,202.3,0.5,12770.0,245.4
2019-08-31T15:53:21,34.4,176.0,223.0,0.5,12770.0,244.4
2019-08-31T15:53:52,34.4,197.8,246.1,0.4,12770.0,245.4
2019-08-31T15:54:23,34.4,227.4,232.4,0.7,12780.0,248.3
2019-08-31T15:54:54,34.4,231.5,237.2,0.6,12790.0,249.3
2019-08-31T15:55:25,34.4,210.8,234.8,0.7,12800.0,248.3
2019-08-31T15:55:56,34.5,214.4,235.4,0.7,12810.0,247.3
2019-08-31T15:56:28,34.5,193.7,234.8,0.7,12820.0,248.3
2019-08-31T15:56:59,34.5,203.7,238.4,0.7,12830.0,249.3
2019-08-31T15:57:30,34.5,225.0,237.2,0.7,12840.0,249.3
2019-08-31T15:58:01,34.6,230.9,237.2,0.7,12840.0,249.3
2019-08-31T15:58:32,34.6,217.9,236.6,0.7,12850.0,247.3
2019-08-31T15:59:03,34.7,236.8,236.0,0.6,12860.0,248.3
2019-08-31T15:59:34,34.7,235.1,236.0,0.6,12870.0,247.3
2019-08-31T16:00:05,34.7,223.2,234.8,0.6,12880.0,248.3
2019-08-31T16:00:36,34.7,228.0,233.6,0.6,12890.0,248.3
2019-08-31T16:01:08,34.8,228.0,227.7,0.6,12900.0,248.3
2019-08-31T16:01:39,34.8,235.6,235.4,0.6,12910.0,247.3
2019-08-31T16:02:10,34.8,216.2,232.4,0.6,12910.0,248.3
2019-08-31T16:02:41,34.8,212.6,233.0,0.7,12920.0,247.3
2019-08-31T16:03:12,34.8,232.7,237.2,0.6,12930.0,248.3
2019-08-31T16:03:43,34.8,219.7,234.2,0.6,12940.0,248.3
2019-08-31T16:04:14,34.8,204.3,234.2,0.6,12950.0,248.3
2019-08-31T16:04:45,34.8,217.9,233.0,0.7,12960.0,247.3
2019-08-31T16:05:16,34.8,204.9,233.0,0.6,12960.0,247.3
2019-08-31T16:05:47,34.8,223.2,233.6,0.6,12970.0,247.3
2019-08-31T16:06:19,34.8,217.9,226.5,0.6,12980.0,248.3
2019-08-31T16:06:50,34.8,207.9,227.7,0.7,12990.0,247.3
2019-08-31T16:07:21,34.8,229.7,229.5,0.5,13000.0,248.3
2019-08-31T16:07:52,34.8,228.0,231.9,0.6,13000.0,247.3
2019-08-31T16:08:23,34.8,212.6,233.6,0.7,13010.0,249.3
2019-08-31T16:08:54,34.9,209.1,234.8,0.7,13020.0,247.3
2019-08-31T16:09:25,34.9,229.7,235.4,0.6,13030.0,246.4
2019-08-31T16:09:56,34.9,220.9,231.9,0.6,13040.0,247.3
2019-08-31T16:10:27,34.9,205.5,230.7,0.7,13040.0,246.4
2019-08-31T16:10:58,34.9,228.0,234.2,0.6,13050.0,249.3
2019-08-31T16:11:30,34.9,228.0,237.2,0.6,13060.0,246.4
2019-08-31T16:12:01,34.9,225.6,224.2,0.7,13070.0,248.3
2019-08-31T16:12:32,34.9,220.9,244.9,0.7,13070.0,247.3
2019-08-31T16:13:03,34.8,218.5,233.0,0.7,13080.0,247.3
2019-08-31T16:13:34,34.8,223.2,233.0,0.6,13090.0,248.3
2019-08-31T16:14:05,34.8,218.5,228.3,0.7,13100.0,248.3
2019-08-31T16:14:36,34.8,226.8,228.3,0.6,13100.0,248.3
2019-08-31T16:15:07,34.8,223.2,231.9,0.6,13110.0,247.3
2019-08-31T16:15:38,34.8,224.4,237.2,0.6,13120.0,247.3
2019-08-31T16:16:09,34.8,227.4,237.8,0.7,13130.0,247.3
2019-08-31T16:16:41,34.8,221.5,233.0,0.7,13130.0,249.3
2019-08-31T16:17:12,34.8,230.3,227.7,0.6,13140.0,248.3
2019-08-31T16:17:43,34.8,226.2,227.1,0.7,13150.0,247.3
2019-08-31T16:18:14,34.8,233.9,228.9,0.6,13160.0,248.3
2019-08-31T16:18:45,34.9,215.6,227.1,0.7,13160.0,246.4
2019-08-31T16:19:16,34.9,226.2,232.4,0.6,13170.0,247.3
2019-08-31T16:19:47,34.9,223.2,230.1,0.6,13180.0,246.4
2019-08-31T16:20:18,34.9,230.9,228.9,0.6,13180.0,248.3
2019-08-31T16:20:53,34.9,229.7,235.4,0.6,13190.0,247.3
2019-08-31T16:21:25,34.9,217.9,241.3,0.6,13200.0,246.4
2019-08-31T16:21:56,34.9,196.1,212.3,0.6,13200.0,247.3
2019-08-31T16:22:27,34.9,210.8,235.4,0.6,13210.0,246.4
2019-08-31T16:22:58,34.9,220.3,228.3,0.6,13220.0,247.3
2019-08-31T16:23:29,34.9,220.3,232.4,0.5,13220.0,245.4
2019-08-31T16:24:00,34.9,222.7,230.1,0.5,13230.0,246.4
2019-08-31T16:24:31,34.9,205.5,247.2,0.5,13230.0,245.4
2019-08-31T16:25:02,34.9,187.8,220.0,0.6,13240.0,246.4
2019-08-31T16:25:33,34.9,209.7,241.3,0.6,13240.0,246.4
2019-08-31T16:26:05,35.0,216.2,237.2,0.6,13250.0,245.4
2019-08-31T16:26:36,35.0,200.8,230.7,0.7,13250.0,246.4
2019-08-31T16:27:07,35.0,223.2,234.2,0.6,13260.0,246.4
2019-08-31T16:27:38,35.0,225.6,237.2,0.5,13270.0,246.4
2019-08-31T16:28:09,35.0,203.2,252.6,0.7,13270.0,246.4
2019-08-31T16:28:40,35.0,203.7,229.5,0.7,13280.0,246.4
2019-08-31T16:29:11,35.0,225.0,231.9,0.6,13280.0,246.4
2019-08-31T16:29:42,35.0,224.4,227.7,0.6,13290.0,245.4
2019-08-31T16:30:13,35.0,204.3,228.9,0.6,13300.0,246.4
2019-08-31T16:30:44,35.0,199.0,234.8,0.6,13300.0,246.4
2019-08-31T16:31:19,35.0,222.7,238.4,0.7,13310.0,245.4
2019-08-31T16:31:50,35.0,223.2,226.5,0.6,13320.0,246.4
2019-08-31T16:32:21,35.0,209.1,233.6,0.7,13320.0,245.4
2019-08-31T16:32:52,35.0,229.7,233.0,0.6,13330.0,246.4
2019-08-31T16:33:23,35.0,227.4,228.3,0.6,13330.0,243.5
2019-08-31T16:33:54,35.0,216.7,231.3,0.7,13340.0,245.4
2019-08-31T16:34:25,35.0,233.9,234.2,0.6,13350.0,245.4
2019-08-31T16:34:56,35.0,225.0,231.9,0.5,13350.0,245.4
2019-08-31T16:35:27,35.0,221.5,242.5,0.5,13360.0,244.4
2019-08-31T16:35:59,35.0,225.6,234.2,0.6,13360.0,245.4
2019-08-31T16:36:30,35.0,204.3,222.4,0.6,13370.0,244.4
2019-08-31T16:37:01,35.0,220.9,230.1,0.6,13370.0,246.4
2019-08-31T16:37:32,35.0,228.6,236.6,0.5,13380.0,246.4
2019-08-31T16:38:03,35.2,230.3,237.8,0.5,13380.0,245.4
2019-08-31T16:38:34,35.2,228.0,233.6,0.5,13390.0,244.4
2019-08-31T16:39:05,35.2,224.4,238.4,0.5,13400.0,245.4
2019-08-31T16:39:36,35.2,228.0,229.5,0.5,13400.0,244.4
2019-08-31T16:40:07,35.2,230.3,228.3,0.6,13410.0,245.4
2019-08-31T16:40:40,35.3,217.3,234.2,0.5,13410.0,245.4
2019-08-31T16:41:11,35.3,223.2,234.8,0.5,13420.0,244.4
2019-08-31T16:41:42,35.3,225.0,231.9,0.5,13420.0,244.4
2019-08-31T16:42:13,35.2,204.3,231.9,0.5,13430.0,245.4
2019-08-31T16:42:44,35.2,194.3,235.4,0.6,13430.0,244.4
2019-08-31T16:43:15,35.2,207.3,237.2,0.5,13440.0,246.4
2019-08-31T16:43:46,35.2,191.9,228.9,0.6,13440.0,245.4
2019-08-31T16:44:17,35.2,202.0,237.8,0.6,13450.0,244.4
2019-08-31T16:44:48,35.2,181.3,239.0,0.6,13450.0,245.4
2019-08-31T16:45:19,35.0,196.1,231.9,0.5,13460.0,245.4
2019-08-31T16:45:52,35.0,211.4,233.6,0.5,13460.0,245.4
2019-08-31T16:46:23,35.0,194.3,234.8,0.6,13470.0,245.4
2019-08-31T16:46:54,35.0,183.1,233.0,0.6,13470.0,244.4
2019-08-31T16:47:25,35.0,191.9,231.9,0.7,13470.0,245.4
2019-08-31T16:47:56,35.0,171.3,234.2,0.7,13480.0,246.4
2019-08-31T16:48:27,34.9,150.0,233.0,0.9,13480.0,245.4
2019-08-31T16:48:58,34.9,161.8,241.3,0.9,13490.0,245.4
2019-08-31T16:49:29,34.9,147.6,231.3,1.0,13490.0,245.4
2019-08-31T16:50:00,34.9,151.8,228.9,0.8,13500.0,244.4
2019-08-31T16:50:32,34.9,171.3,228.9,0.8,13500.0,245.4
2019-08-31T16:51:04,34.9,157.7,237.8,0.7,13510.0,245.4
2019-08-31T16:51:35,34.9,178.3,236.0,0.6,13510.0,244.4
2019-08-31T16:52:06,34.8,201.4,225.9,0.6,13510.0,245.4
2019-08-31T16:52:37,34.8,212.6,239.5,0.6,13520.0,244.4
2019-08-31T16:53:08,34.8,189.0,237.2,0.6,13520.0,244.4
2019-08-31T16:53:39,34.8,194.3,237.2,0.7,13530.0,243.5
2019-08-31T16:54:10,34.8,180.1,237.2,0.6,13530.0,244.4
2019-08-31T16:54:41,34.8,177.8,228.9,0.7,13530.0,243.5
2019-08-31T16:55:12,34.8,177.2,230.7,0.7,13540.0,243.5
2019-08-31T16:55:44,34.8,161.8,239.5,0.7,13540.0,242.5
2019-08-31T16:56:18,34.7,170.7,237.2,0.7,13550.0,244.4
2019-08-31T16:56:49,34.7,184.8,230.1,0.6,13550.0,242.5
2019-08-31T16:57:20,34.7,165.9,234.8,0.7,13550.0,242.5
2019-08-31T16:57:51,34.7,183.7,239.5,0.6,13560.0,243.5
2019-08-31T16:58:22,34.7,169.5,231.3,0.6,13560.0,244.4
2019-08-31T16:58:53,34.7,190.8,228.9,0.5,13560.0,244.4
2019-08-31T16:59:24,34.7,179.5,231.9,0.6,13570.0,245.4
2019-08-31T16:59:55,34.6,163.0,244.9,0.7,13570.0,244.4
2019-08-31T17:00:26,34.6,165.9,231.3,0.6,13570.0,245.4
2019-08-31T17:00:58,34.6,144.7,224.8,0.7,13580.0,244.4
2019-08-31T17:01:33,34.6,119.3,237.2,1.1,13580.0,244.4
2019-08-31T17:02:04,34.6,125.8,227.7,1.0,13580.0,245.4
2019-08-31T17:02:35,34.6,131.7,234.2,1.1,13590.0,242.5
2019-08-31T17:03:06,34.5,128.7,234.2,1.0,13590.0,241.5
2019-08-31T17:03:37,34.5,140.5,237.2,1.1,13590.0,241.5
2019-08-31T17:04:08,34.5,134.0,234.2,1.0,13600.0,241.5
2019-08-31T17:04:39,34.5,131.1,213.5,1.0,13600.0,242.5
2019-08-31T17:05:10,34.5,142.9,227.7,1.0,13600.0,241.5
2019-08-31T17:05:41,34.4,145.3,235.4,0.9,13610.0,240.6
2019-08-31T17:06:16,34.4,129.3,231.3,0.9,13610.0,240.6
2019-08-31T17:06:47,34.4,152.9,228.9,0.9,13610.0,240.6
2019-08-31T17:07:18,34.2,163.6,236.0,0.7,13610.0,240.6
2019-08-31T17:07:49,34.4,170.7,224.2,0.7,13620.0,242.5
2019-08-31T17:08:20,34.2,187.2,231.9,0.7,13620.0,239.6
2019-08-31T17:08:51,34.2,205.5,234.2,0.6,13620.0,240.6
2019-08-31T17:09:22,34.2,202.0,232.4,0.6,13630.0,239.6
2019-08-31T17:09:53,34.2,208.5,234.2,0.5,13630.0,240.6
2019-08-31T17:10:24,34.1,190.8,238.4,0.6,13630.0,240.6
2019-08-31T17:10:55,34.1,173.0,225.9,0.7,13630.0,240.6
2019-08-31T17:11:28,34.1,176.0,237.2,0.7,13640.0,239.6
2019-08-31T17:11:59,34.1,181.3,236.0,0.7,13640.0,240.6
2019-08-31T17:12:30,34.1,165.9,227.1,0.7,13640.0,241.5
2019-08-31T17:13:01,34.1,185.4,221.2,0.7,13640.0,241.5
2019-08-31T17:13:32,34.0,180.7,235.4,0.7,13650.0,239.6
2019-08-31T17:14:03,34.0,174.8,225.4,0.6,13650.0,242.5
2019-08-31T17:14:34,34.0,166.5,233.0,0.7,13650.0,240.6
2019-08-31T17:15:05,33.9,183.1,228.9,0.7,13650.0,240.6
2019-08-31T17:15:37,33.9,175.4,225.9,0.6,13650.0,241.5
2019-08-31T17:16:08,33.9,196.1,228.9,0.5,13660.0,239.6
2019-08-31T17:16:39,33.9,186.6,215.3,0.6,13660.0,239.6
2019-08-31T17:17:10,33.9,178.9,232.4,0.5,13660.0,239.6
2019-08-31T17:17:41,33.9,199.6,221.2,0.5,13660.0,241.5
2019-08-31T17:18:12,33.8,205.5,227.1,0.4,13660.0,240.6
2019-08-31T17:18:43,33.8,186.6,211.7,0.5,13660.0,240.6
2019-08-31T17:19:14,33.8,178.9,218.8,0.5,13670.0,240.6
2019-08-31T17:19:45,33.8,187.2,239.0,0.4,13670.0,240.6
2019-08-31T17:20:16,33.7,184.3,220.0,0.4,13670.0,239.6
2019-08-31T17:20:47,33.7,178.9,224.2,0.4,13670.0,241.5
2019-08-31T17:21:19,33.7,178.3,228.9,0.3,13670.0,239.6
2019-08-31T17:21:50,33.7,185.4,228.3,0.2,13670.0,240.6
2019-08-31T17:22:21,33.5,196.1,228.3,0.2,13670.0,239.6
2019-08-31T17:22:52,33.5,194.3,217.1,0.2,13670.0,241.5
2019-08-31T17:23:23,33.5,176.0,215.9,0.2,13670.0,239.6
2019-08-31T17:23:54,33.4,154.1,227.7,0.2,13670.0,240.6
2019-08-31T17:24:25,33.4,176.0,207.6,0.2,13670.0,239.6
2019-08-31T17:24:56,33.4,196.1,186.9,0.2,13670.0,240.6
2019-08-31T17:25:27,33.4,204.3,166.2,0.1,13680.0,239.6
2019-08-31T17:25:58,33.3,182.5,182.8,0.1,13680.0,239.6
2019-08-31T17:26:30,33.3,173.0,204.1,0.1,13680.0,238.6
2019-08-31T17:27:01,33.3,190.2,221.8,0.1,13680.0,239.6
2019-08-31T17:27:32,33.2,174.2,219.4,0.0,13680.0,239.6
2019-08-31T17:28:03,33.2,156.5,201.1,0.1,13680.0,240.6
2019-08-31T17:28:34,33.2,165.4,179.8,0.1,13680.0,239.6
2019-08-31T17:29:05,33.1,186.0,160.9,0.0,13680.0,239.6
2019-08-31T17:29:36,33.1,204.3,137.8,0.0,13680.0,239.6
2019-08-31T17:30:07,33.1,186.6,154.9,0.0,13680.0,238.6
2019-08-31T17:30:38,33.0,162.4,178.6,0.1,13680.0,239.6
2019-08-31T17:31:10,33.0,142.9,197.0,0.0,13680.0,240.6
2019-08-31T17:31:41,32.9,138.2,218.8,0.0,13680.0,240.6
2019-08-31T17:32:12,32.9,156.5,231.3,0.1,13680.0,240.6
2019-08-31T17:32:43,32.7,179.5,209.4,0.1,13680.0,240.6
2019-08-31T17:33:14,32.7,197.3,190.4,0.0,13680.0,240.6
2019-08-31T17:33:45,32.6,201.4,168.6,0.0,13680.0,239.6
2019-08-31T17:34:16,32.5,188.4,146.7,0.0,13680.0,239.6
2019-08-31T17:34:47,32.6,164.2,163.2,0.1,13680.0,240.6
2019-08-31T17:35:18,32.5,144.7,185.1,0.0,13680.0,238.6
2019-08-31T17:35:49,32.4,123.4,208.8,0.0,13680.0,238.6
2019-08-31T17:36:21,32.4,103.9,223.6,0.0,13680.0,238.6
2019-08-31T17:36:52,32.3,194.3,222.4,0.0,13680.0,238.6
2019-08-31T17:37:23,32.3,192.5,209.4,0.0,13680.0,238.6
2019-08-31T17:37:54,32.2,191.3,204.6,0.0,13680.0,238.6
2019-08-31T17:38:25,32.2,190.2,198.7,0.0,13680.0,239.6
2019-08-31T17:38:56,32.0,187.2,196.4,0.0,13680.0,239.6
2019-08-31T17:39:27,32.0,108.1,192.2,0.0,13680.0,238.6
2019-08-31T17:39:58,32.0,179.5,179.8,0.0,13680.0,239.6
2019-08-31T17:40:29,31.9,173.6,173.9,0.0,13680.0,238.6
2019-08-31T17:41:00,31.9,164.2,165.0,0.0,13680.0,239.6
2019-08-31T17:41:31,31.8,117.5,153.8,0.0,13680.0,240.6
2019-08-31T17:42:02,31.8,127.5,127.7,0.0,13680.0,239.6
