2018-07-17T06:55:28,4.5,199.6,165.0,0.1,0.0,237.7
2018-07-17T06:56:05,4.1,222.7,189.3,0.2,0.0,237.7
2018-07-17T06:56:36,4.1,211.4,211.2,0.1,0.0,237.7
2018-07-17T06:57:07,4.1,190.2,228.9,0.2,0.0,237.7
2018-07-17T06:57:38,4.5,173.6,254.3,0.2,0.0,236.7
2018-07-17T06:58:09,4.1,195.5,237.2,0.2,0.0,237.7
2018-07-17T06:58:40,4.5,216.2,212.9,0.2,0.0,235.7
2018-07-17T06:59:11,4.5,217.9,192.2,0.1,0.0,234.8
2018-07-17T06:59:42,4.5,197.3,172.7,0.2,0.0,235.7
2018-07-17T07:00:13,4.1,176.0,152.0,0.2,0.0,235.7
2018-07-17T07:00:44,4.5,154.1,163.8,0.2,0.0,236.7
2018-07-17T07:01:16,4.5,168.3,185.7,0.2,0.0,235.7
2018-07-17T07:01:47,4.5,190.2,207.0,0.2,0.0,236.7
2018-07-17T07:02:18,4.5,212.6,228.3,0.2,0.0,237.7
2018-07-17T07:02:49,4.5,226.2,250.8,0.1,0.0,236.7
2018-07-17T07:03:20,4.5,203.7,242.5,0.2,0.0,236.7
2018-07-17T07:03:51,4.8,183.7,223.6,0.2,0.0,236.7
2018-07-17T07:04:22,4.8,161.8,202.3,0.2,0.0,237.7
2018-07-17T07:04:53,4.8,167.7,181.0,0.2,0.0,236.7
2018-07-17T07:05:24,4.8,191.3,177.4,0.2,0.0,236.7
2018-07-17T07:05:55,4.8,212.0,199.3,0.2,0.0,237.7
2018-07-17T07:06:27,4.8,228.6,220.6,0.2,0.0,239.6
2018-07-17T07:06:58,4.8,205.5,241.3,0.2,0.0,238.6
2018-07-17T07:07:29,4.8,184.8,250.8,0.2,0.0,239.6
2018-07-17T07:08:00,4.8,200.2,228.9,0.3,10.0,240.6
2018-07-17T07:08:31,5.2,216.2,221.2,0.2,10.0,240.6
2018-07-17T07:09:02,5.2,196.1,241.3,0.3,10.0,239.6
2018-07-17T07:09:33,5.2,213.2,260.8,0.2,10.0,241.5
2018-07-17T07:10:04,5.2,226.2,236.6,0.2,10.0,240.6
2018-07-17T07:10:35,5.2,203.2,214.7,0.2,10.0,240.6
2018-07-17T07:11:06,5.2,196.7,194.6,0.3,10.0,239.6
2018-07-17T07:11:37,5.2,217.9,215.9,0.2,10.0,239.6
2018-07-17T07:12:08,5.2,218.5,237.2,0.2,10.0,238.6
2018-07-17T07:12:39,5.2,198.4,256.7,0.3,10.0,239.6
2018-07-17T07:13:10,5.2,177.8,236.6,0.2,10.0,238.6
2018-07-17T07:13:41,5.6,190.2,216.5,0.3,10.0,237.7
2018-07-17T07:14:13,5.6,210.8,195.8,0.2,10.0,236.7
2018-07-17T07:14:44,5.6,231.5,178.0,0.2,10.0,236.7
2018-07-17T07:15:15,5.6,207.9,199.3,0.2,10.0,238.6
2018-07-17T07:15:46,5.6,197.3,221.2,0.3,10.0,238.6
2018-07-17T07:16:17,5.6,219.1,242.5,0.3,10.0,238.6
2018-07-17T07:16:48,5.6,215.6,250.2,0.3,10.0,238.6
2018-07-17T07:17:19,5.6,194.3,228.3,0.3,20.0,239.6
2018-07-17T07:17:50,5.6,203.2,207.6,0.3,20.0,238.6
2018-07-17T07:18:21,5.6,223.2,195.8,0.3,20.0,238.6
2018-07-17T07:18:52,5.9,215.0,218.3,0.3,20.0,239.6
2018-07-17T07:19:23,5.6,193.1,239.5,0.3,20.0,238.6
2018-07-17T07:19:54,5.9,186.0,259.1,0.3,20.0,237.7
2018-07-17T07:20:25,5.6,209.1,237.8,0.3,20.0,239.6
2018-07-17T07:20:57,5.9,228.6,216.5,0.2,20.0,240.6
2018-07-17T07:21:28,5.9,212.0,195.8,0.3,20.0,236.7
2018-07-17T07:21:59,5.9,191.3,189.9,0.3,20.0,239.6
2018-07-17T07:22:30,5.9,178.9,211.7,0.3,20.0,238.6
2018-07-17T07:23:01,5.9,200.2,231.9,0.3,20.0,238.6
2018-07-17T07:23:32,5.9,222.7,253.2,0.3,20.0,239.6
2018-07-17T07:24:03,5.9,213.8,237.2,0.3,20.0,238.6
2018-07-17T07:24:34,5.9,194.3,216.5,0.3,20.0,240.6
2018-07-17T07:25:05,5.9,209.1,195.2,0.3,30.0,238.6
2018-07-17T07:25:37,5.9,229.2,211.7,0.2,30.0,238.6
2018-07-17T07:26:08,5.9,210.8,233.6,0.3,30.0,238.6
2018-07-17T07:26:39,5.9,189.6,253.7,0.3,30.0,240.6
2018-07-17T07:27:10,5.9,197.3,242.5,0.3,30.0,239.6
2018-07-17T07:27:41,5.9,218.5,221.2,0.3,30.0,239.6
2018-07-17T07:28:12,5.9,224.4,199.9,0.3,30.0,239.6
2018-07-17T07:28:43,5.9,203.7,194.0,0.3,30.0,240.6
2018-07-17T07:29:14,5.9,182.5,215.9,0.3,30.0,241.5
2018-07-17T07:29:45,5.9,200.2,237.2,0.3,30.0,241.5
2018-07-17T07:30:40,6.3,219.7,239.5,0.3,30.0,240.6
2018-07-17T07:31:12,6.3,199.0,217.7,0.3,30.0,242.5
2018-07-17T07:31:43,6.3,194.9,197.5,0.4,40.0,242.5
2018-07-17T07:32:14,6.3,218.5,216.5,0.3,40.0,242.5
2018-07-17T07:32:45,6.3,224.4,237.2,0.3,40.0,241.5
2018-07-17T07:33:16,6.3,204.3,257.9,0.3,40.0,241.5
2018-07-17T07:33:47,6.3,226.2,241.9,0.3,40.0,242.5
2018-07-17T07:34:18,6.3,213.2,221.8,0.3,40.0,239.6
2018-07-17T07:34:49,6.3,192.5,211.2,0.4,40.0,239.6
2018-07-17T07:35:20,6.7,194.3,234.2,0.4,40.0,239.6
2018-07-17T07:35:51,6.3,216.2,254.3,0.4,40.0,239.6
2018-07-17T07:36:22,6.3,222.7,246.1,0.4,40.0,241.5
2018-07-17T07:36:53,6.3,202.0,224.2,0.4,40.0,241.5
2018-07-17T07:37:24,6.7,185.4,218.3,0.4,40.0,241.5
2018-07-17T07:37:55,6.7,207.3,241.3,0.4,50.0,242.5
2018-07-17T07:38:26,6.7,228.6,260.3,0.3,50.0,244.4
2018-07-17T07:38:57,6.7,209.7,240.1,0.4,50.0,244.4
2018-07-17T07:39:28,6.7,189.6,219.4,0.4,50.0,242.5
2018-07-17T07:39:59,6.7,204.3,218.3,0.4,50.0,243.5
2018-07-17T07:40:30,6.7,225.6,240.7,0.4,50.0,243.5
2018-07-17T07:41:02,6.7,212.0,255.5,0.4,50.0,243.5
2018-07-17T07:41:33,6.7,190.8,233.0,0.4,50.0,243.5
2018-07-17T07:42:04,7.0,204.3,213.5,0.5,50.0,243.5
2018-07-17T07:42:35,6.7,193.7,221.2,0.5,50.0,244.4
2018-07-17T07:43:06,6.7,187.8,242.5,0.5,60.0,243.5
2018-07-17T07:43:37,7.0,210.2,263.2,0.4,60.0,243.5
2018-07-17T07:44:08,7.0,229.7,241.9,0.4,60.0,244.4
2018-07-17T07:44:39,7.0,206.7,221.2,0.5,60.0,244.4
2018-07-17T07:45:10,7.0,194.3,199.9,0.5,60.0,245.4
2018-07-17T07:45:42,7.0,216.2,214.7,0.5,60.0,245.4
2018-07-17T07:46:13,7.0,220.9,237.2,0.5,60.0,244.4
2018-07-17T07:47:08,7.0,196.7,252.0,0.5,70.0,244.4
2018-07-17T07:47:39,7.4,218.5,230.7,0.5,70.0,244.4
2018-07-17T07:48:10,7.4,225.0,210.6,0.5,70.0,244.4
2018-07-17T07:48:41,7.4,203.2,230.1,0.5,70.0,244.4
2018-07-17T07:49:12,7.4,187.2,251.4,0.6,70.0,245.4
2018-07-17T07:49:43,7.4,209.7,255.5,0.5,70.0,245.4
2018-07-17T07:50:14,7.4,230.3,233.6,0.5,70.0,245.4
2018-07-17T07:50:46,7.8,208.5,223.6,0.6,80.0,244.4
2018-07-17T07:51:17,7.8,197.3,246.6,0.6,80.0,244.4
2018-07-17T07:51:48,7.8,219.7,260.8,0.6,80.0,245.4
2018-07-17T07:52:19,7.8,216.2,261.4,0.5,80.0,244.4
2018-07-17T07:52:50,7.8,197.8,243.1,0.6,80.0,245.4
2018-07-17T07:53:21,7.8,218.5,223.6,0.6,80.0,244.4
2018-07-17T07:53:52,7.8,220.9,237.2,0.6,90.0,245.4
2018-07-17T07:54:23,7.8,200.2,258.5,0.6,90.0,245.4
2018-07-17T07:54:54,8.1,201.4,249.6,0.6,90.0,246.4
2018-07-17T07:55:25,8.1,223.8,228.3,0.7,90.0,244.4
2018-07-17T07:55:56,8.1,214.4,211.7,0.6,90.0,246.4
2018-07-17T07:56:28,8.1,203.2,234.2,0.7,100.0,245.4
2018-07-17T07:56:59,8.1,226.2,256.7,0.7,100.0,246.4
2018-07-17T07:57:30,8.1,215.6,252.0,0.7,100.0,243.5
2018-07-17T07:58:01,8.1,194.3,231.3,0.7,100.0,243.5
2018-07-17T07:58:32,8.1,215.6,235.4,0.7,100.0,242.5
2018-07-17T07:59:03,8.5,225.6,256.7,0.7,110.0,244.4
2018-07-17T07:59:34,8.5,203.2,252.0,0.8,110.0,242.5
2018-07-17T08:00:05,8.5,226.2,230.7,0.7,110.0,242.5
2018-07-17T08:00:36,8.5,209.7,221.2,0.7,110.0,242.5
2018-07-17T08:01:08,8.5,226.2,244.3,0.7,110.0,242.5
2018-07-17T08:01:39,8.5,213.2,257.9,0.8,120.0,243.5
2018-07-17T08:02:10,8.5,222.7,236.6,0.7,120.0,242.5
2018-07-17T08:02:41,8.9,217.3,235.4,0.8,120.0,241.5
2018-07-17T08:03:12,8.9,219.7,258.5,0.8,120.0,242.5
2018-07-17T08:03:43,8.9,220.9,244.9,0.8,130.0,243.5
2018-07-17T08:04:14,8.9,216.2,230.7,0.9,130.0,243.5
2018-07-17T08:04:45,8.9,225.6,253.7,0.9,130.0,245.4
2018-07-17T08:05:16,8.9,209.7,253.2,0.9,130.0,246.4
2018-07-17T08:05:47,9.2,230.3,231.9,0.8,140.0,246.4
2018-07-17T08:06:19,9.2,206.7,255.5,0.9,140.0,246.4
2018-07-17T08:06:50,9.2,228.0,249.6,0.9,140.0,247.3
2018-07-17T08:07:21,9.2,209.7,228.3,1.0,150.0,246.4
2018-07-17T08:07:52,9.6,220.3,249.0,0.9,150.0,247.3
2018-07-17T08:08:23,9.6,218.5,254.9,1.0,150.0,248.3
2018-07-17T08:08:54,9.6,223.2,233.6,1.0,150.0,248.3
2018-07-17T08:09:25,9.6,215.0,250.8,1.0,160.0,247.3
2018-07-17T08:09:56,9.6,214.4,254.3,1.0,160.0,248.3
2018-07-17T08:10:27,9.6,225.6,234.2,1.0,160.0,248.3
2018-07-17T08:10:58,9.6,217.9,251.4,1.0,170.0,247.3
2018-07-17T08:11:29,10.0,222.7,254.3,1.0,170.0,248.3
2018-07-17T08:12:00,10.0,225.6,237.2,1.0,170.0,248.3
2018-07-17T08:12:31,10.0,212.0,259.7,1.1,180.0,247.3
2018-07-17T08:13:02,10.0,225.0,243.7,1.0,180.0,248.3
2018-07-17T08:13:33,10.0,211.4,255.5,1.1,180.0,247.3
2018-07-17T08:14:04,10.3,229.2,248.4,1.0,190.0,247.3
2018-07-17T08:14:35,10.3,209.7,241.9,1.1,190.0,248.3
2018-07-17T08:15:06,10.3,226.2,264.4,1.1,190.0,247.3
2018-07-17T08:15:38,10.3,214.4,240.7,1.1,200.0,248.3
2018-07-17T08:16:09,10.3,218.5,249.6,1.1,200.0,247.3
2018-07-17T08:16:40,10.7,225.6,254.3,1.1,210.0,246.4
2018-07-17T08:17:11,10.7,216.2,254.3,1.2,210.0,245.4
2018-07-17T08:17:42,10.7,218.5,249.6,1.2,210.0,246.4
2018-07-17T08:18:13,10.7,222.7,247.2,1.2,220.0,244.4
2018-07-17T08:18:44,11.1,216.7,255.5,1.2,220.0,245.4
2018-07-17T08:19:15,10.7,225.6,238.4,1.2,230.0,245.4
2018-07-17T08:19:46,11.1,217.9,260.3,1.2,230.0,245.4
2018-07-17T08:20:17,11.1,219.7,247.8,1.3,230.0,245.4
2018-07-17T08:20:49,11.1,225.6,256.7,1.2,240.0,246.4
2018-07-17T08:21:20,11.1,211.4,256.7,1.3,240.0,246.4
2018-07-17T08:21:51,11.1,228.0,244.9,1.2,250.0,247.3
2018-07-17T08:22:22,11.4,218.5,256.1,1.3,250.0,246.4
2018-07-17T08:23:17,11.4,225.6,249.6,1.3,260.0,246.4
2018-07-17T08:23:48,11.4,219.1,258.5,1.4,260.0,246.4
2018-07-17T08:24:19,11.4,227.4,245.5,1.3,270.0,245.4
2018-07-17T08:24:50,11.4,227.4,251.4,1.3,270.0,244.4
2018-07-17T08:25:21,11.8,221.5,255.5,1.4,280.0,245.4
2018-07-17T08:25:53,11.8,216.7,246.1,1.4,280.0,245.4
2018-07-17T08:26:24,11.8,227.4,248.4,1.4,290.0,245.4
2018-07-17T08:26:55,11.8,227.4,258.5,1.4,290.0,245.4
2018-07-17T08:27:26,12.1,221.5,249.6,1.5,300.0,248.3
2018-07-17T08:27:57,11.8,217.3,247.2,1.5,300.0,246.4
2018-07-17T08:28:28,11.8,227.4,259.7,1.4,310.0,247.3
2018-07-17T08:28:59,11.8,220.9,246.6,1.5,310.0,247.3
2018-07-17T08:29:30,12.1,217.3,256.1,1.5,320.0,248.3
2018-07-17T08:30:01,12.1,228.0,253.2,1.5,320.0,248.3
2018-07-17T08:30:33,12.1,227.4,252.0,1.5,330.0,249.3
2018-07-17T08:31:04,12.1,218.5,249.6,1.6,330.0,248.3
2018-07-17T08:31:35,12.1,218.5,256.7,1.5,340.0,248.3
2018-07-17T08:32:06,12.5,223.2,240.1,1.6,340.0,249.3
2018-07-17T08:32:37,12.5,227.4,249.6,1.4,350.0,247.3
2018-07-17T08:33:08,12.5,221.5,249.6,1.6,360.0,247.3
2018-07-17T08:33:39,12.5,227.4,249.6,1.6,360.0,246.4
2018-07-17T08:34:10,12.9,220.9,246.6,1.7,370.0,246.4
2018-07-17T08:34:41,12.9,220.9,249.6,1.7,370.0,246.4
2018-07-17T08:35:12,12.5,213.2,246.6,1.8,380.0,247.3
2018-07-17T08:35:43,12.9,218.5,256.7,1.8,380.0,248.3
2018-07-17T08:36:15,12.9,220.9,243.7,1.7,390.0,248.3
2018-07-17T08:36:46,12.9,225.6,251.4,1.7,400.0,246.4
2018-07-17T08:37:17,12.9,225.6,253.2,1.8,400.0,246.4
2018-07-17T08:37:48,12.9,220.9,240.7,1.8,410.0,245.4
2018-07-17T08:38:19,13.2,220.9,253.7,1.7,410.0,246.4
2018-07-17T08:38:50,13.2,213.8,256.7,1.8,420.0,245.4
2018-07-17T08:39:21,13.6,215.6,247.8,1.8,430.0,246.4
2018-07-17T08:39:52,13.6,216.7,247.2,1.9,430.0,246.4
2018-07-17T08:40:47,13.6,225.6,248.4,1.7,440.0,246.4
2018-07-17T08:41:18,13.6,224.4,245.5,1.9,450.0,245.4
2018-07-17T08:41:49,13.6,223.2,248.4,1.9,460.0,246.4
2018-07-17T08:42:20,13.6,227.4,244.9,1.8,460.0,246.4
2018-07-17T08:42:51,13.6,217.9,256.1,1.9,470.0,245.4
2018-07-17T08:43:22,13.6,222.7,248.4,2.0,480.0,246.4
2018-07-17T08:43:53,13.6,216.7,247.8,1.9,480.0,246.4
2018-07-17T08:44:24,13.6,215.0,254.3,2.0,490.0,248.3
2018-07-17T08:44:55,14.0,219.1,250.8,2.0,500.0,246.4
2018-07-17T08:45:26,14.0,220.9,241.3,2.0,510.0,246.4
2018-07-17T08:45:58,14.0,216.2,247.2,2.0,510.0,247.3
2018-07-17T08:46:29,14.0,217.9,252.6,2.0,520.0,247.3
2018-07-17T08:47:00,14.0,219.1,256.7,2.0,530.0,249.3
2018-07-17T08:47:31,14.0,219.1,250.8,2.0,530.0,247.3
2018-07-17T08:48:02,14.0,217.9,250.2,2.1,540.0,247.3
2018-07-17T08:48:33,14.3,219.7,253.2,2.1,550.0,249.3
2018-07-17T08:49:04,14.3,218.5,248.4,2.1,560.0,246.4
2018-07-17T08:49:35,14.3,218.5,241.9,2.1,560.0,249.3
2018-07-17T08:50:06,14.3,220.3,251.4,2.1,570.0,248.3
2018-07-17T08:50:38,14.3,219.1,253.2,2.1,580.0,247.3
2018-07-17T08:51:09,14.7,223.8,248.4,2.0,590.0,246.4
2018-07-17T08:51:40,14.7,217.3,243.7,2.1,590.0,247.3
2018-07-17T08:52:11,15.1,224.4,247.8,2.2,600.0,246.4
2018-07-17T08:52:42,15.1,225.6,253.7,2.2,610.0,246.4
2018-07-17T08:53:13,15.1,223.8,251.4,2.1,620.0,244.4
2018-07-17T08:53:44,15.4,222.1,249.6,2.2,630.0,246.4
2018-07-17T08:54:15,15.4,214.4,239.5,2.3,630.0,246.4
2018-07-17T08:54:46,15.4,216.7,250.2,2.2,640.0,246.4
2018-07-17T08:55:17,15.4,220.3,254.3,2.2,650.0,246.4
2018-07-17T08:55:49,15.8,219.7,250.2,2.3,660.0,246.4
2018-07-17T08:56:20,15.8,215.0,249.6,2.3,670.0,247.3
2018-07-17T08:56:51,16.2,214.4,247.2,2.3,670.0,248.3
2018-07-17T08:57:22,16.2,213.2,240.1,2.4,680.0,247.3
2018-07-17T08:57:53,16.5,216.7,241.9,2.5,690.0,247.3
2018-07-17T08:58:24,16.5,223.2,254.3,2.4,700.0,246.4
2018-07-17T08:58:55,16.5,219.7,243.7,2.4,710.0,245.4
2018-07-17T08:59:26,16.9,215.6,239.0,2.5,720.0,244.4
2018-07-17T08:59:57,16.9,215.6,245.5,2.4,730.0,244.4
2018-07-17T09:00:28,17.3,217.3,253.7,2.4,730.0,245.4
2018-07-17T09:00:59,17.3,222.7,247.8,2.3,740.0,244.4
2018-07-17T09:01:31,17.3,215.6,239.5,2.4,750.0,247.3
2018-07-17T09:02:02,17.6,218.5,248.4,2.5,760.0,245.4
2018-07-17T09:02:33,17.6,223.2,241.3,2.4,770.0,244.4
2018-07-17T09:03:04,17.6,222.1,246.6,2.4,780.0,246.4
2018-07-17T09:03:35,18.0,219.1,247.2,2.5,790.0,246.4
2018-07-17T09:04:06,18.4,215.6,249.6,2.6,800.0,248.3
2018-07-17T09:04:37,18.4,219.7,246.6,2.5,810.0,245.4
2018-07-17T09:05:08,18.4,221.5,246.1,2.6,820.0,245.4
2018-07-17T09:05:39,18.7,213.2,250.2,2.7,820.0,246.4
2018-07-17T09:06:11,18.7,216.7,244.3,2.7,830.0,246.4
2018-07-17T09:06:42,18.7,220.9,238.4,2.6,840.0,244.4
2018-07-17T09:07:13,18.7,214.4,249.0,2.7,850.0,244.4
2018-07-17T09:07:44,19.1,221.5,244.9,2.6,860.0,247.3
2018-07-17T09:08:15,19.1,216.2,236.6,2.8,870.0,244.4
2018-07-17T09:08:46,19.1,219.1,246.6,2.7,880.0,245.4
2018-07-17T09:09:17,19.1,214.4,250.2,2.7,890.0,245.4
2018-07-17T09:09:48,19.5,217.9,246.6,2.7,900.0,245.4
2018-07-17T09:10:19,19.5,219.7,237.8,2.7,910.0,247.3
2018-07-17T09:10:50,19.5,213.8,237.8,2.7,920.0,247.3
2018-07-17T09:11:22,19.8,219.1,244.9,2.8,930.0,247.3
2018-07-17T09:11:53,19.8,220.3,245.5,2.7,940.0,247.3
2018-07-17T09:12:24,19.8,212.6,240.7,2.8,950.0,247.3
2018-07-17T09:12:55,20.2,217.3,239.5,2.8,960.0,247.3
2018-07-17T09:13:26,20.2,219.7,247.2,2.9,970.0,246.4
2018-07-17T09:13:57,20.2,215.6,245.5,2.8,980.0,247.3
2018-07-17T09:14:28,20.6,212.6,235.4,3.0,990.0,247.3
2018-07-17T09:14:59,20.6,216.7,241.9,3.0,1000.0,246.4
2018-07-17T09:15:30,20.6,213.2,245.5,3.0,1010.0,247.3
2018-07-17T09:16:01,20.6,219.7,244.9,2.9,1020.0,247.3
2018-07-17T09:16:32,20.9,214.4,240.7,3.0,1030.0,246.4
2018-07-17T09:17:03,20.9,216.7,240.1,2.9,1040.0,248.3
2018-07-17T09:17:34,21.3,217.9,247.8,3.0,1050.0,248.3
2018-07-17T09:18:05,21.3,220.3,244.3,2.8,1060.0,248.3
2018-07-17T09:18:36,21.7,219.1,240.1,3.0,1080.0,249.3
2018-07-17T09:19:07,21.3,219.7,244.9,2.9,1090.0,247.3
2018-07-17T09:19:38,20.9,215.6,244.3,3.1,1100.0,249.3
2018-07-17T09:20:09,20.9,213.2,236.6,3.1,1110.0,250.2
2018-07-17T09:20:41,21.3,217.3,238.4,3.1,1120.0,249.3
2018-07-17T09:21:12,21.3,215.6,237.2,3.0,1130.0,249.3
2018-07-17T09:21:43,21.7,216.7,237.2,3.1,1140.0,249.3
2018-07-17T09:22:14,22.0,214.4,243.1,3.2,1150.0,250.2
2018-07-17T09:22:45,21.7,213.2,246.6,3.2,1160.0,250.2
2018-07-17T09:23:16,21.7,211.4,243.1,3.1,1170.0,250.2
2018-07-17T09:23:47,21.7,219.1,231.3,3.2,1190.0,250.2
2018-07-17T09:24:18,21.7,219.7,240.7,3.2,1200.0,251.2
2018-07-17T09:24:49,22.0,212.6,244.3,3.3,1210.0,252.2
2018-07-17T09:25:20,22.0,217.3,247.8,3.2,1220.0,251.2
2018-07-17T09:25:51,22.4,210.8,238.4,3.3,1230.0,251.2
2018-07-17T09:26:23,22.4,216.7,236.0,3.2,1240.0,250.2
2018-07-17T09:26:54,22.4,214.4,237.8,3.3,1250.0,248.3
2018-07-17T09:27:25,22.8,212.0,240.7,3.3,1270.0,248.3
2018-07-17T09:27:56,22.8,213.2,246.6,3.3,1280.0,251.2
2018-07-17T09:28:27,22.8,217.3,241.3,3.3,1290.0,249.3
2018-07-17T09:28:58,23.1,210.2,236.6,3.4,1300.0,250.2
2018-07-17T09:29:29,23.1,213.8,234.2,3.3,1310.0,249.3
2018-07-17T09:30:00,23.1,211.4,241.9,3.4,1320.0,249.3
2018-07-17T09:30:31,23.1,214.4,234.2,3.3,1340.0,249.3
2018-07-17T09:31:03,23.1,209.7,235.4,3.5,1350.0,249.3
2018-07-17T09:31:34,23.1,215.6,241.9,3.4,1360.0,250.2
2018-07-17T09:32:05,23.5,210.2,247.2,3.4,1370.0,250.2
2018-07-17T09:32:36,23.5,217.3,240.7,3.4,1390.0,249.3
2018-07-17T09:33:07,23.9,213.2,234.8,3.6,1400.0,249.3
2018-07-17T09:33:38,23.9,217.3,244.3,3.4,1410.0,251.2
2018-07-17T09:34:09,23.9,212.6,240.7,3.5,1420.0,249.3
2018-07-17T09:34:40,24.2,213.8,233.0,3.6,1430.0,250.2
2018-07-17T09:35:11,24.2,216.2,237.2,3.4,1450.0,248.3
2018-07-17T09:35:42,24.2,210.2,233.6,3.5,1460.0,250.2
2018-07-17T09:36:14,24.2,215.6,244.3,3.5,1470.0,249.3
2018-07-17T09:36:45,24.2,210.8,244.3,3.7,1480.0,249.3
2018-07-17T09:37:16,24.6,211.4,243.1,3.6,1500.0,249.3
2018-07-17T09:37:47,25.0,211.4,240.1,3.6,1510.0,251.2
2018-07-17T09:38:18,25.0,215.6,245.5,3.6,1520.0,249.3
2018-07-17T09:38:49,25.3,215.6,238.4,3.5,1530.0,250.2
2018-07-17T09:39:20,25.0,208.5,236.0,3.7,1550.0,249.3
2018-07-17T09:39:51,25.3,215.0,230.1,3.6,1560.0,250.2
2018-07-17T09:40:22,25.3,209.1,233.0,3.7,1570.0,250.2
2018-07-17T09:40:53,25.3,208.5,236.6,3.7,1590.0,250.2
2018-07-17T09:41:25,25.7,216.2,237.8,3.7,1600.0,249.3
2018-07-17T09:41:56,25.7,210.2,243.1,3.8,1610.0,250.2
2018-07-17T09:42:27,25.7,209.1,240.7,3.8,1630.0,251.2
2018-07-17T09:42:58,26.1,213.8,232.4,3.7,1640.0,250.2
2018-07-17T09:43:29,25.7,213.8,234.2,3.8,1650.0,250.2
2018-07-17T09:44:00,25.7,209.1,241.3,3.8,1670.0,249.3
2018-07-17T09:44:31,25.7,208.5,243.7,3.8,1680.0,249.3
2018-07-17T09:45:02,25.7,215.0,237.2,3.7,1690.0,250.2
2018-07-17T09:45:33,25.7,215.6,230.1,3.8,1710.0,250.2
2018-07-17T09:46:05,26.1,209.1,237.2,4.0,1720.0,252.2
2018-07-17T09:46:36,26.4,210.8,235.4,3.9,1730.0,249.3
2018-07-17T09:47:07,26.1,215.6,235.4,3.8,1750.0,249.3
2018-07-17T09:47:38,26.4,213.8,230.1,3.9,1760.0,247.3
2018-07-17T09:48:09,26.4,206.7,232.4,3.9,1770.0,246.4
2018-07-17T09:48:40,26.8,210.8,236.6,4.0,1790.0,245.4
2018-07-17T09:49:11,26.8,213.8,234.8,3.8,1800.0,245.4
2018-07-17T09:49:42,26.8,215.6,233.6,3.9,1820.0,244.4
2018-07-17T09:50:13,26.4,211.4,237.2,4.0,1830.0,246.4
2018-07-17T09:50:44,26.4,212.6,228.9,3.9,1840.0,245.4
2018-07-17T09:51:16,26.8,207.3,232.4,4.0,1860.0,244.4
2018-07-17T09:51:47,27.2,212.0,231.3,3.9,1870.0,245.4
2018-07-17T09:52:18,27.2,209.7,237.8,4.1,1890.0,246.4
2018-07-17T09:52:49,27.5,208.5,239.5,4.0,1900.0,246.4
2018-07-17T09:53:20,27.5,210.8,234.2,4.1,1910.0,246.4
2018-07-17T09:53:51,27.5,208.5,231.9,4.2,1930.0,246.4
2018-07-17T09:54:22,27.9,213.8,233.0,3.9,1940.0,246.4
2018-07-17T09:54:53,27.5,213.2,230.1,4.0,1960.0,245.4
2018-07-17T09:55:24,27.2,208.5,234.8,4.2,1970.0,248.3
2018-07-17T09:56:00,27.5,211.4,229.5,4.1,1990.0,247.3
2018-07-17T09:56:31,27.9,213.2,234.2,4.2,2000.0,247.3
2018-07-17T09:57:02,27.9,208.5,234.8,4.2,2020.0,247.3
2018-07-17T09:57:33,27.5,212.6,234.8,4.1,2030.0,247.3
2018-07-17T09:58:04,27.2,212.6,233.6,4.1,2050.0,247.3
2018-07-17T09:58:35,27.2,212.0,242.5,4.2,2060.0,247.3
2018-07-17T09:59:06,27.5,206.7,236.0,4.2,2080.0,249.3
2018-07-17T09:59:37,27.2,213.2,239.0,4.2,2090.0,251.2
2018-07-17T10:00:08,27.2,207.9,234.2,4.2,2110.0,250.2
2018-07-17T10:00:40,27.2,212.6,239.5,4.1,2120.0,251.2
2018-07-17T10:01:11,27.2,206.1,235.4,4.3,2140.0,250.2
2018-07-17T10:01:42,27.9,208.5,227.7,4.3,2150.0,250.2
2018-07-17T10:02:13,27.9,209.7,231.9,4.2,2170.0,252.2
2018-07-17T10:02:44,27.9,210.8,231.3,4.4,2180.0,251.2
2018-07-17T10:03:15,27.9,208.5,241.9,4.3,2200.0,251.2
2018-07-17T10:03:46,27.9,212.6,236.6,4.2,2210.0,251.2
2018-07-17T10:04:17,28.3,212.6,239.5,4.4,2230.0,250.2
2018-07-17T10:04:48,28.3,213.2,239.5,4.4,2240.0,250.2
2018-07-17T10:05:19,27.9,208.5,236.0,4.4,2260.0,251.2
2018-07-17T10:05:51,28.6,209.1,231.3,4.4,2270.0,251.2
2018-07-17T10:06:22,29.0,214.4,225.9,4.4,2290.0,250.2
2018-07-17T10:06:53,29.4,207.9,230.7,4.5,2300.0,250.2
2018-07-17T10:07:24,29.4,212.0,230.1,4.3,2320.0,249.3
2018-07-17T10:07:55,29.4,209.1,230.7,4.5,2330.0,250.2
2018-07-17T10:08:26,29.4,207.9,229.5,4.4,2350.0,250.2
2018-07-17T10:08:57,29.7,209.7,237.2,4.4,2370.0,249.3
2018-07-17T10:09:28,29.4,207.9,231.9,4.6,2380.0,249.3
2018-07-17T10:09:59,29.4,208.5,228.9,4.6,2400.0,250.2
2018-07-17T10:10:30,29.0,214.4,233.0,4.4,2410.0,249.3
2018-07-17T10:11:02,29.4,205.5,232.4,4.5,2430.0,249.3
2018-07-17T10:11:33,29.7,213.2,232.4,4.4,2440.0,249.3
2018-07-17T10:12:04,29.7,207.3,230.1,4.5,2460.0,248.3
2018-07-17T10:12:35,29.7,211.4,234.8,4.5,2480.0,248.3
2018-07-17T10:13:06,29.4,207.3,237.8,4.7,2490.0,248.3
2018-07-17T10:13:37,29.0,212.6,235.4,4.5,2510.0,249.3
2018-07-17T10:14:08,28.6,208.5,234.2,4.6,2520.0,250.2
2018-07-17T10:14:39,28.3,212.6,228.3,4.6,2540.0,250.2
2018-07-17T10:15:10,27.9,207.3,234.2,4.7,2560.0,248.3
2018-07-17T10:15:41,28.3,211.4,235.4,4.6,2570.0,248.3
2018-07-17T10:16:13,27.9,209.7,241.3,4.7,2590.0,249.3
2018-07-17T10:16:44,27.9,210.8,237.2,4.6,2600.0,249.3
2018-07-17T10:17:15,28.3,206.1,231.3,4.7,2620.0,250.2
2018-07-17T10:17:46,28.3,210.8,240.7,4.6,2640.0,249.3
2018-07-17T10:18:17,28.6,212.0,237.2,4.7,2650.0,250.2
2018-07-17T10:18:48,29.0,208.5,233.6,4.7,2670.0,249.3
2018-07-17T10:19:19,29.0,204.9,234.2,4.7,2690.0,250.2
2018-07-17T10:19:50,29.4,212.6,233.0,4.7,2700.0,251.2
2018-07-17T10:20:21,29.7,212.6,234.2,4.7,2720.0,249.3
2018-07-17T10:20:52,30.1,209.1,228.3,4.9,2740.0,250.2
2018-07-17T10:21:24,30.2,208.5,234.8,4.7,2750.0,250.2
2018-07-17T10:21:55,30.3,212.6,237.8,4.6,2770.0,248.3
2018-07-17T10:22:26,30.4,209.1,223.0,4.8,2790.0,250.2
2018-07-17T10:22:57,30.4,206.1,233.6,4.9,2800.0,250.2
2018-07-17T10:23:28,30.5,209.1,227.7,4.7,2820.0,249.3
2018-07-17T10:23:59,30.7,205.5,226.5,5.0,2840.0,249.3
2018-07-17T10:24:30,30.8,209.7,230.1,4.8,2850.0,250.2
2018-07-17T10:25:01,30.8,204.3,231.3,4.9,2870.0,250.2
2018-07-17T10:25:32,30.8,210.2,236.6,4.8,2890.0,251.2
2018-07-17T10:26:03,30.8,212.0,230.7,4.8,2910.0,250.2
2018-07-17T10:26:34,30.8,209.7,225.9,4.9,2920.0,250.2
2018-07-17T10:27:05,30.8,212.6,230.1,4.8,2940.0,250.2
2018-07-17T10:27:36,30.8,204.9,231.9,5.0,2960.0,251.2
2018-07-17T10:28:07,30.8,209.7,236.0,4.9,2970.0,250.2
2018-07-17T10:28:38,30.8,206.7,237.2,5.0,2990.0,252.2
2018-07-17T10:29:09,30.8,206.1,236.0,5.0,3010.0,252.2
2018-07-17T10:29:40,30.7,212.0,233.6,4.9,3030.0,251.2
2018-07-17T10:30:11,30.8,203.7,225.4,5.0,3040.0,251.2
2018-07-17T10:30:43,30.9,209.7,232.4,5.0,3060.0,251.2
2018-07-17T10:31:14,30.9,204.3,241.9,5.0,3080.0,251.2
2018-07-17T10:31:45,30.9,212.0,232.4,5.0,3100.0,252.2
2018-07-17T10:32:16,30.9,204.9,235.4,5.1,3110.0,251.2
2018-07-17T10:32:47,31.0,211.4,227.1,4.9,3130.0,251.2
2018-07-17T10:33:18,31.0,205.5,228.3,5.2,3150.0,251.2
2018-07-17T10:33:49,31.0,207.3,225.4,5.0,3170.0,251.2
2018-07-17T10:34:20,31.1,203.7,227.7,5.3,3180.0,250.2
2018-07-17T10:34:51,31.2,204.3,235.4,5.2,3200.0,250.2
2018-07-17T10:35:22,31.2,206.7,230.1,5.1,3220.0,250.2
2018-07-17T10:35:54,31.1,209.1,230.1,5.1,3240.0,250.2
2018-07-17T10:36:25,31.0,209.7,233.6,5.1,3260.0,252.2
2018-07-17T10:36:56,31.0,203.2,230.1,5.2,3270.0,252.2
2018-07-17T10:37:27,31.0,207.3,225.9,5.1,3290.0,250.2
2018-07-17T10:37:58,31.0,207.3,225.4,5.2,3310.0,249.3
2018-07-17T10:38:29,31.2,207.9,225.4,5.1,3330.0,250.2
2018-07-17T10:39:00,31.4,203.7,229.5,5.3,3340.0,248.3
2018-07-17T10:39:31,31.4,207.9,231.3,5.1,3360.0,253.1
2018-07-17T10:40:02,31.5,209.1,234.8,5.1,3380.0,251.2
2018-07-17T10:40:34,31.5,206.1,230.1,5.3,3400.0,251.2
2018-07-17T10:41:05,31.5,208.5,233.6,5.1,3420.0,251.2
2018-07-17T10:41:36,31.4,201.4,237.2,5.3,3440.0,251.2
2018-07-17T10:42:07,31.5,203.7,229.5,5.4,3450.0,251.2
2018-07-17T10:42:38,31.6,209.1,223.6,5.3,3470.0,251.2
2018-07-17T10:43:09,31.7,207.9,224.2,5.3,3490.0,252.2
2018-07-17T10:43:40,31.8,206.7,230.7,5.3,3510.0,251.2
2018-07-17T10:44:11,31.7,207.3,223.6,5.2,3530.0,250.2
2018-07-17T10:44:42,31.8,201.4,223.6,5.4,3540.0,251.2
2018-07-17T10:45:13,31.9,207.3,230.1,5.4,3560.0,250.2
2018-07-17T10:45:45,31.9,202.0,224.2,5.5,3580.0,251.2
2018-07-17T10:46:16,32.0,205.5,223.6,5.3,3600.0,251.2
2018-07-17T10:46:47,32.0,200.2,230.7,5.5,3620.0,252.2
2018-07-17T10:47:18,32.2,203.7,228.3,5.5,3640.0,252.2
2018-07-17T10:47:49,32.0,206.1,224.8,5.4,3650.0,251.2
2018-07-17T10:48:20,32.0,203.7,227.1,5.4,3670.0,252.2
2018-07-17T10:48:51,32.0,206.1,225.4,5.4,3690.0,250.2
2018-07-17T10:49:22,32.0,205.5,220.6,5.5,3710.0,250.2
2018-07-17T10:49:53,31.9,201.4,226.5,5.4,3730.0,251.2
2018-07-17T10:50:24,32.0,199.0,227.1,5.6,3750.0,252.2
2018-07-17T10:50:56,32.2,206.7,233.0,5.3,3760.0,251.2
2018-07-17T10:51:27,32.3,202.6,230.7,5.4,3780.0,251.2
2018-07-17T10:51:58,32.4,203.7,226.5,5.4,3800.0,250.2
2018-07-17T10:52:29,32.5,201.4,227.7,5.6,3820.0,250.2
2018-07-17T10:53:00,32.5,203.7,226.5,5.5,3840.0,251.2
2018-07-17T10:53:31,32.5,199.6,225.4,5.5,3860.0,252.2
2018-07-17T10:54:02,32.6,198.4,227.1,5.6,3880.0,251.2
2018-07-17T10:54:33,32.6,201.4,230.7,5.6,3900.0,251.2
2018-07-17T10:55:04,32.5,202.0,230.1,5.5,3910.0,252.2
2018-07-17T10:55:36,32.4,197.8,227.7,5.6,3930.0,249.3
2018-07-17T10:56:07,32.3,206.7,222.4,5.4,3950.0,250.2
2018-07-17T10:56:38,32.3,204.3,224.2,5.5,3970.0,250.2
2018-07-17T10:57:09,32.4,199.0,223.6,5.7,3990.0,250.2
2018-07-17T10:57:40,32.5,196.7,231.9,5.7,4010.0,251.2
2018-07-17T10:58:11,32.6,201.4,232.4,5.7,4030.0,250.2
2018-07-17T10:58:42,32.7,204.3,228.3,5.6,4050.0,250.2
2018-07-17T10:59:13,32.9,199.0,228.9,5.8,4070.0,251.2
2018-07-17T10:59:44,33.0,202.6,227.7,5.7,4080.0,251.2
2018-07-17T11:00:15,33.0,199.0,231.3,5.6,4100.0,250.2
2018-07-17T11:00:46,33.0,206.1,231.9,5.6,4120.0,250.2
2018-07-17T11:01:18,33.1,202.0,225.4,5.7,4140.0,251.2
2018-07-17T11:01:49,32.9,197.8,230.1,5.7,4160.0,250.2
2018-07-17T11:02:20,33.0,203.2,227.1,5.6,4180.0,251.2
2018-07-17T11:02:51,33.0,204.3,234.2,5.6,4200.0,250.2
2018-07-17T11:03:22,33.1,198.4,231.9,5.8,4220.0,251.2
2018-07-17T11:03:53,33.1,199.6,225.4,5.9,4240.0,253.1
2018-07-17T11:04:24,33.2,203.2,220.6,5.7,4260.0,252.2
2018-07-17T11:04:55,33.2,197.8,224.2,5.9,4280.0,252.2
2018-07-17T11:05:26,33.2,206.7,227.7,5.6,4300.0,253.1
2018-07-17T11:05:58,33.3,198.4,234.2,5.9,4320.0,252.2
2018-07-17T11:06:29,33.2,197.8,233.0,5.9,4340.0,251.2
2018-07-17T11:07:00,33.1,204.9,228.9,5.8,4360.0,251.2
2018-07-17T11:07:31,33.2,202.6,220.6,5.8,4380.0,252.2
2018-07-17T11:08:02,33.3,203.7,233.6,5.8,4390.0,252.2
2018-07-17T11:08:33,33.3,199.6,222.4,5.9,4410.0,254.1
2018-07-17T11:09:04,33.3,203.7,223.6,5.7,4430.0,252.2
2018-07-17T11:09:35,33.3,199.0,224.8,5.8,4450.0,252.2
2018-07-17T11:10:06,33.4,199.0,223.0,6.0,4470.0,253.1
2018-07-17T11:10:37,33.4,198.4,230.7,6.0,4490.0,253.1
2018-07-17T11:11:09,33.4,206.7,224.2,5.7,4510.0,253.1
2018-07-17T11:11:40,33.4,199.6,223.0,6.0,4530.0,253.1
2018-07-17T11:12:11,33.5,206.7,225.9,5.7,4550.0,253.1
2018-07-17T11:12:42,33.7,201.4,227.7,6.0,4570.0,252.2
2018-07-17T11:13:13,33.7,197.8,231.9,6.0,4590.0,252.2
2018-07-17T11:13:44,33.7,196.1,229.5,6.0,4610.0,251.2
2018-07-17T11:14:15,33.8,200.8,225.4,5.9,4630.0,252.2
2018-07-17T11:14:46,33.8,205.5,225.4,5.7,4650.0,252.2
2018-07-17T11:15:17,33.8,201.4,219.4,5.9,4670.0,253.1
2018-07-17T11:15:48,33.8,200.2,221.2,5.9,4690.0,253.1
2018-07-17T11:16:20,33.9,196.1,226.5,6.1,4710.0,253.1
2018-07-17T11:16:51,33.9,202.6,231.9,5.9,4730.0,252.2
2018-07-17T11:17:22,33.8,199.6,227.7,5.9,4750.0,252.2
2018-07-17T11:17:53,33.7,197.3,228.3,6.0,4770.0,252.2
2018-07-17T11:18:24,33.7,201.4,224.2,6.0,4790.0,253.1
2018-07-17T11:18:55,33.7,200.2,218.8,6.1,4810.0,250.2
2018-07-17T11:19:26,33.8,196.7,220.6,6.2,4830.0,252.2
2018-07-17T11:19:57,33.7,200.8,225.4,5.9,4850.0,250.2
2018-07-17T11:20:30,33.7,195.5,225.4,6.2,4870.0,250.2
2018-07-17T11:21:01,33.7,198.4,229.5,6.1,4890.0,249.3
2018-07-17T11:21:32,33.5,199.6,225.9,6.1,4910.0,249.3
2018-07-17T11:22:03,33.5,194.9,221.2,6.2,4930.0,250.2
2018-07-17T11:22:34,33.4,203.2,224.2,6.0,4950.0,249.3
2018-07-17T11:23:05,33.4,200.2,217.7,5.9,4970.0,249.3
2018-07-17T11:23:36,33.5,196.1,223.6,6.2,4990.0,249.3
2018-07-17T11:24:07,33.5,199.0,226.5,6.1,5010.0,250.2
2018-07-17T11:24:38,33.3,202.6,230.7,6.1,5030.0,250.2
2018-07-17T11:25:09,33.2,204.3,228.3,6.0,5050.0,251.2
2018-07-17T11:25:41,33.2,199.0,225.4,6.1,5080.0,251.2
2018-07-17T11:26:12,33.1,193.7,217.7,6.3,5100.0,251.2
2018-07-17T11:26:43,33.2,196.7,221.2,6.1,5120.0,252.2
2018-07-17T11:27:14,33.2,204.3,220.0,6.0,5140.0,249.3
2018-07-17T11:27:45,33.2,200.8,223.6,6.2,5160.0,250.2
2018-07-17T11:28:16,33.4,203.2,224.8,6.1,5180.0,251.2
2018-07-17T11:28:47,33.4,202.6,228.3,5.9,5200.0,250.2
2018-07-17T11:29:18,33.4,197.3,224.8,6.3,5220.0,250.2
2018-07-17T11:29:49,33.5,199.0,221.2,6.1,5240.0,250.2
2018-07-17T11:30:20,33.7,197.8,224.8,6.2,5260.0,250.2
2018-07-17T11:30:51,33.8,202.6,225.4,5.9,5280.0,249.3
2018-07-17T11:31:23,34.0,200.8,224.8,6.0,5300.0,249.3
2018-07-17T11:31:54,34.0,200.2,225.9,6.1,5320.0,251.2
2018-07-17T11:32:25,34.1,196.7,227.7,6.2,5340.0,250.2
2018-07-17T11:32:56,34.2,194.3,218.8,6.4,5360.0,249.3
2018-07-17T11:33:27,34.4,198.4,221.2,6.3,5380.0,250.2
2018-07-17T11:33:58,34.5,195.5,225.9,6.2,5400.0,250.2
2018-07-17T11:34:29,34.4,194.3,223.6,6.2,5420.0,250.2
2018-07-17T11:35:00,34.5,200.2,226.5,6.2,5440.0,251.2
2018-07-17T11:35:31,34.5,199.6,222.4,6.2,5470.0,249.3
2018-07-17T11:36:03,34.5,202.0,221.2,6.1,5490.0,249.3
2018-07-17T11:36:34,34.6,196.1,231.3,6.3,5510.0,250.2
2018-07-17T11:37:05,34.6,195.5,225.9,6.4,5530.0,249.3
2018-07-17T11:37:36,34.7,202.0,228.9,6.1,5550.0,248.3
2018-07-17T11:38:07,34.7,197.8,227.1,6.4,5570.0,250.2
2018-07-17T11:38:38,34.6,195.5,228.9,6.3,5590.0,250.2
2018-07-17T11:39:09,34.4,203.2,221.8,6.2,5610.0,250.2
2018-07-17T11:39:40,34.2,196.1,217.7,6.3,5630.0,249.3
2018-07-17T11:40:11,34.2,200.2,219.4,6.3,5650.0,250.2
2018-07-17T11:40:42,34.2,201.4,222.4,6.1,5670.0,250.2
2018-07-17T11:41:14,33.9,202.6,221.2,6.2,5700.0,250.2
2018-07-17T11:41:45,34.0,199.6,218.8,6.2,5720.0,250.2
2018-07-17T11:42:16,34.1,193.1,217.7,6.5,5740.0,250.2
2018-07-17T11:42:47,34.0,199.0,220.6,6.3,5760.0,250.2
2018-07-17T11:43:18,34.0,203.2,229.5,6.2,5780.0,250.2
2018-07-17T11:43:49,34.0,202.6,229.5,6.2,5800.0,250.2
2018-07-17T11:44:20,33.8,199.6,223.6,6.3,5820.0,250.2
2018-07-17T11:44:51,33.5,196.1,217.7,6.4,5840.0,249.3
2018-07-17T11:45:22,33.4,192.5,218.3,6.5,5860.0,251.2
2018-07-17T11:45:53,33.4,200.2,219.4,6.3,5880.0,251.2
2018-07-17T11:46:25,33.4,199.6,218.3,6.3,5910.0,250.2
2018-07-17T11:46:56,33.4,194.9,220.6,6.5,5930.0,251.2
2018-07-17T11:47:27,33.3,200.8,225.4,6.4,5950.0,250.2
2018-07-17T11:47:58,33.4,198.4,225.4,6.4,5970.0,252.2
2018-07-17T11:48:29,33.5,199.6,215.9,6.5,5990.0,250.2
2018-07-17T11:49:00,33.7,194.9,221.2,6.5,6010.0,250.2
2018-07-17T11:49:31,33.9,202.0,221.2,6.3,6030.0,250.2
2018-07-17T11:50:02,34.0,200.8,222.4,6.3,6050.0,250.2
2018-07-17T11:50:33,34.1,194.9,217.7,6.5,6080.0,251.2
2018-07-17T11:51:05,34.4,199.6,216.5,6.3,6100.0,250.2
2018-07-17T11:51:36,34.5,197.3,225.9,6.5,6120.0,252.2
2018-07-17T11:52:07,34.6,201.4,224.8,6.4,6140.0,250.2
2018-07-17T11:52:38,34.7,198.4,218.3,6.4,6160.0,251.2
2018-07-17T11:53:09,34.7,199.6,218.8,6.3,6180.0,252.2
2018-07-17T11:53:40,34.8,193.1,220.6,6.6,6200.0,251.2
2018-07-17T11:54:11,34.8,196.7,224.8,6.4,6220.0,251.2
2018-07-17T11:54:42,34.7,197.3,224.2,6.5,6240.0,250.2
2018-07-17T11:55:13,34.5,193.7,224.2,6.6,6270.0,250.2
2018-07-17T11:55:44,34.4,194.3,227.7,6.5,6290.0,250.2
2018-07-17T11:56:16,34.2,200.8,223.0,6.3,6310.0,250.2
2018-07-17T11:56:47,34.4,202.0,220.6,6.2,6330.0,252.2
2018-07-17T11:57:18,34.5,195.5,220.6,6.4,6350.0,250.2
2018-07-17T11:57:49,34.6,193.1,218.3,6.6,6370.0,250.2
2018-07-17T11:58:20,34.7,190.8,215.9,6.6,6390.0,252.2
2018-07-17T11:58:51,34.8,198.4,216.5,6.4,6420.0,253.1
2018-07-17T11:59:22,34.9,200.8,216.5,6.3,6440.0,252.2
2018-07-17T11:59:53,34.9,195.5,221.2,6.6,6460.0,252.2
2018-07-17T12:00:24,34.9,192.5,225.4,6.6,6480.0,252.2
2018-07-17T12:00:55,35.0,199.0,218.3,6.3,6500.0,252.2
2018-07-17T12:01:26,35.2,198.4,218.3,6.5,6520.0,252.2
2018-07-17T12:01:57,35.2,196.1,223.6,6.6,6540.0,252.2
2018-07-17T12:02:28,35.0,196.1,219.4,6.6,6560.0,253.1
2018-07-17T12:02:59,35.0,194.3,221.2,6.7,6590.0,251.2
2018-07-17T12:03:30,34.9,193.1,224.2,6.7,6610.0,252.2
2018-07-17T12:04:01,34.7,196.7,223.6,6.5,6630.0,252.2
2018-07-17T12:04:32,34.7,198.4,221.2,6.4,6650.0,252.2
2018-07-17T12:05:03,34.8,194.3,221.2,6.5,6670.0,251.2
2018-07-17T12:05:35,34.7,195.5,222.4,6.6,6690.0,251.2
2018-07-17T12:06:06,34.6,193.1,215.3,6.5,6720.0,252.2
2018-07-17T12:06:37,34.6,200.2,215.3,6.5,6740.0,251.2
2018-07-17T12:07:08,34.6,195.5,215.3,6.5,6760.0,251.2
2018-07-17T12:07:39,34.7,191.3,218.3,6.8,6780.0,252.2
2018-07-17T12:08:10,34.9,198.4,217.7,6.4,6800.0,251.2
2018-07-17T12:08:41,35.0,194.3,220.0,6.6,6820.0,251.2
2018-07-17T12:09:12,35.2,192.5,221.2,6.7,6840.0,252.2
2018-07-17T12:09:43,35.3,193.1,220.6,6.7,6870.0,250.2
2018-07-17T12:10:14,35.3,197.8,219.4,6.4,6890.0,252.2
2018-07-17T12:10:46,35.4,191.9,221.8,6.8,6910.0,251.2
2018-07-17T12:11:17,35.5,197.8,223.0,6.6,6930.0,250.2
2018-07-17T12:11:48,35.4,195.5,221.2,6.6,6950.0,252.2
2018-07-17T12:12:19,35.5,195.5,218.3,6.6,6970.0,252.2
2018-07-17T12:12:50,35.4,197.3,223.6,6.6,7000.0,252.2
2018-07-17T12:13:21,35.4,199.6,224.2,6.5,7020.0,251.2
2018-07-17T12:13:52,35.5,190.8,220.6,6.7,7040.0,251.2
2018-07-17T12:14:23,35.6,189.6,223.6,6.8,7060.0,252.2
2018-07-17T12:14:54,35.7,197.3,224.8,6.6,7080.0,253.1
2018-07-17T12:15:25,35.9,193.1,223.6,6.6,7100.0,251.2
2018-07-17T12:15:57,36.0,191.3,218.8,6.8,7120.0,253.1
2018-07-17T12:16:28,36.0,194.9,217.1,6.6,7150.0,253.1
2018-07-17T12:16:59,35.9,197.3,217.7,6.5,7170.0,251.2
2018-07-17T12:17:30,35.9,191.9,218.3,6.8,7190.0,251.2
2018-07-17T12:18:01,35.9,193.1,220.0,6.7,7210.0,252.2
2018-07-17T12:18:32,35.7,198.4,220.6,6.5,7230.0,250.2
2018-07-17T12:19:03,35.9,195.5,221.2,6.6,7250.0,251.2
2018-07-17T12:19:34,35.7,191.9,220.6,6.8,7280.0,251.2
2018-07-17T12:20:05,35.7,189.6,220.6,6.7,7300.0,252.2
2018-07-17T12:20:37,35.7,196.7,217.7,6.5,7320.0,253.1
2018-07-17T12:21:08,35.6,189.0,212.9,6.9,7340.0,252.2
2018-07-17T12:21:39,35.7,192.5,215.9,6.7,7360.0,251.2
2018-07-17T12:22:10,36.0,197.3,214.1,6.5,7390.0,252.2
2018-07-17T12:22:41,36.1,189.6,214.7,6.8,7410.0,252.2
2018-07-17T12:23:12,36.2,196.7,216.5,6.6,7430.0,252.2
2018-07-17T12:23:43,36.2,191.9,226.5,6.7,7450.0,252.2
2018-07-17T12:24:14,36.3,194.9,222.4,6.7,7470.0,251.2
2018-07-17T12:24:45,36.4,197.8,222.4,6.5,7490.0,252.2
2018-07-17T12:25:16,36.5,193.1,223.6,6.6,7510.0,253.1
2018-07-17T12:25:47,36.5,191.3,222.4,6.8,7540.0,252.2
2018-07-17T12:26:19,36.3,191.9,220.0,6.8,7560.0,252.2
2018-07-17T12:26:50,36.4,193.7,218.3,6.7,7580.0,251.2
2018-07-17T12:27:21,36.5,189.6,215.3,6.7,7600.0,251.2
2018-07-17T12:27:52,36.7,193.7,222.4,6.7,7620.0,252.2
2018-07-17T12:28:23,36.7,191.3,218.8,6.8,7650.0,251.2
2018-07-17T12:28:54,36.5,194.9,216.5,6.7,7670.0,251.2
2018-07-17T12:29:25,36.4,196.1,215.3,6.7,7690.0,251.2
2018-07-17T12:29:56,36.3,193.1,214.1,6.7,7710.0,251.2
2018-07-17T12:30:27,36.3,191.3,213.5,6.8,7730.0,251.2
2018-07-17T12:30:58,36.3,193.7,212.9,6.6,7750.0,250.2
2018-07-17T12:31:30,36.3,196.1,210.6,6.7,7780.0,250.2
2018-07-17T12:32:01,36.2,193.1,209.4,6.7,7800.0,249.3
2018-07-17T12:32:32,36.1,191.3,215.3,6.7,7820.0,249.3
2018-07-17T12:33:03,36.2,188.4,220.0,6.8,7840.0,250.2
2018-07-17T12:33:34,36.2,189.6,219.4,6.9,7860.0,251.2
2018-07-17T12:34:05,36.3,191.9,223.0,6.8,7880.0,250.2
2018-07-17T12:34:36,36.3,197.3,221.2,6.6,7910.0,250.2
2018-07-17T12:35:07,36.2,197.8,219.4,6.6,7930.0,249.3
2018-07-17T12:35:38,36.2,193.1,218.3,6.7,7950.0,249.3
2018-07-17T12:36:10,36.2,188.4,214.7,7.0,7970.0,250.2
2018-07-17T12:36:41,36.2,194.3,220.6,6.7,7990.0,250.2
2018-07-17T12:37:12,36.1,191.3,215.9,6.7,8020.0,250.2
2018-07-17T12:37:43,36.1,190.2,222.4,6.8,8040.0,249.3
2018-07-17T12:38:14,36.2,189.6,221.2,6.8,8060.0,251.2
2018-07-17T12:38:45,36.4,189.6,216.5,6.8,8080.0,250.2
2018-07-17T12:39:16,36.5,186.6,216.5,7.0,8100.0,251.2
2018-07-17T12:39:47,36.5,187.2,214.7,6.8,8120.0,250.2
2018-07-17T12:40:18,36.5,189.6,217.7,6.8,8150.0,252.2
2018-07-17T12:40:49,36.4,194.3,216.5,6.6,8170.0,251.2
2018-07-17T12:41:20,36.7,197.3,210.6,6.5,8190.0,251.2
2018-07-17T12:41:51,36.8,197.8,213.5,6.5,8210.0,251.2
2018-07-17T12:42:22,36.8,196.7,212.3,6.5,8230.0,251.2
2018-07-17T12:42:53,36.9,193.7,217.1,6.8,8260.0,251.2
2018-07-17T12:43:24,36.9,193.7,223.6,6.7,8280.0,251.2
2018-07-17T12:43:55,37.0,193.1,222.4,6.8,8300.0,251.2
2018-07-17T12:44:26,37.0,192.5,223.0,6.7,8320.0,251.2
2018-07-17T12:44:57,37.0,194.3,217.1,6.7,8340.0,250.2
2018-07-17T12:45:28,37.1,197.3,212.9,6.5,8360.0,252.2
2018-07-17T12:46:00,37.2,193.1,218.8,6.7,8390.0,251.2
2018-07-17T12:46:31,37.4,189.0,220.0,6.8,8410.0,251.2
2018-07-17T12:47:02,37.4,191.3,216.5,6.9,8430.0,250.2
2018-07-17T12:47:33,37.5,194.3,215.3,6.7,8450.0,252.2
2018-07-17T12:48:04,37.5,190.8,220.6,6.7,8470.0,253.1
2018-07-17T12:48:35,37.6,193.1,211.2,6.8,8490.0,251.2
2018-07-17T12:49:06,37.6,194.3,217.7,6.6,8520.0,251.2
2018-07-17T12:49:37,37.7,194.9,215.3,6.6,8540.0,252.2
2018-07-17T12:50:08,37.7,192.5,215.3,6.6,8560.0,252.2
2018-07-17T12:50:39,37.7,194.3,217.1,6.6,8580.0,251.2
2018-07-17T12:51:11,37.8,188.4,218.8,6.7,8600.0,252.2
2018-07-17T12:51:42,37.8,185.4,223.0,7.0,8630.0,252.2
2018-07-17T12:52:13,37.8,191.3,219.4,6.9,8650.0,252.2
2018-07-17T12:52:44,37.8,191.3,214.7,6.8,8670.0,251.2
2018-07-17T12:53:15,37.8,193.1,215.3,6.2,8690.0,252.2
2018-07-17T12:53:46,37.6,202.0,213.5,6.1,8710.0,253.1
2018-07-17T12:54:17,37.5,196.1,210.6,6.7,8730.0,255.1
2018-07-17T12:54:48,37.6,192.5,215.3,6.8,8760.0,254.1
2018-07-17T12:55:19,37.6,189.0,214.1,7.0,8780.0,254.1
2018-07-17T12:55:50,37.7,189.0,219.4,6.9,8800.0,255.1
2018-07-17T12:56:22,37.8,193.1,223.0,6.7,8820.0,253.1
2018-07-17T12:56:53,37.8,190.2,221.2,6.6,8840.0,255.1
2018-07-17T12:57:24,37.9,194.9,220.0,6.6,8860.0,254.1
2018-07-17T12:57:55,37.9,197.3,219.4,6.5,8890.0,254.1
2018-07-17T12:58:26,38.0,193.7,215.9,6.6,8910.0,254.1
2018-07-17T12:58:57,38.0,192.5,211.2,6.4,8930.0,255.1
2018-07-17T12:59:28,38.2,200.8,212.3,6.2,8950.0,253.1
2018-07-17T12:59:59,38.2,195.5,210.0,6.5,8970.0,254.1
2018-07-17T13:00:30,38.3,200.2,211.2,6.4,8990.0,255.1
2018-07-17T13:01:01,38.3,202.6,220.0,6.0,9020.0,254.1
2018-07-17T13:01:32,38.3,198.4,219.4,5.8,9040.0,254.1
2018-07-17T13:02:03,38.3,202.6,211.7,5.5,9060.0,252.2
2018-07-17T13:02:34,38.2,205.5,216.5,5.8,9080.0,254.1
2018-07-17T13:03:05,38.3,206.1,219.4,5.7,9100.0,255.1
2018-07-17T13:03:36,38.3,205.5,216.5,5.7,9120.0,252.2
2018-07-17T13:04:07,38.3,206.1,213.5,5.7,9140.0,252.2
2018-07-17T13:04:38,38.3,207.9,210.6,5.6,9160.0,254.1
2018-07-17T13:05:09,38.3,206.1,211.2,5.3,9180.0,255.1
2018-07-17T13:05:41,38.4,203.2,213.5,5.9,9200.0,253.1
2018-07-17T13:06:12,38.4,191.3,214.1,6.4,9220.0,254.1
2018-07-17T13:06:43,38.4,195.5,218.8,5.9,9240.0,253.1
2018-07-17T13:07:14,38.5,195.5,216.5,5.9,9260.0,254.1
2018-07-17T13:07:45,38.5,197.8,215.9,5.2,9280.0,253.1
2018-07-17T13:08:16,38.5,180.1,219.4,6.3,9300.0,253.1
2018-07-17T13:08:47,38.5,171.9,223.0,6.8,9330.0,254.1
2018-07-17T13:09:18,38.5,169.5,219.4,6.8,9350.0,253.1
2018-07-17T13:09:49,38.5,175.4,214.1,6.6,9370.0,252.2
2018-07-17T13:10:20,38.5,172.4,211.7,6.7,9390.0,252.2
2018-07-17T13:10:51,38.5,175.4,214.1,6.7,9410.0,252.2
2018-07-17T13:11:23,38.5,173.0,215.3,6.8,9430.0,253.1
2018-07-17T13:11:54,38.5,177.8,215.9,6.7,9450.0,253.1
2018-07-17T13:12:25,38.5,169.5,212.3,6.9,9470.0,254.1
2018-07-17T13:12:56,38.5,172.4,210.6,6.4,9490.0,253.1
2018-07-17T13:13:27,38.5,167.1,216.5,6.7,9510.0,254.1
2018-07-17T13:13:58,38.5,165.9,223.0,6.8,9530.0,252.2
2018-07-17T13:14:29,38.5,161.8,221.8,6.8,9550.0,251.2
2018-07-17T13:15:00,38.5,161.2,223.0,7.0,9570.0,253.1
2018-07-17T13:15:31,38.4,177.2,215.3,5.9,9590.0,252.2
2018-07-17T13:16:03,38.4,165.4,215.3,6.9,9610.0,253.1
2018-07-17T13:16:34,38.4,167.7,213.5,6.8,9630.0,251.2
2018-07-17T13:17:05,38.4,176.6,213.5,6.3,9650.0,251.2
2018-07-17T13:17:36,38.5,177.2,212.9,6.6,9680.0,253.1
2018-07-17T13:18:07,38.5,173.6,214.7,6.7,9700.0,253.1
2018-07-17T13:18:38,38.6,170.7,214.7,6.8,9720.0,253.1
2018-07-17T13:19:09,38.6,177.2,216.5,6.6,9740.0,254.1
2018-07-17T13:19:40,38.6,176.6,212.9,6.4,9760.0,254.1
2018-07-17T13:20:11,38.6,175.4,217.1,6.2,9780.0,254.1
2018-07-17T13:20:42,38.7,180.1,224.2,6.2,9800.0,254.1
2018-07-17T13:21:14,38.7,182.5,219.4,6.1,9820.0,253.1
2018-07-17T13:21:45,38.7,172.4,217.7,6.7,9840.0,253.1
2018-07-17T13:22:16,38.7,176.6,217.7,6.5,9860.0,254.1
2018-07-17T13:22:47,38.7,168.9,212.9,6.4,9880.0,254.1
2018-07-17T13:23:18,38.9,175.4,212.3,6.5,9900.0,254.1
2018-07-17T13:23:49,38.9,179.5,215.3,6.3,9920.0,254.1
2018-07-17T13:24:20,38.9,163.6,218.3,6.7,9940.0,253.1
2018-07-17T13:24:51,38.7,166.5,217.7,6.5,9960.0,253.1
2018-07-17T13:25:22,38.7,165.9,217.7,6.5,9980.0,255.1
2018-07-17T13:25:54,38.9,167.1,214.7,6.4,10000.0,253.1
2018-07-17T13:26:25,38.9,170.7,215.9,5.7,10020.0,254.1
2018-07-17T13:26:56,38.9,168.9,214.7,5.8,10040.0,255.1
2018-07-17T13:27:27,38.5,152.4,212.3,6.8,10060.0,253.1
2018-07-17T13:27:58,38.4,155.3,213.5,6.6,10080.0,254.1
2018-07-17T13:28:29,38.3,153.5,214.7,6.7,10100.0,255.1
2018-07-17T13:29:00,38.3,148.8,211.2,6.8,10120.0,254.1
2018-07-17T13:29:31,38.0,151.8,210.6,6.8,10140.0,255.1
2018-07-17T13:30:02,37.8,156.5,212.3,6.6,10160.0,253.1
2018-07-17T13:30:33,37.8,153.5,215.3,6.8,10180.0,255.1
2018-07-17T13:31:05,37.7,151.2,218.3,6.7,10200.0,254.1
2018-07-17T13:31:36,37.5,154.7,211.2,6.7,10220.0,254.1
2018-07-17T13:32:07,37.2,155.9,210.0,6.5,10240.0,254.1
2018-07-17T13:32:38,37.1,152.4,212.3,6.8,10250.0,256.0
2018-07-17T13:33:09,37.2,148.2,212.3,6.8,10270.0,255.1
2018-07-17T13:33:40,37.5,154.1,210.6,6.7,10290.0,254.1
2018-07-17T13:34:11,37.6,154.7,211.2,6.5,10310.0,254.1
2018-07-17T13:34:42,37.8,150.6,212.9,6.7,10330.0,254.1
2018-07-17T13:35:13,37.9,151.8,218.3,6.7,10350.0,255.1
2018-07-17T13:35:44,38.0,150.6,217.7,6.7,10370.0,255.1
2018-07-17T13:36:16,38.2,149.4,217.7,6.8,10390.0,255.1
2018-07-17T13:36:47,38.2,149.4,213.5,6.9,10410.0,254.1
2018-07-17T13:37:18,38.3,152.9,219.4,6.7,10430.0,255.1
2018-07-17T13:37:49,38.4,156.5,218.3,6.5,10450.0,254.1
2018-07-17T13:38:20,38.5,153.5,216.5,6.7,10470.0,254.1
2018-07-17T13:38:51,38.5,150.0,210.6,6.7,10490.0,253.1
2018-07-17T13:39:22,38.6,147.6,211.2,6.8,10500.0,254.1
2018-07-17T13:39:53,38.6,154.7,213.5,6.6,10520.0,253.1
2018-07-17T13:40:24,38.2,150.6,219.4,6.8,10540.0,252.2
2018-07-17T13:40:55,38.2,153.5,220.6,6.7,10560.0,253.1
2018-07-17T13:41:27,38.0,150.6,218.3,6.7,10580.0,252.2
2018-07-17T13:41:58,38.0,148.8,213.5,6.8,10600.0,253.1
2018-07-17T13:42:29,38.0,148.2,209.4,6.9,10620.0,252.2
2018-07-17T13:43:00,38.2,147.6,214.7,6.8,10640.0,252.2
2018-07-17T13:43:31,38.3,152.4,221.8,6.7,10660.0,252.2
2018-07-17T13:44:02,38.4,156.5,217.7,6.5,10680.0,252.2
2018-07-17T13:44:33,38.4,152.4,215.9,6.7,10700.0,252.2
2018-07-17T13:45:04,38.3,148.8,215.3,6.8,10720.0,252.2
2018-07-17T13:45:35,38.3,150.6,214.7,6.7,10730.0,252.2
2018-07-17T13:46:07,38.4,150.0,214.7,6.6,10750.0,251.2
2018-07-17T13:46:38,38.5,150.0,217.7,6.8,10770.0,252.2
2018-07-17T13:47:09,38.3,155.3,214.7,6.5,10790.0,252.2
2018-07-17T13:47:40,38.2,149.4,210.6,6.8,10810.0,252.2
2018-07-17T13:48:11,38.3,151.2,210.0,6.6,10830.0,253.1
2018-07-17T13:48:42,38.4,148.2,213.5,6.7,10850.0,252.2
2018-07-17T13:49:13,38.4,151.8,214.1,6.6,10870.0,252.2
2018-07-17T13:49:44,38.3,156.5,220.6,6.5,10890.0,252.2
2018-07-17T13:50:15,38.4,154.1,214.1,6.6,10900.0,252.2
2018-07-17T13:50:46,38.5,154.7,211.7,6.5,10920.0,251.2
2018-07-17T13:51:17,38.6,157.1,214.7,6.3,10940.0,251.2
2018-07-17T13:51:48,38.5,159.4,215.9,6.3,10960.0,253.1
2018-07-17T13:52:19,38.6,154.7,218.3,6.2,10980.0,251.2
2018-07-17T13:52:50,38.7,157.1,214.7,6.2,11000.0,253.1
2018-07-17T13:53:21,38.7,161.2,215.3,6.1,11020.0,253.1
2018-07-17T13:53:52,38.9,155.3,213.5,6.3,11040.0,251.2
2018-07-17T13:54:23,38.9,156.5,215.3,6.2,11050.0,252.2
2018-07-17T13:54:54,38.9,158.3,219.4,6.2,11070.0,251.2
2018-07-17T13:55:25,39.0,158.3,218.3,6.3,11090.0,250.2
2018-07-17T13:55:57,39.0,158.9,217.7,6.1,11110.0,251.2
2018-07-17T13:56:28,39.0,154.7,216.5,6.2,11130.0,251.2
2018-07-17T13:56:59,39.1,162.4,220.6,5.9,11150.0,252.2
2018-07-17T13:57:30,39.1,163.0,220.6,5.7,11170.0,252.2
2018-07-17T13:58:01,39.1,161.2,218.8,5.4,11180.0,251.2
2018-07-17T13:58:32,39.0,142.9,218.3,6.5,11200.0,252.2
2018-07-17T13:59:03,39.1,146.4,211.2,6.2,11220.0,250.2
2018-07-17T13:59:34,39.1,144.1,211.2,6.4,11240.0,250.2
2018-07-17T14:00:05,39.1,145.3,212.3,6.4,11260.0,250.2
2018-07-17T14:00:37,39.1,144.1,215.3,6.3,11270.0,250.2
2018-07-17T14:01:08,39.0,147.6,218.8,6.2,11290.0,250.2
2018-07-17T14:01:39,39.0,143.5,219.4,6.4,11310.0,250.2
2018-07-17T14:02:10,39.0,148.8,220.6,6.1,11330.0,249.3
2018-07-17T14:02:41,39.0,151.8,222.4,5.6,11350.0,250.2
2018-07-17T14:03:12,39.0,150.6,221.2,5.5,11360.0,249.3
2018-07-17T14:03:43,39.0,157.1,219.4,5.2,11380.0,250.2
2018-07-17T14:04:14,39.0,158.3,214.7,5.2,11400.0,249.3
2018-07-17T14:04:45,39.0,157.7,209.4,5.0,11420.0,250.2
2018-07-17T14:05:16,39.0,158.9,212.3,4.7,11430.0,250.2
2018-07-17T14:05:48,39.0,161.8,215.3,4.7,11450.0,250.2
2018-07-17T14:06:19,39.0,158.9,218.8,4.6,11470.0,250.2
2018-07-17T14:06:50,39.0,161.8,223.6,4.4,11480.0,250.2
2018-07-17T14:07:21,38.9,161.8,220.6,4.2,11500.0,250.2
2018-07-17T14:07:52,39.0,163.6,218.8,4.0,11520.0,248.3
2018-07-17T14:08:23,39.0,165.9,218.8,3.6,11530.0,249.3
2018-07-17T14:08:54,39.0,156.5,212.3,3.8,11550.0,249.3
2018-07-17T14:09:25,39.0,132.9,212.9,6.4,11560.0,248.3
2018-07-17T14:09:56,38.9,138.2,217.1,6.1,11580.0,249.3
2018-07-17T14:10:27,38.9,137.6,221.8,6.1,11600.0,249.3
2018-07-17T14:10:59,38.9,139.4,221.2,6.0,11620.0,249.3
2018-07-17T14:11:30,38.9,137.6,218.3,6.2,11630.0,250.2
2018-07-17T14:12:01,38.9,137.6,212.3,6.2,11650.0,249.3
2018-07-17T14:12:32,39.0,131.1,211.2,6.5,11670.0,250.2
2018-07-17T14:13:03,39.0,131.1,215.3,6.4,11690.0,248.3
2018-07-17T14:13:34,39.0,137.0,220.6,6.2,11700.0,248.3
2018-07-17T14:14:05,39.0,135.8,218.8,6.1,11720.0,249.3
2018-07-17T14:14:36,39.0,133.5,214.7,6.3,11740.0,249.3
2018-07-17T14:15:07,39.0,138.2,213.5,6.2,11750.0,249.3
2018-07-17T14:15:38,39.0,132.3,222.4,6.4,11770.0,249.3
2018-07-17T14:16:10,39.1,131.7,223.6,6.4,11790.0,248.3
2018-07-17T14:16:41,39.1,129.3,220.0,6.4,11810.0,248.3
2018-07-17T14:17:12,39.1,128.1,222.4,6.5,11820.0,245.4
2018-07-17T14:17:43,39.1,128.1,223.6,6.5,11840.0,247.3
2018-07-17T14:18:14,39.1,129.9,223.6,6.4,11860.0,247.3
2018-07-17T14:18:45,39.1,132.3,223.0,6.3,11870.0,247.3
2018-07-17T14:19:16,39.1,133.5,223.6,6.2,11890.0,247.3
2018-07-17T14:19:47,39.1,132.9,223.0,6.3,11910.0,248.3
2018-07-17T14:20:18,39.0,133.5,221.8,6.2,11930.0,248.3
2018-07-17T14:20:49,39.1,137.0,223.0,5.9,11940.0,248.3
2018-07-17T14:21:21,39.0,138.2,222.4,6.0,11960.0,249.3
2018-07-17T14:21:52,39.1,138.8,221.2,5.8,11980.0,248.3
2018-07-17T14:22:23,39.1,134.6,218.8,6.1,11990.0,249.3
2018-07-17T14:22:54,39.1,130.5,220.6,6.3,12010.0,247.3
2018-07-17T14:23:25,39.1,134.0,215.9,6.2,12030.0,250.2
2018-07-17T14:23:56,39.1,134.6,214.7,6.1,12040.0,250.2
2018-07-17T14:24:27,39.1,136.4,213.5,6.1,12060.0,248.3
2018-07-17T14:24:58,39.1,134.0,217.7,6.1,12080.0,248.3
2018-07-17T14:25:29,39.1,142.3,215.3,5.6,12090.0,249.3
2018-07-17T14:26:00,39.1,142.3,218.3,5.5,12110.0,249.3
2018-07-17T14:26:31,39.0,140.5,220.6,5.6,12130.0,249.3
2018-07-17T14:27:02,39.1,145.3,221.2,5.2,12140.0,248.3
2018-07-17T14:27:33,39.1,149.4,216.5,4.8,12160.0,249.3
2018-07-17T14:28:04,39.0,147.6,212.9,4.6,12180.0,248.3
2018-07-17T14:28:35,39.0,144.7,213.5,4.8,12190.0,249.3
2018-07-17T14:29:06,39.0,148.8,215.3,4.3,12210.0,248.3
2018-07-17T14:29:37,39.0,140.5,218.3,4.3,12220.0,248.3
2018-07-17T14:30:08,39.0,157.7,217.1,3.8,12240.0,249.3
2018-07-17T14:30:40,39.0,161.2,216.5,3.9,12250.0,248.3
2018-07-17T14:31:11,39.0,163.6,216.5,3.8,12270.0,249.3
2018-07-17T14:31:42,39.0,164.2,220.0,3.7,12280.0,248.3
2018-07-17T14:32:13,39.0,158.9,218.3,3.2,12300.0,248.3
2018-07-17T14:32:44,39.0,151.2,210.6,3.7,12310.0,247.3
2018-07-17T14:33:15,38.9,152.9,214.1,3.8,12330.0,248.3
2018-07-17T14:33:46,38.9,159.4,223.0,4.1,12340.0,248.3
2018-07-17T14:34:17,38.9,145.3,223.6,4.4,12360.0,248.3
2018-07-17T14:34:48,38.9,144.7,215.3,3.6,12370.0,249.3
2018-07-17T14:35:19,38.9,137.0,218.3,5.0,12390.0,250.2
2018-07-17T14:35:51,38.9,133.5,221.2,4.6,12400.0,250.2
2018-07-17T14:36:22,38.9,118.7,221.8,5.7,12420.0,251.2
2018-07-17T14:36:53,38.9,118.7,220.6,6.1,12430.0,251.2
2018-07-17T14:37:24,38.7,131.7,227.7,5.9,12450.0,250.2
2018-07-17T14:37:55,38.7,140.5,224.2,4.9,12460.0,250.2
2018-07-17T14:38:26,38.7,125.2,224.2,5.9,12480.0,251.2
2018-07-17T14:38:57,38.7,140.0,220.6,5.6,12500.0,249.3
2018-07-17T14:39:28,38.9,142.9,222.4,5.3,12510.0,249.3
2018-07-17T14:39:59,38.9,144.7,218.8,5.2,12530.0,249.3
2018-07-17T14:40:30,38.9,148.8,215.3,4.8,12540.0,250.2
2018-07-17T14:41:01,38.9,148.2,214.1,4.3,12560.0,249.3
2018-07-17T14:41:32,38.7,151.2,217.1,4.1,12570.0,249.3
2018-07-17T14:42:03,38.7,134.6,212.3,5.1,12590.0,249.3
2018-07-17T14:42:34,38.7,126.4,215.3,5.3,12600.0,249.3
2018-07-17T14:43:05,38.7,128.7,216.5,5.1,12620.0,249.3
2018-07-17T14:43:36,38.7,134.0,218.8,4.6,12630.0,249.3
2018-07-17T14:44:07,38.7,141.7,218.8,4.2,12650.0,248.3
2018-07-17T14:44:38,38.7,131.1,222.4,4.4,12660.0,248.3
2018-07-17T14:45:09,38.7,120.5,225.4,5.5,12680.0,250.2
2018-07-17T14:45:41,38.7,122.2,224.8,5.4,12690.0,249.3
2018-07-17T14:46:12,38.7,121.6,227.7,5.5,12710.0,249.3
2018-07-17T14:46:43,38.7,119.3,223.6,5.6,12720.0,249.3
2018-07-17T14:47:14,38.7,115.1,218.8,5.8,12740.0,249.3
2018-07-17T14:47:45,38.6,112.8,215.9,5.8,12750.0,248.3
2018-07-17T14:48:16,38.6,113.4,221.2,5.9,12770.0,247.3
2018-07-17T14:48:47,38.6,116.3,227.7,5.8,12780.0,249.3
2018-07-17T14:49:18,38.6,119.9,225.4,5.5,12800.0,248.3
2018-07-17T14:49:49,38.6,123.4,222.4,5.3,12810.0,249.3
2018-07-17T14:50:20,38.6,116.3,223.6,5.7,12830.0,249.3
2018-07-17T14:50:52,38.5,112.8,219.4,5.8,12840.0,248.3
2018-07-17T14:51:23,38.5,114.0,219.4,5.7,12860.0,248.3
2018-07-17T14:51:54,38.5,118.1,227.7,5.6,12870.0,247.3
2018-07-17T14:52:25,38.5,121.0,228.3,5.5,12890.0,247.3
2018-07-17T14:52:56,38.5,118.7,227.7,5.6,12900.0,247.3
2018-07-17T14:53:27,38.5,114.6,226.5,5.7,12920.0,248.3
2018-07-17T14:53:58,38.5,120.5,225.9,5.5,12930.0,248.3
2018-07-17T14:54:29,38.5,122.2,227.7,5.2,12950.0,247.3
2018-07-17T14:55:00,38.5,119.3,223.6,5.5,12960.0,248.3
2018-07-17T14:55:32,38.4,125.2,221.2,4.9,12980.0,248.3
2018-07-17T14:56:03,38.4,124.6,226.5,5.0,12990.0,248.3
2018-07-17T14:56:34,38.4,126.4,222.4,4.6,13010.0,247.3
2018-07-17T14:57:05,38.4,127.0,225.9,4.2,13020.0,248.3
2018-07-17T14:57:36,38.4,130.5,224.8,4.1,13030.0,246.4
2018-07-17T14:58:07,38.4,134.0,225.9,3.5,13050.0,248.3
2018-07-17T14:58:38,38.3,134.0,227.7,3.7,13060.0,248.3
2018-07-17T14:59:09,38.4,132.3,225.4,3.3,13070.0,248.3
2018-07-17T14:59:40,38.3,133.5,224.8,2.8,13090.0,246.4
2018-07-17T15:00:11,38.4,106.3,225.4,5.6,13100.0,247.3
2018-07-17T15:00:42,38.3,108.6,228.9,5.3,13110.0,248.3
2018-07-17T15:01:14,38.3,108.1,223.0,5.5,13130.0,248.3
2018-07-17T15:01:45,38.3,107.5,224.2,5.4,13140.0,248.3
2018-07-17T15:02:16,38.3,104.5,221.2,5.6,13160.0,249.3
2018-07-17T15:02:47,38.3,111.6,226.5,5.2,13170.0,250.2
2018-07-17T15:03:18,38.3,111.6,226.5,5.2,13180.0,247.3
2018-07-17T15:03:49,38.3,111.6,228.3,4.9,13200.0,251.2
2018-07-17T15:04:20,38.3,115.7,228.3,4.6,13210.0,250.2
2018-07-17T15:04:51,38.3,105.1,230.1,4.9,13230.0,249.3
2018-07-17T15:05:22,38.3,115.7,221.8,4.4,13240.0,249.3
2018-07-17T15:05:54,38.3,111.0,225.9,4.5,13250.0,250.2
2018-07-17T15:06:25,38.3,114.0,225.9,4.5,13270.0,248.3
2018-07-17T15:06:56,38.2,118.7,224.2,4.2,13280.0,250.2
2018-07-17T15:07:27,38.2,116.9,218.3,4.1,13290.0,250.2
2018-07-17T15:07:58,38.2,116.9,218.3,3.6,13300.0,249.3
2018-07-17T15:08:29,38.3,122.2,219.4,3.2,13320.0,251.2
2018-07-17T15:09:00,38.0,121.6,229.5,2.8,13330.0,251.2
2018-07-17T15:09:31,38.0,125.8,224.2,1.8,13340.0,249.3
2018-07-17T15:10:02,38.0,128.1,225.9,1.5,13350.0,247.3
2018-07-17T15:10:34,38.0,127.0,223.6,1.3,13360.0,248.3
2018-07-17T15:11:05,38.0,121.6,219.4,1.3,13370.0,249.3
2018-07-17T15:11:36,38.0,104.5,216.5,3.1,13380.0,246.4
2018-07-17T15:12:07,38.0,103.3,218.3,3.1,13390.0,250.2
2018-07-17T15:12:38,38.0,103.3,218.3,3.0,13400.0,249.3
2018-07-17T15:13:09,38.0,102.7,216.5,3.0,13410.0,246.4
2018-07-17T15:13:40,38.0,103.3,220.0,2.9,13430.0,248.3
2018-07-17T15:14:11,37.9,102.7,217.7,2.7,13440.0,248.3
2018-07-17T15:14:42,37.9,102.1,221.8,2.3,13450.0,248.3
2018-07-17T15:15:13,37.9,105.1,225.9,2.1,13460.0,248.3
2018-07-17T15:15:44,37.9,103.9,230.7,2.2,13470.0,249.3
2018-07-17T15:16:16,37.9,105.1,226.5,1.8,13480.0,247.3
2018-07-17T15:16:47,37.8,111.6,225.9,1.5,13490.0,248.3
2018-07-17T15:17:18,37.8,111.6,222.4,1.4,13500.0,248.3
2018-07-17T15:17:49,37.8,112.2,223.0,1.4,13510.0,247.3
2018-07-17T15:18:20,37.8,122.2,222.4,1.2,13520.0,248.3
2018-07-17T15:18:51,37.8,123.4,223.6,1.0,13530.0,249.3
2018-07-17T15:19:22,37.8,128.1,220.6,0.9,13540.0,247.3
2018-07-17T15:19:53,37.8,119.9,223.6,0.9,13550.0,247.3
2018-07-17T15:20:24,37.8,106.3,225.4,1.2,13560.0,248.3
2018-07-17T15:20:55,37.7,103.3,223.6,1.2,13570.0,248.3
2018-07-17T15:21:27,37.7,105.1,225.4,1.1,13580.0,249.3
2018-07-17T15:21:58,37.8,105.1,223.0,1.1,13590.0,247.3
2018-07-17T15:22:29,37.7,104.5,225.9,1.2,13590.0,247.3
2018-07-17T15:23:00,37.7,108.6,224.2,1.1,13600.0,248.3
2018-07-17T15:23:31,37.7,108.1,223.0,1.1,13610.0,249.3
2018-07-17T15:24:02,37.6,104.5,214.1,1.2,13620.0,249.3
2018-07-17T15:24:33,37.6,104.5,220.6,1.2,13630.0,248.3
2018-07-17T15:25:04,37.6,103.9,221.2,1.1,13640.0,250.2
2018-07-17T15:25:35,37.6,102.1,225.4,1.1,13650.0,248.3
2018-07-17T15:26:07,37.6,104.5,227.7,1.5,13660.0,249.3
2018-07-17T15:26:38,37.6,108.6,223.6,1.1,13670.0,249.3
2018-07-17T15:27:09,37.5,106.9,217.1,1.2,13680.0,248.3
2018-07-17T15:27:40,37.5,104.5,220.0,1.3,13690.0,248.3
2018-07-17T15:28:11,37.6,102.7,223.6,1.1,13700.0,249.3
2018-07-17T15:28:42,37.5,102.1,225.4,1.0,13710.0,249.3
2018-07-17T15:29:13,37.5,102.7,227.7,0.8,13710.0,247.3
2018-07-17T15:29:44,37.5,106.9,224.2,0.7,13720.0,247.3
2018-07-17T15:30:15,37.5,103.9,218.3,0.7,13730.0,249.3
2018-07-17T15:30:46,37.5,121.6,223.0,0.6,13740.0,249.3
2018-07-17T15:31:18,37.5,142.9,219.4,0.5,13750.0,247.3
2018-07-17T15:31:49,37.5,163.6,227.7,0.5,13760.0,249.3
2018-07-17T15:32:20,37.5,184.8,223.0,0.4,13770.0,248.3
2018-07-17T15:32:51,37.5,207.9,220.6,0.4,13770.0,246.4
2018-07-17T15:33:22,37.5,227.4,218.3,0.4,13780.0,248.3
2018-07-17T15:33:53,37.5,213.8,222.4,0.4,13790.0,247.3
2018-07-17T15:34:24,37.5,192.5,230.7,0.4,13800.0,248.3
2018-07-17T15:34:55,37.5,196.7,227.7,0.4,13810.0,248.3
2018-07-17T15:35:26,37.4,219.7,217.1,0.4,13820.0,246.4
2018-07-17T15:35:57,37.5,222.7,220.6,0.3,13830.0,248.3
2018-07-17T15:36:28,37.4,202.0,223.0,0.4,13830.0,247.3
2018-07-17T15:36:59,37.4,180.7,228.3,0.4,13840.0,247.3
2018-07-17T15:37:30,37.4,196.7,230.1,0.4,13850.0,248.3
2018-07-17T15:38:01,37.4,217.9,225.4,0.4,13860.0,248.3
2018-07-17T15:38:32,37.4,225.0,221.2,0.4,13870.0,248.3
2018-07-17T15:39:03,37.4,204.3,219.4,0.4,13880.0,247.3
2018-07-17T15:39:34,37.4,190.2,221.8,0.4,13880.0,247.3
2018-07-17T15:40:05,37.4,212.0,230.1,0.4,13890.0,246.4
2018-07-17T15:40:37,37.4,226.8,219.4,0.4,13900.0,245.4
2018-07-17T15:41:08,37.4,205.5,223.6,0.4,13910.0,246.4
2018-07-17T15:41:39,37.4,184.3,218.3,0.4,13920.0,247.3
2018-07-17T15:42:10,37.2,203.2,224.2,0.4,13930.0,246.4
2018-07-17T15:42:41,37.4,223.8,225.4,0.3,13930.0,247.3
2018-07-17T15:43:12,37.4,215.6,220.0,0.4,13940.0,246.4
2018-07-17T15:43:43,37.4,194.9,218.8,0.4,13950.0,246.4
2018-07-17T15:44:14,37.4,206.1,225.4,0.4,13960.0,246.4
2018-07-17T15:44:45,37.4,228.0,227.1,0.4,13960.0,245.4
2018-07-17T15:45:16,37.4,211.4,229.5,0.4,13970.0,243.5
2018-07-17T15:45:48,37.4,199.0,227.1,0.4,13980.0,244.4
2018-07-17T15:46:19,37.4,219.7,222.4,0.4,13990.0,245.4
2018-07-17T15:46:50,37.4,218.5,220.6,0.4,14000.0,245.4
2018-07-17T15:47:21,37.4,199.0,230.7,0.4,14000.0,247.3
2018-07-17T15:47:52,37.4,190.8,229.5,0.4,14010.0,244.4
2018-07-17T15:48:23,37.4,212.6,219.4,0.4,14020.0,246.4
2018-07-17T15:48:54,37.4,228.0,222.4,0.3,14030.0,245.4
2018-07-17T15:49:25,37.2,206.1,228.3,0.3,14040.0,246.4
2018-07-17T15:49:56,37.2,185.4,227.7,0.4,14040.0,246.4
2018-07-17T15:50:27,37.2,194.9,223.6,0.4,14050.0,245.4
2018-07-17T15:50:59,37.2,217.9,218.8,0.4,14060.0,246.4
2018-07-17T15:51:30,37.2,222.7,222.4,0.4,14070.0,248.3
2018-07-17T15:52:01,37.2,202.6,227.1,0.4,14070.0,246.4
2018-07-17T15:52:32,37.2,186.0,225.9,0.5,14080.0,246.4
2018-07-17T15:53:03,37.1,207.3,222.4,0.4,14090.0,245.4
2018-07-17T15:53:34,37.1,228.0,224.2,0.3,14100.0,246.4
2018-07-17T15:54:05,37.1,213.2,221.2,0.4,14100.0,246.4
2018-07-17T15:54:36,37.1,192.5,230.7,0.4,14110.0,246.4
2018-07-17T15:55:07,37.0,193.1,221.2,0.4,14120.0,246.4
2018-07-17T15:55:39,37.0,215.0,221.8,0.3,14130.0,246.4
2018-07-17T15:56:10,37.0,228.0,224.8,0.3,14130.0,246.4
2018-07-17T15:56:41,37.0,204.3,230.7,0.4,14140.0,246.4
2018-07-17T15:57:12,37.0,186.6,230.7,0.4,14150.0,246.4
2018-07-17T15:57:43,37.0,206.7,220.6,0.3,14150.0,245.4
2018-07-17T15:58:14,36.9,228.6,223.6,0.3,14160.0,246.4
2018-07-17T15:58:45,36.9,213.8,232.4,0.4,14170.0,246.4
2018-07-17T15:59:16,36.9,194.9,230.1,0.4,14180.0,247.3
2018-07-17T15:59:47,36.9,216.2,225.4,0.3,14180.0,246.4
2018-07-17T16:00:18,36.9,225.0,220.6,0.3,14190.0,246.4
2018-07-17T16:00:49,36.9,203.2,229.5,0.4,14200.0,246.4
2018-07-17T16:01:21,36.9,212.6,232.4,0.4,14200.0,246.4
2018-07-17T16:01:52,36.8,229.7,223.6,0.3,14210.0,246.4
2018-07-17T16:02:23,36.8,207.9,220.6,0.4,14220.0,247.3
2018-07-17T16:02:54,36.8,208.5,228.3,0.3,14220.0,246.4
2018-07-17T16:03:25,36.8,228.6,231.3,0.3,14230.0,245.4
2018-07-17T16:03:56,36.8,212.0,229.5,0.3,14240.0,245.4
2018-07-17T16:04:27,36.8,191.9,227.7,0.3,14240.0,243.5
2018-07-17T16:04:58,36.8,171.9,226.5,0.4,14250.0,245.4
2018-07-17T16:05:29,36.7,150.0,224.8,0.5,14260.0,245.4
2018-07-17T16:06:00,36.7,132.9,220.6,0.6,14260.0,243.5
2018-07-17T16:06:31,36.7,154.1,222.4,0.5,14270.0,244.4
2018-07-17T16:07:02,36.7,173.6,231.3,0.4,14280.0,243.5
2018-07-17T16:07:33,36.7,193.7,234.2,0.4,14280.0,246.4
2018-07-17T16:08:04,36.7,215.6,229.5,0.3,14290.0,245.4
2018-07-17T16:08:35,36.7,232.1,224.2,0.3,14300.0,246.4
2018-07-17T16:09:06,36.7,209.1,221.8,0.3,14300.0,247.3
2018-07-17T16:09:37,36.7,189.0,230.1,0.4,14310.0,246.4
2018-07-17T16:10:08,36.7,167.7,230.7,0.5,14320.0,247.3
2018-07-17T16:10:40,36.5,145.3,220.6,0.5,14320.0,246.4
2018-07-17T16:11:11,36.5,161.2,227.1,0.5,14330.0,248.3
2018-07-17T16:11:42,36.5,183.1,236.6,0.4,14340.0,248.3
2018-07-17T16:12:13,36.5,204.3,225.9,0.4,14340.0,246.4
2018-07-17T16:12:44,36.5,224.4,219.4,0.3,14350.0,248.3
2018-07-17T16:13:15,36.5,222.7,227.7,0.3,14350.0,248.3
2018-07-17T16:13:46,36.5,202.0,235.4,0.3,14360.0,248.3
2018-07-17T16:14:17,36.5,181.9,231.3,0.4,14370.0,249.3
2018-07-17T16:14:48,36.5,160.0,222.4,0.5,14370.0,246.4
2018-07-17T16:15:19,36.5,137.6,233.6,0.7,14380.0,248.3
2018-07-17T16:15:51,36.4,113.4,231.9,1.1,14390.0,247.3
2018-07-17T16:16:22,36.4,112.2,224.2,1.1,14390.0,248.3
2018-07-17T16:16:53,36.4,119.3,234.8,1.0,14400.0,248.3
2018-07-17T16:17:24,36.4,105.7,234.8,1.1,14400.0,247.3
2018-07-17T16:17:55,36.4,125.8,231.9,0.9,14410.0,246.4
2018-07-17T16:18:26,36.4,121.0,221.2,1.1,14420.0,246.4
2018-07-17T16:18:57,36.3,114.6,228.9,1.1,14420.0,247.3
2018-07-17T16:19:28,36.3,111.6,235.4,1.1,14430.0,248.3
2018-07-17T16:19:59,36.3,113.4,227.7,1.2,14440.0,246.4
2018-07-17T16:20:30,36.3,102.7,225.4,1.6,14440.0,245.4
2018-07-17T16:21:02,36.3,102.7,227.1,1.9,14450.0,247.3
2018-07-17T16:21:33,36.3,103.9,232.4,1.6,14460.0,246.4
2018-07-17T16:22:04,36.3,103.9,219.4,1.7,14460.0,247.3
2018-07-17T16:22:35,36.3,102.7,232.4,1.9,14470.0,246.4
2018-07-17T16:23:06,36.3,102.7,232.4,1.8,14470.0,247.3
2018-07-17T16:23:37,36.2,102.7,224.8,1.8,14480.0,246.4
2018-07-17T16:24:08,36.2,103.9,224.2,1.7,14490.0,246.4
2018-07-17T16:24:39,36.2,102.7,231.3,1.8,14490.0,247.3
2018-07-17T16:25:10,36.2,102.7,232.4,1.8,14500.0,246.4
2018-07-17T16:25:41,36.2,103.9,223.0,1.6,14500.0,246.4
2018-07-17T16:26:13,36.2,102.7,227.7,1.8,14510.0,246.4
2018-07-17T16:26:44,36.2,102.7,232.4,1.8,14520.0,247.3
2018-07-17T16:27:15,36.2,102.7,234.2,1.7,14520.0,246.4
2018-07-17T16:27:46,36.2,102.7,224.8,1.8,14530.0,248.3
2018-07-17T16:28:17,36.2,102.7,230.1,1.7,14530.0,247.3
2018-07-17T16:28:48,36.2,102.7,237.2,1.7,14540.0,247.3
2018-07-17T16:29:19,36.2,103.3,225.9,1.6,14550.0,247.3
2018-07-17T16:29:50,36.2,103.3,225.4,1.5,14550.0,247.3
2018-07-17T16:30:21,36.2,112.8,236.6,1.3,14560.0,248.3
2018-07-17T16:30:52,36.2,113.4,230.7,1.6,14560.0,246.4
2018-07-17T16:31:23,36.2,103.9,223.6,1.6,14570.0,247.3
2018-07-17T16:31:54,36.1,114.6,233.6,1.4,14570.0,246.4
2018-07-17T16:32:26,36.1,106.9,223.6,1.7,14580.0,247.3
2018-07-17T16:32:57,36.2,108.1,232.4,1.3,14580.0,246.4
2018-07-17T16:33:28,36.2,117.5,225.9,1.1,14590.0,247.3
2018-07-17T16:33:59,36.2,112.8,232.4,1.0,14590.0,247.3
2018-07-17T16:34:30,36.1,109.8,232.4,0.9,14600.0,246.4
2018-07-17T16:35:01,36.1,116.9,224.8,0.9,14600.0,246.4
2018-07-17T16:35:32,36.2,106.9,224.8,1.1,14610.0,248.3
2018-07-17T16:36:03,36.1,103.9,237.2,1.4,14610.0,247.3
2018-07-17T16:36:34,36.1,102.7,235.4,1.4,14620.0,247.3
2018-07-17T16:37:05,36.1,117.5,234.8,1.1,14620.0,246.4
2018-07-17T16:37:36,36.1,106.9,231.9,1.5,14630.0,247.3
2018-07-17T16:38:07,36.1,103.9,232.4,1.6,14630.0,247.3
2018-07-17T16:38:38,36.1,103.9,228.3,1.6,14630.0,246.4
2018-07-17T16:39:09,36.1,109.8,214.7,1.5,14640.0,247.3
2018-07-17T16:39:40,36.1,114.0,210.6,1.3,14640.0,246.4
2018-07-17T16:40:11,36.1,116.9,206.4,1.0,14640.0,246.4
2018-07-17T16:40:43,36.1,106.9,204.6,1.1,14640.0,246.4
2018-07-17T16:41:14,36.0,113.4,202.3,1.0,14640.0,245.4
2018-07-17T16:41:45,36.0,103.9,220.6,1.1,14640.0,246.4
2018-07-17T16:42:16,36.0,105.7,240.7,0.9,14640.0,246.4
2018-07-17T16:42:47,35.9,113.4,237.2,0.9,14650.0,247.3
2018-07-17T16:43:18,35.9,128.7,215.3,0.7,14650.0,246.4
2018-07-17T16:43:49,35.9,144.7,215.3,0.6,14650.0,247.3
2018-07-17T16:44:20,35.7,159.4,236.0,0.5,14650.0,246.4
2018-07-17T16:44:51,35.7,137.0,225.4,0.7,14650.0,246.4
2018-07-17T16:45:22,35.7,134.6,204.6,0.6,14650.0,246.4
2018-07-17T16:45:54,35.6,116.3,204.6,1.0,14650.0,247.3
2018-07-17T16:46:25,35.6,108.1,225.9,1.0,14650.0,246.4
2018-07-17T16:46:56,35.6,106.9,224.8,1.0,14650.0,247.3
2018-07-17T16:47:27,35.5,105.1,204.6,1.0,14650.0,246.4
2018-07-17T16:47:58,35.5,118.1,183.3,0.9,14660.0,246.4
2018-07-17T16:48:29,35.5,103.3,175.7,1.0,14660.0,246.4
2018-07-17T16:49:00,35.4,105.1,197.5,0.8,14660.0,246.4
2018-07-17T16:49:31,35.4,106.9,218.3,1.0,14660.0,246.4
2018-07-17T16:50:02,35.4,117.5,238.4,0.9,14660.0,246.4
2018-07-17T16:50:34,35.4,125.8,220.6,0.8,14660.0,247.3
2018-07-17T16:51:05,35.3,102.7,200.5,1.2,14660.0,248.3
2018-07-17T16:51:36,35.3,115.1,202.3,0.9,14660.0,247.3
2018-07-17T16:52:07,35.3,109.8,223.0,1.0,14660.0,247.3
2018-07-17T16:52:38,35.2,106.9,236.0,1.1,14660.0,247.3
2018-07-17T16:53:09,35.2,116.9,214.7,0.9,14670.0,247.3
2018-07-17T16:53:40,35.2,124.0,193.4,0.9,14670.0,246.4
2018-07-17T16:54:11,35.0,108.6,216.5,1.0,14670.0,248.3
2018-07-17T16:54:42,35.0,115.1,236.0,0.9,14670.0,247.3
2018-07-17T16:55:13,34.9,137.6,225.4,0.9,14670.0,247.3
2018-07-17T16:55:45,34.9,146.4,205.8,0.8,14670.0,246.4
2018-07-17T16:56:16,34.8,150.0,194.0,0.7,14670.0,247.3
2018-07-17T16:56:47,34.7,152.4,214.7,0.5,14670.0,247.3
2018-07-17T16:57:18,34.8,150.0,234.2,0.5,14670.0,247.3
2018-07-17T16:57:49,34.7,135.2,228.3,0.4,14670.0,246.4
2018-07-17T16:58:20,34.7,133.5,207.0,0.3,14670.0,246.4
2018-07-17T16:58:51,34.6,129.3,187.5,0.3,14680.0,246.4
2018-07-17T16:59:22,34.6,124.6,188.1,0.2,14680.0,247.3
2018-07-17T16:59:53,34.6,140.0,209.4,0.2,14680.0,247.3
2018-07-17T17:00:24,34.5,119.3,230.1,0.2,14680.0,245.4
2018-07-17T17:00:55,34.5,105.1,215.3,0.2,14680.0,245.4
2018-07-17T17:01:27,34.4,125.2,192.8,0.2,14680.0,246.4
2018-07-17T17:01:58,34.4,145.3,172.7,0.2,14680.0,245.4
2018-07-17T17:02:29,34.2,167.1,191.6,0.2,14680.0,246.4
2018-07-17T17:03:00,34.2,189.6,210.0,0.1,14680.0,246.4
2018-07-17T17:03:31,34.1,194.3,224.8,0.1,14680.0,246.4
2018-07-17T17:04:02,34.1,180.1,202.9,0.1,14680.0,245.4
2018-07-17T17:04:33,34.0,200.2,191.6,0.1,14680.0,245.4
2018-07-17T17:05:04,34.0,178.9,215.3,0.1,14680.0,245.4
2018-07-17T17:05:35,33.9,157.7,228.3,0.1,14680.0,245.4
2018-07-17T17:06:07,33.9,168.3,207.6,0.1,14680.0,244.4
2018-07-17T17:06:38,33.9,189.6,182.8,0.1,14680.0,245.4
2018-07-17T17:07:09,33.8,191.9,173.9,0.0,14680.0,247.3
2018-07-17T17:07:40,33.8,168.9,192.8,0.0,14680.0,245.4
2018-07-17T17:08:11,33.7,149.4,215.3,0.0,14680.0,246.4
2018-07-17T17:08:42,33.5,140.0,231.3,0.0,14680.0,245.4
2018-07-17T17:09:13,33.5,163.6,208.2,0.1,14680.0,245.4
2018-07-17T17:09:44,33.5,184.3,186.9,0.0,14680.0,244.4
2018-07-17T17:10:15,33.4,199.0,168.0,0.0,14680.0,244.4
2018-07-17T17:10:46,33.3,197.3,144.9,0.0,14680.0,244.4
2018-07-17T17:11:18,33.2,196.7,232.4,0.0,14680.0,244.4
2018-07-17T17:11:49,33.2,194.9,223.0,0.0,14680.0,243.5
2018-07-17T17:12:20,33.1,193.7,220.6,0.0,14680.0,244.4
2018-07-17T17:12:51,33.1,190.2,218.3,0.0,14680.0,245.4
2018-07-17T17:13:22,33.0,185.4,214.1,0.0,14680.0,245.4
2018-07-17T17:13:53,33.0,177.2,206.4,0.0,14680.0,245.4
2018-07-17T17:14:24,32.9,168.9,192.8,0.0,14680.0,244.4
2018-07-17T17:14:55,32.9,161.2,179.2,0.0,14680.0,244.4
2018-07-17T17:15:26,32.7,186.6,188.7,0.0,14680.0,245.4
2018-07-17T17:15:57,32.7,183.1,183.3,0.0,14680.0,243.5
2018-07-17T17:16:29,32.6,178.9,179.2,0.0,14680.0,244.4
2018-07-17T17:17:00,32.6,142.3,175.1,0.0,14680.0,245.4
2018-07-17T17:17:31,32.5,162.4,162.6,0.0,14680.0,244.4
2018-07-17T17:18:02,32.5,150.0,150.2,0.0,14680.0,244.4
2018-07-17T17:18:33,32.4,129.3,129.5,0.0,14680.0,245.4
2018-07-17T17:19:04,32.4,59.6,59.7,0.0,14680.0,243.5
