2018-03-29T06:59:11,26.1,205.5,218.8,0.3,0.4,50.0,6.0,12.32
2018-03-29T06:59:42,26.1,201.4,239.5,0.3,0.3,50.0,6.0,11.94
2018-03-29T07:00:13,26.1,181.9,219.4,0.3,0.4,50.0,6.0,12.96
2018-03-29T07:00:44,26.1,157.1,197.0,0.4,0.5,50.0,7.0,14.44
2018-03-29T07:01:16,26.1,135.2,173.9,0.5,0.6,50.0,8.0,15.66
2018-03-29T07:01:47,26.1,115.1,153.2,0.6,0.7,50.0,7.0,15.22
2018-03-29T07:02:18,26.4,134.6,162.6,0.6,0.7,60.0,8.0,17.33
2018-03-29T07:02:49,26.4,157.7,186.9,0.6,0.7,60.0,11.0,19.52
2018-03-29T07:03:20,26.4,179.5,208.8,0.5,0.6,60.0,10.0,20.29
2018-03-29T07:03:51,26.4,199.0,228.9,0.5,0.6,60.0,9.0,19.92
2018-03-29T07:04:22,26.4,203.7,227.1,0.4,0.4,60.0,9.0,17.04
2018-03-29T07:04:53,26.8,207.9,227.1,0.3,0.4,60.0,6.0,13.62
2018-03-29T07:05:24,26.8,194.3,220.0,0.4,0.4,60.0,6.0,12.27
2018-03-29T07:05:55,26.8,215.6,231.3,0.3,0.4,70.0,6.0,12.95
2018-03-29T07:06:26,26.8,200.8,250.2,0.5,0.3,70.0,8.0,14.84
2018-03-29T07:06:57,26.8,198.4,236.6,0.5,0.5,70.0,10.0,19.2
2018-03-29T07:07:28,27.2,217.9,239.0,0.4,0.5,70.0,9.0,20.24
2018-03-29T07:07:59,27.2,197.3,215.9,0.6,0.6,70.0,11.0,20.76
2018-03-29T07:08:30,27.2,213.2,237.8,0.5,0.5,70.0,10.0,20.73
2018-03-29T07:09:01,27.2,210.8,230.1,0.6,0.6,80.0,10.0,22.79
2018-03-29T07:09:32,27.5,213.2,218.8,0.5,0.6,80.0,9.0,19.73
2018-03-29T07:10:03,27.5,206.7,221.2,0.4,0.5,80.0,8.0,16.9
2018-03-29T07:10:35,27.5,211.4,225.4,0.4,0.4,80.0,8.0,15.54
2018-03-29T07:11:06,27.5,217.3,225.4,0.3,0.3,80.0,6.0,12.75
2018-03-29T07:11:37,27.5,200.8,204.1,0.4,0.4,80.0,7.0,15.47
2018-03-29T07:12:08,27.5,213.8,196.4,0.3,0.3,80.0,5.0,11.75
2018-03-29T07:12:39,27.9,199.0,209.4,0.3,0.3,80.0,6.0,12.76
2018-03-29T07:13:10,27.9,201.4,211.7,0.3,0.3,90.0,5.0,10.84
2018-03-29T07:13:41,27.9,184.8,213.5,0.4,0.3,90.0,5.0,10.82
2018-03-29T07:14:12,27.9,197.8,224.2,0.3,0.3,90.0,5.0,9.19
2018-03-29T07:14:43,27.9,186.0,234.8,0.3,0.3,90.0,4.0,9.09
2018-03-29T07:15:14,28.3,165.9,212.9,0.3,0.3,90.0,5.0,10.06
2018-03-29T07:15:46,28.3,143.5,189.3,0.5,0.4,90.0,6.0,11.9
2018-03-29T07:16:17,28.3,121.0,194.6,0.5,0.5,90.0,7.0,13.74
2018-03-29T07:16:48,28.3,121.6,215.9,0.6,0.5,90.0,8.0,15.4
2018-03-29T07:17:19,28.3,139.4,230.7,0.5,0.4,90.0,7.0,14.33
2018-03-29T07:17:50,28.3,157.1,223.6,0.5,0.4,90.0,7.0,14.81
2018-03-29T07:18:21,28.3,177.8,240.1,0.4,0.3,100.0,8.0,14.84
2018-03-29T07:18:52,28.3,196.7,236.6,0.4,0.4,100.0,7.0,14.9
2018-03-29T07:19:23,28.6,217.3,223.0,0.3,0.4,100.0,7.0,14.83
2018-03-29T07:19:54,28.3,194.9,202.9,0.4,0.5,100.0,8.0,15.64
2018-03-29T07:20:25,28.3,174.2,194.6,0.4,0.5,100.0,8.0,15.2
2018-03-29T07:20:56,28.6,187.2,218.3,0.4,0.5,100.0,9.0,16.64
2018-03-29T07:21:28,28.6,207.9,239.0,0.4,0.4,100.0,8.0,16.78
2018-03-29T07:21:59,28.3,197.3,225.9,0.4,0.5,110.0,7.0,16.27
2018-03-29T07:22:30,28.6,215.6,205.8,0.3,0.5,110.0,7.0,15.91
2018-03-29T07:23:01,28.6,203.2,204.1,0.3,0.5,110.0,8.0,14.95
2018-03-29T07:23:32,28.6,205.5,225.4,0.3,0.4,110.0,7.0,14.54
2018-03-29T07:24:03,29.0,202.0,235.4,0.3,0.4,110.0,7.0,13.91
2018-03-29T07:24:34,29.0,212.0,214.1,0.3,0.4,110.0,7.0,14.04
2018-03-29T07:25:05,29.0,191.9,193.4,0.4,0.5,110.0,6.0,13.9
2018-03-29T07:25:36,29.0,168.9,210.6,0.4,0.5,110.0,6.0,14.33
2018-03-29T07:26:08,29.0,185.4,227.7,0.3,0.4,120.0,6.0,13.53
2018-03-29T07:26:39,29.4,191.9,227.1,0.2,0.3,120.0,6.0,11.91
2018-03-29T07:27:10,29.0,199.0,225.9,0.2,0.3,120.0,5.0,10.55
2018-03-29T07:27:41,29.4,206.7,232.4,0.2,0.3,120.0,4.0,9.42
2018-03-29T07:28:12,29.4,199.0,211.2,0.2,0.3,120.0,4.0,9.11
2018-03-29T07:28:43,29.4,178.9,192.8,0.2,0.3,120.0,4.0,8.88
2018-03-29T07:29:14,29.4,157.7,216.5,0.3,0.3,120.0,4.0,9.78
2018-03-29T07:29:45,29.4,137.6,237.8,0.3,0.3,120.0,5.0,11.23
2018-03-29T07:30:16,29.4,116.9,237.8,0.4,0.4,120.0,5.0,12.87
2018-03-29T07:30:47,29.7,107.5,214.7,0.5,0.6,120.0,7.0,14.43
2018-03-29T07:31:19,29.7,131.7,227.7,0.5,0.6,130.0,9.0,16.78
2018-03-29T07:31:50,29.7,153.5,244.9,0.5,0.5,130.0,10.0,17.49
2018-03-29T07:32:21,29.7,148.2,239.5,0.5,0.5,130.0,9.0,19.23
2018-03-29T07:32:52,29.7,163.0,217.1,0.5,0.7,130.0,10.0,20.75
2018-03-29T07:33:23,29.7,184.8,197.5,0.5,0.7,130.0,10.0,21.08
2018-03-29T07:33:54,29.7,206.7,213.5,0.5,0.7,130.0,10.0,22.44
2018-03-29T07:34:25,30.1,216.2,235.4,0.5,0.7,140.0,11.0,22.7
2018-03-29T07:34:56,30.1,217.9,227.1,0.4,0.7,140.0,11.0,21.89
2018-03-29T07:35:27,30.1,203.7,212.9,0.4,0.6,140.0,11.0,21.01
2018-03-29T07:35:58,30.1,220.9,239.5,0.4,0.7,140.0,12.0,23.83
2018-03-29T07:36:29,30.2,205.5,237.8,0.5,0.8,140.0,11.0,26.98
2018-03-29T07:37:00,30.2,183.1,216.5,0.6,0.8,150.0,12.0,26.47
2018-03-29T07:37:31,30.2,187.8,230.7,0.6,0.8,150.0,13.0,26.63
2018-03-29T07:38:02,30.2,209.1,234.8,0.5,0.8,150.0,13.0,26.38
2018-03-29T07:38:33,30.2,213.8,212.9,0.6,0.9,150.0,11.0,26.49
2018-03-29T07:39:04,30.2,191.9,194.0,0.6,0.9,160.0,13.0,27.11
2018-03-29T07:39:35,30.3,182.5,194.6,0.7,1.0,160.0,13.0,29.9
2018-03-29T07:40:06,30.3,202.0,194.6,0.7,1.0,160.0,14.0,31.4
2018-03-29T07:40:38,30.4,178.9,221.2,0.9,1.2,160.0,16.0,36.68
2018-03-29T07:41:09,30.3,202.6,247.2,0.9,1.2,170.0,19.0,43.36
2018-03-29T07:41:40,30.3,220.9,239.5,1.1,1.5,170.0,24.0,53.28
2018-03-29T07:42:11,30.3,199.0,216.5,1.3,1.6,180.0,23.0,54.52
2018-03-29T07:42:42,30.3,187.2,227.7,1.2,1.6,180.0,22.0,55.79
2018-03-29T07:43:13,30.3,196.1,247.8,1.3,1.5,180.0,24.0,56.55
2018-03-29T07:43:44,30.3,202.0,223.6,1.3,1.8,190.0,25.0,58.73
2018-03-29T07:44:15,30.3,175.4,201.1,1.7,2.0,200.0,26.0,62.11
2018-03-29T07:44:46,30.3,189.6,220.0,1.6,1.9,200.0,29.0,67.61
2018-03-29T07:45:17,30.3,197.3,236.6,1.3,1.7,210.0,28.0,62.55
2018-03-29T07:45:49,30.3,199.6,237.2,1.4,1.7,210.0,25.0,61.03
2018-03-29T07:46:20,30.4,222.1,238.4,1.3,1.6,220.0,27.0,59.64
2018-03-29T07:46:51,30.5,220.3,236.0,1.0,1.4,220.0,24.0,52.55
2018-03-29T07:47:22,30.4,217.9,234.8,1.0,1.3,230.0,23.0,49.34
2018-03-29T07:47:53,30.4,223.2,230.1,1.1,1.5,230.0,21.0,50.35
2018-03-29T07:48:24,30.4,212.6,243.1,1.2,1.5,240.0,24.0,57.3
2018-03-29T07:48:55,30.5,216.2,235.4,1.4,1.6,240.0,26.0,63.26
2018-03-29T07:49:26,30.5,206.7,241.9,1.2,1.4,250.0,24.0,57.43
2018-03-29T07:49:57,30.5,213.2,228.9,1.3,1.5,250.0,25.0,54.81
2018-03-29T07:50:28,30.5,218.5,233.6,0.9,1.1,260.0,20.0,43.09
2018-03-29T07:51:00,30.5,213.8,234.8,0.8,0.9,260.0,15.0,36.07
2018-03-29T07:51:31,30.5,215.6,234.2,0.7,0.9,260.0,17.0,33.63
2018-03-29T07:52:02,30.5,213.2,230.7,0.7,0.9,260.0,14.0,33.01
2018-03-29T07:52:33,30.5,218.5,230.1,0.7,1.0,270.0,15.0,33.58
2018-03-29T07:53:04,30.5,214.4,237.8,0.7,1.0,270.0,18.0,37.93
2018-03-29T07:53:35,30.5,212.0,231.9,0.7,1.1,270.0,17.0,40.52
2018-03-29T07:54:06,30.5,221.5,253.2,0.8,1.1,280.0,18.0,40.88
2018-03-29T07:54:37,30.5,211.4,228.9,0.8,1.3,280.0,21.0,43.91
2018-03-29T07:55:08,30.5,215.0,240.1,0.8,1.1,280.0,19.0,41.19
2018-03-29T07:55:39,30.5,193.7,218.8,0.9,1.2,290.0,19.0,41.13
2018-03-29T07:56:10,30.5,199.0,240.7,0.9,1.2,290.0,19.0,39.76
2018-03-29T07:56:41,30.5,220.3,221.8,0.8,1.2,300.0,15.0,40.47
2018-03-29T07:57:12,30.7,207.9,230.7,0.8,1.1,300.0,20.0,41.33
2018-03-29T07:57:43,30.7,223.8,250.2,0.7,1.0,300.0,18.0,40.11
2018-03-29T07:58:14,30.7,202.0,227.7,0.9,1.1,310.0,16.0,41.77
2018-03-29T07:58:45,30.7,184.8,240.7,1.1,1.3,310.0,21.0,46.13
2018-03-29T07:59:16,30.8,176.6,239.5,1.2,1.4,310.0,21.0,47.25
2018-03-29T07:59:47,30.8,191.3,227.7,1.1,1.4,320.0,20.0,46.14
2018-03-29T08:00:18,30.7,191.3,246.6,1.0,1.1,320.0,19.0,44.43
2018-03-29T08:00:50,30.8,196.7,236.6,0.9,1.2,330.0,18.0,39.41
2018-03-29T08:01:21,30.9,197.8,238.4,0.7,0.9,330.0,14.0,33.15
2018-03-29T08:01:52,30.9,191.3,231.9,0.6,0.9,330.0,14.0,28.85
2018-03-29T08:02:23,30.9,199.0,224.8,0.6,0.8,330.0,13.0,27.7
2018-03-29T08:02:54,30.9,219.1,233.6,0.5,0.8,340.0,13.0,26.04
2018-03-29T08:03:25,30.9,215.6,229.5,0.5,0.8,340.0,12.0,23.96
2018-03-29T08:03:56,30.9,211.4,232.4,0.4,0.6,340.0,11.0,21.83
2018-03-29T08:04:27,31.0,206.1,234.8,0.4,0.6,340.0,9.0,20.34
2018-03-29T08:04:58,31.0,186.0,215.3,0.5,0.7,340.0,9.0,20.24
2018-03-29T08:05:29,31.0,163.6,194.6,0.6,0.7,350.0,9.0,20.38
2018-03-29T08:06:01,31.0,142.9,204.6,0.6,0.7,350.0,10.0,20.81
2018-03-29T08:06:32,31.0,166.5,230.1,0.6,0.7,350.0,12.0,23.96
2018-03-29T08:07:03,31.0,188.4,241.9,0.5,0.7,350.0,10.0,25.0
2018-03-29T08:07:34,31.0,209.7,220.6,0.5,0.8,350.0,12.0,25.0
2018-03-29T08:08:05,31.0,187.8,236.0,0.5,0.8,360.0,10.0,25.3
2018-03-29T08:08:36,31.1,207.9,237.2,0.5,0.7,360.0,10.0,23.64
2018-03-29T08:09:07,31.0,212.6,218.8,0.5,0.8,360.0,11.0,24.2
2018-03-29T08:09:38,31.0,189.6,198.7,0.6,0.9,360.0,12.0,25.29
2018-03-29T08:10:09,31.0,167.7,178.0,0.8,1.0,360.0,13.0,26.44
2018-03-29T08:10:40,31.1,145.9,155.5,0.8,1.1,370.0,11.0,26.69
2018-03-29T08:11:12,31.1,127.0,156.1,1.1,1.3,370.0,14.0,29.05
2018-03-29T08:11:43,31.0,104.5,186.9,1.1,1.4,370.0,15.0,34.81
2018-03-29T08:12:14,31.0,122.8,214.7,1.1,1.4,370.0,18.0,40.11
2018-03-29T08:12:45,31.1,145.3,236.6,0.9,1.2,380.0,17.0,40.55
2018-03-29T08:13:16,31.1,166.5,240.1,0.9,1.2,380.0,18.0,39.56
2018-03-29T08:13:47,31.1,171.3,235.4,0.8,1.1,380.0,15.0,35.44
2018-03-29T08:14:18,31.2,178.3,240.7,0.7,1.0,390.0,15.0,32.81
2018-03-29T08:14:49,31.1,172.4,227.7,0.7,1.0,390.0,14.0,32.36
2018-03-29T08:15:20,31.1,194.3,234.2,0.6,1.0,390.0,13.0,32.69
2018-03-29T08:15:51,31.2,216.2,227.1,0.6,1.0,400.0,16.0,32.87
2018-03-29T08:16:22,31.2,210.8,226.5,0.6,1.0,400.0,16.0,33.55
2018-03-29T08:16:53,31.2,216.2,232.4,0.5,0.9,400.0,14.0,30.05
2018-03-29T08:17:24,31.2,212.6,232.4,0.5,0.9,400.0,12.0,27.2
2018-03-29T08:17:55,31.2,191.3,241.9,0.6,0.8,410.0,13.0,29.85
2018-03-29T08:18:26,31.2,216.2,227.7,0.6,1.0,410.0,17.0,34.39
2018-03-29T08:18:57,31.1,220.9,237.2,0.8,1.2,410.0,17.0,40.31
2018-03-29T08:19:28,31.1,210.2,247.2,0.9,1.2,420.0,18.0,44.74
2018-03-29T08:19:59,31.2,196.1,227.1,1.0,1.4,420.0,18.0,48.87
2018-03-29T08:20:30,31.2,210.8,243.1,1.0,1.4,420.0,21.0,49.87
2018-03-29T08:21:02,31.4,219.1,239.0,0.8,1.3,430.0,21.0,48.25
2018-03-29T08:21:33,31.4,216.2,230.1,0.8,1.4,430.0,19.0,43.5
2018-03-29T08:22:04,31.4,215.6,242.5,0.7,1.2,440.0,16.0,38.54
2018-03-29T08:22:35,31.4,220.9,233.0,0.7,1.1,440.0,18.0,35.84
2018-03-29T08:23:06,31.4,207.3,234.2,0.6,1.0,440.0,16.0,34.07
2018-03-29T08:23:37,31.4,214.4,233.6,0.6,1.0,450.0,15.0,31.44
2018-03-29T08:24:08,31.4,217.9,230.1,0.6,0.9,450.0,12.0,29.96
2018-03-29T08:24:39,31.4,207.9,225.9,0.6,0.9,450.0,12.0,28.42
2018-03-29T08:25:10,31.4,186.0,205.8,0.6,1.0,450.0,13.0,29.76
2018-03-29T08:25:41,31.4,162.4,183.9,0.9,1.2,460.0,14.0,31.46
2018-03-29T08:26:13,31.4,141.1,182.2,1.0,1.3,460.0,15.0,32.19
2018-03-29T08:26:44,31.4,128.1,214.7,1.1,1.4,460.0,17.0,38.77
2018-03-29T08:27:15,31.5,154.7,241.9,1.1,1.4,460.0,20.0,46.96
2018-03-29T08:27:46,31.5,164.8,243.7,1.1,1.5,470.0,21.0,47.13
2018-03-29T08:28:17,31.4,174.8,236.0,1.0,1.4,470.0,18.0,46.85
2018-03-29T08:28:48,31.4,184.3,237.8,0.8,1.3,480.0,22.0,43.95
2018-03-29T08:29:19,31.4,189.6,236.0,0.6,1.0,480.0,15.0,34.74
2018-03-29T08:29:50,31.5,202.6,236.0,0.5,0.8,480.0,12.0,28.62
2018-03-29T08:30:21,31.5,211.4,229.5,0.5,0.9,490.0,13.0,29.32
2018-03-29T08:30:52,31.5,212.0,246.1,0.6,0.9,490.0,14.0,31.17
2018-03-29T08:31:24,31.5,206.7,228.9,0.6,1.0,490.0,15.0,31.53
2018-03-29T08:31:55,31.6,219.1,236.0,0.5,0.8,490.0,13.0,28.09
2018-03-29T08:32:26,31.6,215.6,228.9,0.5,0.9,500.0,11.0,26.05
2018-03-29T08:32:57,31.5,203.7,235.4,0.5,0.8,500.0,11.0,26.22
2018-03-29T08:33:28,31.5,180.7,213.5,0.6,0.9,500.0,13.0,27.65
2018-03-29T08:33:59,31.5,159.4,191.6,0.8,1.0,500.0,14.0,29.4
2018-03-29T08:34:30,31.5,137.6,170.9,1.0,1.3,510.0,14.0,30.15
2018-03-29T08:35:01,31.6,114.0,146.7,1.3,1.6,510.0,14.0,32.89
2018-03-29T08:35:32,31.6,115.1,142.5,1.3,1.7,510.0,15.0,34.67
2018-03-29T08:36:04,31.6,118.7,162.0,1.4,1.8,510.0,16.0,39.9
2018-03-29T08:36:35,31.7,138.2,182.2,1.1,1.5,520.0,18.0,39.91
2018-03-29T08:37:06,31.7,161.2,201.1,1.0,1.4,520.0,18.0,40.97
2018-03-29T08:37:37,31.7,182.5,225.9,0.9,1.2,520.0,19.0,42.5
2018-03-29T08:38:08,31.7,204.9,246.6,0.9,1.3,530.0,18.0,43.92
2018-03-29T08:38:39,31.7,220.9,231.3,0.9,1.5,530.0,21.0,50.34
2018-03-29T08:39:10,31.8,199.6,210.6,1.1,1.7,540.0,23.0,50.39
2018-03-29T08:39:41,31.8,178.9,225.4,1.2,1.7,540.0,22.0,52.62
2018-03-29T08:40:12,31.8,176.6,243.1,1.1,1.5,550.0,23.0,51.88
2018-03-29T08:40:43,31.8,200.8,229.5,1.2,1.8,550.0,25.0,57.06
2018-03-29T08:41:15,31.9,222.7,237.8,1.0,1.7,560.0,23.0,58.27
2018-03-29T08:41:46,31.8,223.2,238.4,1.0,1.7,560.0,25.0,55.31
2018-03-29T08:42:17,31.9,220.9,239.0,0.9,1.5,560.0,21.0,50.04
2018-03-29T08:42:48,31.9,220.9,237.8,0.9,1.4,570.0,20.0,47.26
2018-03-29T08:43:19,31.9,206.7,246.6,1.0,1.3,570.0,19.0,46.63
2018-03-29T08:43:50,31.9,216.2,231.3,0.8,1.3,580.0,19.0,44.26
2018-03-29T08:44:21,32.0,217.9,233.0,0.6,1.0,580.0,17.0,35.87
2018-03-29T08:44:52,32.0,210.2,232.4,0.5,0.9,580.0,12.0,30.38
2018-03-29T08:45:23,32.0,208.5,228.3,0.5,0.8,590.0,13.0,28.44
2018-03-29T08:45:54,32.0,185.4,205.2,0.7,1.0,590.0,14.0,30.32
2018-03-29T08:46:25,32.0,161.2,181.6,0.9,1.2,590.0,15.0,34.11
2018-03-29T08:46:56,32.2,140.5,158.5,1.0,1.4,590.0,16.0,35.21
2018-03-29T08:47:27,32.2,116.9,137.8,1.5,1.8,600.0,17.0,37.65
2018-03-29T08:47:58,32.2,111.6,115.9,1.9,2.2,600.0,19.0,40.48
2018-03-29T08:48:29,32.2,131.1,139.0,1.4,1.9,600.0,18.0,40.91
2018-03-29T08:49:00,32.3,130.5,150.8,1.2,1.6,610.0,14.0,34.43
2018-03-29T08:49:31,32.3,135.2,167.4,1.0,1.4,610.0,13.0,31.74
2018-03-29T08:50:02,32.3,156.5,188.7,0.8,1.2,610.0,15.0,32.66
2018-03-29T08:50:34,32.3,178.3,210.6,0.7,1.1,620.0,16.0,32.77
2018-03-29T08:51:05,32.3,199.6,231.9,0.6,1.0,620.0,15.0,32.94
2018-03-29T08:51:36,32.3,220.3,234.8,0.7,1.1,620.0,16.0,34.83
2018-03-29T08:52:07,32.4,204.3,212.3,0.8,1.2,620.0,16.0,35.83
2018-03-29T08:52:38,32.4,217.3,207.0,0.7,1.1,630.0,13.0,35.39
2018-03-29T08:53:09,32.3,215.6,227.1,0.6,0.9,630.0,13.0,33.9
2018-03-29T08:53:40,32.3,213.8,225.9,0.6,0.9,630.0,15.0,31.74
2018-03-29T08:54:11,32.4,213.2,229.5,0.6,0.9,640.0,13.0,29.82
2018-03-29T08:54:42,32.4,210.2,231.3,0.5,0.8,640.0,12.0,26.82
2018-03-29T08:55:13,32.3,211.4,233.0,0.5,0.8,640.0,13.0,26.72
2018-03-29T08:55:45,32.4,198.4,243.1,0.7,0.9,640.0,13.0,29.68
2018-03-29T08:56:16,32.4,222.1,221.2,0.7,1.1,650.0,15.0,35.31
2018-03-29T08:56:47,32.3,199.6,245.5,0.9,1.2,650.0,17.0,41.45
2018-03-29T08:57:18,32.4,174.8,227.1,1.1,1.5,650.0,18.0,49.6
2018-03-29T08:57:49,32.4,154.1,206.4,1.2,1.6,660.0,19.0,48.95
2018-03-29T08:58:20,32.4,176.0,230.1,1.1,1.5,660.0,21.0,51.55
2018-03-29T08:58:51,32.4,186.0,231.9,1.0,1.4,670.0,20.0,44.53
2018-03-29T08:59:22,32.5,193.1,231.3,0.8,1.1,670.0,17.0,37.02
2018-03-29T08:59:53,32.5,190.8,232.4,0.7,0.9,670.0,14.0,30.5
2018-03-29T09:00:24,32.5,189.6,230.1,0.5,0.7,670.0,10.0,24.61
2018-03-29T09:00:56,32.5,184.3,227.7,0.4,0.6,680.0,8.0,20.65
2018-03-29T09:01:27,32.4,183.1,220.0,0.4,0.6,680.0,9.0,18.64
2018-03-29T09:01:58,32.4,170.1,231.9,0.5,0.6,680.0,9.0,19.02
2018-03-29T09:02:29,32.4,190.2,232.4,0.5,0.6,680.0,9.0,20.42
2018-03-29T09:03:00,32.4,210.8,225.9,0.4,0.6,680.0,10.0,18.71
2018-03-29T09:03:31,32.4,199.0,225.9,0.3,0.5,680.0,9.0,16.69
2018-03-29T09:04:02,32.4,217.9,220.0,0.3,0.6,690.0,8.0,16.6
2018-03-29T09:04:33,32.4,193.7,243.1,0.4,0.5,690.0,9.0,18.6
2018-03-29T09:05:04,32.2,171.9,225.9,0.5,0.6,690.0,11.0,21.4
2018-03-29T09:05:35,32.2,158.3,211.7,0.6,0.7,690.0,11.0,21.34
2018-03-29T09:06:07,32.2,180.7,237.8,0.6,0.8,690.0,13.0,25.48
2018-03-29T09:06:38,32.2,177.8,231.9,0.8,1.0,700.0,15.0,32.73
2018-03-29T09:07:09,32.2,181.3,231.9,0.8,1.2,700.0,17.0,38.68
2018-03-29T09:07:40,32.2,160.6,253.2,0.9,1.1,700.0,18.0,39.51
2018-03-29T09:08:11,32.2,139.4,224.2,1.1,1.4,710.0,18.0,43.37
2018-03-29T09:08:42,32.2,129.9,232.4,1.1,1.5,710.0,20.0,44.8
2018-03-29T09:09:13,32.2,150.0,239.0,0.9,1.2,710.0,16.0,41.17
2018-03-29T09:09:44,32.2,155.3,237.2,0.8,1.1,720.0,14.0,34.32
2018-03-29T09:10:15,32.3,176.0,239.0,0.6,0.9,720.0,13.0,31.29
2018-03-29T09:10:46,32.3,197.3,233.0,0.6,0.9,720.0,14.0,30.39
2018-03-29T09:11:18,32.3,219.7,212.9,0.6,1.0,720.0,14.0,30.76
2018-03-29T09:11:49,32.3,204.9,231.9,0.6,1.0,730.0,14.0,30.84
2018-03-29T09:12:20,32.3,216.7,230.7,0.6,0.9,730.0,14.0,30.5
2018-03-29T09:12:51,32.3,194.9,209.4,0.7,1.0,730.0,14.0,30.83
2018-03-29T09:13:22,32.4,174.8,189.3,0.7,1.1,740.0,13.0,29.72
2018-03-29T09:13:53,32.4,176.6,214.1,0.7,1.1,740.0,15.0,32.73
2018-03-29T09:14:24,32.4,198.4,239.0,0.7,1.1,740.0,16.0,35.77
2018-03-29T09:14:55,32.4,222.1,234.2,0.7,1.2,740.0,17.0,38.7
2018-03-29T09:15:26,32.3,204.9,213.5,0.7,1.3,750.0,17.0,37.88
2018-03-29T09:15:57,32.2,196.1,239.0,0.7,1.2,750.0,17.0,40.45
2018-03-29T09:16:28,32.2,216.7,228.9,0.7,1.3,750.0,17.0,39.7
2018-03-29T09:16:59,32.2,210.8,244.9,0.8,1.2,760.0,18.0,40.72
2018-03-29T09:17:30,32.3,189.6,233.0,0.9,1.3,760.0,17.0,42.16
2018-03-29T09:18:01,32.3,196.7,233.6,0.7,1.2,770.0,16.0,39.47
2018-03-29T09:18:32,32.4,199.0,232.4,0.7,1.1,770.0,15.0,37.62
2018-03-29T09:19:03,32.4,222.7,211.7,0.9,1.3,770.0,18.0,40.63
2018-03-29T09:19:34,32.4,214.4,230.7,1.0,1.5,780.0,22.0,48.57
2018-03-29T09:20:05,32.4,214.4,239.5,0.9,1.3,780.0,21.0,48.67
2018-03-29T09:20:37,32.4,219.7,235.4,0.8,1.3,780.0,20.0,46.01
2018-03-29T09:21:08,32.4,217.3,235.4,0.8,1.2,790.0,17.0,41.6
2018-03-29T09:21:39,32.4,213.8,236.0,0.7,1.1,790.0,18.0,38.74
2018-03-29T09:22:10,32.4,223.2,222.4,0.7,1.2,790.0,16.0,37.47
2018-03-29T09:22:41,32.4,203.2,241.9,0.9,1.3,800.0,18.0,41.24
2018-03-29T09:23:12,32.4,176.0,239.5,1.0,1.4,800.0,19.0,49.21
2018-03-29T09:23:43,32.4,153.5,214.7,1.3,1.7,810.0,21.0,52.77
2018-03-29T09:24:14,32.5,133.5,192.8,1.6,2.0,810.0,23.0,53.57
2018-03-29T09:24:45,32.5,109.8,168.0,2.0,2.4,820.0,25.0,57.26
2018-03-29T09:25:16,32.5,121.6,159.7,2.4,2.9,820.0,31.0,66.52
2018-03-29T09:25:48,32.6,148.2,189.9,2.5,3.2,830.0,36.0,87.36
2018-03-29T09:26:19,32.6,172.4,218.3,2.1,2.8,840.0,36.0,93.61
2018-03-29T09:26:50,32.5,173.6,229.5,2.0,2.6,840.0,37.0,86.0
2018-03-29T09:27:21,32.6,174.8,239.0,1.6,2.2,850.0,33.0,77.38
2018-03-29T09:27:52,32.6,177.8,237.8,1.5,2.1,860.0,31.0,70.68
2018-03-29T09:28:23,32.6,178.3,237.8,1.3,1.9,860.0,27.0,64.71
2018-03-29T09:28:54,32.6,203.7,227.7,1.4,2.1,870.0,30.0,68.83
2018-03-29T09:29:25,32.7,229.7,204.1,1.4,2.5,870.0,30.0,73.82
2018-03-29T09:29:56,32.7,208.5,234.8,1.8,2.7,880.0,36.0,89.48
2018-03-29T09:30:27,32.7,183.1,249.6,2.3,2.8,890.0,43.0,106.26
2018-03-29T09:30:59,32.9,210.2,225.4,2.2,3.3,900.0,44.0,111.75
2018-03-29T09:31:30,32.9,216.7,249.0,2.2,2.9,910.0,49.0,115.86
2018-03-29T09:32:01,32.9,220.3,236.0,2.3,3.4,920.0,50.0,125.8
2018-03-29T09:32:32,32.9,225.6,236.6,2.0,3.0,930.0,47.0,108.92
2018-03-29T09:33:03,32.9,215.6,246.1,1.8,2.5,940.0,39.0,93.25
2018-03-29T09:33:34,32.7,212.6,242.5,1.3,1.8,940.0,28.0,68.24
2018-03-29T09:34:05,32.9,213.2,235.4,1.2,1.8,950.0,26.0,59.6
2018-03-29T09:34:36,32.9,220.3,226.5,1.2,1.8,960.0,25.0,58.22
2018-03-29T09:35:07,32.9,209.1,204.6,1.3,2.0,960.0,26.0,62.35
2018-03-29T09:35:38,32.9,184.8,181.6,1.6,2.4,970.0,27.0,65.57
2018-03-29T09:36:10,32.9,173.6,191.6,1.7,2.4,970.0,29.0,71.12
2018-03-29T09:36:41,33.0,200.2,225.4,1.7,2.5,980.0,32.0,82.16
2018-03-29T09:37:12,32.9,199.6,234.8,1.5,2.2,990.0,31.0,77.13
2018-03-29T09:37:43,32.9,194.9,236.0,1.4,1.9,990.0,28.0,68.3
2018-03-29T09:38:14,32.9,197.3,232.4,1.2,1.7,1000.0,25.0,59.17
2018-03-29T09:38:45,32.9,197.8,232.4,1.1,1.6,1000.0,22.0,53.31
2018-03-29T09:39:16,33.0,193.7,236.0,1.1,1.5,1010.0,21.0,51.13
2018-03-29T09:39:47,33.0,173.0,225.9,1.1,1.6,1010.0,22.0,51.86
2018-03-29T09:40:18,33.0,150.6,201.7,1.4,1.9,1020.0,25.0,55.19
2018-03-29T09:40:49,33.0,144.1,179.8,1.5,2.2,1020.0,23.0,56.28
2018-03-29T09:41:21,33.0,167.7,197.5,1.4,2.2,1030.0,25.0,60.11
2018-03-29T09:41:52,33.0,171.9,212.3,1.2,1.8,1030.0,22.0,55.9
2018-03-29T09:42:23,32.9,168.9,232.4,1.1,1.6,1030.0,23.0,54.12
2018-03-29T09:42:54,33.0,165.4,230.7,1.2,1.6,1040.0,19.0,51.59
2018-03-29T09:43:25,33.0,186.0,242.5,1.0,1.5,1040.0,22.0,51.35
2018-03-29T09:43:56,32.9,206.7,228.3,0.9,1.7,1050.0,21.0,51.48
2018-03-29T09:44:27,32.9,216.7,239.5,0.9,1.5,1050.0,22.0,48.81
2018-03-29T09:44:58,32.9,222.1,238.4,0.7,1.3,1060.0,20.0,43.39
2018-03-29T09:45:29,32.9,222.1,233.6,0.6,1.2,1060.0,17.0,40.95
2018-03-29T09:46:00,32.9,220.3,234.2,0.6,1.1,1060.0,16.0,37.01
2018-03-29T09:46:31,32.9,220.9,240.7,0.6,1.1,1070.0,15.0,34.39
2018-03-29T09:47:02,33.0,203.2,220.0,0.7,1.1,1070.0,16.0,37.17
2018-03-29T09:47:33,33.0,181.9,211.7,0.9,1.3,1070.0,17.0,37.05
2018-03-29T09:48:04,33.0,191.9,234.8,0.8,1.2,1080.0,16.0,38.66
2018-03-29T09:48:35,33.0,189.0,233.0,0.7,1.1,1080.0,16.0,36.08
2018-03-29T09:49:06,33.0,187.2,234.8,0.7,1.0,1080.0,15.0,32.98
2018-03-29T09:49:37,33.1,192.5,233.0,0.5,0.8,1080.0,13.0,29.66
2018-03-29T09:50:08,33.1,213.2,232.4,0.5,0.8,1090.0,12.0,28.07
2018-03-29T09:50:40,33.1,202.6,239.5,0.5,0.8,1090.0,11.0,26.46
2018-03-29T09:51:11,33.1,213.8,218.8,0.5,0.8,1090.0,13.0,26.02
2018-03-29T09:51:42,33.1,206.7,239.5,0.5,0.8,1090.0,13.0,27.26
2018-03-29T09:52:13,33.1,184.8,227.7,0.6,0.9,1100.0,15.0,31.14
2018-03-29T09:52:44,33.1,158.9,199.9,1.0,1.3,1100.0,17.0,37.56
2018-03-29T09:53:15,33.2,135.2,173.9,1.3,1.7,1100.0,18.0,41.33
2018-03-29T09:53:46,33.2,114.0,152.6,1.5,1.9,1110.0,20.0,43.0
2018-03-29T09:54:17,33.1,114.0,140.2,1.8,2.2,1110.0,18.0,46.63
2018-03-29T09:54:48,33.1,132.3,171.5,1.6,2.2,1110.0,21.0,53.19
2018-03-29T09:55:19,33.1,131.7,181.6,1.4,1.9,1120.0,21.0,46.28
2018-03-29T09:55:50,33.0,144.1,207.6,1.3,1.7,1120.0,22.0,49.71
2018-03-29T09:56:22,33.0,165.9,230.7,1.1,1.6,1130.0,22.0,51.28
2018-03-29T09:56:53,33.0,194.9,254.9,1.1,1.4,1130.0,24.0,56.11
2018-03-29T09:57:24,33.0,225.6,222.4,1.3,2.2,1140.0,30.0,73.03
2018-03-29T09:57:55,33.1,215.6,208.2,1.6,2.5,1140.0,32.0,80.4
2018-03-29T09:58:26,33.1,225.6,240.7,1.6,2.6,1150.0,37.0,88.03
2018-03-29T09:58:57,33.1,211.4,234.2,1.7,2.8,1160.0,36.0,91.72
2018-03-29T09:59:28,33.1,225.0,241.9,1.7,2.8,1170.0,41.0,95.86
2018-03-29T09:59:59,33.1,225.0,240.7,1.6,2.7,1180.0,41.0,92.07
2018-03-29T10:00:30,33.1,211.4,239.5,1.7,2.7,1180.0,39.0,91.13
2018-03-29T10:01:01,33.1,182.5,221.8,2.4,3.2,1190.0,42.0,104.89
2018-03-29T10:01:32,33.2,154.7,185.7,5.9,6.7,1200.0,74.0,201.58
2018-03-29T10:02:03,33.2,145.9,197.5,5.3,6.1,1220.0,72.0,184.27
2018-03-29T10:02:34,33.3,134.0,216.5,7.4,8.1,1240.0,101.0,239.04
2018-03-29T10:03:05,33.4,130.5,210.0,4.6,5.2,1260.0,61.0,155.25
2018-03-29T10:03:36,33.5,142.3,218.8,4.0,4.7,1270.0,60.0,148.65
2018-03-29T10:04:07,33.5,168.3,240.7,4.0,4.5,1280.0,65.0,167.82
2018-03-29T10:04:38,33.5,185.4,231.3,3.1,3.9,1300.0,55.0,142.71
2018-03-29T10:05:09,33.4,169.5,238.4,3.5,3.9,1310.0,57.0,143.23
2018-03-29T10:05:41,33.4,170.1,236.0,3.2,3.8,1320.0,54.0,137.89
2018-03-29T10:06:12,33.5,167.7,231.9,2.8,3.4,1330.0,48.0,119.64
2018-03-29T10:06:43,33.7,171.9,228.9,2.8,3.4,1340.0,47.0,113.83
2018-03-29T10:07:14,33.8,174.8,244.3,2.7,3.1,1350.0,44.0,115.03
2018-03-29T10:07:45,33.8,186.0,234.2,2.4,3.2,1360.0,43.0,108.51
2018-03-29T10:08:16,33.9,194.3,231.3,2.0,2.8,1370.0,42.0,100.05
2018-03-29T10:08:47,33.9,194.3,230.1,1.9,2.7,1380.0,39.0,92.54
2018-03-29T10:09:18,33.9,196.1,229.5,1.8,2.6,1390.0,36.0,86.26
2018-03-29T10:09:49,34.0,196.7,229.5,1.7,2.5,1400.0,33.0,80.51
2018-03-29T10:10:20,34.0,187.8,233.6,1.6,2.3,1400.0,32.0,77.34
2018-03-29T10:10:52,34.0,194.3,230.7,1.5,2.3,1410.0,32.0,76.79
2018-03-29T10:11:23,34.0,196.1,236.0,1.4,2.1,1420.0,31.0,74.66
2018-03-29T10:11:54,34.1,197.3,223.0,1.5,2.3,1420.0,32.0,76.16
2018-03-29T10:12:25,34.1,190.8,229.5,1.6,2.4,1430.0,31.0,77.78
2018-03-29T10:12:56,34.1,211.4,207.0,1.6,2.7,1440.0,34.0,80.38
2018-03-29T10:13:27,34.2,213.2,230.1,1.5,2.6,1440.0,35.0,86.59
2018-03-29T10:13:58,34.2,215.6,230.7,1.6,2.6,1450.0,36.0,85.89
2018-03-29T10:14:29,34.2,222.7,233.0,1.5,2.5,1460.0,33.0,84.65
2018-03-29T10:15:00,34.4,214.4,231.3,1.5,2.3,1470.0,34.0,81.45
2018-03-29T10:15:32,34.4,215.6,233.0,1.5,2.4,1470.0,33.0,80.65
2018-03-29T10:16:03,34.4,210.8,223.0,1.6,2.6,1480.0,36.0,84.22
2018-03-29T10:16:34,34.5,180.1,196.4,2.4,3.2,1490.0,37.0,95.23
2018-03-29T10:17:05,34.5,171.9,197.0,2.3,3.2,1500.0,37.0,96.82
2018-03-29T10:17:36,34.5,169.5,204.6,1.9,2.7,1500.0,33.0,81.34
2018-03-29T10:18:07,34.5,166.5,225.9,1.8,2.4,1510.0,30.0,78.86
2018-03-29T10:18:38,34.5,185.4,228.3,1.6,2.4,1520.0,31.0,75.72
2018-03-29T10:19:09,34.5,192.5,223.6,1.6,2.4,1520.0,31.0,75.86
2018-03-29T10:19:40,34.5,194.9,225.9,1.6,2.4,1530.0,32.0,75.38
2018-03-29T10:20:11,34.5,193.1,230.1,1.4,2.2,1540.0,29.0,73.17
2018-03-29T10:20:42,34.6,187.8,233.0,1.4,2.1,1540.0,29.0,70.14
2018-03-29T10:21:14,34.5,191.3,233.0,1.5,2.1,1550.0,29.0,69.3
2018-03-29T10:21:45,34.4,191.9,230.1,1.4,2.0,1550.0,27.0,66.05
2018-03-29T10:22:16,34.4,193.7,230.7,1.3,1.8,1560.0,26.0,58.78
2018-03-29T10:22:47,34.4,193.7,227.7,1.2,1.6,1560.0,23.0,52.27
2018-03-29T10:23:18,34.4,189.6,226.5,0.9,1.3,1570.0,19.0,44.12
2018-03-29T10:23:49,34.2,190.8,224.8,0.8,1.2,1570.0,18.0,36.77
2018-03-29T10:24:20,34.4,185.4,223.6,0.7,1.0,1580.0,13.0,32.65
2018-03-29T10:24:51,34.2,183.1,225.9,0.6,0.9,1580.0,13.0,28.73
2018-03-29T10:25:22,34.1,194.9,228.3,0.5,0.7,1580.0,12.0,25.43
2018-03-29T10:25:53,34.0,203.7,225.9,0.5,0.7,1580.0,12.0,23.95
2018-03-29T10:26:25,34.1,182.5,211.2,0.5,0.8,1580.0,11.0,23.33
2018-03-29T10:26:56,34.0,194.3,234.8,0.6,0.8,1590.0,12.0,26.82
2018-03-29T10:27:27,34.0,215.0,229.5,0.6,0.9,1590.0,13.0,28.01
2018-03-29T10:27:58,34.0,198.4,232.4,0.5,0.8,1590.0,11.0,26.95
2018-03-29T10:28:29,34.0,207.3,225.9,0.5,0.8,1590.0,13.0,25.58
2018-03-29T10:29:00,34.0,211.4,231.3,0.4,0.7,1600.0,10.0,23.63
2018-03-29T10:29:31,34.0,205.5,224.2,0.4,0.7,1600.0,11.0,21.35
2018-03-29T10:30:02,34.0,210.8,237.8,0.4,0.6,1600.0,10.0,21.14
2018-03-29T10:30:33,34.0,189.0,214.1,0.5,0.7,1600.0,12.0,22.62
2018-03-29T10:31:05,34.0,171.3,215.9,0.5,0.7,1600.0,10.0,21.56
2018-03-29T10:33:20,34.0,163.6,150.8,1.4,1.9,1610.0,18.0,47.55
2018-03-29T10:33:51,34.0,142.9,130.7,2.3,2.9,1620.0,26.0,64.53
2018-03-29T10:34:22,34.1,164.2,155.5,2.6,3.3,1620.0,34.0,86.94
2018-03-29T10:34:53,34.1,173.0,183.9,4.0,4.8,1640.0,57.0,143.84
2018-03-29T10:35:23,34.1,186.6,197.5,3.1,4.4,1650.0,53.0,133.29
2018-03-29T10:35:55,34.2,187.8,202.9,2.4,3.4,1660.0,42.0,106.58
2018-03-29T10:36:26,34.2,212.0,227.1,2.3,3.4,1670.0,47.0,120.88
2018-03-29T10:36:57,34.2,212.0,230.7,1.4,2.4,1680.0,32.0,79.44
2018-03-29T10:37:28,34.4,217.3,235.4,1.3,2.1,1680.0,27.0,69.17
2018-03-29T10:37:59,34.4,219.1,235.4,1.1,1.8,1690.0,27.0,63.83
2018-03-29T10:38:30,34.4,218.5,232.4,1.0,1.6,1700.0,24.0,56.84
2018-03-29T10:39:01,34.2,219.1,231.9,0.9,1.5,1700.0,22.0,50.82
2018-03-29T10:39:32,34.4,215.0,235.4,0.9,1.4,1700.0,19.0,46.47
2018-03-29T10:40:03,34.4,218.5,230.7,0.8,1.3,1710.0,18.0,43.89
2018-03-29T10:40:35,34.4,211.4,225.9,0.8,1.3,1710.0,18.0,41.68
2018-03-29T10:41:06,34.2,208.5,249.6,0.8,1.2,1720.0,19.0,44.03
2018-03-29T10:41:37,34.1,180.7,227.7,1.2,1.8,1720.0,25.0,58.11
2018-03-29T10:42:08,34.1,160.0,202.3,1.5,2.2,1730.0,25.0,62.93
2018-03-29T10:46:08,34.4,227.4,208.2,2.2,3.7,1800.0,46.0,117.09
2018-03-29T10:46:39,34.5,225.6,231.3,2.1,3.7,1810.0,52.0,125.1
2018-03-29T10:47:10,34.5,213.8,228.3,2.4,4.0,1820.0,53.0,133.45
2018-03-29T10:47:41,34.6,228.6,249.6,3.0,4.2,1830.0,64.0,164.1
2018-03-29T10:48:12,34.6,223.2,240.1,2.7,4.2,1840.0,60.0,146.96
2018-03-29T10:48:43,34.5,226.8,239.5,2.7,4.2,1860.0,59.0,148.47
2018-03-29T10:49:14,34.5,209.7,229.5,5.3,6.5,1870.0,97.0,253.56
2018-03-29T10:49:45,34.6,217.3,225.9,7.1,9.8,1890.0,135.0,349.01
2018-03-29T10:50:16,34.6,212.6,224.8,7.0,8.6,1920.0,121.0,309.28
2018-03-29T10:50:47,34.7,206.7,237.2,4.6,5.8,1940.0,87.0,213.93
2018-03-29T10:51:19,34.8,214.4,227.1,3.0,4.6,1950.0,61.0,155.21
2018-03-29T10:51:50,34.9,219.7,227.7,2.3,3.7,1960.0,48.0,127.5
2018-03-29T10:52:21,34.9,219.7,229.5,2.1,3.3,1970.0,46.0,111.16
2018-03-29T10:52:52,34.9,220.3,228.3,1.7,2.9,1980.0,41.0,98.92
2018-03-29T10:53:23,35.0,215.6,231.3,1.6,2.8,1990.0,39.0,90.88
2018-03-29T10:53:54,35.0,215.0,230.1,1.3,2.3,2000.0,32.0,78.19
2018-03-29T10:54:25,35.0,216.2,228.9,1.3,2.1,2010.0,29.0,69.97
2018-03-29T10:54:56,35.2,219.7,230.7,1.2,2.0,2010.0,27.0,65.9
2018-03-29T10:55:27,35.2,217.9,230.1,1.1,1.9,2020.0,26.0,62.7
2018-03-29T10:55:58,35.2,213.2,227.1,1.0,1.7,2020.0,24.0,58.13
2018-03-29T10:56:29,35.2,218.5,219.4,0.9,1.7,2030.0,19.0,54.13
2018-03-29T10:57:00,35.2,205.5,233.0,1.0,1.6,2030.0,25.0,55.03
2018-03-29T10:57:31,35.2,200.8,226.5,1.0,1.6,2040.0,22.0,52.91
2018-03-29T10:58:02,35.0,211.4,225.9,0.9,1.5,2040.0,20.0,48.33
2018-03-29T10:58:33,35.0,190.2,228.3,1.0,1.5,2040.0,21.0,49.57
2018-03-29T10:59:04,35.0,169.5,206.4,1.2,1.7,2050.0,21.0,51.37
2018-03-29T10:59:35,35.0,147.0,191.6,1.4,1.9,2050.0,22.0,52.13
2018-03-29T11:00:06,34.9,164.8,215.3,1.2,1.7,2060.0,24.0,51.84
2018-03-29T11:00:38,34.9,150.0,229.5,1.4,1.9,2060.0,24.0,56.66
2018-03-29T11:01:09,35.0,127.0,228.3,1.7,2.2,2070.0,28.0,65.06
2018-03-29T11:01:40,34.9,104.5,202.9,2.2,2.6,2070.0,29.0,69.92
2018-03-29T11:02:11,34.9,129.9,191.0,2.2,2.9,2080.0,33.0,79.55
2018-03-29T11:02:42,34.9,157.7,230.1,2.3,3.1,2090.0,41.0,95.51
2018-03-29T11:03:13,34.8,172.4,230.1,1.9,2.8,2100.0,37.0,88.14
2018-03-29T11:03:44,34.8,188.4,243.1,1.7,2.4,2100.0,34.0,86.79
2018-03-29T11:04:15,34.7,187.8,223.0,2.0,3.1,2110.0,38.0,97.21
2018-03-29T11:04:46,34.7,196.7,234.8,1.8,2.8,2120.0,36.0,91.0
2018-03-29T11:05:17,34.8,197.3,233.6,1.5,2.5,2130.0,35.0,78.91
2018-03-29T11:05:49,34.8,196.1,233.0,1.3,2.1,2130.0,30.0,67.45
2018-03-29T11:06:20,34.8,191.9,231.9,1.1,1.8,2140.0,24.0,57.47
2018-03-29T11:06:51,34.8,189.0,230.7,1.0,1.6,2140.0,23.0,50.83
2018-03-29T11:07:22,34.7,202.6,224.8,0.9,1.5,2150.0,20.0,49.99
2018-03-29T11:07:53,34.6,212.0,227.7,0.9,1.5,2150.0,20.0,46.39
2018-03-29T11:08:24,34.5,213.2,227.1,0.8,1.4,2150.0,19.0,42.93
2018-03-29T11:08:55,34.4,203.2,225.4,0.7,1.3,2160.0,18.0,39.12
2018-03-29T11:09:26,34.4,212.6,220.6,0.6,1.2,2160.0,15.0,36.98
2018-03-29T11:09:57,34.4,205.5,233.6,0.6,1.0,2160.0,17.0,35.28
2018-03-29T11:10:28,34.4,209.7,227.7,0.7,1.1,2170.0,16.0,33.97
2018-03-29T11:10:59,34.5,209.7,225.4,0.6,1.0,2170.0,12.0,31.88
2018-03-29T11:11:31,34.5,194.9,223.6,0.7,1.0,2170.0,12.0,31.69
2018-03-29T11:12:02,34.5,174.8,202.9,0.7,1.1,2180.0,14.0,31.47
2018-03-29T11:12:33,34.2,159.4,211.7,0.7,1.0,2180.0,15.0,32.54
2018-03-29T11:13:04,34.4,154.7,214.7,0.7,1.0,2180.0,13.0,31.6
2018-03-29T11:13:35,34.4,160.6,233.6,0.7,1.0,2180.0,12.0,32.27
2018-03-29T11:14:06,34.2,183.7,230.7,0.7,1.1,2190.0,15.0,33.61
2018-03-29T11:14:37,34.2,207.9,236.0,0.7,1.2,2190.0,16.0,37.32
2018-03-29T11:15:08,34.2,215.0,211.7,0.7,1.3,2190.0,17.0,41.84
2018-03-29T11:15:39,34.4,206.1,213.5,0.8,1.4,2200.0,18.0,41.04
2018-03-29T11:16:11,34.4,216.7,230.1,0.8,1.3,2200.0,18.0,40.12
2018-03-29T11:16:42,34.4,207.9,225.9,0.7,1.2,2200.0,16.0,38.12
2018-03-29T11:17:13,34.5,215.0,230.1,0.7,1.0,2210.0,16.0,34.18
2018-03-29T11:17:44,34.6,194.3,239.0,0.7,1.0,2210.0,14.0,33.74
2018-03-29T11:18:15,34.5,170.7,233.0,0.9,1.2,2210.0,19.0,40.61
2018-03-29T11:18:46,34.5,148.8,208.8,1.1,1.5,2220.0,20.0,44.86
2018-03-29T11:19:17,34.6,126.4,217.1,1.4,1.8,2220.0,21.0,51.84
2018-03-29T11:19:48,34.5,103.9,230.7,1.7,2.1,2220.0,25.0,61.16
2018-03-29T11:20:19,34.5,131.1,212.3,2.1,2.7,2230.0,32.0,79.68
2018-03-29T11:20:50,34.5,167.7,249.6,2.3,2.9,2240.0,43.0,103.72
2018-03-29T11:21:22,34.4,201.4,228.3,2.4,3.6,2250.0,50.0,120.75
2018-03-29T11:21:53,34.4,193.1,214.7,2.5,3.7,2260.0,48.0,117.94
2018-03-29T11:22:24,34.5,196.7,231.3,2.1,3.2,2270.0,44.0,109.13
2018-03-29T11:22:55,34.5,199.0,231.3,1.9,2.9,2280.0,41.0,95.54
2018-03-29T11:23:26,34.6,216.2,231.9,2.0,3.0,2290.0,44.0,101.95
2018-03-29T11:23:57,34.7,217.9,197.0,4.1,5.6,2300.0,75.0,180.63
2018-03-29T11:24:28,34.8,216.7,210.6,2.4,3.5,2310.0,48.0,115.35
2018-03-29T11:24:59,34.9,220.9,230.7,2.0,3.1,2320.0,46.0,109.99
2018-03-29T11:25:30,34.9,217.3,228.3,1.8,2.8,2330.0,38.0,96.21
2018-03-29T11:26:01,35.0,219.1,232.4,1.5,2.3,2330.0,32.0,78.77
2018-03-29T11:26:32,35.0,216.2,233.6,1.2,1.8,2340.0,27.0,65.02
2018-03-29T11:27:03,35.2,215.6,232.4,1.1,1.6,2350.0,23.0,52.5
2018-03-29T11:27:34,35.2,206.7,229.5,0.9,1.2,2350.0,17.0,43.18
2018-03-29T11:28:05,35.3,206.7,227.1,0.8,1.0,2350.0,14.0,36.25
2018-03-29T11:28:36,35.3,203.7,227.1,0.7,0.9,2360.0,13.0,30.32
2018-03-29T11:29:07,35.3,205.5,220.6,0.6,0.7,2360.0,11.0,24.8
2018-03-29T11:29:38,35.4,199.6,225.4,0.6,0.6,2360.0,11.0,21.11
2018-03-29T11:30:09,35.4,197.8,221.2,0.4,0.5,2360.0,10.0,18.43
2018-03-29T11:30:40,35.4,212.6,205.8,0.4,0.6,2360.0,8.0,17.19
2018-03-29T11:31:12,35.4,191.3,211.7,0.4,0.6,2360.0,9.0,18.11
2018-03-29T11:31:43,35.3,185.4,234.8,0.4,0.5,2370.0,8.0,18.46
2018-03-29T11:32:14,35.2,206.1,222.4,0.4,0.6,2370.0,9.0,19.09
2018-03-29T11:32:45,35.0,206.1,217.1,0.4,0.6,2370.0,9.0,18.06
2018-03-29T11:33:16,34.9,201.4,235.4,0.4,0.5,2370.0,8.0,17.19
2018-03-29T11:33:47,34.8,206.1,225.9,0.3,0.5,2370.0,8.0,16.63
2018-03-29T11:34:18,34.8,207.9,226.5,0.3,0.5,2370.0,7.0,15.7
2018-03-29T11:34:49,34.8,202.0,221.8,0.4,0.5,2370.0,8.0,15.69
2018-03-29T11:35:20,34.8,180.1,210.6,0.4,0.5,2380.0,8.0,15.78
2018-03-29T11:35:51,34.8,159.4,233.6,0.4,0.5,2380.0,8.0,16.56
2018-03-29T11:36:23,34.8,158.9,228.9,0.4,0.5,2380.0,9.0,16.81
2018-03-29T11:36:54,34.8,180.7,209.4,0.4,0.5,2380.0,9.0,17.27
2018-03-29T11:37:25,34.8,203.7,188.1,0.4,0.6,2380.0,8.0,17.93
2018-03-29T11:37:56,34.8,210.8,183.3,0.5,0.6,2380.0,9.0,19.47
2018-03-29T11:38:27,34.8,190.8,207.0,0.5,0.7,2390.0,9.0,21.09
2018-03-29T11:38:58,34.7,173.6,230.1,0.6,0.7,2390.0,10.0,21.98
2018-03-29T11:39:29,34.7,196.1,232.4,0.5,0.6,2390.0,11.0,22.55
2018-03-29T11:40:00,34.7,215.6,211.2,0.5,0.7,2390.0,10.0,22.03
2018-03-29T11:40:31,34.7,202.0,214.7,0.5,0.7,2390.0,11.0,22.78
2018-03-29T11:41:03,34.8,180.1,239.0,0.6,0.7,2400.0,10.0,24.31
2018-03-29T11:41:34,34.8,158.9,233.0,0.7,0.8,2400.0,13.0,27.74
2018-03-29T11:42:05,34.8,138.2,210.0,0.8,1.0,2400.0,13.0,29.15
2018-03-29T11:42:36,34.8,119.9,188.7,0.9,1.1,2400.0,14.0,29.62
2018-03-29T11:43:07,34.8,108.6,165.6,1.1,1.3,2400.0,14.0,31.62
2018-03-29T11:43:38,34.8,133.5,159.7,1.1,1.4,2410.0,18.0,34.32
2018-03-29T11:44:09,34.8,158.9,189.3,1.0,1.5,2410.0,18.0,41.51
2018-03-29T11:44:40,34.8,148.8,202.9,1.1,1.5,2410.0,20.0,44.82
2018-03-29T11:45:11,34.9,172.4,230.1,1.0,1.6,2420.0,20.0,49.96
2018-03-29T11:45:42,34.9,173.0,235.4,0.9,1.4,2420.0,19.0,46.48
2018-03-29T11:46:13,34.9,169.5,239.0,0.8,1.2,2430.0,15.0,40.15
2018-03-29T11:46:44,34.9,169.5,236.6,0.8,1.1,2430.0,17.0,36.26
2018-03-29T11:47:15,34.9,176.0,240.1,0.8,1.1,2430.0,16.0,35.11
2018-03-29T11:47:46,34.9,197.3,218.8,0.8,1.2,2440.0,17.0,36.7
2018-03-29T11:48:17,34.9,219.7,204.6,0.7,1.3,2440.0,14.0,36.85
2018-03-29T11:48:48,34.9,215.0,227.1,0.7,1.2,2440.0,17.0,37.5
2018-03-29T11:49:19,34.9,206.7,234.8,0.7,1.0,2450.0,15.0,37.24
2018-03-29T11:49:50,34.9,216.2,210.6,0.8,1.3,2450.0,17.0,40.69
2018-03-29T11:50:21,34.9,190.2,183.9,1.1,1.6,2450.0,19.0,47.72
2018-03-29T11:50:53,34.8,199.6,162.6,1.2,1.8,2460.0,20.0,48.7
2018-03-29T11:51:24,34.9,180.1,194.0,1.4,2.0,2460.0,22.0,55.69
2018-03-29T11:51:55,34.9,154.1,233.0,1.7,2.1,2470.0,29.0,69.22
2018-03-29T11:52:26,34.9,137.0,240.1,1.8,2.2,2470.0,29.0,72.57
2018-03-29T11:52:57,35.0,154.7,231.9,1.7,2.3,2480.0,30.0,73.24
2018-03-29T11:53:28,35.0,166.5,241.3,1.6,2.1,2490.0,30.0,71.75
2018-03-29T11:53:59,35.0,194.9,240.7,1.5,2.4,2490.0,33.0,82.7
2018-03-29T11:54:30,35.0,190.2,239.5,1.7,2.6,2500.0,36.0,86.07
2018-03-29T11:55:01,35.0,170.7,233.0,2.0,2.7,2510.0,38.0,87.78
2018-03-29T11:55:33,35.0,171.9,243.7,2.0,2.6,2510.0,38.0,91.99
2018-03-29T11:56:04,35.0,199.0,241.3,1.9,2.7,2520.0,38.0,97.96
2018-03-29T11:56:35,35.0,186.6,230.7,2.1,2.9,2530.0,41.0,101.6
2018-03-29T11:57:06,35.2,200.2,241.3,2.2,3.0,2540.0,44.0,110.49
2018-03-29T11:57:37,35.2,178.9,227.7,2.6,3.4,2550.0,44.0,114.08
2018-03-29T11:58:08,35.2,178.3,236.6,2.8,3.5,2560.0,49.0,121.01
2018-03-29T11:58:39,35.2,178.3,230.7,3.0,3.8,2570.0,49.0,129.31
2018-03-29T11:59:10,35.2,179.5,244.3,2.9,3.6,2580.0,51.0,127.48
2018-03-29T11:59:41,35.3,196.7,232.4,2.8,3.8,2590.0,51.0,135.67
2018-03-29T12:00:12,35.3,227.4,233.0,2.8,4.4,2610.0,62.0,152.05
2018-03-29T12:00:44,35.3,225.0,229.5,2.9,4.5,2620.0,61.0,153.65
2018-03-29T12:01:15,35.3,229.7,233.0,2.9,4.6,2630.0,60.0,159.26
2018-03-29T12:01:46,35.4,226.8,237.8,2.8,4.3,2650.0,61.0,156.83
2018-03-29T12:02:17,35.4,228.0,242.5,2.8,4.3,2660.0,61.0,158.58
2018-03-29T12:02:48,35.5,215.0,218.3,3.3,5.4,2670.0,70.0,172.51
2018-03-29T12:03:19,35.5,216.2,238.4,3.7,6.5,2690.0,87.0,211.95
2018-03-29T12:03:50,35.5,204.9,236.0,3.5,5.3,2710.0,72.0,181.01
2018-03-29T12:04:21,35.6,187.2,231.9,3.8,5.1,2720.0,69.0,176.58
2018-03-29T12:04:52,35.6,173.0,223.0,5.0,6.2,2740.0,82.0,209.26
2018-03-29T12:05:23,35.7,171.3,234.2,4.5,5.4,2750.0,71.0,190.74
2018-03-29T12:05:55,35.6,173.0,237.2,5.0,5.8,2770.0,77.0,205.19
2018-03-29T12:06:26,35.7,172.4,229.5,4.1,5.2,2790.0,68.0,175.51
2018-03-29T12:06:57,35.7,174.2,229.5,3.7,4.9,2800.0,66.0,167.19
2018-03-29T12:07:28,35.9,172.4,227.7,3.7,4.9,2820.0,64.0,160.33
2018-03-29T12:07:59,35.9,173.0,225.9,3.4,4.7,2830.0,62.0,155.87
2018-03-29T12:08:30,36.0,173.0,228.3,3.4,4.6,2840.0,60.0,151.0
2018-03-29T12:09:01,36.0,173.6,227.7,3.1,4.3,2860.0,58.0,143.95
2018-03-29T12:09:32,36.0,173.6,227.7,2.9,4.0,2870.0,54.0,133.1
2018-03-29T12:10:03,36.0,170.1,227.1,3.1,4.0,2880.0,51.0,130.69
2018-03-29T12:10:34,36.0,170.7,227.7,2.7,3.7,2890.0,47.0,118.08
2018-03-29T12:11:06,36.1,171.9,227.1,2.3,3.3,2900.0,41.0,102.93
2018-03-29T12:11:37,36.1,169.5,227.1,1.8,2.7,2910.0,33.0,85.0
2018-03-29T12:12:08,36.2,170.1,227.1,1.4,2.1,2920.0,26.0,67.99
2018-03-29T12:12:39,36.2,157.1,228.3,1.4,1.8,2920.0,23.0,58.93
2018-03-29T12:13:10,36.2,180.7,209.4,1.4,2.1,2930.0,27.0,63.0
2018-03-29T12:13:41,36.2,184.8,187.5,1.6,2.4,2930.0,28.0,66.61
2018-03-29T12:14:12,36.2,161.2,165.0,1.9,2.7,2940.0,26.0,68.02
2018-03-29T12:14:43,36.1,141.7,204.6,2.1,2.8,2940.0,35.0,81.44
2018-03-29T12:15:14,36.1,161.8,224.8,2.3,3.1,2950.0,41.0,97.95
2018-03-29T12:15:45,36.1,193.7,216.5,2.5,3.5,2960.0,43.0,113.5
2018-03-29T12:16:17,36.1,186.0,214.1,2.7,3.9,2970.0,53.0,126.56
2018-03-29T12:16:48,36.1,159.4,243.7,3.9,4.2,2980.0,62.0,152.25
2018-03-29T12:17:19,36.1,160.6,224.2,4.4,5.4,3000.0,68.0,174.69
2018-03-29T12:17:50,36.2,176.6,221.8,5.8,7.3,3020.0,97.0,244.88
2018-03-29T12:18:21,36.2,175.4,226.5,4.9,6.3,3040.0,81.0,211.17
2018-03-29T12:18:52,36.1,168.3,218.8,3.6,4.8,3050.0,61.0,156.87
2018-03-29T12:19:23,36.1,170.1,227.7,3.3,4.4,3060.0,59.0,142.26
2018-03-29T12:19:54,36.1,168.3,228.3,3.1,4.1,3080.0,55.0,139.57
2018-03-29T12:20:25,36.0,170.7,233.0,3.2,4.1,3090.0,57.0,136.69
2018-03-29T12:20:56,36.0,170.7,227.7,3.0,4.0,3100.0,53.0,130.1
2018-03-29T12:21:27,35.9,167.7,222.4,2.8,3.9,3110.0,48.0,126.27
2018-03-29T12:21:58,35.9,160.6,239.5,3.2,3.9,3120.0,53.0,134.35
2018-03-29T12:22:29,35.7,159.4,220.0,3.1,4.3,3130.0,54.0,137.12
2018-03-29T12:23:00,35.6,171.9,224.8,2.6,3.8,3140.0,49.0,122.4
2018-03-29T12:23:31,35.4,174.8,234.2,2.5,3.5,3160.0,48.0,118.1
2018-03-29T12:24:02,35.3,169.5,228.9,2.5,3.5,3170.0,43.0,110.84
2018-03-29T12:24:33,35.2,168.9,229.5,2.4,3.4,3170.0,45.0,106.78
2018-03-29T12:25:04,35.2,168.9,235.4,2.4,3.2,3180.0,43.0,106.65
2018-03-29T12:25:36,35.3,184.8,233.6,2.2,3.2,3190.0,46.0,107.84
2018-03-29T12:26:07,35.4,198.4,230.7,2.3,3.4,3200.0,44.0,110.97
2018-03-29T12:26:38,35.4,197.8,229.5,2.3,3.4,3210.0,46.0,112.91
2018-03-29T12:27:09,35.5,201.4,241.9,2.2,3.2,3220.0,49.0,114.76
2018-03-29T12:27:40,35.5,194.9,237.8,2.5,3.5,3230.0,46.0,119.12
2018-03-29T12:28:11,35.6,197.8,225.9,2.4,3.6,3240.0,48.0,122.21
2018-03-29T12:28:42,35.5,200.2,231.9,2.5,3.7,3250.0,50.0,125.2
2018-03-29T12:29:13,35.4,199.0,231.9,2.4,3.6,3260.0,50.0,123.21
2018-03-29T12:29:44,35.5,197.3,233.0,2.5,3.7,3270.0,49.0,122.61
2018-03-29T12:30:15,35.6,202.0,235.4,2.2,3.4,3280.0,50.0,120.04
2018-03-29T12:30:47,35.6,199.6,233.0,2.4,3.6,3300.0,49.0,119.73
2018-03-29T12:31:18,35.7,199.0,230.7,2.3,3.4,3310.0,50.0,118.49
2018-03-29T12:31:49,35.6,196.1,232.4,2.3,3.5,3320.0,46.0,116.06
2018-03-29T12:32:20,35.5,196.7,232.4,2.4,3.5,3330.0,48.0,115.1
2018-03-29T12:32:51,35.5,196.7,232.4,2.3,3.4,3340.0,45.0,115.27
2018-03-29T12:33:22,35.6,197.8,232.4,2.3,3.3,3340.0,47.0,115.58
2018-03-29T12:33:53,35.6,195.5,232.4,2.2,3.3,3350.0,45.0,113.76
2018-03-29T12:34:24,35.7,197.8,227.1,2.3,3.4,3360.0,47.0,112.46
2018-03-29T12:34:55,35.6,196.1,225.4,2.2,3.3,3370.0,45.0,110.89
2018-03-29T12:35:26,35.5,199.6,227.7,2.2,3.3,3380.0,46.0,108.92
2018-03-29T12:35:58,35.6,192.5,230.1,2.2,3.2,3390.0,43.0,106.7
2018-03-29T12:36:29,35.7,194.9,233.0,2.1,3.1,3400.0,41.0,103.32
2018-03-29T12:37:00,35.7,198.4,231.9,2.0,3.0,3410.0,42.0,101.99
2018-03-29T12:37:31,35.7,196.7,232.4,1.9,2.9,3420.0,39.0,99.53
2018-03-29T12:38:02,35.6,200.8,237.2,1.9,2.9,3430.0,40.0,98.05
2018-03-29T12:38:33,35.5,196.7,237.8,1.9,2.8,3440.0,39.0,95.37
2018-03-29T12:39:04,35.6,198.4,235.4,1.9,2.8,3440.0,38.0,93.7
2018-03-29T12:39:35,35.7,194.9,237.8,1.9,2.8,3450.0,40.0,92.14
2018-03-29T12:40:06,35.7,196.1,227.1,1.9,3.0,3460.0,35.0,93.71
2018-03-29T12:40:37,35.6,197.8,225.9,1.8,2.8,3470.0,41.0,94.84
2018-03-29T12:41:09,35.6,202.6,236.6,1.7,2.9,3480.0,41.0,96.04
2018-03-29T12:41:40,35.6,195.5,230.1,2.0,3.0,3490.0,41.0,97.77
2018-03-29T12:42:11,35.7,201.4,228.9,1.8,3.0,3490.0,40.0,97.72
2018-03-29T12:42:42,35.6,194.3,232.4,1.9,2.9,3500.0,39.0,98.06
2018-03-29T12:43:13,35.6,200.2,232.4,1.8,2.9,3510.0,40.0,97.25
2018-03-29T12:43:44,35.7,200.8,230.7,1.8,2.9,3520.0,39.0,95.75
2018-03-29T12:44:15,35.7,197.3,230.7,1.8,2.8,3530.0,39.0,94.54
2018-03-29T12:44:46,35.9,194.9,230.7,1.8,2.8,3540.0,38.0,92.94
2018-03-29T12:45:17,35.7,200.8,231.9,1.8,2.8,3540.0,37.0,91.72
2018-03-29T12:45:48,35.6,197.8,231.3,1.8,2.8,3550.0,38.0,91.32
2018-03-29T12:46:20,35.6,197.3,231.9,1.7,2.7,3560.0,39.0,89.27
2018-03-29T12:46:51,35.6,197.3,233.0,1.7,2.6,3570.0,35.0,89.49
2018-03-29T12:47:22,35.6,197.3,231.9,1.7,2.6,3570.0,36.0,86.96
2018-03-29T12:47:53,35.4,202.0,229.5,1.6,2.7,3580.0,36.0,86.26
2018-03-29T12:48:24,35.3,199.0,231.9,1.6,2.6,3590.0,37.0,87.07
2018-03-29T12:48:55,35.3,204.3,230.1,1.6,2.7,3600.0,34.0,85.23
2018-03-29T12:49:26,35.3,198.4,228.9,1.6,2.6,3600.0,38.0,84.98
2018-03-29T12:49:57,35.2,199.6,237.2,1.6,2.5,3610.0,35.0,84.63
2018-03-29T12:50:28,35.3,222.1,236.0,1.5,2.5,3620.0,37.0,85.0
2018-03-29T12:50:59,35.3,218.5,234.2,1.6,2.6,3630.0,35.0,85.17
2018-03-29T12:51:31,35.2,222.1,241.9,1.4,2.3,3630.0,32.0,84.31
2018-03-29T12:52:02,35.2,220.9,239.5,1.5,2.5,3640.0,36.0,86.63
2018-03-29T12:52:33,35.3,218.5,227.1,1.5,2.7,3650.0,36.0,87.04
2018-03-29T12:53:04,35.3,209.7,234.2,1.6,2.6,3660.0,35.0,89.87
2018-03-29T12:53:35,35.4,218.5,241.9,1.6,2.5,3660.0,37.0,89.62
2018-03-29T12:54:06,35.3,222.7,236.6,1.6,2.6,3670.0,38.0,92.2
2018-03-29T12:54:37,35.3,223.2,231.9,1.5,2.7,3680.0,36.0,92.79
2018-03-29T12:55:08,35.2,215.0,231.9,1.6,2.7,3690.0,40.0,94.34
2018-03-29T12:55:39,35.0,215.0,227.7,1.8,2.9,3700.0,39.0,95.76
2018-03-29T12:56:10,34.9,207.9,227.7,1.9,2.9,3700.0,39.0,98.11
2018-03-29T12:56:41,34.8,222.7,239.5,1.8,2.8,3710.0,42.0,101.56
2018-03-29T12:57:12,34.9,220.9,230.1,2.0,3.1,3720.0,41.0,105.95
2018-03-29T12:57:43,35.0,220.9,225.9,2.0,3.2,3730.0,44.0,109.01
2018-03-29T12:58:14,35.0,217.9,234.8,2.1,3.2,3740.0,44.0,109.66
2018-03-29T12:58:45,35.0,220.3,234.8,1.9,3.1,3750.0,44.0,107.11
2018-03-29T12:59:16,35.0,220.3,231.9,1.8,3.0,3760.0,39.0,101.71
2018-03-29T12:59:47,34.9,219.7,230.1,1.6,2.7,3770.0,37.0,91.43
2018-03-29T13:00:18,34.9,215.6,230.7,1.4,2.4,3770.0,35.0,81.91
2018-03-29T13:00:50,34.9,215.6,229.5,1.3,2.1,3780.0,32.0,73.1
2018-03-29T13:01:21,35.0,212.6,228.9,1.3,1.9,3790.0,25.0,64.54
2018-03-29T13:01:52,35.2,215.0,225.9,1.1,1.8,3790.0,22.0,57.79
2018-03-29T13:02:23,35.2,213.8,224.8,1.1,1.7,3800.0,22.0,52.59
2018-03-29T13:02:54,35.2,215.6,224.8,0.9,1.5,3800.0,20.0,48.81
2018-03-29T13:03:25,35.3,210.8,223.6,0.9,1.5,3800.0,17.0,46.76
2018-03-29T13:03:56,35.3,210.8,226.5,0.8,1.3,3810.0,16.0,44.44
2018-03-29T13:04:27,35.4,209.7,228.3,0.9,1.3,3810.0,18.0,42.35
2018-03-29T13:04:58,35.3,206.7,230.1,0.7,1.2,3820.0,17.0,40.37
2018-03-29T13:05:29,35.2,212.0,217.1,0.8,1.3,3820.0,18.0,40.57
2018-03-29T13:06:01,35.0,200.8,229.5,0.8,1.2,3820.0,18.0,42.31
2018-03-29T13:06:32,35.0,214.4,230.7,0.8,1.4,3830.0,21.0,46.58
2018-03-29T13:07:03,35.2,191.3,207.0,1.0,1.6,3830.0,20.0,47.97
2018-03-29T13:07:34,35.3,183.1,199.3,1.1,1.7,3830.0,22.0,50.34
2018-03-29T13:08:05,35.4,204.9,230.1,1.0,1.7,3840.0,25.0,57.65
2018-03-29T13:08:36,35.4,217.3,228.9,1.1,1.9,3840.0,25.0,61.02
2018-03-29T13:09:07,35.5,215.6,222.4,1.0,2.0,3850.0,26.0,62.26
2018-03-29T13:09:38,35.5,194.9,234.8,1.2,2.0,3860.0,28.0,65.79
2018-03-29T13:10:09,35.5,197.3,232.4,1.3,2.2,3860.0,29.0,67.99
2018-03-29T13:10:40,35.5,192.5,231.9,1.3,2.2,3870.0,29.0,71.76
2018-03-29T13:11:12,35.5,199.6,234.2,1.3,2.3,3870.0,30.0,75.75
2018-03-29T13:11:43,35.5,178.3,224.2,1.5,2.5,3880.0,30.0,78.29
2018-03-29T13:12:14,35.6,155.9,203.5,1.9,2.8,3890.0,32.0,79.71
2018-03-29T13:12:45,35.5,129.9,177.4,2.5,3.5,3890.0,34.0,86.03
2018-03-29T13:13:16,35.5,127.0,197.0,3.1,4.1,3900.0,43.0,108.28
2018-03-29T13:13:47,35.6,142.3,233.6,5.0,6.6,3910.0,83.0,201.49
2018-03-29T13:14:18,35.7,124.6,235.4,8.9,9.7,3940.0,121.0,304.83
2018-03-29T13:14:49,35.7,109.2,244.3,8.2,7.8,3960.0,102.0,263.73
2018-03-29T13:15:20,35.7,119.3,244.9,4.4,4.7,3980.0,60.0,156.35
2018-03-29T13:15:51,35.9,128.7,235.4,3.1,3.8,3990.0,47.0,119.22
2018-03-29T13:16:22,35.9,112.2,216.5,3.0,3.9,4000.0,44.0,115.28
2018-03-29T13:16:53,36.0,128.1,223.6,2.3,3.2,4010.0,39.0,97.03
2018-03-29T13:17:24,36.0,137.0,228.9,2.2,3.2,4020.0,39.0,94.0
2018-03-29T13:17:55,36.0,148.8,228.3,2.0,3.2,4030.0,37.0,92.6
2018-03-29T13:18:26,35.7,169.5,227.7,1.8,3.0,4030.0,36.0,86.98
2018-03-29T13:18:57,35.9,165.9,230.1,1.7,2.7,4040.0,33.0,79.44
2018-03-29T13:19:28,36.0,189.0,225.4,1.5,2.5,4050.0,33.0,76.82
2018-03-29T13:19:59,36.0,189.6,230.1,1.4,2.4,4060.0,31.0,75.23
2018-03-29T13:20:30,35.9,212.0,224.8,1.3,2.3,4060.0,32.0,73.58
2018-03-29T13:21:02,35.6,207.9,225.9,1.2,2.2,4070.0,28.0,70.37
2018-03-29T13:21:33,35.7,212.0,227.1,1.2,2.1,4070.0,28.0,67.66
2018-03-29T13:22:04,35.7,212.0,232.4,1.1,1.9,4080.0,26.0,65.58
2018-03-29T13:22:35,35.7,210.8,230.7,1.1,1.9,4090.0,27.0,65.17
2018-03-29T13:23:06,35.7,204.9,221.2,1.3,2.1,4090.0,28.0,65.57
2018-03-29T13:23:37,35.9,219.7,233.0,1.2,2.1,4100.0,29.0,67.92
2018-03-29T13:24:08,35.9,212.0,236.6,1.3,2.1,4100.0,28.0,68.85
2018-03-29T13:24:39,36.0,216.2,230.7,1.3,2.3,4110.0,27.0,71.84
2018-03-29T13:25:10,36.0,221.5,230.7,1.2,2.2,4110.0,28.0,73.56
2018-03-29T13:25:41,36.1,222.1,234.8,1.2,2.3,4120.0,31.0,73.66
2018-03-29T13:26:13,36.1,222.7,233.0,1.1,2.2,4130.0,30.0,72.06
2018-03-29T13:26:44,36.2,222.7,231.9,1.2,2.1,4130.0,27.0,72.5
2018-03-29T13:27:15,36.1,215.6,239.0,1.3,2.2,4140.0,30.0,71.17
2018-03-29T13:27:46,36.2,222.1,228.9,1.2,2.3,4150.0,30.0,71.15
2018-03-29T13:28:17,36.2,224.4,231.9,1.2,2.3,4150.0,31.0,71.7
2018-03-29T13:28:48,36.3,206.1,235.4,1.3,2.2,4160.0,29.0,73.0
2018-03-29T13:29:19,36.3,220.9,237.8,1.3,2.3,4160.0,31.0,74.86
2018-03-29T13:29:50,36.3,210.2,231.9,1.3,2.3,4170.0,32.0,76.25
2018-03-29T13:30:21,36.4,223.8,234.2,1.3,2.3,4180.0,35.0,77.64
2018-03-29T13:30:52,36.4,217.3,231.3,1.4,2.3,4180.0,36.0,79.44
2018-03-29T13:31:24,36.3,222.1,226.5,1.5,2.6,4190.0,31.0,82.16
2018-03-29T13:31:55,36.2,210.8,231.9,1.6,2.6,4200.0,33.0,85.56
2018-03-29T13:32:26,36.2,223.8,239.0,1.5,2.5,4210.0,36.0,90.34
2018-03-29T13:32:57,36.2,222.1,225.9,1.8,2.9,4210.0,38.0,94.85
2018-03-29T13:33:28,36.0,207.3,243.1,1.8,2.9,4220.0,40.0,98.65
2018-03-29T13:33:59,36.1,220.9,227.1,1.8,3.2,4230.0,41.0,104.69
2018-03-29T13:34:30,36.2,225.0,229.5,1.8,3.2,4240.0,41.0,105.29
2018-03-29T13:35:01,36.3,220.3,231.9,1.8,3.2,4250.0,40.0,103.7
2018-03-29T13:35:32,36.3,226.2,230.1,1.7,3.2,4260.0,39.0,100.47
2018-03-29T13:36:03,36.3,219.7,225.9,1.7,3.2,4270.0,42.0,102.63
2018-03-29T13:36:34,36.3,220.3,240.7,1.8,3.1,4280.0,42.0,104.58
2018-03-29T13:37:05,36.2,207.9,214.7,1.9,3.7,4290.0,45.0,110.83
2018-03-29T13:37:36,36.2,204.3,232.4,2.0,3.6,4300.0,45.0,117.05
2018-03-29T13:38:07,36.1,228.6,227.7,1.9,4.0,4310.0,51.0,126.54
2018-03-29T13:38:38,36.0,215.0,217.7,2.2,4.4,4320.0,52.0,129.65
2018-03-29T13:39:09,36.1,212.0,234.8,2.0,3.6,4330.0,47.0,116.87
2018-03-29T13:39:40,36.2,200.8,242.5,2.3,3.8,4340.0,50.0,125.99
2018-03-29T13:40:11,36.3,204.3,225.9,2.0,4.6,4350.0,56.0,137.58
2018-03-29T13:40:43,36.3,199.0,225.9,1.7,2.9,4360.0,37.0,92.81
2018-03-29T13:41:14,36.4,193.7,229.5,1.8,2.8,4370.0,36.0,88.51
2018-03-29T13:41:45,36.4,196.1,220.6,1.6,2.9,4380.0,34.0,89.74
2018-03-29T13:42:16,36.4,190.2,227.7,1.6,2.7,4380.0,37.0,84.42
2018-03-29T13:42:47,36.4,191.3,230.7,1.5,2.5,4390.0,34.0,78.47
2018-03-29T13:43:18,36.4,183.7,228.3,1.5,2.5,4400.0,31.0,77.91
2018-03-29T13:43:49,36.4,196.7,239.5,1.5,2.4,4400.0,31.0,81.25
2018-03-29T13:44:20,36.4,178.3,210.0,1.8,3.0,4410.0,37.0,89.71
2018-03-29T13:44:51,36.4,155.9,236.6,2.2,2.9,4420.0,37.0,94.44
2018-03-29T13:45:22,36.5,176.6,230.7,2.5,5.1,4430.0,61.0,150.69
2018-03-29T13:45:54,36.4,170.7,239.5,2.3,3.2,4440.0,44.0,103.97
2018-03-29T13:46:25,36.5,173.0,224.2,1.6,2.3,4450.0,30.0,74.01
2018-03-29T13:46:56,36.5,166.5,225.9,1.3,1.8,4450.0,24.0,55.16
2018-03-29T13:47:27,36.7,177.8,223.6,1.1,1.7,4460.0,22.0,50.67
2018-03-29T13:47:58,36.7,184.8,228.9,1.0,1.6,4460.0,21.0,49.51
2018-03-29T13:48:29,36.7,192.5,230.7,0.9,1.5,4470.0,20.0,46.01
2018-03-29T13:49:00,36.4,188.4,230.1,0.8,1.4,4470.0,16.0,41.89
2018-03-29T13:49:31,36.0,190.2,231.3,0.6,1.2,4470.0,17.0,37.06
2018-03-29T13:50:02,36.0,190.8,228.3,0.6,1.2,4480.0,15.0,32.68
2018-03-29T13:50:34,35.7,205.5,227.7,0.6,1.1,4480.0,14.0,30.54
2018-03-29T13:51:05,35.6,208.5,227.7,0.5,1.0,4480.0,14.0,29.37
2018-03-29T13:51:36,35.6,205.5,233.0,0.5,0.9,4480.0,13.0,27.64
2018-03-29T13:52:07,35.6,213.8,233.6,0.5,0.8,4490.0,10.0,27.16
2018-03-29T13:52:38,35.6,209.7,225.9,0.4,0.9,4490.0,13.0,26.93
2018-03-29T13:53:09,35.6,217.3,218.8,0.5,0.9,4490.0,10.0,26.92
2018-03-29T13:53:40,35.6,202.0,242.5,0.5,0.8,4490.0,12.0,28.0
2018-03-29T13:54:11,35.7,181.9,219.4,0.6,1.0,4500.0,13.0,29.05
2018-03-29T13:54:42,35.7,160.0,211.2,0.7,1.0,4500.0,13.0,29.98
2018-03-29T13:55:13,35.7,139.4,237.8,0.9,1.1,4500.0,16.0,33.2
2018-03-29T13:55:44,35.7,124.6,234.2,0.9,1.1,4500.0,16.0,35.28
2018-03-29T13:56:16,35.7,148.8,242.5,1.0,1.2,4510.0,18.0,38.03
2018-03-29T13:56:47,35.7,171.9,220.6,0.8,1.2,4510.0,15.0,39.72
2018-03-29T13:57:18,35.7,194.3,236.6,0.9,1.4,4510.0,17.0,42.66
2018-03-29T13:57:49,35.9,191.3,233.0,0.8,1.3,4520.0,19.0,42.94
2018-03-29T13:58:20,35.7,191.9,243.7,0.8,1.2,4520.0,16.0,42.68
2018-03-29T13:58:51,35.7,187.8,230.1,0.9,1.4,4530.0,18.0,42.87
2018-03-29T13:59:22,35.6,193.7,241.3,0.9,1.4,4530.0,19.0,43.38
2018-03-29T13:59:53,35.6,186.6,228.9,0.9,1.4,4530.0,19.0,42.86
2018-03-29T14:00:24,35.6,165.9,242.5,0.9,1.3,4540.0,20.0,43.88
2018-03-29T14:00:55,35.6,159.4,228.9,1.0,1.5,4540.0,18.0,45.27
2018-03-29T14:01:27,35.6,184.3,242.5,0.9,1.4,4540.0,21.0,47.79
2018-03-29T14:01:58,35.6,204.9,241.9,0.9,1.5,4550.0,20.0,48.08
2018-03-29T14:02:29,35.6,220.9,235.4,0.9,1.4,4550.0,19.0,45.69
2018-03-29T14:03:00,35.6,219.7,237.8,0.7,1.2,4560.0,19.0,42.24
2018-03-29T14:03:31,35.6,204.9,229.5,0.8,1.3,4560.0,18.0,42.52
2018-03-29T14:04:02,35.6,184.8,239.0,1.0,1.3,4560.0,18.0,44.15
2018-03-29T14:04:33,35.6,163.6,216.5,1.1,1.4,4570.0,20.0,43.56
2018-03-29T14:05:04,35.6,142.9,241.9,1.3,1.5,4570.0,22.0,49.25
2018-03-29T14:05:35,35.6,127.5,232.4,1.3,1.8,4580.0,24.0,54.97
2018-03-29T14:06:07,35.6,151.8,223.6,1.3,1.9,4580.0,23.0,56.31
2018-03-29T14:06:38,35.7,177.8,249.6,1.3,1.8,4590.0,23.0,62.32
2018-03-29T14:07:09,35.7,210.2,221.8,1.4,3.3,4590.0,40.0,96.09
2018-03-29T14:07:40,35.6,196.1,219.4,1.7,3.7,4600.0,41.0,108.07
2018-03-29T14:08:11,35.7,196.7,237.2,1.9,3.5,4610.0,46.0,107.54
2018-03-29T14:08:42,35.6,207.9,236.6,1.7,3.1,4620.0,42.0,100.52
2018-03-29T14:09:13,35.6,215.6,235.4,1.8,3.2,4630.0,41.0,105.42
2018-03-29T14:09:44,35.5,219.1,240.7,1.6,3.1,4640.0,42.0,102.04
2018-03-29T14:10:15,35.5,236.8,221.8,1.8,5.5,4650.0,59.0,146.4
2018-03-29T14:10:46,35.5,225.0,227.7,1.5,2.8,4660.0,38.0,89.26
2018-03-29T14:11:17,35.6,225.0,238.4,1.3,2.5,4660.0,33.0,82.7
2018-03-29T14:11:48,35.7,217.9,236.0,1.4,2.4,4670.0,33.0,78.45
2018-03-29T14:12:19,35.6,220.9,239.5,1.2,2.2,4680.0,30.0,76.36
2018-03-29T14:12:50,35.6,223.2,240.1,1.2,2.1,4680.0,34.0,74.05
2018-03-29T14:13:21,35.7,215.6,232.4,1.2,2.2,4690.0,32.0,73.05
2018-03-29T14:13:52,35.7,213.2,224.2,1.2,2.2,4700.0,29.0,70.98
2018-03-29T14:14:23,35.7,213.8,235.4,1.3,2.3,4700.0,30.0,71.77
2018-03-29T14:14:54,35.9,215.0,230.7,1.3,2.3,4710.0,28.0,71.11
2018-03-29T14:15:25,35.9,217.3,228.3,1.3,2.3,4710.0,27.0,70.07
2018-03-29T14:15:57,36.0,213.8,227.7,1.2,2.1,4720.0,26.0,69.0
2018-03-29T14:16:28,36.0,212.0,228.3,1.3,2.3,4730.0,29.0,69.57
2018-03-29T14:16:59,36.0,217.9,234.2,1.2,2.1,4730.0,32.0,70.87
2018-03-29T14:17:30,36.1,209.1,223.0,1.3,2.4,4740.0,27.0,72.09
2018-03-29T14:18:01,36.1,223.2,218.3,1.3,2.4,4750.0,30.0,74.74
2018-03-29T14:18:32,36.1,209.7,243.1,1.5,2.4,4750.0,33.0,80.45
2018-03-29T14:19:03,36.2,220.9,218.3,1.4,3.0,4760.0,38.0,90.57
2018-03-29T14:19:34,36.2,219.1,221.2,1.5,3.0,4770.0,36.0,90.88
2018-03-29T14:20:05,36.3,221.5,231.9,1.4,2.7,4770.0,36.0,85.47
2018-03-29T14:20:37,36.3,222.7,232.4,1.3,2.5,4780.0,34.0,80.85
2018-03-29T14:21:08,36.2,222.1,227.7,1.3,2.4,4790.0,33.0,78.58
2018-03-29T14:21:39,36.2,223.2,225.9,1.2,2.4,4800.0,33.0,77.88
2018-03-29T14:22:10,36.2,202.6,229.5,1.4,2.5,4800.0,32.0,79.58
2018-03-29T14:22:41,36.2,194.3,240.1,1.6,2.5,4810.0,33.0,82.41
2018-03-29T14:23:12,36.2,212.0,223.0,1.4,2.8,4820.0,35.0,87.37
2018-03-29T14:23:43,36.1,213.8,227.7,1.5,2.8,4820.0,35.0,87.22
2018-03-29T14:24:14,36.2,211.4,231.9,1.5,2.8,4830.0,38.0,88.84
2018-03-29T14:24:45,36.1,219.7,232.4,1.5,2.8,4840.0,39.0,90.76
2018-03-29T14:25:16,36.0,222.1,223.0,1.5,2.9,4850.0,39.0,92.42
2018-03-29T14:25:48,36.0,219.7,229.5,1.6,3.0,4860.0,38.0,93.92
2018-03-29T14:26:19,36.0,218.5,232.4,1.5,2.9,4860.0,40.0,94.56
2018-03-29T14:26:50,36.1,215.6,227.7,1.5,2.9,4870.0,36.0,93.63
2018-03-29T14:27:21,36.2,220.3,223.6,1.5,2.9,4880.0,38.0,94.22
2018-03-29T14:27:52,36.3,217.9,225.9,1.7,2.9,4890.0,37.0,92.62
2018-03-29T14:28:23,36.3,217.9,232.4,1.7,2.8,4900.0,38.0,92.07
2018-03-29T14:28:54,36.4,222.1,234.8,1.4,2.7,4900.0,37.0,91.0
2018-03-29T14:29:25,36.4,219.1,236.6,1.6,2.8,4910.0,37.0,89.5
2018-03-29T14:29:56,36.4,219.7,233.0,1.4,2.7,4920.0,37.0,88.59
2018-03-29T14:30:27,36.4,222.7,229.5,1.4,2.8,4930.0,33.0,86.21
2018-03-29T14:30:58,36.4,215.0,212.3,1.4,3.1,4930.0,36.0,88.95
2018-03-29T14:31:30,36.5,217.9,223.6,1.2,2.6,4940.0,33.0,80.04
2018-03-29T14:32:01,36.5,213.8,225.4,1.2,2.4,4950.0,27.0,72.24
2018-03-29T14:32:32,36.7,216.7,226.5,1.2,2.2,4950.0,30.0,68.55
2018-03-29T14:33:03,36.7,217.9,227.1,1.1,2.0,4960.0,29.0,65.82
2018-03-29T14:33:34,36.5,219.7,231.9,1.1,2.0,4970.0,27.0,63.05
2018-03-29T14:34:05,36.5,211.4,225.9,1.2,2.0,4970.0,27.0,62.92
2018-03-29T14:34:36,36.5,210.8,236.6,1.2,1.8,4980.0,27.0,61.67
2018-03-29T14:35:07,36.7,218.5,230.7,1.2,1.9,4980.0,27.0,63.39
2018-03-29T14:35:38,36.7,211.4,224.2,1.1,1.9,4990.0,26.0,63.83
2018-03-29T14:36:10,36.7,216.7,233.0,1.1,1.8,4990.0,27.0,61.94
2018-03-29T14:36:41,36.7,218.5,227.7,1.2,1.9,5000.0,25.0,61.45
2018-03-29T14:37:12,36.7,219.1,224.2,1.2,2.0,5000.0,26.0,60.89
2018-03-29T14:37:43,36.8,216.7,220.6,1.0,1.8,5010.0,25.0,59.73
2018-03-29T14:38:14,36.8,213.8,228.3,1.1,1.8,5010.0,25.0,60.14
2018-03-29T14:38:45,36.7,216.7,227.1,1.1,1.8,5020.0,26.0,59.72
2018-03-29T14:39:16,36.8,204.9,227.1,1.2,1.9,5020.0,27.0,60.08
2018-03-29T14:39:47,36.8,211.4,228.9,1.2,1.9,5030.0,25.0,61.8
2018-03-29T14:40:18,36.8,212.0,224.8,1.1,1.9,5030.0,26.0,62.75
2018-03-29T14:40:49,36.9,206.7,236.0,1.1,1.9,5040.0,27.0,64.88
2018-03-29T14:41:20,36.9,189.0,223.0,1.3,2.1,5040.0,29.0,66.04
2018-03-29T14:41:51,36.9,197.3,239.5,1.4,2.0,5050.0,29.0,69.06
2018-03-29T14:42:22,36.9,194.9,231.9,1.3,2.1,5060.0,30.0,70.43
2018-03-29T14:42:53,36.9,202.6,227.7,1.3,2.2,5060.0,28.0,70.42
2018-03-29T14:43:24,36.9,215.0,228.3,1.2,2.3,5070.0,27.0,72.29
2018-03-29T14:43:55,36.8,221.5,234.2,1.2,2.3,5080.0,29.0,74.02
2018-03-29T14:44:26,36.9,211.4,237.2,1.2,2.3,5080.0,32.0,75.1
2018-03-29T14:44:57,36.8,215.6,233.0,1.2,2.4,5090.0,29.0,76.78
2018-03-29T14:45:28,36.9,218.5,221.2,1.2,2.7,5090.0,36.0,82.19
2018-03-29T14:46:00,36.9,212.0,228.9,1.3,2.5,5100.0,30.0,80.61
2018-03-29T14:46:31,36.9,215.6,229.5,1.2,2.4,5110.0,35.0,77.34
2018-03-29T14:47:02,36.9,221.5,239.0,1.1,2.4,5120.0,33.0,78.42
2018-03-29T14:47:33,36.9,225.0,217.7,1.2,3.8,5120.0,44.0,106.29
2018-03-29T14:48:04,36.9,218.5,223.0,1.1,2.3,5130.0,29.0,68.59
2018-03-29T14:48:35,36.9,210.8,225.9,1.1,1.8,5140.0,23.0,57.54
2018-03-29T14:49:06,37.0,215.6,230.1,1.0,1.7,5140.0,24.0,53.02
2018-03-29T14:49:37,37.0,210.8,226.5,0.9,1.6,5150.0,22.0,49.57
2018-03-29T14:50:08,37.0,209.7,230.1,0.9,1.4,5150.0,20.0,46.79
2018-03-29T14:50:39,36.9,207.9,227.7,0.8,1.4,5150.0,19.0,44.99
2018-03-29T14:51:11,36.9,204.3,232.4,0.9,1.3,5160.0,18.0,42.89
2018-03-29T14:51:42,36.9,213.2,225.9,0.8,1.3,5160.0,19.0,42.48
2018-03-29T14:52:13,36.9,209.1,231.9,0.8,1.2,5170.0,18.0,41.48
2018-03-29T14:52:44,36.9,213.8,224.2,0.8,1.3,5170.0,18.0,41.8
2018-03-29T14:53:15,36.9,199.0,228.9,0.8,1.2,5170.0,18.0,41.74
2018-03-29T14:53:46,36.9,220.3,225.9,0.7,1.3,5180.0,20.0,42.56
2018-03-29T14:54:17,36.9,198.4,211.7,0.9,1.4,5180.0,18.0,43.69
2018-03-29T14:54:48,36.9,187.8,236.6,1.0,1.4,5180.0,17.0,47.7
2018-03-29T14:55:19,36.9,210.8,223.6,1.0,1.6,5190.0,21.0,50.74
2018-03-29T14:55:50,36.9,207.9,220.6,1.0,1.7,5190.0,23.0,51.36
2018-03-29T14:56:22,36.9,216.2,230.7,1.0,1.6,5200.0,22.0,53.0
2018-03-29T14:56:53,36.9,203.7,225.4,1.0,1.6,5200.0,19.0,52.2
2018-03-29T14:57:24,36.8,216.2,220.0,1.0,1.7,5210.0,23.0,53.48
2018-03-29T14:57:55,36.9,209.7,221.2,1.1,1.8,5210.0,25.0,55.34
2018-03-29T14:58:26,36.9,211.4,224.8,1.1,1.8,5210.0,22.0,59.0
2018-03-29T14:58:57,36.9,187.2,234.8,1.3,1.9,5220.0,26.0,63.09
2018-03-29T14:59:28,37.0,187.2,212.9,1.3,2.1,5230.0,26.0,63.76
2018-03-29T14:59:59,37.0,190.8,239.0,1.3,2.0,5230.0,30.0,68.94
2018-03-29T15:00:30,36.9,197.3,230.7,1.4,2.3,5240.0,31.0,71.42
2018-03-29T15:01:01,36.9,194.9,224.8,1.3,2.3,5240.0,28.0,71.25
2018-03-29T15:01:32,36.9,189.6,237.2,1.3,2.2,5250.0,30.0,70.96
2018-03-29T15:02:03,36.9,199.0,213.5,1.3,2.6,5260.0,29.0,72.54
2018-03-29T15:02:34,36.9,194.9,226.5,1.2,2.2,5260.0,27.0,67.99
2018-03-29T15:03:05,37.0,196.7,230.1,1.2,2.1,5270.0,28.0,65.94
2018-03-29T15:03:36,37.0,190.8,234.8,1.2,2.0,5270.0,25.0,64.06
2018-03-29T15:04:07,37.0,192.5,231.9,1.1,2.0,5280.0,26.0,63.0
2018-03-29T15:04:38,37.0,193.1,232.4,1.1,1.9,5280.0,25.0,61.1
2018-03-29T15:05:09,37.0,199.0,231.9,1.0,1.8,5290.0,25.0,59.18
2018-03-29T15:05:40,37.1,200.8,227.7,1.0,1.9,5290.0,25.0,57.95
2018-03-29T15:06:12,37.0,218.5,223.0,1.0,1.8,5300.0,23.0,57.43
2018-03-29T15:06:43,37.0,205.5,228.3,1.0,1.8,5300.0,22.0,55.17
2018-03-29T15:07:14,37.0,212.0,222.4,0.9,1.7,5310.0,23.0,53.6
2018-03-29T15:07:45,36.9,204.9,225.4,1.0,1.7,5310.0,22.0,52.99
2018-03-29T15:08:16,37.0,212.6,233.6,1.0,1.6,5320.0,23.0,53.1
2018-03-29T15:08:47,37.0,212.6,223.0,1.0,1.7,5320.0,22.0,53.02
2018-03-29T15:09:18,37.1,203.7,225.9,1.0,1.7,5330.0,23.0,52.71
2018-03-29T15:09:49,37.0,216.2,236.6,1.0,1.6,5330.0,21.0,52.29
2018-03-29T15:10:20,36.9,206.7,218.8,1.0,1.7,5340.0,20.0,51.63
2018-03-29T15:10:51,37.0,213.2,235.4,1.0,1.6,5340.0,22.0,52.42
2018-03-29T15:11:23,36.9,191.9,221.2,1.1,1.6,5350.0,21.0,52.18
2018-03-29T15:11:54,37.0,198.4,229.5,1.0,1.7,5350.0,21.0,51.98
2018-03-29T15:12:25,37.0,219.1,234.2,0.9,1.5,5350.0,20.0,51.18
2018-03-29T15:12:56,37.1,199.6,224.8,0.9,1.6,5360.0,22.0,50.66
2018-03-29T15:13:27,37.1,218.5,229.5,0.9,1.6,5360.0,20.0,50.44
2018-03-29T15:13:58,37.1,203.2,231.9,1.0,1.5,5370.0,22.0,50.3
2018-03-29T15:14:29,37.1,215.6,217.7,1.0,1.6,5370.0,22.0,50.75
2018-03-29T15:15:00,37.1,195.5,237.2,1.0,1.5,5380.0,22.0,51.64
2018-03-29T15:15:31,37.1,196.1,220.0,1.1,1.7,5380.0,22.0,53.39
2018-03-29T15:16:03,37.1,219.1,227.7,1.0,1.7,5380.0,22.0,55.24
2018-03-29T15:16:34,37.1,217.9,227.1,0.9,1.7,5390.0,24.0,55.44
2018-03-29T15:17:05,37.1,218.5,233.6,1.0,1.7,5390.0,23.0,55.03
2018-03-29T15:17:36,37.1,214.4,230.1,1.0,1.6,5400.0,23.0,54.17
2018-03-29T15:18:07,37.1,202.0,223.0,1.0,1.6,5400.0,22.0,54.0
2018-03-29T15:18:38,37.2,217.9,239.5,0.9,1.5,5410.0,23.0,54.08
2018-03-29T15:19:09,37.2,213.2,230.1,1.1,1.8,5410.0,24.0,57.7
2018-03-29T15:19:40,37.2,208.5,227.1,1.0,1.8,5420.0,26.0,60.67
2018-03-29T15:20:11,37.2,220.3,241.9,1.0,1.7,5420.0,27.0,60.63
2018-03-29T15:20:42,37.2,212.6,230.1,1.0,1.9,5430.0,26.0,63.63
2018-03-29T15:21:13,37.1,217.3,229.5,1.2,2.2,5430.0,30.0,65.4
2018-03-29T15:21:44,37.0,222.7,227.7,1.0,2.1,5440.0,27.0,67.29
2018-03-29T15:22:15,36.9,221.5,231.3,1.0,2.1,5450.0,26.0,68.03
2018-03-29T15:22:46,37.0,217.9,237.8,1.1,2.1,5450.0,28.0,67.25
2018-03-29T15:23:17,37.0,222.1,232.4,0.9,2.0,5460.0,27.0,64.3
2018-03-29T15:23:48,37.1,221.5,233.0,0.9,2.0,5460.0,27.0,61.47
2018-03-29T15:24:19,37.0,217.9,232.4,0.9,1.9,5470.0,25.0,58.92
2018-03-29T15:24:50,37.1,212.0,231.3,0.8,1.7,5470.0,21.0,53.19
2018-03-29T15:25:21,37.1,216.2,225.9,0.8,1.7,5480.0,22.0,51.06
2018-03-29T15:25:53,37.1,215.6,231.3,0.8,1.6,5480.0,22.0,48.34
2018-03-29T15:26:25,37.1,216.7,231.3,0.7,1.4,5490.0,17.0,42.93
2018-03-29T15:26:56,37.1,201.4,233.0,0.7,1.3,5490.0,18.0,39.83
2018-03-29T15:27:27,37.1,208.5,228.3,0.7,1.2,5490.0,18.0,38.55
2018-03-29T15:27:58,37.0,213.8,225.9,0.7,1.2,5500.0,16.0,36.07
2018-03-29T15:28:29,37.0,204.3,233.6,0.7,1.1,5500.0,15.0,34.8
2018-03-29T15:29:00,37.0,203.2,239.5,0.6,1.0,5500.0,13.0,34.14
2018-03-29T15:29:31,36.9,185.4,223.6,0.7,1.1,5510.0,16.0,34.08
2018-03-29T15:30:02,37.0,206.1,234.8,0.7,1.2,5510.0,14.0,35.65
2018-03-29T15:30:33,37.0,206.7,232.4,0.6,1.1,5510.0,15.0,36.69
2018-03-29T15:31:04,37.0,185.4,227.7,0.7,1.2,5510.0,16.0,37.1
2018-03-29T15:31:35,37.0,203.7,241.9,0.7,1.2,5520.0,16.0,38.86
2018-03-29T15:32:06,37.0,212.0,218.8,0.7,1.3,5520.0,16.0,40.64
2018-03-29T15:32:37,37.0,191.9,236.0,0.7,1.3,5520.0,17.0,43.0
2018-03-29T15:33:08,37.0,183.7,229.5,0.9,1.5,5530.0,19.0,43.97
2018-03-29T15:33:39,37.0,204.9,237.2,0.8,1.4,5530.0,19.0,45.03
2018-03-29T15:34:10,37.0,211.4,225.4,0.7,1.5,5540.0,20.0,45.21
2018-03-29T15:34:41,37.0,206.7,234.8,0.8,1.5,5540.0,19.0,45.67
2018-03-29T15:35:12,37.1,206.7,231.9,0.8,1.5,5540.0,20.0,46.43
2018-03-29T15:35:44,37.0,204.9,225.9,0.9,1.6,5550.0,18.0,46.75
2018-03-29T15:36:15,37.1,210.2,224.8,0.8,1.6,5550.0,21.0,47.19
2018-03-29T15:36:46,37.1,215.0,233.0,0.8,1.6,5560.0,21.0,47.96
2018-03-29T15:37:17,37.1,200.2,237.8,0.8,1.5,5560.0,20.0,47.55
2018-03-29T15:37:48,37.1,215.6,237.2,0.8,1.5,5560.0,20.0,48.21
2018-03-29T15:38:19,37.1,199.6,231.9,0.8,1.5,5570.0,20.0,47.69
2018-03-29T15:38:50,37.1,216.2,225.9,0.8,1.5,5570.0,21.0,47.98
2018-03-29T15:39:21,37.1,199.0,236.0,0.8,1.6,5580.0,20.0,49.66
2018-03-29T15:39:52,37.1,215.0,234.8,0.9,1.6,5580.0,22.0,51.57
2018-03-29T15:40:23,37.1,212.0,225.4,0.8,1.6,5590.0,22.0,52.0
2018-03-29T15:40:55,37.1,202.6,236.6,0.9,1.7,5590.0,26.0,53.18
2018-03-29T15:41:26,37.2,213.2,233.6,0.9,1.8,5590.0,26.0,54.62
2018-03-29T15:41:57,37.1,217.9,231.9,0.9,1.9,5600.0,24.0,56.43
2018-03-29T15:42:28,37.2,210.8,234.2,1.0,1.9,5600.0,24.0,58.74
2018-03-29T15:42:59,37.2,213.2,234.2,0.9,1.9,5610.0,28.0,61.68
2018-03-29T15:43:30,37.2,207.9,230.7,0.9,2.0,5610.0,24.0,62.09
2018-03-29T15:44:01,37.2,215.0,228.3,1.0,2.1,5620.0,27.0,63.33
2018-03-29T15:44:32,37.2,216.2,223.6,0.9,2.0,5630.0,26.0,62.06
2018-03-29T15:45:03,37.1,212.0,232.4,1.0,2.0,5630.0,26.0,62.98
2018-03-29T15:45:34,37.2,206.1,233.0,1.1,2.1,5640.0,27.0,64.44
2018-03-29T15:46:06,37.1,210.8,217.7,1.1,2.3,5640.0,29.0,65.7
2018-03-29T15:46:37,37.1,194.9,238.4,1.1,2.4,5650.0,30.0,73.02
2018-03-29T15:47:08,37.1,217.9,241.3,1.0,2.3,5650.0,31.0,72.99
2018-03-29T15:47:39,37.1,206.1,233.6,1.1,2.2,5660.0,28.0,67.56
2018-03-29T15:48:10,37.2,217.3,212.9,1.1,3.2,5670.0,37.0,88.02
2018-03-29T15:48:41,37.2,214.4,223.6,1.1,2.5,5670.0,31.0,74.93
2018-03-29T15:49:12,37.2,207.3,239.5,1.1,2.2,5680.0,31.0,71.72
2018-03-29T15:49:43,37.2,213.2,232.4,1.0,2.0,5690.0,28.0,65.7
2018-03-29T15:50:14,37.2,194.9,208.8,1.2,2.5,5690.0,30.0,69.6
2018-03-29T15:50:45,37.4,184.3,199.9,1.3,2.7,5700.0,31.0,71.23
2018-03-29T15:51:17,37.2,210.8,220.0,1.2,2.9,5700.0,33.0,79.73
2018-03-29T15:51:48,37.2,220.3,243.7,1.3,3.8,5720.0,42.0,110.97
2018-03-29T15:52:19,37.4,215.0,243.1,1.1,2.1,5720.0,30.0,70.82
2018-03-29T15:52:50,37.2,208.5,223.6,1.2,2.4,5730.0,29.0,71.42
2018-03-29T15:53:21,37.2,196.7,200.5,1.3,4.6,5740.0,43.0,111.44
2018-03-29T15:53:52,37.2,222.7,214.1,1.5,5.4,5750.0,55.0,135.03
2018-03-29T15:54:23,37.4,217.3,217.1,1.5,6.5,5760.0,65.0,164.21
2018-03-29T15:54:54,37.4,216.2,239.0,1.5,5.8,5770.0,65.0,160.22
2018-03-29T15:55:25,37.4,214.4,223.0,1.4,5.9,5790.0,61.0,155.22
2018-03-29T15:55:56,37.5,219.1,228.3,1.3,4.2,5800.0,47.0,120.58
2018-03-29T15:56:28,37.6,210.8,226.5,1.0,1.7,5810.0,25.0,58.06
2018-03-29T15:56:59,37.5,203.7,223.0,1.1,1.7,5810.0,23.0,52.5
2018-03-29T15:57:30,37.5,209.1,224.2,0.9,1.5,5820.0,22.0,50.74
2018-03-29T15:58:01,37.5,204.9,224.8,0.9,1.6,5820.0,22.0,51.51
2018-03-29T15:58:32,37.5,206.1,219.4,1.0,1.8,5830.0,23.0,53.13
2018-03-29T15:59:03,37.5,212.6,231.9,1.0,1.7,5830.0,25.0,54.55
2018-03-29T15:59:34,37.5,209.7,214.1,0.9,1.8,5830.0,22.0,55.65
2018-03-29T16:00:05,37.6,209.7,230.1,1.1,1.9,5840.0,24.0,57.03
2018-03-29T16:00:36,37.5,210.8,220.6,1.1,1.9,5840.0,23.0,57.18
2018-03-29T16:01:07,37.6,213.8,225.9,1.0,1.8,5850.0,23.0,54.36
2018-03-29T16:01:38,37.5,212.0,224.8,1.0,1.7,5850.0,21.0,51.42
2018-03-29T16:02:09,37.5,214.4,223.0,0.8,1.5,5860.0,21.0,48.39
2018-03-29T16:02:40,37.5,214.4,223.6,0.7,1.4,5860.0,20.0,45.05
2018-03-29T16:03:11,37.6,209.1,223.0,0.7,1.4,5870.0,18.0,41.58
2018-03-29T16:03:42,37.5,209.1,223.6,0.6,1.2,5870.0,18.0,38.19
2018-03-29T16:04:13,37.5,209.7,227.1,0.6,1.0,5870.0,14.0,33.85
2018-03-29T16:04:44,37.5,202.6,228.9,0.6,1.0,5880.0,13.0,29.3
2018-03-29T16:05:15,37.5,198.4,226.5,0.4,0.8,5880.0,13.0,25.46
2018-03-29T16:05:47,37.4,197.3,225.9,0.4,0.7,5880.0,10.0,22.92
2018-03-29T16:06:18,37.4,204.9,223.0,0.4,0.7,5880.0,10.0,20.38
2018-03-29T16:06:49,37.2,189.6,215.9,0.4,0.6,5880.0,8.0,18.94
2018-03-29T16:07:20,37.1,209.1,229.5,0.4,0.6,5880.0,9.0,19.3
2018-03-29T16:07:51,37.0,189.6,224.8,0.4,0.6,5890.0,9.0,18.35
2018-03-29T16:08:22,36.9,202.0,225.9,0.4,0.5,5890.0,8.0,17.39
2018-03-29T16:08:53,36.8,199.6,223.0,0.4,0.5,5890.0,8.0,17.2
2018-03-29T16:09:24,36.9,177.8,204.1,0.4,0.5,5890.0,7.0,16.02
2018-03-29T16:09:55,36.9,188.4,225.4,0.4,0.5,5890.0,8.0,16.68
2018-03-29T16:10:26,36.8,209.7,223.6,0.4,0.6,5890.0,8.0,17.86
2018-03-29T16:10:58,36.8,197.8,201.1,0.4,0.7,5900.0,9.0,18.77
2018-03-29T16:11:29,36.8,187.2,179.8,0.4,0.7,5900.0,9.0,19.0
2018-03-29T16:12:00,36.8,209.1,158.5,0.5,0.8,5900.0,9.0,19.87
2018-03-29T16:12:31,36.8,204.9,179.2,0.5,0.8,5900.0,11.0,22.81
2018-03-29T16:13:02,36.8,183.1,205.8,0.6,0.9,5900.0,11.0,26.21
2018-03-29T16:13:33,36.8,162.4,232.4,0.6,0.9,5900.0,13.0,28.98
2018-03-29T16:14:04,36.8,155.3,225.9,0.7,1.0,5910.0,15.0,29.74
2018-03-29T16:14:35,36.7,177.8,205.2,0.6,1.1,5910.0,12.0,30.6
2018-03-29T16:15:06,36.8,199.0,224.8,0.6,1.2,5910.0,16.0,34.41
2018-03-29T16:15:38,36.8,178.3,236.0,0.6,1.1,5920.0,16.0,35.74
2018-03-29T16:16:09,36.8,199.0,214.1,0.7,1.3,5920.0,15.0,35.81
2018-03-29T16:16:40,36.7,216.7,236.0,0.6,1.2,5920.0,18.0,38.93
2018-03-29T16:17:11,36.7,205.5,225.4,0.6,1.3,5930.0,17.0,39.44
2018-03-29T16:17:42,36.7,211.4,241.3,0.7,1.3,5930.0,18.0,41.72
2018-03-29T16:18:13,36.5,191.9,227.7,0.8,1.5,5930.0,19.0,43.9
2018-03-29T16:18:44,36.5,170.1,240.7,0.9,1.5,5940.0,19.0,46.06
2018-03-29T16:19:15,36.5,167.7,220.6,1.0,1.8,5940.0,21.0,50.01
2018-03-29T16:19:46,36.7,190.2,227.7,0.9,2.1,5950.0,25.0,59.46
2018-03-29T16:20:17,36.7,215.0,227.1,0.9,2.4,5950.0,28.0,68.47
2018-03-29T16:20:48,36.7,213.2,230.1,0.9,2.1,5960.0,25.0,60.69
2018-03-29T16:21:20,36.7,210.8,233.6,0.8,1.7,5960.0,24.0,51.89
2018-03-29T16:21:51,36.7,189.0,220.6,0.9,1.8,5970.0,22.0,53.06
2018-03-29T16:22:22,36.7,206.7,228.3,0.9,2.0,5970.0,26.0,58.47
2018-03-29T16:22:53,36.7,209.7,233.6,0.7,1.7,5980.0,21.0,51.76
2018-03-29T16:23:24,36.8,190.8,225.9,0.9,1.8,5980.0,22.0,50.67
2018-03-29T16:23:55,36.8,211.4,233.0,0.7,1.6,5980.0,22.0,48.15
2018-03-29T16:24:26,36.7,199.6,228.9,0.7,1.5,5990.0,20.0,46.97
2018-03-29T16:24:57,36.8,178.3,252.0,0.9,1.5,5990.0,21.0,48.07
2018-03-29T16:25:28,36.7,193.1,239.5,0.7,1.6,6000.0,19.0,50.27
2018-03-29T16:25:59,36.8,193.7,235.4,0.7,1.3,6000.0,16.0,40.95
2018-03-29T16:26:31,36.8,210.2,231.3,0.6,1.2,6000.0,17.0,38.63
2018-03-29T16:27:02,36.8,196.1,231.9,0.6,1.2,6010.0,16.0,37.05
2018-03-29T16:27:33,36.7,212.0,230.7,0.6,1.2,6010.0,15.0,35.03
2018-03-29T16:28:04,36.8,191.9,228.3,0.6,1.1,6010.0,14.0,34.2
2018-03-29T16:28:35,36.7,212.6,236.6,0.6,1.1,6020.0,15.0,33.76
2018-03-29T16:29:06,36.7,194.9,234.2,0.6,1.0,6020.0,16.0,33.22
2018-03-29T16:29:37,36.7,207.3,233.0,0.6,1.0,6020.0,14.0,32.01
2018-03-29T16:30:08,36.7,194.9,230.1,0.6,1.0,6020.0,14.0,30.58
2018-03-29T16:30:39,36.7,208.5,225.9,0.6,1.0,6030.0,13.0,30.32
2018-03-29T16:31:11,36.7,196.7,232.4,0.6,1.0,6030.0,13.0,30.1
2018-03-29T16:31:42,36.7,210.8,225.9,0.6,1.0,6030.0,15.0,30.24
2018-03-29T16:32:13,36.7,197.3,231.9,0.6,0.9,6030.0,14.0,30.11
2018-03-29T16:32:44,36.5,209.7,225.9,0.5,0.9,6040.0,14.0,29.54
2018-03-29T16:33:15,36.5,197.8,227.1,0.6,0.9,6040.0,13.0,29.49
2018-03-29T16:33:46,36.5,206.7,230.7,0.6,0.9,6040.0,13.0,29.92
2018-03-29T16:34:17,36.5,203.7,223.0,0.6,0.9,6040.0,15.0,30.05
2018-03-29T16:34:48,36.4,209.7,228.9,0.6,0.9,6050.0,13.0,30.67
2018-03-29T16:35:19,36.4,199.6,227.1,0.5,0.9,6050.0,14.0,30.03
2018-03-29T16:35:50,36.3,216.2,221.8,0.5,1.0,6050.0,13.0,29.2
2018-03-29T16:36:21,36.3,210.2,214.7,0.5,1.0,6050.0,14.0,30.12
2018-03-29T16:36:52,36.4,189.6,231.9,0.6,1.0,6060.0,14.0,30.59
2018-03-29T16:37:23,36.3,183.7,237.8,0.6,0.9,6060.0,14.0,30.16
2018-03-29T16:37:54,36.3,188.4,221.2,0.6,1.0,6060.0,13.0,30.35
2018-03-29T16:38:25,36.3,209.7,235.4,0.6,1.0,6070.0,11.0,30.33
2018-03-29T16:38:56,36.3,204.3,230.7,0.6,1.0,6070.0,14.0,29.88
2018-03-29T16:39:27,36.3,212.0,233.6,0.5,0.8,6070.0,14.0,29.18
2018-03-29T16:39:58,36.2,196.7,231.9,0.6,0.9,6070.0,12.0,28.3
2018-03-29T16:40:29,36.2,213.2,220.6,0.5,0.9,6080.0,13.0,27.35
2018-03-29T16:41:01,36.2,206.7,233.0,0.5,0.8,6080.0,12.0,27.25
2018-03-29T16:41:32,36.2,203.7,224.8,0.5,0.8,6080.0,12.0,26.29
2018-03-29T16:42:03,36.2,201.4,233.6,0.5,0.8,6080.0,12.0,25.45
2018-03-29T16:42:34,36.2,210.8,217.1,0.5,0.8,6080.0,12.0,24.66
2018-03-29T16:43:05,36.2,190.2,237.2,0.5,0.7,6090.0,10.0,23.74
2018-03-29T16:43:36,36.1,212.6,218.8,0.4,0.8,6090.0,11.0,23.99
2018-03-29T16:44:07,36.1,194.9,227.1,0.4,0.7,6090.0,11.0,24.04
2018-03-29T16:44:38,36.1,175.4,224.2,0.5,0.8,6090.0,11.0,23.23
2018-03-29T16:45:09,36.1,196.7,215.9,0.4,0.8,6090.0,11.0,23.24
2018-03-29T16:45:40,36.1,213.8,235.4,0.4,0.7,6100.0,10.0,22.21
2018-03-29T16:46:12,36.2,196.7,214.1,0.5,0.8,6100.0,11.0,22.33
2018-03-29T16:46:43,36.2,215.6,227.7,0.4,0.7,6100.0,11.0,21.99
2018-03-29T16:47:14,36.2,203.7,230.1,0.5,0.8,6100.0,11.0,22.38
2018-03-29T16:47:45,36.2,207.9,213.5,0.4,0.7,6100.0,9.0,21.96
2018-03-29T16:48:16,36.2,204.9,224.2,0.5,0.9,6110.0,12.0,27.01
2018-03-29T16:48:47,36.2,202.0,227.7,0.5,0.8,6110.0,12.0,25.97
2018-03-29T16:49:18,36.1,202.6,225.9,0.5,0.7,6110.0,10.0,22.23
2018-03-29T16:49:49,36.1,203.7,229.5,0.4,0.7,6110.0,9.0,21.04
2018-03-29T16:50:20,36.1,183.1,215.9,0.4,0.6,6110.0,10.0,19.96
2018-03-29T16:50:51,36.0,194.9,227.1,0.4,0.6,6120.0,10.0,20.06
2018-03-29T16:51:22,36.0,211.4,228.9,0.3,0.6,6120.0,9.0,19.61
2018-03-29T16:51:53,36.0,196.7,213.5,0.3,0.6,6120.0,9.0,18.97
2018-03-29T16:52:24,36.0,215.0,230.1,0.3,0.6,6120.0,9.0,18.4
2018-03-29T16:52:55,36.0,191.9,217.1,0.4,0.7,6120.0,9.0,18.87
2018-03-29T16:53:26,36.0,171.3,217.7,0.4,0.7,6120.0,9.0,18.58
2018-03-29T16:53:57,36.0,191.3,237.2,0.3,0.5,6130.0,8.0,18.41
2018-03-29T16:54:28,36.0,213.2,217.7,0.3,0.6,6130.0,9.0,18.43
2018-03-29T16:54:59,35.9,194.9,214.7,0.4,0.6,6130.0,8.0,18.64
2018-03-29T16:55:30,35.9,176.0,235.4,0.4,0.6,6130.0,9.0,17.99
2018-03-29T16:56:02,35.9,190.8,215.9,0.4,0.6,6130.0,9.0,18.23
2018-03-29T16:56:33,35.9,212.0,224.8,0.3,0.6,6130.0,9.0,18.14
2018-03-29T16:57:04,35.9,192.5,228.3,0.4,0.6,6130.0,8.0,18.12
2018-03-29T16:57:35,35.9,177.8,209.4,0.4,0.6,6140.0,8.0,17.39
2018-03-29T16:58:06,35.9,198.4,230.1,0.4,0.6,6140.0,9.0,17.44
2018-03-29T16:58:37,35.9,202.0,223.6,0.3,0.5,6140.0,8.0,17.43
2018-03-29T16:59:08,35.7,193.7,221.2,0.3,0.5,6140.0,8.0,16.83
2018-03-29T16:59:39,35.7,213.8,233.0,0.3,0.5,6140.0,7.0,15.7
2018-03-29T17:00:10,35.7,191.3,210.0,0.3,0.5,6140.0,8.0,16.17
2018-03-29T17:00:41,35.7,180.1,223.0,0.3,0.5,6150.0,7.0,16.03
2018-03-29T17:01:13,35.7,202.0,228.9,0.3,0.5,6150.0,8.0,15.99
2018-03-29T17:01:44,35.7,203.7,210.6,0.3,0.5,6150.0,7.0,15.12
2018-03-29T17:02:15,35.6,183.7,230.7,0.3,0.5,6150.0,6.0,14.77
2018-03-29T17:02:46,35.6,183.1,220.6,0.3,0.5,6150.0,7.0,14.72
2018-03-29T17:03:17,35.6,203.7,221.8,0.3,0.5,6150.0,7.0,14.66
2018-03-29T17:03:48,35.6,202.0,225.9,0.3,0.4,6150.0,5.0,14.11
2018-03-29T17:04:19,35.6,190.8,211.2,0.3,0.4,6150.0,6.0,13.13
2018-03-29T17:04:50,35.6,211.4,231.9,0.2,0.4,6160.0,5.0,12.61
2018-03-29T17:05:21,35.6,190.2,220.0,0.3,0.4,6160.0,5.0,13.04
2018-03-29T17:05:52,35.6,180.7,211.7,0.3,0.4,6160.0,6.0,12.28
2018-03-29T17:06:24,35.5,201.4,231.9,0.3,0.4,6160.0,6.0,12.12
2018-03-29T17:06:55,35.3,200.2,216.5,0.3,0.4,6160.0,5.0,11.84
2018-03-29T17:07:26,35.4,178.9,214.7,0.2,0.3,6160.0,5.0,10.74
2018-03-29T17:07:57,35.3,176.6,230.1,0.2,0.3,6160.0,5.0,10.17
2018-03-29T17:08:28,35.3,196.7,209.4,0.2,0.3,6160.0,4.0,10.03
2018-03-29T17:08:59,35.4,202.0,210.0,0.2,0.3,6160.0,4.0,9.57
2018-03-29T17:09:30,35.4,181.3,230.1,0.2,0.3,6160.0,4.0,9.46
2018-03-29T17:10:01,35.4,161.8,220.6,0.2,0.3,6160.0,4.0,9.33
2018-03-29T17:10:32,35.4,176.0,199.3,0.2,0.3,6170.0,4.0,8.94
2018-03-29T17:11:03,35.4,196.1,198.1,0.2,0.3,6170.0,4.0,8.94
2018-03-29T17:11:34,35.4,205.5,194.0,0.2,0.3,6170.0,4.0,8.63
2018-03-29T17:12:05,35.4,185.4,214.7,0.2,0.3,6170.0,4.0,9.15
2018-03-29T17:12:36,35.4,164.2,233.0,0.2,0.2,6170.0,4.0,8.33
2018-03-29T17:13:07,35.4,147.6,211.2,0.2,0.3,6170.0,4.0,8.48
2018-03-29T17:13:38,35.4,167.7,194.0,0.2,0.3,6170.0,4.0,7.97
2018-03-29T17:14:09,35.4,190.8,215.9,0.2,0.3,6170.0,4.0,8.76
2018-03-29T17:14:40,35.4,204.3,225.9,0.2,0.3,6170.0,4.0,8.13
2018-03-29T17:15:11,35.4,183.1,207.0,0.2,0.3,6170.0,4.0,8.44
2018-03-29T17:15:43,35.4,165.9,185.7,0.2,0.3,6170.0,3.0,7.61
2018-03-29T17:16:14,35.4,186.0,195.8,0.2,0.3,6170.0,4.0,7.88
2018-03-29T17:16:45,35.3,206.7,217.7,0.1,0.3,6170.0,4.0,7.83
2018-03-29T17:17:16,35.3,191.9,228.9,0.2,0.2,6170.0,4.0,7.74
2018-03-29T17:17:47,35.3,172.4,208.2,0.2,0.3,6180.0,3.0,7.64
2018-03-29T17:18:18,35.3,150.6,203.5,0.2,0.3,6180.0,2.0,7.31
2018-03-29T17:18:49,35.3,173.0,181.0,0.2,0.3,6180.0,3.0,6.87
2018-03-29T17:19:20,35.3,193.7,199.9,0.2,0.3,6180.0,3.0,7.43
2018-03-29T17:19:51,35.3,196.1,220.0,0.2,0.3,6180.0,3.0,7.45
2018-03-29T17:20:22,35.2,176.0,231.3,0.2,0.2,6180.0,2.0,7.15
2018-03-29T17:20:54,35.2,154.7,209.4,0.2,0.2,6180.0,3.0,6.61
2018-03-29T17:21:25,35.2,147.0,197.0,0.2,0.2,6180.0,3.0,6.07
2018-03-29T17:21:56,35.2,167.7,220.0,0.1,0.2,6180.0,3.0,6.38
2018-03-29T17:22:27,35.2,189.6,211.7,0.1,0.2,6180.0,3.0,6.4
2018-03-29T17:22:58,35.2,199.0,194.6,0.1,0.2,6180.0,3.0,5.55
2018-03-29T17:23:29,35.0,178.3,215.9,0.1,0.2,6180.0,3.0,5.77
2018-03-29T17:24:00,35.0,157.7,228.3,0.1,0.2,6180.0,2.0,5.05
2018-03-29T17:24:31,34.9,137.0,207.0,0.1,0.2,6180.0,2.0,4.65
2018-03-29T17:25:02,34.9,154.7,185.7,0.1,0.2,6180.0,2.0,4.38
2018-03-29T17:25:34,34.9,176.6,197.5,0.1,0.1,6180.0,2.0,4.46
2018-03-29T17:26:05,34.9,199.6,218.3,0.1,0.1,6180.0,2.0,4.09
2018-03-29T17:26:36,34.9,186.6,220.6,0.1,0.1,6180.0,2.0,3.95
2018-03-29T17:27:07,34.9,167.7,199.3,0.1,0.1,6180.0,2.0,3.78
2018-03-29T17:27:38,34.9,146.4,178.6,0.1,0.1,6180.0,1.0,3.52
2018-03-29T17:28:09,34.9,124.0,182.2,0.1,0.1,6180.0,1.0,2.9
2018-03-29T17:28:40,34.8,142.3,203.5,0.1,0.1,6190.0,1.0,2.93
2018-03-29T17:29:11,34.8,163.0,223.6,0.1,0.1,6190.0,1.0,2.68
2018-03-29T17:29:42,34.8,184.3,207.6,0.1,0.1,6190.0,1.0,2.81
2018-03-29T17:30:13,34.7,194.9,188.1,0.0,0.1,6190.0,1.0,2.3
2018-03-29T17:30:44,34.6,172.4,166.8,0.1,0.1,6190.0,1.0,2.25
2018-03-29T17:31:16,34.6,153.5,163.2,0.1,0.1,6190.0,1.0,2.0
2018-03-29T17:31:47,34.6,147.6,183.9,0.1,0.1,6190.0,1.0,1.94
2018-03-29T17:32:18,34.6,167.7,202.3,0.1,0.0,6190.0,1.0,1.95
2018-03-29T17:32:49,34.6,188.4,221.2,0.1,0.1,6190.0,0.0,1.31
2018-03-29T17:33:20,34.6,201.4,208.2,0.0,0.1,6190.0,0.0,1.37
2018-03-29T17:33:51,34.6,177.2,189.9,0.1,0.0,6190.0,1.0,1.6
2018-03-29T17:34:22,34.6,158.9,169.7,0.1,0.0,6190.0,1.0,1.48
2018-03-29T17:34:53,34.6,138.2,149.6,0.1,0.0,6190.0,0.0,1.23
2018-03-29T17:35:24,34.6,117.5,166.8,0.1,0.0,6190.0,0.0,1.22
2018-03-29T17:35:55,34.6,120.5,187.5,0.1,0.0,6190.0,0.0,1.34
2018-03-29T17:36:27,34.5,142.3,207.6,0.1,0.1,6190.0,0.0,1.35
2018-03-29T17:36:58,34.5,163.0,230.1,0.1,0.0,6190.0,0.0,0.82
2018-03-29T17:37:29,34.5,186.0,211.2,0.1,0.1,6190.0,0.0,1.16
2018-03-29T17:38:00,34.5,201.4,188.7,0.0,0.0,6190.0,0.0,0.85
2018-03-29T17:38:31,34.5,175.4,169.1,0.1,0.0,6190.0,0.0,1.23
2018-03-29T17:39:02,34.5,156.5,147.9,0.0,0.0,6190.0,1.0,1.03
2018-03-29T17:39:33,34.4,136.4,126.6,0.0,0.0,6190.0,0.0,0.85
2018-03-29T17:40:04,34.4,131.1,134.2,0.0,0.0,6190.0,0.0,0.75
2018-03-29T17:40:35,34.4,153.5,153.8,0.1,0.0,6190.0,0.0,0.82
2018-03-29T17:41:07,34.4,175.4,172.7,0.1,0.0,6190.0,0.0,0.77
2018-03-29T17:41:38,34.2,193.1,196.4,0.0,0.0,6190.0,0.0,0.54
2018-03-29T17:42:09,34.2,195.5,215.3,0.0,0.0,6190.0,0.0,0.0
2018-03-29T17:42:40,34.2,185.4,229.5,0.0,0.0,6190.0,0.0,0.0
2018-03-29T17:43:11,34.1,161.8,194.6,0.0,0.0,6190.0,0.0,0.0
2018-03-29T17:43:42,34.1,134.6,145.5,0.1,0.0,6190.0,0.0,0.0
2018-03-29T17:44:13,34.0,191.9,215.9,0.0,0.0,6190.0,0.0,0.0
2018-03-29T17:44:44,34.0,190.2,212.9,0.0,0.0,6190.0,0.0,0.0
2018-03-29T17:45:15,34.0,189.0,210.0,0.0,0.0,6190.0,0.0,0.0
2018-03-29T17:45:46,34.0,187.8,207.0,0.0,0.0,6190.0,0.0,0.0
2018-03-29T17:46:17,33.9,186.0,202.3,0.0,0.0,6190.0,0.0,0.0
2018-03-29T17:46:48,33.9,184.3,197.0,0.0,0.0,6190.0,0.0,0.0
2018-03-29T17:47:19,33.9,181.9,188.1,0.0,0.0,6190.0,0.0,0.0
2018-03-29T17:47:50,33.9,180.1,181.0,0.0,0.0,6190.0,0.0,0.04
2018-03-29T17:48:21,33.8,175.4,175.7,0.0,0.0,6190.0,0.0,0.21
2018-03-29T17:48:52,33.8,164.2,172.1,0.0,0.0,6190.0,0.0,0.0
2018-03-29T17:49:23,33.8,90.9,170.9,0.0,0.0,6190.0,0.0,0.0
2018-03-29T17:49:54,33.8,158.9,159.1,0.0,0.0,6190.0,0.0,0.51
2018-03-29T17:50:25,33.7,149.4,149.6,0.0,0.0,6190.0,0.0,0.14
2018-03-29T17:50:57,33.7,132.9,133.1,0.0,0.0,6190.0,0.0,0.0
2018-03-29T17:51:28,33.5,92.7,92.8,0.0,0.0,6190.0,0.0,0.0
