2019-01-10T06:35:28,31.0,191.3,219.4,0.2,60.0,240.6
2019-01-10T06:36:00,31.0,194.3,224.8,0.3,60.0,239.6
2019-01-10T06:36:31,31.0,173.6,233.0,0.3,60.0,240.6
2019-01-10T06:37:02,31.1,152.9,211.7,0.3,70.0,240.6
2019-01-10T06:37:33,31.1,163.0,227.7,0.3,70.0,241.5
2019-01-10T06:38:04,31.1,185.4,236.0,0.3,70.0,240.6
2019-01-10T06:38:35,31.1,206.7,215.9,0.3,70.0,240.6
2019-01-10T06:39:06,31.2,207.3,195.2,0.3,70.0,239.6
2019-01-10T06:39:37,31.2,186.0,215.9,0.3,70.0,239.6
2019-01-10T06:40:08,31.2,165.4,237.8,0.3,70.0,238.6
2019-01-10T06:40:39,31.2,144.1,228.3,0.4,70.0,238.6
2019-01-10T06:41:11,31.2,168.3,214.1,0.4,80.0,239.6
2019-01-10T06:41:42,31.4,148.2,195.2,0.4,80.0,238.6
2019-01-10T06:42:13,31.4,170.7,211.7,0.4,80.0,240.6
2019-01-10T06:42:44,31.4,190.8,234.8,0.4,80.0,242.5
2019-01-10T06:43:15,31.4,212.0,225.9,0.3,80.0,242.5
2019-01-10T06:43:46,31.5,206.7,214.7,0.3,80.0,242.5
2019-01-10T06:44:17,31.5,186.0,236.0,0.3,80.0,242.5
2019-01-10T06:44:48,31.5,165.9,227.1,0.4,90.0,241.5
2019-01-10T06:45:19,31.5,159.4,221.2,0.4,90.0,241.5
2019-01-10T06:45:50,31.5,180.7,228.3,0.4,90.0,242.5
2019-01-10T06:46:22,31.6,202.6,236.6,0.3,90.0,242.5
2019-01-10T06:46:53,31.6,186.6,225.9,0.4,90.0,242.5
2019-01-10T06:47:24,31.6,192.5,232.4,0.4,90.0,241.5
2019-01-10T06:47:55,31.6,215.0,233.0,0.4,90.0,240.6
2019-01-10T06:48:26,31.6,205.5,210.0,0.4,100.0,241.5
2019-01-10T06:48:57,31.7,185.4,232.4,0.4,100.0,241.5
2019-01-10T06:49:28,31.7,164.8,234.8,0.5,100.0,241.5
2019-01-10T06:49:59,31.8,148.2,212.9,0.5,100.0,241.5
2019-01-10T06:50:30,31.7,170.1,223.6,0.4,100.0,238.6
2019-01-10T06:51:01,31.8,191.3,244.3,0.4,100.0,239.6
2019-01-10T06:51:32,31.8,211.4,221.2,0.4,110.0,240.6
2019-01-10T06:52:03,31.8,215.0,230.7,0.4,110.0,240.6
2019-01-10T06:52:34,31.8,191.3,232.4,0.5,110.0,241.5
2019-01-10T06:53:05,31.8,177.8,218.8,0.5,110.0,243.5
2019-01-10T06:53:36,31.9,157.1,216.5,0.6,110.0,241.5
2019-01-10T06:54:07,31.9,161.8,236.0,0.5,120.0,241.5
2019-01-10T06:54:38,31.9,183.1,225.4,0.5,120.0,242.5
2019-01-10T06:55:09,31.9,203.7,223.0,0.4,120.0,241.5
2019-01-10T06:55:41,31.9,220.9,240.1,0.4,120.0,242.5
2019-01-10T06:56:12,31.9,198.4,218.3,0.4,120.0,243.5
2019-01-10T06:56:43,31.9,176.6,230.1,0.5,130.0,242.5
2019-01-10T06:57:14,31.9,155.3,235.4,0.6,130.0,243.5
2019-01-10T06:57:45,31.9,170.1,214.7,0.6,130.0,242.5
2019-01-10T06:58:16,31.9,189.6,232.4,0.5,130.0,242.5
2019-01-10T06:58:47,31.9,186.6,228.3,0.5,130.0,241.5
2019-01-10T06:59:18,31.9,177.8,234.8,0.6,140.0,240.6
2019-01-10T06:59:49,32.0,196.7,228.3,0.5,140.0,242.5
2019-01-10T07:00:20,32.0,218.5,230.1,0.4,140.0,242.5
2019-01-10T07:00:52,32.0,202.0,228.9,0.5,140.0,242.5
2019-01-10T07:01:23,32.0,181.3,220.6,0.5,140.0,242.5
2019-01-10T07:01:54,32.2,183.1,241.9,0.5,150.0,241.5
2019-01-10T07:02:25,32.0,203.7,221.2,0.4,150.0,240.6
2019-01-10T07:02:56,32.2,216.2,241.9,0.4,150.0,240.6
2019-01-10T07:03:27,32.2,194.9,219.4,0.4,150.0,240.6
2019-01-10T07:03:58,32.2,173.6,240.1,0.5,150.0,240.6
2019-01-10T07:04:29,32.2,161.8,227.7,0.6,160.0,239.6
2019-01-10T07:05:00,32.2,183.1,233.0,0.5,160.0,239.6
2019-01-10T07:05:32,32.2,204.3,212.3,0.4,160.0,240.6
2019-01-10T07:06:03,32.2,212.0,234.8,0.4,160.0,241.5
2019-01-10T07:06:34,32.2,192.5,237.2,0.4,160.0,241.5
2019-01-10T07:07:05,32.2,171.9,215.9,0.5,170.0,240.6
2019-01-10T07:07:36,32.2,168.3,220.6,0.5,170.0,241.5
2019-01-10T07:08:07,32.2,189.6,241.3,0.4,170.0,241.5
2019-01-10T07:08:38,32.2,209.1,223.6,0.4,170.0,242.5
2019-01-10T07:09:09,32.2,211.4,223.0,0.4,170.0,242.5
2019-01-10T07:09:40,32.3,190.8,236.6,0.4,170.0,241.5
2019-01-10T07:10:11,32.3,170.7,215.9,0.5,180.0,241.5
2019-01-10T07:10:43,32.3,149.4,221.2,0.6,180.0,242.5
2019-01-10T07:11:14,32.4,142.9,237.8,0.6,180.0,243.5
2019-01-10T07:11:45,32.3,152.9,240.7,0.5,180.0,244.4
2019-01-10T07:12:16,32.3,176.0,217.1,0.5,180.0,245.4
2019-01-10T07:12:47,32.4,196.7,214.7,0.4,180.0,245.4
2019-01-10T07:13:18,32.4,217.9,239.0,0.5,190.0,245.4
2019-01-10T07:13:49,32.4,209.7,231.3,0.5,190.0,244.4
2019-01-10T07:14:20,32.4,193.7,215.9,0.6,190.0,244.4
2019-01-10T07:14:51,32.5,173.0,234.8,0.6,190.0,245.4
2019-01-10T07:15:22,32.5,155.9,234.2,0.6,200.0,245.4
2019-01-10T07:15:54,32.5,178.3,217.7,0.7,200.0,245.4
2019-01-10T07:16:25,32.4,197.3,239.5,0.6,200.0,245.4
2019-01-10T07:16:56,32.4,194.3,225.9,0.6,200.0,246.4
2019-01-10T07:17:27,32.4,187.2,239.0,0.6,210.0,245.4
2019-01-10T07:17:58,32.4,187.8,227.7,0.6,210.0,244.4
2019-01-10T07:18:29,32.4,167.1,239.5,0.7,210.0,246.4
2019-01-10T07:19:00,32.3,170.1,217.7,0.6,210.0,247.3
2019-01-10T07:19:31,32.3,190.8,236.6,0.6,210.0,246.4
2019-01-10T07:20:02,32.4,213.2,228.9,0.5,220.0,247.3
2019-01-10T07:20:34,32.4,209.7,223.0,0.6,220.0,247.3
2019-01-10T07:21:05,32.4,187.8,244.9,0.7,220.0,246.4
2019-01-10T07:21:36,32.5,165.9,221.2,0.7,230.0,247.3
2019-01-10T07:22:07,32.5,157.1,227.7,0.8,230.0,246.4
2019-01-10T07:22:38,32.5,180.1,240.7,0.7,230.0,245.4
2019-01-10T07:23:09,32.6,199.0,217.7,0.7,230.0,246.4
2019-01-10T07:23:40,32.6,177.8,227.7,0.9,240.0,246.4
2019-01-10T07:24:11,32.6,159.4,242.5,0.9,240.0,246.4
2019-01-10T07:24:42,32.7,182.5,220.0,0.9,240.0,245.4
2019-01-10T07:25:13,32.7,194.3,231.3,0.8,250.0,245.4
2019-01-10T07:25:45,32.7,173.0,236.0,0.9,250.0,245.4
2019-01-10T07:26:16,32.9,156.5,214.7,1.1,250.0,246.4
2019-01-10T07:26:47,32.9,179.5,231.9,1.0,260.0,244.4
2019-01-10T07:27:18,33.0,199.0,229.5,0.9,260.0,244.4
2019-01-10T07:27:49,33.0,200.2,233.6,1.0,270.0,244.4
2019-01-10T07:28:20,33.0,191.9,243.7,1.1,270.0,243.5
2019-01-10T07:28:51,33.1,196.7,230.7,1.0,270.0,244.4
2019-01-10T07:29:22,33.1,189.6,236.6,1.1,280.0,244.4
2019-01-10T07:29:53,33.0,188.4,225.9,1.1,280.0,244.4
2019-01-10T07:30:24,33.0,177.2,239.0,1.2,290.0,243.5
2019-01-10T07:30:56,33.1,197.8,228.3,1.0,290.0,245.4
2019-01-10T07:31:27,33.1,176.0,233.0,1.1,300.0,244.4
2019-01-10T07:31:58,33.2,189.0,219.4,1.1,300.0,244.4
2019-01-10T07:32:29,33.2,190.8,233.0,1.2,300.0,245.4
2019-01-10T07:33:00,33.3,191.9,228.3,1.1,310.0,244.4
2019-01-10T07:33:31,33.3,192.5,231.9,1.2,310.0,244.4
2019-01-10T07:34:02,33.3,191.3,227.7,1.1,320.0,242.5
2019-01-10T07:34:33,33.3,185.4,236.0,1.1,320.0,243.5
2019-01-10T07:35:04,33.3,165.4,223.0,1.2,330.0,242.5
2019-01-10T07:35:36,33.3,183.1,240.7,1.1,330.0,244.4
2019-01-10T07:36:07,33.3,188.4,221.8,1.2,330.0,244.4
2019-01-10T07:36:38,33.3,189.0,237.2,1.2,340.0,244.4
2019-01-10T07:37:09,33.4,169.5,218.8,1.3,340.0,242.5
2019-01-10T07:37:40,33.4,178.3,240.1,1.3,350.0,244.4
2019-01-10T07:38:11,33.4,194.9,228.9,1.3,350.0,243.5
2019-01-10T07:38:42,33.4,190.8,228.9,1.2,360.0,242.5
2019-01-10T07:39:13,33.3,192.5,232.4,1.2,360.0,244.4
2019-01-10T07:39:44,33.4,199.0,227.7,1.1,370.0,242.5
2019-01-10T07:40:15,33.3,178.3,233.0,1.3,370.0,243.5
2019-01-10T07:40:47,33.4,190.8,225.9,1.2,380.0,243.5
2019-01-10T07:41:18,33.4,185.4,235.4,1.2,380.0,240.6
2019-01-10T07:41:49,33.4,180.1,224.2,1.2,380.0,242.5
2019-01-10T07:42:20,33.4,197.3,234.8,1.1,390.0,242.5
2019-01-10T07:42:51,33.4,190.2,225.9,1.3,390.0,242.5
2019-01-10T07:43:22,33.3,172.4,237.8,1.3,400.0,244.4
2019-01-10T07:43:53,33.4,194.9,224.8,1.2,400.0,243.5
2019-01-10T07:44:24,33.4,191.3,231.3,1.2,410.0,244.4
2019-01-10T07:44:55,33.5,195.5,227.1,1.2,410.0,243.5
2019-01-10T07:45:26,33.5,196.7,233.0,1.1,420.0,244.4
2019-01-10T07:45:58,33.5,180.7,224.8,1.3,420.0,245.4
2019-01-10T07:46:29,33.7,182.5,231.9,1.3,430.0,244.4
2019-01-10T07:47:00,33.7,192.5,225.9,1.3,430.0,244.4
2019-01-10T07:47:31,33.8,171.9,230.7,1.4,440.0,243.5
2019-01-10T07:48:02,33.9,171.3,224.2,1.4,440.0,244.4
2019-01-10T07:48:33,33.9,193.7,239.0,1.3,450.0,243.5
2019-01-10T07:49:04,34.0,183.1,215.3,1.4,450.0,244.4
2019-01-10T07:49:35,34.0,161.8,237.8,1.5,460.0,245.4
2019-01-10T07:50:06,34.0,173.0,224.8,1.5,460.0,244.4
2019-01-10T07:50:38,34.1,197.3,220.0,1.5,470.0,244.4
2019-01-10T07:51:09,34.1,198.4,244.9,1.4,470.0,244.4
2019-01-10T07:51:40,34.1,178.3,217.7,1.8,480.0,245.4
2019-01-10T07:52:11,34.2,154.7,197.5,2.1,480.0,246.4
2019-01-10T07:52:42,34.2,173.0,210.6,2.3,490.0,246.4
2019-01-10T07:53:13,34.4,190.8,243.1,2.4,500.0,246.4
2019-01-10T07:53:44,34.4,189.0,217.7,2.7,510.0,246.4
2019-01-10T07:54:15,34.4,191.9,231.9,2.4,520.0,247.3
2019-01-10T07:54:46,34.4,178.3,236.6,2.9,530.0,246.4
2019-01-10T07:55:17,34.4,193.1,224.8,3.0,540.0,248.3
2019-01-10T07:55:49,34.5,193.7,227.7,3.1,550.0,246.4
2019-01-10T07:56:21,34.5,197.8,227.7,3.0,560.0,246.4
2019-01-10T07:56:52,34.6,192.5,233.6,2.9,570.0,244.4
2019-01-10T07:57:23,34.7,186.6,215.9,2.9,580.0,245.4
2019-01-10T07:57:54,34.8,177.8,212.9,3.0,590.0,244.4
2019-01-10T07:58:25,34.7,174.2,236.0,2.9,600.0,244.4
2019-01-10T07:58:56,34.7,182.5,226.5,2.3,610.0,245.4
2019-01-10T07:59:27,34.7,165.9,226.5,2.5,620.0,245.4
2019-01-10T07:59:58,34.7,163.6,231.3,2.4,630.0,243.5
2019-01-10T08:00:29,34.7,163.6,230.7,2.3,640.0,242.5
2019-01-10T08:01:00,34.8,181.9,227.1,2.2,650.0,243.5
2019-01-10T08:01:31,34.8,191.9,230.1,2.1,650.0,242.5
2019-01-10T08:02:02,34.8,191.9,228.9,2.1,660.0,244.4
2019-01-10T08:02:33,34.8,192.5,230.7,2.0,670.0,241.5
2019-01-10T08:03:04,34.9,194.3,220.6,2.0,680.0,243.5
2019-01-10T08:03:35,35.0,191.3,224.8,2.0,690.0,242.5
2019-01-10T08:04:06,35.0,192.5,227.7,2.0,690.0,242.5
2019-01-10T08:04:37,35.2,180.7,233.0,2.2,700.0,243.5
2019-01-10T08:05:08,35.2,155.9,207.0,2.5,710.0,243.5
2019-01-10T08:05:40,35.2,172.4,223.0,2.3,720.0,240.6
2019-01-10T08:06:11,35.2,196.1,243.1,2.2,730.0,243.5
2019-01-10T08:06:42,35.3,217.9,223.6,2.0,740.0,242.5
2019-01-10T08:07:13,35.3,215.0,227.1,1.7,740.0,242.5
2019-01-10T08:07:44,35.3,216.2,223.0,1.6,750.0,242.5
2019-01-10T08:08:15,35.4,207.9,218.8,1.7,760.0,244.4
2019-01-10T08:08:46,35.5,190.2,205.8,2.1,770.0,244.4
2019-01-10T08:09:17,35.5,178.9,232.4,2.3,770.0,243.5
2019-01-10T08:09:48,35.6,180.1,227.7,2.1,780.0,242.5
2019-01-10T08:10:19,35.6,187.2,227.7,1.8,790.0,242.5
2019-01-10T08:10:51,35.6,190.2,227.1,1.5,790.0,242.5
2019-01-10T08:11:22,35.6,189.6,230.7,1.5,800.0,245.4
2019-01-10T08:11:53,35.7,193.1,224.8,1.5,810.0,244.4
2019-01-10T08:12:24,35.7,189.6,223.6,1.5,810.0,245.4
2019-01-10T08:12:55,35.6,188.4,231.9,1.5,820.0,245.4
2019-01-10T08:13:26,35.5,196.7,236.0,1.4,820.0,245.4
2019-01-10T08:13:57,35.5,192.5,224.8,1.5,830.0,243.5
2019-01-10T08:14:28,35.6,179.5,215.9,1.6,840.0,242.5
2019-01-10T08:14:59,35.6,157.7,234.8,1.9,840.0,243.5
2019-01-10T08:15:30,35.7,180.1,223.6,1.8,850.0,244.4
2019-01-10T08:16:02,35.9,189.0,223.0,1.6,860.0,244.4
2019-01-10T08:16:33,35.9,197.8,233.0,1.6,860.0,244.4
2019-01-10T08:17:04,36.0,193.1,230.7,1.6,870.0,245.4
2019-01-10T08:17:35,36.0,195.5,225.9,1.6,880.0,244.4
2019-01-10T08:18:06,35.9,193.1,227.7,1.5,880.0,242.5
2019-01-10T08:18:37,36.0,193.7,226.5,1.4,890.0,242.5
2019-01-10T08:19:08,36.0,193.1,226.5,1.4,900.0,243.5
2019-01-10T08:19:39,36.0,185.4,224.2,1.3,900.0,243.5
2019-01-10T08:20:10,36.0,189.0,223.6,1.4,910.0,244.4
2019-01-10T08:20:41,35.9,191.3,234.2,1.5,910.0,242.5
2019-01-10T08:21:13,35.7,197.3,226.5,1.3,920.0,242.5
2019-01-10T08:21:44,35.9,190.2,232.4,1.5,930.0,243.5
2019-01-10T08:22:15,35.9,177.8,228.3,1.5,930.0,243.5
2019-01-10T08:22:46,36.0,176.6,228.9,1.4,940.0,243.5
2019-01-10T08:23:17,36.1,167.7,228.3,1.5,940.0,244.4
2019-01-10T08:23:48,36.1,171.9,228.9,1.3,950.0,244.4
2019-01-10T08:24:19,36.1,192.5,233.0,1.3,950.0,243.5
2019-01-10T08:24:50,36.2,190.8,230.7,1.3,960.0,243.5
2019-01-10T08:25:21,36.2,194.3,225.4,1.2,960.0,244.4
2019-01-10T08:25:52,36.2,194.3,225.9,1.2,970.0,242.5
2019-01-10T08:26:24,36.2,189.0,227.1,1.2,970.0,244.4
2019-01-10T08:26:55,36.2,209.1,223.0,1.0,980.0,244.4
2019-01-10T08:27:26,36.3,210.8,227.1,1.0,980.0,243.5
2019-01-10T08:27:57,36.3,211.4,231.9,0.9,990.0,244.4
2019-01-10T08:28:28,36.3,201.4,235.4,1.0,990.0,243.5
2019-01-10T08:28:59,36.3,209.7,228.9,1.0,990.0,243.5
2019-01-10T08:29:30,36.4,189.0,223.0,1.1,1000.0,240.6
2019-01-10T08:30:01,36.4,168.3,230.1,1.1,1000.0,243.5
2019-01-10T08:30:32,36.4,152.9,209.4,1.3,1010.0,243.5
2019-01-10T08:31:04,36.4,177.2,211.7,1.2,1010.0,241.5
2019-01-10T08:31:35,36.4,191.9,236.0,1.2,1020.0,243.5
2019-01-10T08:32:06,36.5,169.5,220.6,1.4,1020.0,243.5
2019-01-10T08:32:37,36.5,163.6,212.9,1.5,1030.0,242.5
2019-01-10T08:33:08,36.4,167.7,225.9,1.3,1030.0,242.5
2019-01-10T08:33:39,36.4,171.3,225.4,1.2,1030.0,242.5
2019-01-10T08:34:10,36.4,194.3,226.5,1.2,1040.0,243.5
2019-01-10T08:34:41,36.4,194.3,223.6,1.2,1040.0,244.4
2019-01-10T08:35:12,36.3,177.2,231.9,1.1,1050.0,244.4
2019-01-10T08:35:43,36.2,179.5,230.7,1.2,1050.0,242.5
2019-01-10T08:36:15,36.2,180.1,233.6,1.1,1060.0,241.5
2019-01-10T08:36:46,36.2,185.4,216.5,1.0,1060.0,242.5
2019-01-10T08:37:17,36.3,189.0,236.0,1.0,1060.0,240.6
2019-01-10T08:37:48,36.4,168.9,222.4,1.2,1070.0,240.6
2019-01-10T08:38:19,36.4,165.9,234.8,1.3,1070.0,242.5
2019-01-10T08:38:50,36.5,191.3,225.9,1.1,1080.0,240.6
2019-01-10T08:39:21,36.5,216.2,246.6,1.1,1080.0,242.5
2019-01-10T08:39:52,36.7,199.6,216.5,1.3,1090.0,244.4
2019-01-10T08:40:23,36.7,173.6,242.5,1.8,1090.0,244.4
2019-01-10T08:40:54,36.7,154.1,223.6,2.2,1100.0,244.4
2019-01-10T08:41:26,36.7,177.8,232.4,1.9,1110.0,245.4
2019-01-10T08:41:57,36.7,181.9,232.4,1.9,1110.0,244.4
2019-01-10T08:42:28,36.7,166.5,217.7,2.1,1120.0,245.4
2019-01-10T08:42:59,36.7,168.9,231.3,2.0,1130.0,243.5
2019-01-10T08:43:30,36.7,181.9,228.3,1.6,1140.0,242.5
2019-01-10T08:44:01,36.8,173.6,232.4,1.6,1140.0,242.5
2019-01-10T08:44:32,36.9,194.9,236.6,1.5,1150.0,242.5
2019-01-10T08:45:03,36.9,177.2,212.9,1.9,1150.0,243.5
2019-01-10T08:45:34,37.0,194.3,239.0,1.8,1160.0,244.4
2019-01-10T08:46:06,37.0,206.1,234.8,1.5,1170.0,242.5
2019-01-10T08:46:37,37.1,208.5,231.9,1.3,1170.0,243.5
2019-01-10T08:47:08,37.1,215.0,232.4,1.2,1180.0,242.5
2019-01-10T08:47:39,37.2,216.2,227.7,1.2,1190.0,244.4
2019-01-10T08:48:10,37.2,219.1,231.9,1.1,1190.0,243.5
2019-01-10T08:48:41,37.2,217.3,228.9,1.1,1200.0,244.4
2019-01-10T08:49:12,37.2,210.2,218.3,1.2,1200.0,243.5
2019-01-10T08:49:43,37.4,216.2,229.5,1.0,1210.0,243.5
2019-01-10T08:50:14,37.4,216.2,235.4,1.1,1210.0,243.5
2019-01-10T08:50:45,37.4,216.2,233.6,1.0,1220.0,243.5
2019-01-10T08:51:17,37.4,216.2,232.4,1.0,1220.0,244.4
2019-01-10T08:51:48,37.5,216.7,235.4,0.9,1220.0,245.4
2019-01-10T08:52:19,37.5,204.9,223.0,1.0,1230.0,244.4
2019-01-10T08:52:50,37.5,207.3,228.3,1.0,1230.0,243.5
2019-01-10T08:53:21,37.6,186.0,231.9,1.1,1240.0,242.5
2019-01-10T08:53:52,37.6,162.4,228.9,1.4,1240.0,242.5
2019-01-10T08:54:23,37.6,185.4,234.8,1.3,1250.0,242.5
2019-01-10T08:54:54,37.6,177.2,225.9,1.8,1250.0,244.4
2019-01-10T08:55:25,37.6,165.9,237.8,1.6,1260.0,242.5
2019-01-10T08:55:56,37.7,167.7,230.7,1.4,1270.0,242.5
2019-01-10T08:56:28,37.7,164.2,228.9,1.3,1270.0,243.5
2019-01-10T08:56:59,37.7,164.2,225.9,1.1,1270.0,243.5
2019-01-10T08:57:30,37.7,171.9,231.3,1.0,1280.0,244.4
2019-01-10T08:58:01,37.7,174.8,231.9,0.9,1280.0,242.5
2019-01-10T08:58:32,37.7,190.2,227.7,0.7,1290.0,243.5
2019-01-10T08:59:03,37.7,193.1,224.2,0.7,1290.0,243.5
2019-01-10T08:59:34,37.7,211.4,228.3,0.6,1290.0,243.5
2019-01-10T09:00:05,37.7,208.5,232.4,0.6,1300.0,243.5
2019-01-10T09:00:36,37.7,202.6,231.9,0.6,1300.0,242.5
2019-01-10T09:01:08,37.7,202.0,228.3,0.6,1300.0,242.5
2019-01-10T09:01:39,37.8,207.9,225.9,0.6,1300.0,242.5
2019-01-10T09:02:10,37.8,192.5,224.8,0.5,1310.0,241.5
2019-01-10T09:02:41,37.7,210.2,222.4,0.5,1310.0,240.6
2019-01-10T09:03:12,37.7,189.0,230.7,0.5,1310.0,239.6
2019-01-10T09:03:43,37.7,168.3,214.1,0.7,1310.0,240.6
2019-01-10T09:04:14,37.7,158.3,218.8,0.6,1310.0,240.6
2019-01-10T09:04:45,37.7,167.1,230.7,0.7,1320.0,240.6
2019-01-10T09:05:16,37.7,186.6,219.4,0.5,1320.0,240.6
2019-01-10T09:05:47,37.7,207.9,212.3,0.5,1320.0,241.5
2019-01-10T09:06:19,37.7,199.6,232.4,0.5,1320.0,240.6
2019-01-10T09:06:50,37.7,182.5,217.1,0.5,1320.0,241.5
2019-01-10T09:07:21,37.7,196.1,225.9,0.5,1330.0,241.5
2019-01-10T09:07:52,37.7,175.4,222.4,0.5,1330.0,240.6
2019-01-10T09:08:23,37.6,178.3,218.8,0.5,1330.0,238.6
2019-01-10T09:08:54,37.6,199.6,231.3,0.4,1330.0,237.7
2019-01-10T09:09:25,37.6,203.2,215.9,0.4,1330.0,239.6
2019-01-10T09:09:56,37.6,181.9,218.8,0.4,1340.0,240.6
2019-01-10T09:10:27,37.6,193.7,235.4,0.4,1340.0,238.6
2019-01-10T09:10:58,37.6,212.6,213.5,0.3,1340.0,239.6
2019-01-10T09:11:30,37.5,191.3,211.7,0.4,1340.0,240.6
2019-01-10T09:12:01,37.5,170.1,231.3,0.4,1340.0,240.6
2019-01-10T09:12:32,37.5,178.3,217.1,0.4,1340.0,239.6
2019-01-10T09:13:03,37.5,200.8,217.1,0.3,1340.0,239.6
2019-01-10T09:13:34,37.4,201.4,233.0,0.3,1350.0,238.6
2019-01-10T09:14:05,37.4,189.6,212.3,0.3,1350.0,239.6
2019-01-10T09:14:36,37.2,210.8,220.0,0.3,1350.0,239.6
2019-01-10T09:15:07,37.2,189.0,235.4,0.3,1350.0,239.6
2019-01-10T09:15:38,37.2,173.6,214.1,0.3,1350.0,239.6
2019-01-10T09:16:10,37.2,194.3,227.7,0.3,1350.0,240.6
2019-01-10T09:16:41,37.2,207.9,225.9,0.2,1350.0,239.6
2019-01-10T09:17:12,37.2,185.4,205.2,0.3,1350.0,238.6
2019-01-10T09:17:43,37.1,165.9,225.9,0.3,1360.0,239.6
2019-01-10T09:18:14,37.1,170.7,225.9,0.3,1360.0,238.6
2019-01-10T09:18:45,37.1,193.7,205.2,0.3,1360.0,239.6
2019-01-10T09:19:16,37.1,206.7,211.7,0.2,1360.0,239.6
2019-01-10T09:19:47,37.1,184.3,232.4,0.3,1360.0,237.7
2019-01-10T09:20:18,37.1,163.6,218.3,0.4,1360.0,236.7
2019-01-10T09:20:49,37.0,142.3,197.5,0.3,1360.0,239.6
2019-01-10T09:21:21,37.0,161.2,176.8,0.4,1360.0,238.6
2019-01-10T09:21:52,37.0,183.1,179.8,0.4,1360.0,238.6
2019-01-10T09:22:23,37.0,204.9,204.6,0.4,1360.0,237.7
2019-01-10T09:22:54,37.0,203.7,228.3,0.4,1370.0,239.6
2019-01-10T09:23:25,36.9,182.5,235.4,0.5,1370.0,239.6
2019-01-10T09:23:56,36.9,161.2,211.7,0.6,1370.0,239.6
2019-01-10T09:24:27,36.9,150.0,222.4,0.6,1370.0,239.6
2019-01-10T09:24:58,36.9,173.0,221.8,0.6,1370.0,239.6
2019-01-10T09:25:29,36.9,195.5,199.3,0.6,1380.0,239.6
2019-01-10T09:26:00,36.8,217.9,179.2,0.6,1380.0,240.6
2019-01-10T09:26:31,36.8,202.6,189.3,0.6,1380.0,240.6
2019-01-10T09:27:02,36.8,180.7,215.3,0.8,1380.0,239.6
2019-01-10T09:27:33,36.8,159.4,239.0,1.0,1390.0,240.6
2019-01-10T09:28:04,36.8,138.8,233.0,1.1,1390.0,239.6
2019-01-10T09:28:35,36.7,151.8,211.2,1.1,1390.0,241.5
2019-01-10T09:29:06,36.7,176.6,220.6,1.1,1400.0,241.5
2019-01-10T09:29:37,36.7,199.6,246.1,1.0,1400.0,242.5
2019-01-10T09:30:08,36.7,187.8,225.4,1.2,1400.0,243.5
2019-01-10T09:30:40,36.7,164.8,240.7,1.3,1410.0,243.5
2019-01-10T09:31:11,36.7,160.6,241.9,1.3,1410.0,244.4
2019-01-10T09:31:42,36.8,183.1,217.7,1.2,1420.0,243.5
2019-01-10T09:32:13,36.7,173.0,215.9,1.5,1420.0,243.5
2019-01-10T09:32:44,36.7,171.3,242.5,1.5,1430.0,243.5
2019-01-10T09:33:15,36.7,176.6,221.8,1.4,1430.0,242.5
2019-01-10T09:33:46,36.7,199.6,244.3,1.4,1440.0,245.4
2019-01-10T09:34:17,36.7,190.2,226.5,1.5,1440.0,242.5
2019-01-10T09:34:48,36.7,167.1,227.7,1.8,1450.0,244.4
2019-01-10T09:35:19,36.7,170.7,245.5,1.7,1460.0,244.4
2019-01-10T09:35:51,36.8,180.1,223.0,1.8,1460.0,245.4
2019-01-10T09:36:23,36.8,204.3,239.0,1.6,1470.0,244.4
2019-01-10T09:36:54,36.8,181.3,223.0,1.8,1480.0,244.4
2019-01-10T09:37:25,36.8,167.1,240.7,2.1,1480.0,245.4
2019-01-10T09:37:56,36.9,191.3,225.4,2.0,1490.0,245.4
2019-01-10T09:38:27,36.8,196.1,239.0,2.0,1500.0,245.4
2019-01-10T09:38:58,36.9,200.8,231.9,2.1,1510.0,245.4
2019-01-10T09:39:29,36.9,197.8,228.9,2.1,1520.0,246.4
2019-01-10T09:40:00,36.9,195.5,236.0,2.1,1530.0,246.4
2019-01-10T09:40:31,36.9,194.3,224.2,2.0,1540.0,246.4
2019-01-10T09:41:03,37.0,200.8,230.1,2.1,1540.0,246.4
2019-01-10T09:41:34,37.0,196.7,234.2,2.1,1550.0,246.4
2019-01-10T09:42:05,37.0,196.1,224.2,2.2,1560.0,245.4
2019-01-10T09:42:36,37.1,191.9,235.4,2.4,1570.0,245.4
2019-01-10T09:43:07,37.1,191.3,231.9,2.3,1580.0,246.4
2019-01-10T09:43:38,37.1,197.3,231.3,2.3,1590.0,245.4
2019-01-10T09:44:09,37.1,194.9,226.5,2.3,1600.0,244.4
2019-01-10T09:44:40,37.2,191.9,231.9,2.4,1610.0,246.4
2019-01-10T09:45:11,37.2,199.0,230.7,2.3,1620.0,245.4
2019-01-10T09:45:42,37.2,192.5,223.6,2.3,1630.0,246.4
2019-01-10T09:46:14,37.4,198.4,227.7,2.3,1640.0,246.4
2019-01-10T09:46:45,37.2,196.7,231.9,2.4,1650.0,246.4
2019-01-10T09:47:16,37.4,190.8,229.5,2.4,1660.0,246.4
2019-01-10T09:47:47,37.5,194.9,227.7,2.3,1670.0,245.4
2019-01-10T09:48:18,37.5,190.8,227.7,2.3,1680.0,246.4
2019-01-10T09:48:49,37.5,193.7,230.7,2.2,1690.0,246.4
2019-01-10T09:49:20,37.6,196.7,233.6,2.1,1700.0,245.4
2019-01-10T09:49:51,37.6,193.1,234.8,2.1,1710.0,246.4
2019-01-10T09:50:22,37.6,194.9,225.9,2.2,1720.0,245.4
2019-01-10T09:50:53,37.7,193.7,224.2,2.0,1730.0,246.4
2019-01-10T09:51:25,37.7,195.5,225.4,2.1,1740.0,244.4
2019-01-10T09:51:56,37.7,194.3,225.4,2.0,1740.0,244.4
2019-01-10T09:52:27,37.8,194.3,229.5,2.0,1750.0,244.4
2019-01-10T09:52:58,37.8,194.9,231.9,2.1,1760.0,243.5
2019-01-10T09:53:29,37.8,196.1,226.5,1.9,1770.0,244.4
2019-01-10T09:54:00,37.8,190.2,230.7,2.0,1780.0,243.5
2019-01-10T09:54:31,37.8,186.6,234.8,1.9,1790.0,245.4
2019-01-10T09:55:02,37.9,190.2,229.5,1.9,1790.0,245.4
2019-01-10T09:55:33,37.9,190.2,230.7,1.8,1800.0,244.4
2019-01-10T09:56:05,37.9,188.4,227.1,1.8,1810.0,246.4
2019-01-10T09:56:36,38.0,189.6,223.0,1.8,1820.0,244.4
2019-01-10T09:57:07,37.9,189.0,230.1,1.9,1820.0,244.4
2019-01-10T09:57:38,38.0,194.9,227.7,1.9,1830.0,244.4
2019-01-10T09:58:09,38.0,184.8,231.9,2.0,1840.0,243.5
2019-01-10T09:58:40,38.0,186.0,230.7,2.0,1850.0,244.4
2019-01-10T09:59:11,38.2,191.9,225.4,1.9,1850.0,244.4
2019-01-10T09:59:42,38.2,189.6,220.6,2.0,1860.0,243.5
2019-01-10T10:00:13,38.2,193.1,231.3,1.9,1870.0,243.5
2019-01-10T10:00:44,38.2,189.6,230.1,1.9,1880.0,244.4
2019-01-10T10:01:16,38.3,187.2,231.9,2.1,1890.0,243.5
2019-01-10T10:01:47,38.2,206.7,234.8,1.7,1890.0,243.5
2019-01-10T10:02:18,38.3,201.4,225.9,1.9,1900.0,242.5
2019-01-10T10:02:49,38.3,211.4,222.4,1.9,1910.0,244.4
2019-01-10T10:03:20,38.3,217.9,221.8,1.9,1920.0,243.5
2019-01-10T10:03:51,38.3,212.0,223.0,1.9,1930.0,243.5
2019-01-10T10:04:22,38.3,209.7,235.4,1.9,1930.0,243.5
2019-01-10T10:04:53,38.4,204.9,218.8,2.1,1940.0,244.4
2019-01-10T10:05:24,38.4,218.5,227.7,1.9,1950.0,244.4
2019-01-10T10:05:55,38.4,203.7,217.7,2.1,1960.0,243.5
2019-01-10T10:06:27,38.4,204.9,222.4,2.2,1970.0,244.4
2019-01-10T10:06:58,38.4,209.7,218.8,2.0,1980.0,243.5
2019-01-10T10:07:29,38.4,213.8,221.2,2.0,1990.0,244.4
2019-01-10T10:08:00,38.4,207.3,227.1,1.9,1990.0,243.5
2019-01-10T10:08:31,38.5,204.9,220.0,2.0,2000.0,244.4
2019-01-10T10:09:02,38.5,204.3,227.7,1.9,2010.0,242.5
2019-01-10T10:09:33,38.5,215.0,227.1,1.9,2020.0,242.5
2019-01-10T10:10:04,38.5,212.0,224.8,1.7,2030.0,244.4
2019-01-10T10:10:35,38.5,215.0,223.6,1.7,2030.0,243.5
2019-01-10T10:11:07,38.5,216.2,220.0,1.6,2040.0,243.5
2019-01-10T10:11:38,38.5,215.6,228.3,1.6,2050.0,242.5
2019-01-10T10:12:09,38.4,208.5,221.8,1.5,2060.0,242.5
2019-01-10T10:12:40,38.4,218.5,231.9,1.4,2060.0,242.5
2019-01-10T10:13:11,38.5,217.3,224.8,1.5,2070.0,241.5
2019-01-10T10:13:42,38.5,218.5,220.6,1.3,2080.0,243.5
2019-01-10T10:14:13,38.5,216.2,228.3,1.3,2080.0,240.6
2019-01-10T10:14:44,38.6,217.3,230.7,1.4,2090.0,242.5
2019-01-10T10:15:15,38.6,218.5,225.9,1.3,2090.0,242.5
2019-01-10T10:15:46,38.6,206.7,220.0,1.3,2100.0,242.5
2019-01-10T10:16:18,38.6,209.7,227.1,1.5,2110.0,241.5
2019-01-10T10:16:49,38.6,216.2,230.7,1.3,2110.0,242.5
2019-01-10T10:17:20,38.6,209.7,227.7,1.4,2120.0,242.5
2019-01-10T10:17:51,38.6,212.0,234.2,1.5,2130.0,242.5
2019-01-10T10:18:22,38.7,213.2,231.3,1.6,2130.0,242.5
2019-01-10T10:18:53,38.7,190.2,219.4,1.7,2140.0,242.5
2019-01-10T10:19:24,38.7,191.9,227.7,1.8,2150.0,243.5
2019-01-10T10:19:55,38.7,193.7,221.8,1.8,2150.0,242.5
2019-01-10T10:20:26,38.7,194.3,223.0,2.0,2160.0,243.5
2019-01-10T10:20:57,38.7,189.6,224.8,2.1,2170.0,242.5
2019-01-10T10:21:29,38.9,191.3,225.9,1.8,2180.0,243.5
2019-01-10T10:22:00,38.9,187.2,231.3,2.0,2180.0,243.5
2019-01-10T10:22:31,38.9,188.4,222.4,1.7,2190.0,243.5
2019-01-10T10:23:02,38.9,194.3,224.8,1.6,2200.0,243.5
2019-01-10T10:23:33,38.9,192.5,225.9,1.6,2200.0,244.4
2019-01-10T10:24:04,39.0,189.6,226.5,1.5,2210.0,242.5
2019-01-10T10:24:35,39.0,187.2,225.4,1.4,2220.0,242.5
2019-01-10T10:25:06,39.0,188.4,227.7,1.3,2220.0,242.5
2019-01-10T10:25:37,39.0,192.5,224.2,1.3,2230.0,241.5
2019-01-10T10:26:09,39.0,192.5,225.4,1.2,2230.0,242.5
2019-01-10T10:26:40,39.0,191.9,224.8,1.1,2240.0,240.6
2019-01-10T10:27:11,39.0,191.9,225.9,1.0,2240.0,239.6
2019-01-10T10:27:42,39.0,189.0,225.9,1.0,2250.0,240.6
2019-01-10T10:28:13,39.0,183.1,225.9,1.0,2250.0,242.5
2019-01-10T10:28:44,39.0,178.3,224.8,1.0,2260.0,241.5
2019-01-10T10:29:15,39.1,182.5,221.2,0.9,2260.0,241.5
2019-01-10T10:29:46,39.1,183.7,222.4,0.9,2260.0,242.5
2019-01-10T10:30:17,39.1,182.5,225.9,0.8,2270.0,242.5
2019-01-10T10:30:48,39.1,191.3,220.6,0.7,2270.0,242.5
2019-01-10T10:31:20,39.1,204.9,225.4,0.6,2270.0,240.6
2019-01-10T10:31:51,39.0,209.7,223.0,0.6,2280.0,240.6
2019-01-10T10:32:22,38.9,189.6,224.8,0.6,2280.0,241.5
2019-01-10T10:32:53,38.9,209.7,212.9,0.6,2280.0,240.6
2019-01-10T10:33:24,38.6,194.3,230.7,0.6,2280.0,239.6
2019-01-10T10:33:55,38.6,209.1,211.7,0.5,2290.0,237.7
2019-01-10T10:34:26,38.5,186.0,230.1,0.6,2290.0,238.6
2019-01-10T10:34:57,38.4,165.9,214.7,0.6,2290.0,238.6
2019-01-10T10:35:28,38.4,184.8,225.4,0.7,2290.0,238.6
2019-01-10T10:35:59,38.4,207.9,224.8,0.6,2290.0,238.6
2019-01-10T10:36:31,38.4,193.7,212.9,0.6,2300.0,239.6
2019-01-10T10:37:02,38.4,173.0,233.6,0.7,2300.0,237.7
2019-01-10T10:37:33,38.4,155.3,212.3,0.9,2300.0,238.6
2019-01-10T10:38:04,38.5,158.9,220.6,0.8,2310.0,238.6
2019-01-10T10:38:35,38.5,154.1,208.8,0.9,2310.0,238.6
2019-01-10T10:39:06,38.5,176.6,231.9,0.8,2310.0,239.6
2019-01-10T10:39:37,38.5,199.0,215.9,0.8,2310.0,237.7
2019-01-10T10:40:08,38.4,211.4,217.7,0.7,2320.0,239.6
2019-01-10T10:40:39,38.3,202.0,236.6,0.7,2320.0,238.6
2019-01-10T10:41:11,38.3,209.7,212.9,0.8,2320.0,238.6
2019-01-10T10:41:42,38.0,187.8,210.6,0.9,2330.0,239.6
2019-01-10T10:42:13,38.2,166.5,235.4,1.1,2330.0,239.6
2019-01-10T10:42:44,38.2,154.7,220.6,1.1,2330.0,239.6
2019-01-10T10:43:15,38.2,163.6,225.9,1.1,2340.0,238.6
2019-01-10T10:43:46,37.9,170.1,216.5,1.2,2340.0,238.6
2019-01-10T10:44:17,37.9,173.6,223.0,1.0,2340.0,238.6
2019-01-10T10:44:48,38.0,176.6,227.1,1.0,2350.0,239.6
2019-01-10T10:45:19,38.2,170.1,225.9,1.1,2350.0,238.6
2019-01-10T10:45:50,38.2,191.3,225.9,0.9,2360.0,237.7
2019-01-10T10:46:22,38.2,213.8,228.3,0.9,2360.0,238.6
2019-01-10T10:46:53,38.2,197.3,233.0,1.0,2360.0,238.6
2019-01-10T10:47:24,38.2,190.2,240.7,1.0,2370.0,239.6
2019-01-10T10:47:55,38.2,186.0,218.8,1.0,2370.0,240.6
2019-01-10T10:48:26,38.3,197.8,213.5,0.9,2380.0,241.5
2019-01-10T10:48:57,38.3,177.8,223.6,1.2,2380.0,239.6
2019-01-10T10:49:28,38.2,176.0,231.9,1.1,2380.0,240.6
2019-01-10T10:49:59,38.2,197.8,221.8,1.0,2390.0,241.5
2019-01-10T10:50:30,38.2,212.0,235.4,0.9,2390.0,240.6
2019-01-10T10:51:01,38.3,215.0,227.1,1.1,2400.0,240.6
2019-01-10T10:51:32,38.3,203.7,218.3,1.1,2400.0,241.5
2019-01-10T10:52:03,38.3,215.0,239.5,1.1,2410.0,240.6
2019-01-10T10:52:34,38.3,215.0,234.2,1.1,2410.0,242.5
2019-01-10T10:53:05,38.4,220.3,225.9,1.2,2420.0,241.5
2019-01-10T10:53:36,38.4,202.0,230.7,1.3,2420.0,241.5
2019-01-10T10:54:07,38.3,212.6,225.9,1.3,2430.0,242.5
2019-01-10T10:54:38,38.0,190.2,222.4,1.6,2430.0,241.5
2019-01-10T10:55:09,38.2,168.9,237.2,1.8,2440.0,241.5
2019-01-10T10:55:41,38.2,157.1,217.7,2.0,2440.0,241.5
2019-01-10T10:56:12,38.2,183.7,234.8,1.8,2450.0,241.5
2019-01-10T10:56:43,38.3,187.2,223.6,1.9,2460.0,243.5
2019-01-10T10:57:14,38.4,196.1,221.8,1.8,2470.0,242.5
2019-01-10T10:57:45,38.3,191.9,230.1,2.1,2470.0,242.5
2019-01-10T10:58:16,38.3,197.3,214.7,2.0,2480.0,243.5
2019-01-10T10:58:47,38.3,183.1,240.1,2.4,2490.0,243.5
2019-01-10T10:59:18,38.3,164.2,212.9,2.8,2500.0,245.4
2019-01-10T10:59:49,38.2,154.7,187.5,3.9,2510.0,245.4
2019-01-10T11:00:20,38.0,170.1,208.8,3.9,2520.0,246.4
2019-01-10T11:00:52,38.0,170.7,215.9,3.0,2530.0,245.4
2019-01-10T11:01:24,38.0,152.9,241.9,3.9,2550.0,246.4
2019-01-10T11:01:55,38.0,166.5,217.1,3.6,2560.0,245.4
2019-01-10T11:02:26,38.2,147.6,228.9,7.6,2570.0,247.3
2019-01-10T11:02:57,38.0,140.5,222.4,3.9,2590.0,245.4
2019-01-10T11:03:28,38.2,160.0,221.8,3.4,2600.0,244.4
2019-01-10T11:03:59,38.3,168.9,223.0,3.3,2620.0,245.4
2019-01-10T11:04:30,38.4,162.4,211.2,3.5,2630.0,246.4
2019-01-10T11:05:01,38.5,140.5,228.9,4.2,2640.0,247.3
2019-01-10T11:05:32,38.6,149.4,224.8,4.0,2650.0,246.4
2019-01-10T11:06:04,38.7,171.9,220.0,3.4,2670.0,246.4
2019-01-10T11:06:35,38.9,170.1,223.0,3.3,2680.0,246.4
2019-01-10T11:07:06,38.9,166.5,221.8,3.2,2690.0,245.4
2019-01-10T11:07:37,38.6,164.8,216.5,3.1,2700.0,245.4
2019-01-10T11:08:08,38.7,169.5,222.4,3.0,2710.0,245.4
2019-01-10T11:08:39,38.7,173.0,226.5,2.9,2730.0,243.5
2019-01-10T11:09:10,38.7,165.9,223.0,2.8,2740.0,244.4
2019-01-10T11:09:41,38.9,168.9,223.6,2.6,2750.0,245.4
2019-01-10T11:10:12,38.9,164.2,221.2,2.6,2760.0,244.4
2019-01-10T11:10:43,38.7,161.8,223.6,2.6,2770.0,244.4
2019-01-10T11:11:15,38.7,170.1,224.8,2.5,2780.0,244.4
2019-01-10T11:11:46,38.7,166.5,227.7,2.5,2790.0,243.5
2019-01-10T11:12:17,39.0,163.6,217.1,2.6,2800.0,244.4
2019-01-10T11:12:48,39.0,162.4,218.8,2.7,2800.0,244.4
2019-01-10T11:13:19,39.0,167.1,222.4,2.7,2820.0,243.5
2019-01-10T11:13:50,39.0,171.9,225.4,2.5,2830.0,243.5
2019-01-10T11:14:21,38.9,164.2,232.4,2.7,2840.0,243.5
2019-01-10T11:14:52,38.9,163.0,230.1,2.9,2850.0,243.5
2019-01-10T11:15:23,39.0,170.7,223.6,2.8,2860.0,246.4
2019-01-10T11:15:54,39.1,165.9,220.6,2.8,2870.0,244.4
2019-01-10T11:16:26,39.1,168.9,224.2,2.7,2880.0,244.4
2019-01-10T11:16:57,39.2,167.7,227.7,2.7,2890.0,243.5
2019-01-10T11:17:28,39.2,165.9,227.7,2.6,2900.0,242.5
2019-01-10T11:17:59,39.2,167.7,223.0,2.5,2910.0,242.5
2019-01-10T11:18:30,39.3,167.7,220.0,2.5,2920.0,243.5
2019-01-10T11:19:01,39.3,163.6,221.8,2.6,2930.0,243.5
2019-01-10T11:19:32,39.4,167.7,220.0,2.6,2940.0,243.5
2019-01-10T11:20:03,39.5,163.0,223.0,2.5,2950.0,242.5
2019-01-10T11:20:34,39.5,166.5,221.8,2.3,2960.0,243.5
2019-01-10T11:21:06,39.5,161.8,223.0,2.3,2970.0,242.5
2019-01-10T11:21:37,39.7,167.1,225.9,2.0,2970.0,242.5
2019-01-10T11:22:08,39.7,165.4,226.5,2.0,2980.0,242.5
2019-01-10T11:22:39,39.7,167.1,225.9,2.0,2990.0,242.5
2019-01-10T11:23:10,39.7,163.6,223.0,2.0,3000.0,241.5
2019-01-10T11:23:41,39.7,159.4,219.4,1.8,3000.0,242.5
2019-01-10T11:24:12,39.7,178.3,221.8,1.6,3010.0,241.5
2019-01-10T11:24:43,39.7,185.4,221.8,1.6,3020.0,240.6
2019-01-10T11:25:14,39.7,189.0,218.3,1.5,3020.0,241.5
2019-01-10T11:25:45,39.7,190.8,218.3,1.5,3030.0,241.5
2019-01-10T11:26:17,39.7,191.3,222.4,1.6,3040.0,242.5
2019-01-10T11:26:48,39.7,185.4,223.0,1.6,3040.0,241.5
2019-01-10T11:27:19,39.7,187.2,223.6,1.5,3050.0,241.5
2019-01-10T11:27:50,39.8,192.5,222.4,1.5,3060.0,240.6
2019-01-10T11:28:21,39.8,193.7,223.6,1.5,3060.0,241.5
2019-01-10T11:28:52,39.8,189.6,225.4,1.4,3070.0,241.5
2019-01-10T11:29:23,39.9,190.2,227.7,1.5,3070.0,241.5
2019-01-10T11:29:54,39.9,185.4,227.1,1.4,3080.0,243.5
2019-01-10T11:30:25,40.0,187.8,222.4,1.4,3090.0,241.5
2019-01-10T11:30:56,40.0,190.2,223.0,1.3,3090.0,240.6
2019-01-10T11:31:28,40.0,192.5,230.7,1.3,3100.0,239.6
2019-01-10T11:31:59,40.0,191.3,230.1,1.3,3100.0,240.6
2019-01-10T11:32:30,40.0,190.2,224.2,1.3,3110.0,239.6
2019-01-10T11:33:01,40.0,190.8,229.5,1.1,3110.0,238.6
2019-01-10T11:33:32,40.0,190.2,224.8,1.1,3120.0,239.6
2019-01-10T11:34:03,40.0,189.0,225.9,1.0,3120.0,239.6
2019-01-10T11:34:34,40.1,209.1,231.9,1.0,3130.0,239.6
2019-01-10T11:35:05,40.1,199.0,223.6,1.1,3130.0,238.6
2019-01-10T11:35:36,40.1,207.9,224.2,1.0,3140.0,239.6
2019-01-10T11:36:08,40.1,203.7,227.7,0.9,3140.0,239.6
2019-01-10T11:36:39,40.1,204.9,226.5,0.9,3150.0,239.6
2019-01-10T11:37:10,40.1,200.8,218.8,0.9,3150.0,242.5
2019-01-10T11:37:41,40.1,206.7,228.3,0.9,3150.0,242.5
2019-01-10T11:38:12,40.1,212.6,225.9,0.8,3160.0,242.5
2019-01-10T11:38:43,40.1,210.8,220.6,0.8,3160.0,242.5
2019-01-10T11:39:14,40.1,206.7,231.9,0.8,3160.0,240.6
2019-01-10T11:39:45,40.1,199.6,223.0,0.8,3170.0,241.5
2019-01-10T11:40:16,40.1,209.7,220.0,0.8,3170.0,242.5
2019-01-10T11:40:47,40.1,196.7,231.9,0.8,3180.0,242.5
2019-01-10T11:41:19,40.1,203.7,221.2,0.8,3180.0,243.5
2019-01-10T11:41:50,40.1,212.6,224.8,0.7,3180.0,241.5
2019-01-10T11:42:21,40.1,196.7,231.3,0.8,3180.0,242.5
2019-01-10T11:42:52,40.1,204.9,217.1,0.8,3190.0,243.5
2019-01-10T11:43:23,40.1,210.8,232.4,0.7,3190.0,242.5
2019-01-10T11:43:54,40.1,189.6,217.1,0.8,3190.0,241.5
2019-01-10T11:44:25,40.1,183.7,225.4,0.9,3200.0,243.5
2019-01-10T11:44:56,40.1,205.5,225.4,0.7,3200.0,242.5
2019-01-10T11:45:27,40.1,199.6,216.5,0.8,3200.0,244.4
2019-01-10T11:45:58,40.1,209.7,227.7,0.7,3210.0,243.5
2019-01-10T11:46:30,40.1,191.9,217.1,0.7,3210.0,244.4
2019-01-10T11:47:01,40.1,209.1,230.1,0.7,3210.0,245.4
2019-01-10T11:47:32,40.1,193.1,215.3,0.7,3220.0,243.5
2019-01-10T11:48:03,40.1,210.2,228.3,0.6,3220.0,244.4
2019-01-10T11:48:34,40.0,200.8,218.3,0.7,3220.0,244.4
2019-01-10T11:49:05,40.0,199.6,230.7,0.7,3220.0,241.5
2019-01-10T11:49:36,40.0,203.7,208.8,0.7,3230.0,242.5
2019-01-10T11:50:07,40.0,201.4,229.5,0.7,3230.0,243.5
2019-01-10T11:50:38,40.0,180.7,215.9,0.8,3230.0,242.5
2019-01-10T11:51:10,40.0,164.8,222.4,0.9,3240.0,241.5
2019-01-10T11:51:41,40.0,187.2,212.9,0.8,3240.0,240.6
2019-01-10T11:52:12,40.0,203.7,228.9,0.7,3240.0,242.5
2019-01-10T11:52:43,39.9,204.3,215.3,0.7,3240.0,240.6
2019-01-10T11:53:14,39.9,183.1,220.0,0.9,3250.0,241.5
2019-01-10T11:53:45,39.9,182.5,207.6,0.9,3250.0,241.5
2019-01-10T11:54:16,39.8,177.8,213.5,0.9,3250.0,241.5
2019-01-10T11:54:47,39.8,180.1,234.8,0.8,3260.0,241.5
2019-01-10T11:55:18,39.8,201.4,215.3,0.8,3260.0,242.5
2019-01-10T11:55:49,39.8,204.3,226.5,0.7,3260.0,242.5
2019-01-10T11:56:21,39.8,208.5,219.4,0.8,3270.0,243.5
2019-01-10T11:56:52,39.8,204.3,223.6,0.8,3270.0,242.5
2019-01-10T11:57:23,39.8,209.1,230.7,0.8,3270.0,242.5
2019-01-10T11:57:54,39.8,201.4,210.0,0.8,3280.0,243.5
2019-01-10T11:58:25,39.8,181.3,233.6,0.9,3280.0,243.5
2019-01-10T11:58:56,39.7,160.0,214.1,1.0,3280.0,243.5
2019-01-10T11:59:27,39.8,175.4,235.4,1.0,3290.0,242.5
2019-01-10T11:59:58,39.7,193.1,220.0,0.9,3290.0,242.5
2019-01-10T12:00:29,39.7,176.0,232.4,1.1,3290.0,242.5
2019-01-10T12:01:00,39.7,197.8,223.0,1.0,3300.0,242.5
2019-01-10T12:01:31,39.7,216.2,230.7,1.0,3300.0,242.5
2019-01-10T12:02:02,39.7,192.5,212.9,1.0,3310.0,243.5
2019-01-10T12:02:33,39.7,172.4,237.8,1.3,3310.0,244.4
2019-01-10T12:03:04,39.7,178.3,220.0,1.2,3310.0,242.5
2019-01-10T12:03:35,39.8,202.0,228.3,1.1,3320.0,243.5
2019-01-10T12:04:06,39.8,212.0,225.9,1.2,3320.0,243.5
2019-01-10T12:04:37,39.7,196.7,211.2,1.3,3330.0,244.4
2019-01-10T12:05:08,39.8,176.6,237.8,1.4,3330.0,243.5
2019-01-10T12:05:40,39.8,170.7,220.6,1.6,3340.0,244.4
2019-01-10T12:06:11,39.8,171.9,227.1,1.6,3350.0,245.4
2019-01-10T12:06:42,39.8,195.5,231.9,1.5,3350.0,245.4
2019-01-10T12:07:13,39.8,192.5,231.9,1.6,3360.0,244.4
2019-01-10T12:07:44,39.8,187.2,236.0,1.8,3370.0,244.4
2019-01-10T12:08:15,39.8,184.3,223.0,1.8,3370.0,245.4
2019-01-10T12:08:46,39.8,163.0,227.7,2.0,3380.0,247.3
2019-01-10T12:09:17,39.9,175.4,232.4,1.9,3390.0,247.3
2019-01-10T12:09:48,39.9,196.7,223.6,1.9,3400.0,247.3
2019-01-10T12:10:19,39.9,192.5,225.9,1.9,3400.0,246.4
2019-01-10T12:10:51,39.9,190.2,231.3,2.0,3410.0,246.4
2019-01-10T12:11:22,40.0,193.1,228.3,1.9,3420.0,246.4
2019-01-10T12:11:53,40.0,196.7,227.1,2.0,3430.0,246.4
2019-01-10T12:12:24,40.0,191.3,230.1,1.9,3440.0,246.4
2019-01-10T12:12:55,40.0,189.0,231.9,2.1,3450.0,246.4
2019-01-10T12:13:26,40.1,196.1,234.2,1.9,3460.0,245.4
2019-01-10T12:13:57,40.1,193.1,230.1,1.8,3460.0,246.4
2019-01-10T12:14:28,40.1,193.1,225.9,1.9,3470.0,243.5
2019-01-10T12:14:59,40.1,194.3,224.2,1.8,3480.0,242.5
2019-01-10T12:15:30,40.2,188.4,226.5,1.8,3490.0,243.5
2019-01-10T12:16:02,40.2,192.5,231.9,1.6,3500.0,242.5
2019-01-10T12:16:33,40.2,194.9,227.1,1.6,3500.0,241.5
2019-01-10T12:17:04,40.4,193.1,228.3,1.7,3510.0,242.5
2019-01-10T12:17:35,40.4,191.3,234.2,1.6,3520.0,241.5
2019-01-10T12:18:06,40.4,191.3,225.4,1.6,3520.0,241.5
2019-01-10T12:18:37,40.4,189.0,230.7,1.5,3530.0,241.5
2019-01-10T12:19:08,40.4,190.8,231.9,1.6,3540.0,241.5
2019-01-10T12:19:39,40.4,194.9,230.1,1.5,3540.0,241.5
2019-01-10T12:20:10,40.5,189.6,229.5,1.4,3550.0,241.5
2019-01-10T12:20:41,40.5,189.6,225.9,1.4,3560.0,241.5
2019-01-10T12:21:13,40.5,192.5,223.0,1.3,3560.0,242.5
2019-01-10T12:21:44,40.5,189.0,224.8,1.4,3570.0,241.5
2019-01-10T12:22:15,40.5,186.6,221.8,1.3,3580.0,241.5
2019-01-10T12:22:46,40.5,191.9,232.4,1.4,3580.0,240.6
2019-01-10T12:23:17,40.5,193.1,221.2,1.2,3590.0,240.6
2019-01-10T12:23:48,40.5,189.0,224.2,1.2,3590.0,240.6
2019-01-10T12:24:19,40.5,189.6,225.9,1.2,3600.0,240.6
2019-01-10T12:24:50,40.5,192.5,231.9,1.2,3600.0,240.6
2019-01-10T12:25:21,40.5,194.3,232.4,1.1,3610.0,239.6
2019-01-10T12:25:52,40.5,193.1,233.0,1.2,3620.0,239.6
2019-01-10T12:26:24,40.5,194.3,231.3,1.1,3620.0,240.6
2019-01-10T12:26:55,40.5,191.9,225.9,1.2,3630.0,240.6
2019-01-10T12:27:26,40.5,190.2,223.0,1.1,3630.0,240.6
2019-01-10T12:27:57,40.5,186.0,225.4,1.1,3630.0,240.6
2019-01-10T12:28:28,40.5,189.0,228.9,1.1,3640.0,240.6
2019-01-10T12:28:59,40.5,188.4,233.0,1.0,3640.0,239.6
2019-01-10T12:29:30,40.5,190.2,230.7,1.0,3650.0,240.6
2019-01-10T12:30:01,40.5,189.6,230.1,1.0,3650.0,239.6
2019-01-10T12:30:32,40.5,186.0,229.5,1.0,3660.0,239.6
2019-01-10T12:31:04,40.5,183.1,224.8,1.0,3660.0,239.6
2019-01-10T12:31:35,40.5,204.9,220.0,0.9,3660.0,238.6
2019-01-10T12:32:06,40.5,205.5,232.4,0.8,3670.0,239.6
2019-01-10T12:32:37,40.5,214.4,217.1,0.8,3670.0,239.6
2019-01-10T12:33:08,40.5,200.8,225.9,0.8,3670.0,240.6
2019-01-10T12:33:39,40.5,205.5,223.0,0.8,3680.0,240.6
2019-01-10T12:34:10,40.4,207.9,220.6,0.9,3680.0,239.6
2019-01-10T12:34:41,40.4,196.7,228.3,0.8,3690.0,239.6
2019-01-10T12:35:12,40.4,204.9,223.0,0.8,3690.0,238.6
2019-01-10T12:35:43,40.4,198.4,230.1,0.8,3690.0,239.6
2019-01-10T12:36:15,40.4,197.3,215.9,0.8,3700.0,238.6
2019-01-10T12:36:46,40.4,212.6,227.7,0.7,3700.0,238.6
2019-01-10T12:37:17,40.2,206.7,230.1,0.8,3700.0,239.6
2019-01-10T12:37:48,40.2,212.6,220.0,0.8,3710.0,238.6
2019-01-10T12:38:19,40.2,194.9,231.9,0.9,3710.0,238.6
2019-01-10T12:38:50,40.2,209.7,221.2,0.9,3710.0,238.6
2019-01-10T12:39:21,40.2,210.8,233.0,0.9,3720.0,238.6
2019-01-10T12:39:52,40.2,201.4,213.5,0.9,3720.0,239.6
2019-01-10T12:40:23,40.2,179.5,231.9,1.0,3720.0,237.7
2019-01-10T12:40:55,40.1,159.4,223.6,1.2,3730.0,238.6
2019-01-10T12:41:26,40.1,155.9,207.0,1.3,3730.0,239.6
2019-01-10T12:41:57,40.1,179.5,199.3,1.3,3740.0,238.6
2019-01-10T12:42:28,40.1,189.0,227.7,1.4,3740.0,238.6
2019-01-10T12:42:59,40.1,184.3,214.7,1.5,3750.0,240.6
2019-01-10T12:43:30,40.1,162.4,201.7,1.8,3750.0,240.6
2019-01-10T12:44:01,40.0,164.8,233.0,1.9,3760.0,240.6
2019-01-10T12:44:32,40.0,189.6,223.0,1.7,3760.0,240.6
2019-01-10T12:45:03,40.0,194.9,223.6,1.7,3770.0,241.5
2019-01-10T12:45:35,40.0,193.1,228.3,1.8,3780.0,241.5
2019-01-10T12:46:06,40.0,198.4,229.5,1.6,3780.0,240.6
2019-01-10T12:46:37,40.0,192.5,230.1,1.9,3790.0,241.5
2019-01-10T12:47:08,40.0,187.2,229.5,1.9,3800.0,241.5
2019-01-10T12:47:39,40.0,192.5,224.8,1.9,3810.0,241.5
2019-01-10T12:48:10,40.0,187.8,226.5,1.9,3810.0,241.5
2019-01-10T12:48:41,40.0,194.3,231.3,1.9,3820.0,242.5
2019-01-10T12:49:12,40.0,194.9,233.0,1.8,3830.0,241.5
2019-01-10T12:49:43,40.0,189.6,230.1,1.9,3840.0,243.5
2019-01-10T12:50:14,40.0,193.7,228.9,1.7,3840.0,242.5
2019-01-10T12:50:46,40.0,194.9,224.2,1.8,3850.0,242.5
2019-01-10T12:51:17,40.0,194.9,222.4,1.6,3860.0,242.5
2019-01-10T12:51:48,40.0,191.9,228.9,1.8,3860.0,242.5
2019-01-10T12:52:19,40.0,185.4,227.1,1.7,3870.0,242.5
2019-01-10T12:52:50,40.0,189.6,220.6,1.7,3880.0,242.5
2019-01-10T12:53:21,40.0,193.7,227.7,1.6,3880.0,243.5
2019-01-10T12:53:52,40.0,190.8,230.1,1.7,3890.0,243.5
2019-01-10T12:54:23,40.0,194.9,231.9,1.7,3900.0,241.5
2019-01-10T12:54:54,40.0,187.8,224.8,1.6,3900.0,242.5
2019-01-10T12:55:25,40.0,181.9,218.8,1.9,3910.0,243.5
2019-01-10T12:55:57,40.0,190.8,228.9,1.7,3920.0,243.5
2019-01-10T12:56:28,40.0,194.3,222.4,1.9,3930.0,242.5
2019-01-10T12:56:59,40.0,189.6,229.5,1.9,3930.0,243.5
2019-01-10T12:57:30,40.1,177.2,223.0,1.9,3940.0,243.5
2019-01-10T12:58:01,40.0,179.5,235.4,2.0,3950.0,243.5
2019-01-10T12:58:32,40.0,189.6,220.0,1.9,3950.0,243.5
2019-01-10T12:59:03,40.0,194.3,223.0,1.8,3960.0,244.4
2019-01-10T12:59:34,40.0,196.1,234.2,1.9,3970.0,244.4
2019-01-10T13:00:05,40.0,190.8,221.8,1.9,3980.0,244.4
2019-01-10T13:00:37,40.0,195.5,227.7,1.9,3990.0,244.4
2019-01-10T13:01:08,40.1,191.3,222.4,1.8,3990.0,243.5
2019-01-10T13:01:39,40.1,196.1,224.2,1.8,4000.0,243.5
2019-01-10T13:02:10,40.1,189.0,224.8,1.7,4010.0,243.5
2019-01-10T13:02:41,40.1,190.2,224.2,1.8,4020.0,242.5
2019-01-10T13:03:12,40.1,186.6,231.3,1.8,4020.0,241.5
2019-01-10T13:03:43,40.1,189.6,230.7,1.8,4030.0,242.5
2019-01-10T13:04:14,40.1,189.6,220.6,1.6,4040.0,243.5
2019-01-10T13:04:45,40.1,191.3,223.6,1.6,4040.0,243.5
2019-01-10T13:05:16,40.1,193.7,228.3,1.7,4050.0,242.5
2019-01-10T13:05:48,40.1,189.0,232.4,1.6,4060.0,242.5
2019-01-10T13:06:19,40.1,194.9,233.0,1.4,4060.0,242.5
2019-01-10T13:06:50,40.1,192.5,231.9,1.6,4070.0,243.5
2019-01-10T13:07:21,40.1,187.8,232.4,1.5,4080.0,242.5
2019-01-10T13:07:52,40.1,191.3,223.6,1.6,4080.0,243.5
2019-01-10T13:08:23,40.1,189.6,227.1,1.4,4090.0,242.5
2019-01-10T13:08:54,40.2,187.8,220.0,1.6,4100.0,242.5
2019-01-10T13:09:25,40.2,190.8,225.4,1.5,4100.0,244.4
2019-01-10T13:09:56,40.2,190.8,228.3,1.6,4110.0,243.5
2019-01-10T13:10:27,40.2,190.8,232.4,1.5,4110.0,242.5
2019-01-10T13:10:59,40.2,193.1,236.0,1.5,4120.0,243.5
2019-01-10T13:11:30,40.2,193.7,235.4,1.5,4130.0,242.5
2019-01-10T13:12:01,40.2,190.8,220.6,1.6,4130.0,241.5
2019-01-10T13:12:32,40.1,189.6,228.9,1.6,4140.0,242.5
2019-01-10T13:13:03,40.1,188.4,236.0,1.7,4150.0,242.5
2019-01-10T13:13:34,40.1,189.6,230.1,1.7,4150.0,242.5
2019-01-10T13:14:05,40.1,186.0,225.9,1.7,4160.0,243.5
2019-01-10T13:14:36,40.2,189.0,234.2,1.7,4170.0,242.5
2019-01-10T13:15:07,40.2,194.9,233.6,1.7,4170.0,242.5
2019-01-10T13:15:39,40.2,194.3,228.3,1.7,4180.0,244.4
2019-01-10T13:16:10,40.2,196.7,229.5,1.7,4190.0,242.5
2019-01-10T13:16:41,40.2,191.3,227.7,1.8,4200.0,243.5
2019-01-10T13:17:12,40.2,190.8,225.9,1.8,4200.0,241.5
2019-01-10T13:17:43,40.2,190.8,225.9,1.8,4210.0,241.5
2019-01-10T13:18:14,40.2,194.9,224.8,1.7,4220.0,239.6
2019-01-10T13:18:45,40.2,196.7,225.9,1.8,4230.0,242.5
2019-01-10T13:19:16,40.2,191.9,234.8,1.9,4240.0,242.5
2019-01-10T13:19:47,40.2,194.3,231.3,1.9,4250.0,241.5
2019-01-10T13:20:18,40.4,191.3,217.1,2.0,4250.0,241.5
2019-01-10T13:20:50,40.4,196.7,230.7,2.0,4260.0,243.5
2019-01-10T13:21:21,40.4,199.0,215.9,2.0,4270.0,243.5
2019-01-10T13:21:52,40.4,192.5,232.4,2.1,4280.0,242.5
2019-01-10T13:22:23,40.4,196.7,239.0,2.1,4290.0,243.5
2019-01-10T13:22:54,40.5,169.5,208.2,2.9,4310.0,246.4
2019-01-10T13:23:25,40.5,166.5,223.0,2.9,4320.0,244.4
2019-01-10T13:23:56,40.6,162.4,221.2,2.8,4340.0,246.4
2019-01-10T13:24:27,40.6,164.8,215.9,2.7,4350.0,245.4
2019-01-10T13:24:58,40.7,182.5,218.8,2.4,4360.0,244.4
2019-01-10T13:25:29,40.7,191.3,222.4,2.2,4370.0,244.4
2019-01-10T13:26:01,40.7,189.6,223.6,2.3,4380.0,244.4
2019-01-10T13:26:32,40.7,191.9,224.8,2.1,4390.0,246.4
2019-01-10T13:27:03,40.7,189.6,222.4,2.2,4400.0,245.4
2019-01-10T13:27:34,40.8,190.8,220.6,2.2,4410.0,244.4
2019-01-10T13:28:05,40.7,190.8,231.9,2.1,4420.0,245.4
2019-01-10T13:28:36,40.8,194.3,224.2,2.0,4430.0,243.5
2019-01-10T13:29:07,40.8,191.9,224.2,2.1,4440.0,245.4
2019-01-10T13:29:38,40.8,189.0,227.7,2.1,4450.0,243.5
2019-01-10T13:30:09,40.8,189.0,219.4,2.2,4460.0,245.4
2019-01-10T13:30:40,40.8,197.3,194.6,2.2,4470.0,246.4
2019-01-10T13:31:12,40.9,198.4,181.6,2.5,4480.0,246.4
2019-01-10T13:31:43,40.9,193.7,199.9,2.4,4490.0,247.3
2019-01-10T13:32:14,40.9,215.6,223.6,2.2,4500.0,247.3
2019-01-10T13:32:45,40.9,220.9,227.7,2.3,4520.0,246.4
2019-01-10T13:33:16,41.0,222.7,230.1,2.5,4530.0,248.3
2019-01-10T13:33:47,41.0,216.7,219.4,2.4,4540.0,247.3
2019-01-10T13:34:18,41.0,197.8,209.4,2.7,4560.0,247.3
2019-01-10T13:34:49,41.2,202.0,223.6,2.8,4570.0,250.2
2019-01-10T13:35:20,41.2,199.6,194.6,2.9,4590.0,250.2
2019-01-10T13:35:51,41.3,196.1,209.4,3.1,4610.0,250.2
2019-01-10T13:36:23,41.3,199.0,212.3,3.1,4630.0,251.2
2019-01-10T13:36:54,41.4,212.6,210.6,2.8,4660.0,249.3
2019-01-10T13:37:25,41.4,219.1,205.2,2.9,4680.0,251.2
2019-01-10T13:37:56,41.5,216.2,197.5,2.9,4700.0,250.2
2019-01-10T13:38:27,41.6,213.8,198.1,2.8,4720.0,249.3
2019-01-10T13:38:58,41.6,217.9,202.9,2.5,4740.0,248.3
2019-01-10T13:39:29,41.7,210.2,221.8,2.6,4760.0,248.3
2019-01-10T13:40:00,41.9,210.2,207.6,2.8,4780.0,249.3
2019-01-10T13:40:31,41.9,216.7,210.6,2.4,4800.0,246.4
2019-01-10T13:41:03,42.0,210.8,201.7,2.4,4820.0,246.4
2019-01-10T13:41:34,42.0,202.6,201.7,2.3,4830.0,244.4
2019-01-10T13:42:05,42.1,205.5,214.7,2.5,4850.0,246.4
2019-01-10T13:42:36,42.1,216.7,191.6,2.5,4870.0,249.3
2019-01-10T13:43:07,42.2,209.1,200.5,2.5,4900.0,248.3
2019-01-10T13:43:38,42.3,220.9,197.0,2.3,4920.0,249.3
2019-01-10T13:44:09,42.3,219.7,197.0,2.4,4940.0,248.3
2019-01-10T13:44:40,42.4,217.9,201.1,2.4,4960.0,249.3
2019-01-10T13:45:11,42.4,218.5,201.1,2.2,4980.0,247.3
2019-01-10T13:45:42,42.5,216.7,194.0,2.2,5000.0,248.3
2019-01-10T13:46:14,42.7,219.7,198.7,2.2,5020.0,248.3
2019-01-10T13:46:45,42.7,217.3,207.6,2.1,5040.0,247.3
2019-01-10T13:47:16,42.8,215.0,210.6,2.2,5060.0,247.3
2019-01-10T13:47:47,42.8,216.7,189.9,2.1,5080.0,248.3
2019-01-10T13:48:18,42.9,204.3,202.9,2.1,5090.0,249.3
2019-01-10T13:48:49,42.9,213.8,189.3,2.0,5110.0,248.3
2019-01-10T13:49:20,42.9,203.2,194.6,2.1,5130.0,249.3
2019-01-10T13:49:51,42.9,219.1,202.9,2.1,5150.0,248.3
2019-01-10T13:50:22,43.0,215.0,206.4,1.9,5160.0,248.3
2019-01-10T13:50:53,43.0,219.7,205.8,1.9,5180.0,248.3
2019-01-10T13:51:25,43.0,209.7,183.9,2.0,5200.0,248.3
2019-01-10T13:51:56,43.0,215.6,204.6,1.6,5220.0,248.3
2019-01-10T13:52:27,43.0,217.9,194.0,1.6,5240.0,248.3
2019-01-10T13:52:58,43.0,212.0,195.8,1.7,5250.0,250.2
2019-01-10T13:53:29,43.1,215.0,187.5,1.7,5270.0,248.3
2019-01-10T13:54:00,43.1,217.9,195.2,1.0,5290.0,247.3
2019-01-10T13:54:31,43.2,189.0,211.7,1.8,5300.0,247.3
2019-01-10T13:55:02,43.2,193.7,197.5,1.7,5320.0,248.3
2019-01-10T13:55:33,43.2,194.9,198.7,1.7,5330.0,248.3
2019-01-10T13:56:05,43.2,190.8,194.0,1.6,5350.0,249.3
2019-01-10T13:56:36,43.4,192.5,201.7,1.7,5370.0,249.3
2019-01-10T13:57:07,43.4,197.3,189.3,1.5,5380.0,248.3
2019-01-10T13:57:38,43.4,197.3,199.9,1.6,5400.0,249.3
2019-01-10T13:58:09,43.4,208.5,192.8,1.4,5420.0,249.3
2019-01-10T13:58:40,43.5,212.0,197.0,1.4,5430.0,250.2
2019-01-10T13:59:11,43.5,220.9,202.3,1.4,5450.0,249.3
2019-01-10T13:59:42,43.5,216.2,192.8,1.5,5470.0,249.3
2019-01-10T14:00:13,43.5,210.8,201.7,1.5,5490.0,247.3
2019-01-10T14:00:44,43.5,217.9,192.2,1.5,5500.0,247.3
2019-01-10T14:01:16,43.5,204.3,194.6,1.5,5520.0,247.3
2019-01-10T14:01:47,43.5,210.2,207.0,1.4,5540.0,247.3
2019-01-10T14:02:18,43.6,213.2,217.7,1.4,5550.0,247.3
2019-01-10T14:02:49,43.6,188.4,216.5,1.7,5560.0,248.3
2019-01-10T14:03:20,43.6,195.5,194.6,1.7,5580.0,247.3
2019-01-10T14:03:51,43.6,198.4,199.9,1.6,5600.0,249.3
2019-01-10T14:04:22,43.6,213.8,204.1,1.4,5620.0,248.3
2019-01-10T14:04:53,43.6,215.0,209.4,1.5,5630.0,248.3
2019-01-10T14:05:24,43.6,211.4,220.0,1.4,5650.0,246.4
2019-01-10T14:05:55,43.7,211.4,213.5,1.3,5660.0,243.5
2019-01-10T14:06:27,43.7,202.6,187.5,1.3,5660.0,246.4
2019-01-10T14:06:58,43.7,212.0,180.4,1.5,5680.0,249.3
2019-01-10T14:07:29,43.7,213.2,192.8,1.1,5690.0,245.4
2019-01-10T14:08:00,43.7,213.2,217.7,1.1,5700.0,245.4
2019-01-10T14:08:31,43.7,207.3,217.1,1.2,5700.0,245.4
2019-01-10T14:09:02,43.7,209.7,225.4,1.1,5710.0,246.4
2019-01-10T14:09:33,43.6,190.8,206.4,1.2,5720.0,244.4
2019-01-10T14:10:04,43.6,188.4,213.5,1.2,5730.0,242.5
2019-01-10T14:10:35,43.6,193.7,227.7,1.1,5730.0,244.4
2019-01-10T14:11:07,43.6,199.6,205.8,1.2,5740.0,245.4
2019-01-10T14:11:38,43.6,210.8,206.4,1.1,5750.0,244.4
2019-01-10T14:12:09,43.5,211.4,216.5,1.0,5760.0,243.5
2019-01-10T14:12:40,43.5,196.1,211.7,1.2,5760.0,243.5
2019-01-10T14:13:11,43.5,213.8,210.0,1.0,5770.0,242.5
2019-01-10T14:13:42,43.4,202.0,215.3,1.2,5780.0,242.5
2019-01-10T14:14:13,43.4,207.9,192.8,1.2,5780.0,243.5
2019-01-10T14:14:44,43.4,191.9,158.5,1.5,5790.0,246.4
2019-01-10T14:15:15,0.0,0.0,0.0,0.0,0.0,0.0
2019-01-10T14:15:46,43.4,190.8,209.4,1.7,5820.0,247.3
2019-01-10T14:16:18,43.4,205.5,204.6,1.6,5840.0,245.4
2019-01-10T14:16:49,43.5,209.1,192.8,1.5,5860.0,243.5
2019-01-10T14:17:20,43.5,222.1,217.1,1.5,5870.0,245.4
2019-01-10T14:17:51,43.5,225.0,210.0,1.5,5890.0,244.4
2019-01-10T14:18:22,43.6,222.1,204.6,1.3,5910.0,245.4
2019-01-10T14:18:53,43.6,217.3,190.4,1.3,5920.0,245.4
2019-01-10T14:19:24,43.6,205.5,190.4,1.3,5930.0,241.5
2019-01-10T14:19:55,43.6,194.9,202.3,1.0,5940.0,241.5
2019-01-10T14:20:26,43.6,202.0,223.0,1.1,5950.0,240.6
2019-01-10T14:20:58,43.5,208.5,194.0,1.0,5950.0,243.5
2019-01-10T14:21:29,43.5,194.9,185.1,1.2,5960.0,245.4
2019-01-10T14:22:00,43.5,220.9,211.2,1.1,5980.0,248.3
2019-01-10T14:22:31,43.5,222.7,215.9,1.2,6000.0,247.3
2019-01-10T14:23:02,43.6,215.6,200.5,1.0,6010.0,243.5
2019-01-10T14:23:33,43.6,213.8,193.4,1.1,6020.0,248.3
2019-01-10T14:24:04,43.6,217.9,207.0,1.1,6040.0,248.3
2019-01-10T14:24:35,43.6,216.7,201.7,1.1,6060.0,247.3
2019-01-10T14:25:06,43.6,210.2,210.6,1.1,6070.0,247.3
2019-01-10T14:25:38,43.6,209.1,203.5,1.1,6090.0,247.3
2019-01-10T14:26:09,43.6,213.8,199.9,1.1,6100.0,248.3
2019-01-10T14:26:40,43.6,215.6,207.0,1.0,6120.0,248.3
2019-01-10T14:27:11,43.6,206.1,199.9,1.0,6130.0,248.3
2019-01-10T14:27:42,43.6,215.0,208.2,1.0,6150.0,248.3
2019-01-10T14:28:13,43.6,220.9,204.6,1.0,6160.0,247.3
2019-01-10T14:28:44,43.6,209.1,201.1,1.0,6180.0,248.3
2019-01-10T14:29:15,43.6,210.2,204.6,1.0,6190.0,247.3
2019-01-10T14:29:46,43.5,203.7,205.8,1.0,6210.0,247.3
2019-01-10T14:30:17,43.6,210.8,200.5,1.0,6220.0,247.3
2019-01-10T14:30:49,43.6,210.8,198.1,1.1,6240.0,246.4
2019-01-10T14:31:20,43.7,217.3,201.7,1.1,6250.0,247.3
2019-01-10T14:31:51,43.7,204.3,197.0,1.1,6270.0,245.4
2019-01-10T14:32:22,43.7,212.6,198.7,1.1,6290.0,247.3
2019-01-10T14:32:53,43.7,218.5,196.4,1.0,6300.0,247.3
2019-01-10T14:33:24,43.7,216.7,197.0,1.1,6320.0,247.3
2019-01-10T14:33:55,43.8,218.5,199.3,1.0,6330.0,247.3
2019-01-10T14:34:26,43.8,207.9,200.5,1.0,6350.0,248.3
2019-01-10T14:34:57,43.9,204.3,201.1,1.1,6360.0,247.3
2019-01-10T14:35:28,43.8,213.2,201.1,1.1,6380.0,247.3
2019-01-10T14:36:00,43.8,215.6,206.4,1.0,6390.0,247.3
2019-01-10T14:36:31,43.8,210.8,206.4,1.0,6410.0,247.3
2019-01-10T14:37:02,43.9,207.3,205.8,1.0,6420.0,246.4
2019-01-10T14:37:33,43.9,207.9,199.3,1.1,6440.0,247.3
2019-01-10T14:38:04,43.9,205.5,198.7,1.0,6450.0,247.3
2019-01-10T14:38:35,43.9,210.2,203.5,1.0,6470.0,248.3
2019-01-10T14:39:06,43.9,213.8,204.6,1.1,6480.0,247.3
2019-01-10T14:39:37,43.9,216.7,204.6,1.0,6500.0,247.3
2019-01-10T14:40:08,43.9,220.3,202.9,0.9,6510.0,246.4
2019-01-10T14:40:39,43.9,211.4,204.1,1.0,6520.0,247.3
2019-01-10T14:41:11,43.9,211.4,201.1,1.1,6540.0,247.3
2019-01-10T14:41:42,43.9,215.0,197.5,0.9,6560.0,247.3
2019-01-10T14:42:13,44.0,210.2,201.1,1.0,6570.0,246.4
2019-01-10T14:42:44,44.0,215.0,201.7,1.0,6580.0,247.3
2019-01-10T14:43:15,44.0,212.6,197.5,1.0,6600.0,247.3
2019-01-10T14:43:46,44.0,212.0,191.0,1.0,6610.0,246.4
2019-01-10T14:44:17,44.0,215.0,204.6,1.0,6630.0,245.4
2019-01-10T14:44:48,44.0,208.5,206.4,1.0,6640.0,245.4
2019-01-10T14:45:19,44.0,211.4,203.5,1.0,6660.0,246.4
2019-01-10T14:45:50,44.0,202.6,202.9,1.1,6670.0,243.5
2019-01-10T14:46:22,44.0,216.2,199.3,1.0,6690.0,243.5
2019-01-10T14:46:53,44.0,195.5,204.1,1.0,6700.0,243.5
2019-01-10T14:47:24,44.0,216.7,196.4,0.9,6720.0,244.4
2019-01-10T14:47:55,44.0,203.7,201.7,1.0,6730.0,244.4
2019-01-10T14:48:26,44.0,212.0,204.1,1.1,6740.0,244.4
2019-01-10T14:48:57,44.2,217.9,202.9,1.0,6760.0,243.5
2019-01-10T14:49:28,44.0,215.0,195.2,1.0,6770.0,244.4
2019-01-10T14:49:59,44.0,198.4,199.9,1.2,6790.0,243.5
2019-01-10T14:50:30,44.2,215.6,201.7,1.0,6800.0,244.4
2019-01-10T14:51:01,44.2,197.3,197.0,1.1,6820.0,244.4
2019-01-10T14:51:32,44.2,217.3,198.7,1.0,6830.0,245.4
2019-01-10T14:52:03,44.2,210.2,199.3,1.2,6850.0,245.4
2019-01-10T14:52:34,44.2,207.9,193.4,1.3,6860.0,244.4
2019-01-10T14:53:05,44.3,191.9,190.4,1.3,6880.0,245.4
2019-01-10T14:53:36,44.3,217.9,194.6,1.4,6890.0,246.4
2019-01-10T14:54:07,44.2,220.3,204.6,1.2,6910.0,245.4
2019-01-10T14:54:38,44.2,220.9,201.7,1.4,6920.0,245.4
2019-01-10T14:55:09,44.3,220.9,186.9,1.4,6940.0,245.4
2019-01-10T14:55:41,44.3,215.6,195.8,1.3,6950.0,245.4
2019-01-10T14:56:12,44.3,209.1,188.7,1.3,6970.0,245.4
2019-01-10T14:56:43,44.4,204.3,182.2,1.4,6980.0,246.4
2019-01-10T14:57:14,44.4,213.2,192.8,1.4,7000.0,244.4
2019-01-10T14:57:45,44.4,209.1,206.4,1.4,7010.0,243.5
2019-01-10T14:58:16,44.5,209.1,196.4,1.2,7020.0,240.6
2019-01-10T14:58:47,44.5,204.3,211.7,1.0,7030.0,241.5
2019-01-10T14:59:18,44.4,204.9,209.4,1.1,7030.0,239.6
2019-01-10T14:59:49,44.4,208.5,211.2,1.1,7040.0,240.6
2019-01-10T15:00:20,44.3,209.7,210.0,1.0,7040.0,240.6
2019-01-10T15:00:52,44.2,209.7,207.6,1.0,7050.0,239.6
2019-01-10T15:01:23,44.2,200.8,211.7,1.1,7050.0,240.6
2019-01-10T15:01:54,44.0,199.0,222.4,1.2,7060.0,238.6
2019-01-10T15:02:25,43.9,213.8,207.0,1.2,7060.0,239.6
2019-01-10T15:02:56,43.9,202.0,223.0,1.3,7070.0,238.6
2019-01-10T15:03:27,43.8,190.2,223.6,1.4,7070.0,238.6
2019-01-10T15:03:58,43.7,186.6,212.9,1.3,7080.0,238.6
2019-01-10T15:04:29,43.6,189.0,208.2,1.4,7080.0,238.6
2019-01-10T15:05:00,43.6,193.7,214.7,1.3,7090.0,240.6
2019-01-10T15:05:32,43.6,187.8,212.9,1.4,7090.0,238.6
2019-01-10T15:06:03,43.5,193.1,228.9,1.4,7100.0,238.6
2019-01-10T15:06:34,43.5,189.6,221.8,1.3,7100.0,238.6
2019-01-10T15:07:05,43.4,191.9,220.6,1.1,7110.0,237.7
2019-01-10T15:07:36,43.4,183.1,220.0,1.1,7120.0,238.6
2019-01-10T15:08:07,43.4,202.0,225.9,1.1,7120.0,238.6
2019-01-10T15:08:38,43.2,203.7,232.4,1.1,7130.0,239.6
2019-01-10T15:09:09,43.2,180.1,212.9,1.4,7140.0,244.4
2019-01-10T15:09:40,43.2,202.0,214.1,1.4,7150.0,242.5
2019-01-10T15:10:11,43.2,215.0,210.0,1.4,7170.0,243.5
2019-01-10T15:10:43,43.2,215.0,205.8,1.0,7180.0,239.6
2019-01-10T15:11:14,43.2,208.5,214.7,0.9,7180.0,238.6
2019-01-10T15:11:45,43.2,206.7,220.0,1.0,7190.0,240.6
2019-01-10T15:12:16,43.2,214.4,215.3,0.8,7190.0,237.7
2019-01-10T15:12:47,43.2,202.0,227.7,0.9,7200.0,238.6
2019-01-10T15:13:18,43.1,209.7,237.2,0.8,7200.0,239.6
2019-01-10T15:13:49,43.1,204.3,223.0,0.9,7210.0,239.6
2019-01-10T15:14:20,43.1,206.1,224.8,0.8,7210.0,238.6
2019-01-10T15:14:51,43.1,211.4,225.9,0.7,7210.0,238.6
2019-01-10T15:15:22,43.0,204.9,225.9,0.8,7220.0,238.6
2019-01-10T15:15:54,43.0,200.8,228.9,0.7,7220.0,238.6
2019-01-10T15:16:25,43.0,202.6,229.5,0.7,7230.0,238.6
2019-01-10T15:16:56,43.0,212.0,222.4,0.7,7230.0,238.6
2019-01-10T15:17:27,42.9,209.1,220.6,0.6,7230.0,237.7
2019-01-10T15:17:58,42.9,193.1,232.4,0.7,7240.0,238.6
2019-01-10T15:18:29,42.9,218.5,199.9,1.0,7240.0,243.5
2019-01-10T15:19:00,42.9,215.6,202.9,1.0,7250.0,244.4
2019-01-10T15:19:31,43.0,204.9,206.4,1.1,7270.0,244.4
2019-01-10T15:20:02,43.0,208.5,207.0,0.9,7280.0,244.4
2019-01-10T15:20:34,43.1,210.2,195.8,1.1,7300.0,244.4
2019-01-10T15:21:05,43.2,213.8,194.0,1.1,7310.0,244.4
2019-01-10T15:21:36,43.4,210.8,197.5,1.0,7320.0,244.4
2019-01-10T15:22:07,43.5,203.2,202.9,1.0,7340.0,245.4
2019-01-10T15:22:38,43.6,207.9,195.8,1.1,7350.0,245.4
2019-01-10T15:23:09,43.7,212.0,195.8,1.1,7360.0,246.4
2019-01-10T15:23:40,43.9,214.4,198.7,1.2,7370.0,245.4
2019-01-10T15:24:11,44.0,210.8,198.7,1.2,7390.0,245.4
2019-01-10T15:24:42,44.2,213.8,186.9,1.3,7400.0,246.4
2019-01-10T15:25:13,44.3,220.9,203.5,1.2,7420.0,245.4
2019-01-10T15:25:45,44.4,218.5,202.3,1.3,7430.0,244.4
2019-01-10T15:26:16,44.6,224.4,201.7,1.2,7450.0,246.4
2019-01-10T15:26:47,44.6,216.7,201.7,1.2,7460.0,244.4
2019-01-10T15:27:18,44.7,220.3,202.9,1.2,7470.0,245.4
2019-01-10T15:27:49,44.9,219.7,205.2,1.2,7490.0,245.4
2019-01-10T15:28:20,45.0,218.5,198.7,1.3,7500.0,244.4
2019-01-10T15:28:51,45.0,218.5,201.7,1.2,7520.0,244.4
2019-01-10T15:29:22,45.1,215.0,199.3,1.2,7530.0,244.4
2019-01-10T15:29:53,45.1,209.7,183.3,1.0,7540.0,239.6
2019-01-10T15:30:24,45.0,202.0,180.4,0.9,7540.0,239.6
2019-01-10T15:30:56,44.9,212.6,153.2,0.8,7550.0,239.6
2019-01-10T15:31:27,44.7,196.7,156.1,0.8,7550.0,239.6
2019-01-10T15:31:58,44.6,206.7,170.3,0.6,7550.0,238.6
2019-01-10T15:32:29,44.4,210.8,201.7,0.6,7560.0,238.6
2019-01-10T15:33:00,44.4,194.3,201.7,0.6,7560.0,237.7
2019-01-10T15:33:31,44.3,199.0,200.5,0.5,7560.0,236.7
2019-01-10T15:34:02,44.2,178.3,219.4,0.6,7570.0,236.7
2019-01-10T15:34:33,44.0,189.6,220.6,0.6,7570.0,237.7
2019-01-10T15:35:04,44.0,210.8,199.3,0.5,7570.0,237.7
2019-01-10T15:35:36,43.9,190.8,204.6,0.6,7570.0,237.7
2019-01-10T15:36:07,43.8,202.6,227.7,0.6,7580.0,238.6
2019-01-10T15:36:38,43.7,199.6,214.7,0.6,7580.0,237.7
2019-01-10T15:37:09,43.7,194.3,194.0,0.7,7580.0,236.7
2019-01-10T15:37:40,43.7,220.3,215.3,0.8,7590.0,242.5
2019-01-10T15:38:11,43.7,211.4,215.9,0.6,7590.0,238.6
2019-01-10T15:38:42,43.6,190.2,234.8,0.7,7600.0,239.6
2019-01-10T15:39:13,43.6,192.5,233.6,1.0,7600.0,241.5
2019-01-10T15:39:44,43.7,201.4,214.7,0.9,7610.0,244.4
2019-01-10T15:40:15,43.8,210.2,197.0,1.2,7630.0,243.5
2019-01-10T15:40:47,43.9,216.2,199.9,1.0,7640.0,244.4
2019-01-10T15:41:18,43.9,210.8,189.9,1.1,7650.0,243.5
2019-01-10T15:41:49,43.9,213.2,205.8,1.1,7650.0,241.5
2019-01-10T15:42:20,44.0,219.1,200.5,1.3,7670.0,244.4
2019-01-10T15:42:51,44.0,221.5,204.1,1.1,7680.0,245.4
2019-01-10T15:43:22,44.0,216.2,199.9,1.0,7690.0,243.5
2019-01-10T15:43:53,44.2,212.6,188.1,1.0,7700.0,243.5
2019-01-10T15:44:24,44.2,203.2,197.5,0.9,7700.0,240.6
2019-01-10T15:44:55,44.2,215.6,214.7,0.9,7710.0,242.5
2019-01-10T15:45:26,44.2,208.5,198.7,0.9,7720.0,245.4
2019-01-10T15:45:58,44.2,216.2,191.0,0.9,7730.0,243.5
2019-01-10T15:46:29,44.3,200.8,180.4,0.9,7740.0,242.5
2019-01-10T15:47:00,44.3,210.8,184.5,0.7,7740.0,243.5
2019-01-10T15:47:31,44.3,202.0,197.0,0.7,7750.0,241.5
2019-01-10T15:48:02,44.2,200.8,194.0,0.7,7760.0,241.5
2019-01-10T15:48:33,44.2,203.2,196.4,0.7,7760.0,240.6
2019-01-10T15:49:04,44.2,205.5,189.9,0.7,7770.0,241.5
2019-01-10T15:49:35,44.2,211.4,181.0,0.6,7780.0,241.5
2019-01-10T15:50:06,44.0,193.7,177.4,0.7,7780.0,240.6
2019-01-10T15:50:38,43.9,190.8,182.8,0.7,7790.0,240.6
2019-01-10T15:51:09,43.9,168.9,185.7,0.9,7790.0,243.5
2019-01-10T15:51:40,43.9,187.8,185.1,0.8,7800.0,243.5
2019-01-10T15:52:11,43.9,209.1,156.1,0.7,7810.0,242.5
2019-01-10T15:52:42,43.9,213.2,166.8,0.9,7810.0,244.4
2019-01-10T15:53:13,44.0,219.1,186.9,0.9,7820.0,245.4
2019-01-10T15:53:44,44.0,201.4,179.8,1.0,7840.0,246.4
2019-01-10T15:54:15,44.2,200.8,178.6,1.0,7850.0,245.4
2019-01-10T15:54:46,0.0,0.0,0.0,0.0,0.0,0.0
2019-01-10T15:55:17,44.3,212.0,178.0,1.0,7870.0,246.4
2019-01-10T15:55:49,44.4,210.8,189.9,1.0,7880.0,246.4
2019-01-10T15:56:20,44.5,213.8,188.7,1.0,7890.0,244.4
2019-01-10T15:56:51,44.5,200.8,179.2,0.9,7900.0,242.5
2019-01-10T15:57:22,44.5,203.2,182.8,0.7,7900.0,241.5
2019-01-10T15:57:53,44.4,200.8,183.9,0.7,7910.0,239.6
2019-01-10T15:58:24,44.3,200.8,199.9,0.7,7910.0,242.5
2019-01-10T15:58:55,44.2,184.3,212.9,0.7,7920.0,242.5
2019-01-10T15:59:26,44.0,207.9,194.0,0.7,7920.0,243.5
2019-01-10T15:59:57,44.0,197.8,194.6,0.8,7920.0,242.5
2019-01-10T16:00:28,43.9,194.3,191.6,0.8,7930.0,244.4
2019-01-10T16:01:00,43.9,207.9,197.0,0.7,7940.0,243.5
2019-01-10T16:01:31,43.9,211.4,194.6,0.7,7940.0,242.5
2019-01-10T16:02:02,43.9,201.4,189.9,0.6,7950.0,241.5
2019-01-10T16:02:33,43.8,206.1,188.7,0.6,7950.0,240.6
2019-01-10T16:03:04,43.7,199.0,188.1,0.5,7960.0,239.6
2019-01-10T16:03:35,43.7,199.0,191.0,0.5,7960.0,239.6
2019-01-10T16:04:06,43.6,192.5,195.8,0.5,7960.0,239.6
2019-01-10T16:04:37,43.5,201.4,218.3,0.5,7960.0,238.6
2019-01-10T16:05:08,43.5,187.2,233.6,0.5,7970.0,238.6
2019-01-10T16:05:40,43.2,209.7,212.9,0.4,7970.0,239.6
2019-01-10T16:06:11,43.2,186.0,237.2,0.6,7970.0,239.6
2019-01-10T16:06:42,43.1,164.8,219.4,0.6,7970.0,239.6
2019-01-10T16:07:13,43.0,154.7,196.4,0.7,7980.0,240.6
2019-01-10T16:07:44,43.0,166.5,200.5,0.7,7980.0,241.5
2019-01-10T16:08:15,43.0,190.8,180.4,0.7,7990.0,242.5
2019-01-10T16:08:46,43.0,204.9,173.3,0.6,7990.0,242.5
2019-01-10T16:09:17,42.9,207.3,190.4,0.6,8000.0,242.5
2019-01-10T16:09:48,43.0,198.4,188.1,0.6,8000.0,242.5
2019-01-10T16:10:19,42.9,206.7,185.7,0.6,8010.0,241.5
2019-01-10T16:10:51,42.9,207.9,183.3,0.6,8020.0,242.5
2019-01-10T16:11:22,42.9,199.0,169.7,0.6,8020.0,242.5
2019-01-10T16:11:53,42.8,215.6,164.4,0.6,8030.0,242.5
2019-01-10T16:12:24,42.8,223.2,175.7,0.5,8030.0,242.5
2019-01-10T16:12:55,42.9,210.2,169.7,0.5,8040.0,243.5
2019-01-10T16:13:26,42.8,212.6,192.8,0.5,8040.0,242.5
2019-01-10T16:13:57,42.8,204.3,186.3,0.6,8050.0,244.4
2019-01-10T16:14:28,42.8,212.0,191.6,0.6,8050.0,243.5
2019-01-10T16:14:59,42.8,202.0,182.8,0.6,8060.0,243.5
2019-01-10T16:15:30,42.8,202.0,182.2,0.5,8070.0,243.5
2019-01-10T16:16:02,42.8,219.1,156.1,0.6,8070.0,245.4
2019-01-10T16:16:33,42.8,223.2,178.6,0.5,8080.0,245.4
2019-01-10T16:17:04,42.9,206.7,166.2,0.6,8090.0,246.4
2019-01-10T16:17:35,42.9,185.4,164.4,0.6,8090.0,246.4
2019-01-10T16:18:06,43.0,209.7,159.1,0.7,8100.0,244.4
2019-01-10T16:18:37,43.1,197.3,176.8,0.6,8110.0,244.4
2019-01-10T16:19:08,43.1,209.7,164.4,0.6,8120.0,244.4
2019-01-10T16:19:39,43.1,207.9,160.9,0.6,8120.0,244.4
2019-01-10T16:20:10,43.2,215.6,165.6,0.6,8130.0,245.4
2019-01-10T16:20:41,43.4,216.7,163.2,0.5,8140.0,244.4
2019-01-10T16:21:13,43.5,202.0,157.9,0.7,8150.0,244.4
2019-01-10T16:21:44,43.5,196.7,168.0,0.7,8150.0,244.4
2019-01-10T16:22:15,43.5,215.0,160.9,0.6,8160.0,244.4
2019-01-10T16:22:46,43.5,206.1,166.8,0.6,8170.0,244.4
2019-01-10T16:23:17,43.5,208.5,168.0,0.6,8180.0,244.4
2019-01-10T16:23:48,43.6,203.2,172.1,0.6,8190.0,244.4
2019-01-10T16:24:19,43.6,202.0,166.8,0.6,8190.0,243.5
2019-01-10T16:24:50,43.6,219.7,160.3,0.5,8200.0,243.5
2019-01-10T16:25:21,43.6,217.9,149.6,0.6,8210.0,243.5
2019-01-10T16:25:52,43.6,219.7,146.7,0.6,8210.0,243.5
2019-01-10T16:26:24,43.6,219.7,144.9,0.5,8220.0,243.5
2019-01-10T16:26:55,43.6,201.4,152.0,0.6,8230.0,244.4
2019-01-10T16:27:26,43.6,215.0,146.7,0.6,8240.0,243.5
2019-01-10T16:27:57,43.5,218.5,147.3,0.6,8240.0,244.4
2019-01-10T16:28:28,43.5,202.6,154.4,0.6,8250.0,244.4
2019-01-10T16:28:59,43.4,217.9,147.9,0.6,8260.0,243.5
2019-01-10T16:29:30,43.4,200.2,156.7,0.6,8260.0,244.4
2019-01-10T16:30:01,43.4,214.4,160.3,0.6,8270.0,243.5
2019-01-10T16:30:32,43.5,218.5,154.4,0.6,8280.0,243.5
2019-01-10T16:31:04,43.5,196.7,134.8,0.6,8280.0,244.4
2019-01-10T16:31:35,43.5,215.6,147.3,0.6,8290.0,244.4
2019-01-10T16:32:06,43.5,203.2,148.4,0.7,8300.0,242.5
2019-01-10T16:32:37,43.5,194.9,143.7,0.7,8300.0,243.5
2019-01-10T16:33:08,43.5,216.2,142.5,0.6,8310.0,242.5
2019-01-10T16:33:39,43.5,199.6,139.0,0.6,8320.0,241.5
2019-01-10T16:34:10,43.4,212.6,136.6,0.7,8320.0,242.5
2019-01-10T16:34:41,43.5,203.7,136.0,0.7,8330.0,243.5
2019-01-10T16:35:12,43.5,212.0,140.8,0.6,8340.0,242.5
2019-01-10T16:35:43,43.5,191.9,147.9,0.7,8340.0,242.5
2019-01-10T16:36:15,43.5,210.2,141.9,0.6,8350.0,241.5
2019-01-10T16:36:46,43.5,204.3,144.3,0.7,8360.0,242.5
2019-01-10T16:37:17,43.5,213.8,130.7,0.7,8360.0,241.5
2019-01-10T16:37:48,43.6,206.1,144.3,0.6,8370.0,242.5
2019-01-10T16:38:19,43.6,209.7,139.0,0.7,8380.0,242.5
2019-01-10T16:38:50,43.6,206.7,136.0,0.6,8380.0,241.5
2019-01-10T16:39:21,43.7,207.3,136.6,0.7,8390.0,242.5
2019-01-10T16:39:52,43.7,206.7,136.0,0.7,8390.0,242.5
2019-01-10T16:40:23,43.8,215.0,128.9,0.7,8400.0,242.5
2019-01-10T16:40:54,43.8,199.6,135.4,0.7,8410.0,245.4
2019-01-10T16:41:26,43.9,213.8,140.2,0.6,8410.0,242.5
2019-01-10T16:41:57,43.9,207.3,136.0,0.5,8420.0,243.5
2019-01-10T16:42:28,43.9,193.7,149.6,0.5,8420.0,241.5
2019-01-10T16:42:59,43.8,193.7,172.1,0.5,8420.0,242.5
2019-01-10T16:43:30,43.8,219.1,176.8,0.6,8420.0,244.4
2019-01-10T16:44:01,43.8,203.7,166.8,0.4,8420.0,242.5
2019-01-10T16:44:32,43.8,177.8,185.7,0.7,8420.0,244.4
2019-01-10T16:45:03,43.7,182.5,207.6,0.7,8430.0,246.4
2019-01-10T16:45:34,43.8,206.1,230.7,0.6,8430.0,244.4
2019-01-10T16:46:06,43.8,211.4,252.6,0.6,8430.0,243.5
2019-01-10T16:46:37,43.8,204.9,240.1,0.7,8430.0,244.4
2019-01-10T16:47:08,43.7,199.6,252.0,0.6,8440.0,244.4
2019-01-10T16:47:39,43.7,202.0,256.1,0.6,8440.0,243.5
2019-01-10T16:48:10,43.6,211.4,239.5,0.7,8440.0,243.5
2019-01-10T16:48:41,43.5,210.8,246.6,0.7,8440.0,243.5
2019-01-10T16:49:12,43.5,216.7,241.3,0.6,8450.0,242.5
2019-01-10T16:49:43,43.5,196.7,247.8,0.7,8450.0,243.5
2019-01-10T16:50:14,43.4,217.9,242.5,0.6,8450.0,244.4
2019-01-10T16:50:45,43.2,205.5,252.0,0.6,8450.0,244.4
2019-01-10T16:51:17,43.2,212.0,239.0,0.6,8450.0,243.5
2019-01-10T16:51:48,43.1,202.0,240.1,0.6,8460.0,244.4
2019-01-10T16:52:19,43.1,212.6,249.6,0.6,8460.0,243.5
2019-01-10T16:52:50,43.0,199.0,244.9,0.6,8460.0,243.5
2019-01-10T16:53:21,43.0,216.7,239.5,0.6,8460.0,243.5
2019-01-10T16:53:52,43.0,194.9,254.9,0.6,8470.0,242.5
2019-01-10T16:54:23,42.9,213.8,247.2,0.6,8470.0,243.5
2019-01-10T16:54:54,42.9,203.7,241.9,0.6,8470.0,243.5
2019-01-10T16:55:25,42.8,216.7,246.6,0.6,8470.0,243.5
2019-01-10T16:55:56,42.8,206.1,246.1,0.6,8470.0,242.5
2019-01-10T16:56:28,42.7,206.1,240.7,0.6,8480.0,243.5
2019-01-10T16:56:59,42.7,215.6,241.9,0.5,8480.0,242.5
2019-01-10T16:57:30,42.5,201.4,244.9,0.6,8480.0,242.5
2019-01-10T16:58:01,42.5,212.6,254.3,0.6,8480.0,243.5
2019-01-10T16:58:32,42.4,211.4,244.3,0.6,8490.0,243.5
2019-01-10T16:59:03,42.4,216.2,239.0,0.6,8490.0,243.5
2019-01-10T16:59:34,42.3,194.9,243.1,0.6,8490.0,241.5
2019-01-10T17:00:05,0.0,0.0,0.0,0.0,0.0,0.0
2019-01-10T17:00:36,42.3,218.5,231.9,0.6,8490.0,242.5
2019-01-10T17:01:08,42.2,209.7,236.6,0.6,8500.0,241.5
2019-01-10T17:01:39,42.2,215.0,236.0,0.6,8500.0,241.5
2019-01-10T17:02:10,42.1,208.5,249.0,0.7,8500.0,242.5
2019-01-10T17:02:41,42.1,200.8,246.1,0.6,8500.0,242.5
2019-01-10T17:03:12,42.0,212.0,246.6,0.6,8510.0,243.5
2019-01-10T17:03:43,42.1,191.9,241.9,0.7,8510.0,242.5
2019-01-10T17:04:14,42.0,210.8,225.9,0.7,8510.0,242.5
2019-01-10T17:04:45,42.0,205.5,247.8,0.7,8510.0,241.5
2019-01-10T17:05:16,42.0,217.3,239.5,0.6,8520.0,242.5
2019-01-10T17:05:47,42.0,212.0,227.7,0.6,8520.0,243.5
2019-01-10T17:06:19,42.1,207.9,249.0,0.6,8520.0,244.4
2019-01-10T17:06:50,42.0,203.7,239.0,0.7,8520.0,244.4
2019-01-10T17:07:21,42.1,213.8,247.2,0.6,8530.0,245.4
2019-01-10T17:07:52,42.1,196.7,238.4,0.6,8530.0,243.5
2019-01-10T17:08:23,42.1,217.9,252.0,0.6,8530.0,243.5
2019-01-10T17:08:54,42.1,202.0,236.6,0.7,8530.0,245.4
2019-01-10T17:09:25,42.0,220.3,244.9,0.5,8530.0,245.4
2019-01-10T17:09:56,42.0,202.0,240.7,0.6,8540.0,246.4
2019-01-10T17:10:27,42.0,218.5,239.0,0.6,8540.0,245.4
2019-01-10T17:10:58,42.0,209.1,250.2,0.6,8540.0,244.4
2019-01-10T17:11:30,42.0,210.2,231.9,0.5,8540.0,246.4
2019-01-10T17:12:01,42.0,204.3,244.9,0.6,8550.0,245.4
2019-01-10T17:12:32,42.1,216.2,237.2,0.6,8550.0,244.4
2019-01-10T17:13:03,42.1,209.7,252.0,0.5,8550.0,245.4
2019-01-10T17:13:34,42.1,209.1,238.4,0.6,8550.0,242.5
2019-01-10T17:14:05,42.1,220.9,243.1,0.4,8550.0,242.5
2019-01-10T17:14:36,42.1,199.0,225.4,0.6,8550.0,240.6
2019-01-10T17:15:07,42.1,209.7,246.6,0.6,8560.0,240.6
2019-01-10T17:15:38,42.1,204.3,230.7,0.5,8560.0,241.5
2019-01-10T17:16:10,42.1,209.1,234.8,0.5,8560.0,240.6
2019-01-10T17:16:41,42.2,209.7,239.0,0.6,8560.0,241.5
2019-01-10T17:17:12,42.2,192.5,249.6,0.6,8560.0,241.5
2019-01-10T17:17:43,42.2,207.3,242.5,0.5,8570.0,240.6
2019-01-10T17:18:14,42.2,216.7,237.2,0.4,8570.0,241.5
2019-01-10T17:18:45,42.2,197.8,240.1,0.5,8570.0,240.6
2019-01-10T17:19:16,42.2,219.1,240.1,0.5,8570.0,241.5
2019-01-10T17:19:47,42.3,204.3,234.2,0.5,8570.0,241.5
2019-01-10T17:20:18,42.3,216.2,241.9,0.5,8570.0,242.5
2019-01-10T17:20:49,42.3,206.7,236.6,0.5,8580.0,243.5
2019-01-10T17:21:21,42.3,220.9,243.7,0.5,8580.0,243.5
2019-01-10T17:21:52,42.3,206.7,223.6,0.5,8580.0,242.5
2019-01-10T17:22:23,42.3,199.6,244.9,0.5,8580.0,243.5
2019-01-10T17:22:54,42.3,220.3,233.0,0.5,8580.0,242.5
2019-01-10T17:23:25,42.3,204.3,236.0,0.5,8580.0,242.5
2019-01-10T17:23:56,42.3,212.0,240.1,0.5,8590.0,241.5
2019-01-10T17:24:27,42.3,216.7,233.6,0.5,8590.0,240.6
2019-01-10T17:24:58,42.3,209.1,247.8,0.4,8590.0,241.5
2019-01-10T17:25:29,42.3,226.2,225.4,0.4,8590.0,240.6
2019-01-10T17:26:00,42.3,202.0,231.9,0.5,8590.0,240.6
2019-01-10T17:26:31,42.3,209.7,249.0,0.5,8590.0,238.6
2019-01-10T17:27:02,42.3,225.0,225.4,0.4,8590.0,237.7
2019-01-10T17:27:33,42.3,202.0,244.9,0.4,8600.0,238.6
2019-01-10T17:28:04,42.3,193.7,228.9,0.5,8600.0,236.7
2019-01-10T17:28:35,42.4,215.6,247.8,0.4,8600.0,237.7
2019-01-10T17:29:06,42.3,220.3,228.3,0.5,8600.0,237.7
2019-01-10T17:29:37,42.4,200.2,247.8,0.5,8600.0,238.6
2019-01-10T17:30:08,42.4,212.6,228.9,0.4,8600.0,238.6
2019-01-10T17:30:40,42.4,225.0,244.9,0.5,8610.0,238.6
2019-01-10T17:31:11,42.3,203.2,230.1,0.4,8610.0,238.6
2019-01-10T17:31:42,42.4,209.1,227.7,0.4,8610.0,239.6
2019-01-10T17:32:13,42.4,228.6,246.6,0.4,8610.0,239.6
2019-01-10T17:32:44,42.4,207.3,224.2,0.5,8610.0,240.6
2019-01-10T17:33:15,42.4,199.0,239.0,0.4,8610.0,239.6
2019-01-10T17:33:46,42.4,220.3,235.4,0.4,8620.0,240.6
2019-01-10T17:34:17,42.4,217.3,227.7,0.5,8620.0,239.6
2019-01-10T17:34:48,42.4,212.6,246.6,0.4,8620.0,239.6
2019-01-10T17:35:19,42.4,227.4,225.9,0.4,8620.0,242.5
2019-01-10T17:35:51,42.4,204.3,243.7,0.4,8620.0,240.6
2019-01-10T17:36:22,42.4,202.0,228.9,0.5,8620.0,242.5
2019-01-10T17:36:53,42.4,224.4,243.1,0.5,8620.0,241.5
2019-01-10T17:37:24,42.4,210.8,230.1,0.5,8630.0,240.6
2019-01-10T17:37:55,42.4,215.6,239.5,0.5,8630.0,240.6
2019-01-10T17:38:26,42.3,218.5,233.6,0.4,8630.0,239.6
2019-01-10T17:38:57,42.4,211.4,236.0,0.5,8630.0,240.6
2019-01-10T17:39:28,42.3,228.6,239.0,0.4,8630.0,239.6
2019-01-10T17:39:59,42.3,207.3,232.4,0.4,8630.0,239.6
2019-01-10T17:40:30,42.3,227.4,241.3,0.4,8640.0,240.6
2019-01-10T17:41:02,42.4,205.5,228.9,0.4,8640.0,239.6
2019-01-10T17:41:33,42.4,223.2,246.1,0.4,8640.0,237.7
2019-01-10T17:42:04,42.4,210.2,225.9,0.5,8640.0,237.7
2019-01-10T17:42:35,42.4,217.9,210.0,0.4,8640.0,239.6
2019-01-10T17:43:06,42.3,219.7,210.6,0.5,8640.0,239.6
2019-01-10T17:43:37,42.3,214.4,217.7,0.4,8640.0,240.6
2019-01-10T17:44:08,42.3,208.5,240.7,0.4,8650.0,238.6
2019-01-10T17:44:39,42.3,223.8,238.4,0.4,8650.0,237.7
2019-01-10T17:45:10,42.3,202.6,227.7,0.4,8650.0,238.6
2019-01-10T17:45:41,42.3,219.7,249.0,0.4,8650.0,236.7
2019-01-10T17:46:13,42.3,210.2,229.5,0.4,8650.0,236.7
2019-01-10T17:46:44,42.3,223.2,249.6,0.4,8650.0,237.7
2019-01-10T17:47:15,42.3,207.9,230.1,0.4,8660.0,236.7
2019-01-10T17:47:46,0.0,0.0,0.0,0.0,0.0,0.0
2019-01-10T17:48:17,42.3,225.0,236.0,0.4,8660.0,236.7
2019-01-10T17:48:48,42.2,204.3,214.1,0.4,8660.0,233.8
2019-01-10T17:49:19,42.2,223.2,199.9,0.4,8660.0,235.7
2019-01-10T17:49:50,42.2,203.2,221.8,0.4,8660.0,237.7
2019-01-10T17:50:21,42.2,194.9,236.0,0.4,8660.0,237.7
2019-01-10T17:50:53,42.1,203.7,234.2,0.4,8670.0,237.7
2019-01-10T17:51:24,42.1,223.2,249.0,0.4,8670.0,237.7
2019-01-10T17:51:55,42.1,206.7,230.1,0.4,8670.0,239.6
2019-01-10T17:52:26,42.0,197.3,227.1,0.4,8670.0,239.6
2019-01-10T17:52:57,42.0,219.1,236.6,0.4,8670.0,238.6
2019-01-10T17:53:28,42.0,211.4,245.5,0.4,8670.0,238.6
2019-01-10T17:53:59,42.0,190.8,236.0,0.4,8670.0,238.6
2019-01-10T17:54:30,42.0,209.1,228.3,0.4,8680.0,235.7
2019-01-10T17:55:01,41.9,220.9,249.0,0.4,8680.0,236.7
2019-01-10T17:55:33,41.9,197.8,231.9,0.4,8680.0,239.6
2019-01-10T17:56:04,41.9,220.9,249.6,0.4,8680.0,238.6
2019-01-10T17:56:35,41.7,202.0,228.9,0.4,8680.0,237.7
2019-01-10T17:57:06,41.7,190.8,250.8,0.4,8680.0,237.7
2019-01-10T17:57:37,41.6,212.0,228.9,0.4,8680.0,235.7
2019-01-10T17:58:08,41.6,214.4,250.8,0.4,8690.0,237.7
2019-01-10T17:58:39,41.6,202.0,232.4,0.4,8690.0,242.5
2019-01-10T17:59:10,41.6,220.9,233.0,0.3,8690.0,240.6
2019-01-10T17:59:41,41.6,207.9,241.9,0.3,8690.0,240.6
2019-01-10T18:00:12,41.5,197.8,239.0,0.3,8690.0,242.5
2019-01-10T18:00:44,41.4,197.3,223.0,0.3,8690.0,240.6
2019-01-10T18:01:15,41.4,202.0,211.2,0.2,8690.0,238.6
2019-01-10T18:01:46,41.3,181.3,224.2,0.2,8690.0,237.7
2019-01-10T18:02:17,41.3,161.2,218.3,0.3,8690.0,237.7
2019-01-10T18:02:48,41.2,175.4,197.0,0.2,8700.0,239.6
2019-01-10T18:03:19,41.0,196.7,194.6,0.2,8700.0,238.6
2019-01-10T18:03:50,41.0,191.9,216.5,0.2,8700.0,239.6
2019-01-10T18:04:21,40.9,170.7,232.4,0.2,8700.0,239.6
2019-01-10T18:04:52,40.9,171.9,209.4,0.2,8700.0,240.6
2019-01-10T18:05:23,40.8,193.7,191.0,0.2,8700.0,240.6
2019-01-10T18:05:55,40.7,206.1,169.1,0.2,8700.0,240.6
2019-01-10T18:06:26,40.7,183.7,193.4,0.3,8700.0,239.6
2019-01-10T18:06:57,40.6,162.4,214.7,0.2,8700.0,238.6
2019-01-10T18:07:28,40.6,171.9,228.9,0.2,8700.0,238.6
2019-01-10T18:07:59,40.5,193.1,205.8,0.2,8700.0,236.7
2019-01-10T18:08:30,40.5,206.1,229.5,0.2,8700.0,236.7
2019-01-10T18:09:01,40.5,183.1,227.1,0.2,8700.0,238.6
2019-01-10T18:09:32,40.4,163.0,204.6,0.3,8710.0,237.7
2019-01-10T18:10:03,40.4,141.1,183.9,0.3,8710.0,236.7
2019-01-10T18:10:35,40.2,153.5,204.6,0.3,8710.0,238.6
2019-01-10T18:11:06,40.2,175.4,227.7,0.2,8710.0,239.6
2019-01-10T18:11:37,40.1,193.7,232.4,0.3,8710.0,238.6
2019-01-10T18:12:08,40.1,173.0,218.3,0.2,8710.0,238.6
2019-01-10T18:12:39,40.1,176.6,239.0,0.2,8710.0,240.6
2019-01-10T18:13:10,40.0,199.0,215.9,0.2,8710.0,241.5
2019-01-10T18:13:41,40.0,193.1,207.6,0.3,8710.0,238.6
2019-01-10T18:14:12,40.0,213.2,230.7,0.2,8710.0,237.7
2019-01-10T18:14:43,39.9,191.3,237.2,0.2,8710.0,238.6
2019-01-10T18:15:14,39.9,178.9,225.9,0.2,8710.0,236.7
2019-01-10T18:15:46,39.8,199.6,241.3,0.2,8720.0,238.6
2019-01-10T18:16:17,39.8,203.2,220.6,0.2,8720.0,239.6
2019-01-10T18:16:48,39.8,182.5,216.5,0.2,8720.0,240.6
2019-01-10T18:17:19,39.7,173.0,236.6,0.2,8720.0,239.6
2019-01-10T18:17:50,39.7,194.3,223.0,0.2,8720.0,238.6
2019-01-10T18:18:21,39.7,204.9,232.4,0.2,8720.0,236.7
2019-01-10T18:18:52,39.5,183.1,215.3,0.2,8720.0,239.6
2019-01-10T18:19:23,39.5,161.8,195.8,0.2,8720.0,237.7
2019-01-10T18:19:54,39.5,157.7,173.3,0.2,8720.0,235.7
2019-01-10T18:20:25,39.5,179.5,193.4,0.2,8720.0,236.7
2019-01-10T18:20:57,39.4,199.6,214.1,0.2,8720.0,236.7
2019-01-10T18:21:28,39.3,201.4,236.6,0.2,8720.0,237.7
2019-01-10T18:21:59,39.3,179.5,223.0,0.2,8720.0,234.8
2019-01-10T18:22:30,39.3,164.2,202.3,0.2,8720.0,235.7
2019-01-10T18:23:01,39.3,184.3,211.7,0.2,8720.0,236.7
2019-01-10T18:23:32,39.2,206.1,232.4,0.1,8730.0,236.7
2019-01-10T18:24:03,39.1,189.0,227.7,0.2,8730.0,237.7
2019-01-10T18:24:34,39.2,168.3,206.4,0.2,8730.0,236.7
2019-01-10T18:25:05,39.1,184.8,201.7,0.1,8730.0,234.8
2019-01-10T18:25:37,39.1,204.9,221.2,0.1,8730.0,231.9
2019-01-10T18:26:08,39.0,189.0,228.3,0.1,8730.0,234.8
2019-01-10T18:26:39,39.0,184.8,214.7,0.1,8730.0,234.8
2019-01-10T18:27:10,39.0,192.5,194.0,0.1,8730.0,235.7
2019-01-10T18:27:41,38.9,171.3,172.7,0.1,8730.0,235.7
2019-01-10T18:28:12,38.9,150.0,187.5,0.1,8730.0,235.7
2019-01-10T18:28:43,38.7,129.9,207.6,0.1,8730.0,235.7
2019-01-10T18:29:14,38.7,116.9,225.9,0.1,8730.0,236.7
2019-01-10T18:29:45,38.7,136.4,204.6,0.1,8730.0,236.7
2019-01-10T18:30:16,38.6,157.1,207.6,0.1,8730.0,235.7
2019-01-10T18:30:48,38.5,179.5,226.5,0.1,8730.0,233.8
2019-01-10T18:31:19,38.5,199.6,211.2,0.1,8730.0,235.7
2019-01-10T18:31:50,38.5,182.5,189.9,0.1,8730.0,232.8
2019-01-10T18:32:21,38.4,160.0,169.7,0.1,8730.0,232.8
2019-01-10T18:32:52,38.4,140.0,182.2,0.1,8730.0,233.8
2019-01-10T18:33:23,38.3,151.8,203.5,0.1,8730.0,233.8
2019-01-10T18:33:54,38.3,170.1,222.4,0.1,8730.0,231.9
2019-01-10T18:34:25,38.2,191.9,205.2,0.1,8730.0,233.8
2019-01-10T18:34:56,38.2,194.3,186.9,0.1,8730.0,235.7
2019-01-10T18:35:27,38.0,170.7,164.4,0.0,8730.0,234.8
2019-01-10T18:35:59,38.0,149.4,148.4,0.1,8730.0,236.7
2019-01-10T18:36:30,37.9,129.3,168.6,0.0,8730.0,237.7
2019-01-10T18:37:01,37.9,117.5,191.6,0.0,8730.0,237.7
2019-01-10T18:37:32,37.8,140.5,206.4,0.1,8730.0,234.8
2019-01-10T18:38:03,37.8,162.4,221.2,0.1,8730.0,234.8
2019-01-10T18:38:34,37.8,179.5,199.3,0.1,8730.0,234.8
2019-01-10T18:39:05,37.7,197.3,177.4,0.0,8730.0,234.8
2019-01-10T18:39:36,37.6,196.7,157.3,0.0,8730.0,235.7
2019-01-10T18:40:07,37.6,176.6,139.0,0.0,8730.0,235.7
2019-01-10T18:40:39,37.5,154.1,147.9,0.0,8730.0,235.7
2019-01-10T18:41:10,37.5,135.2,169.1,0.0,8730.0,235.7
2019-01-10T18:41:41,37.4,111.6,189.9,0.0,8730.0,236.7
2019-01-10T18:42:12,37.4,109.2,211.2,0.0,8730.0,236.7
2019-01-10T18:42:43,37.2,132.9,219.4,0.0,8730.0,236.7
2019-01-10T18:43:14,37.1,190.8,225.4,0.0,8730.0,237.7
2019-01-10T18:43:45,37.0,189.6,213.5,0.0,8730.0,235.7
2019-01-10T18:44:16,37.0,188.4,211.2,0.0,8730.0,236.7
2019-01-10T18:44:47,37.0,187.8,208.8,0.0,8730.0,238.6
2019-01-10T18:45:18,36.9,186.6,205.8,0.0,8730.0,236.7
2019-01-10T18:45:50,36.9,185.4,202.9,0.0,8730.0,238.6
2019-01-10T18:46:21,36.8,184.3,198.7,0.0,8730.0,238.6
2019-01-10T18:46:52,36.8,183.1,194.6,0.0,8730.0,237.7
2019-01-10T18:47:23,36.7,182.5,189.3,0.0,8730.0,239.6
2019-01-10T18:47:54,36.7,161.2,189.9,0.0,8730.0,238.6
2019-01-10T18:48:25,36.5,177.8,178.0,0.0,8730.0,237.7
2019-01-10T18:48:56,36.5,174.2,174.5,0.0,8730.0,237.7
2019-01-10T18:49:27,36.4,170.1,170.3,0.0,8730.0,238.6
2019-01-10T18:49:58,36.4,152.4,166.2,0.0,8730.0,238.6
2019-01-10T18:50:29,36.3,131.1,156.1,0.0,8730.0,238.6
2019-01-10T18:51:01,36.3,141.1,141.3,0.0,8730.0,237.7
2019-01-10T18:51:32,36.2,116.9,117.1,0.0,8730.0,237.7
