2019-01-16T06:35:28,31.8,197.3,237.2,0.5,100.0,241.5
2019-01-16T06:36:00,31.8,183.1,217.1,0.4,100.0,241.5
2019-01-16T06:36:31,31.8,203.7,194.6,0.4,110.0,239.6
2019-01-16T06:37:02,31.8,200.2,212.3,0.4,110.0,241.5
2019-01-16T06:37:33,31.8,180.7,233.0,0.4,110.0,241.5
2019-01-16T06:38:04,31.8,194.3,223.6,0.4,110.0,242.5
2019-01-16T06:38:35,31.8,213.2,202.9,0.4,110.0,242.5
2019-01-16T06:39:06,31.9,191.9,197.5,0.4,110.0,241.5
2019-01-16T06:39:37,31.9,182.5,220.6,0.5,110.0,242.5
2019-01-16T06:40:08,31.9,203.7,241.3,0.5,110.0,241.5
2019-01-16T06:40:39,31.9,204.3,217.7,0.4,110.0,241.5
2019-01-16T06:41:11,31.9,182.5,197.5,0.4,120.0,240.6
2019-01-16T06:41:42,31.9,191.3,200.5,0.5,120.0,240.6
2019-01-16T06:42:13,31.9,211.4,221.2,0.4,120.0,240.6
2019-01-16T06:42:44,32.0,195.5,237.8,0.5,120.0,242.5
2019-01-16T06:43:15,32.0,189.6,216.5,0.4,120.0,243.5
2019-01-16T06:43:46,32.0,210.8,195.2,0.4,120.0,243.5
2019-01-16T06:44:17,32.0,193.7,197.5,0.4,120.0,244.4
2019-01-16T06:44:48,32.0,186.0,218.8,0.4,120.0,243.5
2019-01-16T06:45:19,32.0,206.7,239.5,0.4,130.0,244.4
2019-01-16T06:45:50,32.0,199.6,221.2,0.4,130.0,244.4
2019-01-16T06:46:22,32.2,180.7,199.9,0.5,130.0,244.4
2019-01-16T06:46:53,32.2,202.0,213.5,0.5,130.0,241.5
2019-01-16T06:47:24,32.2,203.2,234.2,0.4,130.0,242.5
2019-01-16T06:47:55,32.2,182.5,223.0,0.4,130.0,242.5
2019-01-16T06:48:26,32.2,199.6,201.7,0.5,130.0,242.5
2019-01-16T06:48:57,32.2,210.8,207.0,0.4,130.0,241.5
2019-01-16T06:49:28,32.2,187.8,228.9,0.5,130.0,243.5
2019-01-16T06:49:59,32.3,193.1,229.5,0.5,140.0,243.5
2019-01-16T06:50:30,32.3,212.0,209.4,0.4,140.0,242.5
2019-01-16T06:51:02,32.3,193.7,191.0,0.5,140.0,241.5
2019-01-16T06:51:33,32.3,184.8,212.3,0.5,140.0,242.5
2019-01-16T06:52:04,32.3,205.5,233.0,0.5,140.0,244.4
2019-01-16T06:52:35,32.3,200.8,227.7,0.4,140.0,242.5
2019-01-16T06:53:06,32.4,180.1,207.0,0.5,140.0,240.6
2019-01-16T06:53:37,32.4,189.6,186.9,0.5,140.0,240.6
2019-01-16T06:54:08,32.4,211.4,204.6,0.4,150.0,240.6
2019-01-16T06:54:39,32.4,189.6,225.4,0.5,150.0,240.6
2019-01-16T06:55:10,32.4,192.5,231.9,0.5,150.0,240.6
2019-01-16T06:55:41,32.4,213.2,211.2,0.5,150.0,241.5
2019-01-16T06:56:13,32.4,191.3,189.9,0.5,150.0,242.5
2019-01-16T06:56:44,32.4,184.8,212.9,0.5,150.0,241.5
2019-01-16T06:57:15,32.4,206.7,234.2,0.4,150.0,241.5
2019-01-16T06:57:46,32.5,200.8,221.2,0.5,150.0,240.6
2019-01-16T06:58:17,32.5,187.8,199.9,0.5,160.0,241.5
2019-01-16T06:58:48,32.5,209.1,208.8,0.5,160.0,241.5
2019-01-16T06:59:19,32.5,196.7,229.5,0.5,160.0,240.6
2019-01-16T06:59:50,32.5,177.8,226.5,0.6,160.0,241.5
2019-01-16T07:00:21,32.5,200.8,205.8,0.5,160.0,241.5
2019-01-16T07:00:52,32.6,202.6,202.3,0.5,160.0,240.6
2019-01-16T07:01:24,32.6,181.9,224.2,0.5,160.0,242.5
2019-01-16T07:01:55,32.6,202.0,236.0,0.6,170.0,243.5
2019-01-16T07:02:26,32.6,203.7,213.5,0.5,170.0,243.5
2019-01-16T07:02:57,32.6,190.8,192.8,0.6,170.0,243.5
2019-01-16T07:03:28,32.6,211.4,204.6,0.5,170.0,242.5
2019-01-16T07:03:59,32.7,212.6,197.5,0.5,170.0,242.5
2019-01-16T07:04:30,32.7,197.8,213.5,0.5,170.0,242.5
2019-01-16T07:05:01,32.7,190.8,234.2,0.7,170.0,242.5
2019-01-16T07:05:32,32.7,211.4,221.8,0.5,180.0,242.5
2019-01-16T07:06:04,32.7,193.1,200.5,0.6,180.0,243.5
2019-01-16T07:06:35,32.7,213.8,217.7,0.5,180.0,244.4
2019-01-16T07:07:06,32.7,191.9,239.5,0.6,180.0,241.5
2019-01-16T07:07:37,32.9,200.8,220.6,0.6,180.0,240.6
2019-01-16T07:08:08,32.9,203.2,198.7,0.6,180.0,240.6
2019-01-16T07:08:39,32.9,205.5,222.4,0.6,190.0,241.5
2019-01-16T07:09:10,32.9,210.8,233.0,0.6,190.0,241.5
2019-01-16T07:09:41,32.9,193.1,211.2,0.6,190.0,241.5
2019-01-16T07:10:12,33.0,197.3,207.0,0.7,190.0,242.5
2019-01-16T07:10:43,33.0,208.5,220.0,0.6,190.0,239.6
2019-01-16T07:11:15,33.0,192.5,240.1,0.7,200.0,239.6
2019-01-16T07:11:46,33.0,213.8,218.3,0.6,200.0,237.7
2019-01-16T07:12:17,33.0,202.6,204.6,0.6,200.0,239.6
2019-01-16T07:12:48,33.0,209.1,225.9,0.6,200.0,238.6
2019-01-16T07:13:19,33.0,190.8,238.4,0.7,200.0,239.6
2019-01-16T07:13:50,33.1,168.3,216.5,0.7,210.0,238.6
2019-01-16T07:14:21,33.1,189.6,205.2,0.7,210.0,239.6
2019-01-16T07:14:52,33.1,212.6,228.3,0.7,210.0,240.6
2019-01-16T07:15:23,33.1,197.8,236.0,0.7,210.0,238.6
2019-01-16T07:15:54,33.1,180.1,214.1,0.8,210.0,239.6
2019-01-16T07:16:26,33.1,202.6,223.6,0.7,220.0,240.6
2019-01-16T07:16:57,33.2,206.7,234.2,0.7,220.0,240.6
2019-01-16T07:17:28,33.2,213.2,212.9,0.7,220.0,240.6
2019-01-16T07:17:59,33.2,206.1,212.3,0.8,220.0,239.6
2019-01-16T07:18:30,33.1,203.7,233.6,0.9,230.0,238.6
2019-01-16T07:19:01,33.2,217.9,214.7,0.7,230.0,239.6
2019-01-16T07:19:32,33.2,197.3,225.4,0.8,230.0,240.6
2019-01-16T07:20:03,33.3,214.4,241.3,0.7,230.0,240.6
2019-01-16T07:20:34,33.3,199.6,223.6,0.9,240.0,239.6
2019-01-16T07:21:06,33.3,207.9,231.3,0.8,240.0,239.6
2019-01-16T07:21:37,33.3,209.7,242.5,0.9,240.0,238.6
2019-01-16T07:22:08,33.3,213.8,234.8,0.7,240.0,240.6
2019-01-16T07:22:39,33.3,199.6,218.8,0.8,250.0,240.6
2019-01-16T07:23:10,33.4,216.2,229.5,0.8,250.0,240.6
2019-01-16T07:23:41,33.4,202.0,230.7,1.0,250.0,240.6
2019-01-16T07:24:12,33.4,207.9,236.6,1.0,250.0,240.6
2019-01-16T07:24:43,33.4,215.0,225.4,0.9,260.0,241.5
2019-01-16T07:25:14,33.4,205.5,214.7,1.0,260.0,241.5
2019-01-16T07:25:45,33.5,211.4,222.4,1.0,260.0,241.5
2019-01-16T07:26:17,33.5,203.7,237.8,0.9,270.0,242.5
2019-01-16T07:26:48,33.5,211.4,240.7,1.0,270.0,241.5
2019-01-16T07:27:19,33.5,199.0,218.8,1.0,270.0,240.6
2019-01-16T07:27:50,33.5,213.8,224.2,1.0,280.0,241.5
2019-01-16T07:28:21,33.7,191.9,241.3,1.0,280.0,240.6
2019-01-16T07:28:52,33.7,202.6,218.8,0.9,280.0,241.5
2019-01-16T07:29:23,33.7,201.4,228.3,0.9,280.0,241.5
2019-01-16T07:29:54,33.7,222.7,234.2,0.7,290.0,242.5
2019-01-16T07:30:25,33.8,224.4,219.4,0.7,290.0,240.6
2019-01-16T07:30:56,33.8,209.7,238.4,1.0,290.0,243.5
2019-01-16T07:31:28,33.8,186.0,224.8,1.1,300.0,241.5
2019-01-16T07:31:59,33.8,177.8,227.7,1.1,300.0,241.5
2019-01-16T07:32:30,33.9,196.1,230.1,1.0,300.0,242.5
2019-01-16T07:33:01,33.9,183.1,240.7,1.0,310.0,242.5
2019-01-16T07:33:32,33.9,187.2,218.8,1.2,310.0,243.5
2019-01-16T07:34:03,33.9,193.1,230.7,1.1,310.0,240.6
2019-01-16T07:34:34,33.9,187.8,233.6,1.1,320.0,241.5
2019-01-16T07:35:05,34.0,184.8,216.5,1.1,320.0,241.5
2019-01-16T07:35:36,34.0,178.3,239.5,1.2,320.0,241.5
2019-01-16T07:36:08,34.0,173.6,223.6,1.2,330.0,240.6
2019-01-16T07:36:39,34.1,178.3,224.2,1.2,330.0,241.5
2019-01-16T07:37:10,34.1,182.5,238.4,1.2,340.0,240.6
2019-01-16T07:37:41,34.1,171.3,216.5,1.2,340.0,241.5
2019-01-16T07:38:12,34.1,193.1,235.4,1.2,340.0,242.5
2019-01-16T07:38:43,34.2,187.8,227.1,1.3,350.0,242.5
2019-01-16T07:39:14,34.2,186.0,230.7,1.2,350.0,240.6
2019-01-16T07:39:45,34.2,190.8,230.1,1.2,360.0,240.6
2019-01-16T07:40:16,34.4,193.1,219.4,1.2,360.0,241.5
2019-01-16T07:40:47,34.4,180.7,215.9,1.3,360.0,242.5
2019-01-16T07:41:19,34.4,177.8,224.2,1.3,370.0,242.5
2019-01-16T07:41:50,34.4,184.8,237.8,1.3,370.0,243.5
2019-01-16T07:42:21,34.4,183.1,219.4,1.4,380.0,242.5
2019-01-16T07:42:52,34.4,177.2,239.5,1.3,380.0,243.5
2019-01-16T07:43:23,34.5,181.3,235.4,1.2,390.0,242.5
2019-01-16T07:43:54,34.5,172.4,239.0,1.3,390.0,241.5
2019-01-16T07:44:25,34.5,161.8,229.5,1.3,390.0,242.5
2019-01-16T07:44:56,34.5,165.9,228.3,1.4,400.0,240.6
2019-01-16T07:45:27,34.6,185.4,232.4,1.4,400.0,242.5
2019-01-16T07:45:58,34.6,178.3,224.8,1.4,410.0,241.5
2019-01-16T07:46:30,34.6,174.8,231.9,1.4,410.0,242.5
2019-01-16T07:47:01,34.6,167.7,239.5,1.5,420.0,241.5
2019-01-16T07:47:32,34.7,187.8,216.5,1.4,420.0,242.5
2019-01-16T07:48:03,34.7,181.3,239.5,1.2,430.0,240.6
2019-01-16T07:48:34,34.7,171.9,221.2,1.4,430.0,240.6
2019-01-16T07:49:05,34.7,173.6,238.4,1.5,440.0,240.6
2019-01-16T07:49:36,34.8,188.4,224.2,1.3,440.0,241.5
2019-01-16T07:50:07,34.8,184.3,236.0,1.5,450.0,241.5
2019-01-16T07:50:38,34.8,186.6,230.7,1.5,450.0,243.5
2019-01-16T07:51:10,34.8,195.5,244.9,1.1,460.0,242.5
2019-01-16T07:51:41,34.9,174.8,220.6,1.4,460.0,242.5
2019-01-16T07:52:12,34.9,173.6,220.6,1.5,460.0,242.5
2019-01-16T07:52:43,34.9,171.9,235.4,1.4,470.0,241.5
2019-01-16T07:53:14,34.9,193.7,231.3,1.3,470.0,242.5
2019-01-16T07:53:45,34.9,190.8,229.5,1.3,480.0,241.5
2019-01-16T07:54:16,35.0,174.8,218.3,1.8,480.0,241.5
2019-01-16T07:54:47,35.0,183.7,234.2,1.8,490.0,241.5
2019-01-16T07:55:18,35.0,176.6,230.7,1.8,500.0,241.5
2019-01-16T07:55:49,35.2,173.6,235.4,1.7,500.0,240.6
2019-01-16T07:56:21,35.2,177.8,230.1,1.8,510.0,241.5
2019-01-16T07:56:52,35.3,197.3,227.7,1.6,510.0,241.5
2019-01-16T07:57:23,35.3,174.8,233.6,1.9,520.0,240.6
2019-01-16T07:57:54,35.3,180.7,222.4,1.9,530.0,242.5
2019-01-16T07:58:25,35.4,181.9,225.4,1.9,530.0,240.6
2019-01-16T07:58:56,35.4,174.8,231.9,2.0,540.0,240.6
2019-01-16T07:59:27,35.4,181.3,223.0,2.0,550.0,244.4
2019-01-16T07:59:58,35.5,181.9,233.6,2.0,550.0,245.4
2019-01-16T08:00:29,35.5,183.7,225.9,2.0,560.0,244.4
2019-01-16T08:01:00,35.6,174.8,222.4,2.1,570.0,246.4
2019-01-16T08:01:31,35.6,181.9,229.5,2.2,570.0,245.4
2019-01-16T08:02:02,35.6,177.8,229.5,2.2,580.0,245.4
2019-01-16T08:02:33,35.7,179.5,224.2,1.8,590.0,245.4
2019-01-16T08:03:04,35.7,167.7,237.2,1.0,590.0,243.5
2019-01-16T08:03:35,35.7,196.1,227.1,1.4,600.0,243.5
2019-01-16T08:04:06,35.9,171.9,237.8,2.2,600.0,245.4
2019-01-16T08:04:37,35.9,171.9,220.6,2.2,610.0,245.4
2019-01-16T08:05:08,35.9,179.5,229.5,2.2,620.0,245.4
2019-01-16T08:05:40,36.0,180.7,231.3,2.2,620.0,245.4
2019-01-16T08:06:11,36.0,179.5,234.8,2.3,630.0,245.4
2019-01-16T08:06:42,36.0,174.8,220.0,2.2,640.0,245.4
2019-01-16T08:07:13,36.0,176.0,237.2,2.3,650.0,244.4
2019-01-16T08:07:44,36.1,177.8,221.2,2.2,650.0,246.4
2019-01-16T08:08:15,36.1,181.3,230.1,2.3,660.0,244.4
2019-01-16T08:08:46,36.2,181.9,227.7,2.4,670.0,245.4
2019-01-16T08:09:17,36.2,181.9,223.0,2.3,680.0,245.4
2019-01-16T08:09:48,36.2,181.3,238.4,2.3,690.0,245.4
2019-01-16T08:10:19,36.3,181.9,218.3,2.5,690.0,245.4
2019-01-16T08:10:51,36.3,180.7,226.5,2.3,700.0,246.4
2019-01-16T08:11:22,36.3,180.7,218.3,2.5,710.0,244.4
2019-01-16T08:11:53,36.2,176.6,224.2,2.4,720.0,245.4
2019-01-16T08:12:24,36.2,178.9,218.3,2.4,730.0,244.4
2019-01-16T08:12:55,36.2,176.6,231.3,2.4,730.0,245.4
2019-01-16T08:13:26,36.3,175.4,228.9,2.4,740.0,244.4
2019-01-16T08:13:57,36.3,180.7,234.2,2.5,750.0,246.4
2019-01-16T08:14:28,36.4,176.0,221.2,2.5,760.0,246.4
2019-01-16T08:14:59,36.4,180.7,233.0,2.6,770.0,245.4
2019-01-16T08:15:30,36.4,177.8,220.6,2.5,780.0,245.4
2019-01-16T08:16:02,36.5,175.4,225.9,2.7,780.0,244.4
2019-01-16T08:16:33,36.5,181.9,232.4,2.6,790.0,246.4
2019-01-16T08:17:04,36.7,182.5,223.0,2.6,800.0,247.3
2019-01-16T08:17:35,36.7,180.7,234.8,2.7,810.0,246.4
2019-01-16T08:18:06,36.7,181.9,224.2,2.7,820.0,245.4
2019-01-16T08:18:37,36.8,189.0,222.4,2.5,830.0,246.4
2019-01-16T08:19:08,36.8,187.2,230.1,2.7,840.0,245.4
2019-01-16T08:19:39,36.8,192.5,225.9,2.8,850.0,246.4
2019-01-16T08:20:10,36.8,191.3,225.4,2.7,860.0,245.4
2019-01-16T08:20:41,36.9,186.6,222.4,2.8,870.0,246.4
2019-01-16T08:21:13,36.9,191.9,223.6,2.7,880.0,247.3
2019-01-16T08:21:44,36.9,187.8,230.1,2.8,890.0,246.4
2019-01-16T08:22:15,36.9,191.9,220.6,2.8,900.0,246.4
2019-01-16T08:22:46,37.0,184.8,234.2,2.9,910.0,246.4
2019-01-16T08:23:17,37.0,187.2,216.5,3.0,920.0,245.4
2019-01-16T08:23:48,37.1,187.8,237.2,3.1,930.0,246.4
2019-01-16T08:24:19,37.1,177.8,243.7,2.4,930.0,243.5
2019-01-16T08:24:50,37.1,177.8,235.4,1.1,940.0,242.5
2019-01-16T08:25:21,37.1,190.8,231.3,2.9,950.0,245.4
2019-01-16T08:25:53,37.1,187.2,232.4,3.0,960.0,244.4
2019-01-16T08:26:24,37.2,189.6,228.3,3.0,970.0,246.4
2019-01-16T08:26:55,37.2,193.7,221.8,2.8,980.0,245.4
2019-01-16T08:27:26,37.2,195.5,230.7,2.4,990.0,247.3
2019-01-16T08:27:57,37.4,196.7,221.2,2.9,1000.0,246.4
2019-01-16T08:28:28,37.4,203.2,232.4,2.9,1010.0,246.4
2019-01-16T08:28:59,37.5,197.3,230.7,3.1,1020.0,244.4
2019-01-16T08:29:30,37.4,202.0,218.3,3.0,1030.0,243.5
2019-01-16T08:30:01,37.5,201.4,230.7,3.1,1040.0,243.5
2019-01-16T08:30:33,37.6,200.8,229.5,3.1,1050.0,241.5
2019-01-16T08:31:04,37.6,200.8,222.4,3.1,1060.0,242.5
2019-01-16T08:31:35,37.6,202.6,223.6,3.0,1070.0,242.5
2019-01-16T08:32:06,37.6,201.4,233.0,3.0,1080.0,244.4
2019-01-16T08:32:37,37.7,198.4,223.6,3.0,1090.0,243.5
2019-01-16T08:33:08,37.7,201.4,222.4,2.9,1100.0,241.5
2019-01-16T08:33:39,37.7,195.5,230.1,3.0,1110.0,244.4
2019-01-16T08:34:10,37.8,197.8,222.4,3.1,1120.0,243.5
2019-01-16T08:34:41,37.8,200.2,223.6,3.0,1130.0,243.5
2019-01-16T08:35:12,37.9,195.5,223.6,3.1,1150.0,244.4
2019-01-16T08:35:44,37.9,195.5,232.4,3.1,1160.0,243.5
2019-01-16T08:36:15,37.9,194.3,225.9,3.2,1170.0,244.4
2019-01-16T08:36:46,37.9,194.9,216.5,3.2,1180.0,243.5
2019-01-16T08:37:17,38.0,199.6,225.4,3.1,1190.0,242.5
2019-01-16T08:37:48,38.0,212.0,229.5,3.0,1200.0,243.5
2019-01-16T08:38:19,38.0,206.1,225.4,3.3,1210.0,243.5
2019-01-16T08:38:50,38.0,203.7,222.4,3.3,1220.0,244.4
2019-01-16T08:39:21,38.2,207.9,226.5,3.3,1230.0,244.4
2019-01-16T08:39:52,38.2,207.3,229.5,3.2,1250.0,244.4
2019-01-16T08:40:23,38.2,206.7,218.8,3.2,1260.0,244.4
2019-01-16T08:40:55,38.3,204.9,230.7,3.3,1270.0,244.4
2019-01-16T08:41:26,38.3,215.6,227.1,3.0,1280.0,244.4
2019-01-16T08:41:57,38.3,211.4,219.4,3.2,1290.0,244.4
2019-01-16T08:42:28,38.3,207.9,223.6,3.5,1300.0,243.5
2019-01-16T08:42:59,38.3,199.6,233.6,3.4,1320.0,243.5
2019-01-16T08:43:30,38.4,210.2,223.0,3.2,1330.0,243.5
2019-01-16T08:44:01,38.4,214.4,220.0,2.9,1340.0,244.4
2019-01-16T08:44:32,38.4,216.7,227.7,3.0,1350.0,246.4
2019-01-16T08:45:03,38.4,219.1,219.4,2.8,1360.0,244.4
2019-01-16T08:45:35,38.3,217.9,233.0,2.7,1370.0,244.4
2019-01-16T08:46:06,38.3,222.7,230.1,2.6,1390.0,246.4
2019-01-16T08:46:37,38.3,225.0,218.8,2.4,1400.0,248.3
2019-01-16T08:47:08,38.3,223.2,231.3,2.3,1410.0,248.3
2019-01-16T08:47:39,38.3,221.5,215.3,2.5,1420.0,248.3
2019-01-16T08:48:10,38.3,223.2,218.8,2.5,1430.0,247.3
2019-01-16T08:48:41,38.3,220.3,225.4,2.5,1440.0,247.3
2019-01-16T08:49:12,38.4,203.7,221.2,3.4,1450.0,248.3
2019-01-16T08:49:43,38.4,199.0,230.7,3.6,1460.0,244.4
2019-01-16T08:50:14,38.4,199.0,221.2,3.5,1470.0,245.4
2019-01-16T08:50:46,38.5,197.8,221.8,3.6,1490.0,245.4
2019-01-16T08:51:17,38.6,199.0,228.9,3.6,1500.0,246.4
2019-01-16T08:51:48,38.6,197.8,225.9,3.7,1510.0,246.4
2019-01-16T08:52:19,38.7,198.4,217.7,3.6,1520.0,245.4
2019-01-16T08:52:50,38.7,194.3,220.0,3.7,1540.0,245.4
2019-01-16T08:53:21,38.7,195.5,230.7,3.8,1550.0,246.4
2019-01-16T08:53:52,38.9,194.9,225.4,3.7,1560.0,246.4
2019-01-16T08:54:23,38.9,196.7,218.3,3.8,1570.0,245.4
2019-01-16T08:54:54,39.0,192.5,227.7,3.7,1590.0,246.4
2019-01-16T08:55:25,39.0,194.3,225.4,3.8,1600.0,245.4
2019-01-16T08:55:57,39.0,196.7,217.1,3.8,1610.0,246.4
2019-01-16T08:56:28,39.0,196.1,227.1,3.9,1630.0,246.4
2019-01-16T08:56:59,39.1,194.9,222.4,3.9,1640.0,247.3
2019-01-16T08:57:30,39.1,191.9,216.5,4.0,1650.0,245.4
2019-01-16T08:58:01,39.1,198.4,223.6,3.9,1670.0,246.4
2019-01-16T08:58:32,39.2,193.7,230.1,4.0,1680.0,246.4
2019-01-16T08:59:03,39.2,191.9,218.8,3.9,1690.0,245.4
2019-01-16T08:59:34,39.2,197.3,220.0,3.9,1710.0,245.4
2019-01-16T09:00:05,39.2,191.9,230.1,4.0,1720.0,245.4
2019-01-16T09:00:37,39.3,196.7,224.2,4.0,1730.0,246.4
2019-01-16T09:01:08,39.3,193.7,215.3,4.2,1750.0,246.4
2019-01-16T09:01:39,39.3,196.1,217.7,4.0,1760.0,246.4
2019-01-16T09:02:10,39.4,191.9,227.7,4.2,1770.0,246.4
2019-01-16T09:02:41,39.4,194.9,224.2,4.1,1790.0,246.4
2019-01-16T09:03:12,39.5,191.3,216.5,4.1,1800.0,245.4
2019-01-16T09:03:43,39.5,196.7,218.8,4.1,1820.0,246.4
2019-01-16T09:04:14,39.5,190.8,228.3,4.1,1830.0,245.4
2019-01-16T09:04:45,39.7,190.8,219.4,4.1,1840.0,245.4
2019-01-16T09:05:16,39.7,191.3,220.6,4.3,1860.0,245.4
2019-01-16T09:05:48,39.7,194.9,222.4,4.1,1870.0,245.4
2019-01-16T09:06:19,39.8,196.1,217.1,4.1,1890.0,244.4
2019-01-16T09:06:50,39.8,193.1,218.3,4.2,1900.0,246.4
2019-01-16T09:07:21,39.8,191.9,228.3,4.4,1910.0,246.4
2019-01-16T09:07:52,39.8,194.9,225.4,4.3,1930.0,246.4
2019-01-16T09:08:23,39.8,190.8,219.4,4.4,1940.0,248.3
2019-01-16T09:08:54,39.9,190.8,216.5,4.3,1960.0,250.2
2019-01-16T09:09:25,39.9,194.3,226.5,4.2,1970.0,248.3
2019-01-16T09:09:56,39.9,192.5,221.2,4.4,1990.0,247.3
2019-01-16T09:10:27,40.0,191.3,217.1,4.3,2000.0,248.3
2019-01-16T09:10:59,40.0,190.2,223.6,4.4,2010.0,248.3
2019-01-16T09:11:30,40.0,191.9,220.6,4.4,2030.0,249.3
2019-01-16T09:12:01,40.0,189.6,214.7,4.5,2040.0,248.3
2019-01-16T09:12:32,40.1,194.3,224.2,4.3,2060.0,248.3
2019-01-16T09:13:03,40.1,192.5,220.6,4.5,2070.0,248.3
2019-01-16T09:13:34,40.1,189.0,213.5,4.4,2090.0,247.3
2019-01-16T09:14:05,40.2,194.3,217.1,4.4,2100.0,248.3
2019-01-16T09:14:36,40.2,196.7,215.9,4.3,2120.0,247.3
2019-01-16T09:15:07,40.4,194.9,218.3,4.5,2130.0,248.3
2019-01-16T09:15:39,40.4,195.5,217.1,4.4,2150.0,247.3
2019-01-16T09:16:10,40.4,194.9,219.4,4.4,2160.0,248.3
2019-01-16T09:16:41,40.5,194.9,224.2,4.4,2180.0,248.3
2019-01-16T09:17:12,40.5,187.8,223.6,4.6,2190.0,249.3
2019-01-16T09:17:43,40.5,193.7,217.7,4.4,2210.0,249.3
2019-01-16T09:18:15,40.6,191.9,215.3,4.5,2220.0,250.2
2019-01-16T09:18:46,40.6,196.1,225.4,4.3,2240.0,249.3
2019-01-16T09:19:17,40.7,173.0,220.6,4.9,2250.0,249.3
2019-01-16T09:19:48,40.7,180.1,211.2,4.8,2270.0,249.3
2019-01-16T09:20:19,40.7,172.4,219.4,5.0,2280.0,249.3
2019-01-16T09:20:50,40.7,187.8,223.6,4.8,2300.0,248.3
2019-01-16T09:21:22,40.8,191.9,219.4,4.7,2320.0,248.3
2019-01-16T09:21:53,40.8,190.2,218.8,4.4,2330.0,248.3
2019-01-16T09:22:24,40.8,189.0,220.6,4.7,2350.0,248.3
2019-01-16T09:22:55,40.8,190.2,215.3,4.3,2360.0,247.3
2019-01-16T09:23:26,40.9,177.8,225.4,4.9,2380.0,249.3
2019-01-16T09:23:57,40.9,176.6,223.0,5.0,2390.0,248.3
2019-01-16T09:24:28,40.9,179.5,215.3,4.9,2410.0,249.3
2019-01-16T09:24:59,41.0,177.8,212.3,5.0,2420.0,248.3
2019-01-16T09:25:30,41.0,173.6,219.4,5.2,2440.0,248.3
2019-01-16T09:26:01,41.0,182.5,229.5,4.8,2450.0,248.3
2019-01-16T09:26:32,41.0,173.0,214.7,5.1,2470.0,248.3
2019-01-16T09:27:03,41.2,176.6,214.7,5.1,2490.0,248.3
2019-01-16T09:27:34,41.2,177.8,221.2,5.0,2500.0,247.3
2019-01-16T09:28:05,41.3,177.8,217.1,5.0,2520.0,248.3
2019-01-16T09:28:36,41.3,178.9,218.8,5.0,2530.0,248.3
2019-01-16T09:29:07,41.3,173.6,210.0,5.1,2550.0,246.4
2019-01-16T09:29:38,41.3,176.0,214.1,5.1,2570.0,246.4
2019-01-16T09:30:09,41.4,172.4,220.0,5.2,2580.0,245.4
2019-01-16T09:30:41,41.4,177.2,212.3,5.2,2600.0,246.4
2019-01-16T09:31:12,41.4,176.6,214.1,5.1,2610.0,246.4
2019-01-16T09:31:43,41.5,176.6,219.4,5.2,2630.0,246.4
2019-01-16T09:32:14,41.5,171.3,220.0,5.4,2650.0,247.3
2019-01-16T09:32:45,41.5,175.4,212.3,5.3,2660.0,248.3
2019-01-16T09:33:16,41.5,174.8,214.1,5.2,2680.0,248.3
2019-01-16T09:33:47,41.5,178.9,214.7,5.2,2700.0,247.3
2019-01-16T09:34:18,41.5,171.3,223.6,5.4,2710.0,246.4
2019-01-16T09:34:49,41.5,177.8,215.9,5.3,2730.0,246.4
2019-01-16T09:35:20,41.5,173.0,209.4,5.5,2740.0,246.4
2019-01-16T09:35:52,41.6,179.5,215.3,5.2,2760.0,247.3
2019-01-16T09:36:23,41.6,171.9,221.8,5.4,2780.0,248.3
2019-01-16T09:36:54,41.6,175.4,218.8,5.4,2790.0,247.3
2019-01-16T09:37:25,41.7,176.6,213.5,5.4,2810.0,248.3
2019-01-16T09:37:56,41.7,170.7,211.2,5.6,2830.0,249.3
2019-01-16T09:38:27,41.7,177.8,219.4,5.3,2840.0,248.3
2019-01-16T09:38:58,41.7,173.0,221.8,5.5,2860.0,248.3
2019-01-16T09:39:29,41.9,170.1,221.8,5.5,2880.0,248.3
2019-01-16T09:40:00,41.9,177.2,217.7,5.3,2900.0,247.3
2019-01-16T09:40:32,42.0,168.3,212.9,5.7,2910.0,247.3
2019-01-16T09:41:03,42.0,174.2,211.2,5.6,2930.0,248.3
2019-01-16T09:41:34,42.0,172.4,211.2,5.5,2950.0,249.3
2019-01-16T09:42:05,42.0,173.0,220.0,5.6,2960.0,248.3
2019-01-16T09:42:36,42.1,173.6,220.6,5.5,2980.0,247.3
2019-01-16T09:43:07,42.1,170.1,213.5,5.7,3000.0,248.3
2019-01-16T09:43:38,42.1,175.4,212.9,5.6,3010.0,248.3
2019-01-16T09:44:09,42.1,168.9,211.2,5.7,3030.0,247.3
2019-01-16T09:44:40,42.2,171.9,218.3,5.7,3050.0,247.3
2019-01-16T09:45:11,42.2,168.9,214.1,5.8,3070.0,247.3
2019-01-16T09:45:43,42.2,168.3,217.7,5.7,3080.0,247.3
2019-01-16T09:46:14,42.2,174.2,207.0,5.5,3100.0,247.3
2019-01-16T09:46:45,42.3,170.1,219.4,5.7,3120.0,247.3
2019-01-16T09:47:16,42.3,173.6,216.5,5.7,3140.0,247.3
2019-01-16T09:47:47,42.2,174.8,213.5,5.7,3150.0,247.3
2019-01-16T09:48:18,42.2,167.1,205.8,5.8,3170.0,249.3
2019-01-16T09:48:49,42.3,172.4,215.3,5.8,3190.0,248.3
2019-01-16T09:49:20,42.3,170.7,219.4,5.8,3200.0,246.4
2019-01-16T09:49:51,42.4,170.7,217.1,5.8,3220.0,249.3
2019-01-16T09:50:22,42.4,168.3,217.7,5.9,3240.0,248.3
2019-01-16T09:50:54,42.4,163.6,212.9,5.9,3260.0,247.3
2019-01-16T09:51:25,42.5,168.3,210.6,5.9,3280.0,248.3
2019-01-16T09:51:56,42.5,173.6,208.2,5.7,3290.0,248.3
2019-01-16T09:52:27,42.4,165.9,211.2,6.0,3310.0,248.3
2019-01-16T09:52:58,42.5,170.7,214.1,5.9,3330.0,247.3
2019-01-16T09:53:29,42.5,174.8,215.9,5.7,3350.0,247.3
2019-01-16T09:54:00,42.5,167.7,217.7,6.1,3360.0,249.3
2019-01-16T09:54:31,42.7,172.4,207.6,5.9,3380.0,248.3
2019-01-16T09:55:02,42.8,172.4,208.2,6.0,3400.0,247.3
2019-01-16T09:55:34,42.8,170.1,211.2,6.0,3420.0,247.3
2019-01-16T09:56:05,42.8,167.7,206.4,6.2,3440.0,247.3
2019-01-16T09:56:36,42.9,168.3,210.0,6.1,3450.0,246.4
2019-01-16T09:57:07,42.9,166.5,212.3,6.1,3470.0,247.3
2019-01-16T09:57:38,43.0,165.4,214.7,6.2,3490.0,248.3
2019-01-16T09:58:09,43.0,174.8,215.3,5.8,3510.0,247.3
2019-01-16T09:58:40,43.0,168.3,210.0,6.2,3530.0,247.3
2019-01-16T09:59:11,43.0,172.4,206.4,6.1,3540.0,247.3
2019-01-16T09:59:42,43.0,173.6,208.2,6.1,3560.0,248.3
2019-01-16T10:00:13,43.1,165.9,210.6,6.3,3580.0,246.4
2019-01-16T10:00:45,43.1,172.4,212.3,6.0,3600.0,247.3
2019-01-16T10:01:16,43.1,167.1,220.0,6.2,3620.0,246.4
2019-01-16T10:01:47,43.1,175.4,218.3,5.9,3640.0,245.4
2019-01-16T10:02:18,43.1,170.1,208.2,6.3,3660.0,245.4
2019-01-16T10:02:49,43.1,171.9,215.3,6.2,3670.0,247.3
2019-01-16T10:03:20,43.2,168.9,211.7,6.2,3690.0,245.4
2019-01-16T10:03:51,43.2,165.9,216.5,6.3,3710.0,248.3
2019-01-16T10:04:22,43.2,173.6,215.3,6.2,3730.0,247.3
2019-01-16T10:04:53,43.4,171.3,208.8,6.3,3750.0,246.4
2019-01-16T10:05:24,43.4,166.5,208.2,6.3,3770.0,246.4
2019-01-16T10:05:56,43.4,164.2,206.4,6.4,3790.0,246.4
2019-01-16T10:06:27,43.4,164.2,216.5,6.5,3810.0,245.4
2019-01-16T10:06:58,43.5,165.4,215.3,6.4,3830.0,245.4
2019-01-16T10:07:29,43.5,164.8,214.1,6.5,3840.0,246.4
2019-01-16T10:08:00,43.5,168.3,215.9,6.3,3860.0,246.4
2019-01-16T10:08:31,43.6,171.9,215.3,6.2,3880.0,247.3
2019-01-16T10:09:02,43.5,168.9,211.2,6.5,3900.0,246.4
2019-01-16T10:09:33,43.6,165.9,212.3,6.6,3920.0,245.4
2019-01-16T10:10:04,43.6,170.7,211.2,6.4,3940.0,244.4
2019-01-16T10:10:36,43.6,173.0,214.7,6.2,3960.0,245.4
2019-01-16T10:11:07,43.7,166.5,214.1,6.6,3980.0,245.4
2019-01-16T10:11:38,43.7,168.3,208.2,6.5,4000.0,245.4
2019-01-16T10:12:09,43.7,167.7,208.8,6.5,4020.0,245.4
2019-01-16T10:12:40,43.7,168.3,211.7,6.6,4040.0,245.4
2019-01-16T10:13:11,43.8,165.9,213.5,6.5,4060.0,245.4
2019-01-16T10:13:42,43.8,171.9,214.1,6.3,4070.0,244.4
2019-01-16T10:14:13,43.8,167.7,211.2,6.7,4090.0,246.4
2019-01-16T10:14:44,43.8,170.1,211.2,6.5,4110.0,246.4
2019-01-16T10:15:15,43.9,163.6,217.1,6.6,4130.0,244.4
2019-01-16T10:15:47,43.9,165.9,212.3,6.6,4150.0,245.4
2019-01-16T10:16:18,43.9,171.3,217.1,6.4,4170.0,246.4
2019-01-16T10:16:49,43.9,169.5,211.2,6.5,4190.0,246.4
2019-01-16T10:17:20,43.9,167.7,201.7,6.7,4210.0,247.3
2019-01-16T10:17:51,44.0,172.4,208.2,6.4,4230.0,247.3
2019-01-16T10:18:22,44.0,164.8,210.6,6.3,4250.0,244.4
2019-01-16T10:18:53,44.0,160.0,217.7,6.5,4270.0,246.4
2019-01-16T10:19:24,44.2,157.7,212.9,6.6,4290.0,245.4
2019-01-16T10:19:55,44.2,165.9,205.2,6.8,4310.0,246.4
2019-01-16T10:20:26,44.2,174.2,210.6,6.3,4330.0,246.4
2019-01-16T10:20:58,44.2,172.4,205.2,6.4,4350.0,245.4
2019-01-16T10:21:29,44.3,173.6,204.1,6.0,4370.0,246.4
2019-01-16T10:22:00,44.3,168.3,207.0,6.0,4390.0,246.4
2019-01-16T10:22:31,44.3,159.4,209.4,6.7,4410.0,246.4
2019-01-16T10:23:02,44.4,159.4,215.3,6.7,4430.0,246.4
2019-01-16T10:23:33,44.4,160.6,211.2,6.6,4440.0,246.4
2019-01-16T10:24:04,44.4,157.7,208.8,6.7,4460.0,247.3
2019-01-16T10:24:35,44.3,156.5,203.5,6.8,4480.0,245.4
2019-01-16T10:25:06,44.0,158.9,202.9,6.7,4500.0,248.3
2019-01-16T10:25:38,44.0,156.5,202.9,6.8,4520.0,246.4
2019-01-16T10:26:09,44.0,152.4,201.1,7.0,4540.0,247.3
2019-01-16T10:26:40,44.2,151.2,202.9,7.0,4560.0,247.3
2019-01-16T10:27:11,44.3,156.5,202.3,7.0,4580.0,247.3
2019-01-16T10:27:42,44.4,155.9,206.4,6.9,4600.0,246.4
2019-01-16T10:28:14,44.4,156.5,209.4,6.9,4620.0,247.3
2019-01-16T10:28:45,44.4,157.7,209.4,6.7,4640.0,246.4
2019-01-16T10:29:16,44.2,160.6,212.3,6.7,4660.0,246.4
2019-01-16T10:29:47,44.3,155.9,204.6,6.8,4680.0,246.4
2019-01-16T10:30:18,44.4,157.1,207.0,6.8,4700.0,246.4
2019-01-16T10:30:49,44.5,158.9,208.8,6.8,4720.0,247.3
2019-01-16T10:31:21,44.5,152.4,207.6,6.9,4740.0,246.4
2019-01-16T10:31:52,44.6,156.5,203.5,7.0,4760.0,246.4
2019-01-16T10:32:23,44.6,152.9,203.5,7.1,4780.0,246.4
2019-01-16T10:32:54,44.5,148.8,202.9,7.3,4800.0,246.4
2019-01-16T10:33:25,44.6,157.7,201.1,6.8,4820.0,245.4
2019-01-16T10:33:56,44.6,155.3,202.3,7.0,4840.0,245.4
2019-01-16T10:34:27,44.6,155.3,210.6,7.0,4860.0,246.4
2019-01-16T10:34:58,44.5,151.8,208.2,7.0,4880.0,246.4
2019-01-16T10:35:29,44.5,156.5,207.0,6.8,4890.0,245.4
2019-01-16T10:36:00,44.6,158.3,203.5,6.6,4910.0,246.4
2019-01-16T10:36:31,44.7,153.5,201.7,7.0,4930.0,247.3
2019-01-16T10:37:02,44.6,140.0,207.6,7.4,4950.0,245.4
2019-01-16T10:37:33,44.7,144.1,207.0,7.2,4970.0,245.4
2019-01-16T10:38:04,44.9,140.5,204.1,7.3,4990.0,246.4
2019-01-16T10:38:35,44.9,142.9,197.0,7.3,5010.0,247.3
2019-01-16T10:39:06,44.9,140.0,202.3,7.4,5030.0,246.4
2019-01-16T10:39:37,44.9,141.1,200.5,7.4,5050.0,245.4
2019-01-16T10:40:08,45.0,147.0,203.5,7.0,5070.0,246.4
2019-01-16T10:40:40,45.0,147.6,205.2,7.1,5090.0,245.4
2019-01-16T10:41:11,45.1,147.0,205.8,7.2,5110.0,244.4
2019-01-16T10:41:42,45.0,142.9,206.4,7.3,5130.0,247.3
2019-01-16T10:42:13,45.1,158.3,210.0,7.0,5150.0,245.4
2019-01-16T10:42:44,45.1,148.8,210.6,7.2,5170.0,247.3
2019-01-16T10:43:15,45.1,147.0,208.8,7.4,5190.0,249.3
2019-01-16T10:43:46,45.2,143.5,205.2,7.3,5210.0,249.3
2019-01-16T10:44:17,45.2,144.7,208.8,7.3,5230.0,249.3
2019-01-16T10:44:48,45.2,154.1,211.7,7.3,5250.0,250.2
2019-01-16T10:45:19,45.2,150.6,205.8,7.0,5270.0,249.3
2019-01-16T10:45:51,45.3,155.3,204.1,6.6,5290.0,249.3
2019-01-16T10:46:22,45.3,151.8,207.0,7.0,5310.0,249.3
2019-01-16T10:46:53,45.3,155.3,205.2,7.3,5330.0,248.3
2019-01-16T10:47:24,45.3,151.2,210.6,7.5,5350.0,248.3
2019-01-16T10:47:55,45.4,140.0,210.0,7.5,5370.0,248.3
2019-01-16T10:48:26,45.4,145.9,205.2,7.3,5390.0,248.3
2019-01-16T10:48:57,45.4,142.9,205.8,7.4,5410.0,249.3
2019-01-16T10:49:28,45.4,147.0,204.6,7.3,5430.0,249.3
2019-01-16T10:49:59,45.4,160.6,204.6,6.9,5450.0,249.3
2019-01-16T10:50:30,45.4,150.0,205.2,7.1,5470.0,248.3
2019-01-16T10:51:02,45.5,142.3,205.2,7.5,5490.0,247.3
2019-01-16T10:51:33,45.7,138.8,201.1,7.6,5510.0,249.3
2019-01-16T10:52:04,45.7,150.6,201.7,7.5,5530.0,248.3
2019-01-16T10:52:35,45.7,152.4,199.9,7.0,5560.0,250.2
2019-01-16T10:53:06,45.8,143.5,204.1,7.6,5580.0,247.3
2019-01-16T10:53:37,45.8,144.1,207.6,7.5,5600.0,250.2
2019-01-16T10:54:08,45.9,145.3,207.6,7.5,5620.0,249.3
2019-01-16T10:54:39,45.9,145.9,202.3,7.3,5640.0,248.3
2019-01-16T10:55:10,45.9,142.9,207.6,7.6,5660.0,248.3
2019-01-16T10:55:41,46.0,141.7,209.4,7.5,5680.0,249.3
2019-01-16T10:56:13,46.0,140.5,211.2,7.6,5700.0,248.3
2019-01-16T10:56:44,46.0,140.0,205.8,7.7,5720.0,250.2
2019-01-16T10:57:15,46.1,148.8,205.8,7.5,5740.0,249.3
2019-01-16T10:57:46,46.1,149.4,200.5,7.3,5760.0,249.3
2019-01-16T10:58:17,46.1,149.4,200.5,7.0,5780.0,249.3
2019-01-16T10:58:48,46.1,144.7,197.5,7.5,5800.0,248.3
2019-01-16T10:59:19,0.0,0.0,0.0,0.0,0.0,0.0
2019-01-16T10:59:50,46.2,142.9,198.1,7.6,5840.0,249.3
2019-01-16T11:00:21,46.2,135.2,197.0,7.9,5860.0,249.3
2019-01-16T11:00:52,46.2,141.7,200.5,7.7,5880.0,249.3
2019-01-16T11:01:24,46.4,142.9,205.8,7.6,5900.0,248.3
2019-01-16T11:01:55,46.4,137.6,208.2,8.0,5930.0,248.3
2019-01-16T11:02:26,46.5,138.2,208.2,7.9,5950.0,248.3
2019-01-16T11:02:57,46.5,136.4,205.8,8.0,5970.0,251.2
2019-01-16T11:03:28,46.5,151.8,204.6,7.1,5990.0,248.3
2019-01-16T11:03:59,46.5,144.1,199.9,7.7,6010.0,249.3
2019-01-16T11:04:30,46.6,140.5,198.7,7.9,6030.0,249.3
2019-01-16T11:05:01,46.6,155.9,197.0,7.5,6050.0,248.3
2019-01-16T11:05:32,46.6,140.5,201.1,7.9,6070.0,248.3
2019-01-16T11:06:04,46.6,144.1,199.9,7.4,6090.0,247.3
2019-01-16T11:06:35,0.0,0.0,0.0,0.0,0.0,0.0
2019-01-16T11:07:06,46.7,149.4,208.8,7.3,6130.0,248.3
2019-01-16T11:07:37,46.7,151.2,211.7,7.3,6150.0,247.3
2019-01-16T11:08:08,46.7,154.1,208.2,7.6,6180.0,248.3
2019-01-16T11:08:39,46.7,144.1,208.2,8.0,6200.0,249.3
2019-01-16T11:09:10,46.7,144.7,208.8,7.7,6220.0,249.3
2019-01-16T11:09:41,0.0,0.0,0.0,0.0,0.0,0.0
2019-01-16T11:10:12,46.8,145.9,203.5,8.0,6260.0,248.3
2019-01-16T11:10:43,0.0,0.0,0.0,0.0,0.0,0.0
2019-01-16T11:11:15,46.7,142.9,202.9,7.7,6300.0,249.3
2019-01-16T11:11:46,46.7,141.1,205.8,8.0,6320.0,249.3
2019-01-16T11:12:17,46.7,145.9,201.1,7.6,6340.0,248.3
2019-01-16T11:12:48,46.8,140.0,202.9,7.5,6370.0,247.3
2019-01-16T11:13:19,46.8,138.8,201.1,7.6,6390.0,248.3
2019-01-16T11:13:50,46.8,132.3,198.7,7.9,6410.0,248.3
2019-01-16T11:14:21,46.8,134.0,200.5,8.3,6430.0,250.2
2019-01-16T11:14:52,46.9,134.6,204.6,8.2,6450.0,249.3
2019-01-16T11:15:23,46.9,152.4,208.8,6.7,6470.0,249.3
2019-01-16T11:15:54,46.9,131.7,208.2,8.2,6490.0,248.3
2019-01-16T11:16:26,46.8,128.1,207.0,8.2,6510.0,248.3
2019-01-16T11:16:57,46.7,130.5,205.2,8.2,6530.0,249.3
2019-01-16T11:17:28,46.7,132.3,207.0,8.1,6550.0,250.2
2019-01-16T11:17:59,46.8,132.9,204.6,8.1,6580.0,249.3
2019-01-16T11:18:30,46.7,136.4,202.3,7.9,6600.0,249.3
2019-01-16T11:19:01,46.7,139.4,203.5,7.7,6620.0,249.3
2019-01-16T11:19:32,0.0,0.0,0.0,0.0,0.0,0.0
2019-01-16T11:20:03,46.6,134.6,200.5,8.1,6660.0,248.3
2019-01-16T11:20:34,46.7,136.4,202.3,7.8,6680.0,249.3
2019-01-16T11:21:06,46.7,139.4,198.7,7.7,6700.0,249.3
2019-01-16T11:21:37,46.8,137.0,199.3,7.9,6720.0,248.3
2019-01-16T11:22:08,46.9,140.0,201.7,7.7,6740.0,247.3
2019-01-16T11:22:39,46.9,134.6,204.6,8.0,6770.0,248.3
2019-01-16T11:23:10,47.0,147.0,202.9,7.7,6790.0,248.3
2019-01-16T11:23:41,47.0,132.3,204.6,8.1,6810.0,248.3
2019-01-16T11:24:12,47.0,136.4,208.8,7.9,6830.0,249.3
2019-01-16T11:24:43,47.2,134.6,207.6,8.0,6850.0,249.3
2019-01-16T11:25:14,47.2,142.9,205.2,8.0,6870.0,249.3
2019-01-16T11:25:46,47.2,132.3,204.6,8.1,6890.0,249.3
2019-01-16T11:26:17,47.2,134.0,204.6,8.2,6910.0,249.3
2019-01-16T11:26:48,47.3,137.0,198.7,7.9,6940.0,249.3
2019-01-16T11:27:19,47.3,139.4,198.7,7.6,6960.0,249.3
2019-01-16T11:27:50,47.3,132.9,205.2,8.2,6980.0,249.3
2019-01-16T11:28:21,47.4,138.2,198.1,7.7,7000.0,249.3
2019-01-16T11:28:52,0.0,0.0,0.0,0.0,0.0,0.0
2019-01-16T11:29:23,47.4,155.3,205.8,7.1,7040.0,249.3
2019-01-16T11:29:54,47.4,161.8,201.7,6.1,7060.0,249.3
2019-01-16T11:30:25,47.4,155.9,203.5,5.6,7080.0,248.3
2019-01-16T11:30:57,47.5,135.2,207.6,8.0,7110.0,248.3
2019-01-16T11:31:28,47.5,137.6,199.9,7.9,7130.0,249.3
2019-01-16T11:31:59,47.5,138.8,202.9,7.8,7150.0,248.3
2019-01-16T11:32:30,47.6,130.5,205.2,8.4,7170.0,248.3
2019-01-16T11:33:01,47.6,135.2,207.6,8.5,7190.0,250.2
2019-01-16T11:33:32,47.6,128.7,205.8,8.5,7210.0,248.3
2019-01-16T11:34:03,47.6,135.8,201.1,8.5,7230.0,248.3
2019-01-16T11:34:34,47.7,129.9,201.1,8.4,7260.0,248.3
2019-01-16T11:35:05,47.7,133.5,201.7,8.1,7280.0,249.3
2019-01-16T11:35:37,47.7,134.0,198.7,8.2,7300.0,250.2
2019-01-16T11:36:08,47.4,130.5,201.7,8.3,7320.0,249.3
2019-01-16T11:36:39,47.4,129.9,201.1,8.3,7340.0,249.3
2019-01-16T11:37:10,47.4,129.9,202.3,8.5,7360.0,249.3
2019-01-16T11:37:41,0.0,0.0,0.0,0.0,0.0,0.0
2019-01-16T11:38:12,47.6,131.1,206.4,8.3,7410.0,249.3
2019-01-16T11:38:43,47.6,134.6,206.4,8.1,7430.0,249.3
2019-01-16T11:39:14,47.7,134.0,199.9,8.1,7450.0,248.3
2019-01-16T11:39:45,47.7,128.7,200.5,8.4,7470.0,249.3
2019-01-16T11:40:16,47.7,140.0,202.3,7.8,7490.0,248.3
2019-01-16T11:40:48,47.9,144.1,201.7,7.6,7510.0,249.3
2019-01-16T11:41:19,47.9,134.6,206.4,8.2,7540.0,248.3
2019-01-16T11:41:50,47.9,132.9,204.6,8.3,7560.0,248.3
2019-01-16T11:42:21,47.9,130.5,202.9,8.6,7580.0,248.3
2019-01-16T11:42:52,0.0,0.0,0.0,0.0,0.0,0.0
2019-01-16T11:43:23,48.0,148.8,200.5,8.4,7620.0,248.3
2019-01-16T11:43:54,48.0,155.9,200.5,5.6,7640.0,247.3
2019-01-16T11:44:25,48.0,129.9,199.3,8.4,7660.0,248.3
2019-01-16T11:44:56,48.0,137.6,199.9,7.9,7690.0,247.3
2019-01-16T11:45:27,48.1,134.6,199.3,8.2,7710.0,248.3
2019-01-16T11:45:59,0.0,0.0,0.0,0.0,0.0,0.0
2019-01-16T11:46:30,48.1,130.5,195.2,8.5,7750.0,247.3
2019-01-16T11:47:01,48.1,128.7,195.8,8.5,7770.0,249.3
2019-01-16T11:47:32,48.0,131.7,199.9,8.4,7790.0,247.3
2019-01-16T11:48:03,48.0,131.1,198.1,8.5,7820.0,248.3
2019-01-16T11:48:34,47.9,129.9,198.7,8.5,7840.0,248.3
2019-01-16T11:49:05,48.0,135.2,204.6,8.1,7860.0,248.3
2019-01-16T11:49:36,48.0,127.5,202.9,8.5,7880.0,247.3
2019-01-16T11:50:07,48.1,133.5,205.2,8.3,7900.0,246.4
2019-01-16T11:50:39,48.1,129.9,202.3,8.4,7920.0,246.4
2019-01-16T11:51:10,48.2,135.2,203.5,8.0,7950.0,247.3
2019-01-16T11:51:41,48.2,134.6,204.6,8.1,7970.0,246.4
2019-01-16T11:52:12,48.3,130.5,203.5,8.4,7990.0,246.4
2019-01-16T11:52:43,48.3,129.3,199.3,8.5,8010.0,247.3
2019-01-16T11:53:14,0.0,0.0,0.0,0.0,0.0,0.0
2019-01-16T11:53:45,48.4,134.6,198.7,8.1,8050.0,246.4
2019-01-16T11:54:16,48.4,130.5,197.5,8.4,8070.0,249.3
2019-01-16T11:54:47,48.5,125.8,192.2,8.6,8100.0,247.3
2019-01-16T11:55:18,48.5,129.9,193.4,8.4,8120.0,246.4
2019-01-16T11:55:50,48.5,134.0,194.0,8.2,8140.0,247.3
2019-01-16T11:56:21,48.7,129.9,203.5,8.5,8160.0,247.3
2019-01-16T11:56:52,48.7,129.9,197.5,8.3,8180.0,247.3
2019-01-16T11:57:23,0.0,0.0,0.0,0.0,0.0,0.0
2019-01-16T11:57:54,48.8,132.3,193.4,8.3,8220.0,247.3
2019-01-16T11:58:25,0.0,0.0,0.0,0.0,0.0,0.0
2019-01-16T11:58:56,48.8,132.9,196.4,8.2,8270.0,247.3
2019-01-16T11:59:27,48.8,127.5,190.4,8.5,8290.0,247.3
2019-01-16T11:59:58,48.8,126.4,191.0,8.5,8310.0,247.3
2019-01-16T12:00:29,48.8,132.3,194.6,7.6,8330.0,247.3
2019-01-16T12:01:01,48.8,137.6,191.0,7.5,8350.0,247.3
2019-01-16T12:01:32,48.7,136.4,191.0,7.5,8370.0,247.3
2019-01-16T12:02:03,48.8,133.5,194.0,7.5,8390.0,247.3
2019-01-16T12:02:34,48.8,142.3,197.5,6.6,8410.0,247.3
2019-01-16T12:03:05,48.8,146.4,196.4,6.0,8430.0,247.3
2019-01-16T12:03:36,48.9,145.9,199.9,5.8,8450.0,247.3
2019-01-16T12:04:07,48.9,150.6,194.0,5.7,8470.0,247.3
2019-01-16T12:04:38,48.9,148.8,192.2,6.1,8490.0,247.3
2019-01-16T12:05:09,48.9,118.7,190.4,8.5,8510.0,247.3
2019-01-16T12:05:40,48.9,115.7,192.2,8.8,8530.0,248.3
2019-01-16T12:06:12,49.0,122.2,198.7,8.3,8560.0,247.3
2019-01-16T12:06:43,49.0,115.1,191.6,8.8,8580.0,249.3
2019-01-16T12:07:14,48.9,116.9,194.0,8.6,8600.0,247.3
2019-01-16T12:07:45,48.9,119.9,195.2,8.6,8620.0,246.4
2019-01-16T12:08:16,48.9,121.6,193.4,8.4,8640.0,248.3
2019-01-16T12:08:47,49.0,119.9,197.0,8.5,8660.0,247.3
2019-01-16T12:09:18,49.0,120.5,198.7,7.6,8680.0,247.3
2019-01-16T12:09:49,49.0,112.8,194.6,9.2,8700.0,247.3
2019-01-16T12:10:20,49.0,126.4,198.7,8.7,8720.0,246.4
2019-01-16T12:10:51,0.0,0.0,0.0,0.0,0.0,0.0
2019-01-16T12:11:23,49.0,125.8,194.6,8.3,8760.0,245.4
2019-01-16T12:11:54,49.1,118.1,196.4,8.8,8780.0,245.4
2019-01-16T12:12:25,49.0,122.2,196.4,8.5,8810.0,244.4
2019-01-16T12:12:56,49.1,119.3,197.5,8.6,8830.0,245.4
2019-01-16T12:13:27,49.1,121.0,202.3,8.5,8850.0,246.4
2019-01-16T12:13:58,49.1,124.0,202.9,8.3,8870.0,245.4
2019-01-16T12:14:29,49.1,119.3,201.7,8.6,8890.0,246.4
2019-01-16T12:15:00,49.1,123.4,200.5,7.5,8910.0,245.4
2019-01-16T12:15:31,49.1,119.9,194.6,8.5,8930.0,245.4
2019-01-16T12:16:03,0.0,0.0,0.0,0.0,0.0,0.0
2019-01-16T12:16:34,48.7,125.8,201.1,8.1,8970.0,244.4
2019-01-16T12:17:05,48.4,118.7,191.6,8.5,8990.0,245.4
2019-01-16T12:17:36,48.4,128.1,199.3,6.8,9020.0,244.4
2019-01-16T12:18:07,48.5,125.8,195.8,8.2,9040.0,242.5
2019-01-16T12:18:38,48.7,124.0,189.9,7.3,9060.0,241.5
2019-01-16T12:19:09,0.0,0.0,0.0,0.0,0.0,0.0
2019-01-16T12:19:40,48.8,106.9,191.6,8.2,9100.0,244.4
2019-01-16T12:20:11,48.8,105.7,195.8,8.5,9120.0,244.4
2019-01-16T12:20:42,48.8,116.3,200.5,8.2,9140.0,243.5
2019-01-16T12:21:14,48.9,123.4,197.0,8.1,9160.0,244.4
2019-01-16T12:21:45,48.9,125.2,197.0,7.8,9180.0,244.4
2019-01-16T12:22:16,0.0,0.0,0.0,0.0,0.0,0.0
2019-01-16T12:22:47,49.0,125.8,194.0,6.5,9220.0,244.4
2019-01-16T12:23:18,0.0,0.0,0.0,0.0,0.0,0.0
2019-01-16T12:23:49,49.0,103.9,194.6,8.4,9260.0,244.4
2019-01-16T12:24:20,49.1,113.4,194.0,7.4,9280.0,245.4
2019-01-16T12:24:51,49.0,111.6,192.2,7.7,9300.0,245.4
2019-01-16T12:25:22,0.0,0.0,0.0,0.0,0.0,0.0
2019-01-16T12:25:53,49.1,111.6,190.4,7.7,9340.0,244.4
2019-01-16T12:26:25,49.1,103.3,189.9,8.4,9360.0,245.4
2019-01-16T12:26:56,49.1,109.8,191.6,7.5,9380.0,245.4
2019-01-16T12:27:27,49.2,108.6,190.4,7.3,9400.0,244.4
2019-01-16T12:27:58,49.1,105.7,192.8,8.4,9420.0,245.4
2019-01-16T12:28:29,49.2,103.3,191.6,6.8,9440.0,246.4
2019-01-16T12:29:00,49.2,123.4,194.6,5.0,9450.0,244.4
2019-01-16T12:29:31,49.2,112.2,191.6,7.4,9470.0,244.4
2019-01-16T12:30:02,0.0,0.0,0.0,0.0,0.0,0.0
2019-01-16T12:30:33,49.1,106.9,196.4,8.0,9510.0,244.4
2019-01-16T12:31:05,48.9,106.9,195.2,6.3,9530.0,242.5
2019-01-16T12:31:36,49.0,102.7,199.9,8.6,9550.0,242.5
2019-01-16T12:32:07,49.0,103.3,201.1,7.7,9570.0,242.5
2019-01-16T12:32:38,49.0,104.5,190.4,5.9,9590.0,242.5
2019-01-16T12:33:09,48.9,127.0,189.3,6.0,9610.0,243.5
2019-01-16T12:33:40,48.8,131.7,189.9,3.4,9620.0,241.5
2019-01-16T12:34:11,48.8,118.1,191.6,4.1,9640.0,242.5
2019-01-16T12:34:42,48.9,103.9,197.5,7.6,9660.0,243.5
2019-01-16T12:35:13,48.9,103.3,202.3,7.8,9680.0,241.5
2019-01-16T12:35:44,48.9,102.7,201.1,7.8,9700.0,242.5
2019-01-16T12:36:16,0.0,0.0,0.0,0.0,0.0,0.0
2019-01-16T12:36:47,49.0,106.9,192.2,6.4,9740.0,241.5
2019-01-16T12:37:18,49.0,109.8,197.0,7.2,9760.0,243.5
2019-01-16T12:37:49,49.0,106.9,201.1,6.7,9780.0,244.4
2019-01-16T12:38:20,49.0,104.5,202.3,7.2,9790.0,243.5
2019-01-16T12:38:51,0.0,0.0,0.0,0.0,0.0,0.0
2019-01-16T12:39:22,49.0,104.5,192.2,7.7,9830.0,243.5
2019-01-16T12:39:53,49.0,104.5,195.2,7.7,9850.0,244.4
2019-01-16T12:40:24,49.0,108.1,195.8,6.9,9870.0,244.4
2019-01-16T12:40:55,49.0,110.4,194.0,5.6,9890.0,247.3
2019-01-16T12:41:27,49.0,107.5,200.5,4.5,9910.0,248.3
2019-01-16T12:41:58,0.0,0.0,0.0,0.0,0.0,0.0
2019-01-16T12:42:29,49.0,111.0,194.6,4.2,9940.0,248.3
2019-01-16T12:43:00,0.0,0.0,0.0,0.0,0.0,0.0
2019-01-16T12:43:31,49.0,112.2,194.6,5.1,9980.0,248.3
2019-01-16T12:44:02,0.0,0.0,0.0,0.0,0.0,0.0
2019-01-16T12:44:33,49.0,103.9,189.9,5.1,10010.0,248.3
2019-01-16T12:45:04,49.0,102.1,194.0,5.4,10030.0,248.3
2019-01-16T12:45:35,0.0,0.0,0.0,0.0,0.0,0.0
2019-01-16T12:46:07,49.0,103.3,194.0,5.3,10070.0,248.3
2019-01-16T12:46:38,0.0,0.0,0.0,0.0,0.0,0.0
2019-01-16T12:47:09,49.0,109.2,195.2,4.7,10100.0,248.3
2019-01-16T12:47:40,49.0,106.3,192.8,4.5,10120.0,248.3
2019-01-16T12:48:11,48.9,103.9,195.8,4.0,10130.0,248.3
2019-01-16T12:48:42,48.9,102.7,186.9,5.5,10150.0,249.3
2019-01-16T12:49:13,0.0,0.0,0.0,0.0,0.0,0.0
2019-01-16T12:49:44,0.0,0.0,0.0,0.0,0.0,0.0
2019-01-16T12:50:15,0.0,0.0,0.0,0.0,0.0,0.0
2019-01-16T12:50:47,48.8,102.7,201.1,5.8,10220.0,248.3
2019-01-16T12:51:18,0.0,0.0,0.0,0.0,0.0,0.0
2019-01-16T12:51:49,48.8,102.7,192.2,5.8,10260.0,248.3
2019-01-16T12:52:20,0.0,0.0,0.0,0.0,0.0,0.0
2019-01-16T12:52:51,48.7,114.6,194.6,7.4,10290.0,248.3
2019-01-16T12:53:22,48.7,103.9,194.0,5.9,10310.0,248.3
2019-01-16T12:53:53,48.7,101.6,196.4,4.4,10330.0,248.3
2019-01-16T12:54:24,48.7,102.1,200.5,3.5,10340.0,248.3
2019-01-16T12:54:55,48.7,105.7,197.5,4.9,10360.0,249.3
2019-01-16T12:55:26,48.7,103.9,195.2,5.0,10380.0,249.3
2019-01-16T12:55:58,48.7,107.5,194.6,3.2,10390.0,250.2
2019-01-16T12:56:29,48.7,102.1,201.7,5.8,10410.0,250.2
2019-01-16T12:57:00,48.7,105.7,199.9,3.4,10430.0,250.2
2019-01-16T12:57:31,48.5,115.1,202.3,5.5,10450.0,248.3
2019-01-16T12:58:02,48.5,101.6,203.5,3.6,10460.0,249.3
2019-01-16T12:58:33,48.5,105.1,200.5,5.0,10480.0,249.3
2019-01-16T12:59:04,0.0,0.0,0.0,0.0,0.0,0.0
2019-01-16T12:59:35,48.5,106.9,191.0,4.4,10510.0,249.3
2019-01-16T13:00:06,48.5,105.1,194.6,3.7,10530.0,250.2
2019-01-16T13:00:38,0.0,0.0,0.0,0.0,0.0,0.0
2019-01-16T13:01:09,48.5,107.5,190.4,3.0,10560.0,250.2
2019-01-16T13:01:40,48.5,111.0,192.2,2.9,10580.0,250.2
2019-01-16T13:02:11,0.0,0.0,0.0,0.0,0.0,0.0
2019-01-16T13:02:42,0.0,0.0,0.0,0.0,0.0,0.0
2019-01-16T13:03:13,48.3,109.8,199.3,4.8,10630.0,251.2
2019-01-16T13:03:44,48.3,108.6,192.2,0.6,10640.0,250.2
2019-01-16T13:04:15,48.2,148.2,199.9,1.1,10660.0,250.2
2019-01-16T13:04:46,48.2,139.4,199.3,1.1,10670.0,250.2
2019-01-16T13:05:17,48.2,145.9,203.5,1.0,10690.0,250.2
2019-01-16T13:05:49,48.2,148.2,192.8,1.1,10700.0,249.3
2019-01-16T13:06:20,48.2,148.2,194.6,1.0,10720.0,249.3
2019-01-16T13:06:51,48.2,140.5,197.5,1.1,10730.0,249.3
2019-01-16T13:07:22,48.1,143.5,194.6,1.0,10750.0,249.3
2019-01-16T13:07:53,48.1,158.9,194.6,1.0,10760.0,249.3
2019-01-16T13:08:24,0.0,0.0,0.0,0.0,0.0,0.0
2019-01-16T13:08:55,48.0,172.4,195.2,0.8,10790.0,249.3
2019-01-16T13:09:26,48.0,150.6,199.3,1.0,10800.0,248.3
2019-01-16T13:09:57,48.0,142.9,199.3,1.1,10820.0,248.3
2019-01-16T13:10:28,47.9,138.2,194.6,1.0,10830.0,249.3
2019-01-16T13:11:00,0.0,0.0,0.0,0.0,0.0,0.0
2019-01-16T13:11:31,47.9,142.3,191.0,0.9,10860.0,248.3
2019-01-16T13:12:02,47.9,144.1,192.8,0.9,10880.0,248.3
2019-01-16T13:12:33,0.0,0.0,0.0,0.0,0.0,0.0
2019-01-16T13:13:04,47.7,165.4,192.2,0.9,10910.0,249.3
2019-01-16T13:13:35,0.0,0.0,0.0,0.0,0.0,0.0
2019-01-16T13:14:06,0.0,0.0,0.0,0.0,0.0,0.0
2019-01-16T13:14:37,47.7,204.3,195.8,0.8,10950.0,250.2
2019-01-16T13:15:08,47.7,209.7,198.7,0.7,10960.0,249.3
2019-01-16T13:15:39,47.6,210.2,198.7,0.7,10980.0,250.2
2019-01-16T13:16:11,47.6,215.0,205.2,0.7,10990.0,249.3
2019-01-16T13:16:42,47.6,210.2,200.5,0.7,11010.0,250.2
2019-01-16T13:17:13,47.5,220.9,200.5,0.6,11020.0,251.2
2019-01-16T13:17:44,47.5,199.0,201.7,0.7,11040.0,249.3
2019-01-16T13:18:15,47.5,220.9,201.7,0.6,11050.0,249.3
2019-01-16T13:18:46,0.0,0.0,0.0,0.0,0.0,0.0
2019-01-16T13:19:17,47.4,207.3,197.5,0.7,11080.0,251.2
2019-01-16T13:19:48,47.5,213.2,199.9,0.7,11090.0,250.2
2019-01-16T13:20:19,47.4,216.2,204.6,0.7,11110.0,249.3
2019-01-16T13:20:50,47.4,206.1,200.5,0.7,11120.0,250.2
2019-01-16T13:21:22,47.4,220.3,195.8,0.6,11140.0,249.3
2019-01-16T13:21:53,0.0,0.0,0.0,0.0,0.0,0.0
2019-01-16T13:22:24,0.0,0.0,0.0,0.0,0.0,0.0
2019-01-16T13:22:55,0.0,0.0,0.0,0.0,0.0,0.0
2019-01-16T13:23:26,47.5,207.9,195.8,0.7,11190.0,249.3
2019-01-16T13:23:57,47.5,207.9,191.6,0.6,11210.0,249.3
2019-01-16T13:24:28,47.4,201.4,191.0,0.7,11220.0,248.3
2019-01-16T13:24:59,0.0,0.0,0.0,0.0,0.0,0.0
2019-01-16T13:25:30,0.0,0.0,0.0,0.0,0.0,0.0
2019-01-16T13:26:01,47.4,206.7,198.1,0.7,11270.0,247.3
2019-01-16T13:26:32,47.4,219.1,198.1,0.6,11280.0,249.3
2019-01-16T13:27:03,47.4,203.2,201.7,0.6,11290.0,249.3
2019-01-16T13:27:34,47.4,206.7,200.5,0.8,11310.0,249.3
2019-01-16T13:28:05,47.3,204.9,200.5,0.6,11320.0,249.3
2019-01-16T13:28:36,47.3,213.2,197.5,0.7,11340.0,249.3
2019-01-16T13:29:07,47.3,211.4,203.5,0.7,11350.0,251.2
2019-01-16T13:29:38,47.3,200.8,201.7,0.7,11370.0,250.2
2019-01-16T13:30:09,47.3,218.5,197.5,0.7,11380.0,251.2
2019-01-16T13:30:41,47.3,216.2,198.7,0.7,11390.0,250.2
2019-01-16T13:31:12,47.3,204.9,201.1,0.7,11410.0,250.2
2019-01-16T13:31:43,47.3,200.2,199.9,0.7,11420.0,250.2
2019-01-16T13:32:14,47.2,207.3,201.7,0.6,11440.0,252.2
2019-01-16T13:32:45,47.2,205.5,201.1,0.7,11450.0,250.2
2019-01-16T13:33:16,47.2,213.2,203.5,0.6,11470.0,250.2
2019-01-16T13:33:47,47.2,211.4,199.9,0.7,11480.0,250.2
2019-01-16T13:34:18,47.2,210.2,201.1,0.6,11490.0,249.3
2019-01-16T13:34:49,47.0,213.8,202.3,0.7,11510.0,250.2
2019-01-16T13:35:20,47.0,200.8,201.1,0.6,11520.0,249.3
2019-01-16T13:35:52,47.0,222.1,199.3,0.6,11540.0,249.3
2019-01-16T13:36:23,47.0,216.7,199.9,0.7,11550.0,249.3
2019-01-16T13:36:54,0.0,0.0,0.0,0.0,0.0,0.0
2019-01-16T13:37:25,0.0,0.0,0.0,0.0,0.0,0.0
2019-01-16T13:37:56,46.9,213.2,201.1,0.7,11590.0,250.2
2019-01-16T13:38:27,47.0,203.7,202.3,0.6,11610.0,248.3
2019-01-16T13:38:58,47.0,215.6,201.7,0.6,11620.0,248.3
2019-01-16T13:39:29,47.0,209.1,200.5,0.6,11640.0,248.3
2019-01-16T13:40:00,47.0,199.0,192.2,0.7,11650.0,249.3
2019-01-16T13:40:32,47.0,218.5,201.1,0.6,11670.0,248.3
2019-01-16T13:41:03,47.0,199.6,197.0,0.7,11680.0,250.2
2019-01-16T13:41:34,47.0,205.5,197.0,0.7,11690.0,249.3
2019-01-16T13:42:05,0.0,0.0,0.0,0.0,0.0,0.0
2019-01-16T13:42:36,46.9,203.7,197.5,0.6,11720.0,248.3
2019-01-16T13:43:07,46.9,212.0,197.0,0.6,11740.0,249.3
2019-01-16T13:43:38,46.9,216.2,196.4,0.6,11750.0,249.3
2019-01-16T13:44:09,46.9,220.3,197.5,0.6,11760.0,250.2
2019-01-16T13:44:40,46.9,202.6,199.3,0.6,11780.0,249.3
2019-01-16T13:45:11,46.9,211.4,197.5,0.7,11790.0,248.3
2019-01-16T13:45:43,46.8,209.7,192.8,0.6,11810.0,249.3
2019-01-16T13:46:14,46.8,213.8,194.0,0.7,11820.0,249.3
2019-01-16T13:46:45,46.8,204.3,194.6,0.7,11840.0,249.3
2019-01-16T13:47:16,46.8,210.2,194.6,0.6,11850.0,248.3
2019-01-16T13:47:47,46.8,216.2,204.1,0.6,11860.0,248.3
2019-01-16T13:48:18,0.0,0.0,0.0,0.0,0.0,0.0
2019-01-16T13:48:49,46.7,217.9,202.3,0.6,11890.0,249.3
2019-01-16T13:49:20,46.7,209.7,192.8,0.6,11910.0,249.3
2019-01-16T13:49:51,46.7,215.6,194.6,0.6,11920.0,248.3
2019-01-16T13:50:22,46.7,210.8,202.3,0.7,11930.0,249.3
2019-01-16T13:50:54,46.7,212.0,205.2,0.6,11950.0,249.3
2019-01-16T13:51:25,0.0,0.0,0.0,0.0,0.0,0.0
2019-01-16T13:51:56,46.6,213.8,202.3,0.6,11980.0,249.3
2019-01-16T13:52:27,46.6,217.9,203.5,0.6,11990.0,250.2
2019-01-16T13:52:58,46.6,202.0,204.1,0.6,12010.0,250.2
2019-01-16T13:53:29,46.6,210.8,200.5,0.6,12020.0,250.2
2019-01-16T13:54:00,46.7,204.9,198.7,0.6,12030.0,249.3
2019-01-16T13:54:31,46.6,220.3,198.1,0.5,12050.0,249.3
2019-01-16T13:55:02,46.6,222.1,194.6,0.6,12060.0,249.3
2019-01-16T13:55:34,46.6,216.2,194.6,0.6,12080.0,249.3
2019-01-16T13:56:05,46.5,206.1,197.5,0.7,12090.0,248.3
2019-01-16T13:56:36,46.5,220.9,198.7,0.5,12100.0,250.2
2019-01-16T13:57:07,46.5,200.2,202.3,0.5,12120.0,249.3
2019-01-16T13:57:38,46.5,212.0,197.5,0.6,12130.0,249.3
2019-01-16T13:58:09,46.5,209.7,203.5,0.6,12150.0,249.3
2019-01-16T13:58:40,46.5,213.2,199.3,0.6,12160.0,250.2
2019-01-16T13:59:11,46.5,206.1,198.1,0.6,12180.0,249.3
2019-01-16T13:59:42,46.4,217.9,203.5,0.5,12190.0,250.2
2019-01-16T14:00:13,46.4,211.4,202.3,0.6,12200.0,249.3
2019-01-16T14:00:45,46.4,205.5,200.5,0.6,12220.0,250.2
2019-01-16T14:01:17,46.4,210.2,199.9,0.6,12230.0,249.3
2019-01-16T14:01:48,0.0,0.0,0.0,0.0,0.0,0.0
2019-01-16T14:02:19,46.4,207.9,192.8,0.6,12260.0,251.2
2019-01-16T14:02:50,46.4,206.7,192.2,0.6,12270.0,249.3
2019-01-16T14:03:21,46.4,205.5,195.2,0.6,12290.0,249.3
2019-01-16T14:03:52,46.4,209.1,201.7,0.6,12300.0,249.3
2019-01-16T14:04:23,46.4,211.4,204.1,0.5,12310.0,250.2
2019-01-16T14:04:54,0.0,0.0,0.0,0.0,0.0,0.0
2019-01-16T14:05:25,46.4,216.2,203.5,0.6,12340.0,249.3
2019-01-16T14:05:56,46.2,208.5,199.3,0.6,12360.0,250.2
2019-01-16T14:06:28,46.2,203.2,197.0,0.6,12370.0,250.2
2019-01-16T14:06:59,46.4,211.4,199.3,0.6,12380.0,248.3
2019-01-16T14:07:30,0.0,0.0,0.0,0.0,0.0,0.0
2019-01-16T14:08:01,46.2,207.9,198.1,0.6,12410.0,247.3
2019-01-16T14:08:32,46.2,190.8,199.3,0.6,12430.0,248.3
2019-01-16T14:09:03,46.2,211.4,200.5,0.6,12440.0,248.3
2019-01-16T14:09:34,46.2,206.1,195.2,0.6,12450.0,247.3
2019-01-16T14:10:05,46.2,203.7,197.5,0.6,12470.0,248.3
2019-01-16T14:10:36,46.2,217.3,193.4,0.6,12480.0,248.3
2019-01-16T14:11:08,46.2,213.8,197.5,0.6,12500.0,249.3
2019-01-16T14:11:39,46.2,211.4,195.2,0.6,12510.0,247.3
2019-01-16T14:12:10,46.2,201.4,196.4,0.6,12520.0,246.4
2019-01-16T14:12:41,46.2,208.5,196.4,0.6,12540.0,248.3
2019-01-16T14:13:12,46.1,207.9,195.2,0.6,12550.0,247.3
2019-01-16T14:13:43,46.1,204.9,198.1,0.5,12560.0,247.3
2019-01-16T14:14:14,46.1,207.9,197.5,0.6,12580.0,247.3
2019-01-16T14:14:45,46.1,200.2,194.6,0.6,12590.0,247.3
2019-01-16T14:15:16,46.1,207.3,196.4,0.6,12610.0,247.3
2019-01-16T14:15:47,46.1,206.7,198.7,0.6,12620.0,247.3
2019-01-16T14:16:19,46.1,205.5,197.0,0.6,12630.0,247.3
2019-01-16T14:16:50,46.1,205.5,194.6,0.6,12650.0,246.4
2019-01-16T14:17:21,46.1,213.8,196.4,0.5,12660.0,247.3
2019-01-16T14:17:52,46.1,216.2,197.5,0.6,12670.0,247.3
2019-01-16T14:18:23,0.0,0.0,0.0,0.0,0.0,0.0
2019-01-16T14:18:54,46.1,207.3,197.5,0.6,12700.0,246.4
2019-01-16T14:19:25,46.1,187.8,197.0,0.6,12720.0,246.4
2019-01-16T14:19:56,46.0,209.7,201.7,0.6,12730.0,246.4
2019-01-16T14:20:27,46.0,204.3,198.1,0.6,12740.0,246.4
2019-01-16T14:20:58,46.0,211.4,197.0,0.6,12760.0,247.3
2019-01-16T14:21:30,46.0,206.1,201.7,0.6,12770.0,248.3
2019-01-16T14:22:01,45.9,204.9,199.9,0.6,12780.0,247.3
2019-01-16T14:22:32,45.9,216.2,204.6,0.6,12800.0,246.4
2019-01-16T14:23:03,45.9,215.0,200.5,0.5,12810.0,247.3
2019-01-16T14:23:34,45.9,204.9,200.5,0.6,12830.0,246.4
2019-01-16T14:24:05,45.9,209.1,198.1,0.6,12840.0,247.3
2019-01-16T14:24:36,45.9,209.1,196.4,0.5,12850.0,248.3
2019-01-16T14:25:07,45.9,202.0,198.7,0.6,12870.0,249.3
2019-01-16T14:25:38,45.9,201.4,200.5,0.5,12880.0,247.3
2019-01-16T14:26:10,45.9,215.0,201.7,0.6,12890.0,247.3
2019-01-16T14:26:41,45.9,210.2,201.7,0.6,12910.0,247.3
2019-01-16T14:27:12,45.8,206.7,205.2,0.6,12920.0,246.4
2019-01-16T14:27:43,45.8,207.9,202.9,0.5,12940.0,247.3
2019-01-16T14:28:14,45.9,213.2,207.0,0.6,12950.0,247.3
2019-01-16T14:28:45,45.9,197.3,204.6,0.5,12960.0,247.3
2019-01-16T14:29:16,45.8,215.0,202.9,0.5,12980.0,247.3
2019-01-16T14:29:47,45.8,202.0,202.3,0.5,12990.0,248.3
2019-01-16T14:30:18,45.8,204.3,201.1,0.6,13000.0,247.3
2019-01-16T14:30:49,45.9,213.2,205.8,0.5,13020.0,247.3
2019-01-16T14:31:21,45.9,197.8,206.4,0.5,13030.0,248.3
2019-01-16T14:31:52,45.8,211.4,207.6,0.6,13040.0,247.3
2019-01-16T14:32:23,45.8,206.7,201.7,0.5,13060.0,246.4
2019-01-16T14:32:54,45.8,202.6,199.3,0.6,13070.0,246.4
2019-01-16T14:33:25,45.8,206.1,205.2,0.6,13080.0,247.3
2019-01-16T14:33:56,45.8,206.1,205.2,0.6,13100.0,247.3
2019-01-16T14:34:27,45.7,200.2,204.6,0.6,13110.0,247.3
2019-01-16T14:34:58,0.0,0.0,0.0,0.0,0.0,0.0
2019-01-16T14:35:29,45.7,206.1,205.2,0.6,13140.0,247.3
2019-01-16T14:36:00,0.0,0.0,0.0,0.0,0.0,0.0
2019-01-16T14:36:31,45.7,195.5,200.5,0.6,13160.0,244.4
2019-01-16T14:37:02,45.7,210.2,204.1,0.6,13180.0,245.4
2019-01-16T14:37:33,45.7,200.2,207.0,0.6,13190.0,244.4
2019-01-16T14:38:04,0.0,0.0,0.0,0.0,0.0,0.0
2019-01-16T14:38:35,45.5,210.8,206.4,0.6,13220.0,245.4
2019-01-16T14:39:06,45.5,195.5,201.7,0.6,13230.0,246.4
2019-01-16T14:39:37,45.5,207.9,198.7,0.6,13240.0,245.4
2019-01-16T14:40:08,45.4,199.6,203.5,0.6,13260.0,245.4
2019-01-16T14:40:40,45.5,206.7,203.5,0.6,13270.0,245.4
2019-01-16T14:41:11,45.5,210.2,198.7,0.6,13280.0,245.4
2019-01-16T14:41:42,45.5,213.2,201.7,0.5,13300.0,245.4
2019-01-16T14:42:13,45.4,199.0,208.2,0.6,13310.0,244.4
2019-01-16T14:42:44,45.5,196.7,202.3,0.6,13320.0,245.4
2019-01-16T14:43:15,45.5,215.0,200.5,0.5,13340.0,244.4
2019-01-16T14:43:46,45.5,202.0,200.5,0.6,13350.0,243.5
2019-01-16T14:44:17,45.4,197.3,202.9,0.6,13360.0,246.4
2019-01-16T14:44:48,45.4,209.1,202.3,0.5,13380.0,245.4
2019-01-16T14:45:19,45.4,194.3,204.1,0.6,13390.0,244.4
2019-01-16T14:45:51,45.5,204.9,201.1,0.5,13400.0,245.4
2019-01-16T14:46:22,45.4,209.1,201.7,0.6,13420.0,243.5
2019-01-16T14:46:53,45.4,188.4,202.3,0.6,13430.0,243.5
2019-01-16T14:47:24,45.5,211.4,206.4,0.6,13440.0,244.4
2019-01-16T14:47:55,45.5,199.0,205.8,0.6,13460.0,244.4
2019-01-16T14:48:26,45.5,213.2,206.4,0.5,13470.0,243.5
2019-01-16T14:48:57,0.0,0.0,0.0,0.0,0.0,0.0
2019-01-16T14:49:28,0.0,0.0,0.0,0.0,0.0,0.0
2019-01-16T14:49:59,45.5,205.5,202.3,0.5,13510.0,243.5
2019-01-16T14:50:30,45.5,194.9,207.0,0.6,13520.0,244.4
2019-01-16T14:51:02,45.5,205.5,207.0,0.6,13540.0,244.4
2019-01-16T14:51:33,45.5,199.6,208.8,0.6,13550.0,246.4
2019-01-16T14:52:04,45.5,202.6,208.2,0.6,13560.0,245.4
2019-01-16T14:52:35,45.4,203.7,205.2,0.6,13570.0,246.4
2019-01-16T14:53:06,45.4,200.8,206.4,0.6,13590.0,246.4
2019-01-16T14:53:37,45.4,210.2,206.4,0.5,13600.0,247.3
2019-01-16T14:54:08,45.3,195.5,210.0,0.5,13610.0,247.3
2019-01-16T14:54:39,45.3,201.4,206.4,0.5,13630.0,246.4
2019-01-16T14:55:10,45.4,210.8,210.6,0.6,13640.0,246.4
2019-01-16T14:55:41,45.4,201.4,209.4,0.5,13650.0,246.4
2019-01-16T14:56:13,45.4,206.1,209.4,0.5,13670.0,247.3
2019-01-16T14:56:44,45.4,201.4,208.8,0.5,13680.0,246.4
2019-01-16T14:57:15,45.4,196.1,209.4,0.6,13690.0,245.4
2019-01-16T14:57:46,45.4,202.0,208.2,0.5,13700.0,246.4
2019-01-16T14:58:17,45.3,206.7,195.2,0.5,13720.0,246.4
2019-01-16T14:58:48,45.3,187.8,207.6,0.5,13730.0,247.3
2019-01-16T14:59:19,45.3,207.9,200.5,0.5,13740.0,246.4
2019-01-16T14:59:50,0.0,0.0,0.0,0.0,0.0,0.0
2019-01-16T15:00:21,45.3,194.3,201.7,0.6,13770.0,247.3
2019-01-16T15:00:53,45.3,190.8,200.5,0.5,13780.0,247.3
2019-01-16T15:01:24,45.3,212.6,208.2,0.5,13790.0,247.3
2019-01-16T15:01:55,45.3,212.0,207.6,0.5,13810.0,249.3
2019-01-16T15:02:26,45.3,215.0,209.4,0.6,13820.0,247.3
2019-01-16T15:02:57,45.2,212.6,207.0,0.5,13830.0,248.3
2019-01-16T15:03:28,45.2,197.3,211.2,0.6,13840.0,248.3
2019-01-16T15:03:59,45.1,208.5,208.8,0.5,13860.0,247.3
2019-01-16T15:04:30,45.1,212.0,211.2,0.5,13870.0,247.3
2019-01-16T15:05:01,45.1,189.6,208.8,0.5,13880.0,246.4
2019-01-16T15:05:33,45.1,213.8,203.5,0.5,13900.0,247.3
2019-01-16T15:06:04,45.1,213.2,195.8,0.5,13910.0,247.3
2019-01-16T15:06:35,45.1,204.9,211.7,0.6,13920.0,247.3
2019-01-16T15:07:06,45.1,202.6,210.0,0.6,13930.0,247.3
2019-01-16T15:07:37,45.1,212.6,206.4,0.5,13950.0,247.3
2019-01-16T15:08:08,0.0,0.0,0.0,0.0,0.0,0.0
2019-01-16T15:08:39,45.2,201.4,209.4,0.6,13970.0,247.3
2019-01-16T15:09:10,45.1,207.9,204.6,0.5,13980.0,247.3
2019-01-16T15:09:41,45.1,195.5,207.6,0.5,14000.0,248.3
2019-01-16T15:10:12,45.0,207.9,211.7,0.6,14010.0,247.3
2019-01-16T15:10:44,45.0,203.7,203.5,0.6,14020.0,246.4
2019-01-16T15:11:15,45.1,211.4,198.7,0.5,14030.0,247.3
2019-01-16T15:11:46,45.1,190.8,204.6,0.6,14040.0,246.4
2019-01-16T15:12:17,0.0,0.0,0.0,0.0,0.0,0.0
2019-01-16T15:12:48,45.1,211.4,209.4,0.6,14070.0,248.3
2019-01-16T15:13:19,45.0,206.1,205.2,0.5,14080.0,248.3
2019-01-16T15:13:50,45.1,199.6,201.7,0.5,14090.0,248.3
2019-01-16T15:14:21,45.1,214.4,210.6,0.5,14110.0,246.4
2019-01-16T15:14:52,45.1,199.6,207.0,0.5,14120.0,247.3
2019-01-16T15:15:23,45.1,206.1,201.1,0.6,14130.0,246.4
2019-01-16T15:15:55,45.1,207.9,201.1,0.5,14140.0,247.3
2019-01-16T15:16:26,45.2,202.0,208.8,0.5,14160.0,247.3
2019-01-16T15:16:57,45.2,209.1,192.2,0.6,14170.0,246.4
2019-01-16T15:17:28,45.2,202.6,202.3,0.6,14180.0,246.4
2019-01-16T15:17:59,45.2,204.3,212.9,0.6,14190.0,245.4
2019-01-16T15:18:30,0.0,0.0,0.0,0.0,0.0,0.0
2019-01-16T15:19:01,45.2,207.3,207.6,0.6,14220.0,247.3
2019-01-16T15:19:32,45.3,204.3,198.1,0.5,14230.0,246.4
2019-01-16T15:20:03,45.3,193.7,199.9,0.5,14240.0,247.3
2019-01-16T15:20:35,45.4,213.2,204.6,0.5,14250.0,246.4
2019-01-16T15:21:06,0.0,0.0,0.0,0.0,0.0,0.0
2019-01-16T15:21:37,45.7,206.7,202.3,0.5,14280.0,246.4
2019-01-16T15:22:08,45.8,204.9,203.5,0.5,14290.0,247.3
2019-01-16T15:22:39,45.8,210.8,207.6,0.5,14300.0,246.4
2019-01-16T15:23:10,45.9,214.4,215.3,0.5,14310.0,246.4
2019-01-16T15:23:41,46.0,204.3,210.6,0.5,14320.0,247.3
2019-01-16T15:24:12,0.0,0.0,0.0,0.0,0.0,0.0
2019-01-16T15:24:43,46.1,193.1,213.5,0.6,14350.0,246.4
2019-01-16T15:25:14,0.0,0.0,0.0,0.0,0.0,0.0
2019-01-16T15:25:46,46.2,196.7,216.5,0.5,14370.0,246.4
2019-01-16T15:26:17,46.4,206.7,204.6,0.5,14380.0,246.4
2019-01-16T15:26:48,46.5,216.2,208.8,0.5,14400.0,246.4
2019-01-16T15:27:19,46.4,207.3,198.1,0.5,14410.0,246.4
2019-01-16T15:27:50,46.5,207.3,199.9,0.5,14420.0,246.4
2019-01-16T15:28:21,46.5,202.0,198.7,0.6,14430.0,246.4
2019-01-16T15:28:52,46.6,211.4,199.9,0.5,14440.0,247.3
2019-01-16T15:29:23,46.7,196.7,201.1,0.5,14450.0,245.4
2019-01-16T15:29:54,46.7,217.3,194.6,0.5,14470.0,246.4
2019-01-16T15:30:25,46.8,197.3,198.7,0.6,14480.0,246.4
2019-01-16T15:30:57,0.0,0.0,0.0,0.0,0.0,0.0
2019-01-16T15:31:28,0.0,0.0,0.0,0.0,0.0,0.0
2019-01-16T15:31:59,0.0,0.0,0.0,0.0,0.0,0.0
2019-01-16T15:32:30,47.0,215.0,202.3,0.5,14520.0,246.4
2019-01-16T15:33:01,0.0,0.0,0.0,0.0,0.0,0.0
2019-01-16T15:33:32,47.0,201.4,199.3,0.5,14550.0,246.4
2019-01-16T15:34:03,47.2,209.7,199.3,0.5,14560.0,246.4
2019-01-16T15:34:34,0.0,0.0,0.0,0.0,0.0,0.0
2019-01-16T15:35:05,0.0,0.0,0.0,0.0,0.0,0.0
2019-01-16T15:35:37,47.4,207.9,196.4,0.5,14590.0,245.4
2019-01-16T15:36:08,47.4,217.9,197.0,0.4,14600.0,245.4
2019-01-16T15:36:39,47.5,216.7,191.6,0.5,14610.0,245.4
2019-01-16T15:37:10,0.0,0.0,0.0,0.0,0.0,0.0
2019-01-16T15:37:41,47.7,217.3,191.6,0.5,14640.0,246.4
2019-01-16T15:38:12,47.7,196.1,189.3,0.6,14650.0,245.4
2019-01-16T15:38:43,47.7,198.4,192.8,0.5,14660.0,245.4
2019-01-16T15:39:14,47.7,216.7,199.3,0.5,14670.0,246.4
2019-01-16T15:39:45,0.0,0.0,0.0,0.0,0.0,0.0
2019-01-16T15:40:16,47.9,204.3,200.5,0.5,14690.0,244.4
2019-01-16T15:40:48,0.0,0.0,0.0,0.0,0.0,0.0
2019-01-16T15:41:19,47.9,210.8,191.6,0.6,14710.0,244.4
2019-01-16T15:41:50,47.9,212.6,200.5,0.5,14720.0,244.4
2019-01-16T15:42:21,47.9,202.0,194.6,0.6,14730.0,246.4
2019-01-16T15:42:52,47.9,212.6,191.6,0.5,14740.0,246.4
2019-01-16T15:43:23,0.0,0.0,0.0,0.0,0.0,0.0
2019-01-16T15:43:54,47.6,197.3,192.2,0.5,14770.0,247.3
2019-01-16T15:44:25,47.7,208.5,194.6,0.5,14780.0,247.3
2019-01-16T15:44:56,47.7,205.5,197.5,0.5,14790.0,247.3
2019-01-16T15:45:27,47.9,212.6,194.6,0.5,14800.0,246.4
2019-01-16T15:45:59,47.9,204.3,201.7,0.6,14810.0,247.3
2019-01-16T15:46:30,47.9,202.6,198.1,0.5,14820.0,246.4
2019-01-16T15:47:01,47.9,181.9,205.2,0.5,14830.0,245.4
2019-01-16T15:47:32,47.9,177.8,199.9,0.5,14840.0,244.4
2019-01-16T15:48:03,47.9,200.2,191.6,0.5,14850.0,246.4
2019-01-16T15:48:34,0.0,0.0,0.0,0.0,0.0,0.0
2019-01-16T15:49:05,48.0,192.5,188.7,0.6,14870.0,247.3
2019-01-16T15:49:36,0.0,0.0,0.0,0.0,0.0,0.0
2019-01-16T15:50:07,0.0,0.0,0.0,0.0,0.0,0.0
2019-01-16T15:50:39,0.0,0.0,0.0,0.0,0.0,0.0
2019-01-16T15:51:10,48.1,216.2,193.4,0.5,14910.0,245.4
2019-01-16T15:51:41,48.1,216.2,185.7,0.5,14920.0,246.4
2019-01-16T15:52:12,48.2,197.3,185.1,0.5,14930.0,244.4
2019-01-16T15:52:43,48.2,213.8,185.1,0.5,14940.0,245.4
2019-01-16T15:53:14,48.2,193.7,193.4,0.5,14950.0,245.4
2019-01-16T15:53:45,48.2,202.0,198.1,0.5,14960.0,245.4
2019-01-16T15:54:16,48.2,206.7,189.3,0.5,14970.0,244.4
2019-01-16T15:54:47,0.0,0.0,0.0,0.0,0.0,0.0
2019-01-16T15:55:18,48.2,203.2,188.1,0.6,14990.0,246.4
2019-01-16T15:55:50,0.0,0.0,0.0,0.0,0.0,0.0
2019-01-16T15:56:21,48.2,196.7,186.9,0.5,15010.0,245.4
2019-01-16T15:56:52,0.0,0.0,0.0,0.0,0.0,0.0
2019-01-16T15:57:23,0.0,0.0,0.0,0.0,0.0,0.0
2019-01-16T15:57:54,48.3,209.7,186.3,0.5,15040.0,245.4
2019-01-16T15:58:25,48.3,207.3,196.4,0.5,15050.0,247.3
2019-01-16T15:58:56,0.0,0.0,0.0,0.0,0.0,0.0
2019-01-16T15:59:27,48.3,199.0,186.3,0.5,15070.0,246.4
2019-01-16T15:59:58,48.3,207.3,190.4,0.5,15070.0,245.4
2019-01-16T16:00:29,0.0,0.0,0.0,0.0,0.0,0.0
2019-01-16T16:01:01,48.3,209.1,183.3,0.5,15090.0,243.5
2019-01-16T16:01:32,48.3,210.8,182.8,0.5,15100.0,242.5
2019-01-16T16:02:03,0.0,0.0,0.0,0.0,0.0,0.0
2019-01-16T16:02:34,0.0,0.0,0.0,0.0,0.0,0.0
2019-01-16T16:03:05,48.3,206.7,183.3,0.5,15130.0,244.4
2019-01-16T16:03:36,48.3,204.3,191.0,0.5,15140.0,243.5
2019-01-16T16:04:07,48.3,202.6,190.4,0.5,15150.0,242.5
2019-01-16T16:04:38,48.3,202.0,186.9,0.5,15160.0,243.5
2019-01-16T16:05:09,0.0,0.0,0.0,0.0,0.0,0.0
2019-01-16T16:05:41,48.3,196.1,186.3,0.6,15180.0,243.5
2019-01-16T16:06:12,48.4,205.5,181.0,0.5,15190.0,243.5
2019-01-16T16:06:43,0.0,0.0,0.0,0.0,0.0,0.0
2019-01-16T16:07:14,48.2,189.6,185.7,0.5,15200.0,242.5
2019-01-16T16:07:45,48.2,211.4,183.3,0.5,15210.0,243.5
2019-01-16T16:08:16,48.2,216.2,179.2,0.5,15220.0,242.5
2019-01-16T16:08:47,0.0,0.0,0.0,0.0,0.0,0.0
2019-01-16T16:09:18,0.0,0.0,0.0,0.0,0.0,0.0
2019-01-16T16:09:49,48.0,212.6,179.2,0.5,15250.0,243.5
2019-01-16T16:10:20,48.0,207.9,178.0,0.5,15260.0,242.5
2019-01-16T16:10:52,48.0,197.3,174.5,0.5,15270.0,243.5
2019-01-16T16:11:23,48.0,217.3,181.6,0.5,15280.0,244.4
2019-01-16T16:11:54,0.0,0.0,0.0,0.0,0.0,0.0
2019-01-16T16:12:25,47.9,214.4,182.2,0.5,15290.0,243.5
2019-01-16T16:12:56,47.7,200.2,179.2,0.5,15300.0,245.4
2019-01-16T16:13:27,47.7,215.0,183.3,0.5,15310.0,246.4
2019-01-16T16:13:58,47.7,203.2,168.6,0.5,15320.0,246.4
2019-01-16T16:14:29,47.7,204.9,166.2,0.5,15330.0,245.4
2019-01-16T16:15:00,47.6,209.7,168.6,0.5,15330.0,244.4
2019-01-16T16:15:32,47.6,204.3,170.3,0.5,15340.0,244.4
2019-01-16T16:16:03,0.0,0.0,0.0,0.0,0.0,0.0
2019-01-16T16:16:34,47.6,199.6,168.6,0.5,15360.0,245.4
2019-01-16T16:17:05,47.5,216.2,164.4,0.4,15370.0,246.4
2019-01-16T16:17:36,47.5,204.9,170.3,0.5,15370.0,245.4
2019-01-16T16:18:07,47.4,206.7,172.1,0.4,15380.0,245.4
2019-01-16T16:18:38,47.4,194.3,170.3,0.5,15390.0,244.4
2019-01-16T16:19:09,47.4,215.0,172.7,0.4,15400.0,244.4
2019-01-16T16:19:40,47.4,197.3,171.5,0.5,15410.0,245.4
2019-01-16T16:20:11,47.4,203.2,173.3,0.4,15410.0,245.4
2019-01-16T16:20:43,0.0,0.0,0.0,0.0,0.0,0.0
2019-01-16T16:21:14,47.2,199.6,164.4,0.5,15430.0,244.4
2019-01-16T16:21:45,47.2,213.8,162.0,0.5,15440.0,244.4
2019-01-16T16:22:16,0.0,0.0,0.0,0.0,0.0,0.0
2019-01-16T16:22:47,47.0,209.7,164.4,0.5,15450.0,243.5
2019-01-16T16:23:18,47.0,196.7,163.2,0.5,15460.0,243.5
2019-01-16T16:23:49,47.0,217.3,163.8,0.4,15460.0,244.4
2019-01-16T16:24:20,47.0,195.5,155.5,0.5,15470.0,245.4
2019-01-16T16:24:51,0.0,0.0,0.0,0.0,0.0,0.0
2019-01-16T16:25:22,46.9,204.9,162.6,0.5,15490.0,244.4
2019-01-16T16:25:54,46.8,212.6,159.7,0.4,15490.0,244.4
2019-01-16T16:26:25,46.7,200.2,167.4,0.5,15500.0,244.4
2019-01-16T16:26:56,46.7,198.4,155.5,0.5,15510.0,243.5
2019-01-16T16:27:27,46.7,218.5,162.0,0.5,15520.0,244.4
2019-01-16T16:27:58,46.7,200.2,165.6,0.5,15520.0,244.4
2019-01-16T16:28:29,46.7,198.4,166.2,0.5,15530.0,244.4
2019-01-16T16:29:00,46.6,209.7,150.2,0.4,15540.0,244.4
2019-01-16T16:29:31,0.0,0.0,0.0,0.0,0.0,0.0
2019-01-16T16:30:02,46.5,209.1,151.4,0.4,15550.0,244.4
2019-01-16T16:30:34,46.4,206.1,151.4,0.5,15560.0,244.4
2019-01-16T16:31:05,46.4,199.0,156.7,0.5,15560.0,243.5
2019-01-16T16:31:36,46.2,211.4,154.4,0.5,15570.0,244.4
2019-01-16T16:32:07,46.2,215.6,154.9,0.4,15580.0,244.4
2019-01-16T16:32:38,0.0,0.0,0.0,0.0,0.0,0.0
2019-01-16T16:33:09,46.1,215.0,151.4,0.4,15590.0,242.5
2019-01-16T16:33:40,46.0,193.1,149.6,0.5,15600.0,244.4
2019-01-16T16:34:11,46.0,203.7,149.6,0.5,15600.0,243.5
2019-01-16T16:34:42,46.0,210.8,146.1,0.5,15610.0,243.5
2019-01-16T16:35:13,45.9,202.0,137.2,0.5,15610.0,244.4
2019-01-16T16:35:45,45.9,220.3,139.6,0.4,15620.0,243.5
2019-01-16T16:36:16,45.8,197.3,148.4,0.5,15630.0,244.4
2019-01-16T16:36:47,45.8,210.8,147.3,0.5,15630.0,243.5
2019-01-16T16:37:18,45.7,212.0,144.3,0.5,15640.0,243.5
2019-01-16T16:37:49,45.7,203.7,139.0,0.5,15640.0,243.5
2019-01-16T16:38:20,45.5,209.7,141.3,0.4,15650.0,241.5
2019-01-16T16:38:51,45.5,199.0,144.9,0.5,15660.0,243.5
2019-01-16T16:39:22,45.5,219.7,142.5,0.5,15660.0,243.5
2019-01-16T16:39:53,45.5,197.3,144.9,0.5,15670.0,243.5
2019-01-16T16:40:24,45.5,210.2,137.2,0.5,15670.0,244.4
2019-01-16T16:40:56,45.4,203.7,135.4,0.5,15680.0,244.4
2019-01-16T16:41:27,45.3,215.0,133.7,0.5,15690.0,244.4
2019-01-16T16:41:58,45.3,204.3,138.4,0.5,15690.0,244.4
2019-01-16T16:42:29,45.2,189.6,137.2,0.5,15700.0,243.5
2019-01-16T16:43:00,45.2,211.4,138.4,0.5,15700.0,244.4
2019-01-16T16:43:31,45.2,203.2,132.5,0.5,15710.0,245.4
2019-01-16T16:44:02,45.2,213.8,133.1,0.5,15710.0,244.4
2019-01-16T16:44:33,0.0,0.0,0.0,0.0,0.0,0.0
2019-01-16T16:45:04,45.2,212.6,131.3,0.5,15720.0,244.4
2019-01-16T16:45:36,45.1,216.7,136.6,0.5,15730.0,245.4
2019-01-16T16:46:07,45.1,201.4,137.8,0.5,15740.0,244.4
2019-01-16T16:46:38,45.1,220.3,139.6,0.4,15740.0,243.5
2019-01-16T16:47:09,45.1,197.8,134.2,0.5,15750.0,244.4
2019-01-16T16:47:40,45.1,209.7,129.5,0.5,15750.0,244.4
2019-01-16T16:48:11,45.1,212.6,133.7,0.4,15760.0,244.4
2019-01-16T16:48:42,45.1,191.9,136.6,0.5,15760.0,244.4
2019-01-16T16:49:13,45.0,212.0,133.1,0.5,15770.0,244.4
2019-01-16T16:49:44,45.0,206.7,133.7,0.5,15770.0,244.4
2019-01-16T16:50:15,44.9,214.4,127.1,0.4,15780.0,241.5
2019-01-16T16:50:47,44.9,203.7,130.7,0.5,15780.0,241.5
2019-01-16T16:51:18,44.9,220.9,126.6,0.4,15790.0,241.5
2019-01-16T16:51:49,44.7,202.0,125.4,0.5,15790.0,241.5
2019-01-16T16:52:20,44.7,215.6,118.3,0.5,15800.0,240.6
2019-01-16T16:52:51,44.6,202.6,122.4,0.5,15800.0,241.5
2019-01-16T16:53:22,44.6,209.1,129.5,0.5,15810.0,241.5
2019-01-16T16:53:53,44.6,210.2,124.8,0.5,15810.0,241.5
2019-01-16T16:54:24,44.5,199.0,126.6,0.5,15820.0,240.6
2019-01-16T16:54:55,44.5,220.3,129.5,0.4,15820.0,241.5
2019-01-16T16:55:26,44.4,199.0,124.2,0.5,15830.0,240.6
2019-01-16T16:55:58,0.0,0.0,0.0,0.0,0.0,0.0
2019-01-16T16:56:29,44.4,204.3,124.2,0.5,15830.0,241.5
2019-01-16T16:57:00,44.4,211.4,130.1,0.5,15840.0,240.6
2019-01-16T16:57:31,44.3,203.7,114.1,0.5,15840.0,241.5
2019-01-16T16:58:02,44.2,213.8,117.1,0.5,15850.0,241.5
2019-01-16T16:58:33,44.2,206.1,116.5,0.5,15850.0,241.5
2019-01-16T16:59:04,44.0,212.0,118.9,0.5,15860.0,242.5
2019-01-16T16:59:35,44.0,204.3,121.2,0.5,15860.0,241.5
2019-01-16T17:00:06,43.9,213.8,117.7,0.4,15860.0,241.5
2019-01-16T17:00:38,43.9,196.1,117.1,0.5,15870.0,241.5
2019-01-16T17:01:09,43.9,216.7,110.6,0.5,15870.0,240.6
2019-01-16T17:01:40,43.8,202.0,116.5,0.5,15880.0,241.5
2019-01-16T17:02:11,0.0,0.0,0.0,0.0,0.0,0.0
2019-01-16T17:02:42,43.8,216.2,117.1,0.5,15890.0,242.5
2019-01-16T17:03:13,43.7,220.9,119.5,0.4,15890.0,241.5
2019-01-16T17:03:44,43.7,199.0,111.2,0.5,15890.0,240.6
2019-01-16T17:04:15,43.7,205.5,111.2,0.5,15900.0,242.5
2019-01-16T17:04:46,43.6,219.1,107.6,0.5,15900.0,242.5
2019-01-16T17:05:17,43.6,197.8,109.4,0.5,15910.0,242.5
2019-01-16T17:05:49,43.6,217.9,107.0,0.5,15910.0,242.5
2019-01-16T17:06:20,43.6,199.6,106.4,0.5,15910.0,242.5
2019-01-16T17:06:51,43.5,213.8,102.9,0.5,15920.0,241.5
2019-01-16T17:07:22,43.6,205.5,103.5,0.5,15920.0,241.5
2019-01-16T17:07:53,43.6,207.9,114.1,0.5,15920.0,241.5
2019-01-16T17:08:24,43.5,209.1,111.8,0.4,15930.0,241.5
2019-01-16T17:08:55,43.5,200.2,110.0,0.5,15930.0,242.5
2019-01-16T17:09:26,43.5,220.3,106.4,0.4,15940.0,241.5
2019-01-16T17:09:57,43.4,199.0,111.8,0.5,15940.0,241.5
2019-01-16T17:10:28,43.4,215.0,107.0,0.5,15940.0,241.5
2019-01-16T17:11:00,43.4,214.4,107.6,0.5,15950.0,243.5
2019-01-16T17:11:31,43.4,211.4,102.9,0.5,15950.0,241.5
2019-01-16T17:12:02,43.4,209.1,104.1,0.5,15950.0,242.5
2019-01-16T17:12:33,0.0,0.0,0.0,0.0,0.0,0.0
2019-01-16T17:13:04,43.2,202.0,104.1,0.5,15960.0,242.5
2019-01-16T17:13:35,43.2,204.9,102.9,0.5,15960.0,242.5
2019-01-16T17:14:06,43.2,220.3,102.3,0.4,15970.0,243.5
2019-01-16T17:14:37,43.2,197.3,104.1,0.5,15970.0,242.5
2019-01-16T17:15:08,43.2,188.4,102.9,0.5,15970.0,243.5
2019-01-16T17:15:39,43.2,210.2,108.2,0.5,15970.0,242.5
2019-01-16T17:16:11,43.4,212.6,112.9,0.4,15980.0,242.5
2019-01-16T17:16:42,43.4,204.3,107.0,0.5,15980.0,242.5
2019-01-16T17:17:13,43.4,213.8,105.8,0.4,15980.0,243.5
2019-01-16T17:17:44,0.0,0.0,0.0,0.0,0.0,0.0
2019-01-16T17:18:15,43.4,219.7,103.5,0.4,15990.0,241.5
2019-01-16T17:18:46,0.0,0.0,0.0,0.0,0.0,0.0
2019-01-16T17:19:17,43.4,218.5,105.8,0.5,15990.0,242.5
2019-01-16T17:19:48,0.0,0.0,0.0,0.0,0.0,0.0
2019-01-16T17:20:19,43.4,223.2,101.7,0.4,15990.0,243.5
2019-01-16T17:20:50,43.4,200.2,107.0,0.5,16000.0,241.5
2019-01-16T17:21:22,43.4,207.9,86.9,0.4,16000.0,239.6
2019-01-16T17:21:53,43.4,194.3,110.0,0.5,16000.0,241.5
2019-01-16T17:22:24,43.4,183.1,97.0,0.5,16000.0,241.5
2019-01-16T17:22:55,43.4,198.4,110.0,0.5,16000.0,241.5
2019-01-16T17:23:26,43.4,220.3,110.0,0.5,16000.0,240.6
2019-01-16T17:23:57,43.4,207.9,130.7,0.4,16000.0,241.5
2019-01-16T17:24:28,43.5,208.5,136.0,0.5,16010.0,241.5
2019-01-16T17:24:59,0.0,0.0,0.0,0.0,0.0,0.0
2019-01-16T17:25:30,43.5,220.9,162.0,0.4,16010.0,237.7
2019-01-16T17:26:01,43.5,207.9,185.1,0.4,16010.0,237.7
2019-01-16T17:26:32,43.5,210.2,202.3,0.5,16010.0,238.6
2019-01-16T17:27:03,43.5,207.9,224.8,0.4,16010.0,237.7
2019-01-16T17:27:34,43.5,212.0,242.5,0.4,16010.0,238.6
2019-01-16T17:28:05,43.6,214.4,225.9,0.5,16010.0,238.6
2019-01-16T17:28:36,43.6,220.9,246.6,0.4,16020.0,239.6
2019-01-16T17:29:07,0.0,0.0,0.0,0.0,0.0,0.0
2019-01-16T17:29:38,43.6,223.2,244.9,0.4,16020.0,240.6
2019-01-16T17:30:09,43.6,214.4,228.9,0.4,16020.0,239.6
2019-01-16T17:30:41,43.5,220.9,241.3,0.5,16020.0,239.6
2019-01-16T17:31:12,43.5,213.2,233.0,0.4,16020.0,240.6
2019-01-16T17:31:43,43.5,219.7,227.7,0.4,16020.0,239.6
2019-01-16T17:32:14,43.6,199.6,244.3,0.4,16030.0,240.6
2019-01-16T17:32:45,43.6,220.9,223.0,0.4,16030.0,240.6
2019-01-16T17:33:16,43.6,213.2,240.1,0.5,16030.0,241.5
2019-01-16T17:33:47,43.5,203.7,235.4,0.4,16030.0,240.6
2019-01-16T17:34:18,43.5,225.6,234.8,0.4,16030.0,241.5
2019-01-16T17:34:49,43.5,213.8,238.4,0.4,16030.0,240.6
2019-01-16T17:35:20,43.5,220.3,236.6,0.5,16030.0,241.5
2019-01-16T17:35:52,43.5,226.2,241.3,0.5,16040.0,239.6
2019-01-16T17:36:23,43.5,221.5,239.0,0.4,16040.0,241.5
2019-01-16T17:36:54,43.4,200.8,224.2,0.5,16040.0,240.6
2019-01-16T17:37:25,43.4,219.1,241.9,0.4,16040.0,240.6
2019-01-16T17:37:56,43.4,217.9,221.8,0.4,16040.0,239.6
2019-01-16T17:38:27,43.4,216.7,239.5,0.4,16040.0,239.6
2019-01-16T17:38:58,43.2,220.3,238.4,0.4,16040.0,239.6
2019-01-16T17:39:29,0.0,0.0,0.0,0.0,0.0,0.0
2019-01-16T17:40:00,43.2,217.3,243.1,0.4,16050.0,237.7
2019-01-16T17:40:32,43.1,219.1,223.0,0.4,16050.0,239.6
2019-01-16T17:41:03,43.1,215.0,240.1,0.4,16050.0,239.6
2019-01-16T17:41:34,43.1,199.0,239.0,0.4,16050.0,239.6
2019-01-16T17:42:05,43.1,222.1,227.7,0.4,16050.0,239.6
2019-01-16T17:42:36,43.1,217.3,249.0,0.4,16050.0,242.5
2019-01-16T17:43:07,43.0,203.2,230.7,0.4,16060.0,241.5
2019-01-16T17:43:38,43.0,225.0,242.5,0.4,16060.0,240.6
2019-01-16T17:44:09,42.9,209.1,232.4,0.4,16060.0,237.7
2019-01-16T17:44:40,42.9,213.8,241.3,0.4,16060.0,238.6
2019-01-16T17:45:11,42.9,219.7,234.8,0.4,16060.0,237.7
2019-01-16T17:45:43,42.9,204.3,219.4,0.4,16060.0,239.6
2019-01-16T17:46:14,42.9,224.4,241.9,0.3,16060.0,238.6
2019-01-16T17:46:45,42.9,208.5,239.0,0.4,16060.0,239.6
2019-01-16T17:47:16,42.9,217.9,243.7,0.4,16070.0,238.6
2019-01-16T17:47:47,42.9,216.2,239.5,0.3,16070.0,239.6
2019-01-16T17:48:18,42.8,215.0,218.3,0.4,16070.0,238.6
2019-01-16T17:48:49,42.8,218.5,225.9,0.4,16070.0,240.6
2019-01-16T17:49:20,42.8,197.3,247.2,0.4,16070.0,238.6
2019-01-16T17:49:51,42.8,209.1,234.2,0.4,16070.0,239.6
2019-01-16T17:50:22,42.7,223.8,218.8,0.4,16070.0,239.6
2019-01-16T17:50:54,0.0,0.0,0.0,0.0,0.0,0.0
2019-01-16T17:51:25,42.7,216.7,241.3,0.4,16080.0,239.6
2019-01-16T17:51:56,42.7,211.4,224.2,0.4,16080.0,238.6
2019-01-16T17:52:27,42.7,213.2,246.6,0.4,16080.0,239.6
2019-01-16T17:52:58,0.0,0.0,0.0,0.0,0.0,0.0
2019-01-16T17:53:29,42.5,203.2,218.3,0.4,16080.0,240.6
2019-01-16T17:54:00,42.5,223.2,240.7,0.3,16080.0,240.6
2019-01-16T17:54:31,42.5,203.7,243.1,0.4,16080.0,240.6
2019-01-16T17:55:02,42.5,207.3,221.2,0.3,16080.0,240.6
2019-01-16T17:55:34,42.4,225.0,244.9,0.3,16090.0,239.6
2019-01-16T17:56:05,42.3,202.0,236.0,0.3,16090.0,241.5
2019-01-16T17:56:36,42.3,217.9,239.5,0.4,16090.0,240.6
2019-01-16T17:57:07,42.3,212.6,241.3,0.4,16090.0,240.6
2019-01-16T17:57:38,42.3,198.4,232.4,0.4,16090.0,241.5
2019-01-16T17:58:09,42.3,219.7,250.8,0.3,16090.0,238.6
2019-01-16T17:58:40,42.3,203.7,228.9,0.3,16090.0,238.6
2019-01-16T17:59:11,42.3,213.8,251.4,0.3,16090.0,239.6
2019-01-16T17:59:42,42.3,206.7,229.5,0.3,16100.0,238.6
2019-01-16T18:00:13,42.4,209.1,216.5,0.3,16100.0,239.6
2019-01-16T18:00:45,42.3,215.0,238.4,0.3,16100.0,238.6
2019-01-16T18:01:16,42.3,193.7,246.1,0.3,16100.0,239.6
2019-01-16T18:01:47,42.3,198.4,225.9,0.3,16100.0,239.6
2019-01-16T18:02:18,42.3,219.7,223.6,0.3,16100.0,238.6
2019-01-16T18:02:49,42.2,202.0,244.9,0.3,16100.0,238.6
2019-01-16T18:03:20,42.2,197.3,239.5,0.3,16100.0,238.6
2019-01-16T18:03:51,42.2,217.3,221.2,0.3,16100.0,239.6
2019-01-16T18:04:22,0.0,0.0,0.0,0.0,0.0,0.0
2019-01-16T18:04:53,42.1,210.2,237.2,0.3,16110.0,238.6
2019-01-16T18:05:24,42.1,210.8,229.5,0.3,16110.0,239.6
2019-01-16T18:05:56,42.1,189.6,249.6,0.3,16110.0,238.6
2019-01-16T18:06:27,42.1,199.0,232.4,0.3,16110.0,239.6
2019-01-16T18:06:58,42.1,216.2,211.7,0.3,16110.0,238.6
2019-01-16T18:07:29,42.0,193.1,230.7,0.3,16110.0,237.7
2019-01-16T18:08:00,42.0,203.7,250.2,0.3,16110.0,237.7
2019-01-16T18:08:31,42.0,213.2,228.3,0.3,16110.0,236.7
2019-01-16T18:09:02,42.0,191.3,239.5,0.3,16110.0,237.7
2019-01-16T18:09:33,41.9,207.3,241.9,0.3,16120.0,237.7
2019-01-16T18:10:04,41.9,207.3,238.4,0.3,16120.0,236.7
2019-01-16T18:10:36,41.7,187.2,224.8,0.3,16120.0,235.7
2019-01-16T18:11:07,41.7,204.3,235.4,0.3,16120.0,236.7
2019-01-16T18:11:38,41.6,197.8,236.6,0.2,16120.0,235.7
2019-01-16T18:12:09,41.6,184.3,228.9,0.2,16120.0,235.7
2019-01-16T18:12:40,41.6,204.3,214.1,0.2,16120.0,236.7
2019-01-16T18:13:11,41.5,193.1,234.8,0.2,16120.0,236.7
2019-01-16T18:13:42,41.4,197.8,235.4,0.2,16120.0,235.7
2019-01-16T18:14:13,41.4,210.8,243.7,0.2,16120.0,236.7
2019-01-16T18:14:44,41.3,187.8,225.9,0.2,16120.0,236.7
2019-01-16T18:15:16,41.3,168.3,234.8,0.2,16120.0,236.7
2019-01-16T18:15:47,41.3,170.7,221.8,0.2,16120.0,236.7
2019-01-16T18:16:18,41.2,190.8,241.9,0.2,16130.0,235.7
2019-01-16T18:16:49,41.2,206.1,239.5,0.2,16130.0,235.7
2019-01-16T18:17:20,41.0,184.3,228.3,0.2,16130.0,235.7
2019-01-16T18:17:51,40.9,201.4,223.0,0.1,16130.0,236.7
2019-01-16T18:18:22,40.9,181.3,201.7,0.1,16130.0,236.7
2019-01-16T18:18:53,40.8,160.0,216.5,0.1,16130.0,236.7
2019-01-16T18:19:25,40.7,178.3,218.8,0.1,16130.0,235.7
2019-01-16T18:19:56,40.7,200.8,198.1,0.1,16130.0,236.7
2019-01-16T18:20:27,40.6,184.8,176.8,0.1,16130.0,235.7
2019-01-16T18:20:58,40.5,164.2,199.3,0.1,16130.0,236.7
2019-01-16T18:21:30,40.5,154.7,220.0,0.1,16130.0,236.7
2019-01-16T18:22:01,40.4,175.4,217.1,0.1,16130.0,235.7
2019-01-16T18:22:32,40.2,196.1,196.4,0.1,16130.0,235.7
2019-01-16T18:23:03,40.2,189.6,175.1,0.0,16130.0,234.8
2019-01-16T18:23:34,40.1,168.9,154.9,0.1,16130.0,236.7
2019-01-16T18:24:05,40.1,147.6,166.8,0.1,16130.0,234.8
2019-01-16T18:24:36,40.0,143.5,187.5,0.1,16130.0,234.8
2019-01-16T18:25:07,39.9,164.2,209.4,0.1,16130.0,236.7
2019-01-16T18:25:38,39.9,184.3,223.0,0.0,16130.0,236.7
2019-01-16T18:26:10,39.8,197.3,198.1,0.1,16130.0,236.7
2019-01-16T18:26:41,39.7,174.8,179.2,0.0,16130.0,237.7
2019-01-16T18:27:12,39.7,154.7,159.1,0.1,16130.0,237.7
2019-01-16T18:27:43,39.5,135.2,176.8,0.1,16130.0,236.7
2019-01-16T18:28:14,39.4,114.0,195.2,0.1,16130.0,236.7
2019-01-16T18:28:45,39.4,125.8,221.2,0.1,16130.0,234.8
2019-01-16T18:29:16,39.3,145.9,209.4,0.1,16130.0,236.7
2019-01-16T18:29:47,39.2,166.5,188.1,0.1,16130.0,236.7
2019-01-16T18:30:18,39.1,186.0,166.8,0.0,16130.0,234.8
2019-01-16T18:30:49,39.1,181.9,148.4,0.0,16130.0,236.7
2019-01-16T18:31:21,39.0,158.9,126.6,0.1,16130.0,234.8
2019-01-16T18:31:52,39.0,140.5,130.7,0.0,16130.0,234.8
2019-01-16T18:32:23,38.9,133.5,152.6,0.0,16130.0,235.7
2019-01-16T18:32:54,38.9,154.7,169.7,0.1,16130.0,233.8
2019-01-16T18:33:25,38.7,173.0,194.6,0.0,16130.0,235.7
2019-01-16T18:33:56,38.6,194.3,214.7,0.0,16130.0,233.8
2019-01-16T18:34:27,38.5,193.7,198.7,0.0,16130.0,235.7
2019-01-16T18:34:58,38.5,175.4,174.5,0.0,16130.0,234.8
2019-01-16T18:35:29,38.5,151.2,153.2,0.0,16130.0,233.8
2019-01-16T18:36:00,38.4,131.1,134.2,0.0,16130.0,234.8
2019-01-16T18:36:31,38.4,111.6,112.9,0.0,16130.0,232.8
2019-01-16T18:37:02,38.3,111.6,110.6,0.0,16130.0,236.7
2019-01-16T18:37:33,38.3,131.1,131.3,0.1,16130.0,237.7
2019-01-16T18:38:04,38.3,154.1,153.2,0.0,16130.0,236.7
2019-01-16T18:38:35,38.3,173.6,170.9,0.0,16130.0,237.7
2019-01-16T18:39:06,38.2,187.2,221.2,0.0,16130.0,236.7
2019-01-16T18:39:37,38.0,187.2,211.7,0.0,16130.0,235.7
2019-01-16T18:40:08,37.9,185.4,205.8,0.0,16130.0,236.7
2019-01-16T18:40:40,37.8,184.8,201.7,0.0,16130.0,237.7
2019-01-16T18:41:11,37.7,183.7,198.1,0.0,16130.0,237.7
2019-01-16T18:41:42,37.7,183.1,194.6,0.0,16130.0,237.7
2019-01-16T18:42:13,37.6,161.2,193.4,0.0,16130.0,237.7
2019-01-16T18:42:44,37.6,180.7,184.5,0.0,16130.0,237.7
2019-01-16T18:43:15,37.6,180.1,180.4,0.0,16130.0,236.7
2019-01-16T18:43:46,37.5,177.8,178.0,0.0,16130.0,237.7
2019-01-16T18:44:17,37.4,147.0,178.0,0.0,16130.0,237.7
2019-01-16T18:44:48,37.4,166.5,167.4,0.0,16130.0,238.6
2019-01-16T18:45:19,37.2,161.2,161.5,0.0,16130.0,237.7
2019-01-16T18:45:51,37.2,152.9,153.2,0.0,16130.0,237.7
2019-01-16T18:46:22,37.1,140.5,140.8,0.0,16130.0,238.6
2019-01-16T18:46:53,37.0,115.7,115.9,0.0,16130.0,237.7
