2019-01-17T06:35:30,32.7,185.4,219.4,0.9,200.0,241.5
2019-01-17T06:36:02,32.7,207.3,233.6,0.9,200.0,242.5
2019-01-17T06:36:33,32.9,220.9,228.9,0.7,210.0,241.5
2019-01-17T06:37:04,32.9,206.1,230.1,0.8,210.0,243.5
2019-01-17T06:37:35,33.0,217.3,236.0,0.7,210.0,241.5
2019-01-17T06:38:06,33.0,203.2,229.5,0.8,220.0,242.5
2019-01-17T06:38:37,33.0,216.7,231.3,0.8,220.0,242.5
2019-01-17T06:39:08,33.1,203.7,230.7,0.7,220.0,242.5
2019-01-17T06:39:39,33.1,204.3,232.4,0.8,230.0,241.5
2019-01-17T06:40:10,33.1,181.3,223.0,1.0,230.0,240.6
2019-01-17T06:40:41,33.1,169.5,232.4,1.1,230.0,241.5
2019-01-17T06:41:13,33.2,192.5,225.9,1.0,240.0,239.6
2019-01-17T06:41:44,33.2,215.0,228.9,1.0,240.0,240.6
2019-01-17T06:42:15,33.2,201.4,230.1,0.9,250.0,240.6
2019-01-17T06:42:46,33.3,209.1,226.5,1.0,250.0,240.6
2019-01-17T06:43:17,33.3,208.5,228.3,0.8,250.0,240.6
2019-01-17T06:43:48,33.3,200.8,239.5,0.9,260.0,242.5
2019-01-17T06:44:19,33.3,216.2,220.6,0.9,260.0,241.5
2019-01-17T06:44:50,33.4,206.1,239.0,0.7,260.0,241.5
2019-01-17T06:45:21,33.4,180.7,218.3,1.0,270.0,241.5
2019-01-17T06:45:53,33.4,167.7,227.7,1.1,270.0,241.5
2019-01-17T06:46:24,33.5,180.1,223.0,0.9,270.0,241.5
2019-01-17T06:46:55,33.5,180.1,227.7,0.9,280.0,241.5
2019-01-17T06:47:26,33.5,166.5,233.6,0.8,280.0,241.5
2019-01-17T06:47:57,33.5,188.4,228.9,0.8,280.0,241.5
2019-01-17T06:48:28,33.7,191.3,221.8,0.7,280.0,240.6
2019-01-17T06:48:59,33.7,197.3,234.2,0.7,290.0,241.5
2019-01-17T06:49:30,33.7,216.2,232.4,0.6,290.0,240.6
2019-01-17T06:50:01,33.7,211.4,225.9,0.8,290.0,240.6
2019-01-17T06:50:33,33.7,210.2,204.6,1.0,300.0,241.5
2019-01-17T06:51:04,33.8,213.2,212.3,1.0,300.0,242.5
2019-01-17T06:51:35,33.8,211.4,220.0,1.1,300.0,242.5
2019-01-17T06:52:06,33.8,214.4,234.8,0.8,310.0,242.5
2019-01-17T06:52:37,33.9,200.8,212.9,0.9,310.0,242.5
2019-01-17T06:53:09,33.9,211.4,230.7,0.9,310.0,243.5
2019-01-17T06:53:40,33.9,205.5,233.6,0.8,320.0,242.5
2019-01-17T06:54:11,33.9,213.2,225.4,0.8,320.0,242.5
2019-01-17T06:54:42,34.0,191.9,238.4,1.0,320.0,242.5
2019-01-17T06:55:13,34.0,172.4,215.9,1.0,330.0,241.5
2019-01-17T06:55:44,34.0,169.5,230.1,1.1,330.0,241.5
2019-01-17T06:56:16,34.0,193.7,229.5,1.0,340.0,242.5
2019-01-17T06:56:47,34.0,195.5,230.1,0.9,340.0,241.5
2019-01-17T06:57:18,34.1,193.1,230.7,0.9,340.0,240.6
2019-01-17T06:57:49,34.1,185.4,238.4,0.9,350.0,241.5
2019-01-17T06:58:20,34.1,187.8,233.0,0.8,350.0,240.6
2019-01-17T06:58:51,34.1,189.0,230.7,0.8,350.0,241.5
2019-01-17T06:59:22,34.1,197.3,224.2,0.7,360.0,240.6
2019-01-17T06:59:53,34.2,216.2,228.9,0.6,360.0,240.6
2019-01-17T07:00:24,34.2,209.1,230.7,0.6,360.0,240.6
2019-01-17T07:00:55,34.2,204.3,233.6,0.5,370.0,240.6
2019-01-17T07:01:27,34.2,214.4,230.7,0.5,370.0,241.5
2019-01-17T07:01:58,34.2,196.7,234.8,0.5,370.0,241.5
2019-01-17T07:02:29,34.2,212.0,235.4,0.5,370.0,238.6
2019-01-17T07:03:00,34.4,196.1,236.6,0.5,380.0,238.6
2019-01-17T07:03:31,34.4,215.6,223.0,0.4,380.0,239.6
2019-01-17T07:04:02,34.4,196.1,239.5,0.5,380.0,240.6
2019-01-17T07:04:33,34.4,208.5,224.8,0.4,380.0,241.5
2019-01-17T07:05:04,34.4,201.4,231.9,0.5,380.0,241.5
2019-01-17T07:05:35,34.4,213.2,228.9,0.4,390.0,242.5
2019-01-17T07:06:07,34.4,196.1,225.9,0.4,390.0,242.5
2019-01-17T07:06:38,34.4,213.2,227.7,0.4,390.0,241.5
2019-01-17T07:07:09,34.4,197.8,227.7,0.4,390.0,241.5
2019-01-17T07:07:40,34.5,206.1,206.4,0.4,390.0,241.5
2019-01-17T07:08:11,34.5,203.7,223.0,0.4,390.0,242.5
2019-01-17T07:08:42,34.5,196.1,231.9,0.4,390.0,241.5
2019-01-17T07:09:13,34.5,214.4,210.0,0.3,400.0,240.6
2019-01-17T07:09:44,34.5,192.5,230.7,0.3,400.0,240.6
2019-01-17T07:10:15,34.5,171.3,221.2,0.4,400.0,241.5
2019-01-17T07:10:46,34.5,188.4,218.8,0.3,400.0,242.5
2019-01-17T07:11:18,34.5,210.2,231.3,0.3,400.0,241.5
2019-01-17T07:11:49,34.5,193.7,210.0,0.3,400.0,240.6
2019-01-17T07:12:20,34.5,173.6,210.6,0.3,400.0,239.6
2019-01-17T07:12:51,34.5,161.2,232.4,0.4,400.0,241.5
2019-01-17T07:13:22,34.5,182.5,218.8,0.3,410.0,238.6
2019-01-17T07:13:53,34.5,163.6,236.0,0.4,410.0,238.6
2019-01-17T07:14:24,34.5,159.4,213.5,0.4,410.0,240.6
2019-01-17T07:14:55,34.5,180.7,204.6,0.3,410.0,238.6
2019-01-17T07:15:26,34.5,202.6,225.9,0.3,410.0,237.7
2019-01-17T07:15:57,34.5,199.0,227.7,0.4,410.0,238.6
2019-01-17T07:16:29,34.5,178.3,207.0,0.3,410.0,239.6
2019-01-17T07:17:00,34.5,157.7,188.1,0.4,410.0,237.7
2019-01-17T07:17:31,34.5,154.1,211.7,0.5,420.0,240.6
2019-01-17T07:18:02,34.5,175.4,220.0,0.5,420.0,241.5
2019-01-17T07:18:33,34.5,197.3,236.0,0.4,420.0,244.4
2019-01-17T07:19:04,34.5,215.6,225.9,0.3,420.0,244.4
2019-01-17T07:19:35,34.5,195.5,236.6,0.4,420.0,244.4
2019-01-17T07:20:06,34.5,175.4,223.6,0.4,420.0,244.4
2019-01-17T07:20:37,34.5,193.7,239.0,0.4,420.0,245.4
2019-01-17T07:21:09,34.5,213.2,217.7,0.4,430.0,245.4
2019-01-17T07:21:40,34.5,200.8,214.7,0.4,430.0,244.4
2019-01-17T07:22:11,34.5,180.1,236.0,0.4,430.0,244.4
2019-01-17T07:22:42,34.5,196.1,213.5,0.4,430.0,245.4
2019-01-17T07:23:13,34.5,215.0,230.7,0.3,430.0,244.4
2019-01-17T07:23:44,34.5,191.9,218.8,0.4,430.0,244.4
2019-01-17T07:24:15,34.5,171.3,225.9,0.4,440.0,244.4
2019-01-17T07:24:46,34.5,155.3,225.9,0.5,440.0,244.4
2019-01-17T07:25:17,34.5,177.8,205.2,0.4,440.0,244.4
2019-01-17T07:25:48,34.5,199.6,223.6,0.4,440.0,245.4
2019-01-17T07:26:20,34.5,216.2,241.9,0.4,440.0,244.4
2019-01-17T07:26:51,34.5,193.1,217.7,0.5,440.0,243.5
2019-01-17T07:27:22,34.5,172.4,197.0,0.5,450.0,243.5
2019-01-17T07:27:53,34.5,151.2,214.7,0.7,450.0,245.4
2019-01-17T07:28:24,34.6,129.9,237.2,0.8,450.0,244.4
2019-01-17T07:28:55,34.6,125.2,229.5,0.8,450.0,245.4
2019-01-17T07:29:26,34.6,151.8,208.8,0.9,450.0,245.4
2019-01-17T07:29:57,34.6,176.0,187.5,0.9,460.0,245.4
2019-01-17T07:30:28,34.6,200.2,212.3,0.8,460.0,245.4
2019-01-17T07:30:59,34.6,226.8,244.3,0.8,460.0,244.4
2019-01-17T07:31:31,34.6,201.4,246.6,1.5,470.0,244.4
2019-01-17T07:32:02,34.6,219.1,218.8,1.5,470.0,244.4
2019-01-17T07:32:33,34.6,220.3,240.1,1.5,480.0,245.4
2019-01-17T07:33:04,34.7,213.2,223.6,1.6,490.0,245.4
2019-01-17T07:33:35,34.7,212.6,237.2,1.6,490.0,246.4
2019-01-17T07:34:06,34.7,211.4,227.7,1.1,500.0,246.4
2019-01-17T07:34:37,34.7,213.8,240.1,0.9,500.0,244.4
2019-01-17T07:35:08,34.7,191.9,219.4,1.0,510.0,245.4
2019-01-17T07:35:39,34.8,191.9,225.9,0.9,510.0,245.4
2019-01-17T07:36:11,34.8,197.3,240.1,0.9,520.0,242.5
2019-01-17T07:36:42,34.8,194.9,220.0,1.0,520.0,242.5
2019-01-17T07:37:13,34.8,193.7,232.4,0.9,520.0,240.6
2019-01-17T07:37:44,34.8,190.8,233.0,0.9,530.0,241.5
2019-01-17T07:38:15,34.8,196.1,227.1,0.9,530.0,243.5
2019-01-17T07:38:46,34.8,194.9,233.6,0.7,530.0,242.5
2019-01-17T07:39:17,34.9,192.5,228.9,0.7,540.0,243.5
2019-01-17T07:39:48,34.9,215.0,239.5,0.7,540.0,244.4
2019-01-17T07:40:19,34.9,202.0,228.3,0.9,540.0,243.5
2019-01-17T07:40:50,34.9,207.9,231.3,0.8,550.0,244.4
2019-01-17T07:41:22,34.9,203.7,237.8,0.9,550.0,244.4
2019-01-17T07:41:53,34.9,213.2,225.9,0.8,550.0,244.4
2019-01-17T07:42:24,34.9,203.2,236.0,0.9,560.0,243.5
2019-01-17T07:42:55,35.0,210.8,225.9,0.8,560.0,244.4
2019-01-17T07:43:26,35.0,206.1,236.6,0.8,560.0,244.4
2019-01-17T07:43:57,35.0,218.5,222.4,0.7,570.0,243.5
2019-01-17T07:44:28,35.0,209.1,236.0,0.7,570.0,242.5
2019-01-17T07:44:59,35.0,207.3,231.3,0.7,570.0,244.4
2019-01-17T07:45:30,35.0,217.3,227.7,0.7,580.0,244.4
2019-01-17T07:46:01,35.0,196.7,239.0,0.8,580.0,243.5
2019-01-17T07:46:32,35.0,218.5,220.0,0.7,580.0,243.5
2019-01-17T07:47:03,35.2,196.1,244.9,0.9,590.0,243.5
2019-01-17T07:47:34,35.2,193.1,228.3,0.8,590.0,242.5
2019-01-17T07:48:05,35.2,171.3,239.0,0.9,590.0,245.4
2019-01-17T07:48:36,35.2,168.9,231.9,0.9,600.0,244.4
2019-01-17T07:49:07,35.2,189.6,224.8,0.9,600.0,243.5
2019-01-17T07:49:38,35.2,186.6,234.8,0.9,600.0,244.4
2019-01-17T07:50:09,35.2,189.6,223.0,0.9,610.0,243.5
2019-01-17T07:50:41,35.2,197.3,231.9,0.9,610.0,244.4
2019-01-17T07:51:12,35.3,175.4,220.0,1.0,610.0,243.5
2019-01-17T07:51:43,35.3,189.0,227.7,0.8,620.0,242.5
2019-01-17T07:52:14,35.3,184.3,234.8,0.9,620.0,244.4
2019-01-17T07:52:45,35.3,165.4,219.4,1.0,620.0,243.5
2019-01-17T07:53:16,35.3,186.0,239.5,0.9,630.0,243.5
2019-01-17T07:53:47,35.4,184.8,220.0,0.9,630.0,243.5
2019-01-17T07:54:18,35.4,164.2,217.7,1.0,630.0,242.5
2019-01-17T07:54:49,35.4,182.5,240.1,1.0,640.0,242.5
2019-01-17T07:55:20,35.4,189.6,223.6,1.0,640.0,243.5
2019-01-17T07:55:52,35.4,168.9,220.6,1.2,640.0,243.5
2019-01-17T07:56:23,35.4,157.1,241.3,1.2,650.0,241.5
2019-01-17T07:56:54,35.4,183.1,216.5,1.2,650.0,242.5
2019-01-17T07:57:25,35.5,194.9,234.8,1.1,660.0,241.5
2019-01-17T07:57:56,35.5,174.2,228.3,1.2,660.0,242.5
2019-01-17T07:58:27,35.5,175.4,231.9,1.2,660.0,242.5
2019-01-17T07:58:58,35.5,196.7,227.7,1.0,670.0,243.5
2019-01-17T07:59:29,35.5,194.3,228.3,1.0,670.0,242.5
2019-01-17T08:00:00,35.6,184.8,225.9,1.1,680.0,242.5
2019-01-17T08:00:32,35.6,191.9,228.9,1.0,680.0,242.5
2019-01-17T08:01:03,35.6,197.3,234.8,0.9,690.0,242.5
2019-01-17T08:01:34,35.6,195.5,227.1,1.0,690.0,242.5
2019-01-17T08:02:05,35.6,194.3,229.5,1.0,690.0,242.5
2019-01-17T08:02:36,35.6,179.5,236.0,1.0,700.0,242.5
2019-01-17T08:03:07,35.6,196.1,227.7,1.0,700.0,243.5
2019-01-17T08:03:38,35.6,178.3,228.9,1.1,710.0,243.5
2019-01-17T08:04:09,35.6,158.3,233.6,1.3,710.0,243.5
2019-01-17T08:04:40,35.6,182.5,222.4,1.3,720.0,243.5
2019-01-17T08:05:11,35.7,205.5,241.9,1.1,720.0,243.5
2019-01-17T08:05:43,35.7,213.2,216.5,1.2,720.0,243.5
2019-01-17T08:06:14,35.7,183.1,189.3,1.8,730.0,243.5
2019-01-17T08:06:45,35.7,150.0,158.5,2.9,740.0,245.4
2019-01-17T08:07:16,35.7,154.1,169.1,2.0,740.0,244.4
2019-01-17T08:07:47,35.9,190.2,208.8,2.4,750.0,245.4
2019-01-17T08:08:18,35.9,222.1,239.5,2.4,760.0,245.4
2019-01-17T08:08:49,35.9,220.9,228.3,2.3,770.0,245.4
2019-01-17T08:09:20,36.0,222.7,228.9,2.1,780.0,246.4
2019-01-17T08:09:51,36.0,219.7,236.0,2.1,790.0,245.4
2019-01-17T08:10:22,36.1,219.1,230.1,2.2,800.0,246.4
2019-01-17T08:10:54,36.1,223.2,225.4,2.2,810.0,246.4
2019-01-17T08:11:25,36.1,228.0,234.2,2.0,820.0,245.4
2019-01-17T08:11:56,36.2,224.4,228.9,1.8,830.0,246.4
2019-01-17T08:12:27,36.2,225.0,231.9,1.7,840.0,245.4
2019-01-17T08:12:58,36.2,223.8,229.5,1.7,850.0,246.4
2019-01-17T08:13:29,36.3,226.8,228.9,1.6,860.0,246.4
2019-01-17T08:14:00,36.3,215.0,231.3,1.5,870.0,245.4
2019-01-17T08:14:31,36.3,207.9,239.5,1.7,870.0,245.4
2019-01-17T08:15:02,36.4,204.9,237.8,1.2,880.0,243.5
2019-01-17T08:15:34,36.4,220.9,213.5,1.1,880.0,243.5
2019-01-17T08:16:05,36.4,193.1,205.8,1.9,890.0,243.5
2019-01-17T08:16:36,36.4,187.8,192.2,1.4,890.0,244.4
2019-01-17T08:17:07,36.4,190.2,202.3,0.8,900.0,242.5
2019-01-17T08:17:38,36.4,209.1,223.0,0.7,900.0,240.6
2019-01-17T08:18:09,36.4,196.1,224.8,0.7,900.0,242.5
2019-01-17T08:18:40,36.4,211.4,212.9,0.7,910.0,241.5
2019-01-17T08:19:11,36.4,188.4,234.2,0.8,910.0,241.5
2019-01-17T08:19:42,36.4,170.1,215.3,0.9,910.0,242.5
2019-01-17T08:20:13,36.4,190.8,210.0,0.9,910.0,241.5
2019-01-17T08:20:45,36.4,213.8,215.9,0.8,920.0,242.5
2019-01-17T08:21:17,36.4,194.9,239.5,0.9,920.0,242.5
2019-01-17T08:21:48,36.4,172.4,217.1,1.1,920.0,243.5
2019-01-17T08:22:19,36.4,152.4,204.6,1.4,930.0,242.5
2019-01-17T08:22:50,36.4,164.2,217.7,1.2,930.0,242.5
2019-01-17T08:23:21,36.4,172.4,231.9,1.1,940.0,242.5
2019-01-17T08:23:52,36.4,193.1,210.6,1.0,940.0,242.5
2019-01-17T08:24:23,36.4,175.4,221.2,1.2,940.0,241.5
2019-01-17T08:24:54,36.5,163.6,239.0,1.3,950.0,242.5
2019-01-17T08:25:25,36.5,186.0,215.9,1.1,950.0,243.5
2019-01-17T08:25:56,36.5,185.4,230.1,1.1,960.0,242.5
2019-01-17T08:26:28,36.5,164.2,228.9,1.2,960.0,243.5
2019-01-17T08:26:59,36.5,177.2,212.9,1.2,960.0,242.5
2019-01-17T08:27:30,36.5,196.1,237.2,1.0,970.0,242.5
2019-01-17T08:28:01,36.5,196.7,220.0,1.1,970.0,241.5
2019-01-17T08:28:32,36.5,194.9,233.0,1.1,980.0,241.5
2019-01-17T08:29:03,36.5,194.3,220.0,1.2,980.0,241.5
2019-01-17T08:29:34,36.5,192.5,237.8,1.1,990.0,241.5
2019-01-17T08:30:05,36.7,189.0,217.7,1.2,990.0,241.5
2019-01-17T08:30:36,36.7,183.7,237.8,1.2,990.0,241.5
2019-01-17T08:31:08,36.7,189.0,220.6,1.1,1000.0,244.4
2019-01-17T08:31:39,36.7,196.7,237.8,1.1,1000.0,244.4
2019-01-17T08:32:10,36.7,191.9,223.0,1.1,1010.0,243.5
2019-01-17T08:32:41,36.7,196.1,218.8,1.1,1010.0,242.5
2019-01-17T08:33:12,36.7,192.5,223.6,1.1,1020.0,242.5
2019-01-17T08:33:43,36.7,195.5,234.8,1.1,1020.0,242.5
2019-01-17T08:34:14,36.7,192.5,235.4,1.3,1030.0,243.5
2019-01-17T08:34:45,36.8,184.3,225.4,1.3,1030.0,242.5
2019-01-17T08:35:16,36.8,161.8,223.0,1.5,1040.0,241.5
2019-01-17T08:35:47,36.7,178.9,225.9,1.4,1040.0,246.4
2019-01-17T08:36:19,36.8,184.8,228.9,1.2,1050.0,245.4
2019-01-17T08:36:50,36.8,190.2,234.8,1.2,1050.0,247.3
2019-01-17T08:37:21,36.8,190.2,236.0,1.1,1060.0,246.4
2019-01-17T08:37:52,36.8,191.3,222.4,1.2,1060.0,246.4
2019-01-17T08:38:23,36.8,184.8,245.5,1.3,1070.0,246.4
2019-01-17T08:38:54,36.9,169.5,241.9,1.4,1070.0,246.4
2019-01-17T08:39:25,36.9,193.1,231.9,1.8,1080.0,247.3
2019-01-17T08:39:56,36.9,191.9,233.0,1.4,1080.0,247.3
2019-01-17T08:40:27,36.9,214.4,231.3,1.8,1090.0,248.3
2019-01-17T08:40:58,36.9,223.2,241.9,2.7,1100.0,249.3
2019-01-17T08:41:30,37.0,211.4,234.8,1.4,1110.0,247.3
2019-01-17T08:42:01,37.0,217.3,224.8,1.0,1120.0,247.3
2019-01-17T08:42:32,37.0,214.4,229.5,1.0,1120.0,245.4
2019-01-17T08:43:03,37.1,216.2,224.2,1.0,1130.0,246.4
2019-01-17T08:43:34,37.1,220.3,225.4,0.9,1130.0,245.4
2019-01-17T08:44:05,37.1,218.5,232.4,1.0,1140.0,246.4
2019-01-17T08:44:36,37.1,211.4,231.9,1.1,1140.0,246.4
2019-01-17T08:45:07,37.1,208.5,223.6,1.0,1140.0,244.4
2019-01-17T08:45:38,37.2,218.5,228.9,0.9,1150.0,245.4
2019-01-17T08:46:10,37.1,217.9,235.4,1.0,1150.0,245.4
2019-01-17T08:46:41,37.2,209.1,225.9,0.9,1160.0,245.4
2019-01-17T08:47:12,37.2,206.1,225.9,1.0,1160.0,245.4
2019-01-17T08:47:43,37.2,213.8,237.8,1.0,1170.0,244.4
2019-01-17T08:48:14,37.2,213.8,230.1,1.0,1170.0,244.4
2019-01-17T08:48:45,37.2,202.0,223.6,1.0,1180.0,245.4
2019-01-17T08:49:16,37.4,211.4,236.0,1.0,1180.0,244.4
2019-01-17T08:49:47,37.4,202.0,225.9,1.0,1180.0,245.4
2019-01-17T08:50:18,37.4,212.6,225.9,1.0,1190.0,246.4
2019-01-17T08:50:49,37.4,202.0,236.6,1.1,1190.0,245.4
2019-01-17T08:51:21,37.4,212.0,223.0,1.0,1200.0,246.4
2019-01-17T08:51:52,37.4,190.8,234.8,1.2,1200.0,245.4
2019-01-17T08:52:23,37.4,197.3,224.8,1.1,1210.0,243.5
2019-01-17T08:52:54,37.5,217.9,228.9,1.1,1210.0,245.4
2019-01-17T08:53:25,37.5,196.1,236.6,1.1,1220.0,245.4
2019-01-17T08:53:56,37.5,193.7,222.4,1.2,1220.0,245.4
2019-01-17T08:54:27,37.5,216.7,239.5,1.2,1230.0,245.4
2019-01-17T08:54:58,37.5,202.0,227.1,1.2,1230.0,247.3
2019-01-17T08:55:29,37.5,213.8,228.9,1.2,1240.0,245.4
2019-01-17T08:56:00,37.6,203.7,233.6,1.3,1240.0,246.4
2019-01-17T08:56:31,37.6,216.2,224.8,1.2,1250.0,246.4
2019-01-17T08:57:02,37.6,217.9,241.3,1.2,1250.0,245.4
2019-01-17T08:57:33,37.6,202.6,218.8,1.3,1260.0,246.4
2019-01-17T08:58:04,37.6,215.6,236.6,1.3,1270.0,247.3
2019-01-17T08:58:35,37.6,216.2,227.7,1.3,1270.0,246.4
2019-01-17T08:59:06,37.6,216.2,228.9,1.2,1280.0,247.3
2019-01-17T08:59:37,37.6,215.0,236.6,1.3,1280.0,247.3
2019-01-17T09:00:08,37.6,206.7,230.1,1.4,1290.0,247.3
2019-01-17T09:00:40,37.6,220.3,223.0,1.2,1290.0,247.3
2019-01-17T09:01:11,37.6,216.7,226.5,1.3,1300.0,246.4
2019-01-17T09:01:42,37.6,204.9,232.4,1.3,1310.0,247.3
2019-01-17T09:02:13,37.6,218.5,232.4,1.3,1310.0,246.4
2019-01-17T09:02:44,37.7,216.7,225.4,1.2,1320.0,245.4
2019-01-17T09:03:15,37.7,217.9,223.6,1.3,1320.0,246.4
2019-01-17T09:03:46,37.7,216.7,233.6,1.2,1330.0,245.4
2019-01-17T09:04:17,37.7,206.7,236.0,1.3,1330.0,245.4
2019-01-17T09:04:48,37.7,211.4,230.1,1.2,1340.0,246.4
2019-01-17T09:05:19,37.7,217.3,224.2,1.2,1350.0,246.4
2019-01-17T09:05:51,37.7,207.9,228.9,1.2,1350.0,246.4
2019-01-17T09:06:22,37.8,212.0,236.0,1.3,1360.0,246.4
2019-01-17T09:06:53,37.8,213.8,225.9,1.2,1360.0,246.4
2019-01-17T09:07:24,37.8,219.1,227.1,1.1,1370.0,245.4
2019-01-17T09:07:55,37.8,216.7,232.4,1.3,1370.0,246.4
2019-01-17T09:08:26,37.8,202.0,215.9,1.2,1380.0,246.4
2019-01-17T09:08:57,37.9,193.1,207.0,1.5,1390.0,246.4
2019-01-17T09:09:28,37.9,193.7,223.0,1.3,1390.0,245.4
2019-01-17T09:09:59,37.9,194.3,226.5,1.4,1400.0,245.4
2019-01-17T09:10:30,37.9,194.9,232.4,1.3,1400.0,246.4
2019-01-17T09:11:02,37.9,190.8,221.2,1.4,1410.0,248.3
2019-01-17T09:11:33,37.9,196.1,224.8,1.3,1410.0,245.4
2019-01-17T09:12:04,37.9,192.5,232.4,1.4,1420.0,246.4
2019-01-17T09:12:35,37.9,184.8,234.2,1.3,1420.0,246.4
2019-01-17T09:13:06,38.0,187.2,223.6,1.3,1430.0,246.4
2019-01-17T09:13:37,38.0,190.2,230.1,1.4,1440.0,247.3
2019-01-17T09:14:08,38.0,168.3,221.8,1.5,1440.0,248.3
2019-01-17T09:14:39,38.0,160.6,236.6,1.8,1450.0,246.4
2019-01-17T09:15:10,38.0,192.5,206.4,2.5,1450.0,247.3
2019-01-17T09:15:41,38.2,205.5,195.8,3.9,1460.0,247.3
2019-01-17T09:16:13,38.2,213.8,228.9,4.5,1480.0,250.2
2019-01-17T09:16:44,38.2,194.9,224.8,5.1,1500.0,250.2
2019-01-17T09:17:15,38.3,185.4,218.3,2.1,1510.0,248.3
2019-01-17T09:17:46,38.3,187.2,223.6,1.8,1520.0,247.3
2019-01-17T09:18:17,38.4,181.9,234.8,1.9,1520.0,246.4
2019-01-17T09:18:48,38.4,167.1,246.1,5.3,1540.0,247.3
2019-01-17T09:19:19,38.5,167.1,223.6,3.2,1550.0,248.3
2019-01-17T09:19:50,38.5,189.6,242.5,4.1,1560.0,248.3
2019-01-17T09:20:21,38.5,165.4,214.7,5.7,1580.0,250.2
2019-01-17T09:20:52,38.6,173.0,216.5,6.0,1600.0,250.2
2019-01-17T09:21:24,38.6,184.3,219.4,5.8,1610.0,251.2
2019-01-17T09:21:55,38.7,184.3,224.8,5.4,1630.0,248.3
2019-01-17T09:22:26,38.9,186.0,227.7,5.5,1650.0,248.3
2019-01-17T09:22:57,38.9,187.2,228.9,5.5,1670.0,249.3
2019-01-17T09:23:28,39.0,186.0,217.1,5.6,1690.0,248.3
2019-01-17T09:23:59,39.1,186.0,220.0,5.6,1710.0,248.3
2019-01-17T09:24:30,39.1,180.7,224.8,5.9,1730.0,247.3
2019-01-17T09:25:01,39.2,184.3,221.2,2.1,1740.0,245.4
2019-01-17T09:25:32,39.2,149.4,247.8,5.6,1750.0,246.4
2019-01-17T09:26:04,39.2,170.1,224.8,5.7,1760.0,248.3
2019-01-17T09:26:35,39.3,180.7,220.6,5.8,1780.0,247.3
2019-01-17T09:27:06,39.3,182.5,227.1,5.5,1800.0,247.3
2019-01-17T09:27:37,39.4,184.3,227.7,3.6,1820.0,247.3
2019-01-17T09:28:08,39.5,178.3,220.0,5.8,1830.0,250.2
2019-01-17T09:28:39,39.5,179.5,222.4,5.9,1850.0,248.3
2019-01-17T09:29:10,39.7,177.8,216.5,5.9,1870.0,248.3
2019-01-17T09:29:41,39.7,179.5,215.3,6.2,1890.0,248.3
2019-01-17T09:30:12,39.8,177.8,217.7,5.7,1910.0,245.4
2019-01-17T09:30:43,39.9,181.3,217.7,2.0,1920.0,244.4
2019-01-17T09:31:15,39.8,186.0,202.3,1.9,1930.0,245.4
2019-01-17T09:31:46,39.9,201.4,225.4,2.4,1930.0,246.4
2019-01-17T09:32:17,39.9,192.5,241.9,2.6,1950.0,246.4
2019-01-17T09:32:48,39.9,184.8,220.0,1.9,1960.0,246.4
2019-01-17T09:33:19,39.9,163.0,204.6,6.8,1970.0,248.3
2019-01-17T09:33:50,40.0,183.1,215.3,6.5,1990.0,248.3
2019-01-17T09:34:21,40.0,183.1,218.8,6.0,2010.0,247.3
2019-01-17T09:34:52,40.1,178.9,210.6,6.4,2030.0,248.3
2019-01-17T09:35:23,40.1,177.8,210.6,6.3,2050.0,248.3
2019-01-17T09:35:54,40.2,178.9,220.6,6.1,2070.0,247.3
2019-01-17T09:36:26,40.2,180.1,215.9,6.1,2100.0,249.3
2019-01-17T09:36:57,40.4,181.3,211.7,5.9,2120.0,248.3
2019-01-17T09:37:28,40.4,180.7,211.7,6.0,2140.0,248.3
2019-01-17T09:37:59,40.5,181.3,211.7,5.9,2150.0,247.3
2019-01-17T09:38:30,40.5,178.3,217.7,6.0,2170.0,247.3
2019-01-17T09:39:01,40.6,177.8,218.3,6.1,2190.0,247.3
2019-01-17T09:39:32,40.6,179.5,217.7,6.1,2210.0,246.4
2019-01-17T09:40:03,40.7,178.9,211.2,6.1,2230.0,247.3
2019-01-17T09:40:34,40.8,177.2,217.7,6.1,2250.0,247.3
2019-01-17T09:41:06,40.7,176.0,210.6,6.1,2270.0,246.4
2019-01-17T09:41:37,40.8,174.2,217.1,6.2,2290.0,247.3
2019-01-17T09:42:08,40.8,173.0,211.2,6.2,2310.0,247.3
2019-01-17T09:42:39,40.9,176.0,209.4,6.2,2330.0,247.3
2019-01-17T09:43:10,40.9,174.8,208.8,6.1,2350.0,247.3
2019-01-17T09:43:41,41.0,177.8,208.2,6.1,2370.0,247.3
2019-01-17T09:44:12,41.0,170.7,202.9,6.4,2390.0,247.3
2019-01-17T09:44:43,41.2,172.4,214.7,6.5,2410.0,246.4
2019-01-17T09:45:14,41.3,173.6,206.4,1.8,2420.0,244.4
2019-01-17T09:45:45,41.2,184.3,231.9,4.4,2430.0,247.3
2019-01-17T09:46:17,41.0,176.0,215.9,6.5,2450.0,247.3
2019-01-17T09:46:48,41.2,171.3,213.5,6.5,2470.0,247.3
2019-01-17T09:47:19,41.3,171.9,210.0,6.6,2490.0,247.3
2019-01-17T09:47:50,41.4,174.2,210.0,6.5,2510.0,247.3
2019-01-17T09:48:21,41.4,174.2,211.2,6.6,2530.0,248.3
2019-01-17T09:48:52,41.5,177.2,210.0,6.3,2550.0,247.3
2019-01-17T09:49:23,41.6,171.9,217.7,6.7,2570.0,247.3
2019-01-17T09:49:54,41.6,177.2,214.7,6.6,2590.0,246.4
2019-01-17T09:50:25,41.7,188.4,201.7,5.3,2610.0,245.4
2019-01-17T09:50:56,41.7,174.8,213.5,2.6,2620.0,245.4
2019-01-17T09:51:28,41.9,161.2,213.5,7.3,2640.0,246.4
2019-01-17T09:51:59,41.9,176.6,217.1,6.7,2660.0,245.4
2019-01-17T09:52:30,42.0,174.8,204.1,6.9,2690.0,245.4
2019-01-17T09:53:01,42.1,176.0,205.8,2.3,2700.0,241.5
2019-01-17T09:53:32,42.1,178.3,207.6,2.0,2710.0,242.5
2019-01-17T09:54:03,42.1,176.6,212.9,1.9,2710.0,241.5
2019-01-17T09:54:34,42.1,167.1,217.7,2.0,2720.0,240.6
2019-01-17T09:55:05,42.1,135.2,212.9,3.3,2730.0,242.5
2019-01-17T09:55:36,42.1,160.0,194.6,3.3,2740.0,241.5
2019-01-17T09:56:08,42.1,132.9,219.4,7.4,2760.0,246.4
2019-01-17T09:56:39,42.1,167.7,215.9,7.1,2780.0,245.4
2019-01-17T09:57:10,42.1,175.4,218.8,7.0,2800.0,246.4
2019-01-17T09:57:41,42.2,176.0,215.9,3.9,2820.0,247.3
2019-01-17T09:58:12,42.2,182.5,224.8,6.4,2840.0,249.3
2019-01-17T09:58:43,42.2,174.2,212.9,7.0,2860.0,248.3
2019-01-17T09:59:14,42.3,176.0,215.9,7.1,2880.0,249.3
2019-01-17T09:59:45,42.3,174.2,213.5,7.1,2900.0,249.3
2019-01-17T10:00:16,42.4,174.2,211.7,7.1,2930.0,249.3
2019-01-17T10:00:47,42.4,178.3,207.0,7.0,2950.0,250.2
2019-01-17T10:01:19,42.5,171.3,211.7,7.2,2970.0,248.3
2019-01-17T10:01:50,42.7,168.9,218.8,7.4,2990.0,250.2
2019-01-17T10:02:21,42.7,174.2,211.7,7.2,3020.0,249.3
2019-01-17T10:02:52,42.8,172.4,207.0,7.3,3040.0,249.3
2019-01-17T10:03:23,42.8,167.7,208.8,7.5,3060.0,250.2
2019-01-17T10:03:54,42.9,173.6,200.5,7.2,3090.0,248.3
2019-01-17T10:04:25,42.9,165.9,218.3,7.6,3110.0,248.3
2019-01-17T10:04:56,42.9,167.1,207.6,7.7,3130.0,248.3
2019-01-17T10:05:27,43.0,164.8,224.2,7.6,3150.0,249.3
2019-01-17T10:05:58,43.0,172.4,210.6,7.6,3170.0,249.3
2019-01-17T10:06:30,43.1,169.5,211.7,4.5,3190.0,247.3
2019-01-17T10:07:01,43.2,150.0,228.3,6.6,3210.0,246.4
2019-01-17T10:07:32,43.2,146.4,214.7,3.8,3220.0,245.4
2019-01-17T10:08:03,43.2,163.0,223.0,2.9,3230.0,245.4
2019-01-17T10:08:34,43.1,179.5,196.4,3.7,3240.0,246.4
2019-01-17T10:09:05,43.1,179.5,175.7,5.0,3260.0,246.4
2019-01-17T10:09:36,43.1,185.4,195.8,5.9,3270.0,247.3
2019-01-17T10:10:07,43.1,190.2,204.1,4.7,3290.0,247.3
2019-01-17T10:10:38,43.1,173.0,208.8,4.8,3310.0,247.3
2019-01-17T10:11:10,43.1,158.9,211.2,6.7,3330.0,246.4
2019-01-17T10:11:41,43.2,175.4,210.0,5.5,3340.0,245.4
2019-01-17T10:12:12,43.1,183.7,181.6,6.0,3360.0,245.4
2019-01-17T10:12:43,43.2,178.9,186.9,2.5,3370.0,244.4
2019-01-17T10:13:14,43.2,182.5,211.2,2.5,3380.0,243.5
2019-01-17T10:13:45,43.1,187.8,221.2,2.4,3390.0,242.5
2019-01-17T10:14:16,43.1,181.3,222.4,3.7,3400.0,244.4
2019-01-17T10:14:47,43.1,183.7,193.4,4.6,3410.0,246.4
2019-01-17T10:15:18,43.0,184.3,188.7,6.4,3430.0,248.3
2019-01-17T10:15:49,43.0,172.4,212.3,7.0,3460.0,247.3
2019-01-17T10:16:21,43.1,167.1,213.5,7.5,3480.0,246.4
2019-01-17T10:16:52,43.1,166.5,207.6,7.7,3500.0,247.3
2019-01-17T10:17:23,43.1,163.6,208.2,7.7,3530.0,247.3
2019-01-17T10:17:54,43.2,175.4,214.7,6.7,3550.0,245.4
2019-01-17T10:18:25,43.2,172.4,220.0,7.5,3570.0,246.4
2019-01-17T10:18:56,43.2,174.2,207.6,3.9,3590.0,244.4
2019-01-17T10:19:27,43.2,177.2,211.7,2.4,3600.0,243.5
2019-01-17T10:19:58,43.2,181.3,230.7,2.4,3600.0,245.4
2019-01-17T10:20:29,43.2,178.9,237.2,4.1,3610.0,245.4
2019-01-17T10:21:00,43.2,180.1,211.2,3.1,3630.0,244.4
2019-01-17T10:21:31,43.2,181.3,217.1,2.3,3640.0,245.4
2019-01-17T10:22:02,43.2,193.7,239.0,2.1,3650.0,245.4
2019-01-17T10:22:33,43.2,155.3,201.1,6.5,3660.0,246.4
2019-01-17T10:23:04,43.2,140.5,217.1,2.9,3680.0,244.4
2019-01-17T10:23:35,43.2,152.4,223.0,2.6,3680.0,244.4
2019-01-17T10:24:06,43.2,121.0,186.3,7.3,3700.0,246.4
2019-01-17T10:24:37,43.2,136.4,192.2,3.1,3710.0,244.4
2019-01-17T10:25:08,43.2,168.3,225.4,5.0,3720.0,246.4
2019-01-17T10:25:40,43.2,167.7,241.3,6.4,3730.0,247.3
2019-01-17T10:26:11,43.2,177.8,214.7,7.7,3750.0,248.3
2019-01-17T10:26:42,43.2,179.5,211.7,2.4,3770.0,244.4
2019-01-17T10:27:13,43.2,166.5,202.9,3.9,3780.0,245.4
2019-01-17T10:27:44,43.2,167.7,200.5,2.6,3790.0,246.4
2019-01-17T10:28:15,43.2,175.4,208.8,4.7,3800.0,248.3
2019-01-17T10:28:46,43.2,167.1,218.8,7.5,3820.0,249.3
2019-01-17T10:29:17,43.2,173.6,211.2,7.2,3850.0,248.3
2019-01-17T10:29:48,43.4,161.2,206.4,7.0,3870.0,247.3
2019-01-17T10:30:19,43.4,163.0,214.7,7.6,3890.0,248.3
2019-01-17T10:30:51,43.4,164.8,214.7,7.5,3910.0,249.3
2019-01-17T10:31:22,43.5,163.0,214.7,7.5,3940.0,248.3
2019-01-17T10:31:53,43.5,161.8,211.2,7.7,3960.0,248.3
2019-01-17T10:32:24,43.6,164.2,214.7,7.4,3980.0,247.3
2019-01-17T10:32:55,43.7,161.2,211.2,7.5,4000.0,247.3
2019-01-17T10:33:26,43.7,163.0,215.9,7.4,4030.0,247.3
2019-01-17T10:33:57,43.8,170.1,210.6,7.1,4050.0,248.3
2019-01-17T10:34:28,43.8,181.3,207.6,6.6,4070.0,248.3
2019-01-17T10:34:59,43.9,169.5,210.0,6.6,4090.0,247.3
2019-01-17T10:35:30,43.9,159.4,211.7,7.4,4110.0,246.4
2019-01-17T10:36:02,44.0,160.0,212.3,7.4,4140.0,247.3
2019-01-17T10:36:33,44.0,155.3,211.7,7.6,4160.0,246.4
2019-01-17T10:37:04,44.0,163.0,214.1,7.2,4180.0,248.3
2019-01-17T10:37:35,44.0,163.6,213.5,7.1,4200.0,246.4
2019-01-17T10:38:06,44.2,155.3,208.2,7.2,4220.0,247.3
2019-01-17T10:38:37,44.2,159.4,208.2,7.0,4240.0,247.3
2019-01-17T10:39:08,44.3,155.3,207.0,7.7,4270.0,248.3
2019-01-17T10:39:39,44.3,155.3,211.7,7.7,4290.0,248.3
2019-01-17T10:40:10,44.3,156.5,212.3,7.3,4310.0,247.3
2019-01-17T10:40:42,44.3,155.3,212.9,7.1,4330.0,247.3
2019-01-17T10:41:13,44.4,155.9,214.1,7.7,4350.0,249.3
2019-01-17T10:41:44,44.4,146.4,214.1,7.7,4370.0,247.3
2019-01-17T10:42:15,44.4,159.4,211.2,7.3,4400.0,250.2
2019-01-17T10:42:46,44.5,157.7,211.2,6.9,4420.0,248.3
2019-01-17T10:43:17,44.5,158.3,206.4,7.5,4440.0,248.3
2019-01-17T10:43:48,44.5,149.4,205.2,7.5,4460.0,247.3
2019-01-17T10:44:19,44.6,161.2,201.7,7.3,4480.0,247.3
2019-01-17T10:44:50,44.6,158.9,207.6,7.7,4500.0,248.3
2019-01-17T10:45:21,44.6,165.9,202.9,7.6,4530.0,248.3
2019-01-17T10:45:53,44.6,155.9,202.3,7.6,4550.0,247.3
2019-01-17T10:46:24,44.6,155.9,203.5,7.6,4570.0,247.3
2019-01-17T10:46:55,44.6,164.2,206.4,6.6,4590.0,249.3
2019-01-17T10:47:26,44.7,147.0,204.1,7.7,4610.0,248.3
2019-01-17T10:47:57,44.7,149.4,207.0,7.6,4630.0,247.3
2019-01-17T10:48:28,44.7,155.3,208.8,7.7,4660.0,248.3
2019-01-17T10:48:59,44.9,161.2,207.0,7.3,4680.0,247.3
2019-01-17T10:49:30,44.9,155.3,212.3,7.7,4700.0,248.3
2019-01-17T10:50:01,44.9,151.2,211.2,7.6,4720.0,248.3
2019-01-17T10:50:33,44.9,144.7,209.4,7.6,4740.0,248.3
2019-01-17T10:51:04,44.9,149.4,207.0,7.4,4760.0,248.3
2019-01-17T10:51:35,44.9,145.3,205.2,7.8,4780.0,246.4
2019-01-17T10:52:06,45.0,145.9,207.0,7.7,4810.0,245.4
2019-01-17T10:52:37,45.0,147.0,202.9,8.0,4830.0,247.3
2019-01-17T10:53:08,45.1,155.9,202.3,7.4,4850.0,248.3
2019-01-17T10:53:39,45.1,161.2,213.5,7.2,4870.0,249.3
2019-01-17T10:54:10,45.1,158.9,207.0,7.3,4890.0,248.3
2019-01-17T10:54:41,45.1,152.4,213.5,7.2,4910.0,247.3
2019-01-17T10:55:12,45.1,149.4,208.8,7.3,4930.0,249.3
2019-01-17T10:55:44,45.1,158.3,212.9,7.3,4950.0,248.3
2019-01-17T10:56:15,45.1,163.0,207.0,6.0,4980.0,246.4
2019-01-17T10:56:46,45.2,156.5,208.2,7.5,5000.0,247.3
2019-01-17T10:57:17,45.2,154.1,212.9,7.6,5020.0,248.3
2019-01-17T10:57:48,45.2,144.7,214.1,7.7,5040.0,248.3
2019-01-17T10:58:19,45.1,161.8,210.0,7.3,5060.0,247.3
2019-01-17T10:58:50,45.2,147.6,212.3,7.5,5080.0,247.3
2019-01-17T10:59:21,45.2,161.2,211.2,7.2,5100.0,248.3
2019-01-17T10:59:52,45.2,161.2,210.6,7.3,5120.0,248.3
2019-01-17T11:00:23,45.2,158.9,210.0,7.0,5150.0,246.4
2019-01-17T11:00:55,45.2,169.5,210.0,5.6,5170.0,247.3
2019-01-17T11:01:26,45.2,144.7,212.9,7.7,5190.0,246.4
2019-01-17T11:01:57,45.3,152.4,210.0,7.7,5210.0,248.3
2019-01-17T11:02:28,45.3,141.1,208.8,7.9,5230.0,247.3
2019-01-17T11:02:59,45.3,148.2,204.6,7.5,5250.0,246.4
2019-01-17T11:03:30,45.3,150.6,207.0,7.5,5270.0,248.3
2019-01-17T11:04:01,45.4,149.4,207.0,7.6,5290.0,247.3
2019-01-17T11:04:32,45.4,142.3,207.0,7.8,5320.0,248.3
2019-01-17T11:05:03,45.4,155.3,205.8,7.7,5340.0,248.3
2019-01-17T11:05:35,45.4,160.6,202.9,6.5,5360.0,247.3
2019-01-17T11:06:06,45.4,149.4,202.9,7.5,5380.0,248.3
2019-01-17T11:06:37,45.4,144.1,200.5,7.6,5400.0,249.3
2019-01-17T11:07:08,45.4,147.0,205.2,7.8,5420.0,249.3
2019-01-17T11:07:39,45.4,158.3,207.0,7.4,5450.0,249.3
2019-01-17T11:08:10,45.4,156.5,211.2,7.9,5470.0,248.3
2019-01-17T11:08:41,45.4,158.9,214.1,7.7,5490.0,249.3
2019-01-17T11:09:12,45.5,151.2,210.6,7.7,5510.0,249.3
2019-01-17T11:09:43,45.5,155.9,210.6,7.9,5540.0,248.3
2019-01-17T11:10:14,45.5,148.8,211.7,8.0,5560.0,247.3
2019-01-17T11:10:46,45.7,155.3,208.8,8.0,5580.0,249.3
2019-01-17T11:11:17,45.7,144.1,208.8,8.1,5600.0,248.3
2019-01-17T11:11:48,45.8,138.2,210.6,8.0,5620.0,248.3
2019-01-17T11:12:19,45.8,140.0,209.4,8.3,5650.0,248.3
2019-01-17T11:12:50,45.8,152.9,208.2,7.6,5670.0,248.3
2019-01-17T11:13:21,45.9,147.0,201.7,7.7,5690.0,246.4
2019-01-17T11:13:52,45.9,142.3,197.0,2.1,5710.0,243.5
2019-01-17T11:14:23,45.9,128.7,186.9,1.7,5720.0,242.5
2019-01-17T11:14:54,45.9,144.7,189.9,1.4,5720.0,241.5
2019-01-17T11:15:25,45.8,146.4,206.4,1.3,5720.0,241.5
2019-01-17T11:15:57,45.7,142.3,211.2,1.3,5730.0,241.5
2019-01-17T11:16:28,45.7,162.4,212.9,1.2,5730.0,241.5
2019-01-17T11:16:59,45.5,180.7,205.2,1.1,5740.0,240.6
2019-01-17T11:17:30,45.4,182.5,220.0,1.0,5740.0,241.5
2019-01-17T11:18:01,45.3,163.6,210.0,1.2,5740.0,241.5
2019-01-17T11:18:32,45.2,168.9,217.7,1.2,5750.0,240.6
2019-01-17T11:19:03,45.1,161.2,220.0,1.2,5750.0,240.6
2019-01-17T11:19:34,45.1,158.3,207.0,1.1,5760.0,239.6
2019-01-17T11:20:05,45.0,182.5,224.8,1.2,5760.0,241.5
2019-01-17T11:20:37,44.9,184.3,204.6,1.1,5760.0,241.5
2019-01-17T11:21:08,44.7,186.6,224.8,1.0,5770.0,241.5
2019-01-17T11:21:39,44.7,168.3,202.9,1.2,5770.0,239.6
2019-01-17T11:22:10,44.6,154.1,178.6,1.7,5780.0,240.6
2019-01-17T11:22:41,44.5,124.6,181.0,2.5,5780.0,240.6
2019-01-17T11:23:12,44.5,142.9,215.3,2.6,5790.0,242.5
2019-01-17T11:23:43,44.5,165.9,253.7,4.9,5800.0,245.4
2019-01-17T11:24:14,44.5,161.8,229.5,7.1,5820.0,246.4
2019-01-17T11:24:45,44.4,150.0,223.6,8.2,5840.0,247.3
2019-01-17T11:25:16,44.5,147.0,217.1,8.3,5870.0,248.3
2019-01-17T11:25:48,44.5,148.8,222.4,8.1,5890.0,248.3
2019-01-17T11:26:19,44.6,141.1,217.7,8.6,5920.0,246.4
2019-01-17T11:26:50,44.6,139.4,211.7,8.8,5940.0,248.3
2019-01-17T11:27:21,44.7,142.9,211.7,8.8,5960.0,248.3
2019-01-17T11:27:52,44.7,142.9,211.7,8.3,5990.0,247.3
2019-01-17T11:28:23,44.9,140.0,208.2,8.4,6010.0,247.3
2019-01-17T11:28:54,44.9,150.6,210.6,8.4,6030.0,247.3
2019-01-17T11:29:25,44.9,145.9,214.1,7.9,6060.0,248.3
2019-01-17T11:29:56,45.0,141.1,210.0,8.2,6080.0,246.4
2019-01-17T11:30:27,45.0,139.4,207.0,8.2,6100.0,247.3
2019-01-17T11:30:59,45.1,137.0,204.6,8.4,6130.0,245.4
2019-01-17T11:31:30,45.1,148.2,202.3,8.4,6150.0,247.3
2019-01-17T11:32:01,45.2,144.7,207.6,8.1,6170.0,247.3
2019-01-17T11:32:32,45.2,137.0,210.0,8.7,6200.0,247.3
2019-01-17T11:33:03,45.3,158.9,209.4,6.2,6220.0,246.4
2019-01-17T11:33:34,45.3,154.1,207.0,8.4,6240.0,246.4
2019-01-17T11:34:05,45.4,157.1,210.0,7.6,6270.0,246.4
2019-01-17T11:34:36,45.4,150.0,207.0,8.0,6290.0,246.4
2019-01-17T11:35:07,45.4,132.3,206.4,8.8,6310.0,247.3
2019-01-17T11:35:39,45.4,137.0,207.0,8.5,6330.0,248.3
2019-01-17T11:36:10,45.5,137.6,207.0,8.4,6360.0,247.3
2019-01-17T11:36:41,45.5,147.6,202.3,8.7,6380.0,247.3
2019-01-17T11:37:12,45.5,152.4,205.2,8.1,6400.0,249.3
2019-01-17T11:37:43,45.5,149.4,208.8,7.2,6430.0,247.3
2019-01-17T11:38:14,45.5,137.6,210.0,8.7,6450.0,247.3
2019-01-17T11:38:45,45.7,142.3,213.5,8.9,6470.0,247.3
2019-01-17T11:39:16,45.7,159.4,203.5,8.4,6500.0,248.3
2019-01-17T11:39:47,45.7,147.0,198.1,8.2,6520.0,245.4
2019-01-17T11:40:18,45.8,147.6,210.0,3.1,6540.0,245.4
2019-01-17T11:40:50,45.8,124.0,217.7,2.4,6550.0,243.5
2019-01-17T11:41:21,45.8,130.5,198.7,2.3,6560.0,241.5
2019-01-17T11:41:52,45.5,130.5,188.1,2.7,6560.0,242.5
2019-01-17T11:42:23,45.5,158.3,217.7,3.6,6570.0,245.4
2019-01-17T11:42:54,45.5,132.3,210.6,6.1,6590.0,246.4
2019-01-17T11:43:25,45.4,131.7,205.2,8.5,6610.0,246.4
2019-01-17T11:43:56,45.5,134.6,204.6,8.8,6630.0,246.4
2019-01-17T11:44:27,45.5,141.1,205.8,9.0,6650.0,247.3
2019-01-17T11:44:58,45.5,137.6,204.1,8.7,6680.0,247.3
2019-01-17T11:45:29,45.5,138.8,206.4,8.7,6700.0,246.4
2019-01-17T11:46:01,45.7,134.0,214.7,8.9,6730.0,246.4
2019-01-17T11:46:32,45.7,141.1,209.4,9.1,6750.0,246.4
2019-01-17T11:47:03,45.8,154.1,207.6,6.9,6770.0,245.4
2019-01-17T11:47:34,45.8,142.9,204.1,8.4,6800.0,247.3
2019-01-17T11:48:05,45.9,135.2,203.5,9.1,6820.0,245.4
2019-01-17T11:48:36,45.9,134.0,210.0,9.2,6850.0,246.4
2019-01-17T11:49:07,46.0,136.4,203.5,9.2,6870.0,245.4
2019-01-17T11:49:38,46.1,123.4,208.8,9.6,6900.0,245.4
2019-01-17T11:50:09,0.0,0.0,0.0,0.0,0.0,0.0
2019-01-17T11:50:40,46.0,131.7,201.1,9.1,6940.0,246.4
2019-01-17T11:51:12,45.9,135.8,202.9,9.0,6970.0,247.3
2019-01-17T11:51:43,46.0,136.4,203.5,8.8,6990.0,247.3
2019-01-17T11:52:14,46.1,132.3,201.1,9.2,7010.0,247.3
2019-01-17T11:52:45,46.2,128.7,202.3,9.3,7040.0,247.3
2019-01-17T11:53:16,46.4,131.1,197.0,9.2,7060.0,248.3
2019-01-17T11:53:47,46.5,140.0,204.6,8.3,7080.0,248.3
2019-01-17T11:54:18,46.5,131.7,201.7,9.1,7110.0,248.3
2019-01-17T11:54:49,46.6,131.1,201.7,9.0,7130.0,247.3
2019-01-17T11:55:20,0.0,0.0,0.0,0.0,0.0,0.0
2019-01-17T11:55:52,46.7,119.9,204.1,8.7,7180.0,247.3
2019-01-17T11:56:23,46.7,134.0,202.9,8.9,7200.0,247.3
2019-01-17T11:56:54,46.7,128.7,202.9,9.2,7220.0,248.3
2019-01-17T11:57:25,46.8,128.7,204.6,9.3,7250.0,248.3
2019-01-17T11:57:56,46.8,134.0,200.5,8.9,7270.0,248.3
2019-01-17T11:58:27,46.9,132.3,197.0,9.0,7290.0,248.3
2019-01-17T11:58:58,46.9,132.3,196.4,8.8,7320.0,248.3
2019-01-17T11:59:29,47.0,133.5,198.1,8.5,7340.0,248.3
2019-01-17T12:00:00,47.0,128.1,202.9,8.9,7360.0,248.3
2019-01-17T12:00:32,0.0,0.0,0.0,0.0,0.0,0.0
2019-01-17T12:01:03,47.2,134.6,197.5,8.9,7410.0,246.4
2019-01-17T12:01:34,47.2,135.8,195.8,8.4,7430.0,248.3
2019-01-17T12:02:05,47.2,137.0,197.0,8.3,7450.0,248.3
2019-01-17T12:02:36,47.2,141.1,198.7,7.8,7480.0,246.4
2019-01-17T12:03:07,47.2,136.4,194.6,7.4,7500.0,247.3
2019-01-17T12:03:38,47.2,140.5,196.4,8.0,7520.0,247.3
2019-01-17T12:04:09,47.2,131.7,197.0,8.0,7540.0,247.3
2019-01-17T12:04:40,47.2,128.1,199.3,9.0,7570.0,248.3
2019-01-17T12:05:11,47.2,129.9,200.5,9.0,7590.0,247.3
2019-01-17T12:05:43,47.3,129.9,202.3,8.8,7610.0,247.3
2019-01-17T12:06:14,47.3,135.2,201.7,8.7,7640.0,247.3
2019-01-17T12:06:45,47.3,129.3,199.3,8.9,7660.0,246.4
2019-01-17T12:07:16,47.3,134.0,197.0,8.8,7680.0,246.4
2019-01-17T12:07:47,47.4,132.9,199.3,8.9,7700.0,245.4
2019-01-17T12:08:18,47.4,132.9,201.7,8.1,7730.0,245.4
2019-01-17T12:08:49,47.4,128.1,199.9,8.7,7750.0,243.5
2019-01-17T12:09:20,47.4,120.5,205.8,9.1,7770.0,246.4
2019-01-17T12:09:51,47.4,122.2,204.6,8.4,7790.0,245.4
2019-01-17T12:10:22,47.4,124.0,199.9,8.9,7820.0,246.4
2019-01-17T12:10:54,47.4,132.9,199.9,7.8,7840.0,246.4
2019-01-17T12:11:25,47.5,125.8,201.1,8.6,7860.0,246.4
2019-01-17T12:11:56,47.5,119.3,201.1,9.4,7880.0,246.4
2019-01-17T12:12:27,0.0,0.0,0.0,0.0,0.0,0.0
2019-01-17T12:12:58,0.0,0.0,0.0,0.0,0.0,0.0
2019-01-17T12:13:29,47.5,126.4,204.1,8.6,7950.0,246.4
2019-01-17T12:14:00,47.5,124.0,203.5,8.8,7970.0,246.4
2019-01-17T12:14:31,47.6,131.1,199.3,6.1,8000.0,246.4
2019-01-17T12:15:02,0.0,0.0,0.0,0.0,0.0,0.0
2019-01-17T12:15:34,47.5,126.4,197.0,6.6,8040.0,247.3
2019-01-17T12:16:05,47.5,137.6,198.1,6.4,8060.0,247.3
2019-01-17T12:16:36,47.6,125.8,199.9,7.6,8080.0,247.3
2019-01-17T12:17:07,47.6,127.5,190.4,6.4,8100.0,247.3
2019-01-17T12:17:38,47.6,125.8,193.4,8.6,8130.0,248.3
2019-01-17T12:18:09,47.6,124.6,203.5,7.7,8150.0,246.4
2019-01-17T12:18:40,47.6,138.2,198.7,6.3,8170.0,247.3
2019-01-17T12:19:11,0.0,0.0,0.0,0.0,0.0,0.0
2019-01-17T12:19:42,47.6,128.1,195.2,5.2,8210.0,247.3
2019-01-17T12:20:13,47.6,116.9,196.4,7.6,8230.0,247.3
2019-01-17T12:20:45,47.6,104.5,197.0,8.0,8250.0,248.3
2019-01-17T12:21:16,47.6,109.8,202.3,8.5,8270.0,247.3
2019-01-17T12:21:47,47.6,109.2,202.9,8.3,8290.0,246.4
2019-01-17T12:22:18,47.6,102.7,205.8,8.6,8310.0,245.4
2019-01-17T12:22:49,47.6,102.7,204.6,8.5,8330.0,246.4
2019-01-17T12:23:20,47.7,111.6,204.6,8.3,8350.0,246.4
2019-01-17T12:23:51,47.7,103.9,194.0,9.0,8380.0,245.4
2019-01-17T12:24:22,47.7,102.7,200.5,8.2,8400.0,246.4
2019-01-17T12:24:53,47.7,102.7,196.4,9.1,8420.0,245.4
2019-01-17T12:25:24,47.7,107.5,197.0,8.7,8440.0,244.4
2019-01-17T12:25:56,47.7,106.3,199.3,7.7,8460.0,246.4
2019-01-17T12:26:27,47.7,114.6,198.7,7.2,8480.0,246.4
2019-01-17T12:26:58,47.7,127.0,197.0,5.5,8500.0,245.4
2019-01-17T12:27:29,47.7,128.1,200.5,8.3,8520.0,247.3
2019-01-17T12:28:00,47.7,121.0,200.5,6.9,8540.0,246.4
2019-01-17T12:28:31,47.7,112.8,202.9,8.3,8560.0,245.4
2019-01-17T12:29:02,47.6,118.1,201.7,6.7,8580.0,246.4
2019-01-17T12:29:33,47.6,103.9,197.5,8.2,8600.0,246.4
2019-01-17T12:30:04,47.6,102.7,197.5,8.3,8620.0,246.4
2019-01-17T12:30:36,47.6,102.1,196.4,8.3,8640.0,246.4
2019-01-17T12:31:07,47.7,102.7,194.6,8.3,8660.0,246.4
2019-01-17T12:31:38,0.0,0.0,0.0,0.0,0.0,0.0
2019-01-17T12:32:09,47.6,102.7,194.6,8.2,8710.0,247.3
2019-01-17T12:32:40,47.7,103.9,197.0,8.0,8730.0,246.4
2019-01-17T12:33:11,47.7,102.1,191.6,8.2,8750.0,248.3
2019-01-17T12:33:42,47.7,102.1,195.2,7.0,8770.0,246.4
2019-01-17T12:34:13,47.9,102.7,195.2,8.1,8790.0,246.4
2019-01-17T12:34:44,47.9,105.7,200.5,8.8,8810.0,247.3
2019-01-17T12:35:15,47.9,104.5,197.5,8.1,8830.0,246.4
2019-01-17T12:35:47,47.9,103.9,198.7,8.1,8850.0,247.3
2019-01-17T12:36:18,47.7,102.1,195.8,7.8,8870.0,247.3
2019-01-17T12:36:49,47.9,103.3,199.3,6.3,8890.0,247.3
2019-01-17T12:37:20,47.9,102.7,202.9,8.1,8910.0,247.3
2019-01-17T12:37:51,0.0,0.0,0.0,0.0,0.0,0.0
2019-01-17T12:38:22,47.7,105.1,199.9,7.8,8950.0,246.4
2019-01-17T12:38:53,47.7,111.6,203.5,5.7,8970.0,246.4
2019-01-17T12:39:24,47.7,104.5,195.2,6.7,8990.0,245.4
2019-01-17T12:39:55,47.9,108.1,200.5,6.1,9010.0,246.4
2019-01-17T12:40:26,47.9,102.7,201.1,7.5,9030.0,244.4
2019-01-17T12:40:58,47.7,111.0,204.6,8.4,9050.0,245.4
2019-01-17T12:41:29,47.7,105.1,204.1,7.9,9070.0,246.4
2019-01-17T12:42:00,47.7,102.7,204.1,8.2,9090.0,244.4
2019-01-17T12:42:31,47.7,101.6,201.1,5.2,9110.0,244.4
2019-01-17T12:43:02,47.7,102.1,198.7,8.3,9130.0,244.4
2019-01-17T12:43:33,47.7,127.5,201.1,3.5,9140.0,243.5
2019-01-17T12:44:04,47.7,121.0,202.3,5.1,9160.0,245.4
2019-01-17T12:44:35,47.7,114.6,198.1,5.7,9180.0,243.5
2019-01-17T12:45:06,47.6,111.6,201.1,4.2,9200.0,244.4
2019-01-17T12:45:38,47.6,102.7,198.1,6.5,9220.0,244.4
2019-01-17T12:46:09,47.6,106.9,196.4,8.4,9240.0,245.4
2019-01-17T12:46:40,47.5,102.7,202.3,6.5,9260.0,246.4
2019-01-17T12:47:11,0.0,0.0,0.0,0.0,0.0,0.0
2019-01-17T12:47:42,47.5,103.3,204.1,6.3,9300.0,246.4
2019-01-17T12:48:13,47.5,103.3,195.8,6.4,9310.0,246.4
2019-01-17T12:48:44,47.5,102.7,204.1,6.5,9330.0,245.4
2019-01-17T12:49:15,47.5,102.7,202.9,6.6,9350.0,246.4
2019-01-17T12:49:46,47.5,103.3,204.6,4.2,9370.0,247.3
2019-01-17T12:50:17,47.5,102.7,206.4,6.6,9390.0,247.3
2019-01-17T12:50:49,47.5,102.7,199.9,6.5,9410.0,246.4
2019-01-17T12:51:20,47.4,105.1,207.0,5.9,9430.0,246.4
2019-01-17T12:51:51,47.4,105.1,202.3,5.9,9450.0,246.4
2019-01-17T12:52:22,47.4,102.7,203.5,6.7,9470.0,248.3
2019-01-17T12:52:53,47.4,102.7,207.6,6.6,9490.0,247.3
2019-01-17T12:53:24,47.4,102.7,207.6,6.6,9500.0,247.3
2019-01-17T12:53:55,47.4,104.5,205.8,5.7,9520.0,248.3
2019-01-17T12:54:26,47.4,102.1,198.7,6.5,9540.0,248.3
2019-01-17T12:54:57,47.4,94.5,204.1,7.2,9560.0,247.3
2019-01-17T12:55:28,47.3,94.5,201.1,6.8,9580.0,247.3
2019-01-17T12:56:00,47.3,93.3,203.5,5.9,9590.0,248.3
2019-01-17T12:56:31,47.3,114.0,202.9,0.7,9610.0,247.3
2019-01-17T12:57:02,47.3,105.7,205.2,5.6,9630.0,247.3
2019-01-17T12:57:33,0.0,0.0,0.0,0.0,0.0,0.0
2019-01-17T12:58:04,47.2,106.9,197.0,5.1,9660.0,249.3
2019-01-17T12:58:35,47.2,101.0,196.4,5.5,9680.0,248.3
2019-01-17T12:59:06,47.2,105.1,192.2,5.7,9700.0,248.3
2019-01-17T12:59:37,47.0,102.7,200.5,6.3,9720.0,248.3
2019-01-17T13:00:08,47.0,102.7,197.0,6.3,9730.0,249.3
2019-01-17T13:00:39,47.0,118.1,199.3,0.5,9750.0,248.3
2019-01-17T13:01:11,47.0,95.1,203.5,0.8,9770.0,249.3
2019-01-17T13:01:42,47.0,103.3,208.2,3.8,9790.0,248.3
2019-01-17T13:02:13,47.0,102.7,206.4,3.1,9800.0,248.3
2019-01-17T13:02:44,47.0,102.7,205.8,3.0,9820.0,249.3
2019-01-17T13:03:15,46.9,103.3,206.4,3.2,9830.0,249.3
2019-01-17T13:03:46,46.9,102.7,202.9,4.2,9850.0,248.3
2019-01-17T13:04:17,46.9,105.7,205.8,3.7,9870.0,248.3
2019-01-17T13:04:48,46.9,109.8,197.5,2.3,9880.0,248.3
2019-01-17T13:05:19,46.9,109.2,194.6,1.5,9900.0,249.3
2019-01-17T13:05:50,46.9,108.1,199.9,3.0,9920.0,250.2
2019-01-17T13:06:22,46.9,109.2,197.0,2.8,9930.0,248.3
2019-01-17T13:06:53,46.9,114.6,202.9,2.3,9950.0,249.3
2019-01-17T13:07:24,46.9,103.9,200.5,2.1,9970.0,248.3
2019-01-17T13:07:55,46.8,102.7,203.5,2.8,9980.0,249.3
2019-01-17T13:08:26,46.8,111.6,201.1,0.2,10000.0,248.3
2019-01-17T13:08:57,46.7,129.9,198.7,1.8,10010.0,248.3
2019-01-17T13:09:28,46.7,140.0,202.9,1.4,10030.0,247.3
2019-01-17T13:09:59,46.7,136.4,199.3,1.5,10040.0,248.3
2019-01-17T13:10:30,46.7,134.6,198.7,1.0,10060.0,248.3
2019-01-17T13:11:02,46.7,145.9,204.6,0.9,10070.0,248.3
2019-01-17T13:11:33,46.7,135.2,198.7,1.2,10090.0,248.3
2019-01-17T13:12:04,46.7,134.6,202.9,1.2,10100.0,249.3
2019-01-17T13:12:35,46.7,124.0,203.5,1.1,10120.0,247.3
2019-01-17T13:13:06,46.7,135.2,199.9,1.0,10130.0,248.3
2019-01-17T13:13:37,46.6,144.1,199.9,1.0,10150.0,247.3
2019-01-17T13:14:08,46.6,150.6,199.9,1.1,10160.0,247.3
2019-01-17T13:14:39,46.6,145.3,195.8,1.0,10180.0,246.4
2019-01-17T13:15:10,46.5,145.9,205.8,1.0,10190.0,247.3
2019-01-17T13:15:41,46.5,154.7,204.6,1.0,10210.0,246.4
2019-01-17T13:16:13,0.0,0.0,0.0,0.0,0.0,0.0
2019-01-17T13:16:44,46.5,159.4,201.1,0.9,10240.0,246.4
2019-01-17T13:17:15,46.5,176.0,197.5,0.9,10250.0,244.4
2019-01-17T13:17:46,46.5,175.4,197.0,0.8,10270.0,245.4
2019-01-17T13:18:17,46.4,199.0,195.8,0.9,10280.0,247.3
2019-01-17T13:18:48,46.4,216.2,197.5,0.7,10300.0,245.4
2019-01-17T13:19:19,46.4,210.8,200.5,0.7,10310.0,245.4
2019-01-17T13:19:50,46.4,213.2,202.9,0.7,10330.0,245.4
2019-01-17T13:20:21,46.4,215.6,206.4,0.8,10340.0,245.4
2019-01-17T13:20:52,46.4,208.5,201.7,0.7,10360.0,245.4
2019-01-17T13:21:24,46.4,217.3,204.1,0.7,10370.0,246.4
2019-01-17T13:21:55,46.4,207.9,201.1,0.8,10390.0,246.4
2019-01-17T13:22:26,46.4,220.3,199.3,0.7,10400.0,245.4
2019-01-17T13:22:57,0.0,0.0,0.0,0.0,0.0,0.0
2019-01-17T13:23:28,46.2,211.4,195.8,0.7,10430.0,245.4
2019-01-17T13:23:59,46.4,220.3,195.2,0.7,10440.0,244.4
2019-01-17T13:24:30,46.2,220.3,194.0,0.7,10460.0,244.4
2019-01-17T13:25:01,46.4,214.4,194.6,0.7,10470.0,244.4
2019-01-17T13:25:32,46.4,214.4,194.6,0.7,10490.0,247.3
2019-01-17T13:26:04,46.2,222.1,194.6,0.6,10500.0,248.3
2019-01-17T13:26:35,46.2,200.2,194.0,0.7,10520.0,247.3
2019-01-17T13:27:06,46.2,220.3,198.1,0.7,10530.0,246.4
2019-01-17T13:27:37,46.2,215.6,202.9,0.7,10550.0,246.4
2019-01-17T13:28:08,46.2,221.5,202.3,0.7,10560.0,246.4
2019-01-17T13:28:39,46.2,207.9,197.5,0.7,10580.0,246.4
2019-01-17T13:29:10,46.2,215.6,201.1,0.7,10590.0,246.4
2019-01-17T13:29:41,46.2,214.4,199.9,0.6,10610.0,246.4
2019-01-17T13:30:12,46.2,204.3,199.9,0.6,10620.0,246.4
2019-01-17T13:30:43,46.2,217.9,198.7,0.7,10640.0,246.4
2019-01-17T13:31:15,46.2,212.6,199.3,0.7,10650.0,247.3
2019-01-17T13:31:46,46.2,209.1,199.3,0.8,10670.0,246.4
2019-01-17T13:32:17,46.2,203.2,194.0,0.6,10680.0,246.4
2019-01-17T13:32:48,46.2,217.9,197.5,0.6,10690.0,246.4
2019-01-17T13:33:19,46.2,218.5,197.0,0.6,10710.0,246.4
2019-01-17T13:33:50,46.1,204.9,195.8,0.7,10720.0,246.4
2019-01-17T13:34:21,46.1,217.9,192.2,0.7,10740.0,247.3
2019-01-17T13:34:52,46.1,220.9,194.6,0.7,10750.0,248.3
2019-01-17T13:35:23,46.1,206.1,191.0,0.7,10770.0,246.4
2019-01-17T13:35:54,46.1,217.9,195.2,0.7,10780.0,245.4
2019-01-17T13:36:26,46.1,212.0,192.8,0.7,10800.0,247.3
2019-01-17T13:36:57,46.1,205.5,195.2,0.7,10810.0,247.3
2019-01-17T13:37:28,46.1,216.2,192.8,0.6,10830.0,247.3
2019-01-17T13:37:59,46.1,211.4,197.5,0.7,10840.0,246.4
2019-01-17T13:38:30,46.1,199.6,201.7,0.6,10850.0,247.3
2019-01-17T13:39:01,46.1,206.1,201.1,0.7,10870.0,247.3
2019-01-17T13:39:32,46.1,192.5,194.6,0.7,10880.0,247.3
2019-01-17T13:40:03,46.0,200.8,200.5,0.7,10900.0,246.4
2019-01-17T13:40:34,46.0,222.1,201.7,0.6,10910.0,247.3
2019-01-17T13:41:06,46.0,203.2,199.3,0.6,10930.0,248.3
2019-01-17T13:41:37,46.0,216.7,197.5,0.6,10940.0,247.3
2019-01-17T13:42:08,46.1,199.6,192.2,0.6,10960.0,246.4
2019-01-17T13:42:39,46.0,220.9,194.0,0.6,10970.0,247.3
2019-01-17T13:43:10,46.0,214.4,197.0,0.7,10980.0,246.4
2019-01-17T13:43:41,46.0,213.2,197.0,0.7,11000.0,247.3
2019-01-17T13:44:12,46.0,208.5,201.7,0.7,11010.0,247.3
2019-01-17T13:44:43,46.0,207.9,205.8,0.7,11030.0,247.3
2019-01-17T13:45:14,45.9,212.0,201.7,0.7,11040.0,247.3
2019-01-17T13:45:45,45.9,207.9,203.5,0.6,11060.0,247.3
2019-01-17T13:46:17,45.9,213.2,202.9,0.6,11070.0,247.3
2019-01-17T13:46:48,45.9,196.1,197.5,0.6,11090.0,246.4
2019-01-17T13:47:19,45.9,217.3,197.5,0.6,11100.0,247.3
2019-01-17T13:47:50,45.9,201.4,197.5,0.6,11110.0,247.3
2019-01-17T13:48:21,45.9,218.5,198.7,0.6,11130.0,246.4
2019-01-17T13:48:52,45.7,204.3,199.3,0.6,11140.0,247.3
2019-01-17T13:49:23,45.7,210.8,201.1,0.6,11160.0,246.4
2019-01-17T13:49:54,45.7,214.4,197.5,0.6,11170.0,246.4
2019-01-17T13:50:25,45.8,203.2,199.9,0.6,11190.0,246.4
2019-01-17T13:50:56,45.8,211.4,197.0,0.6,11200.0,247.3
2019-01-17T13:51:28,45.8,200.8,195.8,0.6,11210.0,246.4
2019-01-17T13:51:59,45.8,216.2,195.8,0.6,11230.0,247.3
2019-01-17T13:52:30,45.8,209.1,197.0,0.6,11240.0,247.3
2019-01-17T13:53:01,45.8,210.2,195.8,0.6,11260.0,246.4
2019-01-17T13:53:32,45.9,211.4,191.6,0.6,11270.0,246.4
2019-01-17T13:54:03,45.9,216.2,194.0,0.6,11290.0,247.3
2019-01-17T13:54:34,45.9,212.6,195.8,0.6,11300.0,245.4
2019-01-17T13:55:05,45.9,208.5,197.0,0.6,11310.0,247.3
2019-01-17T13:55:36,45.8,213.8,198.7,0.6,11330.0,246.4
2019-01-17T13:56:08,45.9,203.7,197.0,0.6,11340.0,246.4
2019-01-17T13:56:39,45.9,203.7,197.0,0.6,11360.0,246.4
2019-01-17T13:57:10,45.9,213.8,194.6,0.6,11370.0,247.3
2019-01-17T13:57:41,45.9,193.1,199.9,0.6,11380.0,247.3
2019-01-17T13:58:12,45.9,215.0,201.1,0.6,11400.0,247.3
2019-01-17T13:58:43,45.9,202.0,197.5,0.6,11410.0,247.3
2019-01-17T13:59:14,45.8,212.6,198.7,0.6,11430.0,247.3
2019-01-17T13:59:45,45.9,204.9,197.5,0.6,11440.0,247.3
2019-01-17T14:00:16,45.9,207.9,195.8,0.6,11450.0,247.3
2019-01-17T14:00:48,45.9,209.1,199.9,0.6,11470.0,248.3
2019-01-17T14:01:19,45.8,198.4,201.7,0.6,11480.0,248.3
2019-01-17T14:01:50,45.8,216.7,198.7,0.6,11500.0,249.3
2019-01-17T14:02:21,45.8,201.4,197.0,0.6,11510.0,249.3
2019-01-17T14:02:52,45.8,213.8,195.8,0.6,11520.0,247.3
2019-01-17T14:03:23,45.4,195.5,191.0,0.6,11540.0,249.3
2019-01-17T14:03:54,45.2,216.2,194.0,0.6,11550.0,248.3
2019-01-17T14:04:25,45.2,199.6,195.2,0.6,11570.0,248.3
2019-01-17T14:04:56,45.2,208.5,197.5,0.5,11580.0,249.3
2019-01-17T14:05:27,45.3,213.8,192.8,0.5,11590.0,249.3
2019-01-17T14:05:59,45.3,193.1,192.8,0.6,11610.0,249.3
2019-01-17T14:06:30,45.4,212.6,191.0,0.6,11620.0,249.3
2019-01-17T14:07:01,45.4,203.7,197.0,0.6,11640.0,250.2
2019-01-17T14:07:32,45.4,212.6,194.0,0.6,11650.0,249.3
2019-01-17T14:08:03,45.4,208.5,192.2,0.6,11660.0,248.3
2019-01-17T14:08:34,45.4,213.8,194.0,0.6,11680.0,248.3
2019-01-17T14:09:05,45.4,214.4,194.6,0.6,11690.0,247.3
2019-01-17T14:09:36,45.4,203.2,196.4,0.6,11710.0,248.3
2019-01-17T14:10:07,45.4,220.3,198.7,0.6,11720.0,247.3
2019-01-17T14:10:39,45.4,203.2,201.1,0.6,11730.0,248.3
2019-01-17T14:11:10,45.4,223.2,203.5,0.5,11750.0,249.3
2019-01-17T14:11:41,45.4,210.2,207.6,0.6,11760.0,249.3
2019-01-17T14:12:12,45.3,206.7,207.6,0.5,11780.0,249.3
2019-01-17T14:12:43,45.2,185.4,204.6,0.7,11790.0,250.2
2019-01-17T14:13:14,45.2,209.1,201.7,0.6,11800.0,247.3
2019-01-17T14:13:45,45.3,214.4,201.7,0.6,11820.0,249.3
2019-01-17T14:14:16,0.0,0.0,0.0,0.0,0.0,0.0
2019-01-17T14:14:47,45.3,209.1,204.1,0.6,11850.0,251.2
2019-01-17T14:15:18,0.0,0.0,0.0,0.0,0.0,0.0
2019-01-17T14:15:50,45.3,210.8,204.6,0.6,11870.0,249.3
2019-01-17T14:16:21,45.3,190.2,204.6,0.6,11890.0,250.2
2019-01-17T14:16:52,45.3,208.5,204.1,0.6,11900.0,248.3
2019-01-17T14:17:23,45.3,205.5,202.3,0.5,11920.0,250.2
2019-01-17T14:17:54,45.3,194.3,202.9,0.6,11930.0,249.3
2019-01-17T14:18:25,45.3,215.6,202.3,0.6,11940.0,250.2
2019-01-17T14:18:56,45.3,199.6,203.5,0.5,11960.0,249.3
2019-01-17T14:19:27,45.3,217.3,202.9,0.5,11970.0,249.3
2019-01-17T14:19:58,45.4,194.3,197.5,0.5,11990.0,247.3
2019-01-17T14:20:29,45.1,212.0,198.1,0.5,12000.0,247.3
2019-01-17T14:21:01,45.1,203.2,201.7,0.6,12010.0,250.2
2019-01-17T14:21:32,45.2,209.1,203.5,0.5,12030.0,248.3
2019-01-17T14:22:03,45.2,206.7,204.6,0.6,12040.0,248.3
2019-01-17T14:22:34,45.3,208.5,204.1,0.6,12050.0,248.3
2019-01-17T14:23:05,45.3,203.2,202.9,0.6,12070.0,247.3
2019-01-17T14:23:36,45.3,211.4,202.9,0.5,12080.0,249.3
2019-01-17T14:24:07,45.3,190.8,201.1,0.6,12100.0,247.3
2019-01-17T14:24:38,45.3,209.1,204.1,0.6,12110.0,247.3
2019-01-17T14:25:09,45.3,202.6,194.6,0.6,12120.0,246.4
2019-01-17T14:25:40,45.3,201.4,201.7,0.6,12140.0,247.3
2019-01-17T14:26:12,45.3,211.4,204.6,0.6,12150.0,248.3
2019-01-17T14:26:43,45.3,219.1,204.1,0.5,12160.0,248.3
2019-01-17T14:27:14,45.3,205.5,204.1,0.6,12180.0,247.3
2019-01-17T14:27:45,45.3,211.4,203.5,0.6,12190.0,248.3
2019-01-17T14:28:16,45.3,211.4,199.9,0.5,12210.0,247.3
2019-01-17T14:28:47,45.3,203.7,198.1,0.6,12220.0,247.3
2019-01-17T14:29:18,45.2,209.1,197.5,0.6,12230.0,248.3
2019-01-17T14:29:49,45.3,203.7,197.0,0.5,12250.0,247.3
2019-01-17T14:30:20,45.3,207.9,198.7,0.5,12260.0,248.3
2019-01-17T14:30:51,0.0,0.0,0.0,0.0,0.0,0.0
2019-01-17T14:31:23,45.3,202.6,204.6,0.6,12290.0,247.3
2019-01-17T14:31:54,45.3,209.7,205.8,0.6,12300.0,246.4
2019-01-17T14:32:25,45.3,200.8,201.1,0.5,12310.0,247.3
2019-01-17T14:32:56,45.3,207.9,199.9,0.6,12330.0,248.3
2019-01-17T14:33:27,45.3,199.6,197.0,0.5,12340.0,247.3
2019-01-17T14:33:58,45.3,207.3,198.7,0.5,12360.0,248.3
2019-01-17T14:34:29,45.3,200.8,197.5,0.5,12370.0,246.4
2019-01-17T14:35:00,45.3,196.7,197.5,0.6,12380.0,249.3
2019-01-17T14:35:31,45.4,210.8,201.7,0.5,12400.0,248.3
2019-01-17T14:36:03,45.4,197.3,197.0,0.6,12410.0,247.3
2019-01-17T14:36:34,45.4,197.3,197.0,0.6,12420.0,247.3
2019-01-17T14:37:05,45.4,209.7,195.8,0.5,12440.0,245.4
2019-01-17T14:37:36,45.4,199.0,197.5,0.5,12450.0,248.3
2019-01-17T14:38:07,45.4,211.4,195.2,0.5,12460.0,247.3
2019-01-17T14:38:38,45.4,192.5,194.6,0.5,12480.0,248.3
2019-01-17T14:39:09,45.4,212.6,197.0,0.5,12490.0,247.3
2019-01-17T14:39:40,45.4,197.3,198.1,0.5,12500.0,247.3
2019-01-17T14:40:11,45.4,205.5,194.0,0.5,12520.0,248.3
2019-01-17T14:40:42,45.4,207.9,194.6,0.5,12530.0,247.3
2019-01-17T14:41:14,45.4,187.2,199.9,0.6,12540.0,247.3
2019-01-17T14:41:45,45.4,205.5,199.9,0.5,12560.0,245.4
2019-01-17T14:42:16,45.4,206.1,199.9,0.5,12570.0,245.4
2019-01-17T14:42:47,45.5,184.8,196.4,0.5,12580.0,246.4
2019-01-17T14:43:18,45.5,206.7,194.6,0.5,12600.0,244.4
2019-01-17T14:43:49,45.5,199.0,197.0,0.5,12610.0,246.4
2019-01-17T14:44:20,45.5,213.2,195.8,0.5,12620.0,245.4
2019-01-17T14:44:51,45.5,192.5,197.5,0.6,12630.0,245.4
2019-01-17T14:45:22,45.5,199.0,197.5,0.5,12650.0,246.4
2019-01-17T14:45:53,45.4,201.4,199.3,0.5,12660.0,246.4
2019-01-17T14:46:25,45.4,206.1,199.3,0.5,12670.0,246.4
2019-01-17T14:46:56,45.4,200.8,198.1,0.5,12690.0,246.4
2019-01-17T14:47:27,45.4,185.4,195.2,0.5,12700.0,245.4
2019-01-17T14:47:58,45.3,206.7,197.0,0.5,12710.0,244.4
2019-01-17T14:48:29,45.3,197.8,195.8,0.6,12730.0,246.4
2019-01-17T14:49:00,45.3,211.4,196.4,0.5,12740.0,248.3
2019-01-17T14:49:31,0.0,0.0,0.0,0.0,0.0,0.0
2019-01-17T14:50:02,45.3,197.8,201.7,0.6,12770.0,247.3
2019-01-17T14:50:33,45.3,207.9,202.3,0.5,12780.0,247.3
2019-01-17T14:51:05,45.3,186.6,205.2,0.5,12790.0,245.4
2019-01-17T14:51:36,0.0,0.0,0.0,0.0,0.0,0.0
2019-01-17T14:52:07,45.3,200.8,204.6,0.5,12820.0,249.3
2019-01-17T14:52:38,45.3,209.1,198.7,0.6,12830.0,248.3
2019-01-17T14:53:09,45.3,200.8,202.9,0.5,12850.0,247.3
2019-01-17T14:53:40,45.3,214.4,193.4,0.5,12860.0,248.3
2019-01-17T14:54:11,45.3,209.1,205.2,0.5,12870.0,247.3
2019-01-17T14:54:42,45.3,212.0,206.4,0.5,12880.0,247.3
2019-01-17T14:55:13,45.3,199.6,207.0,0.6,12900.0,247.3
2019-01-17T14:55:44,45.3,213.8,204.6,0.5,12910.0,247.3
2019-01-17T14:56:16,45.3,192.5,205.2,0.5,12920.0,249.3
2019-01-17T14:56:47,45.3,210.2,207.0,0.5,12940.0,248.3
2019-01-17T14:57:18,45.4,206.1,199.3,0.5,12950.0,246.4
2019-01-17T14:57:49,45.3,209.7,205.8,0.5,12960.0,247.3
2019-01-17T14:58:20,45.3,197.3,207.6,0.6,12980.0,248.3
2019-01-17T14:58:51,45.3,190.8,210.6,0.5,12990.0,247.3
2019-01-17T14:59:22,45.3,212.6,204.6,0.5,13000.0,248.3
2019-01-17T14:59:53,45.3,200.8,202.3,0.5,13010.0,248.3
2019-01-17T15:00:24,45.3,208.5,196.4,0.5,13030.0,248.3
2019-01-17T15:00:56,0.0,0.0,0.0,0.0,0.0,0.0
2019-01-17T15:01:27,45.3,211.4,195.8,0.5,13050.0,248.3
2019-01-17T15:01:58,45.3,202.0,197.0,0.5,13060.0,247.3
2019-01-17T15:02:29,45.2,207.3,204.6,0.5,13080.0,248.3
2019-01-17T15:03:00,0.0,0.0,0.0,0.0,0.0,0.0
2019-01-17T15:03:31,45.3,192.5,198.7,0.6,13100.0,249.3
2019-01-17T15:04:02,45.3,189.0,192.2,0.5,13110.0,249.3
2019-01-17T15:04:33,45.2,210.8,212.3,0.5,13130.0,248.3
2019-01-17T15:05:04,45.3,215.6,204.1,0.4,13140.0,248.3
2019-01-17T15:05:36,45.3,204.3,207.0,0.5,13150.0,249.3
2019-01-17T15:06:07,45.3,205.5,199.9,0.5,13160.0,249.3
2019-01-17T15:06:38,45.3,204.3,208.8,0.5,13180.0,248.3
2019-01-17T15:07:09,45.3,209.7,207.6,0.5,13190.0,248.3
2019-01-17T15:07:40,45.3,213.8,208.8,0.5,13200.0,249.3
2019-01-17T15:08:11,45.3,199.0,205.8,0.5,13220.0,249.3
2019-01-17T15:08:42,45.3,192.5,198.7,0.5,13230.0,250.2
2019-01-17T15:09:13,0.0,0.0,0.0,0.0,0.0,0.0
2019-01-17T15:09:44,45.2,194.9,202.9,0.5,13250.0,246.4
2019-01-17T15:10:15,45.2,215.6,203.5,0.4,13270.0,246.4
2019-01-17T15:10:47,45.2,202.0,205.2,0.5,13280.0,246.4
2019-01-17T15:11:18,45.2,206.7,200.5,0.5,13290.0,247.3
2019-01-17T15:11:49,45.2,200.2,201.7,0.5,13300.0,246.4
2019-01-17T15:12:20,45.2,213.2,201.7,0.5,13310.0,246.4
2019-01-17T15:12:51,45.2,206.1,192.2,0.5,13330.0,247.3
2019-01-17T15:13:22,45.2,203.2,199.9,0.5,13340.0,246.4
2019-01-17T15:13:53,45.2,213.8,207.0,0.5,13350.0,246.4
2019-01-17T15:14:24,45.2,199.0,198.7,0.6,13360.0,245.4
2019-01-17T15:14:55,45.1,205.5,199.9,0.5,13380.0,247.3
2019-01-17T15:15:26,45.2,208.5,194.6,0.5,13390.0,247.3
2019-01-17T15:15:58,45.2,191.3,197.0,0.5,13400.0,247.3
2019-01-17T15:16:29,0.0,0.0,0.0,0.0,0.0,0.0
2019-01-17T15:17:00,0.0,0.0,0.0,0.0,0.0,0.0
2019-01-17T15:17:31,45.2,215.6,199.3,0.5,13440.0,247.3
2019-01-17T15:18:02,0.0,0.0,0.0,0.0,0.0,0.0
2019-01-17T15:18:33,0.0,0.0,0.0,0.0,0.0,0.0
2019-01-17T15:19:04,0.0,0.0,0.0,0.0,0.0,0.0
2019-01-17T15:19:35,45.4,185.4,201.1,0.5,13490.0,246.4
2019-01-17T15:20:06,45.5,208.5,202.9,0.5,13500.0,246.4
2019-01-17T15:20:38,45.7,201.4,204.1,0.5,13510.0,246.4
2019-01-17T15:21:09,45.7,211.4,204.1,0.5,13520.0,247.3
2019-01-17T15:21:40,45.8,205.5,208.8,0.6,13540.0,246.4
2019-01-17T15:22:11,45.8,200.2,211.7,0.5,13550.0,245.4
2019-01-17T15:22:42,45.9,219.7,211.2,0.4,13560.0,245.4
2019-01-17T15:23:13,0.0,0.0,0.0,0.0,0.0,0.0
2019-01-17T15:23:44,46.0,191.9,210.0,0.6,13580.0,247.3
2019-01-17T15:24:15,46.1,214.4,207.0,0.5,13600.0,244.4
2019-01-17T15:24:46,46.2,202.0,207.0,0.5,13610.0,246.4
2019-01-17T15:25:17,46.2,199.6,203.5,0.5,13620.0,247.3
2019-01-17T15:25:49,46.4,216.2,204.1,0.5,13630.0,245.4
2019-01-17T15:26:20,46.5,200.2,214.1,0.5,13650.0,244.4
2019-01-17T15:26:51,46.6,212.6,208.2,0.5,13660.0,246.4
2019-01-17T15:27:22,46.6,197.3,208.8,0.5,13670.0,245.4
2019-01-17T15:27:53,46.6,213.8,208.8,0.5,13680.0,246.4
2019-01-17T15:28:24,46.7,197.3,198.1,0.5,13690.0,246.4
2019-01-17T15:28:55,0.0,0.0,0.0,0.0,0.0,0.0
2019-01-17T15:29:26,46.9,193.1,195.2,0.5,13720.0,246.4
2019-01-17T15:29:57,47.0,216.7,194.6,0.5,13730.0,245.4
2019-01-17T15:30:28,47.0,208.5,201.7,0.5,13740.0,245.4
2019-01-17T15:31:00,47.0,201.4,194.6,0.5,13750.0,246.4
2019-01-17T15:31:31,47.2,206.1,199.3,0.5,13760.0,246.4
2019-01-17T15:32:02,0.0,0.0,0.0,0.0,0.0,0.0
2019-01-17T15:32:33,47.4,202.0,193.4,0.5,13790.0,245.4
2019-01-17T15:33:04,47.4,209.1,195.8,0.5,13800.0,244.4
2019-01-17T15:33:35,47.5,206.7,191.6,0.5,13810.0,245.4
2019-01-17T15:34:06,0.0,0.0,0.0,0.0,0.0,0.0
2019-01-17T15:34:37,47.6,195.5,198.7,0.5,13830.0,244.4
2019-01-17T15:35:08,47.6,217.3,195.8,0.5,13840.0,243.5
2019-01-17T15:35:39,47.7,196.7,197.5,0.5,13860.0,245.4
2019-01-17T15:36:11,0.0,0.0,0.0,0.0,0.0,0.0
2019-01-17T15:36:42,47.9,202.0,204.6,0.5,13880.0,245.4
2019-01-17T15:37:13,48.0,196.7,194.0,0.5,13890.0,245.4
2019-01-17T15:37:44,48.1,216.7,195.2,0.5,13900.0,243.5
2019-01-17T15:38:15,48.1,194.9,189.9,0.5,13910.0,244.4
2019-01-17T15:38:46,48.2,209.1,189.9,0.5,13920.0,242.5
2019-01-17T15:39:17,48.2,204.3,188.1,0.6,13930.0,245.4
2019-01-17T15:39:48,0.0,0.0,0.0,0.0,0.0,0.0
2019-01-17T15:40:19,48.3,210.8,187.5,0.5,13950.0,245.4
2019-01-17T15:40:50,0.0,0.0,0.0,0.0,0.0,0.0
2019-01-17T15:41:22,48.3,198.4,191.6,0.5,13980.0,245.4
2019-01-17T15:41:53,48.4,206.1,194.6,0.5,13990.0,245.4
2019-01-17T15:42:24,48.4,208.5,191.0,0.5,14000.0,245.4
2019-01-17T15:42:55,0.0,0.0,0.0,0.0,0.0,0.0
2019-01-17T15:43:26,48.5,216.7,191.0,0.4,14020.0,245.4
2019-01-17T15:43:57,48.7,194.9,194.0,0.5,14030.0,245.4
2019-01-17T15:44:28,0.0,0.0,0.0,0.0,0.0,0.0
2019-01-17T15:44:59,48.7,206.7,188.1,0.4,14050.0,244.4
2019-01-17T15:45:30,48.8,192.5,195.8,0.5,14060.0,245.4
2019-01-17T15:46:01,48.8,203.7,186.9,0.5,14070.0,243.5
2019-01-17T15:46:32,0.0,0.0,0.0,0.0,0.0,0.0
2019-01-17T15:47:03,48.9,187.2,181.6,0.5,14090.0,244.4
2019-01-17T15:47:34,0.0,0.0,0.0,0.0,0.0,0.0
2019-01-17T15:48:05,0.0,0.0,0.0,0.0,0.0,0.0
2019-01-17T15:48:36,48.8,190.8,181.6,0.5,14120.0,243.5
2019-01-17T15:49:07,48.8,196.7,179.8,0.5,14130.0,245.4
2019-01-17T15:49:38,48.9,216.2,181.0,0.4,14140.0,244.4
2019-01-17T15:50:09,48.9,194.9,179.8,0.5,14150.0,243.5
2019-01-17T15:50:41,0.0,0.0,0.0,0.0,0.0,0.0
2019-01-17T15:51:12,49.0,212.6,176.8,0.5,14170.0,244.4
2019-01-17T15:51:43,49.0,198.4,177.4,0.5,14180.0,243.5
2019-01-17T15:52:14,0.0,0.0,0.0,0.0,0.0,0.0
2019-01-17T15:52:45,49.0,201.4,183.3,0.5,14200.0,243.5
2019-01-17T15:53:16,0.0,0.0,0.0,0.0,0.0,0.0
2019-01-17T15:53:47,0.0,0.0,0.0,0.0,0.0,0.0
2019-01-17T15:54:18,49.0,200.2,194.6,0.5,14230.0,243.5
2019-01-17T15:54:49,49.1,205.5,178.6,0.4,14240.0,242.5
2019-01-17T15:55:20,49.1,184.8,183.9,0.5,14250.0,243.5
2019-01-17T15:55:52,49.1,194.3,186.9,0.5,14260.0,243.5
2019-01-17T15:56:23,0.0,0.0,0.0,0.0,0.0,0.0
2019-01-17T15:56:54,49.0,211.4,191.6,0.5,14280.0,243.5
2019-01-17T15:57:25,0.0,0.0,0.0,0.0,0.0,0.0
2019-01-17T15:57:56,49.1,215.6,184.5,0.4,14300.0,243.5
2019-01-17T15:58:27,49.1,193.7,181.0,0.5,14310.0,243.5
2019-01-17T15:58:58,49.0,201.4,186.3,0.5,14320.0,244.4
2019-01-17T15:59:29,49.1,213.2,190.4,0.4,14330.0,243.5
2019-01-17T16:00:00,49.0,209.1,178.0,0.5,14340.0,242.5
2019-01-17T16:00:32,49.0,200.8,185.7,0.5,14350.0,244.4
2019-01-17T16:01:03,0.0,0.0,0.0,0.0,0.0,0.0
2019-01-17T16:01:34,49.1,206.1,182.8,0.5,14360.0,243.5
2019-01-17T16:02:05,0.0,0.0,0.0,0.0,0.0,0.0
2019-01-17T16:02:36,49.1,215.0,186.9,0.4,14380.0,243.5
2019-01-17T16:03:07,0.0,0.0,0.0,0.0,0.0,0.0
2019-01-17T16:03:38,49.0,196.7,191.6,0.5,14400.0,244.4
2019-01-17T16:04:09,49.0,197.3,182.8,0.5,14410.0,242.5
2019-01-17T16:04:40,49.0,209.7,185.7,0.4,14420.0,244.4
2019-01-17T16:05:11,49.0,211.4,186.9,0.4,14430.0,244.4
2019-01-17T16:05:43,49.0,190.2,181.0,0.5,14440.0,243.5
2019-01-17T16:06:14,49.0,206.1,189.9,0.5,14450.0,244.4
2019-01-17T16:06:45,49.0,201.4,181.0,0.5,14460.0,244.4
2019-01-17T16:07:16,0.0,0.0,0.0,0.0,0.0,0.0
2019-01-17T16:07:47,0.0,0.0,0.0,0.0,0.0,0.0
2019-01-17T16:08:18,49.0,194.9,182.2,0.5,14490.0,243.5
2019-01-17T16:08:49,0.0,0.0,0.0,0.0,0.0,0.0
2019-01-17T16:09:20,48.9,198.4,173.9,0.5,14500.0,242.5
2019-01-17T16:09:51,48.9,209.1,176.2,0.5,14510.0,240.6
2019-01-17T16:10:22,48.8,198.4,180.4,0.4,14520.0,242.5
2019-01-17T16:10:54,0.0,0.0,0.0,0.0,0.0,0.0
2019-01-17T16:11:25,0.0,0.0,0.0,0.0,0.0,0.0
2019-01-17T16:11:56,48.5,208.5,173.9,0.4,14550.0,240.6
2019-01-17T16:12:27,0.0,0.0,0.0,0.0,0.0,0.0
2019-01-17T16:12:58,48.4,203.2,176.8,0.4,14560.0,241.5
2019-01-17T16:13:29,48.4,210.8,170.9,0.5,14570.0,241.5
2019-01-17T16:14:00,48.4,194.9,162.0,0.5,14580.0,241.5
2019-01-17T16:14:31,0.0,0.0,0.0,0.0,0.0,0.0
2019-01-17T16:15:02,48.3,199.6,166.8,0.5,14600.0,240.6
2019-01-17T16:15:34,48.3,203.7,169.7,0.5,14610.0,242.5
2019-01-17T16:16:05,48.2,208.5,165.6,0.5,14610.0,242.5
2019-01-17T16:16:36,48.2,207.9,169.7,0.4,14620.0,242.5
2019-01-17T16:17:07,48.1,213.8,163.2,0.4,14630.0,242.5
2019-01-17T16:17:38,48.1,193.7,161.5,0.5,14640.0,242.5
2019-01-17T16:18:09,0.0,0.0,0.0,0.0,0.0,0.0
2019-01-17T16:18:40,48.0,204.3,170.9,0.4,14650.0,243.5
2019-01-17T16:19:11,47.9,215.6,163.8,0.4,14660.0,242.5
2019-01-17T16:19:42,47.9,197.3,169.7,0.4,14670.0,243.5
2019-01-17T16:20:13,47.7,199.6,166.2,0.5,14680.0,243.5
2019-01-17T16:20:45,47.6,212.6,163.8,0.5,14690.0,243.5
2019-01-17T16:21:16,47.6,191.9,155.5,0.4,14690.0,242.5
2019-01-17T16:21:47,47.5,208.5,165.0,0.5,14700.0,242.5
2019-01-17T16:22:18,47.6,207.9,162.6,0.5,14710.0,242.5
2019-01-17T16:22:49,0.0,0.0,0.0,0.0,0.0,0.0
2019-01-17T16:23:20,0.0,0.0,0.0,0.0,0.0,0.0
2019-01-17T16:23:51,47.4,205.5,163.8,0.5,14730.0,242.5
2019-01-17T16:24:22,47.4,192.5,163.8,0.5,14740.0,243.5
2019-01-17T16:24:53,47.4,215.0,163.8,0.4,14750.0,243.5
2019-01-17T16:25:24,47.4,197.3,163.2,0.5,14750.0,242.5
2019-01-17T16:25:56,47.3,207.3,166.2,0.4,14760.0,242.5
2019-01-17T16:26:27,0.0,0.0,0.0,0.0,0.0,0.0
2019-01-17T16:26:58,47.2,195.5,165.0,0.4,14770.0,243.5
2019-01-17T16:27:29,47.2,216.2,165.0,0.4,14780.0,243.5
2019-01-17T16:28:00,47.0,198.4,163.2,0.5,14790.0,243.5
2019-01-17T16:28:31,47.0,220.3,162.0,0.4,14800.0,242.5
2019-01-17T16:29:02,47.0,201.4,153.8,0.5,14800.0,243.5
2019-01-17T16:29:34,46.9,197.3,149.0,0.4,14810.0,242.5
2019-01-17T16:30:05,46.9,213.2,148.4,0.4,14820.0,244.4
2019-01-17T16:30:36,46.9,191.3,165.0,0.5,14820.0,244.4
2019-01-17T16:31:07,46.8,211.4,144.9,0.5,14830.0,243.5
2019-01-17T16:31:38,46.8,213.8,153.8,0.5,14840.0,244.4
2019-01-17T16:32:09,46.8,202.6,152.0,0.4,14840.0,243.5
2019-01-17T16:32:40,46.7,203.7,147.3,0.5,14850.0,242.5
2019-01-17T16:33:11,46.7,219.1,149.6,0.3,14860.0,243.5
2019-01-17T16:33:42,46.6,197.3,147.9,0.4,14860.0,242.5
2019-01-17T16:34:13,46.6,181.9,152.0,0.4,14870.0,243.5
2019-01-17T16:34:45,46.5,198.4,146.7,0.5,14880.0,244.4
2019-01-17T16:35:16,46.5,216.2,142.5,0.5,14880.0,244.4
2019-01-17T16:35:47,46.5,193.7,146.1,0.5,14890.0,243.5
2019-01-17T16:36:18,46.4,208.5,137.8,0.5,14900.0,243.5
2019-01-17T16:36:50,46.4,206.7,150.8,0.4,14900.0,242.5
2019-01-17T16:37:21,46.2,203.7,136.6,0.4,14910.0,243.5
2019-01-17T16:37:52,46.1,216.7,144.9,0.4,14920.0,243.5
2019-01-17T16:38:23,46.1,199.6,138.4,0.5,14920.0,244.4
2019-01-17T16:38:54,46.0,202.0,146.7,0.4,14930.0,243.5
2019-01-17T16:39:25,46.0,211.4,139.0,0.4,14930.0,243.5
2019-01-17T16:39:56,46.0,204.3,140.2,0.5,14940.0,243.5
2019-01-17T16:40:27,46.0,200.2,141.9,0.4,14950.0,243.5
2019-01-17T16:40:58,0.0,0.0,0.0,0.0,0.0,0.0
2019-01-17T16:41:30,45.8,217.3,147.9,0.4,14960.0,244.4
2019-01-17T16:42:01,45.8,219.1,147.3,0.4,14960.0,243.5
2019-01-17T16:42:32,45.8,199.0,138.4,0.4,14970.0,244.4
2019-01-17T16:43:03,45.8,203.7,146.1,0.5,14980.0,244.4
2019-01-17T16:43:34,0.0,0.0,0.0,0.0,0.0,0.0
2019-01-17T16:44:05,45.7,197.3,139.6,0.5,14990.0,245.4
2019-01-17T16:44:36,45.7,213.2,135.4,0.4,14990.0,243.5
2019-01-17T16:45:07,45.7,213.2,134.8,0.4,15000.0,244.4
2019-01-17T16:45:38,45.7,214.4,140.8,0.4,15000.0,242.5
2019-01-17T16:46:10,45.7,207.9,137.8,0.4,15010.0,241.5
2019-01-17T16:46:41,45.7,201.4,140.2,0.4,15020.0,243.5
2019-01-17T16:47:12,45.5,220.9,137.2,0.4,15020.0,242.5
2019-01-17T16:47:43,45.5,203.2,136.6,0.5,15030.0,243.5
2019-01-17T16:48:14,45.5,218.5,131.9,0.5,15030.0,242.5
2019-01-17T16:48:45,45.5,202.6,130.7,0.5,15040.0,244.4
2019-01-17T16:49:16,45.4,222.1,133.7,0.4,15040.0,242.5
2019-01-17T16:49:47,45.4,201.4,133.7,0.4,15050.0,243.5
2019-01-17T16:50:18,45.4,187.2,138.4,0.4,15050.0,242.5
2019-01-17T16:50:49,0.0,0.0,0.0,0.0,0.0,0.0
2019-01-17T16:51:21,45.3,214.4,125.4,0.4,15060.0,242.5
2019-01-17T16:51:52,45.2,193.1,124.2,0.4,15070.0,243.5
2019-01-17T16:52:23,45.2,197.3,126.6,0.5,15070.0,242.5
2019-01-17T16:52:54,45.1,218.5,128.9,0.4,15080.0,242.5
2019-01-17T16:53:25,45.1,203.2,125.4,0.4,15080.0,243.5
2019-01-17T16:53:56,45.0,192.5,121.2,0.4,15090.0,242.5
2019-01-17T16:54:27,45.0,215.6,119.5,0.4,15090.0,243.5
2019-01-17T16:54:58,44.9,206.7,132.5,0.4,15100.0,244.4
2019-01-17T16:55:29,44.9,204.3,128.9,0.4,15100.0,242.5
2019-01-17T16:56:00,44.7,218.5,124.8,0.4,15110.0,243.5
2019-01-17T16:56:31,44.6,196.7,126.0,0.4,15110.0,243.5
2019-01-17T16:57:02,44.6,212.6,126.0,0.4,15120.0,244.4
