2019-01-21T06:35:28,32.0,211.4,222.4,0.8,90.0,239.6
2019-01-21T06:36:00,32.0,213.8,211.7,0.7,90.0,239.6
2019-01-21T06:36:31,32.0,203.2,224.2,0.7,100.0,239.6
2019-01-21T06:37:02,32.2,213.2,231.3,0.6,100.0,240.6
2019-01-21T06:37:33,32.2,210.2,228.9,0.6,100.0,243.5
2019-01-21T06:38:04,32.2,189.0,223.0,0.7,100.0,242.5
2019-01-21T06:38:35,32.2,179.5,229.5,0.8,110.0,241.5
2019-01-21T06:39:06,32.3,199.6,231.3,0.7,110.0,241.5
2019-01-21T06:39:37,32.3,203.7,230.1,0.6,110.0,240.6
2019-01-21T06:40:08,32.3,203.2,225.9,0.6,110.0,239.6
2019-01-21T06:40:39,32.4,198.4,214.7,0.6,110.0,243.5
2019-01-21T06:41:11,32.4,199.0,227.7,0.6,120.0,241.5
2019-01-21T06:41:42,32.4,203.7,214.1,0.5,120.0,243.5
2019-01-21T06:42:13,32.5,191.9,234.2,0.5,120.0,242.5
2019-01-21T06:42:44,32.5,205.5,215.9,0.5,120.0,239.6
2019-01-21T06:43:15,32.5,187.2,195.2,0.5,120.0,240.6
2019-01-21T06:43:46,32.5,208.5,217.1,0.5,120.0,241.5
2019-01-21T06:44:17,32.5,192.5,236.0,0.6,130.0,241.5
2019-01-21T06:44:48,32.6,192.5,214.1,0.6,130.0,242.5
2019-01-21T06:45:19,32.6,211.4,205.8,0.5,130.0,242.5
2019-01-21T06:45:50,32.6,189.6,227.1,0.6,130.0,241.5
2019-01-21T06:46:22,32.6,191.3,225.4,0.6,130.0,242.5
2019-01-21T06:46:53,32.7,201.4,215.9,0.5,130.0,241.5
2019-01-21T06:47:24,32.7,194.9,227.7,0.6,140.0,240.6
2019-01-21T06:47:55,32.7,199.6,221.2,0.5,140.0,240.6
2019-01-21T06:48:26,32.7,205.5,209.4,0.6,140.0,239.6
2019-01-21T06:48:57,32.7,184.8,230.1,0.6,140.0,240.6
2019-01-21T06:49:28,32.9,196.7,228.3,0.5,140.0,241.5
2019-01-21T06:49:59,32.9,205.5,206.4,0.5,140.0,240.6
2019-01-21T06:50:30,32.9,184.3,220.6,0.5,150.0,240.6
2019-01-21T06:51:01,33.0,206.7,230.1,0.5,150.0,241.5
2019-01-21T06:51:32,32.9,190.2,226.5,0.5,150.0,240.6
2019-01-21T06:52:03,33.0,205.5,209.4,0.5,150.0,239.6
2019-01-21T06:52:34,33.0,203.7,218.3,0.5,150.0,239.6
2019-01-21T06:53:05,33.0,191.3,202.9,0.5,150.0,240.6
2019-01-21T06:53:36,33.0,199.6,221.2,0.6,160.0,238.6
2019-01-21T06:54:07,33.0,184.8,234.2,0.6,160.0,238.6
2019-01-21T06:54:38,33.1,205.5,212.3,0.5,160.0,241.5
2019-01-21T06:55:09,33.1,195.5,202.9,0.5,160.0,240.6
2019-01-21T06:55:41,33.1,178.3,224.2,0.5,160.0,240.6
2019-01-21T06:56:12,33.1,200.2,223.6,0.5,160.0,241.5
2019-01-21T06:56:43,33.1,202.6,236.0,0.5,160.0,241.5
2019-01-21T06:57:14,33.1,190.2,214.7,0.5,170.0,240.6
2019-01-21T06:57:45,33.2,207.3,229.5,0.5,170.0,240.6
2019-01-21T06:58:16,33.2,185.4,223.0,0.5,170.0,240.6
2019-01-21T06:58:47,33.2,197.3,210.0,0.4,170.0,241.5
2019-01-21T06:59:18,33.2,196.7,230.1,0.3,170.0,241.5
2019-01-21T06:59:49,33.2,177.8,211.2,0.3,170.0,239.6
2019-01-21T07:00:20,33.2,179.5,190.4,0.3,170.0,240.6
2019-01-21T07:00:52,33.2,202.6,214.1,0.3,170.0,241.5
2019-01-21T07:01:23,33.2,202.0,235.4,0.3,180.0,240.6
2019-01-21T07:01:54,33.3,180.1,215.3,0.3,180.0,241.5
2019-01-21T07:02:25,33.3,158.9,195.2,0.4,180.0,240.6
2019-01-21T07:02:56,33.3,139.4,217.1,0.5,180.0,240.6
2019-01-21T07:03:27,33.3,145.9,205.8,0.5,180.0,239.6
2019-01-21T07:03:58,33.3,153.5,228.3,0.5,180.0,243.5
2019-01-21T07:04:29,33.3,174.8,246.6,0.6,180.0,244.4
2019-01-21T07:05:00,33.3,199.6,217.7,0.6,190.0,242.5
2019-01-21T07:05:32,33.3,203.7,218.8,0.6,190.0,243.5
2019-01-21T07:06:03,33.3,208.5,242.5,0.7,190.0,243.5
2019-01-21T07:06:34,33.4,208.5,230.7,0.7,190.0,242.5
2019-01-21T07:07:05,33.4,191.9,222.4,0.7,200.0,242.5
2019-01-21T07:07:36,33.4,185.4,232.4,0.7,200.0,243.5
2019-01-21T07:08:07,33.4,191.3,225.9,0.6,200.0,243.5
2019-01-21T07:08:38,33.5,194.3,230.7,0.5,200.0,243.5
2019-01-21T07:09:09,33.5,187.8,222.4,0.5,200.0,244.4
2019-01-21T07:09:40,33.5,209.1,223.6,0.4,210.0,244.4
2019-01-21T07:10:11,33.5,204.3,224.2,0.4,210.0,243.5
2019-01-21T07:10:43,33.5,183.1,230.1,0.5,210.0,243.5
2019-01-21T07:11:14,33.5,161.8,208.2,0.6,210.0,243.5
2019-01-21T07:11:45,33.7,145.3,227.7,0.6,210.0,243.5
2019-01-21T07:12:16,33.7,168.9,233.0,0.6,220.0,243.5
2019-01-21T07:12:47,33.7,191.3,211.2,0.6,220.0,244.4
2019-01-21T07:13:18,33.7,213.2,216.5,0.6,220.0,243.5
2019-01-21T07:13:49,33.7,198.4,238.4,0.6,220.0,243.5
2019-01-21T07:14:20,33.8,177.2,225.4,0.7,220.0,243.5
2019-01-21T07:14:51,33.8,201.4,239.5,0.7,230.0,243.5
2019-01-21T07:15:22,33.8,211.4,231.9,0.9,230.0,244.4
2019-01-21T07:15:54,33.8,216.7,221.8,0.7,230.0,243.5
2019-01-21T07:16:25,33.8,194.9,239.5,0.8,240.0,243.5
2019-01-21T07:16:56,33.9,217.9,217.1,0.8,240.0,243.5
2019-01-21T07:17:27,33.9,216.2,202.3,1.1,240.0,244.4
2019-01-21T07:17:58,33.9,203.2,227.7,1.2,250.0,243.5
2019-01-21T07:18:29,33.9,219.1,235.4,1.1,250.0,242.5
2019-01-21T07:19:00,34.0,220.9,215.3,1.1,260.0,242.5
2019-01-21T07:19:31,34.0,197.8,227.1,1.3,260.0,244.4
2019-01-21T07:20:02,34.0,196.7,228.3,1.2,260.0,243.5
2019-01-21T07:20:34,34.0,194.9,224.2,1.4,270.0,244.4
2019-01-21T07:21:05,34.1,218.5,235.4,1.3,270.0,243.5
2019-01-21T07:21:36,34.1,217.3,218.3,1.2,280.0,242.5
2019-01-21T07:22:07,34.1,211.4,240.1,1.3,280.0,244.4
2019-01-21T07:22:38,34.1,219.7,241.3,1.2,290.0,243.5
2019-01-21T07:23:09,34.1,213.2,223.0,1.3,290.0,243.5
2019-01-21T07:23:40,34.1,210.8,221.8,1.5,300.0,245.4
2019-01-21T07:24:11,34.2,213.8,227.7,1.4,300.0,244.4
2019-01-21T07:24:42,34.2,206.7,232.4,1.4,310.0,245.4
2019-01-21T07:25:13,34.2,210.8,223.0,1.5,310.0,243.5
2019-01-21T07:25:45,34.4,210.8,228.9,1.4,320.0,243.5
2019-01-21T07:26:16,34.4,215.0,225.4,1.5,320.0,244.4
2019-01-21T07:26:47,34.4,215.6,233.0,1.5,330.0,243.5
2019-01-21T07:27:18,34.4,210.8,218.8,1.5,340.0,244.4
2019-01-21T07:27:49,34.4,206.1,232.4,1.2,340.0,244.4
2019-01-21T07:28:20,34.5,211.4,235.4,1.4,350.0,244.4
2019-01-21T07:28:51,34.6,206.1,227.1,1.3,350.0,245.4
2019-01-21T07:29:22,34.6,202.0,247.8,1.5,360.0,243.5
2019-01-21T07:29:54,34.6,209.7,234.2,1.2,360.0,244.4
2019-01-21T07:30:25,34.6,216.7,215.3,1.2,370.0,244.4
2019-01-21T07:30:56,34.7,215.6,220.0,1.1,370.0,244.4
2019-01-21T07:31:27,34.7,194.9,238.4,1.2,370.0,243.5
2019-01-21T07:31:58,34.7,217.9,214.1,1.2,380.0,239.6
2019-01-21T07:32:30,34.8,209.1,208.2,1.2,380.0,240.6
2019-01-21T07:33:01,34.8,209.7,232.4,1.2,390.0,240.6
2019-01-21T07:33:32,34.8,206.7,223.6,1.2,390.0,238.6
2019-01-21T07:34:03,34.9,193.1,218.3,1.4,400.0,241.5
2019-01-21T07:34:34,34.9,196.1,234.2,1.1,400.0,240.6
2019-01-21T07:35:05,34.9,174.2,215.3,1.4,410.0,241.5
2019-01-21T07:35:36,34.9,176.0,237.2,1.4,410.0,241.5
2019-01-21T07:36:08,35.0,163.0,220.6,1.5,420.0,241.5
2019-01-21T07:36:39,35.0,183.1,230.7,1.3,420.0,245.4
2019-01-21T07:37:10,35.0,170.7,221.2,1.4,430.0,243.5
2019-01-21T07:37:41,35.0,172.4,236.6,1.6,430.0,244.4
2019-01-21T07:38:12,35.0,169.5,236.6,1.8,440.0,244.4
2019-01-21T07:38:43,35.0,149.4,247.2,1.6,450.0,244.4
2019-01-21T07:39:14,35.2,171.3,228.3,1.5,450.0,244.4
2019-01-21T07:39:45,35.0,176.0,236.0,1.5,460.0,243.5
2019-01-21T07:40:16,34.9,171.3,225.4,1.5,460.0,244.4
2019-01-21T07:40:47,34.9,191.9,228.3,1.4,470.0,244.4
2019-01-21T07:41:19,34.9,185.4,228.9,1.3,470.0,244.4
2019-01-21T07:41:50,34.9,186.6,230.7,1.4,480.0,245.4
2019-01-21T07:42:21,35.0,191.3,220.0,1.2,480.0,243.5
2019-01-21T07:42:52,35.2,190.2,223.0,1.2,490.0,243.5
2019-01-21T07:43:23,35.2,188.4,227.1,1.1,490.0,241.5
2019-01-21T07:43:54,35.2,186.0,228.3,1.1,490.0,243.5
2019-01-21T07:44:25,35.3,183.7,231.3,1.1,500.0,240.6
2019-01-21T07:44:56,35.3,184.8,231.3,1.1,500.0,241.5
2019-01-21T07:45:27,35.3,178.9,211.7,1.1,510.0,241.5
2019-01-21T07:45:58,35.3,157.1,236.0,1.3,510.0,243.5
2019-01-21T07:46:30,35.3,131.1,257.9,1.9,510.0,242.5
2019-01-21T07:47:01,35.4,142.9,230.7,1.8,520.0,246.4
2019-01-21T07:47:32,35.4,164.2,214.1,1.5,520.0,245.4
2019-01-21T07:48:03,35.5,187.8,211.7,1.5,530.0,245.4
2019-01-21T07:48:34,35.5,184.8,238.4,1.6,540.0,243.5
2019-01-21T07:49:05,35.5,181.3,224.2,1.6,540.0,244.4
2019-01-21T07:49:36,35.6,187.8,228.9,1.4,550.0,245.4
2019-01-21T07:50:07,35.6,194.9,225.4,1.5,550.0,245.4
2019-01-21T07:50:38,35.7,192.5,228.3,1.3,560.0,246.4
2019-01-21T07:51:10,35.7,193.7,229.5,1.2,560.0,246.4
2019-01-21T07:51:41,35.7,221.5,215.3,1.5,570.0,247.3
2019-01-21T07:52:12,35.7,209.1,223.0,1.1,570.0,243.5
2019-01-21T07:52:43,35.9,206.7,227.1,1.1,580.0,241.5
2019-01-21T07:53:14,35.9,207.3,224.2,1.1,580.0,242.5
2019-01-21T07:53:45,35.9,204.9,223.0,1.0,590.0,243.5
2019-01-21T07:54:16,35.9,216.7,222.4,1.0,590.0,242.5
2019-01-21T07:54:47,36.0,208.5,230.1,0.9,600.0,241.5
2019-01-21T07:55:18,36.0,213.8,231.3,0.9,600.0,242.5
2019-01-21T07:55:49,36.0,216.7,223.0,1.6,600.0,244.4
2019-01-21T07:56:21,36.0,226.8,196.4,1.8,610.0,244.4
2019-01-21T07:56:52,36.1,207.9,225.9,1.8,620.0,246.4
2019-01-21T07:57:23,36.1,184.8,227.1,2.3,630.0,247.3
2019-01-21T07:57:54,36.1,194.3,223.0,2.1,630.0,246.4
2019-01-21T07:58:25,36.1,196.7,225.9,1.9,640.0,245.4
2019-01-21T07:58:56,36.2,197.3,235.4,2.2,650.0,246.4
2019-01-21T07:59:27,36.2,191.9,226.5,2.3,660.0,248.3
2019-01-21T07:59:58,36.3,187.8,220.6,2.2,660.0,247.3
2019-01-21T08:00:29,36.3,195.5,228.9,2.2,670.0,248.3
2019-01-21T08:01:00,36.4,187.8,217.1,1.7,680.0,246.4
2019-01-21T08:01:31,36.4,206.7,199.9,1.5,680.0,245.4
2019-01-21T08:02:02,36.3,210.2,214.1,1.0,690.0,246.4
2019-01-21T08:02:33,36.3,208.5,225.4,0.9,690.0,246.4
2019-01-21T08:03:04,36.3,198.4,221.2,0.9,700.0,245.4
2019-01-21T08:03:35,36.4,205.5,223.0,0.9,700.0,246.4
2019-01-21T08:04:06,36.4,176.6,193.4,1.6,700.0,247.3
2019-01-21T08:04:37,36.4,161.8,187.5,2.6,710.0,247.3
2019-01-21T08:05:08,36.5,180.1,225.9,2.5,720.0,248.3
2019-01-21T08:05:40,36.5,183.7,230.7,2.5,730.0,247.3
2019-01-21T08:06:11,36.5,175.4,241.9,2.7,740.0,247.3
2019-01-21T08:06:42,36.7,189.6,224.2,1.7,750.0,245.4
2019-01-21T08:07:13,36.7,213.8,224.8,1.5,750.0,244.4
2019-01-21T08:07:44,36.8,213.2,228.3,1.1,760.0,243.5
2019-01-21T08:08:15,36.8,213.2,219.4,1.2,760.0,243.5
2019-01-21T08:08:46,36.8,201.4,234.8,1.3,770.0,244.4
2019-01-21T08:09:17,36.9,217.3,214.1,1.2,770.0,243.5
2019-01-21T08:09:48,36.9,206.7,232.4,1.2,780.0,245.4
2019-01-21T08:10:19,36.9,204.3,215.3,1.2,780.0,244.4
2019-01-21T08:10:51,37.0,210.2,232.4,1.1,790.0,245.4
2019-01-21T08:11:22,36.9,207.3,227.1,1.1,790.0,245.4
2019-01-21T08:11:53,37.0,204.9,217.7,1.1,800.0,246.4
2019-01-21T08:12:24,37.0,179.5,242.5,1.6,800.0,246.4
2019-01-21T08:12:55,37.0,184.8,228.3,2.5,810.0,248.3
2019-01-21T08:13:26,37.1,186.6,227.1,1.5,820.0,246.4
2019-01-21T08:13:57,37.1,192.5,225.9,1.3,820.0,245.4
2019-01-21T08:14:28,37.1,193.1,230.1,1.3,830.0,246.4
2019-01-21T08:14:59,37.2,170.7,215.9,1.6,830.0,245.4
2019-01-21T08:15:30,37.2,182.5,227.1,1.4,840.0,244.4
2019-01-21T08:16:02,37.2,183.1,218.8,1.5,840.0,245.4
2019-01-21T08:16:33,37.2,204.9,239.5,1.3,850.0,245.4
2019-01-21T08:17:04,37.4,210.8,222.4,1.4,860.0,245.4
2019-01-21T08:17:35,37.4,208.5,222.4,1.2,860.0,246.4
2019-01-21T08:18:06,37.4,212.0,220.6,1.3,870.0,246.4
2019-01-21T08:18:37,37.5,210.2,228.9,1.2,870.0,245.4
2019-01-21T08:19:08,37.5,215.0,227.7,1.1,880.0,247.3
2019-01-21T08:19:39,37.5,210.2,231.3,1.1,880.0,244.4
2019-01-21T08:20:10,37.5,209.7,230.1,1.0,890.0,245.4
2019-01-21T08:20:41,37.5,203.7,225.9,1.1,890.0,245.4
2019-01-21T08:21:13,37.5,215.0,221.2,0.9,890.0,244.4
2019-01-21T08:21:44,37.6,196.7,225.9,1.0,900.0,246.4
2019-01-21T08:22:15,37.6,215.6,227.1,0.9,900.0,245.4
2019-01-21T08:22:46,37.6,206.7,220.6,1.0,910.0,245.4
2019-01-21T08:23:17,37.6,204.9,229.5,1.0,910.0,245.4
2019-01-21T08:23:48,37.6,177.2,240.7,1.6,920.0,247.3
2019-01-21T08:24:19,37.7,173.6,211.2,2.4,920.0,246.4
2019-01-21T08:24:50,37.7,183.7,223.6,1.8,930.0,247.3
2019-01-21T08:25:21,37.6,187.2,225.4,1.6,940.0,246.4
2019-01-21T08:25:52,37.5,171.9,221.2,1.5,940.0,246.4
2019-01-21T08:26:24,37.5,194.3,223.0,1.4,950.0,247.3
2019-01-21T08:26:55,37.6,194.3,232.4,1.4,950.0,247.3
2019-01-21T08:27:26,37.6,191.3,226.5,1.4,960.0,246.4
2019-01-21T08:27:57,37.7,189.6,221.8,1.3,960.0,246.4
2019-01-21T08:28:28,37.7,194.9,225.4,1.2,970.0,245.4
2019-01-21T08:28:59,37.7,188.4,228.9,1.1,970.0,246.4
2019-01-21T08:29:30,37.8,189.0,224.2,1.1,980.0,245.4
2019-01-21T08:30:01,37.8,189.0,224.8,1.1,980.0,245.4
2019-01-21T08:30:32,37.8,179.5,235.4,1.2,990.0,246.4
2019-01-21T08:31:04,37.8,147.6,211.2,2.2,990.0,246.4
2019-01-21T08:31:35,37.8,144.7,208.2,1.4,1000.0,246.4
2019-01-21T08:32:06,37.8,170.7,232.4,1.4,1000.0,247.3
2019-01-21T08:32:37,37.8,193.1,219.4,1.2,1010.0,247.3
2019-01-21T08:33:08,37.8,217.3,208.2,1.3,1010.0,246.4
2019-01-21T08:33:39,37.9,197.3,239.0,1.4,1020.0,247.3
2019-01-21T08:34:10,37.8,163.0,239.0,3.2,1030.0,250.2
2019-01-21T08:34:41,37.6,155.3,230.7,4.2,1040.0,250.2
2019-01-21T08:35:12,37.7,162.4,233.0,1.9,1050.0,246.4
2019-01-21T08:35:43,37.8,164.8,226.5,1.4,1060.0,246.4
2019-01-21T08:36:15,37.8,178.3,228.9,1.3,1060.0,246.4
2019-01-21T08:36:46,37.9,204.9,244.3,3.6,1070.0,249.3
2019-01-21T08:37:17,37.9,201.4,228.3,2.9,1090.0,249.3
2019-01-21T08:37:48,38.0,216.7,219.4,3.2,1100.0,250.2
2019-01-21T08:38:19,38.0,199.6,223.0,3.5,1110.0,249.3
2019-01-21T08:38:50,38.2,214.4,226.5,3.4,1130.0,250.2
2019-01-21T08:39:21,38.3,213.2,230.1,3.6,1140.0,249.3
2019-01-21T08:39:52,38.3,212.0,217.7,3.2,1150.0,250.2
2019-01-21T08:40:23,38.4,200.2,223.0,3.6,1170.0,249.3
2019-01-21T08:40:54,38.4,208.5,224.8,3.6,1180.0,250.2
2019-01-21T08:41:26,38.5,208.5,227.1,3.6,1190.0,250.2
2019-01-21T08:41:57,38.5,202.6,222.4,3.6,1210.0,249.3
2019-01-21T08:42:28,38.6,208.5,223.6,3.3,1220.0,249.3
2019-01-21T08:42:59,38.6,220.3,225.4,3.0,1230.0,248.3
2019-01-21T08:43:30,38.5,212.6,225.4,3.4,1240.0,249.3
2019-01-21T08:44:01,38.3,197.3,224.2,3.7,1260.0,249.3
2019-01-21T08:44:32,38.4,203.7,215.3,3.7,1270.0,249.3
2019-01-21T08:45:03,38.5,199.6,224.2,3.7,1280.0,249.3
2019-01-21T08:45:34,38.6,197.8,227.1,3.7,1300.0,248.3
2019-01-21T08:46:06,38.6,197.8,221.8,3.7,1310.0,248.3
2019-01-21T08:46:37,38.7,203.2,217.7,3.5,1320.0,249.3
2019-01-21T08:47:08,38.9,198.4,225.4,3.7,1340.0,247.3
2019-01-21T08:47:39,38.9,197.8,227.1,3.8,1350.0,247.3
2019-01-21T08:48:10,38.9,198.4,225.9,3.7,1360.0,248.3
2019-01-21T08:48:41,39.0,197.8,222.4,3.7,1370.0,248.3
2019-01-21T08:49:12,38.9,191.9,212.3,3.8,1390.0,249.3
2019-01-21T08:49:43,38.9,193.1,221.2,3.9,1400.0,248.3
2019-01-21T08:50:14,38.9,192.5,226.5,3.9,1410.0,252.2
2019-01-21T08:50:45,38.7,194.3,220.0,3.8,1430.0,251.2
2019-01-21T08:51:17,38.5,196.7,215.3,3.8,1440.0,252.2
2019-01-21T08:51:48,38.6,193.1,230.1,4.0,1450.0,251.2
2019-01-21T08:52:19,38.6,193.7,214.7,4.1,1470.0,250.2
2019-01-21T08:52:50,38.9,196.1,223.0,3.6,1480.0,251.2
2019-01-21T08:53:21,38.9,194.9,224.2,4.0,1490.0,251.2
2019-01-21T08:53:52,39.0,197.3,224.8,3.8,1510.0,251.2
2019-01-21T08:54:23,39.1,197.3,214.1,3.9,1520.0,251.2
2019-01-21T08:54:54,39.2,196.7,213.5,3.9,1530.0,251.2
2019-01-21T08:55:25,39.2,196.1,225.4,4.1,1550.0,250.2
2019-01-21T08:55:56,39.3,191.9,217.1,4.2,1560.0,251.2
2019-01-21T08:56:28,39.2,194.3,223.6,4.3,1580.0,250.2
2019-01-21T08:56:59,39.2,202.6,221.2,1.2,1590.0,247.3
2019-01-21T08:57:30,39.3,217.3,194.0,2.2,1600.0,248.3
2019-01-21T08:58:01,39.3,213.2,207.6,0.9,1600.0,246.4
2019-01-21T08:58:32,39.4,202.6,206.4,1.0,1610.0,246.4
2019-01-21T08:59:03,39.4,204.3,211.2,1.0,1610.0,245.4
2019-01-21T08:59:34,39.4,196.7,208.8,0.9,1620.0,245.4
2019-01-21T09:00:05,39.4,197.8,228.3,1.1,1620.0,245.4
2019-01-21T09:00:36,39.4,199.6,209.4,0.9,1620.0,246.4
2019-01-21T09:01:08,39.4,207.3,228.9,0.9,1630.0,245.4
2019-01-21T09:01:39,39.4,185.4,230.1,1.1,1630.0,246.4
2019-01-21T09:02:10,39.4,162.4,210.0,1.3,1640.0,246.4
2019-01-21T09:02:41,39.4,139.4,187.5,1.6,1640.0,246.4
2019-01-21T09:03:12,39.4,113.4,163.2,2.2,1650.0,246.4
2019-01-21T09:03:43,39.3,133.5,187.5,2.0,1650.0,245.4
2019-01-21T09:04:14,39.3,159.4,216.5,1.9,1660.0,245.4
2019-01-21T09:04:45,39.3,176.6,225.4,1.7,1660.0,246.4
2019-01-21T09:05:16,39.3,179.5,224.2,1.6,1670.0,246.4
2019-01-21T09:05:47,39.3,184.3,218.3,1.6,1680.0,246.4
2019-01-21T09:06:19,39.3,187.8,217.7,1.4,1680.0,247.3
2019-01-21T09:06:50,39.4,189.6,223.0,1.5,1690.0,246.4
2019-01-21T09:07:21,39.4,187.2,227.7,1.4,1690.0,246.4
2019-01-21T09:07:52,39.4,183.7,221.2,1.4,1700.0,246.4
2019-01-21T09:08:23,39.3,186.6,223.0,1.4,1700.0,246.4
2019-01-21T09:08:54,39.3,191.9,214.1,1.4,1710.0,246.4
2019-01-21T09:09:25,39.3,191.9,227.7,1.4,1710.0,246.4
2019-01-21T09:09:56,39.2,173.6,206.4,1.6,1720.0,247.3
2019-01-21T09:10:27,39.2,146.4,185.1,2.1,1730.0,247.3
2019-01-21T09:10:58,39.2,174.8,205.2,4.6,1730.0,250.2
2019-01-21T09:11:30,39.2,187.8,226.5,5.4,1750.0,251.2
2019-01-21T09:12:01,39.3,184.8,217.7,5.5,1770.0,251.2
2019-01-21T09:12:32,39.4,187.8,230.1,5.5,1790.0,251.2
2019-01-21T09:13:03,39.4,186.6,227.1,5.5,1810.0,253.1
2019-01-21T09:13:34,39.5,184.8,225.4,5.5,1830.0,253.1
2019-01-21T09:14:05,39.7,180.7,217.1,5.6,1840.0,252.2
2019-01-21T09:14:36,39.5,185.4,221.2,1.8,1860.0,248.3
2019-01-21T09:15:07,39.5,188.4,215.3,1.6,1860.0,247.3
2019-01-21T09:15:38,39.5,190.2,209.4,1.6,1870.0,247.3
2019-01-21T09:16:10,39.4,194.3,217.7,1.4,1880.0,246.4
2019-01-21T09:16:41,39.4,177.8,217.1,1.8,1880.0,247.3
2019-01-21T09:17:12,39.5,196.7,225.4,2.2,1890.0,247.3
2019-01-21T09:17:43,39.5,200.8,204.1,2.6,1900.0,250.2
2019-01-21T09:18:14,39.5,169.5,190.4,5.8,1910.0,251.2
2019-01-21T09:18:45,39.7,182.5,224.2,5.6,1930.0,252.2
2019-01-21T09:19:16,39.8,178.3,223.0,5.6,1950.0,253.1
2019-01-21T09:19:47,39.8,179.5,219.4,5.6,1970.0,252.2
2019-01-21T09:20:18,39.9,178.9,221.8,5.5,1980.0,253.1
2019-01-21T09:20:49,40.0,182.5,217.1,5.3,2000.0,253.1
2019-01-21T09:21:21,40.0,180.1,221.8,5.3,2020.0,252.2
2019-01-21T09:21:52,39.9,178.9,217.1,5.2,2040.0,252.2
2019-01-21T09:22:23,39.8,178.9,217.1,5.3,2050.0,251.2
2019-01-21T09:22:54,39.9,178.9,219.4,5.1,2070.0,251.2
2019-01-21T09:23:25,40.0,180.1,215.3,5.1,2090.0,251.2
2019-01-21T09:23:56,40.1,181.3,218.3,5.0,2100.0,252.2
2019-01-21T09:24:27,40.2,177.2,223.0,5.1,2120.0,252.2
2019-01-21T09:24:58,40.2,173.6,217.7,5.2,2130.0,250.2
2019-01-21T09:25:29,40.2,180.1,218.8,5.2,2150.0,252.2
2019-01-21T09:26:00,40.4,177.8,218.3,5.3,2170.0,251.2
2019-01-21T09:26:31,40.5,175.4,208.2,5.4,2180.0,251.2
2019-01-21T09:27:02,40.5,171.3,226.5,1.4,2200.0,251.2
2019-01-21T09:27:33,40.6,177.2,235.4,4.1,2210.0,252.2
2019-01-21T09:28:04,40.6,174.2,234.8,1.2,2220.0,248.3
2019-01-21T09:28:35,40.7,147.0,203.5,2.5,2230.0,249.3
2019-01-21T09:29:06,40.7,144.7,209.4,1.7,2230.0,245.4
2019-01-21T09:29:37,40.7,158.9,189.9,2.8,2240.0,246.4
2019-01-21T09:30:08,40.7,158.9,200.5,1.3,2240.0,245.4
2019-01-21T09:30:40,40.7,168.9,214.1,1.2,2250.0,245.4
2019-01-21T09:31:11,40.7,158.9,203.5,1.1,2250.0,245.4
2019-01-21T09:31:42,40.8,161.8,228.3,1.2,2260.0,245.4
2019-01-21T09:32:13,40.7,192.5,199.3,1.4,2260.0,249.3
2019-01-21T09:32:44,40.8,194.3,166.8,4.8,2270.0,251.2
2019-01-21T09:33:15,40.8,183.7,206.4,5.7,2290.0,253.1
2019-01-21T09:33:46,40.8,184.8,218.8,5.6,2310.0,253.1
2019-01-21T09:34:17,40.8,182.5,217.7,5.8,2330.0,253.1
2019-01-21T09:34:48,40.9,181.3,221.2,5.7,2340.0,252.2
2019-01-21T09:35:19,41.0,180.7,218.3,5.7,2360.0,252.2
2019-01-21T09:35:51,41.0,179.5,214.1,5.5,2380.0,253.1
2019-01-21T09:36:22,41.2,180.7,217.1,5.6,2400.0,254.1
2019-01-21T09:36:53,41.2,176.6,221.2,5.8,2420.0,251.2
2019-01-21T09:37:24,41.3,173.0,219.4,5.8,2440.0,251.2
2019-01-21T09:37:55,41.3,175.4,206.4,5.8,2460.0,252.2
2019-01-21T09:38:26,41.4,173.0,205.2,1.5,2470.0,247.3
2019-01-21T09:38:57,41.5,173.6,210.6,1.6,2470.0,246.4
2019-01-21T09:39:28,41.5,176.0,206.4,1.3,2480.0,246.4
2019-01-21T09:39:59,41.5,172.4,222.4,1.4,2480.0,245.4
2019-01-21T09:40:30,41.5,175.4,205.8,1.4,2490.0,247.3
2019-01-21T09:41:02,41.5,180.7,215.9,1.3,2490.0,246.4
2019-01-21T09:41:33,41.5,182.5,220.6,1.2,2500.0,246.4
2019-01-21T09:42:04,41.5,176.0,206.4,1.2,2500.0,247.3
2019-01-21T09:42:35,41.4,202.0,228.3,1.2,2510.0,247.3
2019-01-21T09:43:06,41.4,196.1,208.8,1.4,2510.0,248.3
2019-01-21T09:43:37,41.4,173.6,225.4,5.6,2520.0,253.1
2019-01-21T09:44:08,41.4,183.1,222.4,6.3,2540.0,254.1
2019-01-21T09:44:39,41.5,182.5,214.7,6.3,2560.0,253.1
2019-01-21T09:45:10,41.5,181.3,218.3,6.4,2580.0,254.1
2019-01-21T09:45:41,41.6,178.3,217.7,6.5,2610.0,253.1
2019-01-21T09:46:13,41.6,181.3,218.3,6.3,2630.0,253.1
2019-01-21T09:46:44,41.7,179.5,215.9,6.4,2650.0,253.1
2019-01-21T09:47:15,41.7,176.0,219.4,6.4,2670.0,252.2
2019-01-21T09:47:46,41.7,180.1,218.8,6.2,2690.0,252.2
2019-01-21T09:48:17,41.9,177.2,218.3,6.3,2710.0,253.1
2019-01-21T09:48:48,42.0,174.8,210.6,6.3,2730.0,254.1
2019-01-21T09:49:19,42.0,178.3,214.1,6.1,2750.0,253.1
2019-01-21T09:49:50,42.1,176.0,210.0,6.2,2770.0,252.2
2019-01-21T09:50:21,42.2,174.2,210.0,6.2,2790.0,253.1
2019-01-21T09:50:53,42.2,173.6,214.7,6.1,2810.0,253.1
2019-01-21T09:51:24,42.3,172.4,207.0,6.1,2830.0,252.2
2019-01-21T09:51:55,42.4,170.1,204.1,6.2,2850.0,254.1
2019-01-21T09:52:26,42.4,176.6,207.0,5.9,2870.0,253.1
2019-01-21T09:52:57,42.4,170.1,211.7,6.1,2880.0,252.2
2019-01-21T09:53:28,42.5,173.6,210.6,6.0,2900.0,250.2
2019-01-21T09:53:59,42.7,168.9,214.1,6.2,2920.0,250.2
2019-01-21T09:54:30,42.7,167.7,211.7,6.0,2940.0,250.2
2019-01-21T09:55:01,42.7,173.6,213.5,5.9,2960.0,250.2
2019-01-21T09:55:33,42.7,173.0,209.4,5.8,2980.0,251.2
2019-01-21T09:56:04,42.8,168.9,211.7,6.0,3000.0,251.2
2019-01-21T09:56:35,42.9,171.3,217.1,6.1,3010.0,250.2
2019-01-21T09:57:06,42.9,171.3,216.5,6.1,3030.0,251.2
2019-01-21T09:57:37,42.9,168.9,211.2,6.1,3050.0,250.2
2019-01-21T09:58:08,42.9,173.0,210.6,6.1,3070.0,251.2
2019-01-21T09:58:39,43.0,169.5,205.2,6.3,3090.0,252.2
2019-01-21T09:59:10,43.0,163.0,213.5,6.4,3110.0,252.2
2019-01-21T09:59:41,43.1,166.5,215.9,6.5,3130.0,250.2
2019-01-21T10:00:12,43.1,176.6,210.0,2.3,3140.0,247.3
2019-01-21T10:00:44,43.1,169.5,215.9,1.5,3150.0,246.4
2019-01-21T10:01:15,43.1,166.5,212.3,1.2,3150.0,244.4
2019-01-21T10:01:46,43.0,168.9,198.7,1.2,3160.0,244.4
2019-01-21T10:02:17,42.9,192.5,210.6,1.0,3160.0,245.4
2019-01-21T10:02:48,42.9,195.5,208.2,1.2,3160.0,245.4
2019-01-21T10:03:19,42.9,195.5,213.5,1.1,3170.0,244.4
2019-01-21T10:03:50,42.9,185.4,219.4,6.3,3180.0,248.3
2019-01-21T10:04:21,42.9,179.5,216.5,6.6,3200.0,253.1
2019-01-21T10:04:52,42.9,178.3,221.2,6.6,3220.0,251.2
2019-01-21T10:05:23,43.0,159.4,218.8,7.1,3240.0,250.2
2019-01-21T10:05:55,42.9,174.2,220.0,6.7,3260.0,251.2
2019-01-21T10:06:26,43.0,177.2,216.5,6.7,3290.0,251.2
2019-01-21T10:06:57,43.0,178.9,209.4,6.5,3310.0,251.2
2019-01-21T10:07:28,43.1,170.7,205.8,6.5,3330.0,251.2
2019-01-21T10:07:59,43.2,164.8,208.2,7.0,3350.0,251.2
2019-01-21T10:08:30,43.2,173.0,208.8,6.9,3370.0,250.2
2019-01-21T10:09:01,43.4,173.6,208.2,6.8,3390.0,252.2
2019-01-21T10:09:32,43.4,170.1,204.1,6.2,3410.0,251.2
2019-01-21T10:10:03,43.5,169.5,214.1,6.8,3430.0,249.3
2019-01-21T10:10:35,43.5,168.3,214.1,7.1,3450.0,250.2
2019-01-21T10:11:06,43.5,156.5,214.1,7.3,3470.0,252.2
2019-01-21T10:11:37,43.5,161.8,207.0,6.1,3490.0,250.2
2019-01-21T10:12:08,43.5,168.9,221.2,6.7,3510.0,251.2
2019-01-21T10:12:39,43.6,170.1,207.6,7.1,3530.0,250.2
2019-01-21T10:13:10,43.7,165.9,201.7,7.2,3560.0,251.2
2019-01-21T10:13:41,43.7,175.4,205.2,7.0,3580.0,251.2
2019-01-21T10:14:12,43.8,167.7,198.7,1.7,3590.0,245.4
2019-01-21T10:14:43,43.8,172.4,205.8,1.6,3600.0,246.4
2019-01-21T10:15:14,43.8,173.0,207.0,1.6,3600.0,244.4
2019-01-21T10:15:46,43.8,163.6,212.3,1.9,3610.0,244.4
2019-01-21T10:16:17,43.7,138.8,189.3,2.4,3610.0,245.4
2019-01-21T10:16:48,43.6,160.6,213.5,2.0,3620.0,244.4
2019-01-21T10:17:19,43.6,183.1,211.2,1.8,3630.0,244.4
2019-01-21T10:17:50,43.6,180.7,197.0,1.9,3630.0,245.4
2019-01-21T10:18:21,43.5,181.3,196.4,2.2,3640.0,246.4
2019-01-21T10:18:52,43.4,173.6,207.6,2.7,3650.0,245.4
2019-01-21T10:19:23,43.4,186.6,201.1,2.6,3660.0,245.4
2019-01-21T10:19:54,43.4,175.4,234.8,3.2,3670.0,246.4
2019-01-21T10:20:25,43.1,155.9,215.3,4.0,3680.0,247.3
2019-01-21T10:20:57,43.2,146.4,227.1,9.0,3700.0,251.2
2019-01-21T10:21:29,43.2,168.3,212.9,8.0,3720.0,250.2
2019-01-21T10:22:00,43.2,175.4,211.2,7.9,3750.0,251.2
2019-01-21T10:22:31,43.4,174.2,213.5,7.7,3770.0,250.2
2019-01-21T10:23:02,43.5,172.4,206.4,7.5,3790.0,250.2
2019-01-21T10:23:33,43.6,175.4,209.4,6.9,3820.0,248.3
2019-01-21T10:24:04,0.0,0.0,0.0,0.0,0.0,0.0
2019-01-21T10:24:35,43.7,151.8,216.5,2.8,3840.0,244.4
2019-01-21T10:25:06,43.7,152.4,217.1,2.5,3840.0,243.5
2019-01-21T10:25:37,43.7,148.8,204.1,2.4,3850.0,244.4
2019-01-21T10:26:09,43.8,154.1,211.2,2.3,3860.0,244.4
2019-01-21T10:26:40,43.7,157.1,217.1,2.2,3870.0,244.4
2019-01-21T10:27:11,43.7,161.2,205.2,2.1,3870.0,244.4
2019-01-21T10:27:42,43.7,162.4,212.3,2.2,3880.0,243.5
2019-01-21T10:28:13,43.6,138.2,228.3,2.7,3890.0,244.4
2019-01-21T10:28:44,43.6,134.6,243.1,8.2,3900.0,248.3
2019-01-21T10:29:15,43.6,170.7,210.0,7.4,3920.0,248.3
2019-01-21T10:29:46,43.5,169.5,211.7,2.2,3930.0,245.4
2019-01-21T10:30:17,43.4,168.3,202.9,2.2,3940.0,244.4
2019-01-21T10:30:48,43.5,187.2,217.1,2.0,3950.0,244.4
2019-01-21T10:31:20,43.6,184.3,217.7,2.2,3960.0,245.4
2019-01-21T10:31:51,43.5,180.7,217.7,2.5,3970.0,245.4
2019-01-21T10:32:22,43.5,171.3,210.0,2.4,3970.0,248.3
2019-01-21T10:32:53,43.5,180.7,215.3,2.1,3980.0,247.3
2019-01-21T10:33:24,43.5,189.6,218.3,1.9,3990.0,248.3
2019-01-21T10:33:55,43.5,184.8,218.8,1.9,4000.0,249.3
2019-01-21T10:34:26,43.5,188.4,221.8,1.9,4010.0,248.3
2019-01-21T10:34:57,43.5,178.9,217.1,1.9,4010.0,248.3
2019-01-21T10:35:28,43.5,180.1,210.6,1.9,4020.0,248.3
2019-01-21T10:35:59,43.5,183.1,225.4,1.9,4030.0,249.3
2019-01-21T10:36:31,43.5,186.6,202.3,2.2,4040.0,247.3
2019-01-21T10:37:02,43.5,184.8,218.8,2.0,4040.0,249.3
2019-01-21T10:37:33,43.5,180.1,213.5,2.1,4050.0,248.3
2019-01-21T10:38:04,43.5,183.1,230.1,2.0,4060.0,248.3
2019-01-21T10:38:35,43.5,158.3,211.7,3.3,4070.0,247.3
2019-01-21T10:39:06,43.4,161.2,221.2,2.4,4080.0,248.3
2019-01-21T10:39:37,43.4,183.7,218.8,2.2,4090.0,248.3
2019-01-21T10:40:08,43.2,187.2,215.3,2.2,4090.0,249.3
2019-01-21T10:40:39,43.4,186.0,225.9,2.3,4100.0,248.3
2019-01-21T10:41:11,43.2,178.3,206.4,2.5,4110.0,247.3
2019-01-21T10:41:42,43.4,192.5,198.1,2.5,4120.0,249.3
2019-01-21T10:42:13,43.2,193.1,227.7,3.4,4130.0,248.3
2019-01-21T10:42:44,43.0,203.7,214.7,3.4,4150.0,252.2
2019-01-21T10:43:15,43.1,186.6,220.6,2.9,4160.0,250.2
2019-01-21T10:43:46,43.1,187.8,220.6,2.6,4170.0,249.3
2019-01-21T10:44:17,43.1,187.8,218.8,2.3,4180.0,249.3
2019-01-21T10:44:48,43.1,192.5,231.9,2.4,4190.0,249.3
2019-01-21T10:45:19,43.1,200.8,208.8,6.0,4210.0,254.1
2019-01-21T10:45:50,43.2,196.1,216.5,6.4,4230.0,254.1
2019-01-21T10:46:22,43.4,194.3,204.6,6.3,4260.0,253.1
2019-01-21T10:46:53,43.5,190.8,199.9,4.7,4280.0,252.2
2019-01-21T10:47:24,43.5,174.2,218.8,3.4,4290.0,250.2
2019-01-21T10:47:55,43.6,157.1,225.4,3.2,4310.0,249.3
2019-01-21T10:48:26,43.7,154.7,214.1,2.5,4320.0,248.3
2019-01-21T10:48:57,43.4,153.5,217.7,2.6,4320.0,248.3
2019-01-21T10:49:28,43.4,163.6,215.9,2.4,4330.0,248.3
2019-01-21T10:49:59,43.2,186.6,218.3,2.3,4340.0,247.3
2019-01-21T10:50:30,43.4,185.4,194.6,2.4,4350.0,248.3
2019-01-21T10:51:01,43.4,170.7,206.4,3.1,4360.0,251.2
2019-01-21T10:51:32,43.4,174.8,203.5,2.8,4370.0,250.2
2019-01-21T10:52:03,43.4,187.2,228.3,4.1,4390.0,249.3
2019-01-21T10:52:34,43.5,179.5,218.3,2.1,4400.0,248.3
2019-01-21T10:53:05,43.5,177.8,220.6,2.1,4410.0,248.3
2019-01-21T10:53:36,43.5,183.7,215.3,2.1,4420.0,247.3
2019-01-21T10:54:07,43.5,181.3,218.3,2.0,4420.0,248.3
2019-01-21T10:54:38,43.5,181.3,215.9,2.1,4430.0,248.3
2019-01-21T10:55:09,43.5,187.2,218.3,2.0,4440.0,249.3
2019-01-21T10:55:41,43.5,188.4,227.1,1.9,4450.0,247.3
2019-01-21T10:56:12,43.5,167.7,200.5,2.3,4460.0,248.3
2019-01-21T10:56:43,43.5,159.4,194.6,3.1,4470.0,250.2
2019-01-21T10:57:14,43.5,164.8,188.7,6.1,4480.0,252.2
2019-01-21T10:57:45,43.6,164.8,218.8,8.1,4500.0,253.1
2019-01-21T10:58:16,43.6,158.3,220.0,2.5,4520.0,249.3
2019-01-21T10:58:47,43.6,158.9,212.9,2.4,4530.0,248.3
2019-01-21T10:59:18,43.6,153.5,201.1,2.6,4540.0,249.3
2019-01-21T10:59:49,43.6,138.8,186.3,2.8,4550.0,248.3
2019-01-21T11:00:20,43.7,163.0,215.9,2.6,4550.0,248.3
2019-01-21T11:00:52,43.6,157.1,218.3,2.4,4560.0,248.3
2019-01-21T11:01:23,43.6,152.9,218.8,2.5,4570.0,248.3
2019-01-21T11:01:54,43.6,148.8,212.3,3.5,4580.0,247.3
2019-01-21T11:02:25,43.6,163.6,220.6,2.6,4590.0,248.3
2019-01-21T11:02:56,43.6,163.6,220.0,2.7,4600.0,248.3
2019-01-21T11:03:27,43.6,162.4,221.2,2.6,4610.0,249.3
2019-01-21T11:03:58,43.6,148.8,224.2,3.0,4620.0,249.3
2019-01-21T11:04:29,43.5,180.7,224.8,4.3,4630.0,252.2
2019-01-21T11:05:00,43.5,165.4,211.2,9.4,4660.0,253.1
2019-01-21T11:05:32,43.5,171.9,214.1,8.7,4690.0,253.1
2019-01-21T11:06:03,43.6,163.6,204.6,6.2,4710.0,253.1
2019-01-21T11:06:34,43.7,150.6,211.2,8.2,4740.0,253.1
2019-01-21T11:07:05,43.7,163.6,208.2,3.2,4760.0,250.2
2019-01-21T11:07:36,43.8,163.6,215.3,5.1,4770.0,248.3
2019-01-21T11:08:07,43.8,170.7,189.9,3.5,4780.0,249.3
2019-01-21T11:08:38,43.9,174.2,201.7,2.0,4790.0,247.3
2019-01-21T11:09:09,43.9,164.2,227.1,3.7,4800.0,248.3
2019-01-21T11:09:40,43.8,157.7,217.1,2.2,4810.0,247.3
2019-01-21T11:10:11,43.8,159.4,222.4,2.2,4820.0,246.4
2019-01-21T11:10:43,43.8,150.6,205.8,2.3,4820.0,247.3
2019-01-21T11:11:14,43.9,158.9,195.8,2.5,4830.0,247.3
2019-01-21T11:11:45,43.8,179.5,228.3,2.9,4840.0,247.3
2019-01-21T11:12:16,43.8,193.1,202.9,2.7,4860.0,249.3
2019-01-21T11:12:47,43.8,177.8,208.2,2.5,4870.0,247.3
2019-01-21T11:13:18,43.8,182.5,217.7,2.3,4880.0,246.4
2019-01-21T11:13:49,0.0,0.0,0.0,0.0,0.0,0.0
2019-01-21T11:14:20,43.8,186.0,195.8,2.7,4900.0,247.3
2019-01-21T11:14:51,43.8,164.2,210.0,7.7,4910.0,251.2
2019-01-21T11:15:22,43.9,161.8,205.8,8.1,4940.0,250.2
2019-01-21T11:15:54,43.9,148.8,210.0,3.3,4960.0,249.3
2019-01-21T11:16:25,44.0,131.1,225.4,3.6,4970.0,247.3
2019-01-21T11:16:56,44.0,122.8,191.0,10.1,4990.0,248.3
2019-01-21T11:17:27,44.2,131.7,208.8,9.9,5010.0,251.2
2019-01-21T11:17:58,44.2,154.1,208.2,9.3,5040.0,252.2
2019-01-21T11:18:29,44.3,161.2,208.2,4.1,5060.0,250.2
2019-01-21T11:19:00,44.4,140.5,225.9,9.2,5080.0,253.1
2019-01-21T11:19:31,44.4,139.4,214.1,9.3,5100.0,253.1
2019-01-21T11:20:02,44.5,155.3,204.6,9.1,5130.0,253.1
2019-01-21T11:20:34,44.5,147.6,206.4,8.9,5150.0,249.3
2019-01-21T11:21:05,44.6,147.6,205.2,9.2,5180.0,251.2
2019-01-21T11:21:36,44.6,144.7,200.5,8.2,5200.0,251.2
2019-01-21T11:22:07,44.6,137.6,205.2,8.9,5230.0,251.2
2019-01-21T11:22:38,44.5,131.7,201.7,9.1,5250.0,250.2
2019-01-21T11:23:09,44.5,131.1,194.0,9.2,5270.0,248.3
2019-01-21T11:23:40,44.4,135.8,202.3,8.9,5300.0,250.2
2019-01-21T11:24:11,44.3,130.5,204.1,9.3,5320.0,249.3
2019-01-21T11:24:42,44.4,138.8,201.7,7.2,5350.0,245.4
2019-01-21T11:25:13,44.5,144.7,187.5,6.2,5360.0,245.4
2019-01-21T11:25:45,44.7,158.9,208.8,8.8,5370.0,246.4
2019-01-21T11:26:16,44.7,149.4,209.4,2.8,5390.0,243.5
2019-01-21T11:26:47,44.7,163.6,193.4,6.2,5400.0,245.4
2019-01-21T11:27:18,44.9,148.8,198.7,8.9,5420.0,249.3
2019-01-21T11:27:49,44.9,131.1,207.0,9.8,5440.0,249.3
2019-01-21T11:28:20,45.0,144.7,204.6,8.6,5470.0,249.3
2019-01-21T11:28:51,45.1,135.2,201.7,9.1,5490.0,248.3
2019-01-21T11:29:22,45.2,131.1,202.9,9.4,5520.0,248.3
2019-01-21T11:29:53,45.2,132.9,199.9,9.3,5540.0,248.3
2019-01-21T11:30:24,45.3,135.2,199.3,8.6,5570.0,248.3
2019-01-21T11:30:56,45.2,133.5,190.4,9.2,5590.0,248.3
2019-01-21T11:31:27,45.3,127.5,206.4,9.5,5610.0,249.3
2019-01-21T11:31:58,45.4,147.0,187.5,9.5,5640.0,250.2
2019-01-21T11:32:29,45.4,149.4,195.2,3.3,5660.0,246.4
2019-01-21T11:33:00,45.5,140.5,213.5,4.1,5670.0,246.4
2019-01-21T11:33:31,45.5,147.0,201.1,3.1,5680.0,243.5
2019-01-21T11:34:02,45.3,144.7,197.0,4.9,5690.0,245.4
2019-01-21T11:34:33,45.3,134.0,180.4,4.5,5710.0,246.4
2019-01-21T11:35:04,45.3,142.3,170.9,2.5,5720.0,243.5
2019-01-21T11:35:36,45.3,148.8,190.4,2.1,5730.0,241.5
2019-01-21T11:36:07,45.3,151.8,211.2,2.1,5740.0,241.5
2019-01-21T11:36:38,45.3,155.9,213.5,2.1,5740.0,243.5
2019-01-21T11:37:09,45.3,161.2,237.2,2.4,5750.0,243.5
2019-01-21T11:37:40,45.3,134.6,208.2,3.3,5760.0,245.4
2019-01-21T11:38:11,45.3,150.6,223.6,8.4,5770.0,246.4
2019-01-21T11:38:42,45.3,144.1,204.1,8.7,5800.0,247.3
2019-01-21T11:39:13,45.3,154.1,190.4,4.7,5810.0,246.4
2019-01-21T11:39:44,45.3,154.1,194.6,2.5,5830.0,244.4
2019-01-21T11:40:15,45.3,144.7,195.2,2.9,5840.0,244.4
2019-01-21T11:40:47,45.3,147.6,199.3,2.0,5850.0,242.5
2019-01-21T11:41:18,45.3,162.4,221.2,1.9,5850.0,244.4
2019-01-21T11:41:49,0.0,0.0,0.0,0.0,0.0,0.0
2019-01-21T11:42:20,45.3,170.1,212.3,1.5,5870.0,243.5
2019-01-21T11:42:51,45.2,150.0,217.7,1.6,5870.0,244.4
2019-01-21T11:43:22,45.2,152.4,194.0,1.9,5880.0,245.4
2019-01-21T11:43:53,45.1,161.8,203.5,5.3,5890.0,249.3
2019-01-21T11:44:24,44.5,135.2,210.0,6.3,5900.0,248.3
2019-01-21T11:44:55,44.5,127.5,223.0,7.1,5920.0,250.2
2019-01-21T11:45:26,44.6,147.0,210.0,6.3,5940.0,250.2
2019-01-21T11:45:58,44.7,145.9,220.0,7.1,5960.0,250.2
2019-01-21T11:46:29,44.7,144.1,193.4,8.0,5980.0,251.2
2019-01-21T11:47:00,44.9,130.5,204.6,9.1,6010.0,251.2
2019-01-21T11:47:31,44.9,135.2,206.4,9.0,6030.0,253.1
2019-01-21T11:48:02,45.0,141.7,206.4,8.5,6060.0,251.2
2019-01-21T11:48:33,45.1,137.6,206.4,8.6,6080.0,253.1
2019-01-21T11:49:04,45.2,132.3,208.8,8.9,6100.0,251.2
2019-01-21T11:49:35,45.3,140.0,202.3,8.3,6130.0,252.2
2019-01-21T11:50:06,45.3,135.2,208.2,8.7,6150.0,252.2
2019-01-21T11:50:38,45.4,136.4,205.2,8.4,6170.0,252.2
2019-01-21T11:51:09,45.5,135.2,204.1,8.7,6200.0,252.2
2019-01-21T11:51:40,45.7,130.5,206.4,8.8,6220.0,253.1
2019-01-21T11:52:11,45.7,137.0,201.1,8.3,6240.0,252.2
2019-01-21T11:52:42,45.8,137.6,200.5,8.2,6260.0,252.2
2019-01-21T11:53:13,45.8,133.5,199.9,8.4,6290.0,252.2
2019-01-21T11:53:44,45.9,135.2,200.5,8.6,6310.0,251.2
2019-01-21T11:54:15,46.0,134.6,199.3,8.3,6330.0,250.2
2019-01-21T11:54:46,46.0,129.9,200.5,8.6,6350.0,251.2
2019-01-21T11:55:17,46.1,135.2,204.6,8.3,6370.0,250.2
2019-01-21T11:55:49,46.0,122.8,200.5,8.7,6400.0,251.2
2019-01-21T11:56:20,46.0,140.5,197.5,7.9,6420.0,250.2
2019-01-21T11:56:51,0.0,0.0,0.0,0.0,0.0,0.0
2019-01-21T11:57:22,46.1,134.6,198.7,8.5,6460.0,250.2
2019-01-21T11:57:53,46.2,134.6,195.8,8.4,6490.0,249.3
2019-01-21T11:58:24,46.2,139.4,197.0,7.7,6510.0,250.2
2019-01-21T11:58:55,46.1,131.1,205.2,8.8,6530.0,249.3
2019-01-21T11:59:26,46.2,145.9,201.7,7.3,6550.0,248.3
2019-01-21T11:59:57,46.1,140.5,204.1,7.1,6570.0,249.3
2019-01-21T12:00:28,46.2,135.8,205.2,8.4,6600.0,249.3
2019-01-21T12:01:00,46.1,135.8,206.4,8.3,6620.0,249.3
2019-01-21T12:01:31,46.1,137.6,196.4,8.3,6640.0,250.2
2019-01-21T12:02:02,46.2,135.2,198.1,8.0,6660.0,249.3
2019-01-21T12:02:33,46.2,137.0,199.3,8.3,6680.0,249.3
2019-01-21T12:03:04,46.4,131.7,198.1,8.6,6710.0,248.3
2019-01-21T12:03:35,46.1,137.6,204.6,8.2,6730.0,248.3
2019-01-21T12:04:06,46.2,129.3,201.1,8.7,6750.0,247.3
2019-01-21T12:04:37,46.2,133.5,201.1,8.4,6770.0,248.3
2019-01-21T12:05:08,46.0,138.2,193.4,8.2,6790.0,250.2
2019-01-21T12:05:39,0.0,0.0,0.0,0.0,0.0,0.0
2019-01-21T12:06:11,46.2,125.8,198.1,8.8,6840.0,247.3
2019-01-21T12:06:42,46.4,135.8,205.2,8.3,6860.0,247.3
2019-01-21T12:07:13,0.0,0.0,0.0,0.0,0.0,0.0
2019-01-21T12:07:44,46.2,134.6,201.1,7.6,6910.0,249.3
2019-01-21T12:08:15,46.1,121.6,203.5,8.0,6930.0,249.3
2019-01-21T12:08:46,46.2,129.3,204.6,8.8,6950.0,249.3
2019-01-21T12:09:17,46.4,125.2,200.5,8.5,6970.0,248.3
2019-01-21T12:09:48,46.4,132.3,189.3,6.6,6990.0,249.3
2019-01-21T12:10:19,46.5,133.5,180.4,2.9,7010.0,244.4
2019-01-21T12:10:51,46.6,153.5,201.7,3.7,7020.0,242.5
2019-01-21T12:11:22,46.6,145.3,195.2,3.7,7030.0,244.4
2019-01-21T12:11:53,0.0,0.0,0.0,0.0,0.0,0.0
2019-01-21T12:12:24,46.6,131.1,199.3,9.3,7060.0,249.3
2019-01-21T12:12:55,46.6,114.0,205.2,7.3,7080.0,247.3
2019-01-21T12:13:26,0.0,0.0,0.0,0.0,0.0,0.0
2019-01-21T12:13:57,46.7,129.3,217.1,3.1,7100.0,242.5
2019-01-21T12:14:28,46.6,133.5,211.7,2.5,7110.0,242.5
2019-01-21T12:14:59,46.6,150.6,192.2,2.2,7120.0,243.5
2019-01-21T12:15:30,46.6,137.0,212.3,2.5,7130.0,240.6
2019-01-21T12:16:02,46.6,135.8,236.6,6.4,7140.0,245.4
2019-01-21T12:16:33,46.6,128.1,220.0,6.7,7160.0,247.3
2019-01-21T12:17:04,46.6,124.0,199.3,9.7,7180.0,248.3
2019-01-21T12:17:35,46.6,128.1,202.3,9.5,7210.0,249.3
2019-01-21T12:18:06,46.5,128.7,199.3,9.3,7230.0,247.3
2019-01-21T12:18:37,46.4,128.7,189.9,8.2,7260.0,244.4
2019-01-21T12:19:08,46.4,123.4,200.5,8.4,7280.0,247.3
2019-01-21T12:19:39,46.2,122.8,207.0,4.0,7300.0,246.4
2019-01-21T12:20:10,46.4,106.3,189.9,10.9,7320.0,246.4
2019-01-21T12:20:41,46.5,108.1,201.1,9.9,7340.0,246.4
2019-01-21T12:21:13,46.5,123.4,196.4,7.6,7360.0,246.4
2019-01-21T12:21:44,46.6,140.0,179.2,6.4,7380.0,246.4
2019-01-21T12:22:15,46.6,137.0,173.3,7.0,7400.0,243.5
2019-01-21T12:22:46,46.6,142.9,187.5,2.9,7410.0,242.5
2019-01-21T12:23:17,46.7,132.3,195.2,6.2,7420.0,246.4
2019-01-21T12:23:48,46.7,111.0,185.1,9.5,7440.0,247.3
2019-01-21T12:24:19,46.7,123.4,199.3,8.3,7470.0,248.3
2019-01-21T12:24:50,46.7,108.6,201.7,7.9,7490.0,245.4
2019-01-21T12:25:21,46.8,102.1,197.0,8.5,7510.0,249.3
2019-01-21T12:25:52,46.8,102.7,195.2,8.5,7530.0,246.4
2019-01-21T12:26:24,46.9,105.7,197.5,8.1,7550.0,246.4
2019-01-21T12:26:55,46.9,107.5,198.1,8.2,7570.0,247.3
2019-01-21T12:27:26,47.0,102.7,194.0,8.6,7600.0,246.4
2019-01-21T12:27:57,47.0,103.3,198.1,8.6,7620.0,246.4
2019-01-21T12:28:28,47.0,106.9,204.6,8.8,7640.0,246.4
2019-01-21T12:28:59,47.0,107.5,207.0,2.9,7650.0,240.6
2019-01-21T12:29:30,47.2,128.7,212.9,3.0,7660.0,241.5
2019-01-21T12:30:01,47.2,143.5,191.0,2.8,7670.0,241.5
2019-01-21T12:30:32,47.2,148.8,214.1,2.6,7680.0,242.5
2019-01-21T12:31:04,47.0,147.6,196.4,2.8,7690.0,243.5
2019-01-21T12:31:35,47.0,140.5,205.2,2.2,7700.0,239.6
2019-01-21T12:32:06,47.0,148.8,204.1,2.0,7710.0,241.5
2019-01-21T12:32:37,46.9,148.2,202.3,2.0,7710.0,240.6
2019-01-21T12:33:08,46.9,155.3,203.5,1.9,7720.0,239.6
2019-01-21T12:33:39,46.8,156.5,214.1,1.9,7730.0,240.6
2019-01-21T12:34:10,46.8,154.1,220.6,2.1,7730.0,241.5
2019-01-21T12:34:41,46.8,155.9,207.0,1.9,7740.0,239.6
2019-01-21T12:35:12,46.6,156.5,203.5,1.8,7750.0,240.6
2019-01-21T12:35:43,46.5,154.7,212.3,1.8,7750.0,240.6
2019-01-21T12:36:15,46.5,167.1,190.4,1.8,7760.0,239.6
2019-01-21T12:36:46,0.0,0.0,0.0,0.0,0.0,0.0
2019-01-21T12:37:17,46.5,189.0,144.3,1.7,7780.0,243.5
2019-01-21T12:37:48,46.4,170.7,167.4,2.9,7790.0,243.5
2019-01-21T12:38:19,46.4,157.7,203.5,3.1,7810.0,247.3
2019-01-21T12:38:50,46.4,137.6,212.3,3.0,7830.0,247.3
2019-01-21T12:39:21,46.5,132.9,213.5,5.4,7850.0,247.3
2019-01-21T12:39:52,46.5,137.6,212.3,3.4,7860.0,244.4
2019-01-21T12:40:23,46.5,142.9,203.5,4.6,7880.0,246.4
2019-01-21T12:40:54,0.0,0.0,0.0,0.0,0.0,0.0
2019-01-21T12:41:26,46.5,122.2,206.4,6.5,7930.0,245.4
2019-01-21T12:41:57,46.5,123.4,202.3,6.1,7950.0,247.3
2019-01-21T12:42:28,46.5,122.2,198.7,5.6,7970.0,247.3
2019-01-21T12:42:59,46.5,125.8,199.3,3.5,7990.0,247.3
2019-01-21T12:43:30,46.0,118.7,199.3,5.3,8010.0,248.3
2019-01-21T12:44:01,46.0,114.6,196.4,5.7,8030.0,248.3
2019-01-21T12:44:32,46.0,111.0,192.2,4.7,8050.0,248.3
2019-01-21T12:45:03,45.8,115.1,195.2,6.0,8070.0,247.3
2019-01-21T12:45:34,45.9,112.2,195.2,6.8,8090.0,247.3
2019-01-21T12:46:06,46.1,109.8,197.0,6.2,8120.0,247.3
2019-01-21T12:46:37,46.2,103.9,197.0,7.3,8140.0,245.4
2019-01-21T12:47:08,0.0,0.0,0.0,0.0,0.0,0.0
2019-01-21T12:47:39,46.4,113.4,194.6,6.4,8180.0,246.4
2019-01-21T12:48:10,46.5,103.9,189.3,5.9,8200.0,246.4
2019-01-21T12:48:41,46.5,102.1,196.4,4.9,8220.0,246.4
2019-01-21T12:49:12,46.6,102.1,197.0,5.3,8240.0,246.4
2019-01-21T12:49:43,46.7,102.7,197.0,5.7,8260.0,245.4
2019-01-21T12:50:14,46.8,103.9,191.0,5.0,8280.0,245.4
2019-01-21T12:50:45,46.8,108.1,182.8,4.5,8300.0,245.4
2019-01-21T12:51:17,0.0,0.0,0.0,0.0,0.0,0.0
2019-01-21T12:51:48,46.9,102.7,202.9,2.9,8330.0,242.5
2019-01-21T12:52:19,46.9,116.9,186.9,2.5,8340.0,242.5
2019-01-21T12:52:50,0.0,0.0,0.0,0.0,0.0,0.0
2019-01-21T12:53:21,0.0,0.0,0.0,0.0,0.0,0.0
2019-01-21T12:53:52,46.9,121.0,204.1,2.2,8370.0,238.6
2019-01-21T12:54:23,46.8,138.2,202.3,1.7,8380.0,236.7
2019-01-21T12:54:54,46.8,145.9,201.1,1.6,8380.0,237.7
2019-01-21T12:55:25,46.7,148.8,199.3,1.6,8390.0,238.6
2019-01-21T12:55:56,46.7,154.1,211.7,1.6,8400.0,237.7
2019-01-21T12:56:28,0.0,0.0,0.0,0.0,0.0,0.0
2019-01-21T12:56:59,46.6,167.7,170.9,1.8,8410.0,241.5
2019-01-21T12:57:30,46.6,174.2,169.7,1.8,8430.0,239.6
2019-01-21T12:58:01,46.5,182.5,151.4,1.5,8440.0,239.6
2019-01-21T12:58:32,46.5,196.7,178.0,1.6,8450.0,243.5
2019-01-21T12:59:03,46.5,212.0,201.1,1.5,8470.0,244.4
2019-01-21T12:59:34,46.5,202.0,199.9,1.5,8480.0,244.4
2019-01-21T13:00:05,46.4,207.9,197.0,1.3,8500.0,244.4
2019-01-21T13:00:36,46.4,223.8,199.9,1.2,8520.0,244.4
2019-01-21T13:01:08,0.0,0.0,0.0,0.0,0.0,0.0
2019-01-21T13:01:39,46.5,223.2,200.5,1.3,8550.0,244.4
2019-01-21T13:02:10,46.5,223.2,199.9,1.2,8570.0,244.4
2019-01-21T13:02:41,46.5,221.5,194.0,1.2,8580.0,245.4
2019-01-21T13:03:12,46.6,217.9,192.2,1.2,8600.0,245.4
2019-01-21T13:03:43,0.0,0.0,0.0,0.0,0.0,0.0
2019-01-21T13:04:14,46.6,221.5,196.4,1.3,8630.0,245.4
2019-01-21T13:04:45,46.6,210.8,199.3,1.3,8650.0,244.4
2019-01-21T13:05:16,46.5,212.6,199.3,1.3,8660.0,244.4
2019-01-21T13:05:47,46.5,194.3,200.5,1.4,8680.0,244.4
2019-01-21T13:06:19,46.2,203.2,197.0,1.3,8700.0,244.4
2019-01-21T13:06:50,46.0,204.3,192.2,1.5,8710.0,244.4
2019-01-21T13:07:21,0.0,0.0,0.0,0.0,0.0,0.0
2019-01-21T13:07:52,45.4,204.3,199.3,1.4,8740.0,246.4
2019-01-21T13:08:23,45.0,194.9,194.0,1.4,8760.0,246.4
2019-01-21T13:08:54,45.1,183.7,198.1,1.4,8780.0,246.4
2019-01-21T13:09:25,45.0,173.0,191.6,1.6,8790.0,247.3
2019-01-21T13:09:56,45.2,187.8,194.6,1.6,8810.0,247.3
2019-01-21T13:10:27,45.3,186.6,198.1,1.5,8830.0,247.3
2019-01-21T13:10:58,45.4,173.0,198.7,1.7,8840.0,246.4
2019-01-21T13:11:30,45.5,187.8,199.3,1.6,8860.0,246.4
2019-01-21T13:12:01,45.7,177.8,196.4,1.5,8880.0,246.4
2019-01-21T13:12:32,45.7,189.0,198.7,1.5,8890.0,246.4
2019-01-21T13:13:03,45.8,194.9,195.8,1.5,8910.0,246.4
2019-01-21T13:13:34,45.8,195.5,189.3,1.4,8930.0,247.3
2019-01-21T13:14:05,45.9,192.5,197.5,1.4,8940.0,246.4
2019-01-21T13:14:36,45.9,202.0,199.3,1.4,8960.0,246.4
2019-01-21T13:15:07,46.0,209.7,204.1,1.3,8970.0,246.4
2019-01-21T13:15:38,46.0,202.6,202.9,1.1,8980.0,242.5
2019-01-21T13:16:10,45.9,193.7,208.8,1.2,9000.0,244.4
2019-01-21T13:16:41,45.9,189.6,199.3,1.2,9010.0,245.4
2019-01-21T13:17:12,45.9,203.2,197.0,1.2,9030.0,246.4
2019-01-21T13:17:43,0.0,0.0,0.0,0.0,0.0,0.0
2019-01-21T13:18:14,45.9,213.2,196.4,1.2,9060.0,245.4
2019-01-21T13:18:45,45.9,212.6,195.8,1.2,9080.0,246.4
2019-01-21T13:19:16,45.9,209.7,196.4,1.3,9090.0,245.4
2019-01-21T13:19:47,0.0,0.0,0.0,0.0,0.0,0.0
2019-01-21T13:20:18,46.0,215.6,197.5,1.3,9120.0,245.4
2019-01-21T13:20:49,0.0,0.0,0.0,0.0,0.0,0.0
2019-01-21T13:21:21,46.0,217.3,198.1,1.4,9160.0,245.4
2019-01-21T13:21:52,46.0,217.3,203.5,1.7,9170.0,246.4
2019-01-21T13:22:23,46.0,212.6,199.9,1.6,9190.0,245.4
2019-01-21T13:22:54,46.0,219.1,197.5,1.7,9210.0,247.3
2019-01-21T13:23:25,46.1,214.4,201.1,1.9,9230.0,243.5
2019-01-21T13:23:56,46.1,219.7,197.0,1.8,9250.0,244.4
2019-01-21T13:24:27,46.1,200.8,197.5,1.1,9250.0,238.6
2019-01-21T13:24:58,0.0,0.0,0.0,0.0,0.0,0.0
2019-01-21T13:25:29,45.9,190.2,205.8,1.3,9270.0,236.7
2019-01-21T13:26:00,0.0,0.0,0.0,0.0,0.0,0.0
2019-01-21T13:26:31,46.0,199.6,197.5,1.8,9290.0,244.4
2019-01-21T13:27:02,46.0,204.9,200.5,1.7,9310.0,243.5
2019-01-21T13:27:33,46.0,204.9,204.1,1.8,9330.0,244.4
2019-01-21T13:28:04,46.0,204.9,186.9,1.3,9340.0,241.5
2019-01-21T13:28:35,46.0,212.0,196.4,1.7,9360.0,244.4
2019-01-21T13:29:06,46.0,217.9,198.1,1.5,9380.0,245.4
2019-01-21T13:29:37,46.0,218.5,199.9,1.6,9400.0,244.4
2019-01-21T13:30:08,46.1,219.1,197.0,1.8,9410.0,247.3
2019-01-21T13:30:40,46.1,215.0,198.7,1.6,9430.0,247.3
2019-01-21T13:31:11,46.1,216.2,188.1,1.5,9450.0,245.4
2019-01-21T13:31:42,46.2,203.2,195.2,1.7,9470.0,246.4
2019-01-21T13:32:13,46.2,196.7,203.5,1.4,9480.0,243.5
2019-01-21T13:32:44,46.2,200.2,202.3,1.3,9490.0,241.5
2019-01-21T13:33:15,46.2,196.7,172.1,1.4,9500.0,243.5
2019-01-21T13:33:46,46.2,191.9,186.9,1.6,9510.0,243.5
2019-01-21T13:34:17,46.2,197.3,182.2,1.3,9520.0,241.5
2019-01-21T13:34:48,46.2,198.4,207.0,1.4,9520.0,243.5
2019-01-21T13:35:19,46.2,194.9,239.0,1.8,9530.0,246.4
2019-01-21T13:35:51,46.2,198.4,203.5,1.8,9550.0,247.3
2019-01-21T13:36:22,46.2,190.2,197.0,1.5,9560.0,240.6
2019-01-21T13:36:53,46.2,188.4,205.2,1.4,9570.0,240.6
2019-01-21T13:37:24,46.2,169.5,233.6,2.1,9580.0,245.4
2019-01-21T13:37:55,46.2,171.9,217.7,2.2,9590.0,246.4
2019-01-21T13:38:26,46.2,172.4,214.1,1.9,9610.0,246.4
2019-01-21T13:38:57,46.2,177.8,192.2,2.3,9630.0,247.3
2019-01-21T13:39:28,46.2,177.2,186.9,1.8,9640.0,241.5
2019-01-21T13:39:59,0.0,0.0,0.0,0.0,0.0,0.0
2019-01-21T13:40:30,46.0,185.4,207.6,1.5,9660.0,242.5
2019-01-21T13:41:02,46.1,177.8,211.2,2.1,9670.0,245.4
2019-01-21T13:41:33,46.0,160.0,213.5,2.2,9690.0,247.3
2019-01-21T13:42:04,0.0,0.0,0.0,0.0,0.0,0.0
2019-01-21T13:42:35,46.1,163.6,198.7,2.0,9720.0,247.3
2019-01-21T13:43:06,46.1,169.5,200.5,1.7,9740.0,247.3
2019-01-21T13:43:37,46.1,186.6,199.9,1.7,9760.0,248.3
2019-01-21T13:44:08,46.1,185.4,196.4,1.6,9780.0,245.4
2019-01-21T13:44:39,46.1,174.8,186.3,1.4,9790.0,245.4
2019-01-21T13:45:10,46.2,190.8,210.0,1.5,9800.0,246.4
2019-01-21T13:45:42,46.2,208.5,201.7,1.3,9810.0,243.5
2019-01-21T13:46:13,46.2,204.9,199.3,1.3,9820.0,243.5
2019-01-21T13:46:44,46.2,205.5,204.6,1.4,9830.0,245.4
2019-01-21T13:47:15,46.2,210.2,202.3,1.5,9850.0,245.4
2019-01-21T13:47:46,46.2,217.9,201.7,1.6,9870.0,247.3
2019-01-21T13:48:17,46.2,210.2,196.4,1.7,9890.0,245.4
2019-01-21T13:48:48,46.2,199.0,195.2,1.8,9900.0,247.3
2019-01-21T13:49:19,46.4,184.8,199.9,1.7,9920.0,246.4
2019-01-21T13:49:50,46.4,193.7,200.5,1.6,9940.0,246.4
2019-01-21T13:50:21,46.4,203.2,200.5,1.2,9950.0,241.5
2019-01-21T13:50:53,46.4,195.5,188.1,1.2,9960.0,241.5
2019-01-21T13:51:24,46.4,207.9,200.5,1.0,9970.0,240.6
2019-01-21T13:51:55,46.4,183.7,201.1,1.1,9970.0,239.6
2019-01-21T13:52:26,0.0,0.0,0.0,0.0,0.0,0.0
2019-01-21T13:52:57,0.0,0.0,0.0,0.0,0.0,0.0
2019-01-21T13:53:28,46.4,168.9,202.3,1.7,10010.0,247.3
2019-01-21T13:53:59,46.4,173.6,202.3,1.7,10030.0,247.3
2019-01-21T13:54:30,46.4,175.4,188.1,1.6,10050.0,246.4
2019-01-21T13:55:01,46.4,181.9,193.4,1.7,10060.0,247.3
2019-01-21T13:55:33,46.4,191.3,191.0,1.4,10080.0,245.4
2019-01-21T13:56:04,46.4,199.0,184.5,1.0,10090.0,242.5
2019-01-21T13:56:35,46.4,206.1,185.7,0.9,10100.0,241.5
2019-01-21T13:57:06,46.4,206.1,204.6,1.0,10110.0,244.4
2019-01-21T13:57:37,46.4,212.6,185.1,1.2,10120.0,246.4
2019-01-21T13:58:08,46.4,214.4,198.7,1.2,10130.0,246.4
2019-01-21T13:58:39,46.4,222.1,196.4,1.1,10150.0,248.3
2019-01-21T13:59:10,46.4,205.5,212.3,1.1,10170.0,246.4
2019-01-21T13:59:41,46.4,216.2,200.5,1.1,10180.0,247.3
2019-01-21T14:00:12,46.4,213.2,197.5,1.1,10200.0,247.3
2019-01-21T14:00:44,46.4,216.7,200.5,1.1,10210.0,246.4
2019-01-21T14:01:15,46.4,217.9,198.7,1.4,10230.0,247.3
2019-01-21T14:01:46,46.4,210.2,194.0,1.4,10250.0,247.3
2019-01-21T14:02:17,46.4,215.0,199.9,1.5,10260.0,246.4
2019-01-21T14:02:48,46.2,214.4,198.1,1.6,10280.0,247.3
2019-01-21T14:03:19,0.0,0.0,0.0,0.0,0.0,0.0
2019-01-21T14:03:50,46.4,187.8,201.7,1.9,10310.0,248.3
2019-01-21T14:04:21,46.2,196.1,200.5,1.8,10330.0,247.3
2019-01-21T14:04:52,46.4,197.8,194.0,1.9,10350.0,246.4
2019-01-21T14:05:23,46.4,192.5,195.2,1.8,10370.0,247.3
2019-01-21T14:05:55,46.5,191.9,199.3,1.7,10390.0,247.3
2019-01-21T14:06:26,46.5,191.9,202.9,1.4,10400.0,241.5
2019-01-21T14:06:57,46.5,192.5,197.0,1.5,10400.0,241.5
2019-01-21T14:07:28,46.5,192.5,208.2,1.4,10410.0,242.5
2019-01-21T14:07:59,46.4,212.6,180.4,1.4,10420.0,243.5
2019-01-21T14:08:30,46.4,213.8,188.1,1.6,10430.0,247.3
2019-01-21T14:09:01,46.4,215.0,211.2,1.3,10450.0,241.5
2019-01-21T14:09:32,46.4,195.5,186.9,1.6,10460.0,243.5
2019-01-21T14:10:03,46.4,199.0,197.5,1.0,10460.0,242.5
2019-01-21T14:10:35,0.0,0.0,0.0,0.0,0.0,0.0
2019-01-21T14:11:06,46.2,197.8,212.3,1.2,10480.0,241.5
2019-01-21T14:11:37,46.2,222.1,218.3,1.4,10490.0,248.3
2019-01-21T14:12:08,46.2,217.9,204.6,1.5,10510.0,247.3
2019-01-21T14:12:39,46.2,220.9,212.3,1.5,10520.0,247.3
2019-01-21T14:13:10,46.2,215.6,202.3,1.5,10540.0,245.4
2019-01-21T14:13:41,0.0,0.0,0.0,0.0,0.0,0.0
2019-01-21T14:14:12,46.4,207.3,206.4,1.1,10560.0,240.6
2019-01-21T14:14:43,46.4,202.6,215.3,1.1,10570.0,239.6
2019-01-21T14:15:14,46.2,197.8,208.2,1.0,10570.0,241.5
2019-01-21T14:15:46,46.2,175.4,219.4,1.4,10580.0,244.4
2019-01-21T14:16:17,46.2,173.0,216.5,1.3,10590.0,240.6
2019-01-21T14:16:48,46.2,177.2,233.0,1.6,10600.0,243.5
2019-01-21T14:17:19,45.9,183.1,220.0,1.3,10610.0,239.6
2019-01-21T14:17:50,45.7,205.5,210.0,1.2,10610.0,239.6
2019-01-21T14:18:21,45.4,197.8,236.0,1.2,10620.0,240.6
2019-01-21T14:18:52,45.4,212.0,236.0,1.1,10620.0,239.6
2019-01-21T14:19:23,45.4,210.8,213.5,1.1,10630.0,238.6
2019-01-21T14:19:54,45.5,202.0,208.2,1.1,10640.0,239.6
2019-01-21T14:20:25,45.5,200.2,211.2,1.1,10640.0,238.6
2019-01-21T14:20:57,45.5,202.0,214.7,1.0,10650.0,238.6
2019-01-21T14:21:28,45.7,203.7,216.5,1.0,10650.0,238.6
2019-01-21T14:21:59,45.7,204.9,216.5,1.0,10660.0,238.6
2019-01-21T14:22:30,45.5,202.0,217.7,1.0,10660.0,238.6
2019-01-21T14:23:01,45.5,199.0,240.1,1.2,10670.0,239.6
2019-01-21T14:23:32,45.5,206.7,220.0,1.0,10670.0,242.5
2019-01-21T14:24:03,45.5,223.2,196.4,1.0,10680.0,245.4
2019-01-21T14:24:34,45.5,206.1,209.4,1.4,10700.0,245.4
2019-01-21T14:25:05,0.0,0.0,0.0,0.0,0.0,0.0
2019-01-21T14:25:37,45.7,221.5,207.0,1.2,10730.0,246.4
2019-01-21T14:26:08,45.5,216.7,205.2,1.2,10750.0,245.4
2019-01-21T14:26:39,45.5,210.2,208.2,1.3,10770.0,246.4
2019-01-21T14:27:10,45.7,207.9,205.2,1.0,10780.0,240.6
2019-01-21T14:27:41,45.7,196.7,227.7,1.1,10790.0,243.5
2019-01-21T14:28:12,45.7,187.2,225.9,1.1,10800.0,240.6
2019-01-21T14:28:43,45.7,187.8,223.6,1.3,10800.0,246.4
2019-01-21T14:29:14,45.5,188.4,194.0,1.0,10820.0,239.6
2019-01-21T14:29:45,45.5,206.7,216.5,1.0,10820.0,241.5
2019-01-21T14:30:16,45.5,187.2,207.0,1.3,10830.0,244.4
2019-01-21T14:30:48,45.5,189.0,215.9,1.1,10850.0,245.4
2019-01-21T14:31:19,45.7,187.8,215.3,0.8,10850.0,241.5
2019-01-21T14:31:50,45.5,173.0,210.0,1.0,10860.0,241.5
2019-01-21T14:32:21,45.5,150.6,187.5,1.1,10860.0,241.5
2019-01-21T14:32:52,45.4,168.3,178.0,1.1,10870.0,243.5
2019-01-21T14:33:23,45.4,183.1,189.9,0.9,10870.0,242.5
2019-01-21T14:33:54,0.0,0.0,0.0,0.0,0.0,0.0
2019-01-21T14:34:25,45.4,186.0,215.3,0.9,10900.0,242.5
2019-01-21T14:34:56,45.4,192.5,233.0,1.0,10900.0,242.5
2019-01-21T14:35:27,45.4,195.5,221.2,0.9,10910.0,242.5
2019-01-21T14:35:59,45.3,209.1,215.9,0.8,10910.0,242.5
2019-01-21T14:36:30,45.3,199.6,218.8,0.8,10920.0,242.5
2019-01-21T14:37:01,45.2,198.4,195.8,0.9,10920.0,241.5
2019-01-21T14:37:32,45.2,176.0,188.1,1.1,10930.0,244.4
2019-01-21T14:38:03,45.2,195.5,210.6,1.2,10940.0,247.3
2019-01-21T14:38:34,45.2,207.9,215.3,0.9,10950.0,242.5
2019-01-21T14:39:05,45.1,203.7,196.4,1.1,10960.0,247.3
2019-01-21T14:39:36,45.1,202.6,205.2,1.1,10970.0,247.3
2019-01-21T14:40:07,45.1,211.4,214.7,1.1,10990.0,247.3
2019-01-21T14:40:39,0.0,0.0,0.0,0.0,0.0,0.0
2019-01-21T14:41:10,0.0,0.0,0.0,0.0,0.0,0.0
2019-01-21T14:41:41,45.2,214.4,204.1,1.3,11030.0,246.4
2019-01-21T14:42:12,45.2,212.6,211.2,1.3,11040.0,246.4
2019-01-21T14:42:43,45.2,211.4,207.0,1.2,11060.0,247.3
2019-01-21T14:43:14,45.2,206.1,202.3,1.2,11080.0,247.3
2019-01-21T14:43:45,45.2,211.4,202.3,1.3,11090.0,246.4
2019-01-21T14:44:16,45.2,213.8,199.9,1.2,11110.0,248.3
2019-01-21T14:44:47,45.2,215.0,201.1,1.2,11120.0,248.3
2019-01-21T14:45:18,45.3,207.9,199.9,1.2,11140.0,248.3
2019-01-21T14:45:50,45.3,215.0,201.7,1.1,11160.0,247.3
2019-01-21T14:46:21,0.0,0.0,0.0,0.0,0.0,0.0
2019-01-21T14:46:52,45.3,209.7,215.9,0.9,11180.0,242.5
2019-01-21T14:47:23,0.0,0.0,0.0,0.0,0.0,0.0
2019-01-21T14:47:54,45.3,204.3,205.2,0.7,11190.0,239.6
2019-01-21T14:48:25,0.0,0.0,0.0,0.0,0.0,0.0
2019-01-21T14:48:56,0.0,0.0,0.0,0.0,0.0,0.0
2019-01-21T14:49:27,45.2,194.9,215.3,0.7,11200.0,239.6
2019-01-21T14:49:58,45.2,202.0,214.1,0.7,11200.0,239.6
2019-01-21T14:50:29,45.1,193.1,211.2,0.7,11210.0,239.6
2019-01-21T14:51:01,45.0,206.7,225.9,0.7,11210.0,239.6
2019-01-21T14:51:32,45.0,197.8,201.1,0.9,11220.0,238.6
2019-01-21T14:52:03,45.0,204.9,192.8,0.7,11220.0,239.6
2019-01-21T14:52:34,44.9,195.5,223.0,0.8,11220.0,240.6
2019-01-21T14:53:05,44.9,180.1,239.5,1.0,11230.0,244.4
2019-01-21T14:53:36,0.0,0.0,0.0,0.0,0.0,0.0
2019-01-21T14:54:07,44.9,209.1,212.9,1.0,11260.0,246.4
2019-01-21T14:54:38,44.9,209.7,216.5,1.1,11280.0,245.4
2019-01-21T14:55:09,44.7,216.2,211.2,1.0,11290.0,245.4
2019-01-21T14:55:40,44.9,217.9,207.6,1.0,11310.0,245.4
2019-01-21T14:56:12,44.9,202.0,206.4,1.0,11320.0,247.3
2019-01-21T14:56:43,45.0,214.4,210.0,1.0,11340.0,248.3
2019-01-21T14:57:14,45.0,207.9,211.2,1.1,11350.0,246.4
2019-01-21T14:57:45,45.0,213.2,204.1,1.1,11370.0,247.3
2019-01-21T14:58:16,45.0,202.6,204.6,1.1,11380.0,247.3
2019-01-21T14:58:47,45.0,216.2,199.9,1.2,11400.0,247.3
2019-01-21T14:59:18,45.1,212.6,205.2,1.3,11410.0,247.3
2019-01-21T14:59:49,45.1,207.9,205.8,1.3,11430.0,248.3
2019-01-21T15:00:20,45.1,212.0,209.4,1.3,11440.0,248.3
2019-01-21T15:00:51,45.1,213.8,202.3,1.3,11460.0,247.3
2019-01-21T15:01:23,45.1,208.5,204.6,1.4,11470.0,246.4
2019-01-21T15:01:54,45.2,215.6,197.0,1.3,11490.0,249.3
2019-01-21T15:02:25,45.2,218.5,199.3,1.3,11500.0,248.3
2019-01-21T15:02:56,45.2,209.1,198.7,1.3,11520.0,247.3
2019-01-21T15:03:27,45.2,200.2,199.3,1.1,11530.0,242.5
2019-01-21T15:03:58,45.2,200.2,205.2,1.0,11530.0,241.5
2019-01-21T15:04:29,45.2,207.9,208.2,0.9,11540.0,241.5
2019-01-21T15:05:00,45.2,203.7,208.8,0.8,11540.0,242.5
2019-01-21T15:05:31,45.1,202.6,211.7,0.9,11550.0,241.5
2019-01-21T15:06:03,45.1,203.7,212.9,0.8,11550.0,241.5
2019-01-21T15:06:34,45.1,201.4,213.5,0.8,11560.0,240.6
2019-01-21T15:07:05,45.0,193.7,204.1,0.7,11560.0,241.5
2019-01-21T15:07:36,45.0,207.9,214.1,0.7,11560.0,240.6
2019-01-21T15:08:07,45.0,190.2,216.5,0.8,11570.0,240.6
2019-01-21T15:08:38,45.0,170.7,209.4,0.9,11570.0,241.5
2019-01-21T15:09:09,44.9,182.5,211.7,0.8,11570.0,241.5
2019-01-21T15:09:40,44.9,210.2,206.4,0.9,11580.0,245.4
2019-01-21T15:10:11,44.7,216.2,221.2,1.0,11590.0,248.3
2019-01-21T15:10:42,44.7,216.7,214.1,0.9,11600.0,247.3
2019-01-21T15:11:14,44.7,210.8,218.8,1.0,11620.0,248.3
2019-01-21T15:11:45,44.7,209.7,214.1,0.9,11630.0,248.3
2019-01-21T15:12:16,44.7,208.5,199.3,0.9,11650.0,248.3
2019-01-21T15:12:47,44.7,213.2,199.3,0.9,11660.0,247.3
2019-01-21T15:13:18,44.7,215.6,210.0,0.8,11670.0,247.3
2019-01-21T15:13:49,44.7,203.7,199.3,0.9,11680.0,246.4
2019-01-21T15:14:20,44.7,208.5,204.6,0.8,11700.0,248.3
2019-01-21T15:14:51,44.7,213.8,200.5,0.8,11710.0,248.3
2019-01-21T15:15:22,44.6,208.5,195.8,0.9,11720.0,247.3
2019-01-21T15:15:53,44.6,204.3,199.9,1.0,11730.0,246.4
2019-01-21T15:16:25,44.5,196.1,204.6,1.0,11750.0,246.4
2019-01-21T15:16:56,44.5,196.7,195.2,0.7,11750.0,241.5
2019-01-21T15:17:27,44.6,202.6,208.8,0.8,11760.0,240.6
2019-01-21T15:17:58,44.6,177.2,229.5,1.1,11760.0,244.4
2019-01-21T15:18:29,44.6,159.4,197.5,1.3,11780.0,247.3
2019-01-21T15:19:00,44.7,161.2,201.1,1.2,11790.0,245.4
2019-01-21T15:19:31,44.7,163.6,212.3,1.3,11810.0,246.4
2019-01-21T15:20:02,44.9,157.7,195.2,1.2,11820.0,247.3
2019-01-21T15:20:33,45.0,180.7,203.5,1.0,11830.0,245.4
2019-01-21T15:21:05,45.0,186.6,209.4,0.9,11840.0,243.5
2019-01-21T15:21:36,45.0,205.5,209.4,0.7,11840.0,242.5
2019-01-21T15:22:07,45.0,191.9,214.1,0.7,11840.0,241.5
2019-01-21T15:22:38,45.0,200.2,216.5,0.7,11850.0,240.6
2019-01-21T15:23:09,45.0,189.6,216.5,0.8,11850.0,241.5
2019-01-21T15:23:40,0.0,0.0,0.0,0.0,0.0,0.0
2019-01-21T15:24:11,45.0,205.5,190.4,0.8,11860.0,242.5
2019-01-21T15:24:42,0.0,0.0,0.0,0.0,0.0,0.0
2019-01-21T15:25:13,44.9,205.5,218.3,1.0,11880.0,246.4
2019-01-21T15:25:44,45.0,210.8,214.1,1.1,11890.0,247.3
2019-01-21T15:26:16,45.0,213.8,210.0,1.1,11900.0,247.3
2019-01-21T15:26:47,45.1,202.0,217.7,1.2,11920.0,246.4
2019-01-21T15:27:18,45.2,213.8,212.3,1.2,11930.0,246.4
2019-01-21T15:27:49,45.3,206.7,194.6,1.0,11940.0,246.4
2019-01-21T15:28:20,45.3,216.7,209.4,1.2,11960.0,248.3
2019-01-21T15:28:51,45.4,205.5,209.4,1.2,11970.0,247.3
2019-01-21T15:29:22,45.5,196.7,208.2,1.1,11980.0,243.5
2019-01-21T15:29:53,45.5,206.7,220.0,0.9,11990.0,241.5
2019-01-21T15:30:24,45.7,206.7,218.8,1.2,12000.0,246.4
2019-01-21T15:30:56,45.7,209.1,212.9,1.0,12010.0,246.4
2019-01-21T15:31:27,45.7,204.9,199.3,1.1,12020.0,242.5
2019-01-21T15:31:58,45.8,196.7,208.2,0.9,12030.0,242.5
2019-01-21T15:32:29,45.8,182.5,214.1,1.1,12030.0,241.5
2019-01-21T15:33:00,45.8,180.7,209.4,1.1,12040.0,241.5
2019-01-21T15:33:31,45.7,174.8,225.9,1.0,12040.0,242.5
2019-01-21T15:34:02,45.5,180.7,199.9,1.1,12050.0,241.5
2019-01-21T15:34:33,45.4,205.5,175.7,1.0,12050.0,241.5
2019-01-21T15:35:04,45.5,217.9,163.2,1.3,12060.0,246.4
2019-01-21T15:35:36,45.7,214.4,201.1,1.3,12070.0,249.3
2019-01-21T15:36:07,45.8,220.3,202.9,1.2,12090.0,247.3
2019-01-21T15:36:38,45.9,222.1,195.2,1.1,12100.0,247.3
2019-01-21T15:37:09,0.0,0.0,0.0,0.0,0.0,0.0
2019-01-21T15:37:40,46.1,216.2,194.0,1.1,12130.0,244.4
2019-01-21T15:38:11,46.2,206.7,190.4,1.1,12140.0,245.4
2019-01-21T15:38:42,46.4,207.3,202.3,1.1,12160.0,246.4
2019-01-21T15:39:13,46.5,209.7,209.4,1.1,12170.0,247.3
2019-01-21T15:39:44,46.2,202.0,205.8,0.9,12180.0,242.5
2019-01-21T15:40:15,46.2,207.9,189.9,0.7,12190.0,242.5
2019-01-21T15:40:47,46.2,205.5,197.5,0.7,12190.0,241.5
2019-01-21T15:41:18,46.0,199.0,196.4,0.7,12200.0,240.6
2019-01-21T15:41:49,45.9,193.7,205.2,0.7,12200.0,241.5
2019-01-21T15:42:20,45.9,206.7,216.5,0.6,12200.0,240.6
2019-01-21T15:42:51,45.8,187.2,215.3,0.7,12200.0,240.6
2019-01-21T15:43:22,45.7,167.1,211.7,0.7,12210.0,239.6
2019-01-21T15:43:53,45.7,174.8,183.3,0.9,12210.0,244.4
2019-01-21T15:44:24,45.7,200.8,197.5,0.9,12220.0,246.4
2019-01-21T15:44:55,45.9,208.5,208.2,0.9,12230.0,246.4
2019-01-21T15:45:26,0.0,0.0,0.0,0.0,0.0,0.0
2019-01-21T15:45:58,46.1,217.9,193.4,0.9,12260.0,247.3
2019-01-21T15:46:29,46.2,209.7,200.5,1.1,12270.0,246.4
2019-01-21T15:47:00,46.4,217.9,199.3,0.9,12280.0,246.4
2019-01-21T15:47:31,46.5,212.0,200.5,1.0,12290.0,246.4
2019-01-21T15:48:02,46.6,219.1,191.6,1.0,12310.0,247.3
2019-01-21T15:48:33,46.7,213.2,192.8,1.0,12320.0,246.4
2019-01-21T15:49:04,46.8,213.8,188.1,1.0,12330.0,247.3
2019-01-21T15:49:35,46.9,210.8,188.1,1.0,12340.0,247.3
2019-01-21T15:50:06,47.0,212.0,182.2,1.1,12350.0,249.3
2019-01-21T15:50:38,47.2,210.2,184.5,1.0,12370.0,247.3
2019-01-21T15:51:09,47.2,203.7,183.3,0.7,12370.0,242.5
2019-01-21T15:51:40,47.0,204.3,186.3,0.7,12380.0,241.5
2019-01-21T15:52:11,46.9,189.6,192.2,0.7,12380.0,239.6
2019-01-21T15:52:42,46.8,207.9,218.8,0.6,12380.0,241.5
2019-01-21T15:53:13,0.0,0.0,0.0,0.0,0.0,0.0
2019-01-21T15:53:44,46.8,170.7,212.9,1.1,12390.0,245.4
2019-01-21T15:54:15,46.8,194.9,198.1,1.0,12410.0,245.4
2019-01-21T15:54:46,46.9,216.2,196.4,0.9,12420.0,245.4
2019-01-21T15:55:17,47.0,206.7,199.3,1.0,12430.0,247.3
2019-01-21T15:55:49,47.2,212.0,192.8,0.8,12440.0,243.5
2019-01-21T15:56:20,47.0,212.0,178.6,0.7,12450.0,245.4
2019-01-21T15:56:51,47.2,192.5,182.8,0.9,12460.0,245.4
2019-01-21T15:57:22,47.2,204.9,183.3,0.9,12470.0,245.4
2019-01-21T15:57:53,47.3,206.7,194.0,0.8,12480.0,246.4
2019-01-21T15:58:24,47.4,210.8,192.2,0.8,12490.0,244.4
2019-01-21T15:58:55,47.4,204.3,188.7,0.6,12500.0,241.5
2019-01-21T15:59:26,47.3,193.1,195.2,0.7,12500.0,243.5
2019-01-21T15:59:57,47.2,203.2,175.7,0.8,12510.0,245.4
2019-01-21T16:00:28,47.2,206.7,181.6,0.8,12520.0,245.4
2019-01-21T16:01:00,47.2,204.3,188.1,0.7,12530.0,244.4
2019-01-21T16:01:31,47.2,187.2,165.0,0.6,12530.0,242.5
2019-01-21T16:02:02,47.2,213.2,194.6,0.7,12540.0,246.4
2019-01-21T16:02:33,47.2,208.5,196.4,0.7,12550.0,242.5
2019-01-21T16:03:04,47.0,190.2,203.5,0.8,12550.0,244.4
2019-01-21T16:03:35,47.0,189.0,197.5,0.6,12560.0,241.5
2019-01-21T16:04:06,46.9,201.4,205.8,0.6,12560.0,242.5
2019-01-21T16:04:37,46.9,207.9,227.7,0.8,12570.0,244.4
2019-01-21T16:05:08,47.0,206.1,235.4,0.7,12580.0,245.4
2019-01-21T16:05:39,47.0,206.1,234.2,0.6,12580.0,243.5
2019-01-21T16:06:11,46.9,202.0,228.3,0.5,12580.0,241.5
2019-01-21T16:06:42,46.8,189.0,208.2,0.6,12590.0,241.5
2019-01-21T16:07:13,46.7,210.8,180.4,0.5,12590.0,242.5
2019-01-21T16:07:44,46.7,201.4,170.9,0.6,12590.0,241.5
2019-01-21T16:08:15,0.0,0.0,0.0,0.0,0.0,0.0
2019-01-21T16:08:46,46.6,194.3,203.5,0.9,12610.0,244.4
2019-01-21T16:09:17,46.5,206.7,193.4,0.6,12610.0,242.5
2019-01-21T16:09:48,46.5,186.0,159.1,0.8,12610.0,243.5
2019-01-21T16:10:19,46.5,164.2,182.8,0.9,12620.0,248.3
2019-01-21T16:10:50,0.0,0.0,0.0,0.0,0.0,0.0
2019-01-21T16:11:22,46.5,197.3,183.3,0.8,12640.0,243.5
2019-01-21T16:11:53,46.5,215.0,174.5,0.7,12650.0,244.4
2019-01-21T16:12:24,46.5,202.0,175.7,0.9,12660.0,243.5
2019-01-21T16:12:55,46.6,206.7,179.2,0.8,12670.0,244.4
2019-01-21T16:13:26,46.6,199.0,170.3,0.6,12680.0,238.6
2019-01-21T16:13:57,46.6,194.9,178.0,0.6,12680.0,239.6
2019-01-21T16:14:28,46.5,191.9,184.5,0.5,12680.0,238.6
2019-01-21T16:14:59,46.4,202.0,185.1,0.5,12690.0,238.6
2019-01-21T16:15:30,46.2,180.7,204.6,0.6,12690.0,237.7
2019-01-21T16:16:01,46.1,183.1,207.6,0.6,12690.0,239.6
2019-01-21T16:16:32,0.0,0.0,0.0,0.0,0.0,0.0
2019-01-21T16:17:03,46.0,199.6,172.1,0.6,12700.0,242.5
2019-01-21T16:17:34,46.0,180.7,173.9,0.7,12710.0,243.5
2019-01-21T16:18:05,46.0,172.4,150.2,0.8,12720.0,242.5
2019-01-21T16:18:36,0.0,0.0,0.0,0.0,0.0,0.0
2019-01-21T16:19:07,45.9,179.5,144.9,0.7,12730.0,239.6
2019-01-21T16:19:38,45.9,158.3,138.4,0.8,12740.0,241.5
2019-01-21T16:20:09,45.9,177.8,134.2,0.7,12740.0,241.5
2019-01-21T16:20:41,45.8,193.1,128.9,0.6,12750.0,236.7
2019-01-21T16:21:12,45.8,207.9,148.4,0.6,12750.0,237.7
2019-01-21T16:21:43,45.7,199.6,176.8,0.7,12750.0,237.7
2019-01-21T16:22:14,45.7,208.5,204.6,0.7,12760.0,237.7
2019-01-21T16:22:45,0.0,0.0,0.0,0.0,0.0,0.0
2019-01-21T16:23:16,45.4,216.7,260.8,0.9,12760.0,241.5
2019-01-21T16:23:47,45.4,196.7,247.8,0.9,12770.0,242.5
2019-01-21T16:24:18,45.4,217.3,237.2,0.9,12770.0,242.5
2019-01-21T16:24:49,45.4,201.4,258.5,1.0,12780.0,242.5
2019-01-21T16:25:20,45.4,207.9,258.5,1.0,12780.0,243.5
2019-01-21T16:25:52,45.4,207.3,256.7,0.9,12780.0,242.5
2019-01-21T16:26:50,45.3,209.7,250.8,0.6,12790.0,239.6
2019-01-21T16:27:21,45.3,200.2,229.5,0.6,12800.0,239.6
2019-01-21T16:27:52,45.3,213.8,222.4,0.6,12800.0,238.6
2019-01-21T16:28:23,45.2,201.4,218.8,0.5,12800.0,238.6
2019-01-21T16:28:54,45.2,204.3,221.8,0.5,12800.0,239.6
2019-01-21T16:29:25,45.1,184.3,218.8,0.5,12810.0,239.6
2019-01-21T16:29:56,45.1,205.5,225.9,0.5,12810.0,239.6
2019-01-21T16:30:27,45.0,186.0,250.8,0.6,12810.0,241.5
2019-01-21T16:30:59,44.9,191.9,235.4,0.5,12810.0,238.6
2019-01-21T16:31:31,44.7,200.8,216.5,0.5,12810.0,239.6
2019-01-21T16:32:02,44.7,186.6,222.4,0.5,12820.0,237.7
2019-01-21T16:32:33,44.6,206.7,201.7,0.4,12820.0,238.6
2019-01-21T16:33:04,44.5,185.4,207.0,0.5,12820.0,238.6
2019-01-21T16:33:35,44.5,199.0,216.5,0.5,12820.0,237.7
2019-01-21T16:34:06,44.4,179.5,228.3,0.6,12830.0,237.7
2019-01-21T16:34:37,44.4,184.3,205.8,0.6,12830.0,237.7
2019-01-21T16:35:08,44.3,212.0,178.6,0.8,12830.0,241.5
2019-01-21T16:35:39,44.3,203.7,149.0,0.8,12840.0,244.4
2019-01-21T16:36:11,44.4,215.6,150.2,0.7,12850.0,241.5
2019-01-21T16:36:42,44.4,202.0,164.4,0.8,12850.0,243.5
2019-01-21T16:37:13,44.4,210.8,153.2,0.9,12860.0,241.5
2019-01-21T16:37:44,44.4,204.3,147.9,0.8,12870.0,241.5
2019-01-21T16:38:15,44.4,211.4,138.4,0.7,12870.0,241.5
2019-01-21T16:38:46,44.4,210.8,156.1,0.7,12880.0,242.5
2019-01-21T16:39:17,44.4,207.3,152.6,0.7,12890.0,241.5
2019-01-21T16:39:48,44.3,210.2,150.2,0.7,12900.0,239.6
2019-01-21T16:40:19,44.3,202.0,148.4,0.6,12900.0,237.7
2019-01-21T16:40:50,44.2,200.8,159.7,0.5,12900.0,237.7
2019-01-21T16:41:22,44.2,194.3,182.2,0.6,12900.0,238.6
2019-01-21T16:41:53,44.2,170.7,206.4,0.7,12910.0,240.6
2019-01-21T16:42:24,44.2,183.7,229.5,0.7,12910.0,241.5
2019-01-21T16:42:55,44.0,206.7,250.2,0.6,12910.0,241.5
2019-01-21T16:43:26,44.0,207.9,247.8,0.6,12910.0,240.6
2019-01-21T16:43:57,44.0,210.2,256.1,0.6,12920.0,241.5
2019-01-21T16:44:28,44.0,212.6,253.2,0.6,12920.0,239.6
2019-01-21T16:44:59,44.2,210.8,249.0,0.6,12920.0,239.6
2019-01-21T16:45:30,44.0,205.5,249.0,0.5,12920.0,239.6
2019-01-21T16:46:01,44.0,181.3,223.6,0.6,12930.0,239.6
2019-01-21T16:46:32,44.0,193.1,216.5,0.6,12930.0,240.6
2019-01-21T16:47:03,43.9,214.4,237.2,0.7,12930.0,240.6
2019-01-21T16:47:34,43.9,206.7,245.5,0.6,12930.0,240.6
2019-01-21T16:48:05,43.9,210.2,244.9,0.6,12940.0,241.5
2019-01-21T16:48:36,43.8,213.2,242.5,0.6,12940.0,240.6
2019-01-21T16:49:07,43.8,205.5,254.3,0.6,12940.0,240.6
2019-01-21T16:49:38,43.8,201.4,249.0,0.6,12940.0,241.5
2019-01-21T16:50:09,43.8,203.7,245.5,0.6,12940.0,241.5
2019-01-21T16:50:41,43.7,206.1,239.0,0.6,12950.0,241.5
2019-01-21T16:51:12,43.7,208.5,246.6,0.6,12950.0,242.5
2019-01-21T16:51:43,43.7,190.2,247.2,0.6,12950.0,242.5
2019-01-21T16:52:14,43.7,212.0,241.3,0.6,12950.0,241.5
2019-01-21T16:52:45,43.6,218.5,243.1,0.5,12960.0,241.5
2019-01-21T16:53:16,0.0,0.0,0.0,0.0,0.0,0.0
2019-01-21T16:53:47,43.6,206.7,215.3,0.4,12960.0,239.6
2019-01-21T16:54:18,43.6,208.5,192.2,0.7,12960.0,240.6
2019-01-21T16:54:49,43.5,203.7,183.3,0.6,12960.0,241.5
2019-01-21T16:55:20,43.5,196.7,201.1,0.6,12970.0,239.6
2019-01-21T16:55:52,43.5,173.0,227.1,0.7,12970.0,242.5
2019-01-21T16:56:23,43.4,178.3,250.2,0.7,12970.0,239.6
2019-01-21T16:56:54,43.4,199.6,240.1,0.6,12970.0,240.6
2019-01-21T16:57:25,43.4,190.2,227.1,0.5,12970.0,238.6
2019-01-21T16:57:56,43.2,213.8,250.2,0.6,12980.0,242.5
2019-01-21T16:58:27,43.1,199.0,237.8,0.6,12980.0,241.5
2019-01-21T16:58:58,43.0,215.0,253.2,0.5,12980.0,241.5
2019-01-21T16:59:29,43.0,199.6,235.4,0.6,12980.0,240.6
2019-01-21T17:00:00,43.0,210.8,251.4,0.6,12990.0,240.6
2019-01-21T17:00:32,43.0,202.0,234.2,0.6,12990.0,241.5
2019-01-21T17:01:03,43.0,212.0,242.5,0.5,12990.0,241.5
2019-01-21T17:01:34,0.0,0.0,0.0,0.0,0.0,0.0
2019-01-21T17:02:05,42.9,210.2,232.4,0.5,12990.0,241.5
2019-01-21T17:02:36,42.9,196.7,224.2,0.4,13000.0,240.6
2019-01-21T17:03:07,42.9,193.7,213.5,0.4,13000.0,239.6
2019-01-21T17:03:38,42.8,212.0,237.2,0.4,13000.0,241.5
2019-01-21T17:04:09,42.8,192.5,222.4,0.6,13000.0,241.5
2019-01-21T17:04:40,42.7,194.3,211.7,0.6,13000.0,241.5
2019-01-21T17:05:11,42.7,215.6,234.8,0.5,13010.0,241.5
2019-01-21T17:05:43,42.7,197.3,252.0,0.6,13010.0,242.5
2019-01-21T17:06:14,42.7,216.2,230.1,0.5,13010.0,241.5
2019-01-21T17:06:45,42.7,201.4,245.5,0.6,13010.0,241.5
2019-01-21T17:07:16,42.7,209.1,242.5,0.6,13010.0,240.6
2019-01-21T17:07:47,42.7,206.7,234.2,0.6,13020.0,242.5
2019-01-21T17:08:18,42.7,214.4,249.6,0.5,13020.0,241.5
2019-01-21T17:08:49,42.5,200.8,249.0,0.5,13020.0,240.6
2019-01-21T17:09:20,42.5,212.0,235.4,0.6,13020.0,241.5
2019-01-21T17:09:51,0.0,0.0,0.0,0.0,0.0,0.0
2019-01-21T17:10:22,42.5,210.2,240.1,0.6,13030.0,240.6
2019-01-21T17:10:54,42.5,206.7,229.5,0.6,13030.0,240.6
2019-01-21T17:11:25,42.4,211.4,251.4,0.5,13030.0,241.5
2019-01-21T17:11:56,42.4,209.7,233.0,0.6,13030.0,240.6
2019-01-21T17:12:27,42.4,203.2,242.5,0.6,13030.0,239.6
2019-01-21T17:12:58,42.4,215.0,240.1,0.5,13030.0,241.5
2019-01-21T17:13:29,42.4,194.9,228.3,0.6,13040.0,240.6
2019-01-21T17:14:00,42.4,212.0,249.0,0.6,13040.0,241.5
2019-01-21T17:14:31,42.4,210.2,230.7,0.6,13040.0,241.5
2019-01-21T17:15:02,42.4,206.7,238.4,0.5,13040.0,241.5
2019-01-21T17:15:34,42.4,204.9,235.4,0.5,13040.0,239.6
2019-01-21T17:16:05,42.4,200.8,216.5,0.5,13050.0,237.7
2019-01-21T17:16:36,42.4,220.9,239.0,0.5,13050.0,237.7
2019-01-21T17:17:07,42.4,204.9,239.0,0.5,13050.0,236.7
2019-01-21T17:17:38,42.4,218.5,235.4,0.5,13050.0,237.7
2019-01-21T17:18:09,42.4,201.4,247.8,0.5,13050.0,237.7
2019-01-21T17:18:40,42.4,221.5,233.0,0.5,13060.0,238.6
2019-01-21T17:19:11,42.3,203.7,244.3,0.6,13060.0,236.7
2019-01-21T17:19:42,42.3,222.7,238.4,0.5,13060.0,236.7
2019-01-21T17:20:13,42.3,200.8,241.3,0.6,13060.0,237.7
2019-01-21T17:20:45,42.3,209.1,243.1,0.5,13070.0,237.7
2019-01-21T17:21:16,42.3,217.3,241.9,0.3,13070.0,235.7
2019-01-21T17:21:47,42.3,194.9,221.2,0.4,13070.0,235.7
2019-01-21T17:22:18,42.2,173.6,216.5,0.4,13070.0,234.8
2019-01-21T17:22:49,42.2,176.6,233.0,0.4,13070.0,234.8
2019-01-21T17:23:20,42.2,199.6,210.0,0.4,13070.0,234.8
2019-01-21T17:23:51,42.2,193.7,189.9,0.5,13070.0,235.7
2019-01-21T17:24:22,42.1,189.0,184.5,0.6,13080.0,235.7
2019-01-21T17:24:53,42.1,213.8,211.2,0.7,13080.0,237.7
2019-01-21T17:25:24,42.1,206.7,233.0,0.6,13080.0,236.7
2019-01-21T17:25:56,42.1,221.5,243.7,0.5,13080.0,238.6
2019-01-21T17:26:27,42.1,215.6,247.2,0.5,13090.0,239.6
2019-01-21T17:26:58,42.1,204.9,248.4,0.6,13090.0,237.7
2019-01-21T17:27:29,42.1,190.2,231.9,0.5,13090.0,235.7
2019-01-21T17:28:00,42.1,210.8,250.2,0.6,13090.0,234.8
2019-01-21T17:28:31,42.2,217.3,228.3,0.5,13090.0,235.7
2019-01-21T17:29:02,42.2,196.7,244.3,0.6,13100.0,237.7
2019-01-21T17:29:33,42.2,213.8,237.2,0.5,13100.0,235.7
2019-01-21T17:30:04,42.2,199.6,225.9,0.4,13100.0,235.7
2019-01-21T17:30:36,42.2,187.2,235.4,0.5,13100.0,234.8
2019-01-21T17:31:07,42.2,174.8,239.0,0.5,13100.0,234.8
2019-01-21T17:31:38,42.1,189.6,221.2,0.4,13100.0,234.8
2019-01-21T17:32:09,42.1,212.0,202.3,0.5,13110.0,236.7
2019-01-21T17:32:40,42.1,197.8,181.0,0.5,13110.0,234.8
2019-01-21T17:33:11,42.0,176.6,194.0,0.5,13110.0,235.7
2019-01-21T17:33:42,42.0,155.3,218.8,0.7,13110.0,236.7
2019-01-21T17:34:13,42.1,135.8,240.1,0.7,13110.0,237.7
2019-01-21T17:34:44,42.1,154.7,236.6,0.7,13110.0,235.7
2019-01-21T17:35:15,42.1,170.7,225.9,0.6,13120.0,235.7
2019-01-21T17:35:47,42.1,193.7,230.1,0.6,13120.0,235.7
2019-01-21T17:36:18,42.1,215.0,240.1,0.5,13120.0,236.7
2019-01-21T17:36:49,42.2,218.5,235.4,0.4,13120.0,233.8
2019-01-21T17:37:20,42.2,202.0,223.0,0.3,13120.0,235.7
2019-01-21T17:37:51,42.1,181.3,225.4,0.4,13130.0,236.7
2019-01-21T17:38:22,42.1,187.8,211.7,0.4,13130.0,237.7
2019-01-21T17:38:53,42.0,205.5,233.0,0.3,13130.0,235.7
2019-01-21T17:39:24,41.9,180.7,215.9,0.4,13130.0,236.7
2019-01-21T17:39:55,41.9,197.8,230.1,0.5,13130.0,236.7
2019-01-21T17:40:26,41.9,201.4,234.8,0.4,13130.0,238.6
2019-01-21T17:40:58,41.9,215.0,213.5,0.4,13130.0,236.7
2019-01-21T17:41:29,41.7,202.0,205.2,0.4,13140.0,237.7
2019-01-21T17:42:00,41.7,180.7,229.5,0.5,13140.0,236.7
2019-01-21T17:42:31,41.7,170.7,243.1,0.4,13140.0,236.7
2019-01-21T17:43:02,41.7,175.4,223.0,0.4,13140.0,238.6
2019-01-21T17:43:33,41.6,197.3,202.3,0.4,13140.0,238.6
2019-01-21T17:44:04,41.5,210.8,204.6,0.5,13140.0,239.6
2019-01-21T17:44:35,41.5,197.3,228.3,0.4,13140.0,238.6
2019-01-21T17:45:06,41.6,190.2,225.9,0.4,13150.0,238.6
2019-01-21T17:45:38,41.6,212.0,246.6,0.4,13150.0,239.6
2019-01-21T17:46:09,41.6,220.3,230.7,0.4,13150.0,239.6
2019-01-21T17:46:40,41.6,200.8,243.1,0.4,13150.0,239.6
2019-01-21T17:47:11,41.6,216.7,228.3,0.4,13150.0,239.6
2019-01-21T17:47:42,41.6,215.6,206.4,0.5,13150.0,239.6
2019-01-21T17:48:13,41.5,202.0,220.0,0.5,13160.0,239.6
2019-01-21T17:48:44,41.5,223.2,242.5,0.4,13160.0,239.6
2019-01-21T17:49:15,41.5,209.7,235.4,0.4,13160.0,238.6
2019-01-21T17:49:46,41.6,217.3,241.3,0.4,13160.0,237.7
2019-01-21T17:50:17,41.5,202.0,227.7,0.3,13160.0,237.7
2019-01-21T17:50:49,41.5,180.7,209.4,0.3,13160.0,238.6
2019-01-21T17:51:20,41.5,202.0,230.1,0.2,13160.0,238.6
2019-01-21T17:51:51,41.5,186.6,209.4,0.3,13160.0,237.7
2019-01-21T17:52:22,41.4,166.5,188.7,0.3,13170.0,236.7
2019-01-21T17:52:53,41.3,144.7,201.7,0.4,13170.0,236.7
2019-01-21T17:53:24,41.3,141.1,204.1,0.3,13170.0,237.7
2019-01-21T17:53:55,41.3,162.4,209.4,0.3,13170.0,238.6
2019-01-21T17:54:26,41.2,185.4,227.7,0.3,13170.0,238.6
2019-01-21T17:54:57,41.2,208.5,205.8,0.3,13170.0,237.7
2019-01-21T17:55:28,41.2,206.1,228.3,0.3,13170.0,239.6
2019-01-21T17:56:00,41.2,200.2,231.9,0.3,13170.0,239.6
2019-01-21T17:56:31,41.0,178.9,209.4,0.2,13170.0,234.8
2019-01-21T17:57:02,41.0,159.4,212.3,0.3,13170.0,236.7
2019-01-21T17:57:33,40.9,181.3,228.3,0.3,13180.0,237.7
2019-01-21T17:58:04,40.9,204.3,207.0,0.3,13180.0,236.7
2019-01-21T17:58:35,40.9,194.3,190.4,0.3,13180.0,236.7
2019-01-21T17:59:06,40.9,193.1,209.4,0.2,13180.0,236.7
2019-01-21T17:59:37,40.8,181.9,222.4,0.2,13180.0,236.7
2019-01-21T18:00:08,40.8,161.8,202.3,0.3,13180.0,234.8
2019-01-21T18:00:40,40.7,183.1,181.0,0.2,13180.0,234.8
2019-01-21T18:01:11,40.6,206.7,197.5,0.3,13180.0,236.7
2019-01-21T18:01:42,40.6,201.4,218.8,0.3,13180.0,236.7
2019-01-21T18:02:13,40.6,181.9,242.5,0.3,13180.0,236.7
2019-01-21T18:02:44,40.6,182.5,241.3,0.3,13180.0,237.7
2019-01-21T18:03:15,40.6,203.7,223.6,0.3,13190.0,238.6
2019-01-21T18:03:46,40.5,217.9,233.6,0.2,13190.0,236.7
2019-01-21T18:04:17,40.5,195.5,237.8,0.3,13190.0,235.7
2019-01-21T18:04:48,40.5,177.8,237.8,0.3,13190.0,237.7
2019-01-21T18:05:19,40.5,199.6,240.1,0.2,13190.0,237.7
2019-01-21T18:05:51,40.5,188.4,217.7,0.3,13190.0,233.8
2019-01-21T18:06:22,40.4,168.3,220.0,0.2,13190.0,232.8
2019-01-21T18:06:53,40.4,161.2,239.5,0.3,13190.0,232.8
2019-01-21T18:07:24,40.4,155.3,220.0,0.2,13190.0,233.8
2019-01-21T18:07:55,40.2,178.3,236.0,0.2,13190.0,233.8
2019-01-21T18:08:26,40.2,199.0,224.8,0.2,13190.0,232.8
2019-01-21T18:08:57,40.2,178.9,204.1,0.2,13190.0,232.8
2019-01-21T18:09:28,40.2,157.1,190.4,0.2,13190.0,230.9
2019-01-21T18:09:59,40.1,172.4,211.2,0.2,13200.0,232.8
2019-01-21T18:10:30,40.1,194.3,227.7,0.2,13200.0,230.9
2019-01-21T18:11:02,40.0,198.4,205.8,0.2,13200.0,230.9
2019-01-21T18:11:33,40.0,176.6,225.4,0.2,13200.0,229.0
2019-01-21T18:12:04,39.9,163.0,230.7,0.2,13200.0,230.9
2019-01-21T18:12:35,39.9,184.3,221.2,0.2,13200.0,232.8
2019-01-21T18:13:06,39.8,199.0,198.7,0.1,13200.0,230.9
2019-01-21T18:13:37,39.8,176.6,219.4,0.2,13200.0,229.0
2019-01-21T18:14:08,39.8,155.9,217.7,0.2,13200.0,230.9
2019-01-21T18:14:39,39.8,178.3,197.0,0.2,13200.0,229.9
2019-01-21T18:15:10,39.7,199.6,176.8,0.2,13200.0,229.0
2019-01-21T18:15:41,39.5,204.3,162.0,0.2,13200.0,229.9
2019-01-21T18:16:13,39.5,183.7,184.5,0.2,13200.0,233.8
2019-01-21T18:16:44,39.5,162.4,207.0,0.2,13200.0,233.8
2019-01-21T18:17:15,39.5,141.7,228.3,0.2,13200.0,234.8
2019-01-21T18:17:46,39.5,144.7,232.4,0.2,13200.0,235.7
2019-01-21T18:18:17,39.4,165.9,211.7,0.2,13210.0,233.8
2019-01-21T18:18:48,39.4,187.2,191.0,0.2,13210.0,233.8
2019-01-21T18:19:19,39.4,207.9,210.6,0.2,13210.0,234.8
2019-01-21T18:19:50,39.4,190.2,231.9,0.2,13210.0,234.8
2019-01-21T18:20:21,39.3,176.0,239.0,0.2,13210.0,233.8
2019-01-21T18:20:52,39.3,196.7,217.1,0.2,13210.0,231.9
2019-01-21T18:21:24,39.3,208.5,197.0,0.2,13210.0,231.9
2019-01-21T18:21:55,39.2,185.4,202.9,0.2,13210.0,233.8
2019-01-21T18:22:26,39.2,165.4,222.4,0.2,13210.0,232.8
2019-01-21T18:22:57,39.2,178.3,243.1,0.2,13210.0,232.8
2019-01-21T18:23:28,39.1,199.6,222.4,0.2,13210.0,233.8
2019-01-21T18:23:59,39.1,199.6,202.9,0.1,13210.0,233.8
2019-01-21T18:24:30,39.0,178.3,187.5,0.2,13210.0,234.8
2019-01-21T18:25:01,39.0,183.1,208.8,0.2,13210.0,232.8
2019-01-21T18:25:32,39.0,204.3,230.7,0.1,13210.0,231.9
2019-01-21T18:26:04,39.0,199.6,229.5,0.1,13210.0,233.8
2019-01-21T18:26:35,38.9,178.3,208.2,0.1,13210.0,234.8
2019-01-21T18:27:06,38.9,157.7,187.5,0.1,13210.0,234.8
2019-01-21T18:27:37,38.7,166.5,206.4,0.1,13210.0,235.7
2019-01-21T18:28:08,38.7,186.6,228.3,0.1,13210.0,235.7
2019-01-21T18:28:39,38.7,205.5,227.7,0.1,13220.0,236.7
2019-01-21T18:29:10,38.6,189.6,206.4,0.1,13220.0,236.7
2019-01-21T18:29:41,38.6,168.3,189.9,0.1,13220.0,237.7
2019-01-21T18:30:12,38.6,149.4,208.2,0.1,13220.0,237.7
2019-01-21T18:30:43,38.5,171.9,214.1,0.1,13220.0,237.7
2019-01-21T18:31:15,38.5,193.1,192.8,0.1,13220.0,237.7
2019-01-21T18:31:46,38.5,194.9,172.1,0.0,13220.0,237.7
2019-01-21T18:32:17,38.4,174.2,186.9,0.1,13220.0,234.8
2019-01-21T18:32:48,38.4,152.9,207.6,0.1,13220.0,235.7
2019-01-21T18:33:19,38.3,163.6,221.2,0.1,13220.0,234.8
2019-01-21T18:33:50,38.3,184.8,199.3,0.0,13220.0,235.7
2019-01-21T18:34:21,38.3,196.7,181.0,0.0,13220.0,236.7
2019-01-21T18:34:52,38.2,173.6,160.3,0.1,13220.0,235.7
2019-01-21T18:35:23,38.2,152.4,139.6,0.1,13220.0,235.7
2019-01-21T18:35:54,38.0,145.3,141.3,0.1,13220.0,235.7
2019-01-21T18:36:26,38.0,164.8,162.6,0.1,13220.0,235.7
2019-01-21T18:36:57,38.0,186.6,181.0,0.1,13220.0,235.7
2019-01-21T18:37:28,37.9,200.2,206.4,0.0,13220.0,235.7
2019-01-21T18:37:59,37.8,199.6,225.4,0.0,13220.0,233.8
2019-01-21T18:38:30,37.9,176.6,207.6,0.0,13220.0,234.8
2019-01-21T18:39:01,37.8,155.3,189.9,0.0,13220.0,234.8
2019-01-21T18:39:32,37.8,135.2,168.0,0.0,13220.0,236.7
2019-01-21T18:40:03,37.7,125.2,145.5,0.0,13220.0,236.7
2019-01-21T18:40:34,37.7,144.7,124.8,0.0,13220.0,235.7
2019-01-21T18:41:06,37.6,165.9,136.0,0.0,13220.0,235.7
2019-01-21T18:41:37,37.5,187.8,159.7,0.0,13220.0,236.7
2019-01-21T18:42:08,37.5,190.8,175.7,0.0,13220.0,235.7
2019-01-21T18:42:39,37.4,189.6,223.0,0.0,13220.0,233.8
2019-01-21T18:43:10,37.4,187.8,209.4,0.0,13220.0,233.8
2019-01-21T18:43:41,37.2,186.6,205.8,0.0,13220.0,235.7
2019-01-21T18:44:12,37.2,184.8,201.1,0.0,13220.0,233.8
2019-01-21T18:44:43,37.1,183.1,195.2,0.0,13220.0,235.7
2019-01-21T18:45:14,37.1,181.3,187.5,0.0,13220.0,234.8
2019-01-21T18:45:45,37.0,165.9,184.5,0.0,13220.0,232.8
2019-01-21T18:46:17,37.0,79.7,179.8,0.0,13220.0,232.8
2019-01-21T18:46:48,36.9,165.9,166.2,0.0,13220.0,232.8
2019-01-21T18:47:19,36.9,157.7,157.9,0.0,13220.0,231.9
2019-01-21T18:47:50,36.9,144.1,144.3,0.0,13220.0,232.8
2019-01-21T18:48:21,36.8,120.5,120.6,0.0,13220.0,233.8
