2018-09-28T06:35:29,20.2,215.0,204.6,0.4,60.0,238.6
2018-09-28T06:36:11,20.2,196.7,233.0,0.4,60.0,243.5
2018-09-28T06:36:42,20.2,197.3,246.6,0.4,70.0,243.5
2018-09-28T06:37:13,20.6,216.7,224.2,0.3,70.0,243.5
2018-09-28T06:37:44,20.6,194.3,203.5,0.4,70.0,242.5
2018-09-28T06:38:15,20.6,173.6,211.2,0.4,70.0,242.5
2018-09-28T06:38:46,20.6,186.0,200.5,0.4,70.0,242.5
2018-09-28T06:39:17,20.6,206.1,223.0,0.4,70.0,241.5
2018-09-28T06:39:48,20.6,196.7,243.1,0.4,70.0,241.5
2018-09-28T06:40:19,20.9,211.4,236.6,0.4,70.0,241.5
2018-09-28T06:40:50,20.9,213.8,214.1,0.4,80.0,242.5
2018-09-28T06:41:22,20.9,212.6,217.7,0.4,80.0,241.5
2018-09-28T06:41:53,20.9,208.5,239.0,0.4,80.0,241.5
2018-09-28T06:42:24,21.3,186.6,246.1,0.5,80.0,241.5
2018-09-28T06:42:55,21.3,199.0,223.6,0.4,80.0,242.5
2018-09-28T06:43:26,21.3,209.7,231.9,0.4,80.0,241.5
2018-09-28T06:43:57,21.3,212.0,237.8,0.3,80.0,240.6
2018-09-28T06:44:28,21.3,206.1,235.4,0.4,90.0,240.6
2018-09-28T06:44:59,21.7,213.8,225.9,0.4,90.0,240.6
2018-09-28T06:45:30,21.7,204.9,228.3,0.4,90.0,240.6
2018-09-28T06:46:01,21.7,213.8,220.6,0.5,90.0,241.5
2018-09-28T06:46:32,21.7,215.0,212.3,0.5,90.0,242.5
2018-09-28T06:47:03,21.7,202.0,218.3,0.5,90.0,241.5
2018-09-28T06:47:34,21.7,203.2,240.1,0.4,90.0,240.6
2018-09-28T06:48:05,22.0,222.1,234.2,0.4,100.0,242.5
2018-09-28T06:48:36,22.0,200.2,218.3,0.5,100.0,243.5
2018-09-28T06:49:07,22.0,186.0,236.0,0.4,100.0,242.5
2018-09-28T06:49:38,22.0,208.5,246.1,0.4,100.0,243.5
2018-09-28T06:50:09,22.4,215.0,230.1,0.4,100.0,243.5
2018-09-28T06:50:41,22.4,193.1,208.8,0.5,100.0,243.5
2018-09-28T06:51:12,22.4,173.0,211.7,0.5,110.0,242.5
2018-09-28T06:51:43,22.4,165.9,235.4,0.5,110.0,245.4
2018-09-28T06:52:14,22.4,187.8,249.0,0.5,110.0,240.6
2018-09-28T06:52:45,22.4,209.7,225.4,0.5,110.0,243.5
2018-09-28T06:53:16,22.8,213.8,209.4,0.5,110.0,244.4
2018-09-28T06:53:47,22.8,206.1,231.9,0.5,110.0,243.5
2018-09-28T06:54:18,22.8,221.5,248.4,0.5,120.0,243.5
2018-09-28T06:54:49,22.8,199.0,225.9,0.5,120.0,244.4
2018-09-28T06:55:20,23.1,179.5,227.7,0.6,120.0,243.5
2018-09-28T06:55:52,23.1,194.9,248.4,0.5,120.0,244.4
2018-09-28T06:56:23,23.1,216.2,230.7,0.5,120.0,243.5
2018-09-28T06:56:54,23.1,210.8,222.4,0.5,130.0,243.5
2018-09-28T06:57:25,23.1,189.6,244.9,0.6,130.0,244.4
2018-09-28T06:57:56,23.5,169.5,237.2,0.7,130.0,244.4
2018-09-28T06:58:27,23.5,180.7,215.3,0.7,130.0,243.5
2018-09-28T06:58:58,23.5,203.2,224.8,0.5,140.0,245.4
2018-09-28T06:59:29,23.5,224.4,246.6,0.5,140.0,245.4
2018-09-28T07:00:00,23.5,206.7,233.6,0.6,140.0,244.4
2018-09-28T07:00:32,23.9,185.4,217.1,0.7,140.0,243.5
2018-09-28T07:01:03,23.9,164.2,241.3,0.7,150.0,244.4
2018-09-28T07:01:34,23.9,173.0,236.0,0.8,150.0,245.4
2018-09-28T07:02:05,24.2,196.1,238.4,0.7,150.0,244.4
2018-09-28T07:02:36,24.2,215.6,241.3,0.7,150.0,242.5
2018-09-28T07:03:07,24.2,212.0,228.3,0.7,160.0,245.4
2018-09-28T07:03:38,24.2,224.4,247.8,0.6,160.0,244.4
2018-09-28T07:04:09,24.6,206.1,226.5,0.6,160.0,242.5
2018-09-28T07:04:40,24.6,223.8,244.9,0.6,160.0,243.5
2018-09-28T07:05:11,24.6,215.0,238.4,0.7,170.0,243.5
2018-09-28T07:05:43,24.6,212.0,239.5,0.7,170.0,242.5
2018-09-28T07:06:14,24.6,215.6,227.7,0.6,170.0,241.5
2018-09-28T07:06:45,25.0,212.0,245.5,0.6,170.0,242.5
2018-09-28T07:07:16,25.0,217.3,223.6,0.7,180.0,240.6
2018-09-28T07:07:47,25.0,223.8,239.0,0.6,180.0,241.5
2018-09-28T07:08:18,25.0,210.8,236.0,0.7,180.0,240.6
2018-09-28T07:08:49,25.3,215.0,231.9,0.7,190.0,241.5
2018-09-28T07:09:20,25.3,220.3,241.9,0.6,190.0,241.5
2018-09-28T07:09:51,25.3,207.9,225.4,0.7,190.0,240.6
2018-09-28T07:10:22,25.3,223.2,246.1,0.7,190.0,242.5
2018-09-28T07:10:54,25.7,209.7,227.7,0.7,200.0,241.5
2018-09-28T07:11:26,25.7,218.5,244.3,0.7,200.0,242.5
2018-09-28T07:11:57,25.7,213.2,231.3,0.7,200.0,241.5
2018-09-28T07:12:28,25.7,215.6,231.3,0.7,210.0,243.5
2018-09-28T07:12:59,25.7,217.9,240.1,0.7,210.0,242.5
2018-09-28T07:13:30,26.1,210.2,231.9,0.7,210.0,242.5
2018-09-28T07:14:01,26.1,222.1,241.3,0.7,220.0,242.5
2018-09-28T07:14:32,26.1,206.7,225.9,0.7,220.0,243.5
2018-09-28T07:15:03,26.1,219.7,247.2,0.7,220.0,244.4
2018-09-28T07:15:34,26.4,209.1,228.9,0.7,220.0,243.5
2018-09-28T07:16:06,26.4,219.7,238.4,0.7,230.0,242.5
2018-09-28T07:16:37,26.4,199.6,240.1,0.7,230.0,242.5
2018-09-28T07:17:08,26.4,178.3,225.4,0.9,230.0,241.5
2018-09-28T07:17:39,26.8,184.3,243.7,0.8,240.0,244.4
2018-09-28T07:18:10,26.8,204.9,227.7,0.7,240.0,245.4
2018-09-28T07:18:41,26.8,222.7,244.3,0.7,240.0,244.4
2018-09-28T07:19:12,26.8,210.8,230.1,0.7,250.0,244.4
2018-09-28T07:19:43,27.2,216.2,236.0,0.7,250.0,245.4
2018-09-28T07:20:14,27.2,215.6,236.0,0.7,250.0,245.4
2018-09-28T07:20:45,27.2,212.0,233.6,0.8,260.0,244.4
2018-09-28T07:21:17,27.2,211.4,244.3,0.8,260.0,245.4
2018-09-28T07:21:48,27.2,213.8,228.9,0.8,260.0,246.4
2018-09-28T07:22:19,27.5,210.2,236.0,0.8,270.0,245.4
2018-09-28T07:22:50,27.5,211.4,241.9,0.8,270.0,245.4
2018-09-28T07:23:21,27.5,223.8,220.6,0.8,270.0,245.4
2018-09-28T07:23:52,27.5,207.9,239.0,0.8,270.0,246.4
2018-09-28T07:24:23,27.5,211.4,233.6,0.9,280.0,245.4
2018-09-28T07:24:54,27.9,189.6,236.0,0.9,280.0,245.4
2018-09-28T07:25:25,27.9,207.3,244.9,0.9,280.0,245.4
2018-09-28T07:25:56,27.9,219.1,233.6,0.9,290.0,245.4
2018-09-28T07:26:28,27.9,210.2,240.7,1.3,290.0,245.4
2018-09-28T07:26:59,28.3,217.9,248.4,1.3,300.0,246.4
2018-09-28T07:27:30,28.3,224.4,243.7,1.5,300.0,245.4
2018-09-28T07:28:01,28.3,226.2,231.3,1.4,310.0,246.4
2018-09-28T07:28:32,28.6,217.3,239.0,1.5,310.0,243.5
2018-09-28T07:29:03,28.6,211.4,244.3,1.5,320.0,244.4
2018-09-28T07:29:34,28.6,218.5,226.5,1.4,330.0,243.5
2018-09-28T07:30:05,28.6,223.2,239.0,1.3,330.0,244.4
2018-09-28T07:30:36,29.0,217.9,231.3,1.4,340.0,243.5
2018-09-28T07:31:08,29.0,217.9,237.2,1.3,340.0,243.5
2018-09-28T07:31:39,29.0,231.5,224.2,1.1,350.0,242.5
2018-09-28T07:32:10,29.0,223.2,244.9,1.3,350.0,243.5
2018-09-28T07:32:41,29.4,220.9,234.8,1.4,360.0,244.4
2018-09-28T07:33:12,29.4,216.2,235.4,1.3,360.0,243.5
2018-09-28T07:33:43,29.4,224.4,237.8,1.2,370.0,244.4
2018-09-28T07:34:14,29.7,225.0,236.0,1.2,370.0,244.4
2018-09-28T07:34:45,29.7,225.0,232.4,1.2,380.0,244.4
2018-09-28T07:35:16,29.7,220.3,237.2,1.1,380.0,244.4
2018-09-28T07:35:47,29.7,224.4,233.6,1.0,390.0,244.4
2018-09-28T07:36:19,30.1,218.5,237.2,1.2,390.0,245.4
2018-09-28T07:36:50,30.1,192.5,231.3,1.6,400.0,244.4
2018-09-28T07:37:21,30.1,189.6,239.0,1.5,400.0,243.5
2018-09-28T07:37:52,30.1,190.2,225.4,1.5,410.0,243.5
2018-09-28T07:38:23,30.2,194.9,246.1,1.6,410.0,244.4
2018-09-28T07:38:54,30.2,197.8,228.9,1.5,420.0,245.4
2018-09-28T07:39:25,30.2,197.8,230.7,1.5,430.0,244.4
2018-09-28T07:39:56,30.2,196.7,240.1,1.6,430.0,243.5
2018-09-28T07:40:27,30.3,217.9,225.9,1.4,440.0,245.4
2018-09-28T07:40:58,30.3,209.7,237.2,1.5,440.0,243.5
2018-09-28T07:41:30,30.3,200.2,227.7,1.5,450.0,244.4
2018-09-28T07:42:01,30.4,205.5,239.0,1.5,450.0,243.5
2018-09-28T07:42:32,30.4,200.2,235.4,1.6,460.0,244.4
2018-09-28T07:43:03,30.4,202.0,230.1,1.5,460.0,243.5
2018-09-28T07:43:34,30.4,210.2,237.2,1.6,470.0,244.4
2018-09-28T07:44:05,30.5,200.8,232.4,1.5,480.0,242.5
2018-09-28T07:44:36,30.5,206.7,235.4,1.5,480.0,242.5
2018-09-28T07:45:07,30.5,200.8,234.2,1.6,490.0,242.5
2018-09-28T07:45:38,30.5,202.6,234.2,1.7,490.0,244.4
2018-09-28T07:46:10,30.7,206.1,232.4,1.6,500.0,242.5
2018-09-28T07:46:41,30.7,207.3,236.6,1.7,510.0,244.4
2018-09-28T07:47:12,30.5,201.4,231.9,1.7,510.0,243.5
2018-09-28T07:47:43,30.5,194.9,241.3,1.7,520.0,244.4
2018-09-28T07:48:14,30.5,196.7,239.0,1.7,530.0,243.5
2018-09-28T07:48:45,30.7,197.3,223.6,1.9,530.0,244.4
2018-09-28T07:49:16,30.8,189.0,238.4,1.8,540.0,244.4
2018-09-28T07:49:47,30.8,193.7,225.9,1.9,540.0,244.4
2018-09-28T07:50:18,30.8,194.3,231.3,1.8,550.0,243.5
2018-09-28T07:50:49,30.9,195.5,234.8,1.8,560.0,242.5
2018-09-28T07:51:21,30.9,197.3,226.5,1.8,570.0,244.4
2018-09-28T07:51:52,30.9,196.1,244.3,1.8,570.0,244.4
2018-09-28T07:52:23,30.9,195.5,239.0,1.9,580.0,244.4
2018-09-28T07:52:54,31.0,194.3,234.2,2.0,590.0,244.4
2018-09-28T07:53:25,31.0,187.2,232.4,2.0,590.0,243.5
2018-09-28T07:53:56,31.1,190.8,236.6,2.0,600.0,245.4
2018-09-28T07:54:27,31.1,190.8,227.1,2.1,610.0,245.4
2018-09-28T07:54:58,31.2,195.5,241.9,1.9,620.0,245.4
2018-09-28T07:55:29,31.1,181.9,227.7,2.0,620.0,246.4
2018-09-28T07:56:00,31.2,183.1,236.0,2.0,630.0,246.4
2018-09-28T07:56:31,31.2,183.7,239.0,2.0,640.0,246.4
2018-09-28T07:57:02,31.2,182.5,225.9,2.1,640.0,246.4
2018-09-28T07:57:33,31.4,188.4,239.0,2.0,650.0,245.4
2018-09-28T07:58:04,31.4,184.3,234.2,2.0,660.0,245.4
2018-09-28T07:58:35,31.5,178.9,228.3,2.1,670.0,247.3
2018-09-28T07:59:06,31.5,187.8,243.1,1.9,670.0,245.4
2018-09-28T07:59:37,31.5,178.9,231.3,2.1,680.0,246.4
2018-09-28T08:00:08,31.6,198.4,232.4,2.0,690.0,246.4
2018-09-28T08:00:40,31.6,192.5,238.4,2.1,690.0,245.4
2018-09-28T08:01:11,31.6,191.9,228.3,2.1,700.0,247.3
2018-09-28T08:01:42,31.7,197.3,240.1,2.1,710.0,247.3
2018-09-28T08:02:13,31.7,192.5,223.0,2.2,720.0,246.4
2018-09-28T08:02:44,31.8,190.8,243.1,2.2,720.0,246.4
2018-09-28T08:03:15,31.8,199.0,220.6,2.0,730.0,245.4
2018-09-28T08:03:46,31.8,198.4,228.9,2.1,740.0,247.3
2018-09-28T08:04:17,31.9,199.0,238.4,2.2,750.0,245.4
2018-09-28T08:04:48,31.9,196.7,224.2,2.5,760.0,246.4
2018-09-28T08:05:19,31.9,203.7,227.7,2.5,770.0,246.4
2018-09-28T08:05:51,32.0,205.5,230.1,2.5,780.0,247.3
2018-09-28T08:06:22,32.0,202.0,230.1,2.6,790.0,248.3
2018-09-28T08:06:53,32.0,199.0,241.3,2.5,800.0,247.3
2018-09-28T08:07:24,32.2,202.6,237.2,2.6,810.0,246.4
2018-09-28T08:07:55,32.2,213.2,239.0,2.4,820.0,246.4
2018-09-28T08:08:26,32.3,202.6,228.9,2.5,830.0,247.3
2018-09-28T08:08:57,32.3,206.1,237.8,2.5,840.0,247.3
2018-09-28T08:09:29,32.4,227.4,230.1,2.2,850.0,246.4
2018-09-28T08:10:00,32.4,205.5,225.9,2.5,860.0,247.3
2018-09-28T08:10:31,32.5,193.1,241.3,2.8,870.0,246.4
2018-09-28T08:11:03,32.5,206.1,225.9,2.9,880.0,245.4
2018-09-28T08:11:34,32.5,206.1,228.9,3.0,890.0,246.4
2018-09-28T08:12:05,32.5,213.2,232.4,2.8,900.0,246.4
2018-09-28T08:12:36,32.6,217.3,240.7,2.7,910.0,246.4
2018-09-28T08:13:07,32.6,210.2,225.4,2.5,920.0,246.4
2018-09-28T08:13:38,32.6,215.0,231.9,2.8,930.0,247.3
2018-09-28T08:14:09,32.7,205.5,227.1,3.0,940.0,244.4
2018-09-28T08:14:40,32.7,217.9,227.7,2.9,960.0,247.3
2018-09-28T08:15:11,32.9,215.6,234.8,2.6,970.0,245.4
2018-09-28T08:15:42,32.9,216.2,237.2,2.2,980.0,244.4
2018-09-28T08:16:14,33.0,212.6,231.9,1.7,980.0,244.4
2018-09-28T08:16:45,33.0,213.8,232.4,1.7,990.0,244.4
2018-09-28T08:17:16,33.1,216.2,229.5,1.5,1000.0,244.4
2018-09-28T08:17:47,33.1,212.6,228.3,1.8,1000.0,245.4
2018-09-28T08:18:18,33.1,196.1,217.7,2.0,1010.0,244.4
2018-09-28T08:18:49,33.1,210.8,244.9,2.4,1020.0,245.4
2018-09-28T08:19:20,33.2,190.2,221.8,2.9,1030.0,245.4
2018-09-28T08:19:51,33.2,215.6,228.3,2.7,1040.0,244.4
2018-09-28T08:20:22,33.2,192.5,205.2,3.4,1050.0,244.4
2018-09-28T08:20:54,33.3,193.1,225.4,3.5,1060.0,244.4
2018-09-28T08:21:25,33.3,215.0,227.7,3.3,1080.0,246.4
2018-09-28T08:21:56,33.3,215.0,228.9,3.5,1090.0,246.4
2018-09-28T08:22:27,33.4,213.2,221.8,3.8,1100.0,246.4
2018-09-28T08:22:58,33.4,215.0,229.5,3.1,1120.0,245.4
2018-09-28T08:23:29,33.5,216.2,227.7,3.8,1130.0,245.4
2018-09-28T08:24:00,33.5,213.2,228.3,2.3,1140.0,244.4
2018-09-28T08:24:31,33.7,202.0,218.8,2.3,1150.0,244.4
2018-09-28T08:25:02,33.7,210.2,228.3,2.1,1160.0,244.4
2018-09-28T08:25:34,33.7,194.9,221.2,2.4,1170.0,245.4
2018-09-28T08:26:05,33.7,215.6,225.9,2.7,1180.0,244.4
2018-09-28T08:26:36,33.8,204.9,215.9,2.7,1190.0,244.4
2018-09-28T08:27:07,33.8,206.1,222.4,3.9,1200.0,246.4
2018-09-28T08:27:38,33.8,213.2,235.4,3.3,1220.0,244.4
2018-09-28T08:28:09,33.9,203.2,227.7,3.2,1230.0,245.4
2018-09-28T08:28:40,33.9,207.9,224.2,3.1,1240.0,244.4
2018-09-28T08:29:11,34.0,212.6,204.6,2.9,1260.0,244.4
2018-09-28T08:29:42,34.0,217.9,190.4,3.3,1270.0,245.4
2018-09-28T08:30:13,34.1,215.0,224.8,4.0,1280.0,245.4
2018-09-28T08:30:45,34.1,207.9,221.2,4.1,1300.0,247.3
2018-09-28T08:31:16,34.1,211.4,220.6,2.0,1310.0,244.4
2018-09-28T08:31:47,34.2,212.0,221.8,1.9,1320.0,243.5
2018-09-28T08:32:18,34.2,212.0,230.1,1.7,1330.0,244.4
2018-09-28T08:32:49,34.2,212.6,228.3,1.8,1330.0,244.4
2018-09-28T08:33:20,34.2,212.0,228.9,1.8,1340.0,244.4
2018-09-28T08:33:51,34.2,215.6,229.5,1.5,1350.0,242.5
2018-09-28T08:34:22,34.2,217.9,225.4,1.4,1360.0,244.4
2018-09-28T08:34:53,34.4,215.6,224.2,1.5,1360.0,243.5
2018-09-28T08:35:24,34.4,213.2,223.0,1.5,1370.0,246.4
2018-09-28T08:35:56,34.4,210.8,225.9,1.4,1380.0,247.3
2018-09-28T08:36:27,34.4,211.4,230.7,1.4,1380.0,247.3
2018-09-28T08:36:58,34.4,210.8,232.4,1.3,1390.0,247.3
2018-09-28T08:37:29,34.4,212.0,228.9,1.3,1390.0,246.4
2018-09-28T08:38:00,34.4,217.3,233.0,1.3,1400.0,245.4
2018-09-28T08:38:31,34.4,213.2,230.7,1.3,1410.0,246.4
2018-09-28T08:39:02,34.4,215.6,230.1,1.2,1410.0,245.4
2018-09-28T08:39:33,34.4,207.9,227.1,1.2,1420.0,245.4
2018-09-28T08:40:04,34.4,210.8,225.9,1.1,1420.0,245.4
2018-09-28T08:40:36,34.4,213.2,227.1,1.1,1430.0,243.5
2018-09-28T08:41:07,34.4,209.1,224.8,1.1,1430.0,244.4
2018-09-28T08:41:38,34.4,213.2,228.3,1.1,1440.0,243.5
2018-09-28T08:42:09,34.4,210.2,236.0,1.1,1440.0,244.4
2018-09-28T08:42:40,34.4,206.7,234.8,1.1,1450.0,244.4
2018-09-28T08:43:11,34.4,220.3,236.6,0.9,1450.0,244.4
2018-09-28T08:43:42,34.4,206.7,227.1,1.0,1460.0,246.4
2018-09-28T08:44:13,34.4,211.4,226.5,1.0,1460.0,245.4
2018-09-28T08:44:44,34.4,213.8,231.9,1.0,1460.0,244.4
2018-09-28T08:45:15,34.5,209.7,238.4,1.0,1470.0,245.4
2018-09-28T08:45:47,34.4,210.8,231.3,1.0,1470.0,244.4
2018-09-28T08:46:18,34.4,220.9,230.1,1.0,1480.0,244.4
2018-09-28T08:46:49,34.5,216.2,233.0,1.1,1480.0,245.4
2018-09-28T08:47:20,34.4,204.3,237.2,1.0,1490.0,245.4
2018-09-28T08:47:51,34.4,216.7,222.4,1.1,1490.0,244.4
2018-09-28T08:48:22,34.4,220.9,234.2,1.0,1500.0,243.5
2018-09-28T08:48:53,34.4,215.0,235.4,1.1,1500.0,244.4
2018-09-28T08:49:24,34.4,209.1,224.2,1.1,1510.0,244.4
2018-09-28T08:49:55,34.4,213.8,237.8,1.1,1510.0,244.4
2018-09-28T08:50:26,34.4,220.3,231.9,1.0,1520.0,244.4
2018-09-28T08:50:58,34.4,211.4,227.1,1.1,1520.0,244.4
2018-09-28T08:51:30,34.4,210.8,234.8,1.1,1530.0,245.4
2018-09-28T08:52:01,34.4,216.7,240.1,1.1,1530.0,244.4
2018-09-28T08:52:32,34.4,215.6,224.2,1.0,1540.0,245.4
2018-09-28T08:53:03,34.4,221.5,234.8,1.0,1540.0,243.5
2018-09-28T08:53:34,34.4,215.0,231.9,1.1,1550.0,244.4
2018-09-28T08:54:05,34.4,213.8,230.1,1.0,1550.0,243.5
2018-09-28T08:54:36,34.4,212.6,238.4,1.0,1560.0,244.4
2018-09-28T08:55:07,34.4,215.0,223.6,1.1,1560.0,245.4
2018-09-28T08:55:38,34.5,213.8,239.0,1.0,1570.0,244.4
2018-09-28T08:56:10,34.5,211.4,230.7,1.0,1570.0,243.5
2018-09-28T08:56:41,34.4,220.9,230.1,1.0,1580.0,243.5
2018-09-28T08:57:12,34.5,209.1,241.3,1.0,1580.0,244.4
2018-09-28T08:57:43,34.4,212.0,238.4,1.0,1580.0,244.4
2018-09-28T08:58:14,34.5,213.8,233.6,0.9,1590.0,243.5
2018-09-28T08:58:45,34.5,212.6,233.6,0.9,1590.0,244.4
2018-09-28T08:59:16,34.5,219.7,225.9,0.8,1600.0,243.5
2018-09-28T08:59:47,34.5,212.0,230.1,0.8,1600.0,243.5
2018-09-28T09:00:18,34.5,213.8,234.2,0.8,1610.0,243.5
2018-09-28T09:00:49,34.5,219.1,235.4,0.8,1610.0,242.5
2018-09-28T09:01:21,34.4,210.8,227.7,0.8,1610.0,243.5
2018-09-28T09:01:52,34.5,211.4,231.3,0.8,1620.0,242.5
2018-09-28T09:02:23,34.5,217.9,224.2,0.8,1620.0,241.5
2018-09-28T09:02:54,34.5,211.4,233.6,0.9,1620.0,241.5
2018-09-28T09:03:25,34.5,217.9,226.5,0.8,1630.0,241.5
2018-09-28T09:03:56,34.5,220.9,225.9,0.8,1630.0,243.5
2018-09-28T09:04:27,34.5,198.4,236.0,0.9,1640.0,244.4
2018-09-28T09:04:58,34.5,178.9,226.5,1.0,1640.0,245.4
2018-09-28T09:05:29,34.5,157.7,239.0,1.1,1640.0,244.4
2018-09-28T09:06:00,34.5,176.0,225.9,1.1,1650.0,242.5
2018-09-28T09:06:31,34.5,200.2,205.2,1.0,1650.0,243.5
2018-09-28T09:07:02,34.5,221.5,231.3,1.0,1660.0,244.4
2018-09-28T09:07:33,34.5,199.0,229.5,1.2,1660.0,243.5
2018-09-28T09:08:04,34.5,194.9,233.6,1.2,1670.0,244.4
2018-09-28T09:08:35,34.5,202.0,235.4,1.2,1670.0,243.5
2018-09-28T09:09:06,34.5,219.7,233.0,1.3,1680.0,244.4
2018-09-28T09:09:37,34.5,223.8,237.8,1.3,1680.0,245.4
2018-09-28T09:10:08,34.5,199.0,229.5,1.6,1690.0,245.4
2018-09-28T09:10:40,34.5,183.7,217.7,2.6,1700.0,245.4
2018-09-28T09:11:11,34.5,210.8,244.3,2.2,1710.0,245.4
2018-09-28T09:11:42,34.5,222.7,228.3,1.6,1720.0,247.3
2018-09-28T09:12:13,34.5,215.0,234.8,1.6,1720.0,246.4
2018-09-28T09:12:44,34.5,206.7,234.2,1.9,1730.0,247.3
2018-09-28T09:13:15,34.5,189.0,234.8,2.1,1740.0,246.4
2018-09-28T09:13:46,34.5,183.7,246.1,2.1,1750.0,246.4
2018-09-28T09:14:17,34.5,165.4,230.1,2.9,1760.0,247.3
2018-09-28T09:14:48,34.5,177.8,251.4,3.9,1770.0,246.4
2018-09-28T09:15:19,34.5,189.6,243.1,2.2,1780.0,246.4
2018-09-28T09:15:51,34.6,204.9,243.7,2.3,1790.0,248.3
2018-09-28T09:16:22,34.6,223.2,214.1,3.3,1800.0,246.4
2018-09-28T09:16:53,34.6,203.7,230.7,3.1,1810.0,246.4
2018-09-28T09:17:24,34.6,208.5,228.9,2.1,1820.0,246.4
2018-09-28T09:17:55,34.6,213.8,243.1,2.1,1830.0,247.3
2018-09-28T09:18:26,34.6,219.7,222.4,2.3,1840.0,247.3
2018-09-28T09:18:57,34.6,217.3,226.5,2.2,1850.0,246.4
2018-09-28T09:19:28,34.6,217.9,229.5,2.1,1860.0,247.3
2018-09-28T09:19:59,34.7,225.0,239.5,2.1,1870.0,244.4
2018-09-28T09:20:30,34.7,216.7,230.1,1.8,1870.0,246.4
2018-09-28T09:21:02,34.7,210.8,227.7,1.7,1880.0,245.4
2018-09-28T09:21:33,34.7,210.8,241.3,1.9,1890.0,244.4
2018-09-28T09:22:04,34.7,202.0,220.6,2.0,1900.0,244.4
2018-09-28T09:22:35,34.7,213.8,230.1,2.0,1910.0,244.4
2018-09-28T09:23:06,34.7,209.7,236.6,2.0,1910.0,245.4
2018-09-28T09:23:37,34.7,215.6,232.4,2.1,1920.0,246.4
2018-09-28T09:24:08,34.8,214.4,231.9,2.2,1930.0,247.3
2018-09-28T09:24:39,34.8,203.7,230.1,2.3,1940.0,246.4
2018-09-28T09:25:10,34.8,205.5,199.9,2.7,1950.0,247.3
2018-09-28T09:25:41,34.9,184.8,178.0,3.2,1960.0,247.3
2018-09-28T09:26:13,34.9,187.2,205.2,2.9,1970.0,247.3
2018-09-28T09:26:44,34.9,196.7,239.5,3.2,1980.0,248.3
2018-09-28T09:27:15,34.9,217.9,233.0,2.7,2000.0,247.3
2018-09-28T09:27:46,35.0,191.3,207.0,2.9,2010.0,246.4
2018-09-28T09:28:17,35.0,194.9,218.3,2.1,2020.0,245.4
2018-09-28T09:28:48,35.0,190.2,232.4,2.2,2030.0,245.4
2018-09-28T09:29:19,35.0,194.9,235.4,2.1,2030.0,245.4
2018-09-28T09:29:50,35.2,196.1,228.3,2.1,2040.0,245.4
2018-09-28T09:30:21,35.2,189.0,229.5,2.2,2050.0,246.4
2018-09-28T09:30:52,35.2,167.7,240.1,2.4,2060.0,247.3
2018-09-28T09:31:24,35.2,141.7,215.3,3.3,2070.0,248.3
2018-09-28T09:31:55,35.2,153.5,221.8,4.5,2080.0,249.3
2018-09-28T09:32:26,35.3,179.5,245.5,4.5,2100.0,248.3
2018-09-28T09:32:57,35.3,191.3,231.3,2.8,2110.0,247.3
2018-09-28T09:33:28,35.3,163.6,232.4,3.9,2120.0,247.3
2018-09-28T09:33:59,35.4,178.9,221.2,3.2,2130.0,246.4
2018-09-28T09:34:30,35.4,188.4,225.9,2.7,2140.0,246.4
2018-09-28T09:35:01,35.5,189.0,225.4,2.5,2150.0,247.3
2018-09-28T09:35:32,35.5,187.8,236.6,2.4,2160.0,247.3
2018-09-28T09:36:04,35.5,193.1,230.1,2.4,2170.0,247.3
2018-09-28T09:36:35,35.5,216.7,239.5,2.5,2180.0,247.3
2018-09-28T09:37:06,35.6,211.4,233.6,2.2,2190.0,246.4
2018-09-28T09:37:37,35.6,215.6,227.7,2.2,2200.0,246.4
2018-09-28T09:38:08,35.6,217.9,224.8,2.0,2210.0,246.4
2018-09-28T09:38:39,35.6,212.0,227.1,1.9,2220.0,246.4
2018-09-28T09:39:10,35.6,219.1,223.0,2.0,2220.0,246.4
2018-09-28T09:39:41,35.6,212.6,218.3,2.0,2230.0,245.4
2018-09-28T09:40:12,35.6,186.6,249.6,2.5,2240.0,245.4
2018-09-28T09:40:43,35.6,189.0,224.2,2.3,2250.0,245.4
2018-09-28T09:41:15,35.6,177.2,218.8,2.4,2260.0,246.4
2018-09-28T09:41:46,35.5,152.9,247.2,2.9,2270.0,248.3
2018-09-28T09:42:17,35.6,134.0,222.4,3.5,2280.0,248.3
2018-09-28T09:42:48,35.6,169.5,252.0,5.8,2290.0,249.3
2018-09-28T09:43:19,35.6,155.3,218.8,5.0,2310.0,251.2
2018-09-28T09:43:50,35.6,144.7,214.1,5.3,2320.0,249.3
2018-09-28T09:44:21,35.7,171.3,224.2,5.0,2340.0,251.2
2018-09-28T09:44:52,35.7,203.7,226.5,6.4,2360.0,251.2
2018-09-28T09:45:23,35.9,217.9,235.4,5.1,2380.0,251.2
2018-09-28T09:45:54,35.9,204.9,227.7,3.5,2400.0,247.3
2018-09-28T09:46:26,36.0,210.8,224.8,2.1,2410.0,244.4
2018-09-28T09:46:57,36.0,210.2,230.7,2.2,2410.0,248.3
2018-09-28T09:47:28,36.0,196.1,247.8,3.0,2420.0,248.3
2018-09-28T09:47:59,36.0,212.0,221.8,2.5,2430.0,249.3
2018-09-28T09:48:30,36.0,215.0,221.8,2.4,2440.0,250.2
2018-09-28T09:49:01,36.1,196.7,221.2,3.5,2460.0,249.3
2018-09-28T09:49:32,36.1,184.3,244.3,5.9,2470.0,248.3
2018-09-28T09:50:03,36.1,200.2,224.2,3.3,2490.0,248.3
2018-09-28T09:50:34,36.2,213.2,230.7,2.3,2500.0,248.3
2018-09-28T09:51:06,36.2,213.2,231.3,2.1,2510.0,246.4
2018-09-28T09:51:37,36.2,209.1,223.0,1.9,2510.0,247.3
2018-09-28T09:52:08,36.2,202.6,224.8,2.1,2520.0,247.3
2018-09-28T09:52:39,36.2,171.9,240.1,3.6,2530.0,248.3
2018-09-28T09:53:10,36.2,163.0,244.3,2.6,2540.0,247.3
2018-09-28T09:53:41,36.2,168.3,234.8,2.8,2550.0,247.3
2018-09-28T09:54:12,36.2,174.8,224.8,2.2,2560.0,247.3
2018-09-28T09:54:43,36.2,203.7,199.3,2.7,2570.0,248.3
2018-09-28T09:55:14,36.2,225.0,198.1,2.8,2580.0,248.3
2018-09-28T09:55:46,36.2,215.0,182.8,2.4,2590.0,249.3
2018-09-28T09:56:17,36.2,207.9,198.7,3.3,2600.0,251.2
2018-09-28T09:56:48,36.2,192.5,207.6,2.7,2620.0,249.3
2018-09-28T09:57:19,36.2,177.8,228.9,7.5,2630.0,253.1
2018-09-28T09:57:50,36.2,190.8,216.5,7.3,2660.0,251.2
2018-09-28T09:58:21,36.3,179.5,238.4,4.5,2670.0,248.3
2018-09-28T09:58:52,36.4,177.2,247.2,5.9,2690.0,251.2
2018-09-28T09:59:23,36.4,183.1,223.6,5.4,2710.0,249.3
2018-09-28T09:59:54,36.4,178.3,228.3,3.7,2730.0,250.2
2018-09-28T10:00:25,36.5,213.8,194.6,4.1,2740.0,249.3
2018-09-28T10:00:57,36.5,212.0,201.1,2.5,2750.0,246.4
2018-09-28T10:01:28,36.5,206.7,222.4,2.3,2760.0,248.3
2018-09-28T10:01:59,36.5,202.6,237.2,3.3,2770.0,250.2
2018-09-28T10:02:30,36.5,214.4,221.2,6.4,2790.0,252.2
2018-09-28T10:03:01,36.7,207.9,221.8,5.9,2820.0,252.2
2018-09-28T10:03:32,36.8,193.7,225.9,7.0,2840.0,251.2
2018-09-28T10:04:03,36.8,209.1,221.8,2.1,2850.0,247.3
2018-09-28T10:04:34,36.8,204.3,223.0,2.0,2860.0,247.3
2018-09-28T10:05:05,36.9,201.4,228.3,2.1,2870.0,247.3
2018-09-28T10:05:37,36.9,203.7,215.3,2.2,2880.0,246.4
2018-09-28T10:06:08,36.9,177.2,192.2,2.7,2880.0,248.3
2018-09-28T10:06:39,36.9,157.1,182.2,3.5,2890.0,251.2
2018-09-28T10:07:10,36.9,191.3,186.3,5.0,2910.0,251.2
2018-09-28T10:07:41,36.9,197.8,214.1,7.0,2930.0,251.2
2018-09-28T10:08:12,36.9,199.0,216.5,6.8,2950.0,251.2
2018-09-28T10:08:43,36.9,193.7,227.7,2.8,2970.0,246.4
2018-09-28T10:09:14,36.9,197.3,217.7,2.3,2980.0,246.4
2018-09-28T10:09:45,36.9,186.6,208.8,2.3,2990.0,247.3
2018-09-28T10:10:16,36.9,176.6,233.0,2.4,3000.0,247.3
2018-09-28T10:10:48,36.9,147.6,236.6,4.2,3010.0,248.3
2018-09-28T10:11:19,36.8,147.6,213.5,4.7,3020.0,247.3
2018-09-28T10:11:50,36.8,167.7,224.8,4.3,3040.0,246.4
2018-09-28T10:12:21,36.8,197.8,209.4,7.3,3050.0,248.3
2018-09-28T10:12:52,36.9,193.1,219.4,7.2,3080.0,250.2
2018-09-28T10:13:23,37.0,207.3,220.6,6.8,3100.0,249.3
2018-09-28T10:13:54,37.0,206.7,225.9,6.4,3130.0,248.3
2018-09-28T10:14:25,37.1,195.5,219.4,6.5,3150.0,248.3
2018-09-28T10:14:56,37.2,199.0,223.6,6.8,3170.0,249.3
2018-09-28T10:15:27,37.4,193.1,217.1,6.8,3190.0,248.3
2018-09-28T10:15:59,37.4,189.0,211.7,6.3,3220.0,248.3
2018-09-28T10:16:30,37.5,194.3,223.6,5.7,3240.0,249.3
2018-09-28T10:17:01,37.6,192.5,223.0,6.8,3260.0,250.2
2018-09-28T10:17:32,37.6,203.7,220.6,6.6,3280.0,250.2
2018-09-28T10:18:03,37.7,192.5,222.4,6.8,3310.0,251.2
2018-09-28T10:18:34,37.7,191.3,221.2,6.2,3330.0,250.2
2018-09-28T10:19:05,37.8,189.6,216.5,6.7,3350.0,249.3
2018-09-28T10:19:36,37.9,191.3,212.9,6.6,3370.0,249.3
2018-09-28T10:20:07,37.9,197.8,212.9,6.8,3400.0,249.3
2018-09-28T10:20:39,38.0,196.1,220.0,6.8,3420.0,251.2
2018-09-28T10:21:10,38.0,190.8,218.3,6.6,3440.0,249.3
2018-09-28T10:21:41,38.2,196.1,213.5,6.8,3460.0,251.2
2018-09-28T10:22:12,38.2,186.6,217.7,6.8,3490.0,251.2
2018-09-28T10:22:43,38.3,190.8,218.3,6.5,3510.0,250.2
2018-09-28T10:23:14,38.3,185.4,211.7,6.9,3530.0,252.2
2018-09-28T10:23:45,38.4,188.4,215.9,6.7,3550.0,249.3
2018-09-28T10:24:16,38.4,191.9,215.9,6.7,3580.0,249.3
2018-09-28T10:24:47,38.5,184.3,202.3,6.7,3600.0,250.2
2018-09-28T10:25:18,38.5,193.7,209.4,6.3,3620.0,250.2
2018-09-28T10:25:50,38.5,186.6,218.3,6.8,3640.0,251.2
2018-09-28T10:26:21,38.6,199.6,212.9,6.0,3660.0,251.2
2018-09-28T10:26:52,38.6,196.1,218.3,6.7,3690.0,250.2
2018-09-28T10:27:23,38.7,198.4,215.9,6.6,3710.0,251.2
2018-09-28T10:27:54,38.7,194.9,214.7,6.7,3730.0,250.2
2018-09-28T10:28:25,38.7,199.0,215.3,6.4,3750.0,251.2
2018-09-28T10:28:56,38.9,209.1,218.8,5.7,3770.0,251.2
2018-09-28T10:29:27,38.9,184.8,220.0,6.7,3800.0,251.2
2018-09-28T10:29:58,39.0,183.7,217.1,6.8,3820.0,250.2
2018-09-28T10:30:29,39.0,183.7,217.1,6.7,3840.0,252.2
2018-09-28T10:31:01,39.0,183.1,220.0,6.9,3860.0,252.2
2018-09-28T10:31:32,39.1,187.2,218.3,6.7,3880.0,248.3
2018-09-28T10:32:03,39.1,184.3,218.8,6.8,3910.0,248.3
2018-09-28T10:32:34,39.1,188.4,211.7,6.7,3930.0,251.2
2018-09-28T10:33:05,39.1,189.0,218.3,7.0,3950.0,249.3
2018-09-28T10:33:36,39.1,197.3,213.5,6.2,3970.0,250.2
2018-09-28T10:34:07,39.1,188.4,222.4,6.7,4000.0,249.3
2018-09-28T10:34:38,39.1,189.0,206.4,6.7,4020.0,250.2
2018-09-28T10:35:09,39.1,186.0,210.0,6.8,4040.0,249.3
2018-09-28T10:35:40,39.2,183.7,212.9,7.0,4060.0,249.3
2018-09-28T10:36:12,39.2,185.4,209.4,6.8,4090.0,250.2
2018-09-28T10:36:43,39.2,187.2,209.4,6.9,4110.0,250.2
2018-09-28T10:37:14,39.3,196.7,212.9,6.8,4130.0,249.3
2018-09-28T10:37:45,39.3,194.9,208.8,7.0,4150.0,249.3
2018-09-28T10:38:16,39.3,198.4,201.7,6.5,4180.0,246.4
2018-09-28T10:38:47,39.3,193.1,206.4,1.5,4190.0,244.4
2018-09-28T10:39:18,39.3,193.7,207.6,1.4,4190.0,243.5
2018-09-28T10:39:49,39.3,186.6,201.1,1.5,4200.0,244.4
2018-09-28T10:40:20,39.2,161.2,181.0,2.0,4210.0,243.5
2018-09-28T10:40:51,39.2,193.1,221.2,4.2,4210.0,246.4
2018-09-28T10:41:23,39.2,196.1,237.2,6.7,4230.0,248.3
2018-09-28T10:41:54,39.2,189.0,220.6,7.3,4260.0,250.2
2018-09-28T10:42:25,39.2,199.0,217.7,7.0,4280.0,249.3
2018-09-28T10:42:56,39.3,197.3,216.5,6.6,4310.0,250.2
2018-09-28T10:43:27,39.3,190.2,213.5,7.1,4330.0,251.2
2018-09-28T10:43:58,39.4,190.8,217.1,7.2,4350.0,250.2
2018-09-28T10:44:29,39.4,187.2,220.0,7.0,4380.0,248.3
2018-09-28T10:45:00,39.5,183.7,211.2,7.2,4400.0,249.3
2018-09-28T10:45:31,39.7,189.0,212.3,7.0,4420.0,249.3
2018-09-28T10:46:03,39.7,183.7,209.4,7.2,4450.0,250.2
2018-09-28T10:46:34,39.8,189.0,211.7,7.1,4470.0,249.3
2018-09-28T10:47:05,39.8,181.9,220.0,7.3,4490.0,249.3
2018-09-28T10:47:36,39.9,182.5,210.0,7.3,4520.0,251.2
2018-09-28T10:48:07,39.9,181.3,211.7,7.2,4540.0,250.2
2018-09-28T10:48:38,40.0,181.3,212.3,7.2,4560.0,250.2
2018-09-28T10:49:09,40.0,189.0,217.1,7.2,4590.0,250.2
2018-09-28T10:49:40,40.1,194.9,217.1,7.0,4610.0,249.3
2018-09-28T10:50:11,40.1,193.1,218.3,7.0,4630.0,250.2
2018-09-28T10:50:42,40.2,194.9,212.9,6.1,4660.0,251.2
2018-09-28T10:51:14,40.2,189.0,206.4,7.3,4680.0,252.2
2018-09-28T10:51:45,40.4,189.6,212.3,6.8,4700.0,246.4
2018-09-28T10:52:16,40.4,191.9,212.9,1.1,4710.0,245.4
2018-09-28T10:52:47,40.4,190.8,199.3,1.1,4710.0,245.4
2018-09-28T10:53:18,40.4,180.7,211.7,1.3,4720.0,244.4
2018-09-28T10:53:49,40.2,175.4,213.5,1.4,4720.0,246.4
2018-09-28T10:54:20,40.2,152.9,190.4,1.7,4730.0,246.4
2018-09-28T10:54:51,40.1,121.6,160.3,3.2,4730.0,246.4
2018-09-28T10:55:22,40.1,121.0,153.8,8.7,4750.0,249.3
2018-09-28T10:55:54,40.1,163.6,196.4,8.3,4770.0,250.2
2018-09-28T10:56:25,40.1,178.3,212.9,4.7,4790.0,246.4
2018-09-28T10:56:56,40.1,198.4,224.8,7.9,4810.0,250.2
2018-09-28T10:57:27,40.1,190.2,214.7,4.5,4840.0,244.4
2018-09-28T10:57:58,40.2,203.2,206.4,6.6,4850.0,248.3
2018-09-28T10:58:29,40.2,184.8,227.7,4.3,4860.0,248.3
2018-09-28T10:59:00,40.2,177.2,228.3,7.9,4880.0,251.2
2018-09-28T10:59:31,40.2,193.7,212.3,7.5,4910.0,251.2
2018-09-28T11:00:02,40.2,197.3,214.7,7.3,4930.0,251.2
2018-09-28T11:00:34,40.4,193.1,210.6,7.4,4960.0,252.2
2018-09-28T11:01:05,40.4,190.8,214.1,5.4,4980.0,248.3
2018-09-28T11:01:36,40.4,187.2,201.7,5.7,5000.0,251.2
2018-09-28T11:02:07,40.5,189.6,201.1,3.6,5010.0,250.2
2018-09-28T11:02:38,40.5,202.6,181.0,6.0,5030.0,249.3
2018-09-28T11:03:09,40.5,212.6,198.1,2.8,5050.0,247.3
2018-09-28T11:03:40,40.6,207.9,217.1,2.3,5060.0,249.3
2018-09-28T11:04:11,40.6,195.5,205.8,5.6,5070.0,249.3
2018-09-28T11:04:42,40.6,199.0,185.1,6.3,5090.0,250.2
2018-09-28T11:05:13,40.6,182.5,215.9,7.9,5120.0,252.2
2018-09-28T11:05:45,40.6,168.9,213.5,3.2,5140.0,247.3
2018-09-28T11:06:16,40.7,145.3,193.4,6.0,5150.0,245.4
2018-09-28T11:06:47,40.6,144.7,199.3,2.4,5160.0,243.5
2018-09-28T11:07:18,40.6,139.4,221.2,3.6,5170.0,244.4
2018-09-28T11:07:49,40.6,158.3,230.1,2.7,5180.0,244.4
2018-09-28T11:08:20,40.6,163.6,227.7,2.3,5180.0,244.4
2018-09-28T11:08:51,40.6,189.6,224.2,4.9,5190.0,246.4
2018-09-28T11:09:22,40.6,202.6,234.8,1.9,5210.0,245.4
2018-09-28T11:09:53,40.5,215.6,217.1,1.2,5220.0,243.5
2018-09-28T11:10:24,40.4,185.4,234.2,1.9,5220.0,245.4
2018-09-28T11:10:56,40.4,148.2,235.4,6.2,5230.0,247.3
2018-09-28T11:11:27,40.4,168.3,217.1,7.0,5250.0,248.3
2018-09-28T11:11:58,40.4,148.8,197.5,8.4,5270.0,249.3
2018-09-28T11:12:29,40.4,170.1,220.0,7.9,5290.0,250.2
2018-09-28T11:13:00,40.4,164.8,220.0,8.2,5320.0,249.3
2018-09-28T11:13:31,40.4,173.6,211.2,8.0,5340.0,250.2
2018-09-28T11:14:02,40.5,182.5,218.8,7.4,5370.0,249.3
2018-09-28T11:14:33,40.6,183.7,222.4,8.0,5390.0,250.2
2018-09-28T11:15:04,40.6,189.0,215.3,6.8,5420.0,250.2
2018-09-28T11:15:36,40.7,168.3,208.8,5.8,5440.0,250.2
2018-09-28T11:16:07,40.7,174.8,210.6,8.0,5460.0,249.3
2018-09-28T11:16:38,40.8,184.3,215.3,7.9,5490.0,251.2
2018-09-28T11:17:09,40.8,183.7,215.9,7.1,5510.0,250.2
2018-09-28T11:17:40,40.8,172.4,211.2,7.9,5540.0,251.2
2018-09-28T11:18:11,40.9,174.2,207.6,7.7,5560.0,249.3
2018-09-28T11:18:42,40.9,173.6,205.8,7.6,5590.0,250.2
2018-09-28T11:19:13,41.0,174.8,208.2,7.6,5610.0,251.2
2018-09-28T11:19:44,41.0,171.9,207.0,7.7,5630.0,250.2
2018-09-28T11:20:15,41.0,177.2,210.6,7.4,5660.0,250.2
2018-09-28T11:20:47,41.0,179.5,220.0,7.3,5680.0,251.2
2018-09-28T11:21:18,41.0,176.6,213.5,7.5,5710.0,252.2
2018-09-28T11:21:49,41.0,177.2,211.7,7.5,5730.0,251.2
2018-09-28T11:22:20,41.0,176.0,214.1,7.5,5760.0,251.2
2018-09-28T11:22:51,41.0,174.2,214.1,7.2,5780.0,251.2
2018-09-28T11:23:22,40.8,180.7,211.7,6.7,5800.0,251.2
2018-09-28T11:23:53,40.8,179.5,206.4,6.9,5830.0,252.2
2018-09-28T11:24:24,40.8,178.3,204.6,7.3,5850.0,250.2
2018-09-28T11:24:55,40.9,181.3,211.2,6.8,5870.0,251.2
2018-09-28T11:25:26,41.0,177.2,212.3,7.1,5900.0,252.2
2018-09-28T11:25:58,41.0,177.2,206.4,6.1,5920.0,250.2
2018-09-28T11:26:29,41.2,163.0,205.2,7.6,5940.0,251.2
2018-09-28T11:27:00,41.2,155.9,205.2,8.0,5970.0,252.2
2018-09-28T11:27:31,41.2,160.6,206.4,7.8,5990.0,252.2
2018-09-28T11:28:02,41.2,168.9,206.4,7.7,6010.0,252.2
2018-09-28T11:28:33,41.3,160.6,206.4,7.6,6030.0,251.2
2018-09-28T11:29:04,41.3,165.9,203.5,7.3,6060.0,251.2
2018-09-28T11:29:35,41.3,172.4,205.8,7.5,6080.0,252.2
2018-09-28T11:30:06,41.4,158.9,208.8,7.8,6100.0,252.2
2018-09-28T11:30:38,41.4,161.8,208.2,7.6,6130.0,251.2
2018-09-28T11:31:09,41.4,158.3,208.8,8.0,6150.0,252.2
2018-09-28T11:31:40,41.5,161.8,205.8,7.7,6170.0,251.2
2018-09-28T11:32:11,41.3,157.7,202.9,7.9,6200.0,252.2
2018-09-28T11:32:42,41.3,157.7,215.3,8.1,6220.0,252.2
2018-09-28T11:33:13,41.4,156.5,211.2,8.2,6240.0,251.2
2018-09-28T11:33:44,41.4,159.4,208.2,7.9,6270.0,252.2
2018-09-28T11:34:15,41.5,157.7,207.6,8.1,6290.0,252.2
2018-09-28T11:34:46,41.6,158.9,206.4,7.9,6310.0,251.2
2018-09-28T11:35:17,41.7,158.9,207.6,6.6,6340.0,247.3
2018-09-28T11:35:49,41.7,141.1,236.0,4.9,6350.0,246.4
2018-09-28T11:36:20,41.7,134.6,227.1,1.6,6360.0,244.4
2018-09-28T11:36:51,41.7,148.8,204.1,1.3,6360.0,244.4
2018-09-28T11:37:22,41.7,150.0,198.7,1.3,6360.0,244.4
2018-09-28T11:37:53,41.7,155.9,202.3,1.3,6370.0,244.4
2018-09-28T11:38:24,41.6,148.8,223.6,1.4,6370.0,243.5
2018-09-28T11:38:55,41.6,154.7,205.2,1.3,6380.0,244.4
2018-09-28T11:39:26,41.5,147.6,221.2,1.3,6380.0,244.4
2018-09-28T11:39:57,41.5,157.1,209.4,1.3,6390.0,243.5
2018-09-28T11:40:28,41.4,158.9,199.9,1.5,6390.0,244.4
2018-09-28T11:41:00,41.3,165.4,223.0,1.5,6390.0,244.4
2018-09-28T11:41:31,41.3,140.5,204.1,2.1,6400.0,244.4
2018-09-28T11:42:02,41.2,124.6,165.6,3.1,6410.0,243.5
2018-09-28T11:42:33,41.2,158.9,196.4,5.6,6420.0,248.3
2018-09-28T11:43:04,41.2,140.0,215.3,7.6,6440.0,249.3
2018-09-28T11:43:35,41.2,162.4,225.9,7.9,6460.0,250.2
2018-09-28T11:44:06,41.0,154.7,218.3,8.3,6480.0,252.2
2018-09-28T11:44:37,41.2,164.2,223.0,6.7,6500.0,252.2
2018-09-28T11:45:08,41.2,158.9,213.5,7.9,6530.0,252.2
2018-09-28T11:45:39,41.2,158.9,215.9,7.7,6550.0,252.2
2018-09-28T11:46:11,41.3,152.9,223.0,8.2,6580.0,251.2
2018-09-28T11:46:42,41.3,148.2,215.9,8.4,6600.0,251.2
2018-09-28T11:47:13,41.3,152.9,213.5,8.1,6620.0,251.2
2018-09-28T11:47:44,41.3,151.2,221.8,8.2,6650.0,251.2
2018-09-28T11:48:15,41.3,151.8,215.3,8.1,6670.0,251.2
2018-09-28T11:48:46,41.3,150.0,215.9,8.3,6700.0,251.2
2018-09-28T11:49:17,41.3,152.4,218.3,5.4,6720.0,248.3
2018-09-28T11:49:48,41.3,147.6,212.9,2.7,6730.0,248.3
2018-09-28T11:50:19,41.3,105.7,170.9,7.6,6740.0,249.3
2018-09-28T11:50:50,41.3,137.6,170.9,8.8,6760.0,251.2
2018-09-28T11:51:22,41.3,150.0,211.2,8.7,6780.0,251.2
2018-09-28T11:51:53,41.3,152.4,215.3,8.5,6810.0,251.2
2018-09-28T11:52:24,41.3,149.4,216.5,8.5,6830.0,251.2
2018-09-28T11:52:55,41.4,154.1,210.0,8.4,6860.0,250.2
2018-09-28T11:53:26,41.4,154.7,209.4,8.4,6880.0,251.2
2018-09-28T11:53:57,41.5,145.9,210.6,8.8,6910.0,251.2
2018-09-28T11:54:28,41.5,152.9,210.0,8.2,6930.0,250.2
2018-09-28T11:54:59,41.6,149.4,210.0,8.4,6950.0,251.2
2018-09-28T11:55:30,41.7,147.0,211.7,8.5,6980.0,251.2
2018-09-28T11:56:01,41.7,146.4,207.0,8.6,7000.0,251.2
2018-09-28T11:56:32,41.9,149.4,208.2,8.4,7030.0,251.2
2018-09-28T11:57:03,41.9,150.0,208.8,8.3,7050.0,251.2
2018-09-28T11:57:34,42.0,145.3,208.8,8.5,7070.0,252.2
2018-09-28T11:58:05,42.0,149.4,205.2,8.2,7100.0,251.2
2018-09-28T11:58:36,42.1,145.9,208.8,8.5,7120.0,252.2
2018-09-28T11:59:07,42.1,145.9,212.9,8.5,7150.0,250.2
2018-09-28T11:59:38,42.2,148.2,204.1,7.9,7170.0,250.2
2018-09-28T12:00:09,42.2,150.0,211.7,7.9,7190.0,252.2
2018-09-28T12:00:41,42.2,148.2,210.0,8.2,7220.0,251.2
2018-09-28T12:01:12,42.2,143.5,211.2,8.2,7240.0,251.2
2018-09-28T12:01:43,42.3,150.0,210.0,8.1,7260.0,252.2
2018-09-28T12:02:14,42.3,156.5,208.8,6.9,7290.0,252.2
2018-09-28T12:02:45,42.3,162.4,205.8,6.7,7310.0,252.2
2018-09-28T12:03:16,42.4,154.7,211.2,7.6,7330.0,253.1
2018-09-28T12:03:47,42.4,135.8,208.2,8.4,7350.0,253.1
2018-09-28T12:04:18,42.4,134.0,207.0,8.5,7380.0,253.1
2018-09-28T12:04:49,42.4,138.2,207.6,8.4,7400.0,251.2
2018-09-28T12:05:20,42.4,135.8,208.2,8.4,7420.0,252.2
2018-09-28T12:05:52,42.3,139.4,200.5,8.1,7440.0,252.2
2018-09-28T12:06:23,42.2,139.4,209.4,8.3,7470.0,251.2
2018-09-28T12:06:54,42.3,140.5,208.8,8.2,7490.0,252.2
2018-09-28T12:07:25,42.3,138.2,204.6,8.3,7510.0,252.2
2018-09-28T12:07:56,42.3,138.2,200.5,8.3,7540.0,252.2
2018-09-28T12:08:27,42.4,135.8,199.9,8.6,7560.0,251.2
2018-09-28T12:08:58,42.5,131.1,201.1,8.7,7580.0,251.2
2018-09-28T12:09:29,42.7,143.5,203.5,8.7,7610.0,252.2
2018-09-28T12:10:00,42.7,139.4,204.6,8.4,7630.0,252.2
2018-09-28T12:10:32,42.7,139.4,201.1,8.4,7650.0,251.2
2018-09-28T12:11:03,42.7,136.4,206.4,8.5,7680.0,252.2
2018-09-28T12:11:34,42.8,141.1,207.6,8.3,7700.0,251.2
2018-09-28T12:12:05,42.8,138.8,208.2,8.5,7720.0,251.2
2018-09-28T12:12:36,42.8,135.8,206.4,8.6,7750.0,251.2
2018-09-28T12:13:07,42.8,134.0,205.2,8.8,7770.0,250.2
2018-09-28T12:13:38,42.8,138.8,203.5,8.4,7790.0,251.2
2018-09-28T12:14:09,42.8,141.1,204.1,8.3,7820.0,252.2
2018-09-28T12:14:40,42.8,142.9,203.5,8.2,7840.0,251.2
2018-09-28T12:15:11,42.9,137.0,202.3,8.1,7860.0,253.1
2018-09-28T12:15:43,42.9,139.4,204.1,8.4,7890.0,252.2
2018-09-28T12:16:14,42.9,136.4,200.5,8.5,7910.0,252.2
2018-09-28T12:16:45,42.9,137.6,205.8,8.5,7930.0,252.2
2018-09-28T12:17:16,42.9,144.7,202.9,7.9,7960.0,252.2
2018-09-28T12:17:47,42.9,142.3,204.6,8.2,7980.0,253.1
2018-09-28T12:18:18,42.9,129.3,207.0,8.4,8000.0,252.2
2018-09-28T12:18:49,43.0,132.9,204.6,8.3,8030.0,252.2
2018-09-28T12:19:20,43.0,126.4,210.0,9.0,8050.0,250.2
2018-09-28T12:19:51,43.1,128.7,204.1,8.6,8070.0,252.2
2018-09-28T12:20:22,43.1,128.1,207.0,8.5,8100.0,252.2
2018-09-28T12:20:54,43.1,125.8,202.3,8.7,8120.0,253.1
2018-09-28T12:21:26,43.1,140.0,201.1,8.3,8140.0,252.2
2018-09-28T12:21:57,43.1,129.9,202.3,8.3,8170.0,251.2
2018-09-28T12:22:28,43.2,140.0,200.5,8.4,8190.0,252.2
2018-09-28T12:22:59,43.2,139.4,202.3,7.8,8210.0,252.2
2018-09-28T12:23:30,43.4,139.4,207.0,7.0,8230.0,251.2
2018-09-28T12:24:01,43.4,138.2,207.6,7.1,8260.0,251.2
2018-09-28T12:24:32,43.4,131.1,201.1,6.9,8280.0,251.2
2018-09-28T12:25:03,43.4,141.7,202.3,6.6,8300.0,251.2
2018-09-28T12:25:34,43.4,145.9,202.9,6.5,8320.0,251.2
2018-09-28T12:26:06,43.5,135.8,210.0,7.4,8340.0,250.2
2018-09-28T12:26:37,43.5,135.2,203.5,7.2,8360.0,250.2
2018-09-28T12:27:08,43.5,125.8,201.7,7.9,8380.0,250.2
2018-09-28T12:27:39,43.6,123.4,201.7,8.0,8410.0,250.2
2018-09-28T12:28:10,43.6,121.0,206.4,8.1,8430.0,250.2
2018-09-28T12:28:41,43.6,114.6,202.3,1.4,8440.0,243.5
2018-09-28T12:29:12,43.6,143.5,179.2,1.4,8450.0,243.5
2018-09-28T12:29:43,43.6,151.8,182.8,1.5,8450.0,242.5
2018-09-28T12:30:14,43.6,134.0,215.3,2.0,8460.0,245.4
2018-09-28T12:30:45,43.5,155.9,186.3,4.6,8470.0,249.3
2018-09-28T12:31:17,43.5,157.1,173.3,2.5,8480.0,245.4
2018-09-28T12:31:48,43.4,176.0,187.5,1.3,8490.0,246.4
2018-09-28T12:32:19,43.2,190.8,204.1,0.9,8490.0,244.4
2018-09-28T12:32:50,43.2,193.1,202.9,0.9,8500.0,244.4
2018-09-28T12:33:21,43.2,186.0,202.3,0.9,8500.0,243.5
2018-09-28T12:33:52,43.1,197.8,223.0,0.9,8500.0,244.4
2018-09-28T12:34:23,43.0,189.6,201.1,1.0,8510.0,244.4
2018-09-28T12:34:54,43.0,169.5,222.4,1.1,8510.0,244.4
2018-09-28T12:35:25,42.9,185.4,208.8,1.0,8520.0,244.4
2018-09-28T12:35:56,42.8,202.0,224.8,1.0,8520.0,244.4
2018-09-28T12:36:28,42.7,203.2,218.3,0.9,8520.0,243.5
2018-09-28T12:36:59,42.7,191.9,215.9,1.0,8530.0,242.5
2018-09-28T12:37:30,42.5,197.3,219.4,0.9,8530.0,243.5
2018-09-28T12:38:01,42.4,202.6,217.1,0.8,8530.0,244.4
2018-09-28T12:38:32,42.3,196.7,231.3,0.9,8540.0,243.5
2018-09-28T12:39:03,42.3,205.5,211.2,0.8,8540.0,244.4
2018-09-28T12:39:34,42.2,195.5,218.3,0.9,8550.0,244.4
2018-09-28T12:40:05,42.1,199.6,221.2,1.0,8550.0,245.4
2018-09-28T12:40:36,42.0,202.6,228.9,1.1,8550.0,246.4
2018-09-28T12:41:08,41.9,183.1,248.4,1.5,8560.0,247.3
2018-09-28T12:41:39,41.7,196.7,227.1,1.6,8570.0,246.4
2018-09-28T12:42:10,41.7,196.7,195.8,2.4,8580.0,251.2
2018-09-28T12:42:41,41.6,198.4,224.8,3.2,8600.0,251.2
2018-09-28T12:43:12,41.6,196.1,226.5,2.6,8620.0,252.2
2018-09-28T12:43:43,41.5,200.8,218.3,2.3,8640.0,251.2
2018-09-28T12:44:14,41.6,204.3,215.9,2.4,8660.0,250.2
2018-09-28T12:44:45,41.6,204.3,229.5,2.6,8670.0,250.2
2018-09-28T12:45:16,41.6,199.0,219.4,2.1,8690.0,250.2
2018-09-28T12:45:48,41.5,177.8,210.0,2.8,8710.0,251.2
2018-09-28T12:46:19,41.6,167.1,211.7,3.2,8730.0,250.2
2018-09-28T12:46:50,41.6,175.4,201.7,2.9,8750.0,250.2
2018-09-28T12:47:21,41.6,173.6,217.1,3.3,8770.0,249.3
2018-09-28T12:47:52,41.6,166.5,211.2,1.6,8790.0,245.4
2018-09-28T12:48:23,41.6,161.8,215.9,1.5,8790.0,244.4
2018-09-28T12:48:54,41.6,154.7,212.9,1.4,8800.0,244.4
2018-09-28T12:49:25,41.6,163.0,215.9,1.4,8800.0,243.5
2018-09-28T12:49:56,41.6,151.2,213.5,1.4,8810.0,243.5
2018-09-28T12:50:27,41.5,159.4,221.2,1.4,8810.0,244.4
2018-09-28T12:50:59,41.5,178.3,223.6,1.4,8820.0,244.4
2018-09-28T12:51:30,41.5,201.4,223.0,1.2,8830.0,245.4
2018-09-28T12:52:01,41.4,204.3,210.0,1.3,8830.0,244.4
2018-09-28T12:52:32,41.4,188.4,207.0,1.5,8840.0,243.5
2018-09-28T12:53:03,41.3,213.2,191.6,2.2,8850.0,247.3
2018-09-28T12:53:34,41.3,223.2,216.5,2.4,8860.0,250.2
2018-09-28T12:54:05,41.2,224.4,217.1,1.9,8880.0,251.2
2018-09-28T12:54:36,41.3,220.9,224.8,2.1,8900.0,250.2
2018-09-28T12:55:07,41.3,218.5,214.7,2.0,8920.0,251.2
2018-09-28T12:55:39,41.3,219.1,215.3,2.0,8940.0,251.2
2018-09-28T12:56:10,41.3,212.6,218.3,2.3,8960.0,251.2
2018-09-28T12:56:41,41.3,215.6,211.2,1.9,8980.0,251.2
2018-09-28T12:57:12,41.4,217.3,211.7,2.0,8990.0,252.2
2018-09-28T12:57:43,41.4,216.2,215.9,2.0,9010.0,250.2
2018-09-28T12:58:14,41.4,206.7,211.2,2.1,9030.0,251.2
2018-09-28T12:58:45,41.3,192.5,208.8,2.4,9050.0,251.2
2018-09-28T12:59:16,41.3,204.3,211.2,2.4,9070.0,251.2
2018-09-28T12:59:47,41.4,196.1,212.3,1.9,9080.0,251.2
2018-09-28T13:00:18,41.4,189.0,208.8,2.1,9100.0,249.3
2018-09-28T13:00:50,41.4,188.4,214.7,2.1,9120.0,249.3
2018-09-28T13:01:21,41.4,178.9,208.8,2.1,9140.0,249.3
2018-09-28T13:01:52,41.4,173.6,214.7,2.1,9150.0,250.2
2018-09-28T13:02:23,41.3,159.4,208.2,2.8,9170.0,249.3
2018-09-28T13:02:54,41.4,159.4,208.8,3.3,9190.0,248.3
2018-09-28T13:03:25,41.3,161.2,199.3,2.6,9200.0,250.2
2018-09-28T13:03:56,41.4,159.4,207.0,3.2,9220.0,250.2
2018-09-28T13:04:27,41.4,160.6,211.7,2.8,9240.0,250.2
2018-09-28T13:04:58,41.4,155.3,207.6,2.7,9250.0,249.3
2018-09-28T13:05:29,41.4,161.2,212.9,2.1,9270.0,252.2
2018-09-28T13:06:01,41.4,171.9,212.9,2.1,9290.0,250.2
2018-09-28T13:06:32,41.4,161.2,207.0,2.4,9300.0,249.3
2018-09-28T13:07:03,41.3,148.8,204.6,2.5,9320.0,249.3
2018-09-28T13:07:34,41.4,150.6,218.8,3.0,9340.0,249.3
2018-09-28T13:08:05,41.4,141.1,212.3,2.1,9350.0,250.2
2018-09-28T13:08:36,41.4,140.0,212.9,2.4,9370.0,250.2
2018-09-28T13:09:07,41.4,145.9,208.2,2.1,9380.0,250.2
2018-09-28T13:09:38,41.4,147.6,206.4,2.1,9400.0,248.3
2018-09-28T13:10:09,41.4,144.1,210.6,2.2,9410.0,249.3
2018-09-28T13:10:40,41.4,145.9,204.1,2.2,9430.0,248.3
2018-09-28T13:11:12,41.4,142.9,208.8,1.4,9440.0,243.5
2018-09-28T13:11:43,41.4,137.0,218.3,1.4,9450.0,243.5
2018-09-28T13:12:14,41.4,160.0,211.7,1.3,9450.0,245.4
2018-09-28T13:12:45,41.4,193.1,178.0,1.7,9460.0,246.4
2018-09-28T13:13:16,41.3,170.7,204.6,2.1,9470.0,246.4
2018-09-28T13:13:47,41.3,165.9,222.4,1.7,9480.0,245.4
2018-09-28T13:14:18,41.3,163.6,215.9,1.6,9490.0,245.4
2018-09-28T13:14:49,41.2,167.7,220.6,2.4,9500.0,245.4
2018-09-28T13:15:20,41.2,164.2,215.9,1.9,9520.0,246.4
2018-09-28T13:15:51,41.2,174.8,210.6,1.7,9530.0,245.4
2018-09-28T13:16:23,41.2,170.7,212.9,1.5,9550.0,245.4
2018-09-28T13:16:54,41.2,162.4,214.1,1.9,9560.0,246.4
2018-09-28T13:17:25,41.2,163.6,217.1,2.0,9580.0,242.5
2018-09-28T13:17:56,41.2,147.6,216.5,3.6,9600.0,247.3
2018-09-28T13:18:27,41.2,140.5,208.8,3.7,9610.0,244.4
2018-09-28T13:18:58,41.2,127.0,221.8,3.5,9620.0,246.4
2018-09-28T13:19:29,41.2,122.2,201.1,2.0,9630.0,242.5
2018-09-28T13:20:00,41.0,121.0,190.4,1.9,9640.0,241.5
2018-09-28T13:20:31,41.0,111.6,224.8,3.1,9640.0,245.4
2018-09-28T13:21:03,41.0,112.8,217.7,3.5,9660.0,245.4
2018-09-28T13:21:34,41.0,103.3,211.7,4.4,9680.0,249.3
2018-09-28T13:22:05,41.0,102.7,212.9,4.5,9700.0,247.3
2018-09-28T13:22:36,41.0,104.5,215.3,3.6,9710.0,250.2
2018-09-28T13:23:07,41.0,105.1,215.9,3.4,9730.0,250.2
2018-09-28T13:23:38,41.0,107.5,217.1,3.2,9750.0,250.2
2018-09-28T13:24:09,41.0,107.5,206.4,3.1,9760.0,250.2
2018-09-28T13:24:40,41.0,101.6,218.3,3.1,9780.0,249.3
2018-09-28T13:25:11,41.0,103.9,210.0,3.0,9800.0,249.3
2018-09-28T13:25:42,41.2,103.9,239.5,6.6,9810.0,249.3
2018-09-28T13:26:14,41.0,102.1,220.0,4.2,9830.0,248.3
2018-09-28T13:26:45,41.0,103.3,213.5,5.4,9840.0,249.3
2018-09-28T13:27:16,41.0,110.4,215.3,3.6,9860.0,250.2
2018-09-28T13:27:47,41.0,112.8,211.2,2.4,9880.0,250.2
2018-09-28T13:28:18,41.2,108.6,211.7,2.5,9890.0,251.2
2018-09-28T13:28:49,41.2,102.1,217.1,3.9,9910.0,251.2
2018-09-28T13:29:20,41.2,111.6,217.7,3.1,9920.0,250.2
2018-09-28T13:29:51,41.2,122.8,212.9,2.2,9940.0,251.2
2018-09-28T13:30:22,41.2,109.2,207.6,3.9,9960.0,250.2
2018-09-28T13:30:54,41.2,112.8,208.8,3.4,9970.0,249.3
2018-09-28T13:31:25,41.2,109.8,208.8,2.5,9990.0,251.2
2018-09-28T13:31:56,41.2,111.0,212.3,3.2,10000.0,248.3
2018-09-28T13:32:27,41.2,118.7,215.3,1.9,10020.0,248.3
2018-09-28T13:32:58,41.2,111.0,214.1,2.8,10030.0,249.3
2018-09-28T13:33:29,41.2,118.1,211.7,1.7,10050.0,249.3
2018-09-28T13:34:00,41.3,137.0,212.3,2.5,10060.0,249.3
2018-09-28T13:34:31,41.3,148.8,215.3,1.8,10080.0,249.3
2018-09-28T13:35:02,41.3,153.5,210.0,1.6,10090.0,249.3
2018-09-28T13:35:34,41.2,163.0,205.8,1.3,10110.0,249.3
2018-09-28T13:36:05,41.2,161.8,204.6,1.4,10120.0,250.2
2018-09-28T13:36:36,41.2,162.4,208.2,1.4,10140.0,249.3
2018-09-28T13:37:07,41.2,161.2,213.5,1.4,10150.0,248.3
2018-09-28T13:37:38,41.2,154.1,213.5,1.5,10170.0,249.3
2018-09-28T13:38:09,41.2,155.3,215.9,1.5,10180.0,249.3
2018-09-28T13:38:40,41.2,145.9,214.1,1.6,10200.0,250.2
2018-09-28T13:39:11,41.2,154.1,210.0,1.6,10210.0,250.2
2018-09-28T13:39:42,41.2,160.0,211.7,1.4,10230.0,248.3
2018-09-28T13:40:13,41.2,163.0,215.3,1.4,10240.0,248.3
2018-09-28T13:40:45,41.2,155.9,212.9,1.8,10260.0,248.3
2018-09-28T13:41:16,41.2,162.4,213.5,1.4,10270.0,248.3
2018-09-28T13:41:47,41.2,161.8,211.2,1.4,10290.0,249.3
2018-09-28T13:42:18,41.2,169.5,215.9,1.4,10300.0,250.2
2018-09-28T13:42:49,41.2,167.7,224.8,1.3,10310.0,249.3
2018-09-28T13:43:20,41.2,174.8,215.3,1.3,10330.0,249.3
2018-09-28T13:43:51,41.2,180.7,212.9,1.2,10340.0,249.3
2018-09-28T13:44:22,41.2,183.1,215.3,1.3,10360.0,248.3
2018-09-28T13:44:53,41.0,192.5,214.1,1.2,10370.0,250.2
2018-09-28T13:45:24,41.0,197.8,214.1,1.3,10380.0,250.2
2018-09-28T13:45:56,41.0,206.7,212.3,1.4,10400.0,251.2
2018-09-28T13:46:27,41.0,191.3,215.9,1.0,10410.0,249.3
2018-09-28T13:46:58,41.0,199.0,213.5,0.9,10430.0,249.3
2018-09-28T13:47:29,41.0,213.8,209.4,0.9,10440.0,249.3
2018-09-28T13:48:00,41.0,223.2,210.0,0.8,10460.0,250.2
2018-09-28T13:48:31,41.0,221.5,212.3,0.9,10470.0,250.2
2018-09-28T13:49:02,41.0,219.1,215.3,0.8,10490.0,250.2
2018-09-28T13:49:33,41.0,230.3,210.0,0.9,10500.0,250.2
2018-09-28T13:50:04,41.0,229.7,210.0,0.9,10510.0,250.2
2018-09-28T13:50:36,41.0,228.0,214.1,0.9,10530.0,250.2
2018-09-28T13:51:07,41.0,229.7,217.1,0.9,10540.0,250.2
2018-09-28T13:51:38,41.0,225.0,214.1,0.9,10560.0,249.3
2018-09-28T13:52:09,41.0,222.1,212.9,0.9,10570.0,249.3
2018-09-28T13:52:40,41.0,225.6,211.7,1.0,10590.0,250.2
2018-09-28T13:53:11,41.0,223.2,210.0,1.0,10600.0,250.2
2018-09-28T13:53:42,41.0,220.9,210.0,0.9,10610.0,249.3
2018-09-28T13:54:13,41.0,225.0,205.2,0.8,10630.0,250.2
2018-09-28T13:54:44,41.2,222.7,207.0,0.8,10640.0,250.2
2018-09-28T13:55:15,41.2,219.1,211.2,0.8,10660.0,250.2
2018-09-28T13:55:47,41.0,222.7,210.0,0.9,10670.0,250.2
2018-09-28T13:56:18,41.0,216.7,211.2,0.9,10680.0,250.2
2018-09-28T13:56:49,41.0,228.0,210.0,0.8,10700.0,250.2
2018-09-28T13:57:20,41.0,219.1,214.1,0.9,10710.0,250.2
2018-09-28T13:57:51,41.0,210.8,211.2,1.0,10730.0,250.2
2018-09-28T13:58:22,41.0,212.0,205.2,0.9,10740.0,249.3
2018-09-28T13:58:53,41.0,224.4,211.2,0.8,10750.0,250.2
2018-09-28T13:59:24,41.0,219.7,214.1,0.8,10770.0,248.3
2018-09-28T13:59:55,41.0,213.2,215.3,0.9,10780.0,249.3
2018-09-28T14:00:26,41.0,219.7,212.9,0.9,10800.0,251.2
2018-09-28T14:00:58,41.2,224.4,210.0,0.8,10810.0,249.3
2018-09-28T14:01:29,41.2,202.0,214.1,1.0,10820.0,249.3
2018-09-28T14:02:00,41.2,226.2,214.7,0.8,10840.0,250.2
2018-09-28T14:02:31,41.2,225.0,205.8,0.8,10850.0,248.3
2018-09-28T14:03:02,41.2,228.0,213.5,1.0,10860.0,250.2
2018-09-28T14:03:33,41.2,215.0,212.3,1.0,10880.0,249.3
2018-09-28T14:04:04,41.2,222.7,212.3,0.9,10890.0,249.3
2018-09-28T14:04:35,41.2,223.2,208.8,0.9,10910.0,248.3
2018-09-28T14:05:06,41.2,213.8,211.7,1.0,10920.0,249.3
2018-09-28T14:05:38,41.2,213.8,217.7,0.9,10930.0,249.3
2018-09-28T14:06:09,41.0,225.6,215.3,0.8,10950.0,248.3
2018-09-28T14:06:40,41.0,217.9,218.3,0.9,10960.0,251.2
2018-09-28T14:07:11,41.0,220.3,217.1,0.9,10970.0,249.3
2018-09-28T14:07:42,41.0,220.9,213.5,0.9,10990.0,249.3
2018-09-28T14:08:13,40.9,217.9,213.5,0.9,11000.0,249.3
2018-09-28T14:08:44,41.0,224.4,211.7,0.9,11020.0,249.3
2018-09-28T14:09:15,41.0,227.4,208.2,0.8,11030.0,250.2
2018-09-28T14:09:46,41.0,215.0,211.2,0.8,11040.0,249.3
2018-09-28T14:10:17,41.0,216.2,214.7,0.9,11060.0,249.3
2018-09-28T14:10:49,41.0,222.7,211.7,0.9,11070.0,249.3
2018-09-28T14:11:20,41.0,222.1,218.3,0.9,11090.0,250.2
2018-09-28T14:11:51,41.0,217.9,217.1,0.9,11100.0,249.3
2018-09-28T14:12:22,41.0,216.7,218.3,0.8,11110.0,249.3
2018-09-28T14:12:53,41.0,217.3,218.3,0.8,11130.0,249.3
2018-09-28T14:13:24,41.0,223.2,210.0,0.9,11140.0,249.3
2018-09-28T14:13:55,41.0,215.0,209.4,0.8,11150.0,249.3
2018-09-28T14:14:26,41.0,222.7,213.5,0.7,11170.0,249.3
2018-09-28T14:14:57,41.2,223.8,211.2,0.8,11180.0,248.3
2018-09-28T14:15:28,41.0,225.6,215.9,0.9,11190.0,249.3
2018-09-28T14:16:00,41.0,214.4,217.1,0.8,11210.0,249.3
2018-09-28T14:16:31,41.0,213.8,215.3,0.8,11220.0,249.3
2018-09-28T14:17:02,41.0,226.2,219.4,0.9,11230.0,251.2
2018-09-28T14:17:33,40.9,222.7,215.9,0.9,11250.0,249.3
2018-09-28T14:18:04,40.9,229.7,216.5,0.7,11260.0,249.3
2018-09-28T14:18:35,40.9,225.0,215.3,0.9,11270.0,249.3
2018-09-28T14:19:06,40.9,213.8,215.9,0.8,11290.0,249.3
2018-09-28T14:19:37,40.9,219.7,215.9,0.8,11300.0,251.2
2018-09-28T14:20:08,40.9,207.9,217.1,0.9,11310.0,250.2
2018-09-28T14:20:39,40.9,226.2,219.4,0.8,11330.0,249.3
2018-09-28T14:21:11,40.9,207.9,215.3,0.8,11340.0,250.2
2018-09-28T14:21:42,40.9,225.0,213.5,0.8,11350.0,250.2
2018-09-28T14:22:13,40.9,210.8,215.9,0.8,11370.0,251.2
2018-09-28T14:22:44,40.9,219.1,214.1,0.8,11380.0,250.2
2018-09-28T14:23:15,40.8,210.2,213.5,0.9,11390.0,250.2
2018-09-28T14:23:46,40.9,195.5,203.5,0.8,11410.0,251.2
2018-09-28T14:24:17,40.9,209.1,209.4,1.0,11420.0,249.3
2018-09-28T14:24:48,40.8,218.5,208.2,0.8,11430.0,250.2
2018-09-28T14:25:19,40.8,230.3,210.0,0.8,11450.0,250.2
2018-09-28T14:25:50,40.8,225.6,208.8,0.8,11460.0,250.2
2018-09-28T14:26:22,40.8,226.2,213.5,0.7,11470.0,251.2
2018-09-28T14:26:53,40.8,225.0,208.2,0.7,11490.0,252.2
2018-09-28T14:27:24,40.8,226.8,215.3,0.6,11500.0,252.2
2018-09-28T14:27:55,40.8,215.0,211.2,0.7,11510.0,251.2
2018-09-28T14:28:26,40.8,215.6,217.1,0.7,11520.0,249.3
2018-09-28T14:28:57,40.8,202.0,205.2,0.6,11530.0,248.3
2018-09-28T14:29:28,40.8,194.9,204.1,0.7,11540.0,248.3
2018-09-28T14:29:59,40.8,172.4,194.6,0.9,11550.0,249.3
2018-09-28T14:30:30,40.8,180.7,218.8,0.8,11560.0,249.3
2018-09-28T14:31:02,40.8,203.7,212.3,0.8,11570.0,250.2
2018-09-28T14:31:33,40.8,225.6,211.2,0.8,11590.0,250.2
2018-09-28T14:32:04,40.8,225.6,214.1,0.7,11600.0,250.2
2018-09-28T14:32:35,40.8,204.9,217.7,0.9,11610.0,250.2
2018-09-28T14:33:06,40.8,209.1,210.0,0.7,11630.0,250.2
2018-09-28T14:33:37,40.8,224.4,214.7,0.7,11640.0,251.2
2018-09-28T14:34:08,40.8,225.6,211.7,0.7,11650.0,250.2
2018-09-28T14:34:39,40.8,212.6,212.3,0.8,11660.0,251.2
2018-09-28T14:35:10,40.8,213.2,211.2,0.8,11680.0,250.2
2018-09-28T14:35:41,40.8,210.2,212.3,0.7,11690.0,248.3
2018-09-28T14:36:13,40.8,212.0,218.8,0.9,11700.0,248.3
2018-09-28T14:36:44,40.8,219.1,216.5,0.8,11720.0,250.2
2018-09-28T14:37:15,40.8,220.3,212.9,0.8,11730.0,250.2
2018-09-28T14:37:46,40.8,220.3,220.6,0.7,11740.0,250.2
2018-09-28T14:38:17,40.8,216.7,208.8,0.8,11750.0,249.3
2018-09-28T14:38:48,40.8,211.4,208.8,0.9,11770.0,248.3
2018-09-28T14:39:19,40.8,207.3,208.2,0.7,11780.0,249.3
2018-09-28T14:39:50,40.7,219.1,212.3,0.8,11790.0,249.3
2018-09-28T14:40:21,40.7,217.9,215.9,0.7,11800.0,250.2
2018-09-28T14:40:52,40.7,210.2,214.1,0.8,11820.0,248.3
2018-09-28T14:41:24,40.7,202.0,215.9,0.7,11830.0,249.3
2018-09-28T14:41:55,40.7,223.8,206.4,0.7,11840.0,249.3
2018-09-28T14:42:26,40.7,215.6,211.7,0.7,11850.0,249.3
2018-09-28T14:42:57,40.6,220.9,212.9,0.7,11860.0,248.3
2018-09-28T14:43:28,40.6,223.2,218.3,0.7,11880.0,246.4
2018-09-28T14:43:59,40.6,217.9,220.0,0.7,11890.0,246.4
2018-09-28T14:44:30,40.6,220.3,218.8,0.7,11900.0,246.4
2018-09-28T14:45:01,40.6,216.2,215.3,0.7,11910.0,246.4
2018-09-28T14:45:32,40.6,222.7,220.0,0.6,11930.0,246.4
2018-09-28T14:46:04,40.7,227.4,211.2,0.6,11940.0,247.3
2018-09-28T14:46:35,40.6,223.8,214.1,0.7,11950.0,250.2
2018-09-28T14:47:06,40.6,225.0,212.3,0.7,11960.0,248.3
2018-09-28T14:47:37,40.6,220.9,214.1,0.7,11970.0,249.3
2018-09-28T14:48:08,40.6,222.7,211.7,0.7,11990.0,248.3
2018-09-28T14:48:39,40.6,223.8,211.2,0.6,12000.0,249.3
2018-09-28T14:49:10,40.6,203.7,209.4,0.7,12010.0,249.3
2018-09-28T14:49:41,40.6,224.4,211.2,0.7,12020.0,250.2
2018-09-28T14:50:12,40.6,218.5,208.8,0.7,12030.0,250.2
2018-09-28T14:50:43,40.6,214.4,211.2,0.7,12050.0,248.3
2018-09-28T14:51:15,40.5,216.2,209.4,0.7,12060.0,248.3
2018-09-28T14:51:46,40.5,216.2,211.2,0.7,12070.0,249.3
2018-09-28T14:52:17,40.5,220.3,211.2,0.7,12080.0,248.3
2018-09-28T14:52:48,40.5,204.3,211.7,0.7,12090.0,250.2
2018-09-28T14:53:19,40.5,223.2,208.8,0.7,12110.0,249.3
2018-09-28T14:53:50,40.5,223.2,211.2,0.7,12120.0,250.2
2018-09-28T14:54:21,40.5,203.7,212.9,0.7,12130.0,250.2
2018-09-28T14:54:52,40.4,213.2,214.1,0.7,12140.0,249.3
2018-09-28T14:55:23,40.4,197.8,213.5,0.7,12150.0,249.3
2018-09-28T14:55:54,40.4,222.1,213.5,0.6,12170.0,248.3
2018-09-28T14:56:26,40.4,205.5,219.4,0.7,12180.0,247.3
2018-09-28T14:56:57,40.4,217.9,218.8,0.7,12190.0,246.4
2018-09-28T14:57:28,40.4,216.7,212.9,0.7,12200.0,249.3
2018-09-28T14:57:59,40.4,218.5,212.9,0.7,12210.0,248.3
2018-09-28T14:58:30,40.4,219.7,215.9,0.6,12230.0,249.3
2018-09-28T14:59:01,40.4,223.2,219.4,0.7,12240.0,248.3
2018-09-28T14:59:32,40.4,219.7,220.0,0.7,12250.0,249.3
2018-09-28T15:00:03,40.4,223.8,219.4,0.6,12260.0,248.3
2018-09-28T15:00:34,40.4,222.7,211.2,0.7,12270.0,247.3
2018-09-28T15:01:06,40.4,217.9,212.3,0.7,12280.0,247.3
2018-09-28T15:01:37,40.4,216.7,220.0,0.7,12300.0,247.3
2018-09-28T15:02:08,40.4,204.9,213.5,0.7,12310.0,248.3
2018-09-28T15:02:39,40.4,222.1,217.1,0.6,12320.0,248.3
2018-09-28T15:03:10,40.4,222.7,213.5,0.7,12330.0,248.3
2018-09-28T15:03:41,40.2,213.8,220.0,0.7,12340.0,247.3
2018-09-28T15:04:12,40.2,213.8,221.2,0.7,12350.0,247.3
2018-09-28T15:04:43,40.2,220.9,218.8,0.7,12370.0,248.3
2018-09-28T15:05:14,40.2,215.6,217.1,0.7,12380.0,247.3
2018-09-28T15:05:46,40.2,217.9,218.3,0.7,12390.0,246.4
2018-09-28T15:06:17,40.2,219.7,214.7,0.6,12400.0,242.5
2018-09-28T15:06:48,40.2,196.7,213.5,0.4,12400.0,242.5
2018-09-28T15:07:19,40.1,207.9,208.2,0.4,12400.0,241.5
2018-09-28T15:07:50,40.1,191.9,201.7,0.5,12410.0,243.5
2018-09-28T15:08:21,40.0,200.2,225.9,0.5,12410.0,243.5
2018-09-28T15:08:52,40.0,196.7,202.9,0.5,12410.0,242.5
2018-09-28T15:09:23,39.9,187.2,168.6,0.7,12410.0,243.5
2018-09-28T15:09:54,39.9,165.9,147.3,0.7,12420.0,245.4
2018-09-28T15:10:25,39.9,174.8,186.3,0.7,12430.0,247.3
2018-09-28T15:10:57,39.9,193.1,224.2,0.7,12440.0,247.3
2018-09-28T15:11:28,39.8,215.6,224.2,0.7,12450.0,248.3
2018-09-28T15:11:59,39.9,214.4,222.4,0.7,12470.0,249.3
2018-09-28T15:12:30,39.8,219.1,228.3,0.7,12480.0,248.3
2018-09-28T15:13:01,39.8,210.8,218.3,0.7,12490.0,246.4
2018-09-28T15:13:32,39.8,217.3,218.3,0.6,12500.0,247.3
2018-09-28T15:14:03,39.8,206.7,215.9,0.6,12510.0,248.3
2018-09-28T15:14:34,39.8,220.9,216.5,0.6,12520.0,248.3
2018-09-28T15:15:05,39.8,213.8,216.5,0.7,12530.0,248.3
2018-09-28T15:15:37,39.8,213.8,224.2,0.6,12540.0,247.3
2018-09-28T15:16:08,39.8,202.0,224.8,0.6,12560.0,248.3
2018-09-28T15:16:39,39.8,223.2,226.5,0.7,12570.0,247.3
2018-09-28T15:17:10,39.8,205.5,226.5,0.7,12580.0,247.3
2018-09-28T15:17:41,39.8,220.9,225.4,0.6,12590.0,248.3
2018-09-28T15:18:12,39.8,212.6,223.6,0.6,12600.0,248.3
2018-09-28T15:18:43,39.8,217.3,221.2,0.6,12610.0,248.3
2018-09-28T15:19:14,39.8,222.7,215.3,0.6,12620.0,248.3
2018-09-28T15:19:45,39.8,220.3,224.2,0.6,12630.0,248.3
2018-09-28T15:20:16,39.8,206.7,222.4,0.6,12640.0,247.3
2018-09-28T15:20:48,39.8,220.9,225.9,0.7,12650.0,247.3
2018-09-28T15:21:19,39.8,219.1,224.2,0.6,12660.0,247.3
2018-09-28T15:21:50,39.9,216.7,218.3,0.7,12670.0,249.3
2018-09-28T15:22:21,39.9,213.8,218.3,0.7,12690.0,248.3
2018-09-28T15:22:52,39.8,210.2,223.0,0.7,12700.0,248.3
2018-09-28T15:23:23,39.8,218.5,224.2,0.7,12710.0,247.3
2018-09-28T15:23:54,39.8,220.3,223.6,0.7,12720.0,247.3
2018-09-28T15:24:25,39.8,210.2,225.4,0.6,12730.0,246.4
2018-09-28T15:24:56,39.8,217.3,223.6,0.6,12740.0,247.3
2018-09-28T15:25:27,39.8,210.8,221.8,0.7,12750.0,247.3
2018-09-28T15:25:59,39.8,215.6,225.4,0.7,12760.0,247.3
2018-09-28T15:26:30,39.8,220.3,224.2,0.7,12770.0,248.3
2018-09-28T15:27:01,39.8,219.7,220.6,0.6,12780.0,247.3
2018-09-28T15:27:32,39.8,209.7,223.0,0.6,12790.0,247.3
2018-09-28T15:28:03,39.8,223.2,218.3,0.6,12800.0,247.3
2018-09-28T15:28:34,39.8,218.5,219.4,0.6,12810.0,246.4
2018-09-28T15:29:05,39.8,217.9,225.4,0.6,12820.0,247.3
2018-09-28T15:29:36,39.9,217.9,215.3,0.6,12830.0,246.4
2018-09-28T15:30:07,39.9,214.4,217.1,0.7,12840.0,248.3
2018-09-28T15:30:39,39.9,218.5,221.8,0.7,12850.0,248.3
2018-09-28T15:31:10,39.9,217.3,225.9,0.6,12860.0,247.3
2018-09-28T15:31:41,39.9,217.3,215.9,0.6,12870.0,247.3
2018-09-28T15:32:12,39.9,212.6,220.6,0.6,12880.0,247.3
2018-09-28T15:32:43,39.9,212.0,226.5,0.7,12890.0,247.3
2018-09-28T15:33:14,40.0,204.9,218.3,0.7,12900.0,247.3
2018-09-28T15:33:45,40.0,204.3,218.8,0.7,12910.0,247.3
2018-09-28T15:34:16,40.0,196.1,222.4,0.6,12920.0,247.3
2018-09-28T15:34:47,40.0,219.7,221.2,0.7,12930.0,245.4
2018-09-28T15:35:18,40.1,223.2,220.6,0.6,12940.0,246.4
2018-09-28T15:35:50,40.1,215.0,223.0,0.7,12950.0,246.4
2018-09-28T15:36:21,40.1,216.7,222.4,0.7,12960.0,245.4
2018-09-28T15:36:52,40.1,206.7,223.0,0.6,12970.0,247.3
2018-09-28T15:37:23,40.1,215.0,219.4,0.7,12980.0,248.3
2018-09-28T15:37:54,40.1,225.0,227.7,0.6,12990.0,246.4
2018-09-28T15:38:25,40.1,219.7,218.3,0.7,13000.0,246.4
2018-09-28T15:38:56,40.2,213.2,221.2,0.7,13010.0,247.3
2018-09-28T15:39:27,40.2,206.7,224.2,0.7,13020.0,247.3
2018-09-28T15:39:58,40.2,225.6,224.8,0.6,13030.0,246.4
2018-09-28T15:40:29,40.1,202.6,228.9,0.7,13040.0,246.4
2018-09-28T15:41:01,40.2,222.7,228.3,0.6,13050.0,245.4
2018-09-28T15:41:32,40.2,220.3,225.4,0.6,13060.0,246.4
2018-09-28T15:42:03,40.2,203.7,227.1,0.7,13070.0,246.4
2018-09-28T15:42:34,40.2,225.0,224.2,0.6,13080.0,245.4
2018-09-28T15:43:05,40.2,210.2,223.0,0.6,13090.0,246.4
2018-09-28T15:43:36,40.2,221.5,218.3,0.7,13100.0,245.4
2018-09-28T15:44:07,40.2,219.7,217.1,0.7,13110.0,245.4
2018-09-28T15:44:38,40.2,209.1,218.8,0.7,13120.0,245.4
2018-09-28T15:45:09,40.2,226.8,221.8,0.6,13130.0,245.4
2018-09-28T15:45:40,40.4,202.6,224.8,0.7,13140.0,245.4
2018-09-28T15:46:12,40.4,221.5,227.7,0.7,13150.0,245.4
2018-09-28T15:46:43,40.4,210.8,228.3,0.7,13160.0,245.4
2018-09-28T15:47:14,40.4,220.9,231.3,0.7,13170.0,245.4
2018-09-28T15:47:45,40.4,210.8,225.4,0.6,13180.0,245.4
2018-09-28T15:48:16,40.5,215.6,225.4,0.6,13190.0,245.4
2018-09-28T15:48:47,40.4,214.4,225.9,0.6,13200.0,245.4
2018-09-28T15:49:18,40.4,206.1,223.0,0.7,13200.0,245.4
2018-09-28T15:49:49,40.4,220.3,224.2,0.6,13210.0,245.4
2018-09-28T15:50:20,40.4,217.3,221.2,0.6,13220.0,244.4
2018-09-28T15:50:51,40.4,198.4,225.4,0.7,13230.0,245.4
2018-09-28T15:51:23,40.2,194.9,229.5,0.6,13240.0,245.4
2018-09-28T15:51:54,40.2,202.6,219.4,0.6,13250.0,244.4
2018-09-28T15:52:25,40.2,220.9,228.9,0.7,13260.0,244.4
2018-09-28T15:52:56,40.2,220.3,224.2,0.6,13270.0,245.4
2018-09-28T15:53:27,40.1,206.1,221.2,0.6,13280.0,246.4
2018-09-28T15:53:58,40.1,225.0,218.3,0.6,13290.0,245.4
2018-09-28T15:54:29,40.1,220.9,224.8,0.6,13300.0,244.4
2018-09-28T15:55:00,40.1,216.2,224.2,0.6,13300.0,246.4
2018-09-28T15:55:31,40.2,212.0,231.3,0.7,13310.0,246.4
2018-09-28T15:56:03,40.1,225.0,230.1,0.6,13320.0,245.4
2018-09-28T15:56:34,40.2,218.5,230.1,0.6,13330.0,245.4
2018-09-28T15:57:05,40.1,222.7,231.9,0.6,13340.0,247.3
2018-09-28T15:57:36,40.1,224.4,227.7,0.5,13350.0,248.3
2018-09-28T15:58:07,40.2,216.7,225.4,0.6,13360.0,247.3
2018-09-28T15:58:38,40.2,204.3,225.4,0.7,13370.0,247.3
2018-09-28T15:59:09,40.2,221.5,219.4,0.6,13370.0,248.3
2018-09-28T15:59:40,40.2,226.2,223.0,0.6,13380.0,246.4
2018-09-28T16:00:11,40.2,207.9,224.8,0.7,13390.0,247.3
2018-09-28T16:00:42,40.2,212.6,227.1,0.7,13400.0,247.3
2018-09-28T16:01:14,40.2,220.9,232.4,0.6,13410.0,248.3
2018-09-28T16:01:45,40.2,207.9,229.5,0.6,13420.0,246.4
2018-09-28T16:02:16,40.2,220.3,224.8,0.6,13430.0,247.3
2018-09-28T16:02:47,40.4,199.6,221.2,0.7,13430.0,247.3
2018-09-28T16:03:18,40.4,206.7,224.2,0.6,13440.0,246.4
2018-09-28T16:03:49,40.4,200.8,221.2,0.6,13450.0,247.3
2018-09-28T16:04:20,40.4,223.8,223.0,0.6,13460.0,247.3
2018-09-28T16:04:51,40.5,209.1,224.2,0.6,13470.0,247.3
2018-09-28T16:05:22,40.5,207.9,225.9,0.6,13480.0,247.3
2018-09-28T16:05:54,40.5,198.4,232.4,0.6,13480.0,247.3
2018-09-28T16:06:25,40.5,220.9,231.3,0.6,13490.0,247.3
2018-09-28T16:06:56,40.5,209.1,231.3,0.6,13500.0,248.3
2018-09-28T16:07:27,40.5,222.7,228.3,0.6,13510.0,248.3
2018-09-28T16:07:58,40.5,201.4,222.4,0.6,13520.0,248.3
2018-09-28T16:08:29,40.5,204.3,219.4,0.6,13520.0,248.3
2018-09-28T16:09:00,40.5,225.6,220.0,0.5,13530.0,248.3
2018-09-28T16:09:31,40.5,206.1,221.2,0.6,13540.0,248.3
2018-09-28T16:10:02,40.5,221.5,221.8,0.5,13550.0,248.3
2018-09-28T16:10:34,40.5,199.6,224.8,0.7,13560.0,248.3
2018-09-28T16:11:05,40.5,215.0,222.4,0.6,13560.0,248.3
2018-09-28T16:11:36,40.5,209.7,223.0,0.6,13570.0,248.3
2018-09-28T16:12:07,40.4,220.9,228.3,0.6,13580.0,247.3
2018-09-28T16:12:38,40.4,212.0,228.9,0.6,13590.0,247.3
2018-09-28T16:13:09,40.4,215.6,231.3,0.6,13590.0,247.3
2018-09-28T16:13:40,40.2,211.4,232.4,0.6,13600.0,248.3
2018-09-28T16:14:11,40.2,215.0,226.5,0.6,13610.0,249.3
2018-09-28T16:14:42,40.1,218.5,228.9,0.5,13620.0,248.3
2018-09-28T16:15:13,40.1,223.2,213.5,0.6,13620.0,248.3
2018-09-28T16:15:45,40.1,212.0,218.8,0.5,13630.0,248.3
2018-09-28T16:16:16,40.1,224.4,217.1,0.6,13640.0,249.3
2018-09-28T16:16:47,40.1,220.3,215.9,0.5,13640.0,248.3
2018-09-28T16:17:18,40.0,212.0,218.3,0.5,13650.0,248.3
2018-09-28T16:17:49,40.1,224.4,218.3,0.5,13660.0,249.3
2018-09-28T16:18:20,40.1,215.6,217.1,0.6,13670.0,248.3
2018-09-28T16:18:51,40.1,206.1,214.7,0.6,13670.0,247.3
2018-09-28T16:19:22,40.1,189.6,214.1,0.6,13680.0,248.3
2018-09-28T16:19:53,40.0,184.8,215.9,0.6,13690.0,247.3
2018-09-28T16:20:24,40.0,189.0,215.9,0.6,13690.0,248.3
2018-09-28T16:20:56,40.0,204.3,215.9,0.6,13700.0,247.3
2018-09-28T16:21:27,40.0,207.9,216.5,0.5,13710.0,248.3
2018-09-28T16:21:58,40.0,207.3,218.3,0.5,13710.0,249.3
2018-09-28T16:22:29,40.0,229.7,219.4,0.5,13720.0,248.3
2018-09-28T16:23:00,40.0,225.0,224.8,0.5,13730.0,249.3
2018-09-28T16:23:31,39.9,223.8,212.9,0.5,13730.0,248.3
2018-09-28T16:24:02,40.0,210.2,224.2,0.5,13740.0,249.3
2018-09-28T16:24:33,40.0,210.8,230.1,0.5,13740.0,248.3
2018-09-28T16:25:04,39.9,219.7,223.6,0.5,13750.0,248.3
2018-09-28T16:25:36,39.9,227.4,230.1,0.5,13760.0,248.3
2018-09-28T16:26:07,39.9,208.5,239.5,0.5,13760.0,247.3
2018-09-28T16:26:38,39.9,199.6,241.3,0.5,13770.0,247.3
2018-09-28T16:27:09,39.9,222.1,249.0,0.5,13770.0,246.4
2018-09-28T16:27:40,39.9,210.2,247.8,0.5,13780.0,246.4
2018-09-28T16:28:11,39.9,207.9,234.8,0.5,13780.0,247.3
2018-09-28T16:28:42,39.9,222.7,204.6,0.5,13790.0,247.3
2018-09-28T16:29:13,39.9,202.0,204.1,0.5,13790.0,247.3
2018-09-28T16:29:45,39.9,208.5,204.6,0.5,13800.0,245.4
2018-09-28T16:30:16,39.9,197.8,208.8,0.5,13800.0,246.4
2018-09-28T16:30:47,39.9,180.7,211.2,0.6,13810.0,245.4
2018-09-28T16:31:19,39.8,183.1,205.8,0.5,13820.0,245.4
2018-09-28T16:31:50,39.8,204.3,208.2,0.5,13820.0,245.4
2018-09-28T16:32:21,39.7,225.0,218.3,0.4,13830.0,245.4
2018-09-28T16:32:52,39.7,209.1,213.5,0.5,13830.0,243.5
2018-09-28T16:33:23,39.7,210.8,208.8,0.5,13840.0,245.4
2018-09-28T16:33:54,39.5,220.9,206.4,0.5,13840.0,244.4
2018-09-28T16:34:25,39.5,213.8,196.4,0.5,13850.0,243.5
2018-09-28T16:34:56,39.4,215.6,191.6,0.5,13850.0,244.4
2018-09-28T16:35:27,39.4,223.8,204.6,0.5,13860.0,244.4
2018-09-28T16:35:58,39.4,226.2,209.4,0.4,13860.0,244.4
2018-09-28T16:36:30,39.4,204.3,195.8,0.5,13870.0,244.4
2018-09-28T16:37:01,39.4,215.6,194.0,0.4,13870.0,244.4
2018-09-28T16:37:32,39.4,223.2,207.6,0.5,13880.0,244.4
2018-09-28T16:38:03,39.4,205.5,201.1,0.5,13880.0,243.5
2018-09-28T16:38:34,39.4,225.6,208.2,0.5,13890.0,242.5
2018-09-28T16:39:05,39.4,219.7,215.3,0.4,13890.0,242.5
2018-09-28T16:39:36,39.4,220.3,218.3,0.5,13900.0,243.5
2018-09-28T16:40:07,39.3,199.6,216.5,0.5,13900.0,244.4
2018-09-28T16:40:38,39.3,187.2,213.5,0.5,13910.0,243.5
2018-09-28T16:41:10,39.3,206.7,204.6,0.5,13910.0,243.5
2018-09-28T16:41:41,39.3,227.4,215.3,0.5,13920.0,244.4
2018-09-28T16:42:12,39.3,217.9,212.3,0.4,13920.0,243.5
2018-09-28T16:42:43,39.3,218.5,202.9,0.5,13930.0,244.4
2018-09-28T16:43:14,39.3,197.3,201.7,0.5,13930.0,243.5
2018-09-28T16:43:45,39.3,207.3,207.6,0.5,13940.0,244.4
2018-09-28T16:44:16,39.3,196.1,202.9,0.5,13940.0,243.5
2018-09-28T16:44:47,39.3,209.7,201.7,0.4,13940.0,243.5
2018-09-28T16:45:18,39.3,204.9,199.9,0.5,13950.0,243.5
2018-09-28T16:45:49,39.2,194.3,195.2,0.6,13950.0,243.5
2018-09-28T16:46:21,39.2,210.8,195.8,0.5,13960.0,245.4
2018-09-28T16:46:52,39.2,225.0,204.1,0.5,13960.0,243.5
2018-09-28T16:47:23,39.2,219.1,207.0,0.5,13970.0,244.4
2018-09-28T16:47:54,39.2,206.7,195.2,0.5,13970.0,242.5
2018-09-28T16:48:25,39.2,228.0,197.5,0.5,13980.0,242.5
2018-09-28T16:48:56,39.1,206.1,195.2,0.5,13980.0,243.5
2018-09-28T16:49:27,39.1,220.3,204.1,0.5,13980.0,244.4
2018-09-28T16:49:58,39.1,217.3,197.0,0.5,13990.0,241.5
2018-09-28T16:50:29,39.1,220.9,198.7,0.5,13990.0,241.5
2018-09-28T16:51:00,39.0,218.5,201.1,0.5,14000.0,242.5
2018-09-28T16:51:31,39.0,225.0,192.2,0.5,14000.0,242.5
2018-09-28T16:52:02,39.0,214.4,199.3,0.5,14000.0,243.5
2018-09-28T16:52:33,38.9,212.6,201.1,0.5,14010.0,242.5
2018-09-28T16:53:04,38.9,218.5,200.5,0.4,14010.0,241.5
2018-09-28T16:53:35,38.7,199.0,188.1,0.4,14010.0,240.6
2018-09-28T16:54:06,38.7,177.8,170.3,0.5,14020.0,240.6
2018-09-28T16:54:37,38.7,199.0,177.4,0.4,14020.0,240.6
2018-09-28T16:55:08,38.6,204.3,183.9,0.3,14020.0,238.6
2018-09-28T16:55:40,38.6,183.1,162.6,0.3,14020.0,238.6
2018-09-28T16:56:11,38.5,199.6,182.2,0.3,14020.0,238.6
2018-09-28T16:56:42,38.5,219.7,159.7,0.3,14020.0,239.6
2018-09-28T16:57:13,38.4,214.4,130.1,0.4,14020.0,239.6
2018-09-28T16:57:44,38.4,193.1,118.9,0.5,14030.0,238.6
2018-09-28T16:58:15,38.4,210.2,144.3,0.5,14030.0,238.6
2018-09-28T16:58:46,38.4,212.6,173.3,0.4,14030.0,239.6
2018-09-28T16:59:17,38.3,230.3,199.3,0.4,14040.0,239.6
2018-09-28T16:59:48,38.3,220.9,197.0,0.4,14040.0,241.5
2018-09-28T17:00:19,38.2,217.3,208.2,0.4,14040.0,240.6
2018-09-28T17:00:51,38.2,223.2,211.7,0.5,14040.0,240.6
2018-09-28T17:01:22,38.2,220.9,208.2,0.4,14050.0,240.6
2018-09-28T17:01:53,38.2,221.5,208.2,0.5,14050.0,241.5
2018-09-28T17:02:24,38.2,232.7,206.4,0.3,14050.0,240.6
2018-09-28T17:02:55,38.0,209.7,206.4,0.4,14060.0,240.6
2018-09-28T17:03:26,38.0,220.9,202.3,0.4,14060.0,240.6
2018-09-28T17:03:57,38.0,221.5,203.5,0.4,14060.0,242.5
2018-09-28T17:04:28,37.9,216.2,199.9,0.4,14070.0,242.5
2018-09-28T17:04:59,37.9,202.0,194.6,0.5,14070.0,242.5
2018-09-28T17:05:30,37.9,206.7,202.9,0.5,14070.0,243.5
2018-09-28T17:06:02,37.9,210.8,197.0,0.4,14070.0,243.5
2018-09-28T17:06:33,37.9,216.7,199.9,0.5,14080.0,242.5
2018-09-28T17:07:04,37.8,222.7,199.3,0.4,14080.0,241.5
2018-09-28T17:07:35,37.8,218.5,201.7,0.4,14080.0,241.5
2018-09-28T17:08:06,37.8,201.4,201.7,0.5,14080.0,241.5
2018-09-28T17:08:37,37.8,204.3,187.5,0.5,14090.0,241.5
2018-09-28T17:09:08,37.7,200.2,192.2,0.5,14090.0,242.5
2018-09-28T17:09:39,37.7,187.2,195.2,0.6,14090.0,242.5
2018-09-28T17:10:10,37.7,180.1,187.5,0.5,14090.0,242.5
2018-09-28T17:10:41,37.7,191.9,185.1,0.6,14100.0,242.5
2018-09-28T17:11:13,37.7,186.6,197.5,0.5,14100.0,242.5
2018-09-28T17:11:44,37.7,193.7,181.0,0.6,14100.0,240.6
2018-09-28T17:12:15,37.6,194.9,189.9,0.5,14100.0,242.5
2018-09-28T17:12:46,37.6,183.7,172.1,0.6,14100.0,243.5
2018-09-28T17:13:17,37.6,190.8,182.8,0.5,14110.0,243.5
2018-09-28T17:13:48,37.6,180.7,187.5,0.6,14110.0,242.5
2018-09-28T17:14:19,37.5,173.0,186.3,0.3,14110.0,241.5
2018-09-28T17:14:50,37.5,171.3,197.0,0.2,14110.0,241.5
2018-09-28T17:15:21,37.4,192.5,216.5,0.2,14110.0,241.5
2018-09-28T17:15:52,37.4,216.7,239.0,0.2,14110.0,243.5
2018-09-28T17:16:24,37.2,212.0,249.6,0.4,14110.0,242.5
2018-09-28T17:16:55,37.2,204.3,244.3,0.4,14110.0,244.4
2018-09-28T17:17:26,37.1,198.4,237.8,0.5,14120.0,242.5
2018-09-28T17:17:57,37.1,206.1,240.1,0.5,14120.0,244.4
2018-09-28T17:18:28,37.1,195.5,239.5,0.4,14120.0,243.5
2018-09-28T17:18:59,37.0,207.9,241.9,0.2,14120.0,242.5
2018-09-28T17:19:30,37.0,189.0,220.0,0.3,14120.0,242.5
2018-09-28T17:20:01,36.9,165.9,200.5,0.4,14120.0,243.5
2018-09-28T17:20:32,36.9,157.7,202.3,0.3,14120.0,241.5
2018-09-28T17:21:04,36.8,166.5,188.1,0.2,14120.0,242.5
2018-09-28T17:21:35,36.8,186.0,172.7,0.2,14120.0,243.5
2018-09-28T17:22:06,36.7,191.3,191.0,0.2,14120.0,242.5
2018-09-28T17:22:37,36.7,186.6,214.1,0.1,14120.0,242.5
2018-09-28T17:23:08,36.5,190.8,206.4,0.1,14120.0,243.5
2018-09-28T17:23:39,36.4,170.7,198.1,0.1,14120.0,242.5
2018-09-28T17:24:10,36.4,150.0,219.4,0.1,14120.0,243.5
2018-09-28T17:24:41,36.3,163.6,225.9,0.1,14120.0,243.5
2018-09-28T17:25:12,36.3,186.0,204.1,0.1,14120.0,243.5
2018-09-28T17:25:43,36.2,204.3,183.3,0.1,14120.0,243.5
2018-09-28T17:26:15,36.2,183.7,187.5,0.1,14120.0,243.5
2018-09-28T17:26:46,36.1,164.2,207.0,0.1,14120.0,242.5
2018-09-28T17:27:17,36.0,144.1,225.9,0.1,14130.0,243.5
2018-09-28T17:27:48,36.0,140.0,212.9,0.1,14130.0,242.5
2018-09-28T17:28:19,36.0,160.0,192.8,0.1,14130.0,243.5
2018-09-28T17:28:50,35.9,180.1,173.3,0.1,14130.0,241.5
2018-09-28T17:29:21,35.7,205.5,151.4,0.0,14130.0,243.5
2018-09-28T17:29:52,35.7,199.0,131.9,0.0,14130.0,243.5
2018-09-28T17:30:23,35.7,177.2,110.6,0.1,14130.0,243.5
2018-09-28T17:30:54,35.6,156.5,123.0,0.1,14130.0,242.5
2018-09-28T17:31:26,35.6,134.6,144.3,0.2,14130.0,244.4
2018-09-28T17:31:57,35.5,114.6,166.8,0.2,14130.0,244.4
2018-09-28T17:32:28,35.4,116.9,186.9,0.1,14130.0,244.4
2018-09-28T17:32:59,35.4,137.0,199.3,0.1,14130.0,243.5
2018-09-28T17:33:30,35.4,154.1,200.5,0.1,14130.0,244.4
2018-09-28T17:34:01,35.3,132.9,221.8,0.1,14130.0,245.4
2018-09-28T17:34:32,35.2,125.8,197.5,0.1,14130.0,243.5
2018-09-28T17:35:03,35.2,146.4,180.4,0.1,14130.0,243.5
2018-09-28T17:35:35,35.2,167.1,159.1,0.1,14130.0,243.5
2018-09-28T17:36:06,35.0,190.2,146.1,0.1,14130.0,244.4
2018-09-28T17:36:37,35.0,203.2,166.8,0.0,14130.0,244.4
2018-09-28T17:37:08,34.9,202.6,189.3,0.0,14130.0,244.4
2018-09-28T17:37:39,34.9,180.7,210.6,0.0,14130.0,244.4
2018-09-28T17:38:10,34.8,160.6,227.7,0.0,14130.0,243.5
2018-09-28T17:38:41,34.8,138.8,207.0,0.0,14130.0,243.5
2018-09-28T17:39:12,34.7,116.3,189.3,0.0,14130.0,244.4
2018-09-28T17:39:43,34.7,107.5,168.6,0.0,14130.0,245.4
2018-09-28T17:40:14,34.6,128.1,146.7,0.0,14130.0,243.5
2018-09-28T17:40:46,34.6,147.0,127.1,0.0,14130.0,243.5
2018-09-28T17:41:17,34.5,168.3,150.2,0.1,14130.0,242.5
2018-09-28T17:41:48,34.5,187.8,168.6,0.0,14130.0,244.4
2018-09-28T17:42:19,34.4,193.1,189.9,0.0,14130.0,244.4
2018-09-28T17:42:50,34.2,191.9,228.3,0.0,14130.0,244.4
2018-09-28T17:43:21,34.2,190.8,214.7,0.0,14130.0,243.5
2018-09-28T17:43:52,34.1,189.6,211.2,0.0,14130.0,242.5
2018-09-28T17:44:23,34.1,187.8,207.6,0.0,14130.0,243.5
2018-09-28T17:44:54,34.0,185.4,202.3,0.0,14130.0,243.5
2018-09-28T17:45:25,34.0,183.7,194.6,0.0,14130.0,242.5
2018-09-28T17:45:57,33.9,180.1,189.9,0.0,14130.0,243.5
2018-09-28T17:46:28,33.9,135.8,182.2,0.0,14130.0,243.5
2018-09-28T17:46:59,33.8,168.3,168.6,0.0,14130.0,243.5
2018-09-28T17:47:30,33.8,159.4,159.7,0.0,14130.0,244.4
2018-09-28T17:48:01,33.8,145.9,146.1,0.0,14130.0,242.5
2018-09-28T17:48:32,33.7,121.6,121.8,0.0,14130.0,242.5
