2019-09-09T06:35:31,11.8,201.4,218.8,0.2,10.0,243.5
2019-09-09T06:36:03,12.1,218.5,241.3,0.1,10.0,243.5
2019-09-09T06:36:34,11.8,194.9,225.9,0.2,10.0,242.5
2019-09-09T06:37:05,11.8,176.0,207.0,0.2,10.0,242.5
2019-09-09T06:37:36,11.8,154.7,185.1,0.2,10.0,242.5
2019-09-09T06:38:07,11.8,177.2,164.4,0.2,10.0,243.5
2019-09-09T06:38:38,12.1,197.3,179.8,0.2,10.0,242.5
2019-09-09T06:39:09,11.8,219.7,202.3,0.1,10.0,243.5
2019-09-09T06:39:40,12.1,197.3,223.0,0.2,10.0,244.4
2019-09-09T06:40:11,12.1,176.6,243.7,0.2,10.0,243.5
2019-09-09T06:40:43,12.1,159.4,234.2,0.2,10.0,243.5
2019-09-09T06:41:14,12.1,179.5,211.7,0.2,10.0,244.4
2019-09-09T06:41:45,12.1,203.7,197.5,0.2,20.0,244.4
2019-09-09T06:42:16,12.1,213.8,218.3,0.2,20.0,244.4
2019-09-09T06:42:47,12.5,192.5,238.4,0.2,20.0,243.5
2019-09-09T06:43:18,12.5,172.4,240.1,0.3,20.0,243.5
2019-09-09T06:43:49,12.5,151.8,218.8,0.3,20.0,241.5
2019-09-09T06:44:20,12.5,159.4,198.7,0.3,20.0,241.5
2019-09-09T06:44:51,12.5,147.0,177.4,0.3,20.0,242.5
2019-09-09T06:45:22,12.5,132.3,194.0,0.3,20.0,241.5
2019-09-09T06:45:54,12.5,152.4,214.1,0.3,20.0,242.5
2019-09-09T06:46:25,12.5,176.6,235.4,0.3,20.0,242.5
2019-09-09T06:46:56,12.5,197.8,247.2,0.2,20.0,242.5
2019-09-09T06:47:27,12.5,219.1,224.2,0.2,20.0,242.5
2019-09-09T06:47:58,12.9,202.6,204.6,0.3,20.0,242.5
2019-09-09T06:48:29,12.9,201.4,204.1,0.3,20.0,242.5
2019-09-09T06:49:00,12.9,220.3,225.9,0.2,20.0,242.5
2019-09-09T06:49:31,13.2,203.7,246.6,0.3,20.0,242.5
2019-09-09T06:50:02,12.9,183.7,231.3,0.3,30.0,241.5
2019-09-09T06:50:34,12.9,187.2,210.0,0.3,30.0,241.5
2019-09-09T06:51:05,12.9,210.2,189.9,0.3,30.0,241.5
2019-09-09T06:51:36,12.9,217.9,195.8,0.3,30.0,241.5
2019-09-09T06:52:07,13.2,196.7,215.9,0.3,30.0,241.5
2019-09-09T06:52:38,12.9,175.4,239.0,0.3,30.0,241.5
2019-09-09T06:53:09,13.2,180.1,237.8,0.3,30.0,241.5
2019-09-09T06:53:40,13.2,202.0,217.1,0.3,30.0,241.5
2019-09-09T06:54:11,13.2,222.7,196.4,0.2,30.0,240.6
2019-09-09T06:54:42,13.2,202.0,200.5,0.3,30.0,241.5
2019-09-09T06:55:13,13.2,181.3,223.0,0.3,30.0,240.6
2019-09-09T06:55:45,13.2,184.8,244.3,0.3,30.0,241.5
2019-09-09T06:56:16,13.2,206.7,230.7,0.3,30.0,240.6
2019-09-09T06:56:47,13.2,216.2,209.4,0.3,40.0,241.5
2019-09-09T06:57:18,13.6,195.5,203.5,0.3,40.0,241.5
2019-09-09T06:57:49,13.6,175.4,224.8,0.3,40.0,240.6
2019-09-09T06:58:20,13.6,197.3,244.9,0.3,40.0,242.5
2019-09-09T06:58:51,13.6,219.7,232.4,0.3,40.0,240.6
2019-09-09T06:59:22,13.6,200.8,211.7,0.3,40.0,240.6
2019-09-09T06:59:53,13.6,185.4,192.2,0.4,40.0,239.6
2019-09-09T07:00:24,13.6,206.7,210.6,0.3,40.0,239.6
2019-09-09T07:00:56,13.6,215.0,232.4,0.3,40.0,239.6
2019-09-09T07:01:27,13.6,193.1,252.0,0.4,40.0,240.6
2019-09-09T07:01:58,13.6,183.7,230.7,0.4,40.0,240.6
2019-09-09T07:02:29,13.6,203.7,209.4,0.4,50.0,241.5
2019-09-09T07:03:00,13.6,223.2,212.3,0.3,50.0,240.6
2019-09-09T07:03:31,14.0,199.6,234.8,0.4,50.0,240.6
2019-09-09T07:04:02,14.0,192.5,247.2,0.4,50.0,241.5
2019-09-09T07:04:33,13.6,214.4,225.4,0.3,50.0,240.6
2019-09-09T07:05:04,14.0,208.5,204.1,0.3,50.0,241.5
2019-09-09T07:05:36,14.0,186.6,212.3,0.4,50.0,239.6
2019-09-09T07:06:07,14.0,202.0,232.4,0.4,50.0,241.5
2019-09-09T07:06:38,14.0,220.9,252.0,0.3,50.0,240.6
2019-09-09T07:07:09,14.0,200.8,230.7,0.3,50.0,240.6
2019-09-09T07:07:40,14.0,180.1,209.4,0.4,60.0,241.5
2019-09-09T07:08:11,14.0,197.3,209.4,0.4,60.0,241.5
2019-09-09T07:08:42,14.3,219.7,230.7,0.3,60.0,240.6
2019-09-09T07:09:13,14.3,199.6,252.0,0.4,60.0,238.6
2019-09-09T07:09:44,14.3,196.7,228.3,0.4,60.0,236.7
2019-09-09T07:10:15,14.3,216.2,208.2,0.3,60.0,237.7
2019-09-09T07:10:47,14.3,209.7,195.2,0.4,60.0,238.6
2019-09-09T07:11:18,14.3,197.8,215.9,0.4,60.0,237.7
2019-09-09T07:11:49,14.3,218.5,239.0,0.4,60.0,239.6
2019-09-09T07:12:20,14.3,209.1,234.8,0.4,60.0,241.5
2019-09-09T07:12:51,14.7,189.0,215.3,0.4,70.0,239.6
2019-09-09T07:13:22,14.7,196.1,218.8,0.5,70.0,240.6
2019-09-09T07:13:53,14.7,217.3,240.7,0.4,70.0,240.6
2019-09-09T07:14:24,14.7,213.8,241.9,0.4,70.0,239.6
2019-09-09T07:14:55,14.7,193.1,221.2,0.5,70.0,239.6
2019-09-09T07:15:26,14.7,199.6,200.5,0.4,70.0,240.6
2019-09-09T07:15:57,14.7,220.9,196.4,0.4,70.0,243.5
2019-09-09T07:16:30,14.7,207.3,218.8,0.4,70.0,241.5
2019-09-09T07:17:01,14.7,186.0,241.3,0.4,80.0,242.5
2019-09-09T07:17:32,14.7,206.7,249.6,0.5,80.0,242.5
2019-09-09T07:18:03,14.7,226.8,227.7,0.4,80.0,241.5
2019-09-09T07:18:34,15.1,203.7,207.0,0.5,80.0,242.5
2019-09-09T07:19:05,15.1,213.2,221.2,0.4,80.0,242.5
2019-09-09T07:19:36,15.1,217.3,241.9,0.4,80.0,242.5
2019-09-09T07:20:07,15.1,195.5,246.6,0.5,80.0,242.5
2019-09-09T07:20:39,15.1,206.7,225.9,0.5,90.0,242.5
2019-09-09T07:21:10,15.1,226.2,204.6,0.5,90.0,241.5
2019-09-09T07:21:41,15.1,204.3,223.0,0.5,90.0,241.5
2019-09-09T07:22:12,15.4,199.0,244.9,0.5,90.0,241.5
2019-09-09T07:22:43,15.1,220.3,244.3,0.5,90.0,239.6
2019-09-09T07:23:14,15.4,211.4,224.2,0.5,90.0,240.6
2019-09-09T07:23:45,15.1,200.2,231.3,0.6,90.0,242.5
2019-09-09T07:24:16,15.4,206.1,244.3,0.5,100.0,241.5
2019-09-09T07:24:47,15.4,216.2,239.0,0.6,100.0,241.5
2019-09-09T07:25:18,15.4,220.3,217.7,0.6,100.0,240.6
2019-09-09T07:25:50,15.4,199.6,237.8,0.6,100.0,240.6
2019-09-09T07:26:21,15.4,178.9,250.8,0.6,100.0,241.5
2019-09-09T07:26:52,15.8,179.5,228.3,0.7,110.0,242.5
2019-09-09T07:27:23,15.8,200.2,236.0,0.6,110.0,241.5
2019-09-09T07:27:54,15.8,222.7,256.1,0.5,110.0,242.5
2019-09-09T07:28:25,15.8,223.2,233.0,0.6,110.0,242.5
2019-09-09T07:28:56,15.8,219.7,223.6,0.6,110.0,242.5
2019-09-09T07:29:27,16.2,218.5,235.4,0.6,110.0,241.5
2019-09-09T07:29:58,16.2,198.4,250.8,0.7,120.0,243.5
2019-09-09T07:30:29,16.2,211.4,228.9,0.6,120.0,243.5
2019-09-09T07:31:02,16.2,229.7,218.8,0.6,120.0,243.5
2019-09-09T07:31:33,16.5,206.7,241.9,0.7,120.0,243.5
2019-09-09T07:32:04,16.5,215.0,246.1,0.6,130.0,243.5
2019-09-09T07:32:35,16.5,222.7,224.8,0.7,130.0,242.5
2019-09-09T07:33:06,16.5,202.6,225.9,0.7,130.0,243.5
2019-09-09T07:33:37,16.5,209.7,249.0,0.6,130.0,245.4
2019-09-09T07:34:08,16.5,230.3,235.4,0.6,130.0,242.5
2019-09-09T07:34:39,16.9,209.7,223.0,0.7,140.0,243.5
2019-09-09T07:35:10,16.9,196.7,246.6,0.8,140.0,244.4
2019-09-09T07:35:41,16.9,220.3,234.8,0.7,140.0,245.4
2019-09-09T07:36:13,16.9,221.5,237.2,0.7,140.0,243.5
2019-09-09T07:36:44,16.9,201.4,252.0,0.7,150.0,243.5
2019-09-09T07:37:15,17.3,213.8,235.4,0.7,150.0,242.5
2019-09-09T07:37:46,17.3,225.6,248.4,0.7,150.0,243.5
2019-09-09T07:38:17,17.3,216.7,241.3,0.7,150.0,244.4
2019-09-09T07:38:48,17.3,201.4,241.9,0.9,160.0,244.4
2019-09-09T07:39:19,17.3,222.7,246.1,0.7,160.0,245.4
2019-09-09T07:39:50,17.3,216.7,234.8,0.8,160.0,243.5
2019-09-09T07:40:21,17.6,230.3,253.2,0.7,170.0,243.5
2019-09-09T07:40:53,17.6,226.2,253.2,0.8,170.0,244.4
2019-09-09T07:41:24,17.6,233.3,249.0,0.7,170.0,243.5
2019-09-09T07:41:55,17.6,209.7,244.3,0.8,170.0,242.5
2019-09-09T07:42:26,17.6,219.1,243.7,0.9,180.0,241.5
2019-09-09T07:42:57,17.6,221.5,248.4,0.8,180.0,242.5
2019-09-09T07:43:28,18.0,201.4,241.3,0.9,180.0,242.5
2019-09-09T07:43:59,18.0,220.9,243.7,0.9,190.0,243.5
2019-09-09T07:44:30,18.0,219.7,239.0,0.9,190.0,244.4
2019-09-09T07:45:01,18.0,207.3,244.3,1.0,190.0,245.4
2019-09-09T07:45:33,18.4,229.7,243.7,0.8,200.0,243.5
2019-09-09T07:46:04,18.0,212.0,233.0,0.9,200.0,244.4
2019-09-09T07:46:35,18.4,206.1,254.9,1.0,200.0,245.4
2019-09-09T07:47:06,18.4,228.0,234.2,0.9,210.0,244.4
2019-09-09T07:47:37,18.4,212.6,251.4,1.0,210.0,243.5
2019-09-09T07:48:08,18.4,217.3,236.6,1.0,210.0,243.5
2019-09-09T07:48:39,18.4,226.2,252.0,0.9,220.0,246.4
2019-09-09T07:49:10,18.7,204.9,234.8,1.1,220.0,245.4
2019-09-09T07:49:41,18.7,217.3,254.3,1.0,220.0,245.4
2019-09-09T07:50:12,18.4,226.2,244.9,1.0,230.0,245.4
2019-09-09T07:50:45,18.4,203.7,241.9,1.0,230.0,245.4
2019-09-09T07:51:16,18.4,225.6,244.3,1.0,240.0,248.3
2019-09-09T07:51:47,18.7,218.5,243.7,1.0,240.0,245.4
2019-09-09T07:52:18,18.7,216.2,250.2,1.1,240.0,246.4
2019-09-09T07:52:49,18.7,228.6,239.5,1.1,250.0,245.4
2019-09-09T07:53:20,19.1,212.6,251.4,1.1,250.0,245.4
2019-09-09T07:53:51,19.1,207.9,236.6,1.1,260.0,248.3
2019-09-09T07:54:22,19.1,230.3,252.0,1.1,260.0,245.4
2019-09-09T07:54:53,18.7,231.5,235.4,1.0,260.0,244.4
2019-09-09T07:55:24,19.1,213.2,253.7,1.2,270.0,244.4
2019-09-09T07:55:56,19.1,216.2,234.2,1.1,270.0,247.3
2019-09-09T07:56:27,19.1,230.3,254.9,1.1,280.0,246.4
2019-09-09T07:56:58,19.1,232.7,239.5,1.0,280.0,245.4
2019-09-09T07:57:29,19.1,212.0,246.6,1.3,290.0,245.4
2019-09-09T07:58:00,19.1,217.9,244.3,1.1,290.0,246.4
2019-09-09T07:58:31,19.1,208.5,253.2,1.3,300.0,245.4
2019-09-09T07:59:02,19.1,215.6,244.3,1.3,300.0,245.4
2019-09-09T07:59:33,19.1,215.0,250.2,1.2,300.0,246.4
2019-09-09T08:00:04,19.1,212.6,246.6,1.3,310.0,245.4
2019-09-09T08:00:36,19.1,232.7,241.9,1.2,310.0,245.4
2019-09-09T08:01:07,19.5,229.2,247.8,1.2,320.0,244.4
2019-09-09T08:01:38,19.1,218.5,240.1,1.3,320.0,245.4
2019-09-09T08:02:09,19.5,220.3,244.3,1.2,330.0,246.4
2019-09-09T08:02:40,19.5,209.7,244.3,1.2,330.0,245.4
2019-09-09T08:03:11,19.5,221.5,243.7,1.2,340.0,246.4
2019-09-09T08:03:42,19.5,221.5,243.7,1.3,340.0,246.4
2019-09-09T08:04:13,19.5,197.8,243.1,1.4,350.0,245.4
2019-09-09T08:04:44,19.5,219.7,247.2,1.4,350.0,245.4
2019-09-09T08:05:15,19.5,217.3,253.2,1.4,360.0,244.4
2019-09-09T08:05:47,19.8,221.5,254.3,1.4,370.0,246.4
2019-09-09T08:06:18,19.8,222.1,246.1,1.3,370.0,246.4
2019-09-09T08:06:49,19.8,222.1,241.9,1.2,380.0,246.4
2019-09-09T08:07:20,19.8,222.1,253.2,1.3,380.0,245.4
2019-09-09T08:07:51,19.8,199.6,248.4,1.6,390.0,246.4
2019-09-09T08:08:22,19.8,214.4,240.1,1.3,390.0,245.4
2019-09-09T08:08:53,19.8,197.8,241.9,1.4,400.0,246.4
2019-09-09T08:09:24,20.2,195.5,252.0,1.5,400.0,247.3
2019-09-09T08:09:55,20.2,196.7,240.1,1.6,410.0,246.4
2019-09-09T08:10:26,20.2,197.3,246.1,1.5,410.0,246.4
2019-09-09T08:10:59,20.2,203.7,249.6,1.5,420.0,245.4
2019-09-09T08:11:30,20.2,196.7,239.5,1.6,430.0,245.4
2019-09-09T08:12:01,20.6,196.7,244.3,1.6,430.0,245.4
2019-09-09T08:12:32,20.2,203.7,252.0,1.6,440.0,246.4
2019-09-09T08:13:03,20.2,207.3,248.4,1.5,440.0,246.4
2019-09-09T08:13:34,20.6,210.2,237.8,1.5,450.0,247.3
2019-09-09T08:14:05,20.6,204.9,247.8,1.6,460.0,246.4
2019-09-09T08:14:36,20.6,220.3,246.1,1.5,460.0,246.4
2019-09-09T08:15:07,20.9,220.3,237.8,1.5,470.0,246.4
2019-09-09T08:15:39,20.9,213.2,244.3,1.7,480.0,246.4
2019-09-09T08:16:10,20.9,220.9,252.0,1.7,480.0,247.3
2019-09-09T08:16:41,21.3,216.7,244.9,1.6,490.0,248.3
2019-09-09T08:17:12,21.3,216.7,237.2,1.6,500.0,247.3
2019-09-09T08:17:43,21.3,213.8,250.8,1.7,500.0,245.4
2019-09-09T08:18:14,21.7,206.1,249.0,1.6,510.0,248.3
2019-09-09T08:18:45,21.7,200.8,236.0,1.8,520.0,247.3
2019-09-09T08:19:16,21.3,206.7,243.1,1.6,520.0,247.3
2019-09-09T08:19:47,21.3,212.6,250.2,1.8,530.0,247.3
2019-09-09T08:20:18,21.3,212.6,243.7,1.8,540.0,247.3
2019-09-09T08:20:49,21.3,217.9,240.1,1.8,540.0,247.3
2019-09-09T08:21:21,21.3,202.0,246.1,2.0,550.0,245.4
2019-09-09T08:21:52,21.3,203.7,245.5,2.0,560.0,247.3
2019-09-09T08:22:23,21.3,212.6,235.4,1.9,560.0,246.4
2019-09-09T08:22:54,21.7,228.6,240.1,1.9,570.0,246.4
2019-09-09T08:23:25,21.7,231.5,247.2,1.9,580.0,247.3
2019-09-09T08:23:56,22.0,222.1,246.1,1.9,590.0,246.4
2019-09-09T08:24:27,22.0,229.2,237.8,1.9,590.0,247.3
2019-09-09T08:24:58,22.0,228.6,238.4,1.9,600.0,247.3
2019-09-09T08:25:29,22.0,225.0,246.1,2.0,610.0,248.3
2019-09-09T08:26:00,22.0,223.2,250.2,1.9,620.0,246.4
2019-09-09T08:26:31,22.4,229.7,244.3,1.9,630.0,246.4
2019-09-09T08:27:02,22.4,226.8,235.4,1.9,630.0,245.4
2019-09-09T08:27:33,22.4,225.6,247.8,2.0,640.0,247.3
2019-09-09T08:28:04,22.4,227.4,248.4,2.0,650.0,245.4
2019-09-09T08:28:35,22.4,230.9,249.0,2.0,660.0,246.4
2019-09-09T08:29:06,22.4,227.4,240.7,2.0,670.0,247.3
2019-09-09T08:29:37,22.4,226.8,237.2,2.1,680.0,246.4
2019-09-09T08:30:08,22.4,223.2,238.4,2.1,680.0,247.3
2019-09-09T08:30:40,22.4,232.1,246.1,1.9,690.0,246.4
2019-09-09T08:31:11,22.4,223.2,247.8,2.0,700.0,247.3
2019-09-09T08:31:42,22.8,230.3,241.9,2.0,710.0,246.4
2019-09-09T08:32:13,22.8,225.0,242.5,2.1,720.0,245.4
2019-09-09T08:32:44,23.1,223.2,244.9,2.2,730.0,245.4
2019-09-09T08:33:15,23.1,227.4,244.9,2.1,740.0,246.4
2019-09-09T08:33:46,23.1,230.3,250.2,2.2,740.0,245.4
2019-09-09T08:34:17,23.1,224.4,242.5,2.2,750.0,246.4
2019-09-09T08:34:48,23.1,226.2,234.8,2.2,760.0,246.4
2019-09-09T08:35:19,23.5,232.1,244.9,2.2,770.0,247.3
2019-09-09T08:35:51,23.1,226.2,246.1,2.3,780.0,246.4
2019-09-09T08:36:22,23.1,225.6,238.4,2.3,790.0,246.4
2019-09-09T08:36:53,22.8,228.0,240.7,2.3,800.0,247.3
2019-09-09T08:37:24,23.1,230.3,246.1,2.2,810.0,247.3
2019-09-09T08:37:55,23.1,227.4,246.1,2.3,820.0,247.3
2019-09-09T08:38:26,23.1,226.2,241.9,2.3,830.0,246.4
2019-09-09T08:38:57,23.1,222.1,234.8,2.4,840.0,246.4
2019-09-09T08:39:28,23.5,226.8,240.7,2.3,850.0,247.3
2019-09-09T08:39:59,23.5,225.6,250.2,2.3,860.0,246.4
2019-09-09T08:40:30,23.5,230.3,240.1,2.3,870.0,246.4
2019-09-09T08:41:02,23.9,224.4,239.5,2.4,880.0,245.4
2019-09-09T08:41:33,23.9,230.3,241.3,2.3,890.0,246.4
2019-09-09T08:42:04,23.9,223.2,244.9,2.5,900.0,246.4
2019-09-09T08:42:35,23.9,231.5,244.9,2.4,910.0,246.4
2019-09-09T08:43:06,23.9,231.5,248.4,2.4,920.0,246.4
2019-09-09T08:43:37,23.5,225.6,246.1,2.4,930.0,246.4
2019-09-09T08:44:08,23.5,226.2,243.7,2.6,940.0,245.4
2019-09-09T08:44:39,23.5,230.3,243.7,2.4,950.0,246.4
2019-09-09T08:45:10,23.1,227.4,244.3,2.5,960.0,247.3
2019-09-09T08:45:42,23.1,228.6,247.2,2.5,970.0,246.4
2019-09-09T08:46:14,23.5,225.0,240.1,2.5,980.0,246.4
2019-09-09T08:46:45,23.5,224.4,251.4,2.7,990.0,246.4
2019-09-09T08:47:16,23.9,225.6,241.3,2.7,1000.0,248.3
2019-09-09T08:47:47,23.9,223.8,236.6,2.7,1010.0,247.3
2019-09-09T08:48:18,23.9,228.0,244.9,2.7,1020.0,247.3
2019-09-09T08:48:49,24.2,228.0,249.0,2.6,1030.0,248.3
2019-09-09T08:49:20,24.2,225.6,244.9,2.8,1040.0,250.2
2019-09-09T08:49:51,24.6,229.7,236.0,2.7,1050.0,250.2
2019-09-09T08:50:22,24.6,228.6,235.4,2.6,1060.0,250.2
2019-09-09T08:50:53,24.6,225.6,241.3,2.8,1080.0,250.2
2019-09-09T08:51:25,24.2,225.0,234.8,2.8,1090.0,249.3
2019-09-09T08:51:56,24.2,228.0,239.5,2.9,1100.0,249.3
2019-09-09T08:52:27,23.9,229.2,246.1,2.7,1110.0,250.2
2019-09-09T08:52:58,23.9,230.3,247.2,2.7,1120.0,249.3
2019-09-09T08:53:29,24.2,228.6,236.6,2.8,1130.0,250.2
2019-09-09T08:54:00,24.2,226.2,237.2,2.9,1140.0,250.2
2019-09-09T08:54:31,24.2,229.7,244.3,2.7,1150.0,250.2
2019-09-09T08:55:02,24.2,230.3,247.2,2.7,1170.0,249.3
2019-09-09T08:55:33,24.6,229.2,239.5,2.9,1180.0,249.3
2019-09-09T08:56:05,24.6,228.6,246.1,3.0,1190.0,250.2
2019-09-09T08:56:36,24.6,228.0,241.9,2.9,1200.0,250.2
2019-09-09T08:57:07,25.0,227.4,238.4,3.0,1210.0,249.3
2019-09-09T08:57:38,25.3,224.4,234.8,3.0,1220.0,249.3
2019-09-09T08:58:09,25.3,224.4,242.5,3.0,1240.0,249.3
2019-09-09T08:58:40,25.0,224.4,244.9,3.0,1250.0,251.2
2019-09-09T08:59:11,25.0,229.2,239.0,2.9,1260.0,249.3
2019-09-09T08:59:42,25.0,227.4,233.6,3.0,1270.0,250.2
2019-09-09T09:00:13,25.0,226.8,239.5,3.0,1280.0,249.3
2019-09-09T09:00:45,25.3,223.2,248.4,3.1,1300.0,248.3
2019-09-09T09:01:16,25.7,225.6,242.5,3.1,1310.0,250.2
2019-09-09T09:01:47,25.7,225.6,233.0,3.2,1320.0,250.2
2019-09-09T09:02:18,25.7,228.0,243.1,3.1,1330.0,249.3
2019-09-09T09:02:49,26.1,222.1,241.9,3.2,1350.0,251.2
2019-09-09T09:03:20,26.1,224.4,245.5,3.1,1360.0,249.3
2019-09-09T09:03:51,26.1,222.1,240.1,3.2,1370.0,250.2
2019-09-09T09:04:22,25.7,224.4,241.3,3.2,1380.0,250.2
2019-09-09T09:04:53,25.7,227.4,236.0,3.1,1400.0,249.3
2019-09-09T09:05:24,25.7,225.6,238.4,3.1,1410.0,250.2
2019-09-09T09:05:56,25.7,226.8,246.6,3.1,1420.0,250.2
2019-09-09T09:06:28,25.7,223.8,239.5,3.3,1440.0,250.2
2019-09-09T09:06:59,26.1,227.4,240.1,3.2,1450.0,250.2
2019-09-09T09:07:30,25.7,224.4,233.0,3.4,1460.0,248.3
2019-09-09T09:08:01,25.7,224.4,240.1,3.2,1480.0,250.2
2019-09-09T09:08:32,26.1,223.2,246.1,3.3,1490.0,251.2
2019-09-09T09:09:03,26.1,224.4,241.3,3.3,1500.0,249.3
2019-09-09T09:09:34,26.1,221.5,238.4,3.4,1510.0,250.2
2019-09-09T09:10:05,25.7,224.4,230.7,3.3,1530.0,251.2
2019-09-09T09:10:37,25.7,226.8,236.6,3.3,1540.0,251.2
2019-09-09T09:11:08,25.7,228.0,246.1,3.3,1560.0,250.2
2019-09-09T09:11:39,25.7,222.7,241.3,3.3,1570.0,250.2
2019-09-09T09:12:10,25.3,224.4,236.6,3.3,1580.0,250.2
2019-09-09T09:12:41,25.7,223.8,241.3,3.5,1600.0,249.3
2019-09-09T09:13:12,25.7,226.2,237.8,3.4,1610.0,248.3
2019-09-09T09:13:43,26.1,227.4,233.0,3.5,1620.0,250.2
2019-09-09T09:14:14,26.1,223.8,237.8,3.6,1640.0,251.2
2019-09-09T09:14:45,26.1,226.8,244.3,3.4,1650.0,251.2
2019-09-09T09:15:16,26.4,222.7,237.2,3.6,1670.0,250.2
2019-09-09T09:15:48,26.4,223.2,232.4,3.6,1680.0,250.2
2019-09-09T09:16:19,26.4,224.4,233.6,3.6,1690.0,250.2
2019-09-09T09:16:50,26.4,221.5,238.4,3.7,1710.0,248.3
2019-09-09T09:17:21,26.4,226.2,243.7,3.5,1720.0,250.2
2019-09-09T09:17:52,26.8,221.5,234.2,3.7,1740.0,249.3
2019-09-09T09:18:23,26.8,222.7,235.4,3.7,1750.0,249.3
2019-09-09T09:18:54,26.8,226.8,242.5,3.6,1770.0,250.2
2019-09-09T09:19:25,27.2,226.8,243.1,3.7,1780.0,252.2
2019-09-09T09:19:56,27.2,223.2,238.4,3.7,1790.0,250.2
2019-09-09T09:20:27,27.2,222.7,235.4,3.7,1810.0,251.2
2019-09-09T09:20:59,27.5,226.2,232.4,3.7,1820.0,250.2
2019-09-09T09:21:30,27.5,220.9,239.5,3.7,1840.0,250.2
2019-09-09T09:22:01,27.5,222.1,244.3,3.8,1850.0,250.2
2019-09-09T09:22:32,27.9,220.9,241.9,3.7,1870.0,251.2
2019-09-09T09:23:03,27.9,222.1,237.2,3.7,1880.0,250.2
2019-09-09T09:23:34,28.3,225.6,240.7,3.7,1900.0,250.2
2019-09-09T09:24:05,27.9,225.6,237.2,3.7,1910.0,251.2
2019-09-09T09:24:36,27.9,223.8,241.9,3.9,1930.0,250.2
2019-09-09T09:25:07,27.5,227.4,237.8,3.7,1940.0,250.2
2019-09-09T09:25:39,27.5,227.4,239.0,3.7,1960.0,251.2
2019-09-09T09:26:10,27.5,222.1,242.5,3.9,1970.0,250.2
2019-09-09T09:26:41,27.5,223.8,239.0,3.9,1990.0,251.2
2019-09-09T09:27:12,27.5,226.2,235.4,3.9,2000.0,251.2
2019-09-09T09:27:43,26.8,226.2,233.0,3.9,2020.0,250.2
2019-09-09T09:28:14,26.8,223.8,236.6,4.0,2040.0,252.2
2019-09-09T09:28:45,26.4,220.9,245.5,4.0,2050.0,251.2
2019-09-09T09:29:16,26.8,222.7,240.1,3.9,2070.0,250.2
2019-09-09T09:29:47,26.8,223.2,233.0,3.9,2080.0,251.2
2019-09-09T09:30:18,26.8,223.8,236.0,4.1,2100.0,251.2
2019-09-09T09:30:50,26.8,222.1,233.0,4.1,2110.0,251.2
2019-09-09T09:31:21,27.2,221.5,239.0,4.1,2130.0,250.2
2019-09-09T09:31:52,27.2,220.9,242.5,4.0,2150.0,251.2
2019-09-09T09:32:23,27.2,220.9,240.1,4.0,2160.0,251.2
2019-09-09T09:32:54,27.5,224.4,232.4,4.0,2180.0,250.2
2019-09-09T09:33:25,27.9,223.8,231.9,4.0,2190.0,251.2
2019-09-09T09:33:56,28.3,220.3,236.0,4.2,2210.0,250.2
2019-09-09T09:34:27,28.3,221.5,242.5,4.1,2230.0,251.2
2019-09-09T09:34:58,28.3,223.2,236.6,4.0,2240.0,251.2
2019-09-09T09:35:29,28.6,221.5,230.7,4.1,2260.0,251.2
2019-09-09T09:36:00,29.0,224.4,236.0,4.1,2270.0,251.2
2019-09-09T09:36:31,29.0,223.8,241.9,4.1,2290.0,251.2
2019-09-09T09:37:02,29.0,220.9,241.3,4.2,2310.0,251.2
2019-09-09T09:37:33,29.4,219.1,239.5,4.3,2320.0,252.2
2019-09-09T09:38:04,29.4,222.7,235.4,4.2,2340.0,250.2
2019-09-09T09:38:36,29.4,220.3,228.9,4.3,2360.0,251.2
2019-09-09T09:39:07,29.4,222.1,234.2,4.3,2370.0,251.2
2019-09-09T09:39:38,28.6,217.9,241.9,4.2,2390.0,249.3
2019-09-09T09:40:09,28.3,217.9,238.4,4.4,2410.0,249.3
2019-09-09T09:40:40,27.9,218.5,233.6,4.4,2420.0,250.2
2019-09-09T09:41:11,28.3,217.3,236.0,4.3,2440.0,250.2
2019-09-09T09:41:42,28.3,222.7,234.2,4.1,2460.0,250.2
2019-09-09T09:42:13,27.9,225.0,228.9,4.1,2470.0,251.2
2019-09-09T09:42:44,28.3,220.9,230.7,4.3,2490.0,251.2
2019-09-09T09:43:15,28.3,223.2,231.9,4.2,2510.0,251.2
2019-09-09T09:43:46,28.6,218.5,232.4,4.5,2520.0,251.2
2019-09-09T09:44:17,29.0,220.3,233.0,4.5,2540.0,251.2
2019-09-09T09:44:48,29.4,222.7,234.8,4.3,2560.0,251.2
2019-09-09T09:45:19,29.0,218.5,228.9,4.5,2570.0,250.2
2019-09-09T09:45:51,29.4,220.3,232.4,4.4,2590.0,251.2
2019-09-09T09:46:22,29.7,219.7,229.5,4.4,2610.0,250.2
2019-09-09T09:46:53,29.7,222.7,231.9,4.4,2630.0,249.3
2019-09-09T09:47:24,30.1,222.7,237.8,4.3,2640.0,249.3
2019-09-09T09:47:55,30.1,217.3,237.2,4.6,2660.0,249.3
2019-09-09T09:48:26,30.2,219.1,228.9,4.5,2680.0,250.2
2019-09-09T09:48:57,30.2,216.7,231.9,4.6,2700.0,251.2
2019-09-09T09:49:28,30.3,221.5,240.1,4.5,2710.0,250.2
2019-09-09T09:49:59,30.3,222.7,240.1,4.5,2730.0,250.2
2019-09-09T09:50:30,30.4,221.5,240.7,4.6,2750.0,251.2
2019-09-09T09:51:02,30.4,222.1,237.2,4.6,2770.0,250.2
2019-09-09T09:51:33,30.4,220.9,225.4,4.6,2780.0,250.2
2019-09-09T09:52:04,30.4,217.3,229.5,4.6,2800.0,249.3
2019-09-09T09:52:35,30.4,217.3,236.0,4.7,2820.0,250.2
2019-09-09T09:53:06,30.5,216.2,231.3,4.6,2840.0,251.2
2019-09-09T09:53:37,30.5,219.7,231.9,4.8,2850.0,251.2
2019-09-09T09:54:08,30.5,220.3,233.0,4.7,2870.0,251.2
2019-09-09T09:54:39,30.5,218.5,237.2,4.7,2890.0,252.2
2019-09-09T09:55:10,30.7,219.7,232.4,4.7,2910.0,252.2
2019-09-09T09:55:41,30.5,219.7,236.0,4.7,2930.0,252.2
2019-09-09T09:56:13,30.4,219.1,228.9,4.8,2950.0,251.2
2019-09-09T09:56:44,30.4,217.3,234.2,4.7,2960.0,252.2
2019-09-09T09:57:15,30.5,218.5,231.3,4.9,2980.0,252.2
2019-09-09T09:57:46,30.7,216.2,228.3,4.9,3000.0,250.2
2019-09-09T09:58:17,30.7,218.5,227.7,4.9,3020.0,251.2
2019-09-09T09:58:48,30.8,216.7,232.4,4.8,3040.0,251.2
2019-09-09T09:59:19,30.9,220.3,228.3,4.8,3060.0,249.3
2019-09-09T09:59:50,30.9,217.3,236.0,4.8,3070.0,250.2
2019-09-09T10:00:21,30.9,217.3,230.1,4.9,3090.0,249.3
2019-09-09T10:00:52,30.9,217.9,226.5,4.9,3110.0,250.2
2019-09-09T10:01:24,30.8,215.0,230.7,4.9,3130.0,249.3
2019-09-09T10:01:55,30.8,217.3,228.9,4.9,3150.0,247.3
2019-09-09T10:02:26,30.8,220.9,234.2,4.9,3170.0,248.3
2019-09-09T10:02:57,30.7,216.7,240.7,5.0,3190.0,249.3
2019-09-09T10:03:28,30.7,219.7,239.0,4.9,3210.0,249.3
2019-09-09T10:03:59,30.8,221.5,239.0,4.9,3220.0,247.3
2019-09-09T10:04:30,30.7,216.2,234.8,5.0,3240.0,248.3
2019-09-09T10:05:01,30.4,219.7,231.3,4.9,3260.0,249.3
2019-09-09T10:05:32,30.4,216.7,228.3,5.1,3280.0,248.3
2019-09-09T10:06:03,30.3,222.7,234.2,4.9,3300.0,249.3
2019-09-09T10:06:34,30.4,219.7,234.2,5.0,3320.0,248.3
2019-09-09T10:07:05,30.3,217.3,237.2,5.1,3340.0,248.3
2019-09-09T10:07:36,30.3,218.5,236.0,5.0,3360.0,248.3
2019-09-09T10:08:07,30.4,220.3,228.9,5.1,3380.0,248.3
2019-09-09T10:08:38,30.4,216.7,233.6,5.1,3400.0,249.3
2019-09-09T10:09:09,30.5,217.9,236.0,5.1,3420.0,249.3
2019-09-09T10:09:41,30.5,220.3,240.1,5.0,3440.0,248.3
2019-09-09T10:10:12,30.7,220.3,237.2,5.0,3460.0,248.3
2019-09-09T10:10:43,30.7,215.6,229.5,5.1,3480.0,248.3
2019-09-09T10:11:14,30.5,220.3,227.1,5.1,3500.0,249.3
2019-09-09T10:11:45,30.4,220.9,230.7,5.1,3510.0,250.2
2019-09-09T10:12:16,30.3,216.7,231.3,5.3,3530.0,250.2
2019-09-09T10:12:47,30.3,215.0,231.9,5.3,3550.0,250.2
2019-09-09T10:13:18,30.3,214.4,228.9,5.3,3570.0,249.3
2019-09-09T10:13:49,30.2,219.7,229.5,5.1,3590.0,247.3
2019-09-09T10:14:20,30.1,216.7,225.9,5.3,3610.0,248.3
2019-09-09T10:14:51,30.1,217.3,234.2,5.3,3630.0,249.3
2019-09-09T10:15:22,29.7,217.3,233.6,5.2,3650.0,250.2
2019-09-09T10:15:54,30.1,220.9,234.8,5.1,3670.0,249.3
2019-09-09T10:16:26,30.1,215.6,231.9,5.3,3690.0,249.3
2019-09-09T10:16:57,30.2,219.7,233.6,5.2,3710.0,249.3
2019-09-09T10:17:28,30.4,216.2,225.9,5.3,3730.0,250.2
2019-09-09T10:17:59,30.5,217.3,236.0,5.3,3750.0,249.3
2019-09-09T10:18:30,30.4,216.2,233.6,5.3,3770.0,250.2
2019-09-09T10:19:01,30.3,219.1,239.0,5.3,3790.0,250.2
2019-09-09T10:19:32,30.3,219.7,237.2,5.3,3820.0,250.2
2019-09-09T10:20:03,30.3,216.2,234.2,5.5,3840.0,249.3
2019-09-09T10:20:34,30.3,218.5,237.2,5.4,3860.0,250.2
2019-09-09T10:21:06,30.2,216.2,237.8,5.5,3880.0,249.3
2019-09-09T10:21:37,30.2,218.5,235.4,5.4,3900.0,249.3
2019-09-09T10:22:08,30.2,216.2,235.4,5.5,3920.0,250.2
2019-09-09T10:22:39,29.7,215.6,233.6,5.5,3940.0,250.2
2019-09-09T10:23:10,29.7,219.7,234.2,5.3,3960.0,251.2
2019-09-09T10:23:41,29.4,220.3,231.3,5.3,3980.0,250.2
2019-09-09T10:24:12,29.7,220.3,237.8,5.3,4000.0,249.3
2019-09-09T10:24:43,30.1,217.3,228.9,5.5,4020.0,251.2
2019-09-09T10:25:14,30.2,214.4,230.7,5.6,4040.0,250.2
2019-09-09T10:25:45,30.1,213.2,230.1,5.5,4060.0,250.2
2019-09-09T10:26:17,29.7,218.5,233.0,5.6,4080.0,250.2
2019-09-09T10:26:48,29.7,216.7,226.5,5.5,4100.0,250.2
2019-09-09T10:27:19,30.2,217.9,228.9,5.5,4130.0,249.3
2019-09-09T10:27:50,30.3,214.4,229.5,5.6,4150.0,251.2
2019-09-09T10:28:21,30.4,213.2,234.2,5.7,4170.0,250.2
2019-09-09T10:28:52,30.5,216.7,233.0,5.5,4190.0,249.3
2019-09-09T10:29:23,30.4,217.9,234.2,5.6,4210.0,249.3
2019-09-09T10:29:54,30.3,219.7,235.4,5.4,4230.0,249.3
2019-09-09T10:30:25,30.3,213.8,230.1,5.6,4250.0,248.3
2019-09-09T10:30:56,30.4,216.7,236.6,5.6,4270.0,250.2
2019-09-09T10:31:29,30.5,217.3,234.2,5.6,4290.0,249.3
2019-09-09T10:32:00,30.4,216.2,231.3,5.7,4320.0,248.3
2019-09-09T10:32:31,30.4,214.4,227.1,5.7,4340.0,249.3
2019-09-09T10:33:02,30.4,217.9,232.4,5.6,4360.0,250.2
2019-09-09T10:33:33,30.4,214.4,237.2,5.7,4380.0,249.3
2019-09-09T10:34:04,30.4,212.0,229.5,5.8,4400.0,249.3
2019-09-09T10:34:35,30.4,216.2,221.2,5.7,4420.0,249.3
2019-09-09T10:35:06,30.4,216.2,230.1,5.7,4440.0,250.2
2019-09-09T10:35:37,30.3,213.2,225.9,5.8,4460.0,248.3
2019-09-09T10:36:09,30.3,215.6,225.9,5.6,4490.0,250.2
2019-09-09T10:36:40,30.4,216.2,224.8,5.8,4510.0,250.2
2019-09-09T10:37:11,30.5,212.6,223.6,5.7,4530.0,250.2
2019-09-09T10:37:42,30.7,212.0,224.2,5.8,4550.0,250.2
2019-09-09T10:38:13,30.7,214.4,223.0,5.8,4570.0,251.2
2019-09-09T10:38:44,30.7,210.2,224.8,5.8,4590.0,251.2
2019-09-09T10:39:15,30.5,215.0,234.8,5.8,4610.0,251.2
2019-09-09T10:39:46,30.8,215.0,230.7,5.7,4640.0,250.2
2019-09-09T10:40:17,30.9,211.4,225.9,5.8,4660.0,250.2
2019-09-09T10:40:48,30.9,209.7,220.6,5.8,4680.0,250.2
2019-09-09T10:41:19,31.1,213.2,230.7,5.9,4700.0,250.2
2019-09-09T10:41:50,31.2,210.2,230.1,5.8,4720.0,250.2
2019-09-09T10:42:21,31.2,215.0,227.7,5.9,4740.0,250.2
2019-09-09T10:42:52,31.0,211.4,231.3,6.0,4770.0,250.2
2019-09-09T10:43:23,30.9,212.6,226.5,6.0,4790.0,250.2
2019-09-09T10:43:54,30.9,215.6,232.4,5.8,4810.0,249.3
2019-09-09T10:44:25,31.0,212.6,229.5,5.9,4830.0,250.2
2019-09-09T10:44:56,31.1,211.4,232.4,5.9,4850.0,249.3
2019-09-09T10:45:28,31.1,211.4,235.4,6.0,4880.0,249.3
2019-09-09T10:45:59,31.2,215.6,234.8,5.9,4900.0,251.2
2019-09-09T10:46:30,31.4,212.0,231.3,6.0,4920.0,250.2
2019-09-09T10:47:01,31.1,216.2,234.2,5.9,4940.0,249.3
2019-09-09T10:47:32,30.9,214.4,234.2,6.1,4960.0,252.2
2019-09-09T10:48:03,31.0,216.2,230.7,5.9,4990.0,251.2
2019-09-09T10:48:34,31.0,216.2,233.6,6.0,5010.0,250.2
2019-09-09T10:49:05,31.2,212.6,233.6,6.0,5030.0,250.2
2019-09-09T10:49:36,31.1,210.2,225.9,6.1,5050.0,251.2
2019-09-09T10:50:07,31.0,216.7,225.4,6.0,5080.0,249.3
2019-09-09T10:50:39,31.1,214.4,225.9,6.0,5100.0,251.2
2019-09-09T10:51:11,31.0,213.2,227.1,6.2,5120.0,251.2
2019-09-09T10:51:42,30.9,215.6,225.9,6.1,5140.0,250.2
2019-09-09T10:52:13,30.8,213.2,233.0,6.2,5170.0,251.2
2019-09-09T10:52:44,30.9,216.7,230.7,6.0,5190.0,251.2
2019-09-09T10:53:15,31.0,218.5,225.9,6.0,5210.0,249.3
2019-09-09T10:53:46,31.1,215.0,224.2,6.1,5240.0,249.3
2019-09-09T10:54:17,31.4,214.4,233.0,6.2,5260.0,249.3
2019-09-09T10:54:48,31.4,216.2,227.1,6.0,5280.0,249.3
2019-09-09T10:55:19,31.4,214.4,226.5,6.2,5300.0,249.3
2019-09-09T10:55:51,31.5,212.0,228.9,6.3,5330.0,249.3
2019-09-09T10:56:23,31.5,215.6,230.1,6.1,5350.0,249.3
2019-09-09T10:56:54,31.4,210.2,231.9,6.2,5370.0,250.2
2019-09-09T10:57:25,31.5,215.0,224.8,6.1,5400.0,250.2
2019-09-09T10:57:56,31.6,212.6,225.9,6.1,5420.0,250.2
2019-09-09T10:58:27,31.6,213.2,225.4,6.1,5440.0,250.2
2019-09-09T10:58:58,31.5,212.0,230.1,6.3,5460.0,249.3
2019-09-09T10:59:29,31.4,212.6,224.8,6.3,5490.0,252.2
2019-09-09T11:00:00,31.1,213.8,227.1,6.3,5510.0,252.2
2019-09-09T11:00:32,31.1,215.0,220.0,6.1,5530.0,252.2
2019-09-09T11:01:03,31.1,208.5,223.6,6.3,5560.0,252.2
2019-09-09T11:01:34,31.2,213.8,223.0,6.2,5580.0,252.2
2019-09-09T11:02:05,31.4,209.7,229.5,6.4,5600.0,251.2
2019-09-09T11:02:36,31.5,212.0,231.9,6.3,5630.0,251.2
2019-09-09T11:03:07,31.4,212.6,229.5,6.3,5650.0,250.2
2019-09-09T11:03:38,31.5,215.0,228.9,6.1,5670.0,252.2
2019-09-09T11:04:09,31.6,212.6,224.2,6.2,5690.0,251.2
2019-09-09T11:04:40,31.5,209.7,224.2,6.3,5720.0,251.2
2019-09-09T11:05:11,31.2,216.2,229.5,6.3,5740.0,251.2
2019-09-09T11:05:43,31.1,212.6,225.4,6.4,5760.0,251.2
2019-09-09T11:06:14,31.4,213.8,227.7,6.2,5790.0,251.2
2019-09-09T11:06:45,31.4,210.2,227.1,6.4,5810.0,251.2
2019-09-09T11:07:16,31.5,215.6,231.9,6.3,5830.0,251.2
2019-09-09T11:07:47,31.2,215.0,234.2,6.2,5860.0,250.2
2019-09-09T11:08:18,31.2,211.4,229.5,6.5,5880.0,251.2
2019-09-09T11:08:49,31.2,214.4,232.4,6.3,5910.0,252.2
2019-09-09T11:09:20,31.1,215.0,228.3,6.4,5930.0,250.2
2019-09-09T11:09:51,31.0,211.4,224.8,6.4,5950.0,250.2
2019-09-09T11:10:22,30.9,212.0,227.1,6.4,5980.0,250.2
2019-09-09T11:10:54,31.0,211.4,221.8,6.5,6000.0,250.2
2019-09-09T11:11:25,31.1,211.4,221.8,6.5,6020.0,251.2
2019-09-09T11:11:56,31.2,212.6,226.5,6.5,6050.0,251.2
2019-09-09T11:12:27,31.5,211.4,231.3,6.4,6070.0,250.2
2019-09-09T11:12:58,31.6,209.7,228.3,6.5,6090.0,250.2
2019-09-09T11:13:29,31.7,212.6,227.1,6.4,6120.0,251.2
2019-09-09T11:14:00,31.8,209.1,227.1,6.5,6140.0,250.2
2019-09-09T11:14:31,31.9,210.2,228.3,6.5,6170.0,251.2
2019-09-09T11:15:02,32.0,212.6,228.3,6.6,6190.0,251.2
2019-09-09T11:15:34,32.0,213.2,225.4,6.4,6210.0,251.2
2019-09-09T11:16:05,32.0,212.0,224.2,6.5,6240.0,250.2
2019-09-09T11:16:36,32.2,212.0,225.4,6.4,6260.0,250.2
2019-09-09T11:17:07,32.3,212.6,230.1,6.5,6290.0,251.2
2019-09-09T11:17:38,32.0,210.2,228.9,6.5,6310.0,250.2
2019-09-09T11:18:09,32.2,213.2,224.2,6.4,6330.0,250.2
2019-09-09T11:18:40,32.2,213.2,220.0,6.5,6360.0,250.2
2019-09-09T11:19:11,32.3,209.1,223.0,6.6,6380.0,250.2
2019-09-09T11:19:42,32.3,211.4,223.6,6.7,6410.0,251.2
2019-09-09T11:20:13,31.9,200.8,236.0,6.8,6430.0,250.2
2019-09-09T11:20:45,31.8,201.4,229.5,6.7,6450.0,251.2
2019-09-09T11:21:16,31.7,213.2,231.9,6.6,6480.0,250.2
2019-09-09T11:21:47,31.9,211.4,223.0,5.9,6500.0,250.2
2019-09-09T11:22:18,31.8,203.2,222.4,6.5,6520.0,250.2
2019-09-09T11:22:49,31.8,211.4,224.8,6.7,6550.0,250.2
2019-09-09T11:23:20,31.7,201.4,224.2,6.8,6570.0,250.2
2019-09-09T11:23:51,31.8,203.2,227.1,6.5,6600.0,250.2
2019-09-09T11:24:22,31.9,216.2,225.9,6.4,6620.0,249.3
2019-09-09T11:24:53,31.9,219.7,224.8,6.2,6640.0,250.2
2019-09-09T11:25:24,32.0,209.7,226.5,6.7,6670.0,251.2
2019-09-09T11:25:56,32.0,212.6,233.6,6.8,6690.0,250.2
2019-09-09T11:26:28,32.0,211.4,227.1,6.5,6720.0,250.2
2019-09-09T11:26:59,31.9,201.4,224.8,6.7,6740.0,250.2
2019-09-09T11:27:30,31.8,204.3,227.1,6.5,6770.0,251.2
2019-09-09T11:28:01,31.9,199.6,225.4,6.7,6790.0,250.2
2019-09-09T11:28:32,32.2,207.3,223.6,6.3,6810.0,251.2
2019-09-09T11:29:03,32.2,200.8,221.8,6.7,6840.0,250.2
2019-09-09T11:29:34,32.0,200.2,222.4,7.0,6860.0,250.2
2019-09-09T11:30:05,32.3,200.2,224.8,6.8,6890.0,251.2
2019-09-09T11:30:36,32.3,201.4,224.2,6.9,6910.0,251.2
2019-09-09T11:31:08,32.2,201.4,228.9,7.0,6940.0,251.2
2019-09-09T11:31:39,32.2,203.7,233.6,6.8,6960.0,249.3
2019-09-09T11:32:10,32.2,202.6,233.0,6.7,6980.0,251.2
2019-09-09T11:32:41,32.2,198.4,228.9,6.9,7010.0,250.2
2019-09-09T11:33:12,32.3,202.6,225.9,6.8,7030.0,251.2
2019-09-09T11:33:43,32.4,200.2,223.6,6.8,7060.0,251.2
2019-09-09T11:34:14,32.4,202.6,224.8,6.8,7080.0,251.2
2019-09-09T11:34:45,32.3,197.3,223.0,6.4,7110.0,251.2
2019-09-09T11:35:16,32.3,201.4,221.2,6.8,7130.0,251.2
2019-09-09T11:35:47,32.4,204.9,223.0,6.7,7150.0,251.2
2019-09-09T11:36:19,32.3,200.8,227.7,6.0,7180.0,251.2
2019-09-09T11:36:50,32.2,195.5,224.8,6.8,7200.0,252.2
2019-09-09T11:37:21,31.9,202.6,224.2,6.8,7230.0,251.2
2019-09-09T11:37:52,32.2,202.6,224.2,6.9,7250.0,252.2
2019-09-09T11:38:23,32.3,203.7,221.2,5.7,7280.0,251.2
2019-09-09T11:38:54,32.3,202.6,224.8,6.5,7300.0,250.2
2019-09-09T11:39:25,31.9,187.8,223.0,7.3,7320.0,251.2
2019-09-09T11:39:56,31.9,201.4,228.9,6.9,7350.0,250.2
2019-09-09T11:40:27,32.0,203.2,225.9,6.9,7370.0,251.2
2019-09-09T11:40:58,31.9,202.0,228.9,7.0,7400.0,251.2
2019-09-09T11:41:29,31.8,191.3,222.4,7.0,7420.0,250.2
2019-09-09T11:42:00,31.9,185.4,221.8,7.4,7450.0,250.2
2019-09-09T11:42:31,31.7,185.4,221.2,7.2,7470.0,249.3
2019-09-09T11:43:02,31.7,184.8,222.4,7.4,7490.0,250.2
2019-09-09T11:43:33,31.8,195.5,225.4,6.4,7520.0,251.2
2019-09-09T11:44:04,31.9,199.0,223.6,6.0,7540.0,250.2
2019-09-09T11:44:35,31.9,183.7,230.1,7.4,7570.0,250.2
2019-09-09T11:45:06,31.8,186.6,231.3,7.3,7590.0,251.2
2019-09-09T11:45:39,31.6,190.2,224.2,7.1,7620.0,250.2
2019-09-09T11:46:10,31.6,187.8,233.0,7.2,7640.0,251.2
2019-09-09T11:46:41,31.7,188.4,227.1,7.3,7660.0,251.2
2019-09-09T11:47:12,31.8,184.8,221.2,7.3,7690.0,251.2
2019-09-09T11:47:43,31.9,187.2,226.5,7.3,7710.0,250.2
2019-09-09T11:48:14,32.2,189.0,225.4,7.2,7740.0,251.2
2019-09-09T11:48:46,32.3,187.2,227.1,7.4,7760.0,250.2
2019-09-09T11:49:17,32.4,184.8,231.3,7.4,7790.0,251.2
2019-09-09T11:49:48,32.3,187.2,228.9,7.2,7810.0,251.2
2019-09-09T11:50:19,32.4,185.4,230.1,7.4,7840.0,251.2
2019-09-09T11:50:51,32.2,187.2,227.1,7.4,7860.0,252.2
2019-09-09T11:51:22,32.0,188.4,228.9,7.4,7890.0,251.2
2019-09-09T11:51:53,32.0,187.2,224.8,7.4,7910.0,250.2
2019-09-09T11:52:24,31.9,185.4,223.0,7.4,7940.0,250.2
2019-09-09T11:52:55,32.0,187.2,225.9,7.3,7960.0,251.2
2019-09-09T11:53:26,32.0,184.3,222.4,7.4,7990.0,250.2
2019-09-09T11:53:57,32.0,185.4,224.2,7.4,8010.0,251.2
2019-09-09T11:54:28,32.2,183.7,229.5,7.4,8030.0,251.2
2019-09-09T11:54:59,32.3,187.8,226.5,7.2,8060.0,249.3
2019-09-09T11:55:30,32.3,184.3,223.0,7.5,8080.0,251.2
2019-09-09T11:56:02,32.4,184.3,216.5,7.5,8110.0,251.2
2019-09-09T11:56:33,32.5,186.0,221.2,7.4,8130.0,250.2
2019-09-09T11:57:04,32.5,183.1,225.9,7.5,8160.0,251.2
2019-09-09T11:57:35,32.5,183.7,228.9,7.4,8180.0,251.2
2019-09-09T11:58:06,32.6,187.2,228.9,7.3,8210.0,251.2
2019-09-09T11:58:37,32.6,181.3,231.3,7.6,8230.0,252.2
2019-09-09T11:59:08,32.4,170.7,231.3,7.7,8260.0,252.2
2019-09-09T11:59:39,32.4,186.6,231.9,7.3,8280.0,251.2
2019-09-09T12:00:10,32.5,181.9,228.3,7.3,8300.0,251.2
2019-09-09T12:00:41,32.4,177.2,226.5,7.6,8330.0,252.2
2019-09-09T12:01:13,32.3,175.4,228.9,7.5,8350.0,252.2
2019-09-09T12:01:44,32.2,178.3,230.1,7.6,8380.0,251.2
2019-09-09T12:02:15,32.0,178.3,228.3,7.4,8400.0,252.2
2019-09-09T12:02:46,31.9,177.2,225.4,7.4,8430.0,252.2
2019-09-09T12:03:17,31.9,177.8,224.2,7.5,8450.0,251.2
2019-09-09T12:03:48,31.8,172.4,227.7,7.7,8470.0,252.2
2019-09-09T12:04:19,31.8,173.6,228.9,7.6,8500.0,251.2
2019-09-09T12:04:50,31.8,173.0,220.6,7.6,8520.0,251.2
2019-09-09T12:05:21,31.8,173.6,223.0,7.6,8550.0,253.1
2019-09-09T12:05:54,32.0,177.2,221.8,7.5,8570.0,252.2
2019-09-09T12:06:25,32.0,172.4,224.2,7.6,8600.0,251.2
2019-09-09T12:06:56,31.9,177.2,227.7,7.3,8620.0,251.2
2019-09-09T12:07:27,31.9,171.3,228.3,7.8,8650.0,253.1
2019-09-09T12:07:58,31.9,174.8,228.9,7.6,8670.0,251.2
2019-09-09T12:08:29,32.0,173.6,224.8,6.8,8690.0,250.2
2019-09-09T12:09:00,32.3,175.4,220.0,7.5,8720.0,251.2
2019-09-09T12:09:31,32.4,174.8,218.3,6.7,8740.0,250.2
2019-09-09T12:10:02,32.5,163.6,218.3,7.9,8770.0,250.2
2019-09-09T12:10:33,32.5,158.3,220.0,8.1,8790.0,251.2
2019-09-09T12:11:05,32.4,159.4,223.0,8.0,8820.0,250.2
2019-09-09T12:11:36,32.5,165.4,219.4,7.9,8840.0,250.2
2019-09-09T12:12:07,32.5,170.7,222.4,7.6,8860.0,250.2
2019-09-09T12:12:38,32.4,157.7,222.4,8.0,8890.0,251.2
2019-09-09T12:13:09,32.5,163.6,225.4,7.7,8910.0,250.2
2019-09-09T12:13:40,32.6,164.8,225.4,7.6,8930.0,251.2
2019-09-09T12:14:11,32.7,163.0,222.4,7.7,8960.0,251.2
2019-09-09T12:14:42,32.7,163.0,217.1,7.9,8980.0,250.2
2019-09-09T12:15:13,32.7,168.3,221.8,7.8,9010.0,251.2
2019-09-09T12:15:44,32.9,170.7,221.2,7.4,9030.0,249.3
2019-09-09T12:16:16,32.7,174.2,219.4,6.7,9060.0,251.2
2019-09-09T12:16:47,32.9,161.2,228.9,7.9,9080.0,251.2
2019-09-09T12:17:18,33.1,158.9,221.8,7.9,9100.0,251.2
2019-09-09T12:17:49,33.1,158.3,222.4,7.9,9130.0,252.2
2019-09-09T12:18:20,33.1,162.4,230.1,7.9,9150.0,251.2
2019-09-09T12:18:51,33.2,164.2,226.5,7.8,9180.0,252.2
2019-09-09T12:19:22,33.2,157.7,225.9,7.6,9200.0,251.2
2019-09-09T12:19:53,33.1,159.4,227.1,7.9,9220.0,251.2
2019-09-09T12:20:24,33.0,157.1,225.9,8.0,9250.0,252.2
2019-09-09T12:20:55,33.1,163.6,229.5,6.7,9270.0,252.2
2019-09-09T12:21:27,33.1,167.7,220.6,6.4,9290.0,251.2
2019-09-09T12:21:58,32.9,164.2,220.6,7.9,9320.0,252.2
2019-09-09T12:22:29,32.9,162.4,226.5,7.1,9340.0,253.1
2019-09-09T12:23:00,33.0,155.3,228.3,8.1,9370.0,253.1
2019-09-09T12:23:31,33.1,163.0,227.7,6.9,9390.0,252.2
2019-09-09T12:24:02,33.2,157.7,228.3,7.3,9410.0,252.2
2019-09-09T12:24:33,32.9,151.2,228.3,7.2,9440.0,251.2
2019-09-09T12:25:04,32.6,150.6,230.1,8.1,9460.0,252.2
2019-09-09T12:25:35,32.6,150.6,222.4,7.1,9480.0,251.2
2019-09-09T12:26:07,32.6,158.3,227.1,7.3,9510.0,251.2
2019-09-09T12:26:38,32.5,135.8,230.1,8.2,9530.0,251.2
2019-09-09T12:27:09,32.5,139.4,223.0,8.2,9550.0,250.2
2019-09-09T12:27:40,32.6,150.0,226.5,7.3,9580.0,250.2
2019-09-09T12:28:11,32.6,139.4,227.1,8.0,9600.0,250.2
2019-09-09T12:28:42,32.7,153.5,229.5,7.7,9620.0,250.2
2019-09-09T12:29:13,32.9,147.0,223.6,7.8,9640.0,251.2
2019-09-09T12:29:44,33.0,151.8,224.8,7.8,9670.0,250.2
2019-09-09T12:30:15,33.2,142.3,227.1,7.9,9690.0,251.2
2019-09-09T12:30:46,33.0,139.4,224.2,8.1,9710.0,252.2
2019-09-09T12:31:18,32.6,142.3,225.9,7.9,9740.0,251.2
2019-09-09T12:31:49,32.5,138.8,221.2,8.1,9760.0,251.2
2019-09-09T12:32:20,32.6,144.1,225.4,7.8,9780.0,252.2
2019-09-09T12:32:51,32.5,138.2,224.2,8.1,9810.0,253.1
2019-09-09T12:33:22,32.5,141.7,222.4,7.9,9830.0,252.2
2019-09-09T12:33:53,32.5,138.2,221.8,8.1,9850.0,251.2
2019-09-09T12:34:24,32.6,136.4,220.0,8.2,9880.0,252.2
2019-09-09T12:34:55,32.6,137.6,221.2,8.1,9900.0,251.2
2019-09-09T12:35:26,32.7,141.7,226.5,7.8,9920.0,252.2
2019-09-09T12:35:57,32.9,135.2,223.6,8.1,9940.0,253.1
2019-09-09T12:36:29,33.0,138.8,224.8,8.4,9970.0,252.2
2019-09-09T12:37:00,33.1,141.7,219.4,7.9,9990.0,252.2
2019-09-09T12:37:31,33.1,143.5,221.2,7.7,10010.0,252.2
2019-09-09T12:38:02,33.2,141.7,227.1,7.8,10040.0,251.2
2019-09-09T12:38:33,33.3,143.5,228.3,8.1,10060.0,252.2
2019-09-09T12:39:04,33.4,142.3,224.2,7.8,10080.0,252.2
2019-09-09T12:39:35,33.5,143.5,218.3,7.9,10100.0,253.1
2019-09-09T12:40:06,33.5,143.5,217.1,7.0,10130.0,251.2
2019-09-09T12:40:37,33.5,143.5,222.4,7.7,10150.0,251.2
2019-09-09T12:41:09,33.5,137.6,220.6,8.1,10170.0,251.2
2019-09-09T12:41:40,33.5,135.8,220.0,8.0,10190.0,251.2
2019-09-09T12:42:11,33.4,124.6,223.0,8.3,10220.0,251.2
2019-09-09T12:42:42,33.3,141.1,220.6,6.9,10240.0,251.2
2019-09-09T12:43:13,33.4,141.7,217.7,7.0,10260.0,250.2
2019-09-09T12:43:44,33.4,145.9,222.4,6.1,10280.0,251.2
2019-09-09T12:44:15,33.2,135.8,220.6,7.5,10310.0,250.2
2019-09-09T12:44:46,32.9,121.6,230.1,8.1,10330.0,250.2
2019-09-09T12:45:17,32.5,116.3,227.1,8.2,10350.0,252.2
2019-09-09T12:45:48,32.4,131.1,228.3,8.0,10370.0,249.3
2019-09-09T12:46:20,32.4,130.5,215.3,8.4,10390.0,252.2
2019-09-09T12:46:51,32.5,135.8,228.9,7.5,10420.0,251.2
2019-09-09T12:47:22,32.4,129.3,226.5,8.2,10440.0,251.2
2019-09-09T12:47:53,32.6,131.1,223.0,8.0,10460.0,253.1
2019-09-09T12:48:24,32.7,131.1,219.4,7.9,10480.0,251.2
2019-09-09T12:48:55,32.9,132.9,222.4,7.9,10500.0,253.1
2019-09-09T12:49:26,32.7,129.9,224.2,8.1,10530.0,254.1
2019-09-09T12:49:57,32.9,135.8,227.1,8.2,10550.0,253.1
2019-09-09T12:50:28,33.0,145.3,224.8,6.4,10570.0,252.2
2019-09-09T12:50:59,32.9,122.8,220.6,8.0,10590.0,251.2
2019-09-09T12:51:30,32.6,124.6,230.7,7.6,10620.0,252.2
2019-09-09T12:52:01,32.5,121.6,218.8,8.3,10640.0,253.1
2019-09-09T12:52:32,32.5,115.7,225.9,8.3,10660.0,252.2
2019-09-09T12:53:03,32.4,127.0,225.4,8.5,10680.0,252.2
2019-09-09T12:53:34,32.5,128.1,224.2,8.2,10700.0,252.2
2019-09-09T12:54:05,32.6,134.6,227.1,6.9,10730.0,253.1
2019-09-09T12:54:36,32.7,140.0,225.4,8.2,10750.0,251.2
2019-09-09T12:55:08,32.9,134.0,221.8,8.4,10770.0,252.2
2019-09-09T12:55:40,32.9,138.2,227.7,7.1,10790.0,250.2
2019-09-09T12:56:11,33.0,133.5,227.7,8.1,10820.0,250.2
2019-09-09T12:56:42,33.0,138.2,225.4,7.6,10840.0,250.2
2019-09-09T12:57:13,33.0,141.7,225.4,4.6,10860.0,250.2
2019-09-09T12:57:44,32.7,151.8,231.9,6.6,10880.0,252.2
2019-09-09T12:58:15,32.7,139.4,228.3,7.2,10900.0,251.2
2019-09-09T12:58:46,32.9,119.3,224.8,8.2,10920.0,251.2
2019-09-09T12:59:17,33.0,116.3,220.6,7.4,10950.0,251.2
2019-09-09T12:59:48,32.9,116.3,219.4,8.2,10970.0,250.2
2019-09-09T13:00:19,32.7,106.3,221.8,8.3,10990.0,251.2
2019-09-09T13:00:51,32.5,104.5,218.8,8.1,11010.0,252.2
2019-09-09T13:01:22,32.3,105.1,222.4,8.2,11030.0,251.2
2019-09-09T13:01:53,32.2,109.2,228.9,8.0,11050.0,250.2
2019-09-09T13:02:24,32.2,122.8,222.4,7.1,11070.0,249.3
2019-09-09T13:02:55,32.3,124.0,221.8,7.6,11090.0,250.2
2019-09-09T13:03:26,32.3,115.7,223.6,8.5,11110.0,250.2
2019-09-09T13:03:57,32.4,124.6,224.8,7.6,11140.0,250.2
2019-09-09T13:04:28,32.3,127.0,225.4,5.4,11160.0,249.3
2019-09-09T13:04:59,32.2,114.6,224.8,8.4,11180.0,249.3
2019-09-09T13:05:30,32.4,125.2,225.9,8.3,11200.0,249.3
2019-09-09T13:06:01,32.5,121.0,220.6,6.7,11220.0,251.2
2019-09-09T13:06:32,32.7,114.0,224.8,8.2,11240.0,252.2
2019-09-09T13:07:03,32.9,109.8,223.0,8.0,11260.0,251.2
2019-09-09T13:07:34,32.9,107.5,223.0,8.1,11280.0,250.2
2019-09-09T13:08:05,32.7,110.4,224.8,8.1,11300.0,251.2
2019-09-09T13:08:36,32.5,125.2,220.0,5.7,11320.0,251.2
2019-09-09T13:09:07,32.4,112.2,219.4,7.8,11340.0,251.2
2019-09-09T13:09:38,32.3,108.6,219.4,8.1,11370.0,250.2
2019-09-09T13:10:09,32.3,109.8,216.5,8.0,11390.0,250.2
2019-09-09T13:10:41,32.2,115.7,222.4,7.4,11410.0,248.3
2019-09-09T13:11:13,32.2,115.1,225.4,7.5,11430.0,249.3
2019-09-09T13:11:44,32.0,110.4,223.6,7.5,11450.0,250.2
2019-09-09T13:12:15,32.0,114.0,224.2,8.2,11470.0,251.2
2019-09-09T13:12:46,32.2,124.0,223.0,7.7,11490.0,252.2
2019-09-09T13:13:17,32.3,118.7,218.3,8.1,11510.0,251.2
2019-09-09T13:13:48,32.4,119.3,215.9,8.0,11530.0,252.2
2019-09-09T13:14:19,32.4,118.7,228.9,7.7,11560.0,251.2
2019-09-09T13:14:50,32.2,120.5,225.4,6.8,11580.0,251.2
2019-09-09T13:15:21,32.2,119.9,224.2,6.8,11600.0,251.2
2019-09-09T13:15:53,32.0,115.7,227.7,7.3,11620.0,251.2
2019-09-09T13:16:25,31.9,113.4,223.6,7.8,11640.0,251.2
2019-09-09T13:16:56,32.0,124.6,225.4,7.6,11660.0,251.2
2019-09-09T13:17:27,32.0,121.6,221.8,7.8,11680.0,251.2
2019-09-09T13:17:58,32.0,125.8,218.3,7.5,11700.0,251.2
2019-09-09T13:18:29,31.9,125.8,220.6,6.8,11720.0,251.2
2019-09-09T13:19:00,31.9,116.3,223.0,7.3,11740.0,251.2
2019-09-09T13:19:31,31.8,113.4,224.8,6.6,11760.0,251.2
2019-09-09T13:20:02,31.8,123.4,224.2,7.2,11780.0,251.2
2019-09-09T13:20:33,31.7,125.2,224.8,6.7,11800.0,251.2
2019-09-09T13:21:05,31.7,120.5,221.8,4.2,11820.0,251.2
2019-09-09T13:21:36,31.6,124.0,221.8,7.5,11840.0,251.2
2019-09-09T13:22:07,31.7,122.8,220.0,5.3,11860.0,252.2
2019-09-09T13:22:38,31.6,122.2,220.0,4.9,11880.0,251.2
2019-09-09T13:23:09,31.6,126.4,221.2,6.7,11900.0,251.2
2019-09-09T13:23:40,31.6,121.0,226.5,7.7,11920.0,250.2
2019-09-09T13:24:11,31.8,121.6,222.4,7.0,11940.0,250.2
2019-09-09T13:24:42,31.8,118.1,220.6,6.2,11960.0,250.2
2019-09-09T13:25:13,31.8,105.1,223.0,8.1,11980.0,252.2
2019-09-09T13:25:44,31.9,105.1,227.1,7.2,12000.0,251.2
2019-09-09T13:26:16,31.9,103.9,220.0,8.1,12020.0,251.2
2019-09-09T13:26:47,32.0,112.2,225.9,6.5,12040.0,252.2
2019-09-09T13:27:18,31.9,106.9,225.4,8.1,12060.0,251.2
2019-09-09T13:27:49,32.0,110.4,221.8,7.8,12080.0,252.2
2019-09-09T13:28:20,32.2,105.7,224.2,7.3,12100.0,250.2
2019-09-09T13:28:51,32.2,115.7,224.2,5.2,12120.0,251.2
2019-09-09T13:29:22,32.3,102.7,221.2,7.6,12140.0,253.1
2019-09-09T13:29:53,32.2,104.5,220.0,7.7,12160.0,250.2
2019-09-09T13:30:24,32.3,115.1,216.5,6.5,12180.0,251.2
2019-09-09T13:30:55,32.2,107.5,223.6,6.8,12200.0,249.3
2019-09-09T13:31:27,32.0,107.5,220.0,7.9,12220.0,249.3
2019-09-09T13:31:58,32.0,125.2,228.3,5.5,12240.0,249.3
2019-09-09T13:32:29,31.8,114.6,229.5,7.5,12260.0,250.2
2019-09-09T13:33:00,31.9,111.6,223.0,7.3,12270.0,249.3
2019-09-09T13:33:31,31.8,109.2,224.8,7.7,12300.0,249.3
2019-09-09T13:34:02,32.0,107.5,223.0,7.9,12320.0,250.2
2019-09-09T13:34:33,32.2,114.6,221.2,7.3,12340.0,249.3
2019-09-09T13:35:04,32.3,111.0,222.4,5.5,12360.0,250.2
2019-09-09T13:35:36,32.4,113.4,220.0,7.4,12380.0,250.2
2019-09-09T13:36:07,32.3,107.5,220.6,7.9,12400.0,251.2
2019-09-09T13:36:38,32.4,108.6,217.7,6.7,12410.0,250.2
2019-09-09T13:37:09,32.4,103.9,228.9,6.8,12430.0,250.2
2019-09-09T13:37:40,32.5,105.7,226.5,8.0,12450.0,250.2
2019-09-09T13:38:11,32.6,112.2,225.9,7.6,12470.0,251.2
2019-09-09T13:38:42,32.6,112.2,221.8,7.7,12490.0,250.2
2019-09-09T13:39:13,32.6,107.5,224.8,7.9,12510.0,250.2
2019-09-09T13:39:44,32.5,108.1,224.2,6.6,12530.0,250.2
2019-09-09T13:40:15,32.4,111.0,219.4,6.0,12550.0,249.3
2019-09-09T13:40:47,32.2,102.7,218.8,5.6,12570.0,250.2
2019-09-09T13:41:18,31.9,105.1,226.5,6.8,12590.0,250.2
2019-09-09T13:41:49,31.9,104.5,227.1,7.2,12610.0,249.3
2019-09-09T13:42:20,31.8,102.7,223.6,7.4,12630.0,250.2
2019-09-09T13:42:51,31.9,109.8,217.1,7.1,12650.0,249.3
2019-09-09T13:43:22,31.9,115.7,217.7,6.1,12670.0,251.2
2019-09-09T13:43:53,31.9,129.3,227.7,4.4,12690.0,250.2
2019-09-09T13:44:24,31.9,109.8,227.7,7.7,12700.0,251.2
2019-09-09T13:44:55,32.2,114.0,224.2,7.2,12720.0,251.2
2019-09-09T13:45:26,32.3,111.6,228.9,7.3,12740.0,250.2
2019-09-09T13:45:57,32.5,112.2,220.6,7.5,12760.0,250.2
2019-09-09T13:46:29,32.6,103.9,223.6,6.5,12780.0,249.3
2019-09-09T13:47:00,32.9,103.9,219.4,7.7,12800.0,251.2
2019-09-09T13:47:31,33.0,110.4,225.4,7.5,12820.0,250.2
2019-09-09T13:48:02,33.1,115.1,224.2,7.0,12840.0,250.2
2019-09-09T13:48:33,33.0,111.6,223.6,6.8,12860.0,250.2
2019-09-09T13:49:04,32.9,116.3,215.9,5.1,12880.0,249.3
2019-09-09T13:49:35,32.9,105.7,217.7,4.5,12900.0,250.2
2019-09-09T13:50:06,32.7,114.6,225.4,3.5,12920.0,250.2
2019-09-09T13:50:38,32.6,108.1,225.4,4.3,12930.0,250.2
2019-09-09T13:51:10,32.7,102.1,219.4,5.7,12950.0,249.3
2019-09-09T13:51:41,32.7,102.7,221.2,4.9,12970.0,251.2
2019-09-09T13:52:12,32.9,97.4,218.8,6.8,12990.0,249.3
2019-09-09T13:52:43,32.7,102.7,215.9,5.5,13000.0,250.2
2019-09-09T13:53:14,32.6,95.6,219.4,4.8,13020.0,249.3
2019-09-09T13:53:45,32.7,98.0,217.7,8.0,13040.0,250.2
2019-09-09T13:54:16,32.9,103.9,220.6,3.5,13060.0,250.2
2019-09-09T13:54:47,32.9,105.7,218.3,0.2,13070.0,249.3
2019-09-09T13:55:18,32.6,116.3,218.3,5.7,13090.0,249.3
2019-09-09T13:55:49,32.6,109.8,217.1,3.3,13110.0,250.2
2019-09-09T13:56:21,32.6,108.1,223.0,3.1,13120.0,251.2
2019-09-09T13:56:52,32.6,97.4,220.6,7.1,13140.0,250.2
2019-09-09T13:57:23,32.6,120.5,219.4,0.5,13150.0,249.3
2019-09-09T13:57:54,32.6,135.8,221.8,2.1,13170.0,250.2
2019-09-09T13:58:25,32.6,124.0,223.0,2.8,13190.0,249.3
2019-09-09T13:58:56,32.7,113.4,217.1,2.0,13200.0,250.2
2019-09-09T13:59:27,32.9,117.5,223.6,3.6,13220.0,250.2
2019-09-09T13:59:58,33.0,106.3,224.8,3.1,13240.0,250.2
2019-09-09T14:00:29,33.1,106.9,226.5,2.7,13250.0,250.2
2019-09-09T14:01:00,33.1,115.7,227.7,0.6,13270.0,250.2
2019-09-09T14:01:31,33.1,95.1,220.0,0.5,13280.0,250.2
2019-09-09T14:02:02,33.0,96.8,223.0,0.6,13300.0,250.2
2019-09-09T14:02:33,33.0,145.3,224.8,2.0,13320.0,250.2
2019-09-09T14:03:04,33.1,145.3,228.9,2.5,13330.0,250.2
2019-09-09T14:03:35,33.1,143.5,223.6,1.8,13350.0,249.3
2019-09-09T14:04:06,33.1,139.4,220.0,1.9,13360.0,250.2
2019-09-09T14:04:37,33.1,131.1,221.8,1.8,13380.0,249.3
2019-09-09T14:05:08,33.1,124.6,217.1,2.2,13390.0,250.2
2019-09-09T14:05:40,33.1,129.3,218.8,1.9,13410.0,249.3
2019-09-09T14:06:11,33.1,132.9,218.8,2.4,13420.0,250.2
2019-09-09T14:06:42,33.1,141.1,217.1,1.6,13440.0,249.3
2019-09-09T14:07:13,33.0,128.7,220.0,1.9,13460.0,249.3
2019-09-09T14:07:44,33.1,129.9,221.8,2.4,13470.0,249.3
2019-09-09T14:08:15,33.0,131.1,218.8,2.0,13490.0,249.3
2019-09-09T14:08:46,32.7,132.3,224.8,1.6,13500.0,250.2
2019-09-09T14:09:17,32.5,142.3,225.9,1.5,13520.0,250.2
2019-09-09T14:09:48,32.4,140.5,225.4,1.9,13530.0,250.2
2019-09-09T14:10:19,32.4,135.8,225.9,1.9,13550.0,250.2
2019-09-09T14:10:52,32.4,135.2,230.1,2.4,13560.0,250.2
2019-09-09T14:11:23,32.3,146.4,228.9,1.6,13580.0,250.2
2019-09-09T14:11:54,32.2,143.5,224.2,2.0,13590.0,248.3
2019-09-09T14:12:25,31.9,147.0,222.4,1.5,13610.0,249.3
2019-09-09T14:12:56,32.0,148.8,222.4,1.6,13620.0,250.2
2019-09-09T14:13:27,32.2,141.1,221.2,1.8,13640.0,250.2
2019-09-09T14:13:58,32.2,137.6,220.6,1.9,13650.0,250.2
2019-09-09T14:14:29,32.2,150.0,228.3,1.3,13670.0,249.3
2019-09-09T14:15:00,32.2,144.7,230.7,1.5,13680.0,249.3
2019-09-09T14:15:32,32.2,147.0,230.1,1.3,13700.0,249.3
2019-09-09T14:16:03,32.0,158.3,231.3,1.5,13710.0,247.3
2019-09-09T14:16:34,32.0,163.0,231.9,1.3,13720.0,249.3
2019-09-09T14:17:05,32.0,161.2,233.0,1.4,13740.0,249.3
2019-09-09T14:17:36,32.0,158.9,227.7,1.0,13750.0,248.3
2019-09-09T14:18:07,32.0,170.1,225.4,1.0,13770.0,248.3
2019-09-09T14:18:38,32.0,182.5,225.4,1.1,13780.0,247.3
2019-09-09T14:19:09,31.9,177.8,230.7,1.2,13800.0,247.3
2019-09-09T14:19:40,31.9,176.0,226.5,1.1,13810.0,247.3
2019-09-09T14:20:11,32.0,180.7,228.9,1.3,13830.0,248.3
2019-09-09T14:20:44,32.0,188.4,232.4,1.2,13840.0,248.3
2019-09-09T14:21:15,32.0,195.5,224.8,1.1,13860.0,247.3
2019-09-09T14:21:46,32.2,196.7,225.4,0.9,13870.0,249.3
2019-09-09T14:22:17,32.0,200.8,223.0,0.9,13880.0,248.3
2019-09-09T14:22:48,31.9,207.9,220.6,0.9,13900.0,248.3
2019-09-09T14:23:19,31.9,206.7,225.9,0.9,13910.0,249.3
2019-09-09T14:23:50,31.8,220.3,220.6,0.9,13930.0,248.3
2019-09-09T14:24:21,31.8,223.8,231.9,0.8,13940.0,248.3
2019-09-09T14:24:52,31.8,216.7,228.3,0.8,13960.0,248.3
2019-09-09T14:25:23,31.9,213.8,230.1,0.7,13970.0,249.3
2019-09-09T14:25:55,31.9,215.6,228.3,0.7,13980.0,248.3
2019-09-09T14:26:26,32.0,215.0,229.5,0.7,14000.0,247.3
2019-09-09T14:26:57,32.0,216.7,230.1,0.8,14010.0,249.3
2019-09-09T14:27:28,31.9,230.9,229.5,0.8,14030.0,248.3
2019-09-09T14:27:59,32.0,222.7,221.8,0.7,14040.0,248.3
2019-09-09T14:28:30,32.0,231.5,226.5,0.6,14050.0,249.3
2019-09-09T14:29:01,31.9,232.1,229.5,0.7,14070.0,249.3
2019-09-09T14:29:32,31.9,237.4,230.1,0.7,14080.0,248.3
2019-09-09T14:30:03,31.8,246.3,228.9,0.5,14090.0,249.3
2019-09-09T14:30:35,31.7,238.6,231.9,0.6,14110.0,249.3
2019-09-09T14:31:07,31.7,241.6,224.8,0.6,14120.0,249.3
2019-09-09T14:31:38,31.8,230.9,224.2,0.7,14140.0,249.3
2019-09-09T14:32:09,31.8,228.6,228.3,0.7,14150.0,249.3
2019-09-09T14:32:40,31.9,226.8,222.4,0.6,14160.0,248.3
2019-09-09T14:33:11,31.9,222.1,231.9,0.7,14180.0,249.3
2019-09-09T14:33:42,31.9,223.2,224.2,0.7,14190.0,249.3
2019-09-09T14:34:13,31.9,230.3,224.8,0.6,14210.0,249.3
2019-09-09T14:34:44,31.9,230.3,223.0,0.7,14220.0,249.3
2019-09-09T14:35:15,31.9,217.3,224.2,0.7,14230.0,249.3
2019-09-09T14:35:47,31.8,215.0,231.9,0.7,14250.0,248.3
2019-09-09T14:36:19,31.7,206.1,230.7,0.8,14260.0,249.3
2019-09-09T14:36:50,31.8,216.2,230.7,0.8,14280.0,249.3
2019-09-09T14:37:21,31.8,216.7,225.4,0.9,14290.0,248.3
2019-09-09T14:37:52,31.8,211.4,223.6,0.9,14300.0,249.3
2019-09-09T14:38:23,31.7,203.7,228.3,0.9,14320.0,247.3
2019-09-09T14:38:54,31.8,209.1,228.9,0.9,14330.0,248.3
2019-09-09T14:39:25,31.9,213.2,223.6,0.7,14340.0,247.3
2019-09-09T14:39:56,32.0,217.3,221.8,0.9,14360.0,248.3
2019-09-09T14:40:27,32.2,214.4,227.7,0.7,14370.0,248.3
2019-09-09T14:40:58,32.0,204.9,224.8,0.8,14380.0,248.3
2019-09-09T14:41:33,32.0,204.3,225.4,0.8,14400.0,247.3
2019-09-09T14:42:04,32.0,217.3,223.6,0.7,14410.0,247.3
2019-09-09T14:42:35,31.8,216.2,231.3,0.6,14430.0,248.3
2019-09-09T14:43:06,31.8,227.4,226.5,0.6,14440.0,248.3
2019-09-09T14:43:37,31.7,235.6,227.7,0.6,14450.0,248.3
2019-09-09T14:44:08,31.6,236.2,228.3,0.6,14460.0,249.3
2019-09-09T14:44:39,31.5,229.7,228.3,0.6,14480.0,248.3
2019-09-09T14:45:10,31.5,214.4,227.1,0.7,14490.0,247.3
2019-09-09T14:45:42,31.6,205.5,224.2,0.8,14500.0,248.3
2019-09-09T14:46:14,31.6,207.3,223.0,0.7,14520.0,248.3
2019-09-09T14:46:45,31.7,206.1,228.3,0.8,14530.0,249.3
2019-09-09T14:47:16,31.8,208.5,225.9,0.7,14540.0,248.3
2019-09-09T14:47:47,31.9,203.2,223.0,0.7,14560.0,248.3
2019-09-09T14:48:18,31.7,204.9,223.0,0.6,14570.0,248.3
2019-09-09T14:48:49,31.6,209.7,221.2,0.7,14580.0,247.3
2019-09-09T14:49:20,31.5,197.3,227.7,0.8,14600.0,248.3
2019-09-09T14:49:51,31.6,199.6,228.9,0.7,14610.0,248.3
2019-09-09T14:50:22,31.6,207.9,225.4,0.7,14620.0,248.3
2019-09-09T14:50:54,31.5,203.7,225.9,0.7,14640.0,248.3
2019-09-09T14:51:25,31.4,211.4,225.9,0.7,14650.0,248.3
2019-09-09T14:51:56,31.5,216.2,228.3,0.7,14660.0,249.3
2019-09-09T14:52:27,31.5,196.7,218.8,0.7,14670.0,248.3
2019-09-09T14:52:58,31.5,194.9,221.8,0.7,14690.0,247.3
2019-09-09T14:53:29,31.4,186.6,224.2,0.8,14700.0,247.3
2019-09-09T14:54:00,31.2,192.5,223.0,0.7,14710.0,248.3
2019-09-09T14:54:31,31.2,183.1,228.3,0.6,14730.0,248.3
2019-09-09T14:55:02,31.1,172.4,228.9,0.8,14740.0,246.4
2019-09-09T14:55:34,31.1,179.5,228.9,0.8,14750.0,248.3
2019-09-09T14:56:05,31.1,187.8,223.6,0.7,14760.0,246.4
2019-09-09T14:56:36,31.1,191.9,228.9,0.8,14780.0,246.4
2019-09-09T14:57:07,31.0,203.7,227.1,0.8,14790.0,247.3
2019-09-09T14:57:38,31.0,209.1,231.3,0.6,14800.0,248.3
2019-09-09T14:58:09,31.0,218.5,228.3,0.6,14810.0,249.3
2019-09-09T14:58:40,30.9,213.8,229.5,0.7,14830.0,248.3
2019-09-09T14:59:11,30.9,219.1,218.3,0.6,14840.0,249.3
2019-09-09T14:59:42,30.9,230.3,227.7,0.7,14850.0,248.3
2019-09-09T15:00:13,31.1,239.8,224.2,0.6,14860.0,247.3
2019-09-09T15:00:44,31.2,232.7,228.3,0.6,14880.0,247.3
2019-09-09T15:01:16,31.2,232.1,228.3,0.6,14890.0,247.3
2019-09-09T15:01:47,31.2,230.3,228.3,0.6,14900.0,248.3
2019-09-09T15:02:18,31.0,233.3,228.3,0.6,14910.0,246.4
2019-09-09T15:02:49,31.1,242.1,233.0,0.6,14930.0,246.4
2019-09-09T15:03:20,31.2,232.1,227.7,0.7,14940.0,246.4
2019-09-09T15:03:51,31.1,219.1,225.4,0.7,14950.0,245.4
2019-09-09T15:04:22,31.1,223.2,224.8,0.7,14960.0,244.4
2019-09-09T15:04:53,31.1,228.6,224.8,0.6,14980.0,246.4
2019-09-09T15:05:24,31.1,235.1,227.7,0.6,14990.0,246.4
2019-09-09T15:05:55,31.2,225.6,232.4,0.6,15000.0,246.4
2019-09-09T15:06:27,31.1,230.9,231.9,0.7,15010.0,246.4
2019-09-09T15:06:58,31.4,236.8,226.5,0.6,15030.0,246.4
2019-09-09T15:07:29,31.4,237.4,223.0,0.6,15040.0,247.3
2019-09-09T15:08:00,31.5,238.0,224.2,0.6,15050.0,245.4
2019-09-09T15:08:31,31.6,227.4,225.9,0.7,15060.0,246.4
2019-09-09T15:09:02,31.5,206.7,224.8,0.6,15070.0,247.3
2019-09-09T15:09:33,31.4,196.1,228.3,0.7,15090.0,247.3
2019-09-09T15:10:04,31.2,202.0,226.5,0.6,15100.0,246.4
2019-09-09T15:10:35,31.1,210.8,225.9,0.6,15110.0,245.4
2019-09-09T15:11:07,31.1,232.7,225.4,0.6,15120.0,245.4
2019-09-09T15:11:38,31.2,226.2,229.5,0.7,15140.0,245.4
2019-09-09T15:12:09,31.2,225.0,227.7,0.6,15150.0,245.4
2019-09-09T15:12:40,31.2,218.5,232.4,0.6,15160.0,246.4
2019-09-09T15:13:11,31.1,218.5,228.9,0.6,15170.0,247.3
2019-09-09T15:13:42,31.1,228.6,227.1,0.6,15180.0,247.3
2019-09-09T15:14:13,31.1,233.9,230.7,0.6,15200.0,246.4
2019-09-09T15:14:44,31.1,235.1,226.5,0.6,15210.0,248.3
2019-09-09T15:15:15,30.9,233.3,225.9,0.6,15220.0,247.3
2019-09-09T15:15:46,31.0,228.0,231.3,0.6,15230.0,247.3
2019-09-09T15:16:18,30.9,220.9,225.9,0.6,15240.0,246.4
2019-09-09T15:16:49,30.9,236.2,231.9,0.7,15260.0,244.4
2019-09-09T15:17:20,30.8,236.2,231.9,0.6,15270.0,246.4
2019-09-09T15:17:51,30.9,232.7,224.2,0.6,15280.0,245.4
2019-09-09T15:18:22,30.9,223.2,225.4,0.6,15290.0,245.4
2019-09-09T15:18:53,30.9,218.5,221.2,0.6,15300.0,245.4
2019-09-09T15:19:24,30.9,235.1,224.8,0.6,15310.0,245.4
2019-09-09T15:19:55,30.9,226.2,227.1,0.6,15330.0,245.4
2019-09-09T15:20:26,31.0,229.2,229.5,0.6,15340.0,245.4
2019-09-09T15:20:57,31.0,213.2,233.0,0.7,15350.0,245.4
2019-09-09T15:21:29,31.0,223.2,225.9,0.6,15360.0,245.4
2019-09-09T15:22:00,31.1,203.2,228.9,0.7,15370.0,246.4
2019-09-09T15:22:31,31.1,204.3,227.7,0.7,15380.0,244.4
2019-09-09T15:23:02,31.2,212.0,218.8,0.7,15400.0,245.4
2019-09-09T15:23:33,31.2,229.2,225.9,0.6,15410.0,247.3
2019-09-09T15:24:04,31.2,232.7,228.9,0.6,15420.0,246.4
2019-09-09T15:24:35,31.1,224.4,230.7,0.6,15430.0,246.4
2019-09-09T15:25:06,31.0,219.7,227.1,0.7,15440.0,249.3
2019-09-09T15:25:37,31.0,217.3,233.6,0.7,15450.0,248.3
2019-09-09T15:26:09,31.1,233.9,231.3,0.7,15460.0,248.3
2019-09-09T15:26:40,31.1,219.7,235.4,0.6,15480.0,248.3
2019-09-09T15:27:11,31.2,215.6,227.7,0.6,15490.0,247.3
2019-09-09T15:27:42,31.1,219.7,231.3,0.6,15500.0,247.3
2019-09-09T15:28:13,31.1,207.9,223.0,0.7,15510.0,246.4
2019-09-09T15:28:44,31.0,225.0,228.3,0.6,15520.0,246.4
2019-09-09T15:29:15,31.0,227.4,227.1,0.7,15530.0,248.3
2019-09-09T15:29:46,31.0,217.3,226.5,0.6,15540.0,247.3
2019-09-09T15:30:17,31.1,219.7,235.4,0.6,15550.0,247.3
2019-09-09T15:30:48,31.1,238.6,237.2,0.6,15560.0,246.4
2019-09-09T15:31:20,31.0,230.9,234.2,0.6,15580.0,249.3
2019-09-09T15:31:51,30.9,210.2,228.3,0.6,15590.0,248.3
2019-09-09T15:32:22,31.0,213.8,228.9,0.7,15600.0,248.3
2019-09-09T15:32:53,31.0,206.1,234.2,0.7,15610.0,246.4
2019-09-09T15:33:24,31.0,216.2,231.3,0.6,15620.0,247.3
2019-09-09T15:33:55,31.0,219.7,233.0,0.7,15630.0,247.3
2019-09-09T15:34:26,31.0,233.9,227.1,0.6,15640.0,249.3
2019-09-09T15:34:57,30.9,236.8,225.4,0.6,15650.0,248.3
2019-09-09T15:35:28,30.9,216.7,223.6,0.7,15660.0,247.3
2019-09-09T15:35:59,31.0,228.0,228.3,0.6,15670.0,248.3
2019-09-09T15:36:31,30.9,237.4,232.4,0.6,15690.0,249.3
2019-09-09T15:37:02,31.0,228.6,228.3,0.6,15700.0,248.3
2019-09-09T15:37:33,30.9,207.3,227.7,0.7,15710.0,248.3
2019-09-09T15:38:04,30.8,222.7,228.3,0.6,15720.0,249.3
2019-09-09T15:38:35,30.9,232.1,223.6,0.6,15730.0,247.3
2019-09-09T15:39:06,30.8,236.2,233.0,0.6,15740.0,246.4
2019-09-09T15:39:37,30.9,237.4,223.6,0.6,15750.0,246.4
2019-09-09T15:40:08,30.9,237.4,228.3,0.6,15760.0,248.3
2019-09-09T15:40:40,30.9,228.6,227.1,0.6,15770.0,246.4
2019-09-09T15:41:11,30.8,229.7,227.1,0.6,15780.0,248.3
2019-09-09T15:41:42,30.5,230.3,227.7,0.6,15790.0,247.3
2019-09-09T15:42:13,30.5,216.2,228.3,0.6,15800.0,248.3
2019-09-09T15:42:44,30.5,230.3,228.3,0.6,15810.0,246.4
2019-09-09T15:43:15,30.5,229.2,226.5,0.6,15820.0,246.4
2019-09-09T15:43:46,30.4,218.5,229.5,0.7,15830.0,247.3
2019-09-09T15:44:17,30.4,216.7,234.2,0.6,15840.0,248.3
2019-09-09T15:44:48,30.3,229.7,236.0,0.7,15850.0,248.3
2019-09-09T15:45:19,30.4,219.1,236.6,0.7,15860.0,249.3
2019-09-09T15:45:51,30.4,210.8,234.8,0.6,15870.0,248.3
2019-09-09T15:46:22,30.4,204.3,230.1,0.7,15880.0,248.3
2019-09-09T15:46:53,30.4,207.3,232.4,0.6,15890.0,248.3
2019-09-09T15:47:24,30.4,222.7,232.4,0.6,15910.0,248.3
2019-09-09T15:47:55,30.4,213.2,231.3,0.7,15920.0,247.3
2019-09-09T15:48:26,30.5,223.8,237.2,0.6,15930.0,248.3
2019-09-09T15:48:57,30.5,230.9,235.4,0.6,15940.0,248.3
2019-09-09T15:49:28,30.5,237.4,236.6,0.6,15950.0,248.3
2019-09-09T15:49:59,30.7,219.7,234.2,0.7,15960.0,248.3
2019-09-09T15:50:30,30.7,233.3,234.2,0.7,15970.0,248.3
2019-09-09T15:51:02,30.7,230.9,235.4,0.7,15980.0,248.3
2019-09-09T15:51:33,30.5,217.3,236.6,0.7,15990.0,248.3
2019-09-09T15:52:04,30.5,227.4,224.2,0.7,16000.0,249.3
2019-09-09T15:52:35,30.7,209.1,228.3,0.6,16010.0,248.3
2019-09-09T15:53:06,30.8,215.0,236.0,0.7,16020.0,248.3
2019-09-09T15:53:37,30.9,217.9,236.0,0.8,16030.0,248.3
2019-09-09T15:54:08,31.0,211.4,233.6,0.8,16030.0,247.3
2019-09-09T15:54:39,31.1,216.2,231.9,0.7,16040.0,246.4
2019-09-09T15:55:10,31.2,214.4,239.5,0.7,16050.0,246.4
2019-09-09T15:55:41,31.2,213.2,225.4,0.7,16060.0,246.4
2019-09-09T15:56:13,31.4,236.2,233.6,0.6,16070.0,246.4
2019-09-09T15:56:44,31.2,226.8,233.0,0.6,16080.0,247.3
2019-09-09T15:57:15,31.4,222.7,228.9,0.8,16090.0,247.3
2019-09-09T15:57:46,31.4,218.5,237.2,0.7,16100.0,246.4
2019-09-09T15:58:17,31.4,231.5,235.4,0.6,16110.0,243.5
2019-09-09T15:58:48,31.2,230.9,236.0,0.7,16120.0,244.4
2019-09-09T15:59:19,31.1,218.5,235.4,0.7,16130.0,241.5
2019-09-09T15:59:50,31.2,204.9,231.9,0.7,16140.0,243.5
2019-09-09T16:00:21,31.2,201.4,231.9,0.7,16150.0,242.5
2019-09-09T16:00:52,31.4,225.6,231.3,0.7,16160.0,243.5
2019-09-09T16:01:24,31.2,225.6,232.4,0.6,16170.0,247.3
2019-09-09T16:01:55,31.1,235.6,225.4,0.6,16180.0,243.5
2019-09-09T16:02:26,31.0,226.2,230.7,0.7,16190.0,246.4
2019-09-09T16:02:57,31.1,229.7,231.3,0.7,16200.0,244.4
2019-09-09T16:03:28,31.1,221.5,229.5,0.7,16200.0,245.4
2019-09-09T16:03:59,31.1,211.4,228.9,0.7,16210.0,244.4
2019-09-09T16:04:30,31.1,213.2,237.2,0.7,16220.0,246.4
2019-09-09T16:05:01,31.1,214.4,236.6,0.7,16230.0,245.4
2019-09-09T16:05:32,31.2,214.4,231.9,0.7,16240.0,246.4
2019-09-09T16:06:04,31.2,213.2,233.0,0.7,16250.0,245.4
2019-09-09T16:06:35,31.1,228.6,238.4,0.7,16260.0,246.4
2019-09-09T16:07:06,31.1,224.4,233.0,0.7,16270.0,245.4
2019-09-09T16:07:37,31.1,230.9,230.7,0.7,16280.0,244.4
2019-09-09T16:08:08,31.1,232.1,234.8,0.7,16290.0,243.5
2019-09-09T16:08:39,31.1,225.0,232.4,0.7,16290.0,245.4
2019-09-09T16:09:10,31.1,215.6,229.5,0.7,16300.0,245.4
2019-09-09T16:09:41,31.0,227.4,227.1,0.6,16310.0,245.4
2019-09-09T16:10:12,31.0,232.1,228.9,0.7,16320.0,245.4
2019-09-09T16:10:43,31.1,228.6,236.6,0.7,16330.0,245.4
2019-09-09T16:11:15,31.1,222.1,237.2,0.7,16340.0,244.4
2019-09-09T16:11:46,31.1,226.2,237.2,0.7,16350.0,246.4
2019-09-09T16:12:17,31.1,222.1,232.4,0.6,16360.0,246.4
2019-09-09T16:12:48,31.0,226.8,235.4,0.7,16360.0,244.4
2019-09-09T16:13:19,31.0,219.7,232.4,0.7,16370.0,244.4
2019-09-09T16:13:50,30.9,235.1,230.7,0.6,16380.0,245.4
2019-09-09T16:14:21,31.0,224.4,227.7,0.7,16390.0,244.4
2019-09-09T16:14:52,31.0,236.8,236.6,0.6,16400.0,245.4
2019-09-09T16:15:23,30.9,225.0,233.0,0.7,16410.0,244.4
2019-09-09T16:15:54,30.9,223.2,231.3,0.6,16410.0,246.4
2019-09-09T16:16:26,30.8,219.7,233.6,0.7,16420.0,244.4
2019-09-09T16:16:57,30.5,225.0,232.4,0.6,16430.0,247.3
2019-09-09T16:17:28,30.7,228.0,236.6,0.6,16440.0,247.3
2019-09-09T16:17:59,30.7,207.3,231.9,0.7,16450.0,247.3
2019-09-09T16:18:30,30.8,202.0,227.1,0.7,16450.0,248.3
2019-09-09T16:19:01,30.9,186.6,232.4,0.9,16460.0,247.3
2019-09-09T16:19:32,30.8,173.6,230.1,0.8,16470.0,245.4
2019-09-09T16:20:03,30.9,178.3,234.8,0.8,16480.0,247.3
2019-09-09T16:20:34,31.0,180.7,237.2,0.9,16490.0,246.4
2019-09-09T16:21:06,30.9,178.9,231.9,0.8,16490.0,245.4
2019-09-09T16:21:37,30.9,178.9,231.3,0.9,16500.0,245.4
2019-09-09T16:22:08,30.9,178.3,239.5,0.9,16510.0,243.5
2019-09-09T16:22:39,30.9,183.1,239.5,0.9,16520.0,245.4
2019-09-09T16:23:10,30.9,180.7,234.2,0.8,16520.0,245.4
2019-09-09T16:23:41,30.9,173.0,230.1,1.0,16530.0,245.4
2019-09-09T16:24:12,30.9,173.6,230.1,0.9,16540.0,244.4
2019-09-09T16:24:43,30.8,178.9,228.3,0.8,16550.0,243.5
2019-09-09T16:25:14,30.7,182.5,237.2,0.8,16550.0,244.4
2019-09-09T16:25:45,30.5,166.5,239.5,0.9,16560.0,244.4
2019-09-09T16:26:18,30.5,169.5,231.9,0.8,16570.0,244.4
2019-09-09T16:26:49,30.5,172.4,241.3,1.0,16580.0,244.4
2019-09-09T16:27:20,30.4,180.7,241.3,1.0,16590.0,241.5
2019-09-09T16:27:51,30.5,178.3,237.2,1.1,16590.0,244.4
2019-09-09T16:28:22,30.7,186.0,239.0,0.9,16600.0,244.4
2019-09-09T16:28:53,30.5,189.6,239.5,0.8,16610.0,245.4
2019-09-09T16:29:24,30.5,201.4,236.0,0.7,16620.0,243.5
2019-09-09T16:29:55,30.5,203.2,233.0,0.8,16620.0,243.5
2019-09-09T16:30:26,30.5,200.2,233.0,0.8,16630.0,244.4
2019-09-09T16:30:57,30.5,191.9,231.3,0.7,16640.0,244.4
2019-09-09T16:31:29,30.5,207.9,234.8,0.7,16640.0,244.4
2019-09-09T16:32:00,30.5,210.2,232.4,0.8,16650.0,245.4
2019-09-09T16:32:31,30.5,217.9,232.4,0.7,16660.0,242.5
2019-09-09T16:33:02,30.5,225.6,233.6,0.7,16670.0,243.5
2019-09-09T16:33:33,30.4,218.5,234.2,0.9,16670.0,244.4
2019-09-09T16:34:04,30.4,226.8,231.9,0.6,16680.0,245.4
2019-09-09T16:34:35,30.3,228.6,232.4,0.7,16690.0,245.4
2019-09-09T16:35:06,30.3,240.4,237.2,0.6,16690.0,245.4
2019-09-09T16:35:37,30.3,232.7,242.5,0.6,16700.0,244.4
2019-09-09T16:36:08,30.3,225.0,244.3,0.7,16710.0,246.4
2019-09-09T16:36:39,30.3,213.2,240.7,1.0,16710.0,244.4
2019-09-09T16:37:10,30.4,229.2,241.3,0.7,16720.0,246.4
2019-09-09T16:37:41,30.4,229.2,240.1,0.7,16730.0,245.4
2019-09-09T16:38:12,30.7,238.0,237.2,0.6,16730.0,244.4
2019-09-09T16:38:43,30.7,233.9,237.2,0.9,16740.0,244.4
2019-09-09T16:39:14,30.5,228.0,240.1,0.7,16750.0,246.4
2019-09-09T16:39:45,30.5,225.6,236.6,0.6,16750.0,244.4
2019-09-09T16:40:16,30.4,214.4,235.4,0.7,16760.0,244.4
2019-09-09T16:40:48,30.4,216.7,243.1,0.8,16770.0,244.4
2019-09-09T16:41:19,30.4,208.5,243.1,0.8,16770.0,244.4
2019-09-09T16:41:50,30.4,216.2,242.5,0.8,16780.0,245.4
2019-09-09T16:42:21,30.4,216.2,241.3,0.9,16780.0,243.5
2019-09-09T16:42:52,30.4,213.8,234.2,0.7,16790.0,245.4
2019-09-09T16:43:23,30.4,213.2,239.0,0.8,16800.0,242.5
2019-09-09T16:43:54,30.4,203.2,239.0,0.8,16800.0,245.4
2019-09-09T16:44:25,30.3,210.8,229.5,0.7,16810.0,243.5
2019-09-09T16:44:56,30.3,225.6,239.5,0.7,16810.0,244.4
2019-09-09T16:45:27,30.4,220.3,236.0,0.9,16820.0,243.5
2019-09-09T16:45:59,30.4,236.2,241.3,0.7,16830.0,242.5
2019-09-09T16:46:30,30.4,233.3,248.4,0.8,16830.0,241.5
2019-09-09T16:47:01,30.3,238.6,240.1,0.7,16840.0,242.5
2019-09-09T16:47:32,30.3,231.5,240.7,0.8,16840.0,242.5
2019-09-09T16:48:03,30.2,225.0,234.8,0.8,16850.0,243.5
2019-09-09T16:48:34,30.2,226.8,225.9,0.7,16850.0,243.5
2019-09-09T16:49:05,30.2,220.3,235.4,0.8,16860.0,242.5
2019-09-09T16:49:36,30.1,216.2,231.9,0.7,16870.0,242.5
2019-09-09T16:50:07,30.1,221.5,242.5,0.8,16870.0,241.5
2019-09-09T16:50:39,30.1,222.1,243.7,0.8,16880.0,241.5
2019-09-09T16:51:10,30.1,215.6,236.0,0.9,16880.0,243.5
2019-09-09T16:51:41,30.2,213.2,227.7,0.8,16890.0,243.5
2019-09-09T16:52:12,30.1,219.1,230.1,0.7,16890.0,241.5
2019-09-09T16:52:43,30.1,225.6,240.1,0.7,16900.0,241.5
2019-09-09T16:53:14,30.2,215.0,236.0,0.9,16900.0,241.5
2019-09-09T16:53:45,30.1,205.5,237.2,0.9,16910.0,241.5
2019-09-09T16:54:16,30.1,223.8,236.0,0.7,16910.0,241.5
2019-09-09T16:54:47,30.2,214.4,228.3,0.8,16920.0,242.5
2019-09-09T16:55:18,30.3,223.8,237.2,0.7,16920.0,243.5
2019-09-09T16:55:50,30.3,216.2,234.8,0.8,16930.0,243.5
2019-09-09T16:56:22,30.2,214.4,238.4,0.7,16930.0,243.5
2019-09-09T16:56:53,30.1,200.8,237.2,0.9,16940.0,242.5
2019-09-09T16:57:24,29.7,201.4,224.8,0.8,16940.0,242.5
2019-09-09T16:57:55,30.1,199.6,232.4,0.7,16950.0,242.5
2019-09-09T16:58:26,30.1,184.3,228.9,1.1,16950.0,245.4
2019-09-09T16:58:57,30.1,176.6,236.0,1.0,16960.0,243.5
2019-09-09T16:59:28,30.1,171.3,234.8,1.1,16960.0,242.5
2019-09-09T16:59:59,30.2,176.0,229.5,1.0,16960.0,243.5
2019-09-09T17:00:30,30.2,157.1,241.9,1.5,16970.0,243.5
2019-09-09T17:01:02,30.3,152.9,236.0,1.4,16970.0,241.5
2019-09-09T17:01:33,30.2,161.2,250.8,1.6,16980.0,241.5
2019-09-09T17:02:04,30.2,173.6,242.5,1.4,16980.0,240.6
2019-09-09T17:02:35,30.2,158.3,236.0,1.4,16990.0,241.5
2019-09-09T17:03:06,30.2,168.3,226.5,1.2,16990.0,240.6
2019-09-09T17:03:37,30.3,173.0,225.4,1.3,17000.0,239.6
2019-09-09T17:04:08,29.7,187.2,223.6,1.1,17000.0,240.6
2019-09-09T17:04:39,29.7,181.3,223.0,1.2,17000.0,240.6
2019-09-09T17:05:10,29.7,183.7,217.7,1.2,17010.0,240.6
2019-09-09T17:05:41,29.4,180.1,217.7,1.1,17010.0,240.6
2019-09-09T17:06:13,29.4,174.8,220.0,1.1,17020.0,239.6
2019-09-09T17:06:44,29.4,185.4,215.9,1.0,17020.0,239.6
2019-09-09T17:07:15,29.4,183.1,215.9,1.0,17020.0,239.6
2019-09-09T17:07:46,29.4,196.7,217.7,1.0,17030.0,239.6
2019-09-09T17:08:17,29.7,193.7,220.0,0.8,17030.0,240.6
2019-09-09T17:08:48,29.7,191.3,217.1,0.9,17030.0,240.6
2019-09-09T17:09:19,30.1,195.5,215.9,0.8,17040.0,239.6
2019-09-09T17:09:50,29.7,190.8,218.8,0.8,17040.0,239.6
2019-09-09T17:10:21,29.7,206.7,210.0,0.8,17040.0,239.6
2019-09-09T17:10:52,29.4,208.5,224.2,0.9,17040.0,236.7
2019-09-09T17:11:24,29.0,199.0,220.6,0.8,17050.0,239.6
2019-09-09T17:11:55,28.6,217.3,215.3,0.7,17050.0,239.6
2019-09-09T17:12:26,28.6,201.4,220.6,0.8,17050.0,241.5
2019-09-09T17:12:57,28.3,222.1,215.9,0.6,17050.0,240.6
2019-09-09T17:13:28,28.3,215.6,218.3,0.7,17060.0,241.5
2019-09-09T17:13:59,28.3,215.0,208.8,0.7,17060.0,242.5
2019-09-09T17:14:30,28.3,219.7,206.4,0.6,17060.0,241.5
2019-09-09T17:15:01,28.3,217.9,206.4,0.6,17060.0,241.5
2019-09-09T17:15:33,28.3,200.8,205.8,0.6,17070.0,243.5
2019-09-09T17:16:06,28.3,215.6,212.9,0.6,17070.0,242.5
2019-09-09T17:16:37,28.3,213.2,220.6,0.5,17070.0,243.5
2019-09-09T17:17:08,27.9,199.6,218.8,0.5,17070.0,243.5
2019-09-09T17:17:39,27.9,213.8,218.8,0.5,17070.0,242.5
2019-09-09T17:18:10,27.9,210.2,214.1,0.4,17070.0,241.5
2019-09-09T17:18:41,27.5,213.2,218.3,0.5,17080.0,241.5
2019-09-09T17:19:12,27.5,199.6,218.8,0.4,17080.0,239.6
2019-09-09T17:19:43,27.5,189.6,225.9,0.4,17080.0,241.5
2019-09-09T17:20:14,27.2,203.2,223.0,0.3,17080.0,242.5
2019-09-09T17:20:45,27.2,203.7,223.6,0.4,17080.0,242.5
2019-09-09T17:21:18,26.8,208.5,214.1,0.3,17080.0,242.5
2019-09-09T17:21:49,26.8,196.7,228.3,0.3,17080.0,242.5
2019-09-09T17:22:20,26.8,200.2,234.2,0.3,17080.0,242.5
2019-09-09T17:22:51,26.8,204.9,220.6,0.3,17090.0,242.5
2019-09-09T17:23:22,26.8,183.7,239.0,0.2,17090.0,241.5
2019-09-09T17:23:53,26.8,203.2,217.7,0.2,17090.0,241.5
2019-09-09T17:24:24,26.4,199.6,214.1,0.2,17090.0,242.5
2019-09-09T17:24:55,26.4,177.8,230.7,0.2,17090.0,242.5
2019-09-09T17:25:26,26.4,199.6,231.9,0.2,17090.0,242.5
2019-09-09T17:25:57,26.4,196.1,226.5,0.2,17090.0,243.5
2019-09-09T17:26:29,26.1,175.4,211.7,0.1,17090.0,245.4
2019-09-09T17:27:00,26.1,189.0,231.3,0.1,17090.0,243.5
2019-09-09T17:27:31,26.1,199.6,212.9,0.1,17090.0,244.4
2019-09-09T17:28:02,26.4,181.3,193.4,0.1,17090.0,242.5
2019-09-09T17:28:33,26.4,161.2,197.0,0.1,17090.0,241.5
2019-09-09T17:29:04,26.4,163.0,217.7,0.1,17090.0,241.5
2019-09-09T17:29:35,26.4,184.8,218.8,0.0,17090.0,242.5
2019-09-09T17:30:06,26.1,204.3,197.5,0.1,17090.0,242.5
2019-09-09T17:30:37,26.1,186.6,178.0,0.1,17090.0,241.5
2019-09-09T17:31:09,25.7,168.3,170.9,0.1,17090.0,242.5
2019-09-09T17:31:40,25.3,146.4,191.0,0.1,17090.0,240.6
2019-09-09T17:32:11,25.3,166.5,211.7,0.0,17090.0,241.5
2019-09-09T17:32:42,25.3,186.6,230.7,0.1,17090.0,241.5
2019-09-09T17:33:13,25.3,206.1,210.6,0.0,17090.0,244.4
2019-09-09T17:33:44,25.3,184.8,194.6,0.1,17090.0,243.5
2019-09-09T17:34:15,25.3,163.6,171.5,0.1,17090.0,243.5
2019-09-09T17:34:46,25.3,141.7,152.6,0.1,17090.0,245.4
2019-09-09T17:35:17,25.0,141.7,131.3,0.0,17090.0,241.5
2019-09-09T17:35:48,25.0,163.6,110.6,0.0,17090.0,241.5
2019-09-09T17:36:20,24.6,183.1,123.6,0.0,17090.0,241.5
2019-09-09T17:36:51,24.2,199.6,146.7,0.0,17090.0,241.5
2019-09-09T17:37:22,24.2,198.4,233.0,0.0,17090.0,241.5
2019-09-09T17:37:53,23.9,196.7,218.3,0.0,17090.0,239.6
2019-09-09T17:38:24,23.9,194.9,214.1,0.0,17090.0,238.6
2019-09-09T17:38:55,23.9,193.1,208.8,0.0,17090.0,236.7
2019-09-09T17:39:26,23.9,191.3,202.3,0.0,17090.0,236.7
2019-09-09T17:39:57,23.9,189.6,196.4,0.0,17090.0,237.7
2019-09-09T17:40:28,23.5,184.3,190.4,0.0,17090.0,238.6
2019-09-09T17:41:00,23.5,155.3,183.9,0.0,17090.0,238.6
2019-09-09T17:41:31,23.5,171.9,172.1,0.0,17090.0,238.6
2019-09-09T17:42:02,23.5,163.0,163.8,0.0,17090.0,236.7
2019-09-09T17:42:33,23.5,150.0,150.2,0.0,17090.0,236.7
2019-09-09T17:43:04,23.1,126.4,126.6,0.0,17090.0,236.7
