2019-09-14T06:35:27,11.4,200.8,227.7,0.2,20.0,243.5
2019-09-14T06:35:59,11.8,180.7,248.4,0.2,20.0,242.5
2019-09-14T06:36:30,11.8,159.4,234.2,0.2,20.0,241.5
2019-09-14T06:37:01,11.8,177.8,212.3,0.3,20.0,241.5
2019-09-14T06:37:32,11.8,199.0,198.7,0.2,20.0,242.5
2019-09-14T06:38:03,11.8,220.3,220.6,0.2,20.0,241.5
2019-09-14T06:38:34,12.1,206.1,240.7,0.2,20.0,241.5
2019-09-14T06:39:05,11.8,184.8,250.2,0.2,20.0,242.5
2019-09-14T06:39:36,11.8,165.4,229.5,0.3,30.0,242.5
2019-09-14T06:40:07,11.8,180.7,207.0,0.2,30.0,244.4
2019-09-14T06:40:39,11.8,203.2,206.4,0.2,30.0,244.4
2019-09-14T06:41:10,12.1,223.2,228.3,0.2,30.0,244.4
2019-09-14T06:41:41,12.1,204.3,248.4,0.3,30.0,244.4
2019-09-14T06:42:12,12.1,183.1,243.1,0.3,30.0,242.5
2019-09-14T06:42:43,12.1,164.2,221.8,0.3,30.0,244.4
2019-09-14T06:43:14,12.1,170.7,208.8,0.3,30.0,242.5
2019-09-14T06:43:45,12.1,191.3,229.5,0.3,30.0,243.5
2019-09-14T06:44:16,12.1,213.8,251.4,0.3,30.0,242.5
2019-09-14T06:44:47,12.1,219.1,235.4,0.3,30.0,243.5
2019-09-14T06:45:18,12.1,197.8,215.3,0.3,30.0,243.5
2019-09-14T06:45:50,12.1,191.9,197.5,0.3,40.0,243.5
2019-09-14T06:46:21,12.1,214.4,220.6,0.3,40.0,243.5
2019-09-14T06:46:52,12.1,217.3,241.3,0.3,40.0,242.5
2019-09-14T06:47:23,12.5,196.1,249.6,0.3,40.0,243.5
2019-09-14T06:47:54,12.5,176.6,228.9,0.4,40.0,242.5
2019-09-14T06:48:25,12.5,171.3,215.3,0.3,40.0,243.5
2019-09-14T06:48:56,12.5,193.7,237.2,0.3,40.0,242.5
2019-09-14T06:49:27,12.5,216.2,252.0,0.3,40.0,243.5
2019-09-14T06:49:58,12.9,210.8,229.5,0.3,40.0,243.5
2019-09-14T06:50:29,12.5,189.6,208.8,0.4,40.0,242.5
2019-09-14T06:51:01,12.9,194.3,206.4,0.4,40.0,242.5
2019-09-14T06:51:32,12.9,191.3,205.8,0.4,50.0,241.5
2019-09-14T06:52:03,12.9,212.6,227.7,0.4,50.0,243.5
2019-09-14T06:52:34,12.9,226.2,237.8,0.3,50.0,243.5
2019-09-14T06:53:05,12.9,216.7,218.8,0.4,50.0,242.5
2019-09-14T06:53:36,12.9,211.4,206.4,0.4,50.0,244.4
2019-09-14T06:54:07,12.9,191.9,227.7,0.4,50.0,243.5
2019-09-14T06:54:38,12.9,194.3,247.8,0.4,50.0,242.5
2019-09-14T06:55:09,13.2,217.3,243.7,0.4,50.0,242.5
2019-09-14T06:55:40,13.2,213.2,221.2,0.4,50.0,242.5
2019-09-14T06:56:12,13.2,191.9,215.3,0.4,60.0,241.5
2019-09-14T06:56:43,13.2,187.8,237.8,0.4,60.0,242.5
2019-09-14T06:57:14,13.2,208.5,256.7,0.4,60.0,242.5
2019-09-14T06:57:45,13.2,217.9,231.9,0.4,60.0,242.5
2019-09-14T06:58:16,13.2,197.3,211.7,0.4,60.0,242.5
2019-09-14T06:58:47,13.2,201.4,234.8,0.4,60.0,242.5
2019-09-14T06:59:18,13.6,222.1,252.0,0.4,60.0,242.5
2019-09-14T06:59:49,13.6,207.9,230.1,0.4,60.0,242.5
2019-09-14T07:00:20,13.6,187.8,209.4,0.4,60.0,242.5
2019-09-14T07:00:51,13.6,196.7,226.5,0.4,70.0,243.5
2019-09-14T07:01:22,13.6,218.5,247.8,0.4,70.0,243.5
2019-09-14T07:01:53,14.0,207.9,238.4,0.4,70.0,243.5
2019-09-14T07:02:24,14.0,195.5,217.7,0.5,70.0,243.5
2019-09-14T07:02:55,14.0,217.3,206.4,0.4,70.0,242.5
2019-09-14T07:03:26,14.0,216.2,228.9,0.4,70.0,243.5
2019-09-14T07:03:57,14.0,194.3,249.6,0.4,70.0,243.5
2019-09-14T07:04:28,14.0,215.6,240.1,0.4,70.0,242.5
2019-09-14T07:04:59,14.0,212.6,220.0,0.4,80.0,240.6
2019-09-14T07:05:31,14.3,194.3,221.8,0.4,80.0,242.5
2019-09-14T07:06:02,14.0,217.3,244.3,0.4,80.0,240.6
2019-09-14T07:06:33,14.3,216.2,247.8,0.4,80.0,240.6
2019-09-14T07:07:04,14.3,196.7,227.1,0.4,80.0,240.6
2019-09-14T07:07:35,14.3,193.7,206.4,0.4,80.0,240.6
2019-09-14T07:08:06,14.3,216.7,219.4,0.5,80.0,240.6
2019-09-14T07:08:37,14.3,216.7,240.1,0.4,80.0,241.5
2019-09-14T07:09:08,14.3,196.7,252.6,0.5,90.0,240.6
2019-09-14T07:09:39,14.3,212.0,228.3,0.5,90.0,240.6
2019-09-14T07:10:10,14.3,224.4,222.4,0.4,90.0,240.6
2019-09-14T07:10:41,14.3,200.8,244.3,0.5,90.0,241.5
2019-09-14T07:11:13,14.7,200.2,249.0,0.5,90.0,243.5
2019-09-14T07:11:44,14.7,222.7,227.7,0.5,90.0,242.5
2019-09-14T07:12:15,14.7,207.9,218.8,0.5,90.0,242.5
2019-09-14T07:12:46,14.7,201.4,241.9,0.5,100.0,242.5
2019-09-14T07:13:17,14.7,222.7,250.2,0.5,100.0,241.5
2019-09-14T07:13:48,14.7,213.2,227.7,0.5,100.0,242.5
2019-09-14T07:14:19,14.7,200.8,232.4,0.5,100.0,240.6
2019-09-14T07:14:50,15.1,221.5,252.6,0.5,100.0,242.5
2019-09-14T07:15:21,15.1,212.0,239.0,0.5,100.0,242.5
2019-09-14T07:15:52,15.1,191.9,218.3,0.5,110.0,241.5
2019-09-14T07:16:24,15.1,212.6,234.8,0.5,110.0,240.6
2019-09-14T07:16:55,15.4,219.7,256.7,0.5,110.0,241.5
2019-09-14T07:17:26,15.4,197.8,233.6,0.5,110.0,240.6
2019-09-14T07:17:57,15.4,216.7,250.8,0.5,110.0,240.6
2019-09-14T07:18:28,15.4,220.3,237.8,0.5,110.0,240.6
2019-09-14T07:18:59,15.8,199.0,217.7,0.6,120.0,238.6
2019-09-14T07:19:30,15.8,202.6,228.3,0.6,120.0,239.6
2019-09-14T07:20:01,15.8,224.4,250.8,0.5,120.0,239.6
2019-09-14T07:20:32,15.8,212.6,237.2,0.6,120.0,237.7
2019-09-14T07:21:04,15.8,191.9,228.3,0.6,120.0,240.6
2019-09-14T07:21:35,15.8,170.7,250.8,0.7,130.0,240.6
2019-09-14T07:22:06,16.2,189.6,242.5,0.7,130.0,240.6
2019-09-14T07:22:37,16.2,210.8,223.6,0.6,130.0,242.5
2019-09-14T07:23:08,16.2,230.3,246.1,0.5,130.0,241.5
2019-09-14T07:23:39,16.2,207.9,241.3,0.6,130.0,242.5
2019-09-14T07:24:10,16.2,210.8,220.0,0.7,130.0,241.5
2019-09-14T07:24:41,16.2,230.3,237.8,0.5,140.0,241.5
2019-09-14T07:25:12,16.5,209.7,255.5,0.6,140.0,242.5
2019-09-14T07:25:43,16.5,210.8,231.9,0.6,140.0,239.6
2019-09-14T07:26:15,16.5,230.3,238.4,0.6,140.0,239.6
2019-09-14T07:26:46,16.5,207.3,247.8,0.6,150.0,239.6
2019-09-14T07:27:17,16.5,207.3,226.5,0.6,150.0,239.6
2019-09-14T07:27:48,16.5,228.6,235.4,0.6,150.0,241.5
2019-09-14T07:28:19,16.9,209.7,254.3,0.7,150.0,242.5
2019-09-14T07:28:50,16.9,208.5,232.4,0.7,150.0,241.5
2019-09-14T07:29:21,16.9,229.7,241.9,0.6,160.0,242.5
2019-09-14T07:29:52,16.9,209.1,241.9,0.7,160.0,243.5
2019-09-14T07:30:23,17.3,209.1,233.6,0.7,160.0,243.5
2019-09-14T07:30:54,16.9,229.7,250.8,0.7,160.0,243.5
2019-09-14T07:31:25,17.3,206.7,227.7,0.7,170.0,243.5
2019-09-14T07:31:56,17.3,210.2,246.6,0.7,170.0,243.5
2019-09-14T07:32:27,17.3,230.3,240.1,0.7,170.0,242.5
2019-09-14T07:32:59,17.3,207.9,227.7,0.7,170.0,242.5
2019-09-14T07:33:30,17.3,207.3,249.0,0.7,180.0,242.5
2019-09-14T07:34:01,17.6,229.7,240.7,0.7,180.0,243.5
2019-09-14T07:34:32,17.6,211.4,234.8,0.8,180.0,242.5
2019-09-14T07:35:03,17.6,200.2,252.6,0.8,190.0,242.5
2019-09-14T07:35:34,17.6,223.2,233.0,0.8,190.0,243.5
2019-09-14T07:36:05,18.0,219.7,254.9,0.8,190.0,242.5
2019-09-14T07:36:36,18.0,206.1,234.8,0.9,190.0,243.5
2019-09-14T07:37:07,18.0,227.4,253.2,0.8,200.0,242.5
2019-09-14T07:37:38,18.4,215.0,233.0,0.9,200.0,241.5
2019-09-14T07:38:09,18.4,198.4,240.7,0.8,200.0,242.5
2019-09-14T07:38:40,18.4,221.5,250.8,0.8,210.0,243.5
2019-09-14T07:39:11,18.4,222.1,228.9,0.8,210.0,243.5
2019-09-14T07:39:42,18.7,206.7,250.8,0.9,210.0,243.5
2019-09-14T07:40:13,18.7,228.0,237.8,0.9,220.0,242.5
2019-09-14T07:40:45,18.7,211.4,249.0,0.9,220.0,241.5
2019-09-14T07:41:16,18.7,225.6,234.8,0.9,220.0,241.5
2019-09-14T07:41:47,18.7,217.9,244.9,0.9,230.0,241.5
2019-09-14T07:42:18,18.7,211.4,239.5,0.9,230.0,241.5
2019-09-14T07:42:49,18.7,229.7,248.4,0.8,230.0,241.5
2019-09-14T07:43:20,18.7,207.9,238.4,1.1,240.0,241.5
2019-09-14T07:43:51,18.7,216.7,248.4,1.0,240.0,241.5
2019-09-14T07:44:22,18.7,221.5,250.8,0.9,240.0,240.6
2019-09-14T07:44:53,18.7,203.7,232.4,1.0,250.0,240.6
2019-09-14T07:45:24,18.7,226.8,252.6,1.0,250.0,240.6
2019-09-14T07:45:56,18.7,214.4,230.7,1.0,250.0,241.5
2019-09-14T07:46:27,18.7,210.8,251.4,1.0,260.0,242.5
2019-09-14T07:46:58,19.1,217.3,237.2,1.0,260.0,241.5
2019-09-14T07:47:29,19.1,229.7,252.6,1.0,270.0,242.5
2019-09-14T07:48:00,19.1,207.9,232.4,1.1,270.0,242.5
2019-09-14T07:48:31,19.1,220.3,255.5,1.0,270.0,242.5
2019-09-14T07:49:02,19.1,223.2,233.0,1.1,280.0,242.5
2019-09-14T07:49:33,19.1,214.4,250.8,1.1,280.0,240.6
2019-09-14T07:50:04,19.5,228.6,234.8,1.1,290.0,241.5
2019-09-14T07:50:36,19.5,207.3,249.6,1.1,290.0,241.5
2019-09-14T07:51:07,19.8,216.2,240.1,1.2,290.0,242.5
2019-09-14T07:51:38,19.8,227.4,244.9,1.1,300.0,242.5
2019-09-14T07:52:09,20.2,206.7,239.0,1.2,300.0,241.5
2019-09-14T07:52:40,20.2,218.5,246.6,1.1,310.0,242.5
2019-09-14T07:53:11,20.2,224.4,240.7,1.1,310.0,241.5
2019-09-14T07:53:42,20.2,213.2,241.9,1.2,320.0,242.5
2019-09-14T07:54:13,20.2,213.2,249.6,1.2,320.0,242.5
2019-09-14T07:54:44,20.2,222.7,236.0,1.2,330.0,243.5
2019-09-14T07:55:15,20.2,220.9,251.4,1.2,330.0,242.5
2019-09-14T07:55:47,20.2,219.7,235.4,1.2,340.0,243.5
2019-09-14T07:56:18,20.2,225.6,245.5,1.2,340.0,243.5
2019-09-14T07:56:49,20.2,216.2,251.4,1.2,340.0,242.5
2019-09-14T07:57:20,20.2,212.6,237.2,1.2,350.0,243.5
2019-09-14T07:57:51,19.8,198.4,243.7,1.4,350.0,242.5
2019-09-14T07:58:22,19.8,200.8,232.4,1.3,360.0,242.5
2019-09-14T07:58:53,20.2,198.4,249.0,1.3,360.0,242.5
2019-09-14T07:59:24,20.2,219.1,236.0,1.2,370.0,242.5
2019-09-14T07:59:55,20.2,199.6,246.1,1.4,370.0,242.5
2019-09-14T08:00:26,20.2,199.6,243.7,1.4,380.0,242.5
2019-09-14T08:00:57,20.2,207.3,246.1,1.4,380.0,243.5
2019-09-14T08:01:29,20.6,202.6,239.5,1.4,390.0,242.5
2019-09-14T08:02:00,20.6,207.3,242.5,1.3,390.0,243.5
2019-09-14T08:02:31,20.6,211.4,246.1,1.4,400.0,243.5
2019-09-14T08:03:02,20.9,215.0,236.6,1.3,400.0,242.5
2019-09-14T08:03:33,20.9,211.4,247.8,1.3,410.0,243.5
2019-09-14T08:04:04,20.9,206.1,246.1,1.3,420.0,243.5
2019-09-14T08:04:35,20.9,199.0,232.4,1.3,420.0,243.5
2019-09-14T08:05:06,21.3,200.8,249.6,1.5,430.0,243.5
2019-09-14T08:05:37,21.3,197.8,231.9,1.4,430.0,244.4
2019-09-14T08:06:09,21.3,199.6,247.2,1.4,440.0,244.4
2019-09-14T08:06:40,21.3,201.4,247.8,1.5,440.0,244.4
2019-09-14T08:07:11,21.3,196.7,235.4,1.5,450.0,244.4
2019-09-14T08:07:42,21.3,207.9,241.9,1.4,450.0,243.5
2019-09-14T08:08:13,21.7,185.4,246.6,1.6,460.0,244.4
2019-09-14T08:08:44,22.0,206.1,234.8,1.4,470.0,243.5
2019-09-14T08:09:15,22.0,203.7,249.6,1.5,470.0,245.4
2019-09-14T08:09:46,22.0,206.7,236.6,1.6,480.0,243.5
2019-09-14T08:10:17,22.4,207.9,243.7,1.5,480.0,244.4
2019-09-14T08:10:48,22.0,193.7,240.1,1.6,490.0,244.4
2019-09-14T08:11:20,22.0,213.8,235.4,1.5,500.0,243.5
2019-09-14T08:11:51,22.0,210.8,244.3,1.4,500.0,244.4
2019-09-14T08:12:22,22.4,210.2,246.6,1.5,510.0,244.4
2019-09-14T08:12:53,22.4,197.8,233.6,1.6,510.0,243.5
2019-09-14T08:13:24,22.4,193.7,238.4,1.7,520.0,246.4
2019-09-14T08:13:55,22.8,194.3,241.9,1.6,530.0,245.4
2019-09-14T08:14:26,22.4,201.4,239.5,1.8,530.0,244.4
2019-09-14T08:14:57,22.4,204.9,246.6,1.7,540.0,244.4
2019-09-14T08:15:28,22.4,196.7,239.0,1.8,550.0,243.5
2019-09-14T08:15:59,22.4,220.3,239.5,1.6,550.0,244.4
2019-09-14T08:16:31,22.4,217.3,246.6,1.6,560.0,243.5
2019-09-14T08:17:02,22.8,211.4,233.6,1.8,570.0,244.4
2019-09-14T08:17:33,22.8,218.5,241.3,1.8,570.0,245.4
2019-09-14T08:18:04,23.1,213.2,244.3,1.7,580.0,244.4
2019-09-14T08:18:35,23.1,208.5,242.5,1.7,590.0,245.4
2019-09-14T08:19:06,23.5,216.2,244.3,1.9,590.0,245.4
2019-09-14T08:19:37,23.5,207.9,230.7,1.9,600.0,245.4
2019-09-14T08:20:08,23.5,214.4,244.9,1.9,610.0,245.4
2019-09-14T08:20:39,23.1,210.8,233.6,1.8,610.0,244.4
2019-09-14T08:21:10,23.5,218.5,242.5,1.7,620.0,246.4
2019-09-14T08:21:41,23.5,222.7,242.5,1.9,630.0,245.4
2019-09-14T08:22:12,23.9,224.4,233.6,1.8,640.0,245.4
2019-09-14T08:22:43,23.9,227.4,247.8,1.9,640.0,245.4
2019-09-14T08:23:14,23.9,222.7,238.4,2.0,650.0,244.4
2019-09-14T08:23:45,23.9,219.7,233.6,1.9,660.0,243.5
2019-09-14T08:24:16,23.9,224.4,246.6,1.9,670.0,244.4
2019-09-14T08:24:47,23.5,218.5,234.8,2.0,680.0,244.4
2019-09-14T08:25:18,23.9,225.0,237.2,2.0,680.0,246.4
2019-09-14T08:25:50,23.9,221.5,246.1,2.0,690.0,243.5
2019-09-14T08:26:21,24.2,228.0,230.1,2.0,700.0,247.3
2019-09-14T08:26:52,23.9,223.2,242.5,2.1,710.0,243.5
2019-09-14T08:27:23,23.9,225.0,236.6,2.1,720.0,246.4
2019-09-14T08:27:54,24.2,222.7,237.8,2.0,720.0,247.3
2019-09-14T08:28:25,24.2,225.6,246.6,2.1,730.0,246.4
2019-09-14T08:28:56,24.2,222.1,230.1,2.0,740.0,246.4
2019-09-14T08:29:27,24.2,225.0,239.0,2.1,750.0,246.4
2019-09-14T08:29:58,24.2,225.0,242.5,2.1,760.0,246.4
2019-09-14T08:30:29,24.6,228.0,233.0,2.0,770.0,246.4
2019-09-14T08:31:01,24.6,220.9,237.2,2.2,770.0,244.4
2019-09-14T08:31:32,25.0,224.4,246.6,2.1,780.0,246.4
2019-09-14T08:32:03,25.0,226.8,234.2,2.2,790.0,245.4
2019-09-14T08:32:34,25.0,227.4,235.4,2.2,800.0,245.4
2019-09-14T08:33:05,25.3,225.6,245.5,2.2,810.0,244.4
2019-09-14T08:33:36,25.3,222.1,239.5,2.2,820.0,246.4
2019-09-14T08:34:07,25.3,227.4,232.4,2.3,830.0,245.4
2019-09-14T08:34:38,25.7,219.1,236.0,2.3,840.0,245.4
2019-09-14T08:35:09,25.7,225.6,244.9,2.3,840.0,245.4
2019-09-14T08:35:40,25.7,227.4,238.4,2.2,850.0,245.4
2019-09-14T08:36:12,25.7,222.1,231.9,2.3,860.0,245.4
2019-09-14T08:36:43,26.1,220.9,245.5,2.3,870.0,246.4
2019-09-14T08:37:14,26.1,222.7,236.6,2.4,880.0,245.4
2019-09-14T08:37:45,26.1,222.7,233.6,2.3,890.0,246.4
2019-09-14T08:38:16,26.1,221.5,244.9,2.3,900.0,245.4
2019-09-14T08:38:47,25.7,222.1,241.3,2.4,910.0,245.4
2019-09-14T08:39:18,25.7,222.7,241.3,2.4,920.0,245.4
2019-09-14T08:39:49,25.7,222.7,241.9,2.4,930.0,242.5
2019-09-14T08:40:20,25.7,222.1,229.5,2.5,940.0,244.4
2019-09-14T08:40:51,25.3,223.2,236.6,2.3,950.0,244.4
2019-09-14T08:41:23,25.7,219.7,243.7,2.5,960.0,245.4
2019-09-14T08:41:54,25.7,225.0,235.4,2.5,970.0,243.5
2019-09-14T08:42:25,26.1,221.5,236.6,2.4,980.0,245.4
2019-09-14T08:42:56,26.1,225.0,241.9,2.4,990.0,244.4
2019-09-14T08:43:27,25.7,219.7,232.4,2.6,1000.0,243.5
2019-09-14T08:43:58,26.1,223.2,242.5,2.5,1010.0,245.4
2019-09-14T08:44:29,26.1,225.6,239.5,2.6,1020.0,245.4
2019-09-14T08:45:00,26.4,224.4,239.5,2.5,1030.0,246.4
2019-09-14T08:45:31,26.4,222.7,240.7,2.6,1040.0,246.4
2019-09-14T08:46:03,26.8,219.7,230.7,2.5,1050.0,248.3
2019-09-14T08:46:34,27.2,225.0,237.2,2.6,1060.0,247.3
2019-09-14T08:47:05,27.5,219.1,240.1,2.7,1070.0,248.3
2019-09-14T08:47:36,27.9,220.9,233.0,2.7,1080.0,249.3
2019-09-14T08:48:07,27.9,222.7,234.8,2.6,1090.0,246.4
2019-09-14T08:48:38,28.3,223.8,244.9,2.6,1100.0,246.4
2019-09-14T08:49:09,28.3,223.8,244.9,2.8,1110.0,247.3
2019-09-14T08:49:40,28.3,225.6,235.4,2.7,1120.0,246.4
2019-09-14T08:50:11,28.6,222.7,238.4,2.8,1130.0,247.3
2019-09-14T08:50:42,28.6,219.1,240.1,2.8,1140.0,247.3
2019-09-14T08:51:13,29.0,219.1,240.1,2.7,1160.0,248.3
2019-09-14T08:51:44,29.0,224.4,236.6,2.8,1170.0,246.4
2019-09-14T08:52:15,29.0,223.2,228.3,2.8,1180.0,248.3
2019-09-14T08:52:46,29.0,218.5,236.6,2.8,1190.0,248.3
2019-09-14T08:53:17,29.0,218.5,239.0,2.9,1200.0,248.3
2019-09-14T08:53:49,28.6,219.1,231.9,2.8,1210.0,245.4
2019-09-14T08:54:20,28.6,217.9,231.9,2.9,1220.0,246.4
2019-09-14T08:54:51,28.3,220.3,237.8,2.8,1230.0,249.3
2019-09-14T08:55:22,28.3,219.1,230.1,2.9,1240.0,248.3
2019-09-14T08:55:53,28.3,215.6,228.9,2.9,1260.0,249.3
2019-09-14T08:56:25,28.6,217.9,236.6,3.0,1270.0,247.3
2019-09-14T08:56:56,29.0,218.5,239.5,2.9,1280.0,247.3
2019-09-14T08:57:27,29.4,222.7,242.5,2.9,1290.0,249.3
2019-09-14T08:57:58,29.4,222.7,233.6,2.9,1300.0,247.3
2019-09-14T08:58:29,29.7,217.9,228.3,3.0,1310.0,248.3
2019-09-14T08:59:00,30.1,222.7,241.9,2.9,1330.0,247.3
2019-09-14T08:59:31,29.7,219.1,234.2,3.1,1340.0,247.3
2019-09-14T09:00:02,29.7,218.5,227.7,3.1,1350.0,249.3
2019-09-14T09:00:33,29.7,221.5,235.4,3.1,1360.0,248.3
2019-09-14T09:01:05,29.4,220.9,234.2,3.0,1370.0,248.3
2019-09-14T09:01:36,29.4,220.3,233.6,3.0,1390.0,247.3
2019-09-14T09:02:07,29.7,217.9,234.8,3.0,1400.0,247.3
2019-09-14T09:02:38,30.1,220.9,233.6,3.1,1410.0,247.3
2019-09-14T09:03:09,30.2,215.6,241.9,3.1,1420.0,246.4
2019-09-14T09:03:40,30.2,221.5,233.6,3.2,1430.0,247.3
2019-09-14T09:04:11,30.2,220.9,233.0,3.2,1450.0,248.3
2019-09-14T09:04:42,30.3,219.1,234.8,3.2,1460.0,249.3
2019-09-14T09:05:13,30.4,219.7,231.9,3.3,1470.0,249.3
2019-09-14T09:05:44,30.4,217.3,239.5,3.2,1480.0,248.3
2019-09-14T09:06:16,30.3,216.2,230.7,3.3,1500.0,248.3
2019-09-14T09:06:47,30.3,217.3,225.4,3.3,1510.0,249.3
2019-09-14T09:07:18,30.3,218.5,230.1,3.3,1520.0,250.2
2019-09-14T09:07:49,30.3,220.3,228.9,3.3,1530.0,250.2
2019-09-14T09:08:20,30.3,220.9,231.3,3.3,1550.0,250.2
2019-09-14T09:08:51,30.4,216.7,236.0,3.4,1560.0,249.3
2019-09-14T09:09:22,30.4,222.1,228.9,3.3,1570.0,249.3
2019-09-14T09:09:53,30.4,215.0,229.5,3.3,1580.0,250.2
2019-09-14T09:10:24,30.4,217.9,227.7,3.4,1600.0,250.2
2019-09-14T09:10:55,30.4,220.3,233.0,3.3,1610.0,251.2
2019-09-14T09:11:27,30.4,220.3,234.8,3.4,1620.0,250.2
2019-09-14T09:11:58,30.4,217.3,235.4,3.5,1640.0,249.3
2019-09-14T09:12:29,30.5,217.3,224.8,3.5,1650.0,249.3
2019-09-14T09:13:00,30.4,219.7,232.4,3.5,1660.0,251.2
2019-09-14T09:13:31,30.4,221.5,234.8,3.2,1680.0,250.2
2019-09-14T09:14:02,30.4,221.5,232.4,3.5,1690.0,250.2
2019-09-14T09:14:33,30.4,215.0,225.4,3.6,1700.0,251.2
2019-09-14T09:15:04,30.4,219.1,225.9,3.6,1720.0,250.2
2019-09-14T09:15:35,30.4,215.6,224.2,3.7,1730.0,251.2
2019-09-14T09:16:06,30.4,219.7,225.4,3.5,1740.0,251.2
2019-09-14T09:16:37,30.5,216.2,226.5,3.6,1760.0,250.2
2019-09-14T09:17:08,30.5,215.0,229.5,3.6,1770.0,250.2
2019-09-14T09:17:39,30.7,218.5,233.6,3.6,1790.0,251.2
2019-09-14T09:18:10,30.7,219.7,234.8,3.5,1800.0,251.2
2019-09-14T09:18:41,30.5,218.5,225.9,3.5,1810.0,251.2
2019-09-14T09:19:12,30.5,215.6,230.7,3.6,1830.0,250.2
2019-09-14T09:19:43,30.5,217.9,237.2,3.6,1840.0,248.3
2019-09-14T09:20:14,30.5,216.7,229.5,3.7,1850.0,248.3
2019-09-14T09:20:46,30.7,218.5,225.9,3.6,1870.0,249.3
2019-09-14T09:21:17,30.5,216.2,225.4,3.7,1880.0,250.2
2019-09-14T09:21:48,30.5,217.3,231.3,3.7,1900.0,250.2
2019-09-14T09:22:19,30.5,213.8,234.8,3.7,1910.0,249.3
2019-09-14T09:22:50,30.7,217.9,225.9,3.8,1930.0,250.2
2019-09-14T09:23:21,30.9,218.5,227.7,3.8,1940.0,249.3
2019-09-14T09:23:52,30.9,218.5,236.6,3.7,1950.0,248.3
2019-09-14T09:24:23,30.8,215.6,234.8,3.8,1970.0,249.3
2019-09-14T09:24:54,30.8,218.5,228.3,3.9,1980.0,250.2
2019-09-14T09:25:25,30.9,213.8,228.9,3.8,2000.0,249.3
2019-09-14T09:25:57,30.9,219.7,233.6,3.6,2010.0,249.3
2019-09-14T09:26:28,30.9,217.9,226.5,3.8,2030.0,249.3
2019-09-14T09:26:59,30.9,217.9,225.9,3.8,2040.0,249.3
2019-09-14T09:27:30,30.9,213.2,227.7,4.0,2060.0,248.3
2019-09-14T09:28:01,31.0,218.5,230.1,3.7,2070.0,249.3
2019-09-14T09:28:32,30.9,214.4,232.4,4.0,2090.0,249.3
2019-09-14T09:29:03,31.0,215.0,224.8,3.9,2100.0,249.3
2019-09-14T09:29:34,31.0,216.2,227.7,4.0,2120.0,249.3
2019-09-14T09:30:05,31.0,217.3,234.2,4.0,2130.0,249.3
2019-09-14T09:30:37,31.0,219.1,233.0,4.0,2150.0,249.3
2019-09-14T09:31:08,31.1,217.3,223.6,4.0,2160.0,249.3
2019-09-14T09:31:39,31.1,217.3,227.1,4.0,2180.0,249.3
2019-09-14T09:32:10,31.2,218.5,223.0,3.9,2190.0,250.2
2019-09-14T09:32:41,31.2,216.7,227.7,4.1,2210.0,249.3
2019-09-14T09:33:12,31.2,214.4,229.5,4.0,2220.0,249.3
2019-09-14T09:33:43,31.1,212.6,229.5,4.0,2240.0,249.3
2019-09-14T09:34:14,31.0,213.2,236.6,4.1,2250.0,248.3
2019-09-14T09:34:45,31.1,217.9,230.1,4.1,2270.0,249.3
2019-09-14T09:35:16,31.1,213.2,235.4,4.1,2290.0,250.2
2019-09-14T09:35:48,31.0,219.7,230.1,4.0,2300.0,248.3
2019-09-14T09:36:19,31.1,215.6,221.2,4.1,2320.0,249.3
2019-09-14T09:36:50,31.0,214.4,227.7,4.3,2330.0,250.2
2019-09-14T09:37:21,31.1,217.9,223.6,4.2,2350.0,250.2
2019-09-14T09:37:52,31.1,217.9,228.3,4.2,2370.0,249.3
2019-09-14T09:38:23,31.1,214.4,234.8,4.3,2380.0,250.2
2019-09-14T09:38:54,31.1,218.5,235.4,4.0,2400.0,250.2
2019-09-14T09:39:25,31.1,213.2,232.4,4.2,2410.0,250.2
2019-09-14T09:39:56,31.1,213.8,220.0,4.2,2430.0,250.2
2019-09-14T09:40:27,31.1,216.7,224.8,4.2,2450.0,251.2
2019-09-14T09:40:58,31.2,213.2,233.6,4.4,2460.0,251.2
2019-09-14T09:41:30,31.1,217.3,231.3,4.2,2480.0,251.2
2019-09-14T09:42:01,31.1,213.2,236.6,4.4,2490.0,249.3
2019-09-14T09:42:32,31.2,217.3,224.8,4.2,2510.0,250.2
2019-09-14T09:43:03,31.2,213.8,222.4,4.4,2530.0,250.2
2019-09-14T09:43:34,31.4,213.8,225.4,4.5,2540.0,250.2
2019-09-14T09:44:05,31.4,216.2,227.1,4.3,2560.0,250.2
2019-09-14T09:44:36,31.5,213.8,233.6,4.5,2580.0,252.2
2019-09-14T09:45:07,31.6,216.7,231.3,4.3,2590.0,251.2
2019-09-14T09:45:38,31.5,217.3,231.3,4.4,2610.0,251.2
2019-09-14T09:46:10,31.5,215.6,223.0,4.5,2630.0,250.2
2019-09-14T09:46:41,31.7,212.6,223.6,4.5,2640.0,251.2
2019-09-14T09:47:12,31.7,216.7,230.7,4.5,2660.0,250.2
2019-09-14T09:47:43,31.6,216.7,224.8,4.5,2680.0,251.2
2019-09-14T09:48:14,31.6,216.7,223.0,4.4,2690.0,251.2
2019-09-14T09:48:45,31.6,217.3,226.5,4.5,2710.0,251.2
2019-09-14T09:49:16,31.6,212.0,227.1,4.6,2730.0,251.2
2019-09-14T09:49:47,31.8,213.8,233.6,4.5,2740.0,251.2
2019-09-14T09:50:18,31.9,213.2,231.3,4.5,2760.0,251.2
2019-09-14T09:50:49,31.9,213.2,232.4,4.7,2780.0,250.2
2019-09-14T09:51:21,31.9,213.2,231.3,4.6,2800.0,251.2
2019-09-14T09:51:52,31.9,216.2,229.5,4.5,2810.0,251.2
2019-09-14T09:52:23,32.0,214.4,225.9,4.7,2830.0,250.2
2019-09-14T09:52:54,32.0,216.2,221.2,4.6,2850.0,252.2
2019-09-14T09:53:25,31.9,215.6,228.3,4.6,2870.0,252.2
2019-09-14T09:53:56,32.0,218.5,223.0,3.2,2880.0,250.2
2019-09-14T09:54:27,31.9,215.0,233.6,4.6,2900.0,250.2
2019-09-14T09:54:58,31.9,215.6,230.7,4.6,2920.0,250.2
2019-09-14T09:55:29,31.8,211.4,223.0,4.8,2940.0,250.2
2019-09-14T09:56:00,31.9,216.7,220.6,4.7,2950.0,252.2
2019-09-14T09:56:31,31.9,211.4,229.5,4.8,2970.0,250.2
2019-09-14T09:57:02,32.0,218.5,231.3,4.5,2990.0,251.2
2019-09-14T09:57:33,32.2,216.7,234.2,4.7,3010.0,251.2
2019-09-14T09:58:04,32.3,217.3,233.6,4.7,3020.0,251.2
2019-09-14T09:58:35,32.3,212.6,233.0,4.8,3040.0,251.2
2019-09-14T09:59:06,32.4,215.6,224.8,4.8,3060.0,251.2
2019-09-14T09:59:37,32.4,215.6,221.8,4.8,3080.0,252.2
2019-09-14T10:00:08,32.5,216.7,225.9,4.8,3100.0,251.2
2019-09-14T10:00:40,32.6,212.0,230.1,4.8,3110.0,251.2
2019-09-14T10:01:11,32.7,212.6,227.1,4.9,3130.0,252.2
2019-09-14T10:01:42,32.6,215.0,226.5,4.9,3150.0,252.2
2019-09-14T10:02:13,32.6,212.6,230.7,4.9,3170.0,251.2
2019-09-14T10:02:44,32.4,215.6,226.5,4.7,3190.0,253.1
2019-09-14T10:03:15,32.4,212.6,230.1,5.0,3200.0,251.2
2019-09-14T10:03:46,32.5,210.2,225.4,5.0,3220.0,251.2
2019-09-14T10:04:17,32.5,213.2,232.4,4.8,3240.0,251.2
2019-09-14T10:04:48,32.6,212.0,223.0,5.0,3260.0,251.2
2019-09-14T10:05:19,32.9,215.6,228.9,4.9,3280.0,252.2
2019-09-14T10:05:50,32.9,212.6,228.3,4.9,3300.0,251.2
2019-09-14T10:06:22,33.0,212.6,221.8,5.0,3320.0,252.2
2019-09-14T10:06:53,33.0,213.2,223.0,5.1,3330.0,251.2
2019-09-14T10:07:24,33.1,209.7,230.7,5.1,3350.0,251.2
2019-09-14T10:07:55,33.1,216.2,221.2,5.0,3370.0,252.2
2019-09-14T10:08:26,33.1,210.8,225.4,5.1,3390.0,251.2
2019-09-14T10:08:57,33.2,214.4,221.8,5.1,3410.0,252.2
2019-09-14T10:09:28,33.2,215.6,221.8,4.9,3430.0,251.2
2019-09-14T10:09:59,33.3,214.4,225.9,5.0,3450.0,251.2
2019-09-14T10:10:30,33.4,214.4,227.7,5.1,3470.0,252.2
2019-09-14T10:11:01,33.4,209.7,225.9,5.1,3480.0,250.2
2019-09-14T10:11:32,33.5,212.6,230.1,5.1,3500.0,251.2
2019-09-14T10:12:03,33.5,211.4,231.3,5.1,3520.0,251.2
2019-09-14T10:12:34,33.5,213.2,228.9,5.2,3540.0,251.2
2019-09-14T10:13:05,33.3,210.2,225.9,5.1,3560.0,251.2
2019-09-14T10:13:36,33.1,211.4,227.1,5.1,3580.0,251.2
2019-09-14T10:14:07,33.0,209.7,224.8,5.2,3600.0,251.2
2019-09-14T10:14:38,33.0,209.7,219.4,5.3,3620.0,251.2
2019-09-14T10:15:09,32.9,209.1,221.2,5.3,3640.0,250.2
2019-09-14T10:15:41,32.9,210.8,232.4,5.3,3660.0,252.2
2019-09-14T10:16:12,33.1,209.7,221.8,5.2,3680.0,251.2
2019-09-14T10:16:43,33.2,212.0,228.9,5.3,3690.0,251.2
2019-09-14T10:17:14,33.3,208.5,223.0,5.3,3710.0,251.2
2019-09-14T10:17:45,33.4,208.5,217.7,5.2,3730.0,250.2
2019-09-14T10:18:16,33.5,212.0,221.8,5.2,3750.0,249.3
2019-09-14T10:18:47,33.7,207.3,229.5,5.4,3770.0,251.2
2019-09-14T10:19:18,33.8,210.8,225.4,5.4,3790.0,250.2
2019-09-14T10:19:49,33.5,207.9,220.0,5.4,3810.0,249.3
2019-09-14T10:20:20,33.5,207.3,218.3,5.3,3830.0,249.3
2019-09-14T10:20:52,33.7,209.7,223.6,5.3,3850.0,251.2
2019-09-14T10:21:23,33.8,207.3,228.3,5.4,3870.0,250.2
2019-09-14T10:21:54,33.9,209.1,225.9,5.4,3890.0,250.2
2019-09-14T10:22:25,33.9,212.0,223.0,5.1,3910.0,250.2
2019-09-14T10:22:56,33.9,208.5,226.5,5.4,3930.0,250.2
2019-09-14T10:23:27,34.0,208.5,227.7,5.4,3950.0,250.2
2019-09-14T10:23:58,34.1,205.5,230.7,5.4,3970.0,251.2
2019-09-14T10:24:29,34.2,207.3,222.4,5.4,3990.0,251.2
2019-09-14T10:25:00,34.5,206.7,223.0,5.5,4010.0,250.2
2019-09-14T10:25:32,34.5,210.8,229.5,5.4,4030.0,251.2
2019-09-14T10:26:03,34.6,209.7,224.8,5.5,4050.0,251.2
2019-09-14T10:26:34,34.6,210.2,221.8,5.4,4070.0,250.2
2019-09-14T10:27:05,34.4,206.7,227.7,5.5,4090.0,250.2
2019-09-14T10:27:36,34.1,205.5,224.2,5.6,4100.0,251.2
2019-09-14T10:28:07,34.2,209.1,225.4,5.5,4120.0,251.2
2019-09-14T10:28:38,34.4,204.9,219.4,5.5,4140.0,250.2
2019-09-14T10:29:09,34.5,206.7,222.4,5.6,4160.0,250.2
2019-09-14T10:29:40,34.6,208.5,226.5,5.5,4190.0,251.2
2019-09-14T10:30:11,34.6,207.3,220.6,5.7,4210.0,250.2
2019-09-14T10:30:42,34.7,206.7,226.5,5.6,4230.0,250.2
2019-09-14T10:31:14,34.8,208.5,217.7,5.5,4250.0,250.2
2019-09-14T10:31:45,34.8,209.1,227.7,5.6,4270.0,250.2
2019-09-14T10:32:16,34.9,209.7,221.8,5.6,4290.0,250.2
2019-09-14T10:32:47,35.0,210.2,222.4,5.6,4310.0,252.2
2019-09-14T10:33:18,35.0,206.1,228.9,5.8,4330.0,251.2
2019-09-14T10:33:49,35.0,207.3,223.6,5.7,4350.0,251.2
2019-09-14T10:34:20,35.2,204.9,224.8,5.8,4370.0,251.2
2019-09-14T10:34:51,35.3,208.5,227.7,5.7,4390.0,252.2
2019-09-14T10:35:22,35.3,206.7,225.4,5.7,4410.0,250.2
2019-09-14T10:35:54,35.4,207.3,223.6,5.7,4430.0,250.2
2019-09-14T10:36:25,35.5,204.3,218.8,5.8,4450.0,249.3
2019-09-14T10:36:56,35.6,206.1,221.8,5.8,4470.0,249.3
2019-09-14T10:37:27,35.6,208.5,218.8,5.6,4490.0,249.3
2019-09-14T10:37:58,35.6,205.5,220.6,5.8,4510.0,250.2
2019-09-14T10:38:29,35.7,203.7,224.2,5.8,4530.0,249.3
2019-09-14T10:39:00,35.5,208.5,217.7,5.7,4550.0,250.2
2019-09-14T10:39:31,35.5,203.7,220.6,5.9,4580.0,251.2
2019-09-14T10:40:02,35.5,208.5,224.2,5.7,4600.0,250.2
2019-09-14T10:40:34,35.5,207.3,226.5,5.8,4620.0,249.3
2019-09-14T10:41:05,35.4,208.5,224.8,5.7,4640.0,249.3
2019-09-14T10:41:36,35.4,206.7,222.4,5.9,4660.0,250.2
2019-09-14T10:42:07,35.4,208.5,224.8,5.8,4680.0,249.3
2019-09-14T10:42:38,35.4,206.7,221.2,5.8,4700.0,249.3
2019-09-14T10:43:09,35.4,205.5,214.1,5.9,4720.0,251.2
2019-09-14T10:43:40,35.4,203.7,216.5,5.9,4740.0,251.2
2019-09-14T10:44:11,35.5,207.3,215.3,5.8,4760.0,250.2
2019-09-14T10:44:42,35.6,207.3,222.4,5.8,4780.0,250.2
2019-09-14T10:45:13,35.7,203.7,215.3,6.0,4810.0,250.2
2019-09-14T10:45:44,35.9,204.3,220.0,5.9,4830.0,250.2
2019-09-14T10:46:16,36.0,202.6,220.6,5.9,4850.0,249.3
2019-09-14T10:46:47,36.0,206.1,221.8,5.8,4870.0,250.2
2019-09-14T10:47:18,35.9,206.7,217.7,5.8,4890.0,249.3
2019-09-14T10:47:49,35.7,206.1,211.2,5.8,4910.0,250.2
2019-09-14T10:48:20,35.5,200.8,214.7,6.1,4930.0,250.2
2019-09-14T10:48:51,35.4,203.2,223.6,5.9,4950.0,250.2
2019-09-14T10:49:22,35.4,206.7,221.8,5.8,4970.0,249.3
2019-09-14T10:49:53,35.5,202.0,217.7,6.1,4990.0,250.2
2019-09-14T10:50:24,35.6,201.4,216.5,6.1,5020.0,249.3
2019-09-14T10:50:55,35.7,201.4,212.9,6.0,5040.0,249.3
2019-09-14T10:51:27,35.9,203.2,218.3,6.0,5060.0,250.2
2019-09-14T10:51:58,36.1,202.6,217.7,6.0,5080.0,251.2
2019-09-14T10:52:29,36.2,200.2,212.9,6.1,5100.0,251.2
2019-09-14T10:53:00,36.3,202.0,210.0,6.0,5120.0,252.2
2019-09-14T10:53:31,36.3,205.5,212.3,6.0,5140.0,251.2
2019-09-14T10:54:02,36.4,206.1,216.5,6.0,5160.0,250.2
2019-09-14T10:54:33,36.4,206.7,226.5,6.0,5190.0,251.2
2019-09-14T10:55:04,36.4,201.4,224.8,6.2,5210.0,250.2
2019-09-14T10:55:35,36.5,203.7,224.8,6.0,5230.0,249.3
2019-09-14T10:56:07,36.4,202.0,219.4,6.2,5250.0,251.2
2019-09-14T10:56:38,36.4,206.7,217.7,6.0,5270.0,250.2
2019-09-14T10:57:09,36.5,206.1,218.3,6.1,5290.0,251.2
2019-09-14T10:57:40,36.5,203.2,219.4,6.3,5320.0,251.2
2019-09-14T10:58:11,36.5,207.3,218.3,6.1,5340.0,250.2
2019-09-14T10:58:42,36.7,206.7,227.7,6.0,5360.0,251.2
2019-09-14T10:59:13,36.8,201.4,221.8,6.1,5380.0,250.2
2019-09-14T10:59:44,36.8,206.7,226.5,6.0,5400.0,251.2
2019-09-14T11:00:15,36.9,203.7,224.8,6.2,5420.0,250.2
2019-09-14T11:00:46,36.9,205.5,225.4,6.1,5450.0,250.2
2019-09-14T11:01:18,37.0,206.1,225.9,6.2,5470.0,250.2
2019-09-14T11:01:49,37.0,205.5,225.9,6.1,5490.0,250.2
2019-09-14T11:02:20,37.1,207.3,218.8,6.0,5510.0,249.3
2019-09-14T11:02:51,37.1,205.5,225.4,6.1,5530.0,251.2
2019-09-14T11:03:22,37.2,204.9,222.4,6.3,5560.0,251.2
2019-09-14T11:03:53,37.2,203.2,222.4,6.2,5580.0,251.2
2019-09-14T11:04:24,37.2,202.6,217.1,6.4,5600.0,252.2
2019-09-14T11:04:55,37.2,206.7,214.1,6.2,5620.0,251.2
2019-09-14T11:05:26,37.4,206.7,219.4,6.3,5650.0,252.2
2019-09-14T11:05:57,37.4,207.3,224.2,6.2,5670.0,253.1
2019-09-14T11:06:28,37.4,202.6,214.7,6.4,5690.0,252.2
2019-09-14T11:06:59,37.4,206.1,222.4,6.2,5710.0,251.2
2019-09-14T11:07:30,37.4,204.3,221.8,6.3,5740.0,252.2
2019-09-14T11:08:01,37.5,206.1,221.8,6.2,5760.0,252.2
2019-09-14T11:08:32,37.5,203.2,220.6,6.4,5780.0,251.2
2019-09-14T11:09:03,37.5,206.1,223.6,6.2,5800.0,251.2
2019-09-14T11:09:34,37.6,206.7,226.5,6.3,5830.0,249.3
2019-09-14T11:10:05,37.6,205.5,221.2,6.3,5850.0,251.2
2019-09-14T11:10:37,37.7,203.7,221.8,6.4,5870.0,251.2
2019-09-14T11:11:08,37.7,200.8,220.0,6.4,5890.0,249.3
2019-09-14T11:11:39,37.7,206.7,223.6,6.3,5920.0,247.3
2019-09-14T11:12:10,37.7,201.4,223.6,6.6,5940.0,249.3
2019-09-14T11:12:41,37.6,203.2,224.8,6.5,5960.0,247.3
2019-09-14T11:13:12,37.6,204.9,220.6,6.4,5980.0,249.3
2019-09-14T11:13:43,37.7,201.4,218.8,6.5,6010.0,249.3
2019-09-14T11:14:14,37.7,203.2,216.5,6.5,6030.0,250.2
2019-09-14T11:14:45,37.6,203.7,220.0,6.3,6050.0,249.3
2019-09-14T11:15:16,37.7,200.8,213.5,6.6,6080.0,250.2
2019-09-14T11:15:48,37.7,198.4,217.7,6.5,6100.0,249.3
2019-09-14T11:16:19,37.8,202.0,218.8,6.4,6120.0,251.2
2019-09-14T11:16:50,37.7,204.9,221.2,6.3,6140.0,248.3
2019-09-14T11:17:21,37.5,204.3,215.9,6.5,6170.0,249.3
2019-09-14T11:17:52,37.0,199.6,215.9,6.5,6190.0,249.3
2019-09-14T11:18:23,36.9,204.3,214.1,6.5,6210.0,250.2
2019-09-14T11:18:54,37.0,202.6,212.3,6.4,6230.0,249.3
2019-09-14T11:19:25,37.1,205.5,211.7,6.3,6260.0,250.2
2019-09-14T11:19:56,37.2,195.5,214.7,6.4,6280.0,250.2
2019-09-14T11:20:27,37.2,191.9,212.9,6.5,6300.0,249.3
2019-09-14T11:20:59,37.2,201.4,215.3,6.6,6320.0,250.2
2019-09-14T11:21:30,37.2,194.3,221.2,6.5,6350.0,250.2
2019-09-14T11:22:01,37.4,200.2,222.4,6.1,6370.0,249.3
2019-09-14T11:22:32,37.5,193.7,216.5,6.6,6390.0,249.3
2019-09-14T11:23:03,37.5,195.5,213.5,6.4,6410.0,248.3
2019-09-14T11:23:34,37.6,196.1,220.6,6.5,6440.0,248.3
2019-09-14T11:24:05,37.6,194.9,223.0,6.6,6460.0,249.3
2019-09-14T11:24:36,37.5,194.3,222.4,6.5,6480.0,248.3
2019-09-14T11:25:07,37.4,194.3,220.6,6.6,6500.0,248.3
2019-09-14T11:25:39,37.0,190.8,220.0,6.7,6530.0,248.3
2019-09-14T11:26:10,37.0,195.5,219.4,6.4,6550.0,248.3
2019-09-14T11:26:41,37.1,190.8,214.7,6.6,6570.0,248.3
2019-09-14T11:27:12,37.0,191.9,214.1,6.7,6600.0,250.2
2019-09-14T11:27:43,37.1,192.5,217.1,6.7,6620.0,249.3
2019-09-14T11:28:14,37.2,194.3,220.0,6.7,6640.0,249.3
2019-09-14T11:28:45,37.4,194.3,212.9,6.6,6660.0,251.2
2019-09-14T11:29:16,37.5,191.3,212.3,6.7,6690.0,250.2
2019-09-14T11:29:47,37.7,195.5,214.1,6.4,6710.0,250.2
2019-09-14T11:30:18,37.7,191.9,218.3,6.7,6730.0,250.2
2019-09-14T11:30:49,37.8,193.7,220.0,6.7,6750.0,249.3
2019-09-14T11:31:21,37.9,191.3,214.1,6.6,6780.0,250.2
2019-09-14T11:31:52,38.0,189.0,217.7,6.8,6800.0,251.2
2019-09-14T11:32:23,38.0,192.5,220.6,6.6,6820.0,251.2
2019-09-14T11:32:54,38.0,193.7,213.5,6.6,6840.0,251.2
2019-09-14T11:33:25,38.2,191.3,215.3,6.7,6870.0,252.2
2019-09-14T11:33:56,38.2,190.8,218.8,6.6,6890.0,252.2
2019-09-14T11:34:27,37.9,193.1,217.1,6.5,6910.0,251.2
2019-09-14T11:34:58,37.8,196.7,217.7,6.2,6930.0,251.2
2019-09-14T11:35:29,37.6,190.2,214.1,6.7,6960.0,251.2
2019-09-14T11:36:00,37.7,190.2,211.2,6.6,6980.0,252.2
2019-09-14T11:36:31,37.6,192.5,219.4,6.2,7000.0,251.2
2019-09-14T11:37:02,37.7,176.6,214.7,7.0,7020.0,251.2
2019-09-14T11:37:33,37.6,177.8,214.7,7.0,7050.0,252.2
2019-09-14T11:38:04,37.4,180.7,217.7,7.0,7070.0,252.2
2019-09-14T11:38:35,37.5,184.8,216.5,6.6,7090.0,251.2
2019-09-14T11:39:06,37.2,176.6,215.3,7.1,7110.0,252.2
2019-09-14T11:39:37,37.1,180.7,221.8,6.9,7140.0,252.2
2019-09-14T11:40:08,36.9,180.7,217.1,7.0,7160.0,253.1
2019-09-14T11:40:40,36.9,178.9,213.5,7.1,7180.0,251.2
2019-09-14T11:41:11,36.8,182.5,211.2,6.8,7200.0,251.2
2019-09-14T11:41:42,36.7,176.6,211.2,7.2,7230.0,253.1
2019-09-14T11:42:13,36.4,177.8,217.7,7.2,7250.0,253.1
2019-09-14T11:42:44,36.4,181.3,217.7,6.9,7270.0,252.2
2019-09-14T11:43:15,36.8,180.7,220.6,7.0,7290.0,252.2
2019-09-14T11:43:46,36.9,176.0,218.3,7.1,7320.0,251.2
2019-09-14T11:44:17,37.1,178.3,218.8,7.2,7340.0,250.2
2019-09-14T11:44:48,37.0,176.6,220.6,7.1,7360.0,250.2
2019-09-14T11:45:19,37.1,178.3,216.5,7.1,7390.0,252.2
2019-09-14T11:45:51,37.4,180.1,210.0,7.1,7410.0,252.2
2019-09-14T11:46:22,37.5,179.5,209.4,7.0,7430.0,251.2
2019-09-14T11:46:53,37.7,176.0,211.7,7.2,7450.0,251.2
2019-09-14T11:47:24,37.7,178.3,213.5,7.1,7480.0,252.2
2019-09-14T11:47:55,37.8,180.1,216.5,7.1,7500.0,251.2
2019-09-14T11:48:26,37.9,176.6,215.9,7.2,7520.0,250.2
2019-09-14T11:48:57,37.8,174.2,214.1,7.3,7550.0,251.2
2019-09-14T11:49:28,37.7,180.1,211.7,7.0,7570.0,252.2
2019-09-14T11:49:59,37.8,178.3,214.1,7.0,7590.0,251.2
2019-09-14T11:50:30,37.6,179.5,206.4,7.0,7610.0,250.2
2019-09-14T11:51:02,37.4,176.0,210.0,7.3,7640.0,251.2
2019-09-14T11:51:33,37.4,178.9,212.3,7.1,7660.0,250.2
2019-09-14T11:52:04,37.5,174.8,210.0,7.3,7680.0,252.2
2019-09-14T11:52:35,37.7,176.6,207.0,7.2,7700.0,251.2
2019-09-14T11:53:06,37.8,173.6,209.4,7.4,7730.0,251.2
2019-09-14T11:53:37,38.0,177.8,212.3,7.2,7750.0,251.2
2019-09-14T11:54:08,38.2,175.4,211.7,7.4,7770.0,251.2
2019-09-14T11:54:39,38.3,173.0,211.2,7.3,7800.0,252.2
2019-09-14T11:55:10,38.4,176.6,208.8,7.2,7820.0,251.2
2019-09-14T11:55:41,38.5,177.2,212.9,7.1,7840.0,252.2
2019-09-14T11:56:12,38.6,175.4,210.6,7.3,7860.0,251.2
2019-09-14T11:56:43,38.7,172.4,210.6,7.2,7890.0,252.2
2019-09-14T11:57:14,38.9,176.6,212.9,7.1,7910.0,252.2
2019-09-14T11:57:45,38.7,180.1,211.2,7.0,7930.0,252.2
2019-09-14T11:58:16,38.7,177.2,209.4,6.1,7960.0,252.2
2019-09-14T11:58:47,38.6,171.9,208.2,6.8,7980.0,252.2
2019-09-14T11:59:19,38.3,168.3,205.8,7.1,8000.0,253.1
2019-09-14T11:59:50,37.9,162.4,211.2,7.4,8020.0,252.2
2019-09-14T12:00:21,38.0,164.2,214.7,7.4,8040.0,254.1
2019-09-14T12:00:52,37.8,167.1,211.2,7.2,8070.0,252.2
2019-09-14T12:01:23,37.8,163.0,211.7,7.4,8090.0,251.2
2019-09-14T12:01:54,37.8,162.4,214.7,7.5,8110.0,251.2
2019-09-14T12:02:25,37.8,162.4,216.5,7.4,8130.0,253.1
2019-09-14T12:02:56,37.9,166.5,213.5,7.2,8160.0,252.2
2019-09-14T12:03:27,37.7,164.2,215.3,7.4,8180.0,252.2
2019-09-14T12:03:58,37.6,165.9,211.2,7.3,8200.0,252.2
2019-09-14T12:04:29,37.6,163.6,212.3,7.5,8220.0,251.2
2019-09-14T12:05:00,37.5,165.9,210.0,7.3,8250.0,253.1
2019-09-14T12:05:59,37.8,160.6,214.7,7.5,8290.0,252.2
2019-09-14T12:09:41,38.6,167.1,217.7,7.3,8450.0,252.2
2019-09-14T12:10:12,38.7,162.4,216.5,7.6,8470.0,251.2
2019-09-14T12:11:18,38.9,162.4,215.3,7.5,8520.0,252.2
2019-09-14T12:11:49,39.0,165.9,214.1,7.4,8540.0,252.2
2019-09-14T12:12:20,39.0,167.7,215.9,7.3,8560.0,251.2
2019-09-14T12:12:51,39.1,167.7,217.1,7.2,8590.0,252.2
2019-09-14T12:13:22,39.2,164.8,206.4,7.5,8610.0,251.2
2019-09-14T12:13:53,39.3,165.9,215.3,7.5,8630.0,252.2
2019-09-14T12:14:24,39.2,164.2,207.6,7.6,8650.0,252.2
2019-09-14T12:14:55,39.0,167.7,208.2,7.4,8680.0,251.2
2019-09-14T12:15:26,38.9,163.6,208.8,7.6,8700.0,253.1
2019-09-14T12:15:58,39.0,161.8,211.2,7.7,8720.0,252.2
2019-09-14T12:16:29,39.1,167.7,215.3,7.5,8750.0,251.2
2019-09-14T12:17:00,39.1,163.0,215.9,7.6,8770.0,253.1
2019-09-14T12:17:31,39.1,150.6,208.8,7.8,8790.0,252.2
2019-09-14T12:18:02,39.2,149.4,214.1,7.9,8810.0,251.2
2019-09-14T12:18:33,39.2,152.4,210.6,7.8,8840.0,251.2
2019-09-14T12:19:04,39.1,148.2,221.2,7.9,8860.0,252.2
2019-09-14T12:19:35,39.1,155.9,219.4,7.6,8880.0,252.2
2019-09-14T12:20:06,39.2,150.6,211.2,7.8,8900.0,252.2
2019-09-14T12:20:38,39.2,154.7,215.3,7.5,8930.0,253.1
2019-09-14T12:21:09,39.2,156.5,212.9,7.5,8950.0,254.1
2019-09-14T12:21:40,39.3,148.8,214.7,7.9,8970.0,252.2
2019-09-14T12:22:11,39.4,150.0,208.2,7.8,8990.0,252.2
2019-09-14T12:22:42,39.5,157.7,210.6,7.3,9020.0,252.2
2019-09-14T12:23:13,39.5,159.4,212.9,6.8,9040.0,251.2
2019-09-14T12:23:44,39.7,160.0,207.6,6.7,9060.0,251.2
2019-09-14T12:24:15,39.4,147.0,212.9,7.4,9080.0,251.2
2019-09-14T12:24:46,39.3,146.4,211.7,7.5,9100.0,252.2
2019-09-14T12:25:17,39.3,140.0,209.4,7.5,9120.0,251.2
2019-09-14T12:25:48,39.4,146.4,210.0,7.4,9140.0,252.2
2019-09-14T12:26:20,39.5,137.6,214.7,7.9,9170.0,251.2
2019-09-14T12:26:51,39.4,140.0,218.3,7.6,9190.0,251.2
2019-09-14T12:27:22,39.5,147.0,212.9,7.1,9210.0,251.2
2019-09-14T12:27:53,39.7,143.5,209.4,7.4,9230.0,250.2
2019-09-14T12:28:24,39.7,142.3,214.7,7.6,9250.0,251.2
2019-09-14T12:28:55,39.9,145.3,211.7,6.7,9270.0,252.2
2019-09-14T12:29:26,39.9,150.0,213.5,6.5,9290.0,252.2
2019-09-14T12:29:57,40.0,151.8,207.0,5.2,9310.0,251.2
2019-09-14T12:30:28,40.0,131.1,202.9,7.7,9330.0,251.2
2019-09-14T12:30:59,40.0,134.6,208.2,7.5,9350.0,252.2
2019-09-14T12:31:31,40.1,131.1,209.4,7.9,9380.0,252.2
2019-09-14T12:32:02,40.2,125.8,210.0,8.0,9400.0,252.2
2019-09-14T12:32:33,40.2,132.9,213.5,7.8,9420.0,251.2
2019-09-14T12:33:04,40.2,129.9,215.3,7.9,9440.0,251.2
2019-09-14T12:33:35,40.1,132.9,212.9,7.7,9460.0,251.2
2019-09-14T12:34:06,39.7,126.4,215.3,8.1,9480.0,253.1
2019-09-14T12:34:37,39.7,123.4,211.2,7.8,9500.0,251.2
2019-09-14T12:35:08,39.7,122.2,207.6,7.8,9520.0,251.2
2019-09-14T12:35:39,39.8,127.5,212.9,7.4,9540.0,249.3
2019-09-14T12:36:11,39.9,128.1,212.3,7.9,9560.0,247.3
2019-09-14T12:36:42,40.1,131.7,208.2,7.4,9580.0,247.3
2019-09-14T12:37:13,40.2,134.6,209.4,7.6,9600.0,246.4
2019-09-14T12:37:44,40.4,132.9,211.7,7.3,9630.0,246.4
2019-09-14T12:38:15,40.5,141.7,206.4,6.7,9650.0,246.4
2019-09-14T12:38:46,40.6,143.5,214.1,6.1,9670.0,247.3
2019-09-14T12:39:17,40.6,147.6,212.9,5.4,9690.0,248.3
2019-09-14T12:39:48,40.7,140.0,209.4,6.2,9700.0,247.3
2019-09-14T12:40:19,40.7,117.5,204.6,8.0,9720.0,248.3
2019-09-14T12:40:50,40.5,116.9,205.8,7.7,9750.0,249.3
2019-09-14T12:41:22,40.2,121.0,206.4,7.3,9770.0,247.3
2019-09-14T12:41:53,40.0,117.5,207.6,8.0,9790.0,249.3
2019-09-14T12:42:24,39.8,119.9,211.7,7.8,9810.0,250.2
2019-09-14T12:42:55,39.4,108.1,212.9,8.1,9830.0,248.3
2019-09-14T12:43:26,39.2,110.4,214.1,7.9,9850.0,249.3
2019-09-14T12:43:57,39.0,108.6,215.9,8.0,9860.0,249.3
2019-09-14T12:44:28,38.9,116.3,208.8,7.5,9880.0,250.2
2019-09-14T12:44:59,38.9,111.6,205.8,7.9,9900.0,249.3
2019-09-14T12:45:30,38.9,108.6,208.8,8.1,9920.0,248.3
2019-09-14T12:46:01,38.7,113.4,210.6,7.9,9940.0,249.3
2019-09-14T12:46:32,39.0,115.1,213.5,7.6,9960.0,248.3
2019-09-14T12:47:03,39.2,114.0,216.5,7.6,9980.0,248.3
2019-09-14T12:47:34,39.4,110.4,214.1,7.9,10000.0,249.3
2019-09-14T12:48:05,39.7,108.6,213.5,8.1,10020.0,249.3
2019-09-14T12:48:36,39.8,111.6,212.9,7.8,10040.0,250.2
2019-09-14T12:49:07,39.9,115.1,211.7,7.5,10060.0,248.3
2019-09-14T12:49:38,40.0,128.1,208.8,7.3,10080.0,250.2
2019-09-14T12:50:09,40.1,130.5,207.6,7.1,10100.0,249.3
2019-09-14T12:50:40,40.2,114.0,213.5,7.6,10120.0,248.3
2019-09-14T12:51:12,40.4,109.2,216.5,8.1,10140.0,249.3
2019-09-14T12:51:43,40.4,114.6,217.1,7.6,10160.0,250.2
2019-09-14T12:52:14,40.5,118.1,215.9,7.3,10180.0,251.2
2019-09-14T12:52:45,40.5,116.9,205.8,7.4,10200.0,249.3
2019-09-14T12:53:16,40.6,110.4,213.5,7.9,10220.0,249.3
2019-09-14T12:53:47,40.6,114.0,215.9,7.8,10240.0,249.3
2019-09-14T12:54:18,40.6,125.2,217.1,7.5,10260.0,249.3
2019-09-14T12:54:49,40.7,132.3,216.5,5.5,10280.0,249.3
2019-09-14T12:55:20,40.7,138.2,211.2,5.0,10300.0,249.3
2019-09-14T12:55:51,40.7,109.2,213.5,8.1,10320.0,250.2
2019-09-14T12:56:23,40.6,111.6,207.6,7.8,10340.0,249.3
2019-09-14T12:56:54,40.5,114.0,208.8,7.4,10360.0,250.2
2019-09-14T12:57:25,40.0,122.2,208.8,7.0,10380.0,251.2
2019-09-14T12:57:56,39.7,112.8,213.5,7.3,10400.0,250.2
2019-09-14T12:58:27,39.4,122.2,214.7,7.0,10420.0,250.2
2019-09-14T12:58:58,39.4,117.5,215.3,7.3,10440.0,250.2
2019-09-14T12:59:29,39.4,117.5,214.7,7.3,10460.0,251.2
2019-09-14T13:00:00,39.3,115.1,208.8,7.3,10480.0,249.3
2019-09-14T13:00:31,39.5,114.0,207.6,7.6,10500.0,251.2
2019-09-14T13:01:03,39.7,115.1,211.2,6.6,10520.0,250.2
2019-09-14T13:01:34,39.9,118.7,208.8,6.5,10540.0,249.3
2019-09-14T13:02:05,39.9,119.3,215.9,7.0,10560.0,250.2
2019-09-14T13:02:36,40.0,119.3,209.4,6.1,10580.0,250.2
2019-09-14T13:03:07,40.0,124.6,211.7,5.6,10600.0,250.2
2019-09-14T13:03:38,40.1,128.1,211.2,5.9,10620.0,249.3
2019-09-14T13:04:09,40.2,128.1,217.7,5.9,10630.0,250.2
2019-09-14T13:04:40,40.1,123.4,209.4,5.6,10650.0,249.3
2019-09-14T13:05:11,40.2,102.7,216.5,7.8,10670.0,249.3
2019-09-14T13:05:42,40.2,103.3,213.5,7.8,10690.0,250.2
2019-09-14T13:06:14,40.4,108.1,208.2,7.3,10710.0,250.2
2019-09-14T13:06:45,40.4,105.7,204.6,7.7,10730.0,249.3
2019-09-14T13:07:16,40.4,111.0,209.4,7.4,10750.0,249.3
2019-09-14T13:07:47,40.5,103.9,206.4,7.7,10770.0,249.3
2019-09-14T13:08:18,40.6,106.9,208.2,7.6,10790.0,249.3
2019-09-14T13:08:49,40.7,108.1,209.4,8.1,10810.0,251.2
2019-09-14T13:09:20,40.8,103.9,208.8,7.8,10830.0,249.3
2019-09-14T13:09:51,40.6,106.3,205.8,7.6,10850.0,250.2
2019-09-14T13:10:22,40.7,108.6,205.8,5.9,10860.0,250.2
2019-09-14T13:10:53,40.5,102.7,205.8,6.8,10880.0,251.2
2019-09-14T13:11:25,40.0,102.7,205.8,6.8,10900.0,249.3
2019-09-14T13:11:56,39.8,102.7,205.8,6.7,10920.0,249.3
2019-09-14T13:12:27,39.7,104.5,205.2,6.9,10940.0,250.2
2019-09-14T13:12:58,39.4,109.8,218.8,7.0,10960.0,249.3
2019-09-14T13:13:29,39.4,106.9,216.5,7.4,10970.0,249.3
2019-09-14T13:14:00,39.7,112.2,212.9,6.9,10990.0,249.3
2019-09-14T13:14:31,39.8,118.1,211.7,5.9,11010.0,249.3
2019-09-14T13:15:02,39.9,115.7,215.9,6.1,11030.0,250.2
2019-09-14T13:15:33,40.0,119.3,205.2,6.4,11050.0,250.2
2019-09-14T13:16:05,40.1,122.8,220.0,6.7,11070.0,249.3
2019-09-14T13:16:36,40.2,114.0,214.1,7.1,11090.0,249.3
2019-09-14T13:17:07,40.4,103.9,217.7,7.6,11110.0,249.3
2019-09-14T13:17:38,40.5,107.5,215.9,7.3,11130.0,249.3
2019-09-14T13:18:09,40.6,102.7,214.7,7.3,11140.0,250.2
2019-09-14T13:18:40,40.6,112.8,215.9,6.8,11160.0,249.3
2019-09-14T13:19:11,40.7,108.1,217.7,7.3,11180.0,248.3
2019-09-14T13:19:42,40.7,130.5,215.3,6.9,11200.0,249.3
2019-09-14T13:20:13,40.7,121.0,208.8,6.1,11220.0,251.2
2019-09-14T13:20:44,40.8,128.1,207.6,5.8,11240.0,249.3
2019-09-14T13:21:16,40.8,125.2,210.6,5.7,11260.0,250.2
2019-09-14T13:21:47,40.6,127.5,206.4,5.2,11280.0,249.3
2019-09-14T13:22:18,40.4,128.1,205.2,4.8,11290.0,249.3
2019-09-14T13:22:49,40.5,126.4,205.8,4.7,11310.0,250.2
2019-09-14T13:23:20,40.4,124.6,210.6,5.3,11330.0,249.3
2019-09-14T13:23:51,40.2,130.5,209.4,5.0,11350.0,249.3
2019-09-14T13:24:22,40.0,126.4,208.2,5.3,11360.0,251.2
2019-09-14T13:24:53,39.9,124.0,211.7,5.1,11380.0,251.2
2019-09-14T13:25:24,39.9,127.5,207.6,5.1,11400.0,251.2
2019-09-14T13:25:55,39.9,125.2,214.1,5.2,11420.0,249.3
2019-09-14T13:26:27,40.0,129.3,212.9,4.6,11440.0,250.2
2019-09-14T13:26:58,40.1,132.3,208.2,4.0,11450.0,250.2
2019-09-14T13:27:29,40.4,131.7,202.9,4.4,11470.0,251.2
2019-09-14T13:28:00,40.5,114.6,207.6,4.3,11490.0,251.2
2019-09-14T13:28:31,40.2,116.9,210.6,4.0,11500.0,250.2
2019-09-14T13:29:02,39.9,119.9,211.2,4.1,11520.0,251.2
2019-09-14T13:29:33,39.7,121.0,204.6,3.7,11530.0,251.2
2019-09-14T13:30:04,39.7,128.1,205.8,3.9,11550.0,249.3
2019-09-14T13:30:35,39.8,137.6,205.8,3.1,11570.0,250.2
2019-09-14T13:31:06,39.8,141.1,205.2,3.3,11580.0,250.2
2019-09-14T13:31:37,39.8,131.1,209.4,3.4,11600.0,251.2
2019-09-14T13:32:08,39.8,116.9,204.1,4.2,11610.0,251.2
2019-09-14T13:32:39,40.0,114.6,205.8,5.5,11630.0,250.2
2019-09-14T13:33:10,40.1,107.5,205.8,6.6,11650.0,250.2
2019-09-14T13:33:41,40.2,102.7,205.2,6.2,11660.0,249.3
2019-09-14T13:34:12,40.2,105.7,211.7,6.3,11680.0,249.3
2019-09-14T13:34:43,40.1,103.9,206.4,6.7,11700.0,250.2
2019-09-14T13:35:14,40.0,111.6,214.7,6.1,11720.0,249.3
2019-09-14T13:35:46,39.7,111.0,214.1,6.0,11730.0,250.2
2019-09-14T13:36:17,39.4,114.0,213.5,5.3,11750.0,250.2
2019-09-14T13:36:48,39.3,107.5,212.3,5.9,11770.0,249.3
2019-09-14T13:37:19,39.1,102.7,214.1,5.7,11790.0,249.3
2019-09-14T13:37:50,38.9,114.0,206.4,5.8,11800.0,250.2
2019-09-14T13:38:21,38.9,106.9,210.0,6.2,11820.0,250.2
2019-09-14T13:38:52,39.1,114.0,206.4,6.2,11840.0,250.2
2019-09-14T13:39:23,39.1,109.8,209.4,6.3,11860.0,251.2
2019-09-14T13:39:54,39.3,112.8,209.4,5.9,11870.0,250.2
2019-09-14T13:40:25,39.4,114.6,210.6,6.0,11890.0,250.2
2019-09-14T13:40:57,39.5,114.6,214.1,5.9,11910.0,251.2
2019-09-14T13:41:28,39.7,112.8,214.7,6.2,11930.0,250.2
2019-09-14T13:41:59,39.7,102.7,210.0,6.3,11940.0,250.2
2019-09-14T13:42:30,39.8,112.2,211.2,5.7,11960.0,250.2
2019-09-14T13:43:01,39.8,115.7,212.3,5.6,11980.0,250.2
2019-09-14T13:43:32,40.0,111.6,210.0,5.4,11990.0,250.2
2019-09-14T13:44:03,40.1,115.1,208.8,5.1,12010.0,249.3
2019-09-14T13:44:34,40.2,115.7,210.6,4.8,12030.0,250.2
2019-09-14T13:45:05,40.4,118.7,211.7,4.6,12040.0,250.2
2019-09-14T13:45:37,40.5,102.7,210.6,5.8,12060.0,250.2
2019-09-14T13:46:08,40.5,103.3,208.8,5.8,12080.0,249.3
2019-09-14T13:46:39,40.4,102.1,207.6,5.8,12090.0,250.2
2019-09-14T13:47:10,40.5,103.9,208.8,5.4,12110.0,251.2
2019-09-14T13:47:41,40.6,105.1,202.3,5.2,12130.0,250.2
2019-09-14T13:48:12,40.7,102.1,201.7,5.3,12140.0,250.2
2019-09-14T13:48:43,40.8,109.8,206.4,5.0,12160.0,249.3
2019-09-14T13:49:14,40.9,106.9,209.4,4.2,12170.0,250.2
2019-09-14T13:49:45,40.9,111.0,213.5,4.0,12190.0,249.3
2019-09-14T13:50:16,41.0,105.7,208.2,4.4,12210.0,249.3
2019-09-14T13:50:48,41.0,106.9,207.6,4.2,12220.0,250.2
2019-09-14T13:51:19,41.2,109.2,211.7,3.5,12240.0,249.3
2019-09-14T13:51:50,41.2,107.5,207.0,3.1,12250.0,248.3
2019-09-14T13:52:21,41.3,112.2,202.9,3.2,12270.0,249.3
2019-09-14T13:52:52,41.3,111.0,206.4,2.9,12280.0,250.2
2019-09-14T13:53:23,41.4,118.7,202.3,2.8,12290.0,248.3
2019-09-14T13:53:54,41.4,118.7,205.8,3.0,12310.0,250.2
2019-09-14T13:54:25,41.5,120.5,205.8,2.9,12320.0,250.2
2019-09-14T13:54:56,41.5,131.7,206.4,3.1,12340.0,249.3
2019-09-14T13:55:27,41.6,131.1,206.4,2.7,12350.0,248.3
2019-09-14T13:55:59,41.6,131.7,211.2,2.6,12370.0,248.3
2019-09-14T13:56:30,41.6,137.0,209.4,2.3,12380.0,249.3
2019-09-14T13:57:01,41.7,138.8,208.8,2.5,12400.0,249.3
2019-09-14T13:57:32,41.7,138.8,204.1,2.3,12410.0,248.3
2019-09-14T13:58:03,41.7,144.1,208.8,1.9,12420.0,247.3
2019-09-14T13:58:34,41.9,145.3,205.2,1.9,12440.0,247.3
2019-09-14T13:59:05,41.9,138.8,208.8,2.0,12450.0,248.3
2019-09-14T13:59:36,42.0,122.8,208.8,2.3,12470.0,249.3
2019-09-14T14:00:07,42.0,129.9,207.6,2.3,12480.0,249.3
2019-09-14T14:00:38,42.0,132.9,207.6,2.1,12490.0,249.3
2019-09-14T14:01:10,42.0,130.5,207.6,1.8,12510.0,250.2
2019-09-14T14:01:41,41.9,121.0,209.4,2.7,12520.0,249.3
2019-09-14T14:02:12,41.7,105.7,206.4,3.1,12540.0,250.2
2019-09-14T14:02:43,41.6,104.5,207.0,3.2,12550.0,250.2
2019-09-14T14:03:14,41.7,103.3,203.5,3.2,12560.0,249.3
2019-09-14T14:03:45,41.7,104.5,205.8,2.9,12580.0,249.3
2019-09-14T14:04:16,41.9,118.1,206.4,2.7,12590.0,250.2
2019-09-14T14:04:47,41.9,119.9,209.4,2.4,12610.0,249.3
2019-09-14T14:05:18,41.9,112.2,208.8,2.2,12620.0,250.2
2019-09-14T14:05:49,41.9,130.5,207.6,1.9,12630.0,249.3
2019-09-14T14:06:21,41.9,121.6,208.2,2.1,12650.0,248.3
2019-09-14T14:06:52,41.7,129.9,204.1,1.8,12660.0,249.3
2019-09-14T14:07:23,41.5,121.6,209.4,1.8,12670.0,249.3
2019-09-14T14:07:54,41.5,139.4,203.5,1.5,12690.0,249.3
2019-09-14T14:08:25,41.4,154.1,205.8,1.4,12700.0,249.3
2019-09-14T14:08:56,41.5,175.4,211.7,1.3,12710.0,249.3
2019-09-14T14:09:27,41.6,168.9,197.5,1.2,12730.0,249.3
2019-09-14T14:09:58,41.7,158.9,209.4,1.4,12740.0,249.3
2019-09-14T14:10:29,41.7,157.1,205.2,1.8,12750.0,248.3
2019-09-14T14:11:00,41.7,167.1,210.6,1.2,12760.0,248.3
2019-09-14T14:11:31,41.9,158.9,198.1,1.4,12780.0,249.3
2019-09-14T14:12:02,41.9,150.0,200.5,1.5,12790.0,249.3
2019-09-14T14:12:33,41.9,145.9,199.3,1.5,12800.0,250.2
2019-09-14T14:13:04,41.9,165.9,208.8,1.4,12820.0,250.2
2019-09-14T14:13:35,41.9,170.1,204.6,1.2,12830.0,249.3
2019-09-14T14:14:06,42.0,163.0,204.6,1.4,12840.0,249.3
2019-09-14T14:14:37,42.0,168.9,204.6,1.3,12860.0,249.3
2019-09-14T14:15:08,41.7,170.7,204.6,1.2,12870.0,249.3
2019-09-14T14:15:40,41.3,167.7,205.8,1.1,12880.0,250.2
2019-09-14T14:16:11,40.9,180.1,208.8,1.1,12900.0,248.3
2019-09-14T14:16:42,41.0,184.8,204.6,1.1,12910.0,249.3
2019-09-14T14:17:13,41.2,202.0,204.1,1.1,12920.0,249.3
2019-09-14T14:17:44,41.3,212.6,207.0,1.0,12930.0,249.3
2019-09-14T14:18:15,41.4,216.7,208.2,0.9,12950.0,248.3
2019-09-14T14:18:46,41.4,210.8,205.8,0.9,12960.0,249.3
2019-09-14T14:19:17,41.4,210.2,207.6,0.9,12970.0,248.3
2019-09-14T14:19:48,41.4,223.8,205.8,0.8,12980.0,248.3
2019-09-14T14:20:19,41.5,220.9,205.2,0.8,13000.0,249.3
2019-09-14T14:20:51,41.4,220.3,208.8,0.9,13010.0,251.2
2019-09-14T14:21:22,40.9,209.7,206.4,1.1,13020.0,250.2
2019-09-14T14:21:53,40.8,197.3,211.2,1.1,13030.0,249.3
2019-09-14T14:22:24,40.7,189.6,204.1,1.1,13050.0,250.2
2019-09-14T14:22:55,40.7,210.8,203.5,1.0,13060.0,249.3
2019-09-14T14:23:26,40.8,222.7,201.7,0.9,13070.0,249.3
2019-09-14T14:23:57,40.9,225.0,200.5,0.9,13090.0,250.2
2019-09-14T14:24:28,40.9,229.7,201.7,0.9,13100.0,249.3
2019-09-14T14:24:59,41.0,225.6,200.5,0.9,13110.0,248.3
2019-09-14T14:25:30,41.2,228.0,201.7,0.9,13120.0,250.2
2019-09-14T14:26:01,41.2,215.0,202.3,1.0,13140.0,249.3
2019-09-14T14:26:32,41.2,199.6,206.4,1.0,13150.0,250.2
2019-09-14T14:27:03,41.3,216.2,203.5,1.0,13160.0,249.3
2019-09-14T14:27:34,41.4,203.7,200.5,1.0,13170.0,250.2
2019-09-14T14:28:05,41.4,196.7,202.3,1.0,13190.0,249.3
2019-09-14T14:28:36,41.4,189.0,204.6,1.0,13200.0,249.3
2019-09-14T14:29:07,41.3,167.7,203.5,1.2,13210.0,249.3
2019-09-14T14:29:38,41.4,170.7,201.7,1.1,13230.0,249.3
2019-09-14T14:30:10,41.4,189.0,199.9,1.0,13240.0,251.2
2019-09-14T14:30:41,41.2,197.3,206.4,1.0,13250.0,251.2
2019-09-14T14:31:12,41.2,206.1,208.2,1.0,13260.0,249.3
2019-09-14T14:31:43,41.2,212.0,204.1,0.8,13270.0,251.2
2019-09-14T14:32:14,41.2,215.6,202.9,0.8,13290.0,250.2
2019-09-14T14:32:45,41.2,209.1,206.4,0.9,13300.0,252.2
2019-09-14T14:33:16,41.0,199.0,204.6,1.0,13310.0,249.3
2019-09-14T14:33:47,41.0,211.4,208.8,1.0,13320.0,250.2
2019-09-14T14:34:18,41.0,214.4,205.8,0.8,13340.0,249.3
2019-09-14T14:34:49,41.2,213.2,209.4,0.8,13350.0,251.2
2019-09-14T14:35:20,41.2,200.8,210.6,1.0,13360.0,250.2
2019-09-14T14:35:52,41.2,200.8,212.3,0.9,13370.0,249.3
2019-09-14T14:36:23,41.2,202.0,209.4,0.9,13380.0,250.2
2019-09-14T14:36:54,41.3,203.7,211.7,0.9,13400.0,249.3
2019-09-14T14:37:25,41.4,216.2,214.1,0.8,13410.0,249.3
2019-09-14T14:37:56,41.4,203.2,216.5,0.9,13420.0,248.3
2019-09-14T14:38:27,41.4,191.9,215.9,0.9,13430.0,248.3
2019-09-14T14:38:58,41.5,180.1,207.6,1.0,13450.0,248.3
2019-09-14T14:39:29,41.5,180.1,211.2,1.1,13460.0,248.3
2019-09-14T14:40:00,41.5,183.1,214.1,1.1,13470.0,248.3
2019-09-14T14:40:32,41.6,172.4,211.7,1.1,13480.0,248.3
2019-09-14T14:41:03,41.6,164.8,212.9,1.1,13490.0,249.3
2019-09-14T14:41:34,41.6,170.7,204.1,1.0,13510.0,248.3
2019-09-14T14:42:05,41.6,152.9,204.6,1.1,13520.0,247.3
2019-09-14T14:42:36,41.7,169.5,205.8,1.0,13530.0,248.3
2019-09-14T14:43:07,41.7,177.8,208.8,1.1,13540.0,249.3
2019-09-14T14:43:38,41.7,177.8,209.4,0.9,13550.0,247.3
2019-09-14T14:44:09,41.9,199.0,207.6,0.9,13570.0,248.3
2019-09-14T14:44:40,41.9,194.9,209.4,0.9,13580.0,248.3
2019-09-14T14:45:11,41.9,194.3,209.4,0.9,13590.0,249.3
2019-09-14T14:45:43,41.9,196.1,204.1,0.9,13600.0,248.3
2019-09-14T14:46:14,41.9,177.8,203.5,0.9,13610.0,249.3
2019-09-14T14:46:45,42.0,168.9,204.1,1.0,13630.0,247.3
2019-09-14T14:47:16,41.9,188.4,205.2,0.8,13640.0,248.3
2019-09-14T14:47:47,42.0,180.7,205.8,1.0,13650.0,248.3
2019-09-14T14:48:18,42.0,173.6,208.8,1.0,13660.0,247.3
2019-09-14T14:48:49,42.0,194.3,217.7,0.9,13670.0,247.3
2019-09-14T14:49:20,42.0,199.0,211.7,0.7,13680.0,248.3
2019-09-14T14:49:51,42.0,191.9,211.7,0.9,13690.0,246.4
2019-09-14T14:50:22,41.9,202.0,206.4,0.8,13710.0,247.3
2019-09-14T14:50:54,41.9,195.5,207.6,0.8,13720.0,247.3
2019-09-14T14:51:25,41.9,203.7,210.6,0.8,13730.0,248.3
2019-09-14T14:51:56,41.9,196.1,214.7,0.8,13740.0,248.3
2019-09-14T14:52:27,42.0,196.7,210.6,0.8,13750.0,248.3
2019-09-14T14:52:58,41.9,199.0,208.2,0.9,13760.0,249.3
2019-09-14T14:53:29,42.0,189.0,207.6,0.8,13780.0,246.4
2019-09-14T14:54:00,42.0,199.0,204.6,0.8,13790.0,247.3
2019-09-14T14:54:31,42.0,190.2,208.2,0.8,13800.0,245.4
2019-09-14T14:55:02,42.0,194.9,214.1,0.8,13810.0,245.4
2019-09-14T14:55:34,42.1,199.6,214.1,0.8,13820.0,245.4
2019-09-14T14:56:05,42.0,203.2,215.3,0.8,13830.0,246.4
2019-09-14T14:56:36,42.0,208.5,214.1,0.7,13850.0,246.4
2019-09-14T14:57:07,42.0,210.2,215.9,0.8,13860.0,247.3
2019-09-14T14:57:38,42.0,199.6,218.8,0.8,13870.0,245.4
2019-09-14T14:58:09,42.1,182.5,217.7,0.9,13880.0,245.4
2019-09-14T14:58:40,42.1,205.5,216.5,0.8,13890.0,245.4
2019-09-14T14:59:11,42.0,208.5,217.1,0.7,13900.0,246.4
2019-09-14T14:59:42,42.1,206.7,213.5,0.7,13910.0,245.4
2019-09-14T15:00:13,42.1,205.5,207.6,0.8,13930.0,246.4
2019-09-14T15:00:44,42.0,209.1,206.4,0.7,13940.0,246.4
2019-09-14T15:01:16,42.0,210.2,221.8,0.8,13950.0,246.4
2019-09-14T15:01:47,41.9,216.2,218.8,0.6,13960.0,245.4
2019-09-14T15:02:18,41.7,206.1,214.7,0.7,13970.0,245.4
2019-09-14T15:02:49,41.7,209.7,215.9,0.7,13980.0,246.4
2019-09-14T15:03:20,41.7,207.9,209.4,0.7,13990.0,244.4
2019-09-14T15:03:51,41.7,207.9,212.9,0.7,14000.0,245.4
2019-09-14T15:04:22,41.9,211.4,215.9,0.7,14020.0,244.4
2019-09-14T15:04:53,41.9,218.5,211.7,0.7,14030.0,244.4
2019-09-14T15:05:24,42.0,218.5,211.7,0.7,14040.0,244.4
2019-09-14T15:05:55,42.0,206.7,208.8,0.8,14050.0,245.4
2019-09-14T15:06:27,42.0,200.8,208.2,0.8,14060.0,244.4
2019-09-14T15:06:58,42.1,209.1,212.3,0.7,14070.0,244.4
2019-09-14T15:07:29,42.1,220.9,214.7,0.7,14080.0,244.4
2019-09-14T15:08:00,42.1,218.5,208.8,0.6,14090.0,246.4
2019-09-14T15:08:31,42.1,203.7,208.8,0.7,14100.0,246.4
2019-09-14T15:09:02,42.1,224.4,220.0,0.6,14120.0,247.3
2019-09-14T15:09:33,42.1,202.0,217.7,0.8,14130.0,248.3
2019-09-14T15:10:04,42.1,220.9,220.0,0.7,14140.0,246.4
2019-09-14T15:10:35,42.1,211.4,218.8,0.7,14150.0,245.4
2019-09-14T15:11:07,42.1,215.0,218.8,0.7,14160.0,247.3
2019-09-14T15:11:38,42.1,206.1,212.3,0.7,14170.0,247.3
2019-09-14T15:12:09,42.2,220.9,219.4,0.7,14180.0,247.3
2019-09-14T15:12:40,42.2,207.3,214.1,0.7,14190.0,248.3
2019-09-14T15:13:11,42.2,200.8,212.9,0.7,14200.0,248.3
2019-09-14T15:13:42,42.2,214.4,213.5,0.7,14210.0,245.4
2019-09-14T15:14:13,42.3,204.3,211.2,0.7,14220.0,248.3
2019-09-14T15:14:44,42.2,193.7,212.3,0.7,14230.0,247.3
2019-09-14T15:15:15,42.3,207.9,215.9,0.7,14240.0,247.3
2019-09-14T15:15:46,42.3,220.3,207.0,0.6,14260.0,247.3
2019-09-14T15:16:18,42.3,211.4,208.2,0.7,14270.0,247.3
2019-09-14T15:16:49,42.3,219.7,207.6,0.7,14280.0,247.3
2019-09-14T15:17:20,42.3,219.7,207.6,0.7,14290.0,248.3
2019-09-14T15:17:51,42.3,219.7,208.8,0.7,14300.0,247.3
2019-09-14T15:18:22,42.3,215.6,208.2,0.6,14310.0,248.3
2019-09-14T15:18:53,42.3,215.0,208.2,0.6,14320.0,248.3
2019-09-14T15:19:24,42.3,224.4,212.3,0.6,14330.0,248.3
2019-09-14T15:19:55,42.4,203.7,214.1,0.7,14340.0,248.3
2019-09-14T15:20:26,42.4,209.1,215.3,0.7,14350.0,247.3
2019-09-14T15:20:57,42.4,222.1,217.1,0.6,14360.0,248.3
2019-09-14T15:21:28,42.4,217.9,215.3,0.6,14370.0,248.3
2019-09-14T15:21:59,42.4,209.1,211.7,0.7,14380.0,247.3
2019-09-14T15:22:30,42.4,217.9,216.5,0.7,14390.0,248.3
2019-09-14T15:23:02,42.4,199.0,217.7,0.6,14400.0,248.3
2019-09-14T15:23:33,42.4,191.3,210.6,0.7,14410.0,247.3
2019-09-14T15:24:04,42.4,213.2,213.5,0.6,14420.0,248.3
2019-09-14T15:24:35,42.5,215.6,215.3,0.6,14430.0,248.3
2019-09-14T15:25:06,42.5,206.1,214.1,0.6,14440.0,247.3
2019-09-14T15:25:37,42.5,217.9,215.3,0.6,14450.0,246.4
2019-09-14T15:26:08,42.5,210.8,210.0,0.7,14460.0,247.3
2019-09-14T15:26:39,42.5,213.2,207.6,0.7,14480.0,246.4
2019-09-14T15:27:10,42.5,204.3,215.9,0.6,14490.0,246.4
2019-09-14T15:27:41,42.4,215.0,213.5,0.6,14500.0,246.4
2019-09-14T15:28:12,42.2,211.4,208.8,0.6,14510.0,247.3
2019-09-14T15:28:43,42.0,191.9,211.7,0.6,14520.0,247.3
2019-09-14T15:29:14,42.0,208.5,210.6,0.7,14530.0,246.4
2019-09-14T15:29:45,41.9,217.9,211.7,0.7,14540.0,247.3
2019-09-14T15:30:16,41.9,217.3,214.7,0.7,14550.0,247.3
2019-09-14T15:30:48,42.0,213.8,214.7,0.6,14560.0,246.4
2019-09-14T15:31:19,41.9,215.6,213.5,0.6,14570.0,246.4
2019-09-14T15:31:50,41.9,210.8,214.7,0.6,14580.0,245.4
2019-09-14T15:32:21,42.0,216.7,213.5,0.6,14590.0,247.3
2019-09-14T15:32:52,0.0,0.0,0.0,0.0,0.0,0.0
2019-09-14T15:33:23,42.0,202.0,220.6,0.6,14610.0,246.4
2019-09-14T15:33:54,42.0,180.7,215.9,0.8,14620.0,246.4
2019-09-14T15:34:25,41.9,202.6,210.6,0.7,14630.0,245.4
2019-09-14T15:34:56,42.0,224.4,213.5,0.6,14640.0,246.4
2019-09-14T15:35:27,42.0,207.3,215.9,0.7,14650.0,247.3
2019-09-14T15:35:59,42.0,224.4,215.9,0.6,14660.0,246.4
2019-09-14T15:36:30,41.7,217.3,216.5,0.6,14670.0,245.4
2019-09-14T15:37:01,41.6,223.8,220.6,0.6,14680.0,246.4
2019-09-14T15:37:32,41.7,212.0,214.7,0.6,14690.0,245.4
2019-09-14T15:38:03,41.6,210.8,217.7,0.7,14700.0,245.4
2019-09-14T15:38:34,41.7,221.5,215.3,0.7,14710.0,245.4
2019-09-14T15:39:05,41.7,200.2,219.4,0.7,14720.0,245.4
2019-09-14T15:39:36,41.7,197.8,216.5,0.6,14730.0,246.4
2019-09-14T15:40:07,41.7,219.1,214.7,0.6,14740.0,245.4
2019-09-14T15:40:39,41.7,211.4,211.7,0.6,14750.0,246.4
2019-09-14T15:41:10,41.5,219.7,214.7,0.6,14750.0,245.4
2019-09-14T15:41:41,41.3,211.4,215.3,0.7,14760.0,246.4
2019-09-14T15:42:12,41.3,199.6,218.8,0.6,14770.0,246.4
2019-09-14T15:42:43,41.2,222.7,218.3,0.6,14780.0,246.4
2019-09-14T15:43:14,40.9,210.8,215.3,0.6,14790.0,245.4
2019-09-14T15:43:45,40.6,226.2,221.8,0.6,14800.0,245.4
2019-09-14T15:44:16,40.7,205.5,221.8,0.6,14810.0,247.3
2019-09-14T15:44:47,40.8,226.2,220.0,0.5,14820.0,246.4
2019-09-14T15:45:18,40.8,207.3,218.3,0.6,14830.0,246.4
2019-09-14T15:45:49,40.9,204.3,215.9,0.7,14840.0,245.4
2019-09-14T15:46:21,40.8,225.0,217.7,0.6,14850.0,246.4
2019-09-14T15:46:52,40.9,206.1,217.7,0.6,14860.0,244.4
2019-09-14T15:47:23,40.9,209.7,214.7,0.7,14870.0,245.4
2019-09-14T15:47:54,40.9,225.6,213.5,0.5,14880.0,246.4
2019-09-14T15:48:25,41.0,203.7,211.2,0.6,14890.0,245.4
2019-09-14T15:48:56,41.2,201.4,208.8,0.6,14900.0,244.4
2019-09-14T15:49:27,41.2,222.7,211.7,0.6,14910.0,246.4
2019-09-14T15:49:58,41.0,223.8,215.9,0.6,14920.0,246.4
2019-09-14T15:50:29,41.0,204.3,216.5,0.6,14920.0,245.4
2019-09-14T15:51:00,41.2,199.0,216.5,0.7,14930.0,244.4
2019-09-14T15:51:31,41.2,222.1,218.3,0.6,14940.0,243.5
2019-09-14T15:52:02,41.3,207.9,218.3,0.6,14950.0,243.5
2019-09-14T15:52:33,41.4,213.8,217.7,0.6,14960.0,245.4
2019-09-14T15:53:04,41.5,216.2,219.4,0.6,14970.0,244.4
2019-09-14T15:53:35,41.5,202.6,218.3,0.6,14980.0,244.4
2019-09-14T15:54:06,41.5,217.9,223.6,0.6,14990.0,245.4
2019-09-14T15:54:37,41.6,212.0,216.5,0.6,15000.0,242.5
2019-09-14T15:55:08,41.6,217.9,216.5,0.6,15010.0,243.5
2019-09-14T15:55:40,41.7,213.8,219.4,0.6,15010.0,243.5
2019-09-14T15:56:11,41.7,198.4,217.7,0.7,15020.0,244.4
2019-09-14T15:56:42,41.5,199.6,217.7,0.6,15030.0,243.5
2019-09-14T15:57:13,41.5,222.1,211.7,0.6,15040.0,245.4
2019-09-14T15:57:44,41.6,210.2,211.2,0.7,15050.0,246.4
2019-09-14T15:58:15,41.6,197.8,211.7,0.6,15060.0,246.4
2019-09-14T15:58:46,41.6,219.7,214.1,0.6,15070.0,246.4
2019-09-14T15:59:17,41.7,209.7,217.7,0.6,15070.0,245.4
2019-09-14T15:59:48,41.9,223.2,217.7,0.6,15080.0,245.4
2019-09-14T16:00:19,42.0,202.6,211.2,0.6,15090.0,245.4
2019-09-14T16:00:51,42.1,225.0,220.0,0.6,15100.0,245.4
2019-09-14T16:01:22,42.1,217.3,211.2,0.6,15110.0,245.4
2019-09-14T16:01:53,42.2,220.3,215.9,0.5,15120.0,246.4
2019-09-14T16:02:24,42.3,208.5,215.9,0.6,15130.0,245.4
2019-09-14T16:02:55,42.3,219.1,212.3,0.6,15130.0,244.4
2019-09-14T16:03:26,42.4,213.2,210.6,0.6,15140.0,245.4
2019-09-14T16:03:57,42.4,192.5,213.5,0.7,15150.0,245.4
2019-09-14T16:04:28,42.5,215.0,211.2,0.6,15160.0,244.4
2019-09-14T16:04:59,42.5,216.2,215.3,0.6,15170.0,244.4
2019-09-14T16:05:30,42.5,215.0,215.3,0.6,15170.0,244.4
2019-09-14T16:06:02,42.7,219.1,222.4,0.6,15180.0,246.4
2019-09-14T16:06:33,42.7,199.0,221.8,0.6,15190.0,244.4
2019-09-14T16:07:04,42.7,199.6,221.2,0.6,15200.0,243.5
2019-09-14T16:07:35,42.7,222.1,220.6,0.6,15210.0,241.5
2019-09-14T16:08:06,42.7,212.0,224.8,0.6,15220.0,243.5
2019-09-14T16:08:37,42.7,197.8,222.4,0.6,15220.0,242.5
2019-09-14T16:09:08,42.7,197.8,222.4,0.7,15230.0,243.5
2019-09-14T16:09:39,42.5,196.1,223.0,0.7,15240.0,245.4
2019-09-14T16:10:10,42.5,219.1,220.6,0.7,15250.0,245.4
2019-09-14T16:10:41,42.5,208.5,216.5,0.7,15260.0,244.4
2019-09-14T16:11:13,42.4,218.5,214.7,0.6,15260.0,244.4
2019-09-14T16:11:44,42.4,197.8,214.7,0.7,15270.0,243.5
2019-09-14T16:12:15,42.4,213.2,221.8,0.6,15280.0,242.5
2019-09-14T16:12:46,42.4,225.0,214.7,0.5,15290.0,244.4
2019-09-14T16:13:17,42.3,219.1,214.7,0.6,15290.0,244.4
2019-09-14T16:13:48,42.3,213.8,218.8,0.6,15300.0,243.5
2019-09-14T16:14:19,42.3,205.5,216.5,0.6,15310.0,242.5
2019-09-14T16:14:50,42.4,222.1,223.0,0.6,15320.0,242.5
2019-09-14T16:15:21,42.4,229.2,217.7,0.5,15320.0,242.5
2019-09-14T16:15:52,42.4,212.6,218.3,0.7,15330.0,244.4
2019-09-14T16:16:23,42.4,212.0,222.4,0.6,15340.0,244.4
2019-09-14T16:16:54,42.4,223.8,224.8,0.6,15350.0,244.4
2019-09-14T16:17:25,42.4,213.2,219.4,0.7,15360.0,244.4
2019-09-14T16:17:56,42.3,225.0,218.8,0.6,15360.0,245.4
2019-09-14T16:18:27,42.3,218.5,221.2,0.6,15370.0,244.4
2019-09-14T16:18:58,42.2,208.5,225.9,0.6,15380.0,245.4
2019-09-14T16:19:29,42.2,215.6,225.9,0.7,15380.0,243.5
2019-09-14T16:20:00,42.2,226.8,228.3,0.5,15390.0,245.4
2019-09-14T16:20:32,42.2,213.8,228.9,0.6,15400.0,245.4
2019-09-14T16:21:03,42.1,208.5,228.3,0.6,15410.0,243.5
2019-09-14T16:21:34,42.1,229.2,222.4,0.5,15410.0,243.5
2019-09-14T16:22:05,42.1,212.6,218.3,0.6,15420.0,244.4
2019-09-14T16:22:36,42.1,213.2,222.4,0.6,15430.0,242.5
2019-09-14T16:23:07,42.1,207.9,227.1,0.6,15430.0,243.5
2019-09-14T16:23:38,42.1,196.7,219.4,0.6,15440.0,244.4
2019-09-14T16:24:09,42.0,219.7,223.6,0.6,15450.0,245.4
2019-09-14T16:24:40,42.0,217.9,223.0,0.6,15460.0,243.5
2019-09-14T16:25:11,42.0,202.0,217.7,0.7,15460.0,242.5
2019-09-14T16:25:43,42.0,223.2,223.0,0.6,15470.0,242.5
2019-09-14T16:26:14,42.0,212.0,225.4,0.6,15480.0,242.5
2019-09-14T16:26:45,42.0,213.8,223.6,0.5,15480.0,242.5
2019-09-14T16:27:16,41.9,202.6,223.6,0.6,15490.0,243.5
2019-09-14T16:27:47,41.9,209.7,225.9,0.5,15500.0,242.5
2019-09-14T16:28:18,41.9,207.9,227.7,0.6,15500.0,243.5
2019-09-14T16:28:49,41.9,198.4,223.6,0.7,15510.0,241.5
2019-09-14T16:29:20,41.9,219.7,218.3,0.6,15520.0,243.5
2019-09-14T16:29:51,41.9,219.1,222.4,0.6,15520.0,243.5
2019-09-14T16:30:22,41.9,204.9,224.8,0.6,15530.0,243.5
2019-09-14T16:30:54,41.9,225.6,222.4,0.5,15540.0,243.5
2019-09-14T16:31:25,41.9,222.7,230.7,0.5,15540.0,244.4
2019-09-14T16:31:56,41.9,202.0,220.6,0.6,15550.0,244.4
2019-09-14T16:32:27,41.9,194.9,223.6,0.6,15550.0,243.5
2019-09-14T16:32:58,41.9,213.8,227.7,0.6,15560.0,243.5
2019-09-14T16:33:29,41.7,223.8,220.0,0.5,15570.0,244.4
2019-09-14T16:34:00,41.7,209.1,223.6,0.6,15570.0,242.5
2019-09-14T16:34:31,41.7,221.5,227.1,0.5,15580.0,243.5
2019-09-14T16:35:02,41.7,201.4,225.9,0.6,15590.0,243.5
2019-09-14T16:35:34,41.6,214.4,224.8,0.6,15590.0,243.5
2019-09-14T16:36:05,41.6,222.7,225.4,0.6,15600.0,242.5
2019-09-14T16:36:36,41.6,213.8,225.9,0.6,15600.0,242.5
2019-09-14T16:37:07,41.6,223.2,221.8,0.5,15610.0,242.5
2019-09-14T16:37:38,41.6,229.2,221.8,0.6,15620.0,242.5
2019-09-14T16:38:09,41.5,209.7,225.9,0.6,15620.0,241.5
2019-09-14T16:38:40,41.5,206.1,223.6,0.5,15630.0,240.6
2019-09-14T16:39:11,41.5,226.8,223.0,0.5,15630.0,243.5
2019-09-14T16:39:42,41.5,212.0,228.3,0.6,15640.0,244.4
2019-09-14T16:40:13,41.5,210.2,228.9,0.6,15640.0,243.5
2019-09-14T16:40:45,41.4,211.4,222.4,0.6,15650.0,242.5
2019-09-14T16:41:16,41.4,231.5,224.2,0.5,15650.0,241.5
2019-09-14T16:41:47,41.4,224.4,225.9,0.5,15660.0,242.5
2019-09-14T16:42:18,41.3,203.7,231.3,0.6,15670.0,241.5
2019-09-14T16:42:49,41.3,223.8,224.2,0.5,15670.0,242.5
2019-09-14T16:43:20,41.2,232.1,224.8,0.5,15680.0,241.5
2019-09-14T16:43:51,41.2,220.3,225.9,0.6,15680.0,241.5
2019-09-14T16:44:22,41.0,216.2,228.3,0.6,15690.0,241.5
2019-09-14T16:44:53,41.0,211.4,222.4,0.6,15690.0,241.5
2019-09-14T16:45:24,40.9,212.0,226.5,0.6,15700.0,242.5
2019-09-14T16:45:55,40.9,219.7,224.8,0.6,15700.0,240.6
2019-09-14T16:46:27,40.9,220.9,227.7,0.5,15710.0,240.6
2019-09-14T16:46:58,40.8,213.2,231.3,0.6,15710.0,240.6
2019-09-14T16:47:29,40.8,212.0,234.8,0.6,15720.0,241.5
2019-09-14T16:48:00,40.7,207.3,233.6,0.6,15720.0,240.6
2019-09-14T16:48:31,40.7,207.9,230.1,0.7,15730.0,241.5
2019-09-14T16:49:02,40.7,209.7,224.8,0.7,15730.0,242.5
2019-09-14T16:49:33,40.6,199.0,225.9,0.7,15740.0,240.6
2019-09-14T16:50:04,40.6,207.3,230.7,0.6,15740.0,240.6
2019-09-14T16:50:35,40.6,204.9,236.0,0.6,15750.0,242.5
2019-09-14T16:51:07,40.6,198.4,232.4,0.6,15750.0,242.5
2019-09-14T16:51:38,40.6,204.3,230.1,0.6,15760.0,242.5
2019-09-14T16:52:09,40.6,202.0,233.6,0.6,15760.0,242.5
2019-09-14T16:52:40,40.6,178.3,234.8,0.9,15770.0,243.5
2019-09-14T16:53:11,40.7,175.4,223.6,1.0,15770.0,242.5
2019-09-14T16:53:42,40.6,168.3,234.2,0.9,15780.0,243.5
2019-09-14T16:54:13,40.6,167.1,228.3,0.8,15780.0,241.5
2019-09-14T16:54:44,40.5,171.3,225.4,0.8,15790.0,240.6
2019-09-14T16:55:15,40.5,167.7,230.7,0.8,15790.0,239.6
2019-09-14T16:55:46,40.5,167.7,227.7,0.7,15800.0,242.5
2019-09-14T16:56:18,40.4,167.1,240.1,0.8,15800.0,242.5
2019-09-14T16:56:49,40.4,168.9,227.7,0.8,15810.0,242.5
2019-09-14T16:57:20,40.4,147.0,223.0,1.2,15810.0,242.5
2019-09-14T16:57:51,40.4,128.1,226.5,1.5,15820.0,242.5
2019-09-14T16:58:22,40.2,129.3,218.3,1.5,15820.0,242.5
2019-09-14T16:58:53,40.2,124.6,221.2,1.5,15830.0,242.5
2019-09-14T16:59:24,40.2,136.4,225.4,1.4,15830.0,243.5
2019-09-14T16:59:55,40.2,140.5,215.9,1.5,15830.0,241.5
2019-09-14T17:00:26,40.2,140.5,226.5,1.4,15840.0,243.5
2019-09-14T17:00:57,40.1,150.6,221.2,1.4,15840.0,242.5
2019-09-14T17:01:29,40.1,137.6,218.8,1.5,15850.0,242.5
2019-09-14T17:02:00,40.1,145.3,214.7,1.4,15850.0,241.5
2019-09-14T17:02:31,40.1,147.6,228.9,1.4,15860.0,243.5
2019-09-14T17:03:02,40.1,148.2,219.4,1.3,15860.0,243.5
2019-09-14T17:03:33,40.0,151.8,215.3,1.3,15870.0,243.5
2019-09-14T17:04:04,40.0,163.6,211.7,1.3,15870.0,244.4
2019-09-14T17:04:35,40.0,155.9,204.6,1.2,15870.0,244.4
2019-09-14T17:05:06,40.0,164.2,211.7,1.2,15880.0,243.5
2019-09-14T17:05:37,39.9,173.6,216.5,1.1,15880.0,243.5
2019-09-14T17:06:08,39.9,165.9,207.6,1.3,15890.0,243.5
2019-09-14T17:06:39,39.9,171.3,211.7,1.3,15890.0,242.5
2019-09-14T17:07:10,39.9,168.9,209.4,1.1,15890.0,241.5
2019-09-14T17:07:41,39.8,174.8,201.7,1.2,15900.0,242.5
2019-09-14T17:08:12,39.8,165.9,217.7,1.1,15900.0,242.5
2019-09-14T17:08:43,39.8,164.2,208.8,1.1,15900.0,242.5
2019-09-14T17:09:14,39.7,185.4,206.4,1.0,15910.0,242.5
2019-09-14T17:09:45,39.7,176.6,213.5,1.2,15910.0,243.5
2019-09-14T17:10:16,39.7,176.0,211.7,1.1,15920.0,243.5
2019-09-14T17:10:48,39.7,180.7,203.5,1.0,15920.0,244.4
2019-09-14T17:11:19,39.5,182.5,208.2,1.1,15920.0,243.5
2019-09-14T17:11:50,39.5,183.7,201.7,1.1,15930.0,244.4
2019-09-14T17:12:21,39.4,176.0,204.1,1.0,15930.0,243.5
2019-09-14T17:12:52,39.4,184.8,201.7,1.0,15930.0,243.5
2019-09-14T17:13:23,39.4,173.0,205.8,1.0,15940.0,243.5
2019-09-14T17:13:54,39.4,173.0,201.7,0.9,15940.0,243.5
2019-09-14T17:14:25,39.3,172.4,188.7,1.1,15940.0,242.5
2019-09-14T17:14:56,39.2,189.6,194.6,0.9,15950.0,241.5
2019-09-14T17:15:27,39.2,205.5,202.3,0.9,15950.0,241.5
2019-09-14T17:15:59,39.1,195.5,199.9,0.8,15950.0,243.5
2019-09-14T17:16:30,39.0,186.0,201.7,0.9,15950.0,243.5
2019-09-14T17:17:01,39.0,191.3,207.0,0.8,15960.0,244.4
2019-09-14T17:17:32,39.0,192.5,186.9,0.9,15960.0,244.4
2019-09-14T17:18:03,38.9,204.9,197.0,0.7,15960.0,243.5
2019-09-14T17:18:34,38.9,209.1,195.8,0.8,15960.0,242.5
2019-09-14T17:19:05,38.9,204.3,191.6,0.7,15970.0,241.5
2019-09-14T17:19:36,38.7,211.4,200.5,0.7,15970.0,242.5
2019-09-14T17:20:07,38.7,194.9,196.4,0.7,15970.0,242.5
2019-09-14T17:20:39,38.6,198.4,205.8,0.6,15970.0,243.5
2019-09-14T17:21:10,38.6,205.5,186.3,0.7,15980.0,242.5
2019-09-14T17:21:41,38.6,204.9,196.4,0.6,15980.0,242.5
2019-09-14T17:22:12,38.5,209.7,192.2,0.7,15980.0,242.5
2019-09-14T17:22:43,38.5,200.2,188.1,0.6,15980.0,244.4
2019-09-14T17:23:14,38.5,209.7,209.4,0.5,15980.0,242.5
2019-09-14T17:23:45,38.4,202.0,186.9,0.5,15990.0,243.5
2019-09-14T17:24:16,38.4,202.6,204.1,0.5,15990.0,242.5
2019-09-14T17:24:47,38.4,196.1,202.3,0.5,15990.0,243.5
2019-09-14T17:25:18,38.3,176.0,201.1,0.5,15990.0,242.5
2019-09-14T17:25:50,38.2,183.1,218.8,0.5,15990.0,242.5
2019-09-14T17:26:21,38.2,180.7,205.8,0.5,15990.0,241.5
2019-09-14T17:26:52,38.2,179.5,192.8,0.5,16000.0,242.5
2019-09-14T17:27:23,38.2,175.4,195.8,0.4,16000.0,242.5
2019-09-14T17:27:54,38.0,185.4,206.4,0.4,16000.0,241.5
2019-09-14T17:28:25,38.0,167.7,194.6,0.4,16000.0,242.5
2019-09-14T17:28:56,37.9,187.2,208.8,0.3,16000.0,241.5
2019-09-14T17:29:27,37.9,171.9,199.9,0.3,16000.0,241.5
2019-09-14T17:29:58,37.8,184.3,200.5,0.2,16000.0,242.5
2019-09-14T17:30:29,37.8,180.7,202.9,0.3,16000.0,241.5
2019-09-14T17:31:00,37.7,174.8,201.7,0.2,16000.0,241.5
2019-09-14T17:31:31,37.7,185.4,211.7,0.1,16000.0,242.5
2019-09-14T17:32:02,37.7,174.2,218.8,0.1,16000.0,242.5
2019-09-14T17:32:33,37.6,195.5,197.5,0.1,16000.0,241.5
2019-09-14T17:33:04,37.6,173.6,195.2,0.1,16000.0,240.6
2019-09-14T17:33:35,37.5,152.9,214.1,0.1,16000.0,241.5
2019-09-14T17:34:06,37.5,173.0,217.7,0.1,16000.0,239.6
2019-09-14T17:34:37,37.4,196.7,197.5,0.0,16000.0,240.6
2019-09-14T17:35:08,37.4,193.7,175.7,0.0,16010.0,240.6
2019-09-14T17:35:40,37.4,167.1,155.5,0.1,16010.0,240.6
2019-09-14T17:36:11,37.2,147.6,160.3,0.1,16010.0,241.5
2019-09-14T17:36:42,37.1,160.6,179.8,0.0,16010.0,240.6
2019-09-14T17:37:13,37.1,182.5,202.3,0.1,16010.0,239.6
2019-09-14T17:37:44,37.0,202.0,222.4,0.0,16010.0,241.5
2019-09-14T17:38:15,37.0,202.6,212.9,0.0,16010.0,239.6
2019-09-14T17:38:46,37.0,189.6,193.4,0.0,16010.0,239.6
2019-09-14T17:39:17,36.9,167.7,169.7,0.0,16010.0,237.7
2019-09-14T17:39:48,36.9,147.0,150.2,0.0,16010.0,238.6
2019-09-14T17:40:19,36.8,125.8,163.8,0.0,16010.0,240.6
2019-09-14T17:40:51,36.8,131.7,184.5,0.0,16010.0,238.6
2019-09-14T17:41:22,36.5,154.7,201.1,0.0,16010.0,240.6
2019-09-14T17:41:53,36.5,173.0,224.2,0.0,16010.0,239.6
2019-09-14T17:42:24,36.4,193.1,227.1,0.0,16010.0,238.6
2019-09-14T17:42:55,36.4,191.3,211.7,0.0,16010.0,238.6
2019-09-14T17:43:26,36.3,190.2,207.0,0.0,16010.0,236.7
2019-09-14T17:43:57,36.3,187.8,201.1,0.0,16010.0,235.7
2019-09-14T17:44:28,36.2,186.0,192.8,0.0,16010.0,236.7
2019-09-14T17:44:59,36.2,174.2,187.5,0.0,16010.0,233.8
2019-09-14T17:45:30,36.1,90.9,180.4,0.0,16010.0,234.8
2019-09-14T17:46:02,36.0,161.8,162.0,0.0,16010.0,234.8
2019-09-14T17:46:33,36.0,141.7,141.9,0.0,16010.0,236.7
2019-09-14T17:47:04,35.9,96.2,96.4,0.0,16010.0,235.7
2019-09-14T21:46:39,0.0,0.0,0.0,0.0,0.0,0.0
