2018-11-04T06:35:29,29.0,204.3,204.6,0.5,120.0,240.6
2018-11-04T06:36:00,29.0,210.8,226.5,0.4,120.0,240.6
2018-11-04T06:36:31,29.4,190.2,240.7,0.5,120.0,240.6
2018-11-04T06:37:02,29.4,194.3,218.8,0.5,130.0,241.5
2018-11-04T06:37:33,29.4,215.6,203.5,0.4,130.0,241.5
2018-11-04T06:38:04,29.4,197.3,224.2,0.5,130.0,241.5
2018-11-04T06:38:35,29.4,209.7,244.9,0.5,130.0,241.5
2018-11-04T06:39:06,29.4,207.3,225.4,0.5,130.0,239.6
2018-11-04T06:39:37,29.7,186.6,204.6,0.5,130.0,240.6
2018-11-04T06:40:08,29.7,203.7,215.9,0.5,130.0,240.6
2018-11-04T06:40:40,29.7,218.5,237.8,0.4,140.0,241.5
2018-11-04T06:41:11,29.7,197.8,237.8,0.5,140.0,241.5
2018-11-04T06:41:42,29.7,219.7,214.7,0.4,140.0,240.6
2018-11-04T06:42:13,30.1,197.3,224.8,0.5,140.0,242.5
2018-11-04T06:42:44,30.1,194.3,244.9,0.5,140.0,241.5
2018-11-04T06:43:15,30.1,216.2,230.7,0.5,140.0,241.5
2018-11-04T06:43:46,30.1,200.8,209.4,0.5,150.0,242.5
2018-11-04T06:44:17,30.1,217.9,227.7,0.5,150.0,241.5
2018-11-04T06:44:48,30.2,200.8,244.3,0.5,150.0,241.5
2018-11-04T06:45:19,30.2,209.1,221.8,0.5,150.0,241.5
2018-11-04T06:45:51,30.2,211.4,211.7,0.5,150.0,242.5
2018-11-04T06:46:22,30.2,190.8,234.8,0.6,150.0,242.5
2018-11-04T06:46:53,30.3,195.5,238.4,0.5,160.0,241.5
2018-11-04T06:47:24,30.3,217.3,217.7,0.5,160.0,240.6
2018-11-04T06:47:55,30.3,203.2,233.0,0.6,160.0,241.5
2018-11-04T06:48:26,30.3,184.8,243.7,0.6,160.0,239.6
2018-11-04T06:48:57,30.4,206.1,221.2,0.6,160.0,241.5
2018-11-04T06:49:28,30.4,212.6,226.5,0.5,170.0,241.5
2018-11-04T06:49:59,30.4,191.9,246.6,0.6,170.0,241.5
2018-11-04T06:50:30,30.4,206.7,225.9,0.6,170.0,241.5
2018-11-04T06:51:02,30.4,211.4,212.9,0.6,170.0,239.6
2018-11-04T06:51:33,30.4,206.1,235.4,0.7,170.0,239.6
2018-11-04T06:52:04,30.5,213.2,234.8,0.6,180.0,238.6
2018-11-04T06:52:35,30.5,207.9,215.9,0.7,180.0,239.6
2018-11-04T06:53:06,30.5,208.5,239.0,0.6,180.0,238.6
2018-11-04T06:53:37,30.5,202.0,246.6,0.7,180.0,238.6
2018-11-04T06:54:08,30.7,189.0,232.4,0.7,180.0,240.6
2018-11-04T06:54:39,30.7,173.6,217.7,0.7,190.0,242.5
2018-11-04T06:55:10,30.7,177.8,229.5,0.7,190.0,242.5
2018-11-04T06:55:41,30.7,197.8,242.5,0.7,190.0,241.5
2018-11-04T06:56:13,30.8,220.3,222.4,0.6,190.0,241.5
2018-11-04T06:56:44,30.8,200.2,223.6,0.7,200.0,240.6
2018-11-04T06:57:15,30.8,217.9,246.6,0.7,200.0,240.6
2018-11-04T06:57:46,30.8,202.0,226.5,0.7,200.0,240.6
2018-11-04T06:58:17,30.8,210.2,220.6,0.7,200.0,238.6
2018-11-04T06:58:48,30.8,207.9,242.5,0.7,210.0,239.6
2018-11-04T06:59:19,30.9,212.6,232.4,0.7,210.0,241.5
2018-11-04T06:59:50,30.9,208.5,241.3,0.7,210.0,241.5
2018-11-04T07:00:21,30.9,199.0,242.5,0.8,210.0,240.6
2018-11-04T07:00:52,30.9,177.8,230.1,0.9,220.0,244.4
2018-11-04T07:01:24,30.9,164.2,221.2,0.9,220.0,242.5
2018-11-04T07:01:55,31.0,186.6,243.7,0.8,220.0,242.5
2018-11-04T07:02:26,31.0,208.5,228.9,0.8,220.0,241.5
2018-11-04T07:02:57,31.0,211.4,220.6,0.7,230.0,242.5
2018-11-04T07:03:28,31.0,208.5,241.9,0.8,230.0,242.5
2018-11-04T07:03:59,31.1,213.8,230.7,0.8,230.0,242.5
2018-11-04T07:04:30,31.1,200.2,212.9,0.9,230.0,240.6
2018-11-04T07:05:01,31.1,196.1,233.6,0.8,240.0,241.5
2018-11-04T07:05:32,31.1,217.3,240.7,0.7,240.0,241.5
2018-11-04T07:06:04,31.1,210.2,220.6,0.8,240.0,242.5
2018-11-04T07:06:35,31.2,219.7,235.4,0.7,250.0,243.5
2018-11-04T07:07:06,31.2,220.9,238.4,0.6,250.0,243.5
2018-11-04T07:07:37,31.2,211.4,239.5,0.7,250.0,241.5
2018-11-04T07:08:08,31.2,187.8,245.5,0.9,250.0,241.5
2018-11-04T07:08:39,31.4,171.9,226.5,1.0,260.0,241.5
2018-11-04T07:09:10,31.4,178.9,241.9,1.0,260.0,242.5
2018-11-04T07:09:41,31.4,164.8,230.7,1.1,260.0,242.5
2018-11-04T07:10:12,31.5,186.0,231.9,1.1,270.0,242.5
2018-11-04T07:10:43,31.5,164.2,241.3,1.1,270.0,241.5
2018-11-04T07:11:15,31.5,185.4,224.2,1.0,270.0,241.5
2018-11-04T07:11:46,31.5,167.7,246.1,1.2,280.0,242.5
2018-11-04T07:12:17,31.5,187.2,224.8,1.0,280.0,242.5
2018-11-04T07:12:48,31.6,165.9,233.6,1.2,280.0,242.5
2018-11-04T07:13:19,31.6,175.4,242.5,1.1,290.0,242.5
2018-11-04T07:13:50,31.6,180.1,220.6,1.2,290.0,240.6
2018-11-04T07:14:21,31.6,160.0,243.7,1.2,290.0,240.6
2018-11-04T07:14:52,31.7,180.7,228.3,1.1,300.0,240.6
2018-11-04T07:15:23,31.7,194.3,233.6,1.1,300.0,239.6
2018-11-04T07:15:54,31.7,174.2,239.5,1.1,300.0,241.5
2018-11-04T07:16:26,31.8,163.0,229.5,1.3,310.0,241.5
2018-11-04T07:16:57,31.8,165.4,229.5,1.3,310.0,240.6
2018-11-04T07:17:28,31.8,158.9,240.7,1.4,320.0,241.5
2018-11-04T07:17:59,31.8,171.3,228.9,1.3,320.0,242.5
2018-11-04T07:18:30,31.8,168.3,240.1,1.3,320.0,242.5
2018-11-04T07:19:01,31.9,177.8,244.9,1.2,330.0,242.5
2018-11-04T07:19:32,31.9,186.6,228.3,1.2,330.0,242.5
2018-11-04T07:20:03,31.9,186.0,247.2,1.2,340.0,242.5
2018-11-04T07:20:34,32.0,176.0,226.5,1.2,340.0,243.5
2018-11-04T07:21:06,32.0,173.6,237.8,1.1,340.0,243.5
2018-11-04T07:21:37,32.0,173.6,230.1,1.1,350.0,243.5
2018-11-04T07:22:08,32.0,159.4,242.5,1.2,350.0,241.5
2018-11-04T07:22:39,32.2,182.5,222.4,1.2,360.0,241.5
2018-11-04T07:23:10,32.2,176.6,245.5,1.3,360.0,241.5
2018-11-04T07:23:41,32.2,178.3,224.8,1.2,360.0,242.5
2018-11-04T07:24:12,32.2,171.3,239.5,1.2,370.0,242.5
2018-11-04T07:24:43,32.3,168.9,232.4,1.4,370.0,241.5
2018-11-04T07:25:14,32.3,167.7,239.5,1.3,380.0,240.6
2018-11-04T07:25:45,32.3,177.2,247.2,1.2,380.0,241.5
2018-11-04T07:26:17,32.3,161.2,233.0,1.4,390.0,241.5
2018-11-04T07:26:48,32.4,184.3,234.8,1.4,390.0,240.6
2018-11-04T07:27:19,32.4,177.8,228.9,1.4,390.0,242.5
2018-11-04T07:27:50,32.4,182.5,245.5,1.4,400.0,242.5
2018-11-04T07:28:21,32.4,186.6,238.4,1.3,400.0,242.5
2018-11-04T07:28:52,32.5,188.4,221.2,1.3,410.0,241.5
2018-11-04T07:29:23,32.5,180.1,243.7,1.3,410.0,241.5
2018-11-04T07:29:54,32.5,164.8,224.2,1.4,420.0,242.5
2018-11-04T07:30:25,32.5,180.1,241.9,1.4,420.0,240.6
2018-11-04T07:30:57,32.6,180.1,224.8,1.5,430.0,242.5
2018-11-04T07:31:28,32.6,187.2,233.0,1.4,430.0,241.5
2018-11-04T07:31:59,32.6,179.5,231.3,1.5,440.0,240.6
2018-11-04T07:32:30,32.7,200.2,240.1,1.3,440.0,240.6
2018-11-04T07:33:01,32.7,194.3,237.2,1.6,450.0,242.5
2018-11-04T07:33:32,32.7,187.8,232.4,1.5,450.0,241.5
2018-11-04T07:34:03,32.7,186.0,235.4,1.7,460.0,242.5
2018-11-04T07:34:34,32.9,192.5,231.3,1.5,460.0,242.5
2018-11-04T07:35:05,32.9,182.5,237.2,1.6,470.0,241.5
2018-11-04T07:35:37,32.9,185.4,233.0,1.7,480.0,241.5
2018-11-04T07:36:08,33.0,180.1,227.7,1.7,480.0,241.5
2018-11-04T07:36:39,33.0,184.3,242.5,1.7,490.0,240.6
2018-11-04T07:37:10,33.0,182.5,222.4,1.8,490.0,241.5
2018-11-04T07:37:41,33.0,181.3,243.1,1.6,500.0,241.5
2018-11-04T07:38:12,33.1,179.5,222.4,1.7,500.0,239.6
2018-11-04T07:38:43,33.1,176.0,242.5,1.8,510.0,240.6
2018-11-04T07:39:14,33.1,181.9,225.4,1.8,520.0,239.6
2018-11-04T07:39:45,33.1,186.6,238.4,1.7,520.0,241.5
2018-11-04T07:40:16,33.2,181.3,230.1,1.9,530.0,239.6
2018-11-04T07:40:48,33.2,181.9,231.9,1.8,530.0,240.6
2018-11-04T07:41:19,33.2,176.0,235.4,1.9,540.0,241.5
2018-11-04T07:41:50,33.3,181.9,226.5,1.8,550.0,239.6
2018-11-04T07:42:21,33.3,181.9,241.9,1.8,550.0,241.5
2018-11-04T07:42:52,33.3,180.7,222.4,1.9,560.0,241.5
2018-11-04T07:43:23,33.4,180.7,237.2,1.8,570.0,241.5
2018-11-04T07:43:54,33.4,181.3,227.7,2.0,570.0,243.5
2018-11-04T07:44:25,33.4,184.3,232.4,1.9,580.0,243.5
2018-11-04T07:44:56,33.5,184.3,233.0,1.8,590.0,243.5
2018-11-04T07:45:27,33.5,179.5,227.7,1.9,590.0,243.5
2018-11-04T07:45:59,33.5,178.3,222.4,2.0,600.0,243.5
2018-11-04T07:46:30,33.7,177.8,227.7,2.1,610.0,244.4
2018-11-04T07:47:01,33.7,184.3,224.8,1.9,610.0,242.5
2018-11-04T07:47:32,33.7,186.6,230.7,1.9,620.0,245.4
2018-11-04T07:48:03,33.7,189.6,231.3,2.1,630.0,243.5
2018-11-04T07:48:34,33.7,190.2,234.2,2.0,630.0,243.5
2018-11-04T07:49:05,33.8,187.2,224.2,2.0,640.0,243.5
2018-11-04T07:49:37,33.8,188.4,233.0,2.0,650.0,242.5
2018-11-04T07:50:08,33.8,191.3,230.1,1.9,650.0,242.5
2018-11-04T07:50:39,33.9,183.7,231.3,2.1,660.0,244.4
2018-11-04T07:51:10,33.9,180.7,230.7,2.2,670.0,243.5
2018-11-04T07:51:41,34.0,177.8,227.7,2.2,680.0,242.5
2018-11-04T07:52:13,34.0,183.1,238.4,2.2,680.0,242.5
2018-11-04T07:52:44,34.0,183.7,225.4,2.2,690.0,242.5
2018-11-04T07:53:15,34.1,184.8,230.1,2.2,700.0,242.5
2018-11-04T07:53:46,34.1,183.1,224.8,2.1,700.0,242.5
2018-11-04T07:54:17,34.1,180.1,226.5,2.2,710.0,242.5
2018-11-04T07:54:48,34.2,177.8,221.8,2.2,720.0,242.5
2018-11-04T07:55:19,34.2,180.1,235.4,2.2,730.0,240.6
2018-11-04T07:55:50,34.2,181.9,222.4,2.2,730.0,241.5
2018-11-04T07:56:22,34.4,184.3,225.4,2.1,740.0,239.6
2018-11-04T07:56:53,34.4,184.3,236.0,2.3,750.0,239.6
2018-11-04T07:57:24,34.4,177.8,221.2,2.3,760.0,240.6
2018-11-04T07:57:55,34.5,179.5,237.8,2.4,770.0,239.6
2018-11-04T07:58:26,34.5,179.5,222.4,2.4,770.0,239.6
2018-11-04T07:58:57,34.5,177.8,230.1,2.4,780.0,240.6
2018-11-04T07:59:28,34.6,186.0,228.9,2.3,790.0,239.6
2018-11-04T07:59:59,34.6,182.5,227.7,2.5,800.0,240.6
2018-11-04T08:00:30,34.6,190.8,232.4,2.5,810.0,239.6
2018-11-04T08:01:01,34.7,187.8,235.4,2.5,820.0,239.6
2018-11-04T08:01:32,34.7,190.8,227.7,2.5,820.0,238.6
2018-11-04T08:02:03,34.7,186.6,231.9,2.4,830.0,239.6
2018-11-04T08:02:34,34.8,194.3,225.9,2.4,840.0,240.6
2018-11-04T08:03:05,34.8,184.8,227.7,2.6,850.0,239.6
2018-11-04T08:03:36,34.8,191.9,236.0,2.5,860.0,238.6
2018-11-04T08:04:07,34.8,186.6,230.1,2.5,870.0,238.6
2018-11-04T08:04:38,34.9,184.8,220.6,2.7,880.0,238.6
2018-11-04T08:05:09,34.9,184.8,226.5,2.6,880.0,238.6
2018-11-04T08:05:41,35.0,190.2,234.8,2.7,890.0,240.6
2018-11-04T08:06:12,35.0,187.2,230.1,2.6,900.0,239.6
2018-11-04T08:06:43,35.0,187.8,230.1,2.6,910.0,238.6
2018-11-04T08:07:14,35.2,190.8,224.8,2.5,920.0,238.6
2018-11-04T08:07:45,35.2,189.0,237.8,2.6,930.0,238.6
2018-11-04T08:08:16,35.2,198.4,231.3,2.6,940.0,239.6
2018-11-04T08:08:47,35.3,199.6,220.6,2.8,950.0,240.6
2018-11-04T08:09:18,35.3,194.9,220.6,2.7,960.0,239.6
2018-11-04T08:09:49,35.4,194.9,230.7,2.8,970.0,241.5
2018-11-04T08:10:20,35.4,198.4,226.5,2.8,980.0,241.5
2018-11-04T08:10:52,35.4,197.8,223.6,2.8,990.0,240.6
2018-11-04T08:11:23,35.5,193.7,232.4,2.9,1000.0,240.6
2018-11-04T08:11:54,35.5,197.8,217.1,2.9,1010.0,241.5
2018-11-04T08:12:25,35.5,197.8,234.8,2.8,1020.0,240.6
2018-11-04T08:12:56,35.5,199.0,228.3,2.9,1030.0,243.5
2018-11-04T08:13:27,35.6,195.5,225.4,2.9,1040.0,243.5
2018-11-04T08:13:58,35.6,199.0,221.8,3.0,1050.0,243.5
2018-11-04T08:14:29,35.6,200.2,231.3,2.9,1060.0,240.6
2018-11-04T08:15:00,35.6,200.8,225.4,2.9,1070.0,242.5
2018-11-04T08:15:32,35.7,199.0,224.8,2.9,1080.0,242.5
2018-11-04T08:16:03,35.7,194.9,227.1,2.9,1090.0,240.6
2018-11-04T08:16:34,35.9,194.9,227.7,3.0,1100.0,241.5
2018-11-04T08:17:05,35.9,207.3,222.4,3.0,1110.0,242.5
2018-11-04T08:17:36,35.9,206.1,230.7,3.0,1120.0,242.5
2018-11-04T08:18:07,36.0,206.1,227.1,3.0,1130.0,241.5
2018-11-04T08:18:38,36.0,205.5,227.7,3.0,1140.0,242.5
2018-11-04T08:19:09,36.0,212.0,227.1,3.0,1150.0,241.5
2018-11-04T08:19:40,36.1,204.3,225.9,3.2,1160.0,242.5
2018-11-04T08:20:11,36.1,204.3,231.9,3.1,1170.0,242.5
2018-11-04T08:20:43,36.2,209.1,221.2,3.1,1180.0,242.5
2018-11-04T08:21:14,36.2,210.2,222.4,3.2,1200.0,243.5
2018-11-04T08:21:45,36.2,204.9,233.6,3.2,1210.0,244.4
2018-11-04T08:22:16,36.3,210.2,225.9,3.1,1220.0,245.4
2018-11-04T08:22:47,36.3,206.1,219.4,3.3,1230.0,246.4
2018-11-04T08:23:18,36.3,209.1,226.5,3.1,1240.0,245.4
2018-11-04T08:23:49,36.4,205.5,230.7,3.2,1250.0,246.4
2018-11-04T08:24:20,36.4,210.2,217.1,3.2,1260.0,246.4
2018-11-04T08:24:51,36.5,203.2,227.7,3.3,1270.0,245.4
2018-11-04T08:25:22,36.5,210.8,224.8,3.1,1290.0,246.4
2018-11-04T08:25:54,36.5,202.6,220.6,3.4,1300.0,245.4
2018-11-04T08:26:25,36.7,204.3,230.7,3.4,1310.0,246.4
2018-11-04T08:26:56,36.7,204.9,218.3,3.3,1320.0,245.4
2018-11-04T08:27:27,36.7,204.9,231.9,3.5,1330.0,247.3
2018-11-04T08:27:58,36.7,206.7,223.6,3.4,1350.0,246.4
2018-11-04T08:28:29,36.8,204.9,227.1,3.5,1360.0,246.4
2018-11-04T08:29:00,36.9,206.1,222.4,3.3,1370.0,247.3
2018-11-04T08:29:31,36.9,202.0,228.3,3.5,1380.0,246.4
2018-11-04T08:30:02,36.9,206.7,222.4,3.3,1390.0,247.3
2018-11-04T08:30:34,37.0,206.1,225.9,3.4,1410.0,245.4
2018-11-04T08:31:05,37.0,204.9,225.9,3.4,1420.0,246.4
2018-11-04T08:31:36,37.1,204.9,217.7,3.5,1430.0,245.4
2018-11-04T08:32:07,37.1,201.4,220.6,3.5,1440.0,245.4
2018-11-04T08:32:38,37.1,204.9,224.8,3.5,1450.0,245.4
2018-11-04T08:33:10,37.2,203.7,216.5,3.6,1470.0,245.4
2018-11-04T08:33:41,37.2,202.6,225.9,3.6,1480.0,244.4
2018-11-04T08:34:12,37.4,200.8,230.7,3.6,1490.0,244.4
2018-11-04T08:34:43,37.4,206.1,221.8,3.5,1500.0,244.4
2018-11-04T08:35:14,37.4,200.2,215.9,3.6,1520.0,244.4
2018-11-04T08:35:45,37.5,205.5,224.8,3.5,1530.0,245.4
2018-11-04T08:36:17,37.5,201.4,226.5,3.7,1540.0,246.4
2018-11-04T08:36:48,37.5,206.7,219.4,3.6,1560.0,246.4
2018-11-04T08:37:19,37.5,200.8,225.4,3.7,1570.0,245.4
2018-11-04T08:37:50,37.6,204.3,213.5,3.7,1580.0,246.4
2018-11-04T08:38:21,37.6,200.2,228.3,3.7,1590.0,246.4
2018-11-04T08:38:52,37.6,200.8,225.9,3.7,1610.0,245.4
2018-11-04T08:39:23,37.7,204.9,215.9,3.8,1620.0,245.4
2018-11-04T08:39:54,37.8,196.7,225.9,3.7,1630.0,247.3
2018-11-04T08:40:25,37.8,199.0,224.8,3.7,1650.0,247.3
2018-11-04T08:40:56,37.8,208.5,218.3,3.6,1660.0,247.3
2018-11-04T08:41:28,37.9,209.1,218.3,3.5,1670.0,247.3
2018-11-04T08:41:59,37.9,200.2,224.8,3.6,1680.0,247.3
2018-11-04T08:42:30,37.9,207.9,221.8,3.8,1700.0,246.4
2018-11-04T08:43:01,38.0,199.0,218.3,3.7,1710.0,247.3
2018-11-04T08:43:32,38.0,192.5,227.7,4.0,1720.0,248.3
2018-11-04T08:44:03,38.0,192.5,220.6,4.0,1740.0,246.4
2018-11-04T08:44:34,38.2,191.9,215.3,4.0,1750.0,246.4
2018-11-04T08:45:05,38.2,190.2,221.8,4.0,1760.0,247.3
2018-11-04T08:45:36,38.3,190.2,228.3,4.1,1780.0,246.4
2018-11-04T08:46:08,38.3,196.1,220.0,3.9,1790.0,246.4
2018-11-04T08:46:39,38.3,193.7,218.8,4.0,1810.0,248.3
2018-11-04T08:47:10,38.4,189.6,229.5,4.1,1820.0,245.4
2018-11-04T08:47:41,38.4,195.5,212.9,4.1,1830.0,246.4
2018-11-04T08:48:12,38.4,195.5,214.7,4.0,1850.0,247.3
2018-11-04T08:48:43,38.5,190.2,216.5,4.2,1860.0,248.3
2018-11-04T08:49:14,38.5,193.1,226.5,4.2,1880.0,246.4
2018-11-04T08:49:45,38.5,190.8,222.4,4.2,1890.0,245.4
2018-11-04T08:50:16,38.6,191.9,214.7,4.2,1900.0,245.4
2018-11-04T08:50:47,38.6,191.3,215.3,4.3,1920.0,244.4
2018-11-04T08:51:19,38.6,193.7,219.4,4.3,1930.0,244.4
2018-11-04T08:51:50,38.7,190.8,222.4,4.4,1950.0,245.4
2018-11-04T08:52:21,38.7,194.3,213.5,4.4,1960.0,244.4
2018-11-04T08:52:52,38.9,191.3,214.7,4.5,1980.0,245.4
2018-11-04T08:53:23,38.9,190.2,225.9,4.6,1990.0,247.3
2018-11-04T08:53:54,38.9,189.0,217.1,4.6,2010.0,246.4
2018-11-04T08:54:25,39.0,191.9,212.9,4.7,2030.0,246.4
2018-11-04T08:54:56,39.0,194.9,214.7,4.6,2040.0,247.3
2018-11-04T08:55:27,39.0,194.3,220.0,4.5,2060.0,246.4
2018-11-04T08:55:58,39.1,181.3,230.1,4.0,2070.0,244.4
2018-11-04T08:56:30,39.1,180.7,216.5,5.0,2080.0,247.3
2018-11-04T08:57:01,39.1,179.5,214.7,5.1,2100.0,247.3
2018-11-04T08:57:32,39.1,180.1,215.9,5.1,2120.0,247.3
2018-11-04T08:58:03,39.2,192.5,220.6,4.2,2130.0,247.3
2018-11-04T08:58:34,39.2,186.6,218.8,4.7,2150.0,247.3
2018-11-04T08:59:05,39.3,187.8,214.7,4.0,2170.0,246.4
2018-11-04T08:59:36,39.3,189.0,212.3,1.3,2170.0,244.4
2018-11-04T09:00:07,39.3,186.0,207.6,2.0,2180.0,243.5
2018-11-04T09:00:38,39.3,191.9,216.5,1.5,2190.0,244.4
2018-11-04T09:01:10,39.3,177.2,199.9,2.4,2190.0,244.4
2018-11-04T09:01:41,39.3,175.4,171.5,4.1,2200.0,247.3
2018-11-04T09:02:12,39.3,177.8,157.9,5.1,2220.0,245.4
2018-11-04T09:02:43,39.3,164.8,182.2,5.0,2230.0,245.4
2018-11-04T09:03:14,39.3,175.4,210.6,3.2,2240.0,245.4
2018-11-04T09:03:45,39.3,193.1,228.3,1.3,2250.0,243.5
2018-11-04T09:04:16,39.3,211.4,237.2,3.6,2260.0,245.4
2018-11-04T09:04:47,39.3,197.3,215.9,4.8,2280.0,247.3
2018-11-04T09:05:18,39.4,189.6,225.4,4.9,2290.0,248.3
2018-11-04T09:05:49,39.4,191.3,218.8,2.3,2300.0,246.4
2018-11-04T09:06:21,39.4,187.8,225.9,5.0,2320.0,248.3
2018-11-04T09:06:52,39.4,192.5,225.4,4.9,2340.0,249.3
2018-11-04T09:07:23,39.5,193.1,225.4,4.8,2350.0,248.3
2018-11-04T09:07:54,39.5,193.7,218.8,4.9,2370.0,247.3
2018-11-04T09:08:25,39.5,192.5,215.3,4.8,2390.0,247.3
2018-11-04T09:08:56,39.7,192.5,214.7,4.8,2400.0,247.3
2018-11-04T09:09:27,39.7,192.5,220.6,4.9,2420.0,246.4
2018-11-04T09:09:58,39.7,190.8,221.8,4.9,2430.0,246.4
2018-11-04T09:10:29,39.8,190.2,215.3,4.9,2450.0,245.4
2018-11-04T09:11:00,39.8,191.9,219.4,4.8,2470.0,246.4
2018-11-04T09:11:31,39.9,193.7,221.2,4.5,2480.0,247.3
2018-11-04T09:12:02,39.9,191.3,218.8,4.9,2500.0,248.3
2018-11-04T09:12:33,39.9,190.2,213.5,4.9,2520.0,247.3
2018-11-04T09:13:04,40.0,188.4,211.7,4.5,2530.0,244.4
2018-11-04T09:13:35,40.0,178.9,211.7,5.2,2550.0,246.4
2018-11-04T09:14:06,40.1,191.9,219.4,5.0,2560.0,248.3
2018-11-04T09:14:37,40.1,194.9,213.5,4.4,2580.0,245.4
2018-11-04T09:15:08,40.1,187.2,211.2,4.6,2600.0,246.4
2018-11-04T09:15:40,40.2,195.5,201.7,2.8,2600.0,243.5
2018-11-04T09:16:11,40.2,190.8,196.4,5.1,2620.0,246.4
2018-11-04T09:16:42,40.2,189.6,221.8,5.2,2630.0,247.3
2018-11-04T09:17:13,40.4,191.9,218.8,5.0,2650.0,246.4
2018-11-04T09:17:44,40.4,184.8,208.8,1.8,2660.0,243.5
2018-11-04T09:18:15,40.4,171.3,218.8,1.1,2670.0,242.5
2018-11-04T09:18:46,40.4,195.5,233.6,4.9,2680.0,247.3
2018-11-04T09:19:17,40.4,191.9,211.7,5.1,2690.0,247.3
2018-11-04T09:19:48,40.5,190.2,220.6,5.2,2710.0,247.3
2018-11-04T09:20:19,40.5,187.2,221.8,5.1,2730.0,246.4
2018-11-04T09:20:51,40.5,179.5,212.3,5.2,2750.0,246.4
2018-11-04T09:21:22,40.6,177.2,220.6,5.3,2760.0,246.4
2018-11-04T09:21:53,40.6,176.0,215.9,5.4,2780.0,246.4
2018-11-04T09:22:24,40.7,169.5,228.9,4.4,2790.0,246.4
2018-11-04T09:22:55,40.7,189.0,213.5,4.6,2810.0,247.3
2018-11-04T09:23:26,40.7,189.0,218.8,4.7,2830.0,246.4
2018-11-04T09:23:57,40.8,189.6,223.0,4.7,2840.0,246.4
2018-11-04T09:24:28,40.8,176.0,218.3,5.5,2860.0,247.3
2018-11-04T09:24:59,40.8,176.0,213.5,5.5,2880.0,247.3
2018-11-04T09:25:30,40.9,176.0,214.1,5.5,2900.0,247.3
2018-11-04T09:26:02,40.9,170.7,209.4,5.7,2910.0,247.3
2018-11-04T09:26:33,40.9,172.4,209.4,5.6,2930.0,248.3
2018-11-04T09:27:04,41.0,174.8,214.1,5.5,2950.0,247.3
2018-11-04T09:27:35,41.0,174.8,215.3,5.6,2960.0,248.3
2018-11-04T09:28:06,41.2,174.8,219.4,5.6,2980.0,248.3
2018-11-04T09:28:37,41.2,176.6,218.8,5.5,3000.0,247.3
2018-11-04T09:29:08,41.2,170.1,214.1,5.6,3020.0,247.3
2018-11-04T09:29:39,41.3,170.7,212.9,5.7,3030.0,248.3
2018-11-04T09:30:10,41.3,169.5,210.0,5.6,3050.0,247.3
2018-11-04T09:30:41,41.4,171.3,213.5,5.7,3070.0,247.3
2018-11-04T09:31:13,41.4,174.8,207.6,5.5,3090.0,246.4
2018-11-04T09:31:44,41.4,168.3,210.0,5.7,3100.0,247.3
2018-11-04T09:32:15,41.5,170.1,217.1,5.7,3120.0,245.4
2018-11-04T09:32:46,41.5,173.6,221.8,5.5,3140.0,246.4
2018-11-04T09:33:17,41.5,168.9,217.7,5.7,3150.0,246.4
2018-11-04T09:33:48,41.5,170.1,214.1,5.7,3170.0,246.4
2018-11-04T09:34:19,41.6,173.6,210.6,5.7,3190.0,246.4
2018-11-04T09:34:50,41.6,168.9,207.6,5.7,3210.0,246.4
2018-11-04T09:35:21,41.6,172.4,211.2,5.7,3220.0,247.3
2018-11-04T09:35:53,41.6,176.0,214.7,5.5,3240.0,246.4
2018-11-04T09:36:27,41.6,170.7,220.0,5.8,3260.0,245.4
2018-11-04T09:36:58,41.7,173.6,216.5,5.7,3280.0,248.3
2018-11-04T09:37:29,41.7,170.7,211.2,5.8,3300.0,246.4
2018-11-04T09:38:00,41.7,173.0,208.2,5.7,3310.0,246.4
2018-11-04T09:38:31,41.7,167.7,208.8,5.8,3330.0,246.4
2018-11-04T09:39:02,41.7,167.7,212.9,6.0,3350.0,246.4
2018-11-04T09:39:33,41.7,174.2,219.4,5.7,3370.0,247.3
2018-11-04T09:40:04,41.9,168.3,218.8,6.0,3380.0,245.4
2018-11-04T09:40:35,41.9,168.3,217.7,5.9,3400.0,247.3
2018-11-04T09:41:07,41.9,173.6,211.2,5.8,3420.0,246.4
2018-11-04T09:41:38,41.9,170.7,209.4,5.9,3440.0,244.4
2018-11-04T09:42:09,41.9,169.5,211.7,5.9,3460.0,244.4
2018-11-04T09:42:40,41.9,175.4,218.8,5.8,3470.0,244.4
2018-11-04T09:43:11,42.0,168.9,218.3,6.0,3490.0,244.4
2018-11-04T09:43:42,42.0,173.0,218.3,6.0,3510.0,244.4
2018-11-04T09:44:13,42.1,168.3,218.3,6.0,3530.0,244.4
2018-11-04T09:44:44,42.1,174.2,210.0,5.8,3550.0,245.4
2018-11-04T09:45:15,42.1,169.5,206.4,6.2,3560.0,244.4
2018-11-04T09:45:46,42.2,173.6,211.2,6.0,3580.0,245.4
2018-11-04T09:46:18,42.2,166.5,213.5,6.2,3600.0,244.4
2018-11-04T09:46:49,42.3,173.0,217.7,6.1,3620.0,244.4
2018-11-04T09:47:20,42.3,173.0,209.4,6.1,3640.0,244.4
2018-11-04T09:47:51,42.3,166.5,208.8,6.2,3660.0,244.4
2018-11-04T09:48:22,42.4,167.1,208.8,6.2,3680.0,242.5
2018-11-04T09:48:53,42.4,168.9,212.3,6.2,3700.0,244.4
2018-11-04T09:49:24,42.5,171.3,217.1,6.0,3710.0,244.4
2018-11-04T09:49:55,42.5,171.9,216.5,6.1,3730.0,247.3
2018-11-04T09:50:26,42.7,166.5,214.7,6.2,3750.0,248.3
2018-11-04T09:50:57,42.7,168.9,212.3,6.1,3770.0,247.3
2018-11-04T09:51:29,42.7,170.7,216.5,6.1,3790.0,246.4
2018-11-04T09:52:00,42.8,171.3,214.1,6.1,3810.0,247.3
2018-11-04T09:52:31,42.8,169.5,210.6,6.2,3820.0,249.3
2018-11-04T09:53:02,42.9,171.3,205.2,6.1,3840.0,246.4
2018-11-04T09:53:33,42.9,164.8,207.6,6.2,3860.0,247.3
2018-11-04T09:54:04,42.9,176.6,209.4,5.9,3880.0,246.4
2018-11-04T09:54:35,43.0,171.9,209.4,6.1,3900.0,245.4
2018-11-04T09:55:06,43.0,168.9,210.6,6.2,3920.0,246.4
2018-11-04T09:55:37,43.0,165.4,208.2,6.4,3940.0,245.4
2018-11-04T09:56:09,43.1,171.3,207.6,6.1,3960.0,245.4
2018-11-04T09:56:40,43.1,170.7,211.2,6.2,3970.0,246.4
2018-11-04T09:57:11,43.1,165.9,212.3,6.3,3990.0,246.4
2018-11-04T09:57:42,43.2,170.7,218.3,6.1,4010.0,246.4
2018-11-04T09:58:13,43.2,168.3,209.4,6.0,4030.0,245.4
2018-11-04T09:58:44,43.2,174.2,202.3,5.8,4050.0,246.4
2018-11-04T09:59:15,43.2,165.9,212.9,6.3,4070.0,246.4
2018-11-04T09:59:46,43.4,170.7,216.5,6.1,4080.0,245.4
2018-11-04T10:00:17,43.4,165.9,207.0,6.3,4100.0,246.4
2018-11-04T10:00:48,43.5,174.2,203.5,5.9,4120.0,245.4
2018-11-04T10:01:20,43.5,170.1,204.1,6.1,4140.0,245.4
2018-11-04T10:01:51,43.5,171.9,205.2,6.2,4160.0,245.4
2018-11-04T10:02:22,43.6,156.5,204.6,6.4,4180.0,248.3
2018-11-04T10:02:53,43.6,163.6,205.8,6.3,4200.0,246.4
2018-11-04T10:03:24,43.6,170.7,213.5,6.1,4220.0,246.4
2018-11-04T10:03:55,43.7,171.3,211.7,6.1,4230.0,245.4
2018-11-04T10:04:26,43.7,169.5,214.7,6.3,4250.0,246.4
2018-11-04T10:04:57,43.8,172.4,214.7,5.8,4270.0,245.4
2018-11-04T10:05:28,43.8,170.7,211.7,5.5,4290.0,245.4
2018-11-04T10:05:59,43.8,168.9,210.6,6.1,4310.0,245.4
2018-11-04T10:06:31,43.9,160.6,212.3,6.3,4330.0,244.4
2018-11-04T10:07:02,43.9,155.9,206.4,6.5,4350.0,245.4
2018-11-04T10:07:33,43.9,156.5,208.2,6.5,4370.0,246.4
2018-11-04T10:08:04,43.9,154.1,206.4,6.6,4380.0,247.3
2018-11-04T10:08:35,44.0,154.7,208.8,6.7,4400.0,247.3
2018-11-04T10:09:06,44.0,160.6,199.9,6.3,4420.0,247.3
2018-11-04T10:09:37,44.0,171.9,204.1,5.8,4440.0,248.3
2018-11-04T10:10:08,44.2,168.3,202.3,6.4,4460.0,247.3
2018-11-04T10:10:39,44.2,162.4,207.0,6.6,4480.0,248.3
2018-11-04T10:11:11,44.2,163.0,201.7,6.3,4500.0,247.3
2018-11-04T10:11:42,44.3,168.3,205.8,6.4,4520.0,248.3
2018-11-04T10:12:13,44.3,164.2,201.1,6.3,4540.0,246.4
2018-11-04T10:12:44,44.3,155.9,206.4,6.6,4560.0,247.3
2018-11-04T10:13:15,44.4,154.1,204.1,6.6,4580.0,247.3
2018-11-04T10:13:46,44.4,156.5,207.6,6.7,4590.0,248.3
2018-11-04T10:14:17,44.4,155.9,207.6,6.6,4610.0,246.4
2018-11-04T10:14:48,44.5,157.7,200.5,6.7,4630.0,247.3
2018-11-04T10:15:19,44.5,153.5,201.7,6.8,4650.0,246.4
2018-11-04T10:15:50,44.5,159.4,204.6,6.6,4670.0,247.3
2018-11-04T10:16:22,44.5,157.7,205.8,6.6,4690.0,246.4
2018-11-04T10:16:53,44.6,156.5,207.6,6.6,4710.0,248.3
2018-11-04T10:17:24,44.6,154.1,201.1,6.9,4730.0,248.3
2018-11-04T10:17:55,44.6,158.9,202.9,6.5,4750.0,245.4
2018-11-04T10:18:26,44.6,155.9,206.4,6.8,4770.0,247.3
2018-11-04T10:18:57,44.7,159.4,202.3,6.6,4790.0,248.3
2018-11-04T10:19:28,44.7,153.5,200.5,6.9,4810.0,248.3
2018-11-04T10:19:59,44.7,158.9,202.3,6.5,4820.0,248.3
2018-11-04T10:20:30,44.9,157.7,207.6,6.7,4840.0,247.3
2018-11-04T10:21:01,44.9,155.3,206.4,6.7,4860.0,245.4
2018-11-04T10:21:32,44.9,155.9,201.7,6.7,4880.0,248.3
2018-11-04T10:22:03,45.0,158.9,199.9,6.6,4900.0,246.4
2018-11-04T10:22:34,45.0,153.5,201.7,6.8,4920.0,247.3
2018-11-04T10:23:05,45.0,158.3,204.1,6.7,4940.0,248.3
2018-11-04T10:23:36,45.0,153.5,198.1,7.0,4960.0,248.3
2018-11-04T10:24:07,45.0,156.5,204.6,6.7,4980.0,245.4
2018-11-04T10:24:38,45.1,154.7,207.6,6.9,5000.0,248.3
2018-11-04T10:25:09,45.1,151.2,204.6,7.1,5020.0,247.3
2018-11-04T10:25:41,45.1,158.9,201.7,6.7,5040.0,247.3
2018-11-04T10:26:12,45.1,155.3,204.6,6.8,5060.0,243.5
2018-11-04T10:26:43,45.1,157.7,202.3,6.7,5080.0,244.4
2018-11-04T10:27:14,45.2,155.3,205.2,6.8,5100.0,246.4
2018-11-04T10:27:45,45.2,157.7,205.8,6.7,5120.0,244.4
2018-11-04T10:28:16,45.2,151.8,208.8,7.1,5140.0,242.5
2018-11-04T10:28:47,45.2,158.9,205.8,6.7,5160.0,244.4
2018-11-04T10:29:18,45.2,155.9,200.5,6.9,5180.0,245.4
2018-11-04T10:29:49,45.2,158.9,202.3,6.7,5200.0,243.5
2018-11-04T10:30:20,45.3,152.4,201.1,7.0,5220.0,245.4
2018-11-04T10:30:52,45.3,154.1,202.3,7.1,5240.0,245.4
2018-11-04T10:31:23,45.3,155.3,204.6,7.0,5260.0,244.4
2018-11-04T10:31:54,45.4,156.5,210.6,6.9,5280.0,245.4
2018-11-04T10:32:25,45.4,152.9,208.2,7.2,5300.0,245.4
2018-11-04T10:32:56,45.4,156.5,204.6,7.0,5320.0,243.5
2018-11-04T10:33:27,45.4,154.1,205.8,7.0,5340.0,245.4
2018-11-04T10:33:58,45.4,152.9,201.7,7.1,5360.0,245.4
2018-11-04T10:34:29,45.4,154.7,206.4,7.1,5380.0,245.4
2018-11-04T10:35:00,45.4,153.5,206.4,7.2,5400.0,245.4
2018-11-04T10:35:32,45.4,159.4,206.4,6.9,5420.0,245.4
2018-11-04T10:36:03,45.4,156.5,205.8,7.1,5440.0,245.4
2018-11-04T10:36:34,45.4,158.9,203.5,6.9,5460.0,245.4
2018-11-04T10:37:05,45.5,153.5,207.6,7.3,5480.0,246.4
2018-11-04T10:37:36,45.5,157.7,207.0,6.9,5500.0,245.4
2018-11-04T10:38:07,45.5,160.6,210.6,6.7,5520.0,245.4
2018-11-04T10:38:38,45.5,159.4,209.4,6.8,5540.0,246.4
2018-11-04T10:39:10,45.7,150.0,203.5,6.9,5560.0,248.3
2018-11-04T10:39:41,45.7,154.7,203.5,7.1,5580.0,245.4
2018-11-04T10:40:12,45.7,159.4,203.5,6.8,5600.0,248.3
2018-11-04T10:40:43,45.8,156.5,202.9,7.0,5620.0,248.3
2018-11-04T10:41:15,45.8,157.1,208.8,6.8,5640.0,249.3
2018-11-04T10:41:46,45.8,158.9,208.2,7.0,5660.0,247.3
2018-11-04T10:42:17,45.8,152.4,209.4,7.2,5680.0,248.3
2018-11-04T10:42:48,45.9,152.4,204.6,7.3,5700.0,249.3
2018-11-04T10:43:19,45.9,156.5,208.2,7.2,5720.0,247.3
2018-11-04T10:43:50,45.9,154.7,209.4,6.6,5740.0,246.4
2018-11-04T10:44:21,45.9,158.3,208.2,7.1,5760.0,246.4
2018-11-04T10:44:52,45.9,150.6,211.7,7.4,5780.0,246.4
2018-11-04T10:45:23,46.0,155.9,210.6,6.6,5800.0,245.4
2018-11-04T10:45:54,46.0,152.4,208.8,7.3,5820.0,245.4
2018-11-04T10:46:26,46.1,155.3,205.2,7.2,5850.0,245.4
2018-11-04T10:46:57,46.1,157.1,204.1,7.1,5870.0,247.3
2018-11-04T10:47:28,46.1,154.7,196.4,7.3,5890.0,245.4
2018-11-04T10:47:59,46.1,152.4,207.0,7.4,5910.0,245.4
2018-11-04T10:48:30,46.2,158.3,209.4,7.1,5930.0,243.5
2018-11-04T10:49:01,46.2,150.6,211.7,7.4,5950.0,246.4
2018-11-04T10:49:32,46.2,150.6,208.8,7.2,5970.0,247.3
2018-11-04T10:50:03,46.4,156.5,210.6,7.1,5990.0,247.3
2018-11-04T10:50:34,46.4,140.5,207.0,7.6,6010.0,245.4
2018-11-04T10:51:06,46.4,147.0,203.5,7.2,6030.0,247.3
2018-11-04T10:51:37,46.4,142.9,201.1,7.5,6050.0,248.3
2018-11-04T10:52:08,46.4,133.5,204.6,7.6,6070.0,246.4
2018-11-04T10:52:39,46.2,142.9,210.6,7.5,6090.0,245.4
2018-11-04T10:53:10,46.2,141.1,205.2,7.5,6110.0,246.4
2018-11-04T10:53:41,46.4,144.7,204.6,7.3,6130.0,245.4
2018-11-04T10:54:12,46.4,147.0,204.6,7.2,6150.0,245.4
2018-11-04T10:54:43,46.5,142.9,202.9,7.3,6170.0,244.4
2018-11-04T10:55:14,46.5,138.2,196.4,7.6,6190.0,245.4
2018-11-04T10:55:45,46.5,158.9,207.6,7.4,6210.0,245.4
2018-11-04T10:56:17,46.5,151.2,205.8,7.3,6230.0,246.4
2018-11-04T10:56:48,46.6,155.3,199.9,7.3,6250.0,246.4
2018-11-04T10:57:19,46.6,144.7,198.7,7.4,6280.0,246.4
2018-11-04T10:57:50,46.6,148.8,198.7,7.7,6300.0,246.4
2018-11-04T10:58:21,46.7,155.3,198.1,7.0,6320.0,245.4
2018-11-04T10:58:52,46.7,143.5,196.4,7.6,6340.0,245.4
2018-11-04T10:59:23,46.7,150.0,195.2,7.6,6360.0,248.3
2018-11-04T10:59:54,46.8,156.5,201.1,7.3,6380.0,247.3
2018-11-04T11:00:25,46.8,157.1,197.5,7.2,6400.0,245.4
2018-11-04T11:00:56,46.8,150.0,196.4,7.6,6420.0,247.3
2018-11-04T11:01:28,46.9,159.4,201.7,6.8,6440.0,247.3
2018-11-04T11:01:59,46.9,160.6,204.6,6.6,6460.0,247.3
2018-11-04T11:02:30,0.0,0.0,0.0,0.0,0.0,0.0
2018-11-04T11:03:01,46.9,154.7,194.0,6.4,6500.0,246.4
2018-11-04T11:03:32,0.0,0.0,0.0,0.0,0.0,0.0
2018-11-04T11:04:03,46.8,132.9,200.5,7.6,6540.0,250.2
2018-11-04T11:04:34,46.6,131.7,198.1,7.8,6560.0,249.3
2018-11-04T11:05:05,46.5,133.5,202.3,7.4,6580.0,247.3
2018-11-04T11:05:36,46.4,132.3,207.6,7.7,6600.0,247.3
2018-11-04T11:06:08,46.5,132.9,202.9,7.6,6620.0,248.3
2018-11-04T11:06:39,46.6,146.4,199.3,7.2,6640.0,247.3
2018-11-04T11:07:10,46.7,150.6,197.0,7.2,6660.0,246.4
2018-11-04T11:07:41,46.8,156.5,201.1,6.7,6680.0,248.3
2018-11-04T11:08:12,46.8,151.8,196.4,6.8,6700.0,248.3
2018-11-04T11:08:43,46.9,147.6,211.2,7.3,6720.0,248.3
2018-11-04T11:09:14,46.9,158.3,205.2,6.8,6740.0,248.3
2018-11-04T11:09:45,47.0,158.9,194.0,6.3,6760.0,245.4
2018-11-04T11:10:16,47.0,163.0,205.8,6.1,6780.0,247.3
2018-11-04T11:10:47,47.2,162.4,189.9,6.5,6800.0,246.4
2018-11-04T11:11:19,47.2,157.7,201.1,6.9,6820.0,246.4
2018-11-04T11:11:50,47.3,164.2,205.8,6.6,6840.0,247.3
2018-11-04T11:12:21,47.3,142.3,205.8,7.6,6860.0,249.3
2018-11-04T11:12:52,47.3,157.7,198.7,6.5,6880.0,250.2
2018-11-04T11:13:23,47.4,154.7,204.1,6.7,6900.0,248.3
2018-11-04T11:13:54,47.4,157.7,192.8,6.6,6920.0,249.3
2018-11-04T11:14:25,47.4,150.0,201.1,6.9,6940.0,250.2
2018-11-04T11:14:56,47.4,146.4,199.3,7.4,6960.0,249.3
2018-11-04T11:15:27,47.5,144.7,199.3,7.6,6980.0,249.3
2018-11-04T11:15:59,47.5,152.4,200.5,7.8,7010.0,248.3
2018-11-04T11:16:30,47.5,164.8,207.6,7.5,7030.0,248.3
2018-11-04T11:17:01,47.5,160.0,197.0,6.6,7050.0,249.3
2018-11-04T11:17:32,0.0,0.0,0.0,0.0,0.0,0.0
2018-11-04T11:18:03,47.5,142.3,204.1,8.0,7090.0,249.3
2018-11-04T11:18:34,47.5,158.3,206.4,7.3,7110.0,247.3
2018-11-04T11:19:05,47.5,152.4,202.9,7.2,7140.0,247.3
2018-11-04T11:19:36,47.5,145.9,203.5,7.6,7160.0,248.3
2018-11-04T11:20:07,47.5,138.2,198.7,8.0,7180.0,247.3
2018-11-04T11:20:39,47.5,142.9,197.5,7.7,7200.0,246.4
2018-11-04T11:21:10,47.6,147.0,194.6,7.6,7220.0,246.4
2018-11-04T11:21:41,47.6,141.7,200.5,7.9,7240.0,247.3
2018-11-04T11:22:12,47.6,142.9,201.1,8.0,7260.0,248.3
2018-11-04T11:22:43,47.6,143.5,200.5,7.9,7280.0,248.3
2018-11-04T11:23:14,47.6,141.1,204.1,8.1,7300.0,248.3
2018-11-04T11:23:45,47.7,150.6,205.8,8.0,7330.0,248.3
2018-11-04T11:24:16,47.7,158.3,197.5,7.3,7350.0,248.3
2018-11-04T11:24:47,47.7,154.1,199.9,7.6,7370.0,248.3
2018-11-04T11:25:18,47.7,150.6,194.6,8.0,7390.0,247.3
2018-11-04T11:25:50,47.7,143.5,198.7,7.9,7410.0,249.3
2018-11-04T11:26:21,47.7,145.9,205.8,7.6,7430.0,248.3
2018-11-04T11:26:52,47.7,144.1,198.1,7.7,7460.0,248.3
2018-11-04T11:27:23,47.9,148.8,204.6,7.5,7480.0,249.3
2018-11-04T11:27:54,47.9,139.4,202.9,8.1,7500.0,250.2
2018-11-04T11:28:25,47.9,140.0,205.2,7.7,7520.0,249.3
2018-11-04T11:28:56,48.0,137.0,204.6,8.0,7540.0,248.3
2018-11-04T11:29:27,48.0,142.9,204.6,7.8,7560.0,249.3
2018-11-04T11:29:58,48.0,140.5,201.1,7.9,7580.0,248.3
2018-11-04T11:30:29,48.0,142.9,202.3,7.8,7600.0,250.2
2018-11-04T11:31:01,48.1,137.6,198.7,8.1,7630.0,247.3
2018-11-04T11:31:32,48.1,145.3,201.7,7.7,7650.0,249.3
2018-11-04T11:32:03,48.1,142.9,195.8,7.7,7670.0,248.3
2018-11-04T11:32:34,48.2,138.2,201.7,8.1,7690.0,249.3
2018-11-04T11:33:05,48.2,144.7,199.3,7.6,7710.0,248.3
2018-11-04T11:33:36,0.0,0.0,0.0,0.0,0.0,0.0
2018-11-04T11:34:07,48.2,141.1,195.8,7.5,7750.0,249.3
2018-11-04T11:34:38,48.3,147.6,198.7,6.9,7770.0,249.3
2018-11-04T11:35:09,48.3,142.9,195.2,7.7,7790.0,248.3
2018-11-04T11:35:40,48.3,135.2,192.8,7.9,7820.0,247.3
2018-11-04T11:36:12,48.3,137.6,195.8,7.4,7840.0,246.4
2018-11-04T11:36:43,0.0,0.0,0.0,0.0,0.0,0.0
2018-11-04T11:37:14,48.3,155.3,199.9,7.2,7880.0,247.3
2018-11-04T11:37:45,48.4,151.8,202.3,7.0,7900.0,247.3
2018-11-04T11:38:16,48.3,150.0,205.2,6.8,7920.0,249.3
2018-11-04T11:38:47,48.4,153.5,200.5,6.1,7940.0,248.3
2018-11-04T11:39:18,48.4,147.6,202.3,6.3,7960.0,247.3
2018-11-04T11:39:49,48.4,148.8,203.5,6.0,7980.0,247.3
2018-11-04T11:40:20,48.5,153.5,204.1,6.0,8000.0,248.3
2018-11-04T11:40:51,48.5,160.6,201.1,5.9,8020.0,249.3
2018-11-04T11:41:23,48.5,168.9,197.5,4.9,8040.0,246.4
2018-11-04T11:41:54,0.0,0.0,0.0,0.0,0.0,0.0
2018-11-04T11:42:25,48.5,178.9,194.6,4.7,8080.0,247.3
2018-11-04T11:42:56,48.5,181.9,203.5,4.7,8100.0,246.4
2018-11-04T11:43:27,48.5,171.9,196.4,4.9,8110.0,246.4
2018-11-04T11:43:58,48.7,176.0,197.0,4.7,8130.0,246.4
2018-11-04T11:44:29,48.7,173.0,197.0,4.1,8150.0,245.4
2018-11-04T11:45:00,48.7,174.8,194.0,4.7,8170.0,246.4
2018-11-04T11:45:31,0.0,0.0,0.0,0.0,0.0,0.0
2018-11-04T11:46:03,48.5,177.2,194.6,3.8,8210.0,247.3
2018-11-04T11:46:34,48.7,176.0,191.0,2.8,8230.0,247.3
2018-11-04T11:47:05,0.0,0.0,0.0,0.0,0.0,0.0
2018-11-04T11:47:36,48.5,161.2,199.9,3.8,8260.0,246.4
2018-11-04T11:48:07,48.5,140.5,202.3,5.4,8280.0,245.4
2018-11-04T11:48:38,48.5,144.1,202.9,5.0,8300.0,246.4
2018-11-04T11:49:09,48.5,145.3,200.5,4.9,8320.0,247.3
2018-11-04T11:49:40,0.0,0.0,0.0,0.0,0.0,0.0
2018-11-04T11:50:11,48.5,126.4,200.5,6.6,8350.0,243.5
2018-11-04T11:50:43,48.5,114.0,192.2,7.5,8370.0,244.4
2018-11-04T11:51:14,48.5,122.2,195.8,7.2,8390.0,244.4
2018-11-04T11:51:45,48.5,103.3,202.9,8.5,8410.0,247.3
2018-11-04T11:52:16,48.5,102.1,195.8,8.2,8430.0,245.4
2018-11-04T11:52:47,48.4,104.5,199.9,8.1,8450.0,245.4
2018-11-04T11:53:18,48.4,108.6,204.1,8.2,8470.0,243.5
2018-11-04T11:53:49,48.4,106.9,205.2,7.7,8490.0,245.4
2018-11-04T11:54:20,48.4,104.5,196.4,8.1,8510.0,246.4
2018-11-04T11:54:51,48.5,116.9,202.3,7.9,8530.0,245.4
2018-11-04T11:55:22,0.0,0.0,0.0,0.0,0.0,0.0
2018-11-04T11:55:54,48.5,102.7,204.1,8.3,8570.0,248.3
2018-11-04T11:56:26,48.5,106.3,195.2,8.1,8590.0,246.4
2018-11-04T11:56:57,48.5,103.9,199.3,8.5,8610.0,245.4
2018-11-04T11:57:28,48.5,118.7,195.2,8.4,8630.0,246.4
2018-11-04T11:57:59,48.5,104.5,195.2,8.2,8650.0,246.4
2018-11-04T11:58:30,0.0,0.0,0.0,0.0,0.0,0.0
2018-11-04T11:59:01,48.5,103.9,195.2,8.3,8680.0,244.4
2018-11-04T11:59:32,48.5,103.9,198.7,8.4,8700.0,246.4
2018-11-04T12:00:03,48.5,102.7,199.3,8.4,8720.0,245.4
2018-11-04T12:00:34,48.5,103.9,201.7,8.3,8740.0,245.4
2018-11-04T12:01:06,48.5,104.5,197.0,8.2,8760.0,246.4
2018-11-04T12:01:37,0.0,0.0,0.0,0.0,0.0,0.0
2018-11-04T12:02:08,48.5,102.7,197.5,8.4,8800.0,245.4
2018-11-04T12:02:39,48.5,103.9,201.7,8.3,8820.0,246.4
2018-11-04T12:03:10,48.7,106.3,201.1,8.1,8840.0,245.4
2018-11-04T12:03:41,48.7,106.9,200.5,8.1,8860.0,245.4
2018-11-04T12:04:12,0.0,0.0,0.0,0.0,0.0,0.0
2018-11-04T12:04:43,48.7,104.5,204.1,8.2,8900.0,244.4
2018-11-04T12:05:14,48.8,108.1,204.1,7.9,8920.0,245.4
2018-11-04T12:05:45,48.8,102.7,205.8,8.4,8940.0,243.5
2018-11-04T12:06:17,48.8,106.9,204.6,8.1,8960.0,243.5
2018-11-04T12:06:48,48.8,102.7,201.1,8.3,8980.0,244.4
2018-11-04T12:07:19,48.8,107.5,198.7,7.9,9000.0,244.4
2018-11-04T12:07:50,48.8,104.5,192.8,8.2,9020.0,244.4
2018-11-04T12:08:21,48.9,102.1,196.4,8.3,9040.0,244.4
2018-11-04T12:08:52,0.0,0.0,0.0,0.0,0.0,0.0
2018-11-04T12:09:23,48.9,105.7,195.8,8.1,9080.0,244.4
2018-11-04T12:09:54,0.0,0.0,0.0,0.0,0.0,0.0
2018-11-04T12:10:25,48.9,102.7,199.3,8.0,9110.0,242.5
2018-11-04T12:10:56,0.0,0.0,0.0,0.0,0.0,0.0
2018-11-04T12:11:28,48.9,109.8,195.8,7.9,9150.0,243.5
2018-11-04T12:11:59,48.9,105.1,194.0,8.2,9170.0,243.5
2018-11-04T12:12:30,48.9,105.7,197.5,7.6,9190.0,243.5
2018-11-04T12:13:01,48.9,108.6,205.8,7.4,9210.0,243.5
2018-11-04T12:13:32,48.9,107.5,204.6,8.5,9230.0,244.4
2018-11-04T12:14:03,0.0,0.0,0.0,0.0,0.0,0.0
2018-11-04T12:14:34,0.0,0.0,0.0,0.0,0.0,0.0
2018-11-04T12:15:05,48.9,102.7,199.9,7.7,9290.0,245.4
2018-11-04T12:15:36,48.8,103.3,198.7,7.6,9310.0,244.4
2018-11-04T12:16:08,48.9,114.6,194.6,6.9,9330.0,245.4
2018-11-04T12:16:39,48.8,103.9,195.8,7.6,9350.0,243.5
2018-11-04T12:17:10,48.9,102.7,200.5,7.5,9370.0,245.4
2018-11-04T12:17:41,48.9,102.7,202.9,8.3,9380.0,243.5
2018-11-04T12:18:12,48.8,104.5,199.3,8.2,9400.0,242.5
2018-11-04T12:18:43,48.8,103.9,195.8,7.5,9420.0,242.5
2018-11-04T12:19:14,48.8,103.3,195.2,7.6,9440.0,245.4
2018-11-04T12:19:45,48.8,102.7,194.6,7.7,9460.0,244.4
2018-11-04T12:20:16,48.8,103.9,199.3,7.6,9480.0,242.5
2018-11-04T12:20:47,48.8,102.7,201.1,7.7,9500.0,243.5
2018-11-04T12:21:19,48.8,104.5,200.5,7.5,9520.0,243.5
2018-11-04T12:21:50,48.7,103.9,208.2,7.6,9540.0,243.5
2018-11-04T12:22:21,48.7,104.5,202.3,8.3,9560.0,242.5
2018-11-04T12:22:52,48.5,103.9,201.1,8.4,9580.0,242.5
2018-11-04T12:23:23,0.0,0.0,0.0,0.0,0.0,0.0
2018-11-04T12:23:54,48.5,107.5,197.5,7.2,9620.0,243.5
2018-11-04T12:24:25,48.5,102.7,201.1,7.8,9630.0,243.5
2018-11-04T12:24:56,48.7,103.3,200.5,7.7,9650.0,242.5
2018-11-04T12:25:27,48.7,102.7,196.4,7.8,9670.0,241.5
2018-11-04T12:25:58,0.0,0.0,0.0,0.0,0.0,0.0
2018-11-04T12:26:30,48.5,102.7,201.7,7.8,9710.0,242.5
2018-11-04T12:27:01,48.5,102.7,202.3,7.8,9730.0,243.5
2018-11-04T12:27:32,48.5,103.9,204.1,7.7,9750.0,246.4
2018-11-04T12:28:03,0.0,0.0,0.0,0.0,0.0,0.0
2018-11-04T12:28:34,48.5,102.7,200.5,7.3,9790.0,244.4
2018-11-04T12:29:05,48.5,103.9,204.6,7.8,9810.0,243.5
2018-11-04T12:29:36,0.0,0.0,0.0,0.0,0.0,0.0
2018-11-04T12:30:07,48.5,103.9,201.1,7.7,9850.0,244.4
2018-11-04T12:30:38,48.5,102.7,208.8,7.8,9870.0,245.4
2018-11-04T12:31:10,48.5,102.7,197.5,7.9,9890.0,243.5
2018-11-04T12:31:41,48.5,106.3,200.5,8.4,9910.0,242.5
2018-11-04T12:32:12,48.4,107.5,197.0,7.3,9920.0,244.4
2018-11-04T12:32:43,48.4,102.1,206.4,6.8,9940.0,244.4
2018-11-04T12:33:14,48.4,105.1,205.8,6.2,9960.0,241.5
2018-11-04T12:33:45,48.4,109.2,205.2,5.5,9980.0,239.6
2018-11-04T12:34:16,48.5,108.1,205.2,7.0,10000.0,241.5
2018-11-04T12:34:47,48.4,102.1,208.2,7.7,10020.0,241.5
2018-11-04T12:35:18,48.4,102.1,205.8,6.6,10040.0,242.5
2018-11-04T12:35:49,48.3,106.9,202.9,7.3,10060.0,241.5
2018-11-04T12:36:21,48.3,105.7,198.7,6.8,10070.0,241.5
2018-11-04T12:36:52,0.0,0.0,0.0,0.0,0.0,0.0
2018-11-04T12:37:23,48.2,108.6,198.7,5.5,10110.0,242.5
2018-11-04T12:37:54,48.3,108.1,206.4,4.7,10130.0,240.6
2018-11-04T12:38:25,48.3,101.6,200.5,4.3,10140.0,243.5
2018-11-04T12:38:56,0.0,0.0,0.0,0.0,0.0,0.0
2018-11-04T12:39:27,0.0,0.0,0.0,0.0,0.0,0.0
2018-11-04T12:39:58,48.2,121.6,197.0,3.9,10200.0,242.5
2018-11-04T12:40:29,48.1,114.0,206.4,6.1,10220.0,245.4
2018-11-04T12:41:03,48.1,102.7,199.3,6.4,10240.0,242.5
2018-11-04T12:41:34,0.0,0.0,0.0,0.0,0.0,0.0
2018-11-04T12:42:05,48.0,106.9,201.1,3.8,10270.0,241.5
2018-11-04T12:42:36,48.0,106.3,202.9,5.4,10290.0,241.5
2018-11-04T12:43:07,48.0,108.6,199.3,3.8,10300.0,239.6
2018-11-04T12:43:38,47.9,103.9,201.7,3.7,10320.0,239.6
2018-11-04T12:44:09,47.9,104.5,203.5,5.8,10340.0,240.6
2018-11-04T12:44:40,47.7,102.7,201.1,3.8,10350.0,241.5
2018-11-04T12:45:11,47.9,102.7,200.5,6.2,10370.0,241.5
2018-11-04T12:45:42,47.7,108.1,203.5,4.7,10390.0,240.6
2018-11-04T12:46:14,47.7,114.0,202.3,5.7,10410.0,242.5
2018-11-04T12:46:45,47.7,114.0,206.4,2.7,10420.0,241.5
2018-11-04T12:47:16,47.6,113.4,208.8,5.2,10440.0,242.5
2018-11-04T12:47:47,47.6,109.8,206.4,3.4,10460.0,242.5
2018-11-04T12:48:18,47.6,115.7,203.5,3.7,10470.0,242.5
2018-11-04T12:48:49,47.6,111.0,198.7,3.5,10490.0,242.5
2018-11-04T12:49:20,47.6,114.0,201.1,2.8,10510.0,240.6
2018-11-04T12:49:51,47.6,103.9,205.8,3.2,10520.0,241.5
2018-11-04T12:50:22,47.6,93.9,202.9,7.9,10540.0,242.5
2018-11-04T12:50:54,47.5,103.9,204.6,5.9,10560.0,243.5
2018-11-04T12:51:25,47.5,102.1,196.4,3.5,10570.0,242.5
2018-11-04T12:51:56,47.5,92.7,205.2,6.5,10590.0,241.5
2018-11-04T12:52:27,47.4,110.4,204.1,6.3,10610.0,243.5
2018-11-04T12:52:58,47.4,112.2,208.2,6.6,10620.0,242.5
2018-11-04T12:53:29,47.4,109.8,201.1,7.3,10640.0,240.6
2018-11-04T12:54:00,47.4,133.5,199.3,1.4,10660.0,243.5
2018-11-04T12:54:31,47.4,132.3,202.3,1.5,10670.0,242.5
2018-11-04T12:55:02,47.4,119.9,207.6,3.0,10690.0,242.5
2018-11-04T12:55:34,47.4,118.1,197.5,3.3,10700.0,242.5
2018-11-04T12:56:05,47.3,127.0,197.5,2.0,10720.0,244.4
2018-11-04T12:56:36,47.3,128.7,197.0,1.6,10730.0,243.5
2018-11-04T12:57:07,47.2,123.4,203.5,1.6,10750.0,243.5
2018-11-04T12:57:38,47.2,123.4,207.0,2.8,10760.0,243.5
2018-11-04T12:58:09,47.2,131.1,200.5,1.4,10780.0,242.5
2018-11-04T12:58:40,47.2,121.0,208.8,1.5,10790.0,243.5
2018-11-04T12:59:11,47.0,118.7,203.5,1.6,10810.0,243.5
2018-11-04T12:59:42,47.0,114.6,204.1,1.8,10820.0,242.5
2018-11-04T13:00:13,47.0,112.2,198.1,1.5,10840.0,242.5
2018-11-04T13:00:45,47.0,117.5,207.6,1.5,10850.0,242.5
2018-11-04T13:01:16,0.0,0.0,0.0,0.0,0.0,0.0
2018-11-04T13:01:47,46.9,108.6,207.6,1.6,10880.0,242.5
2018-11-04T13:02:18,0.0,0.0,0.0,0.0,0.0,0.0
2018-11-04T13:02:49,47.0,102.1,204.1,3.2,10910.0,242.5
2018-11-04T13:03:20,46.9,103.3,204.6,2.8,10920.0,244.4
2018-11-04T13:03:51,0.0,0.0,0.0,0.0,0.0,0.0
2018-11-04T13:04:22,46.9,101.6,204.1,3.1,10960.0,242.5
2018-11-04T13:04:53,46.8,136.4,204.6,1.4,10970.0,242.5
2018-11-04T13:05:24,46.8,131.7,201.7,1.7,10980.0,243.5
2018-11-04T13:05:56,46.8,133.5,203.5,1.4,11000.0,242.5
2018-11-04T13:06:27,46.8,135.2,207.6,1.4,11010.0,243.5
2018-11-04T13:06:58,46.8,155.3,208.8,1.1,11030.0,242.5
2018-11-04T13:07:29,46.8,142.3,201.7,1.1,11040.0,242.5
2018-11-04T13:08:00,46.8,129.3,201.1,1.2,11060.0,243.5
2018-11-04T13:08:31,46.7,133.5,205.8,1.3,11070.0,243.5
2018-11-04T13:09:02,46.7,129.3,197.0,1.2,11080.0,245.4
2018-11-04T13:09:33,46.7,138.2,207.6,1.1,11100.0,245.4
2018-11-04T13:10:04,46.7,128.1,202.3,1.2,11110.0,245.4
2018-11-04T13:10:36,46.7,121.6,197.5,1.4,11130.0,246.4
2018-11-04T13:11:07,46.7,125.2,199.9,1.9,11140.0,246.4
2018-11-04T13:11:38,46.7,115.7,203.5,1.5,11150.0,244.4
2018-11-04T13:12:09,46.6,125.2,201.1,1.3,11170.0,245.4
2018-11-04T13:12:40,46.6,135.8,206.4,1.5,11180.0,246.4
2018-11-04T13:13:11,0.0,0.0,0.0,0.0,0.0,0.0
2018-11-04T13:13:42,46.6,157.1,204.1,1.1,11210.0,245.4
2018-11-04T13:14:13,0.0,0.0,0.0,0.0,0.0,0.0
2018-11-04T13:14:44,46.6,174.2,203.5,1.0,11240.0,245.4
2018-11-04T13:15:15,46.6,165.4,199.9,1.1,11250.0,244.4
2018-11-04T13:15:47,0.0,0.0,0.0,0.0,0.0,0.0
2018-11-04T13:16:18,46.5,145.3,209.4,1.1,11280.0,245.4
2018-11-04T13:16:49,46.5,138.2,211.2,1.2,11290.0,245.4
2018-11-04T13:17:20,46.5,155.9,203.5,1.0,11310.0,244.4
2018-11-04T13:17:51,0.0,0.0,0.0,0.0,0.0,0.0
2018-11-04T13:18:22,46.5,158.9,196.4,1.0,11340.0,243.5
2018-11-04T13:18:53,46.4,151.2,198.7,1.0,11350.0,244.4
2018-11-04T13:19:24,46.4,174.2,195.8,1.1,11370.0,244.4
2018-11-04T13:19:56,46.4,173.0,198.7,1.0,11380.0,244.4
2018-11-04T13:20:27,46.4,180.7,192.2,0.9,11390.0,244.4
2018-11-04T13:20:58,46.4,186.0,197.0,0.9,11410.0,245.4
2018-11-04T13:21:30,46.4,209.7,203.5,0.8,11420.0,246.4
2018-11-04T13:22:01,46.4,211.4,202.9,0.8,11440.0,246.4
2018-11-04T13:22:32,46.4,213.2,196.4,0.9,11450.0,246.4
2018-11-04T13:23:03,46.4,206.1,207.6,1.0,11460.0,248.3
2018-11-04T13:23:34,46.4,207.9,204.1,0.9,11480.0,248.3
2018-11-04T13:24:05,46.4,194.9,204.6,1.0,11490.0,246.4
2018-11-04T13:24:36,46.4,204.9,203.5,0.8,11510.0,247.3
2018-11-04T13:25:07,46.4,201.4,202.9,0.9,11520.0,247.3
2018-11-04T13:25:38,46.4,210.8,204.6,0.9,11540.0,247.3
2018-11-04T13:26:10,46.4,220.9,207.0,0.8,11550.0,246.4
2018-11-04T13:26:41,46.4,220.3,208.2,0.8,11560.0,247.3
2018-11-04T13:27:12,46.4,223.8,204.1,0.9,11580.0,246.4
2018-11-04T13:27:43,46.2,207.9,197.5,0.9,11590.0,247.3
2018-11-04T13:28:14,46.2,220.9,205.2,0.9,11610.0,247.3
2018-11-04T13:28:45,46.2,212.6,205.2,0.8,11620.0,247.3
2018-11-04T13:29:16,46.1,220.3,205.8,0.9,11640.0,247.3
2018-11-04T13:29:47,46.1,204.9,205.8,0.9,11650.0,245.4
2018-11-04T13:30:18,46.1,210.8,207.6,0.9,11660.0,245.4
2018-11-04T13:30:49,46.1,210.2,206.4,0.8,11680.0,247.3
2018-11-04T13:31:21,46.1,219.7,208.8,0.8,11690.0,248.3
2018-11-04T13:31:52,46.2,212.0,202.9,0.8,11710.0,247.3
2018-11-04T13:32:23,46.1,209.1,207.6,0.8,11720.0,247.3
2018-11-04T13:32:54,46.1,213.2,205.8,1.0,11730.0,246.4
2018-11-04T13:33:25,46.1,220.3,205.2,0.8,11750.0,247.3
2018-11-04T13:33:56,46.1,222.7,204.1,0.8,11760.0,248.3
2018-11-04T13:34:27,46.1,228.0,205.8,0.7,11780.0,247.3
2018-11-04T13:34:58,0.0,0.0,0.0,0.0,0.0,0.0
2018-11-04T13:35:29,46.1,218.5,201.7,0.9,11810.0,248.3
2018-11-04T13:36:00,46.1,201.4,197.5,0.8,11820.0,247.3
2018-11-04T13:36:31,46.1,208.5,205.8,0.9,11840.0,246.4
2018-11-04T13:37:02,0.0,0.0,0.0,0.0,0.0,0.0
2018-11-04T13:37:33,46.1,206.1,204.6,0.9,11860.0,245.4
2018-11-04T13:38:04,46.1,206.7,197.5,0.8,11880.0,247.3
2018-11-04T13:38:35,46.1,213.2,202.9,0.9,11890.0,246.4
2018-11-04T13:39:06,46.1,220.9,199.3,0.9,11910.0,246.4
2018-11-04T13:39:37,46.1,210.2,201.1,0.9,11920.0,245.4
2018-11-04T13:40:08,46.1,212.0,203.5,0.8,11930.0,246.4
2018-11-04T13:40:40,46.0,209.1,205.8,0.8,11950.0,245.4
2018-11-04T13:41:11,46.0,212.0,197.5,0.8,11960.0,245.4
2018-11-04T13:41:42,46.0,204.3,201.7,0.8,11980.0,247.3
2018-11-04T13:42:13,46.1,212.0,199.3,0.7,11990.0,246.4
2018-11-04T13:42:44,46.0,213.8,199.9,0.7,12000.0,245.4
2018-11-04T13:43:15,46.0,216.2,202.9,0.8,12020.0,246.4
2018-11-04T13:43:46,46.0,213.2,202.9,0.8,12030.0,246.4
2018-11-04T13:44:17,46.0,209.1,198.1,0.8,12050.0,246.4
2018-11-04T13:44:48,46.0,221.5,200.5,0.8,12060.0,245.4
2018-11-04T13:45:19,46.0,218.5,201.7,0.9,12070.0,246.4
2018-11-04T13:45:51,45.9,215.6,203.5,0.9,12090.0,246.4
2018-11-04T13:46:22,45.9,216.2,205.8,0.8,12100.0,246.4
2018-11-04T13:46:53,45.9,209.7,205.8,0.9,12120.0,246.4
2018-11-04T13:47:24,0.0,0.0,0.0,0.0,0.0,0.0
2018-11-04T13:47:55,45.8,216.7,209.4,0.7,12140.0,245.4
2018-11-04T13:48:26,45.8,217.9,204.6,0.9,12160.0,245.4
2018-11-04T13:48:57,45.8,216.2,200.5,0.9,12170.0,247.3
2018-11-04T13:49:28,45.8,221.5,202.3,0.7,12190.0,243.5
2018-11-04T13:49:59,45.8,220.9,202.9,0.8,12200.0,244.4
2018-11-04T13:50:30,45.8,209.7,201.7,0.9,12210.0,244.4
2018-11-04T13:51:02,45.7,213.2,199.9,0.9,12230.0,245.4
2018-11-04T13:51:33,45.7,215.6,201.7,0.8,12240.0,245.4
2018-11-04T13:52:04,45.7,217.3,199.3,0.8,12260.0,244.4
2018-11-04T13:52:35,45.7,205.5,203.5,0.8,12270.0,246.4
2018-11-04T13:53:06,45.5,218.5,207.6,0.8,12280.0,245.4
2018-11-04T13:53:37,45.7,216.2,204.1,0.8,12300.0,244.4
2018-11-04T13:54:08,45.5,222.7,203.5,0.8,12310.0,246.4
2018-11-04T13:54:39,45.7,215.6,206.4,0.8,12330.0,245.4
2018-11-04T13:55:10,45.5,207.9,203.5,0.9,12340.0,245.4
2018-11-04T13:55:41,45.5,215.0,207.6,0.7,12350.0,244.4
2018-11-04T13:56:13,45.5,217.9,199.9,0.8,12370.0,244.4
2018-11-04T13:56:44,45.5,222.1,206.4,0.9,12380.0,246.4
2018-11-04T13:57:15,45.5,217.3,210.0,0.8,12390.0,244.4
2018-11-04T13:57:46,45.5,209.7,208.8,0.8,12410.0,245.4
2018-11-04T13:58:17,45.5,208.5,207.6,0.8,12420.0,245.4
2018-11-04T13:58:48,45.5,215.6,207.0,0.7,12430.0,244.4
2018-11-04T13:59:19,45.5,215.0,205.2,0.9,12450.0,243.5
2018-11-04T13:59:50,45.5,212.0,206.4,0.7,12460.0,243.5
2018-11-04T14:00:21,45.5,219.7,206.4,0.7,12470.0,243.5
2018-11-04T14:00:52,45.5,216.7,202.3,0.8,12490.0,242.5
2018-11-04T14:01:24,45.5,207.9,201.7,0.8,12500.0,242.5
2018-11-04T14:01:55,45.5,210.8,215.3,0.9,12510.0,242.5
2018-11-04T14:02:26,45.5,215.0,208.8,0.7,12530.0,242.5
2018-11-04T14:02:57,45.5,211.4,208.8,0.9,12540.0,243.5
2018-11-04T14:03:28,45.5,217.9,209.4,0.8,12550.0,243.5
2018-11-04T14:03:59,45.5,223.2,207.6,0.9,12570.0,243.5
2018-11-04T14:04:30,45.5,214.4,200.5,0.8,12580.0,243.5
2018-11-04T14:05:01,45.5,213.2,209.4,0.9,12600.0,243.5
2018-11-04T14:05:32,45.5,212.0,205.2,0.8,12610.0,242.5
2018-11-04T14:06:04,45.4,216.2,206.4,0.8,12620.0,243.5
2018-11-04T14:06:35,45.4,213.2,207.6,0.7,12630.0,243.5
2018-11-04T14:07:06,45.4,212.0,207.6,0.8,12650.0,243.5
2018-11-04T14:07:37,45.4,208.5,208.8,0.8,12660.0,242.5
2018-11-04T14:08:08,45.4,198.4,206.4,0.9,12670.0,243.5
2018-11-04T14:08:39,45.4,219.7,204.1,0.9,12690.0,243.5
2018-11-04T14:09:10,45.4,213.8,205.8,0.8,12700.0,243.5
2018-11-04T14:09:41,45.4,215.0,207.6,0.8,12710.0,242.5
2018-11-04T14:10:12,0.0,0.0,0.0,0.0,0.0,0.0
2018-11-04T14:10:43,45.3,200.8,207.6,0.9,12740.0,242.5
2018-11-04T14:11:15,45.3,212.6,208.8,0.8,12750.0,243.5
2018-11-04T14:11:46,45.3,215.6,205.8,0.8,12760.0,243.5
2018-11-04T14:12:17,45.2,207.9,201.1,0.9,12780.0,242.5
2018-11-04T14:12:48,45.2,217.3,211.7,0.8,12790.0,243.5
2018-11-04T14:13:19,45.2,199.0,205.8,0.9,12800.0,243.5
2018-11-04T14:13:50,45.2,222.1,211.2,0.9,12820.0,243.5
2018-11-04T14:14:21,45.2,207.3,210.6,0.9,12830.0,242.5
2018-11-04T14:14:52,45.2,219.1,211.7,0.9,12840.0,242.5
2018-11-04T14:15:23,45.2,206.1,206.4,0.8,12860.0,242.5
2018-11-04T14:15:54,45.2,186.0,206.4,0.9,12870.0,242.5
2018-11-04T14:16:26,45.2,194.9,211.2,0.9,12880.0,242.5
2018-11-04T14:16:57,45.2,217.3,209.4,0.8,12900.0,242.5
2018-11-04T14:17:28,45.1,219.1,203.5,0.8,12910.0,243.5
2018-11-04T14:17:59,45.1,201.4,202.3,0.9,12920.0,243.5
2018-11-04T14:18:30,45.0,204.3,213.5,0.9,12940.0,244.4
2018-11-04T14:19:01,45.0,211.4,215.9,0.9,12950.0,244.4
2018-11-04T14:19:32,45.0,216.7,205.8,0.9,12960.0,243.5
2018-11-04T14:20:03,45.0,217.3,205.8,0.9,12970.0,244.4
2018-11-04T14:20:35,45.0,209.1,201.7,0.8,12990.0,245.4
2018-11-04T14:21:06,45.0,206.7,213.5,0.8,13000.0,242.5
2018-11-04T14:21:37,45.0,203.2,206.4,0.9,13010.0,244.4
2018-11-04T14:22:08,45.0,209.7,204.6,0.9,13030.0,243.5
2018-11-04T14:22:39,45.0,217.3,208.8,0.8,13040.0,244.4
2018-11-04T14:23:10,45.0,220.9,208.8,0.8,13050.0,244.4
2018-11-04T14:23:41,45.0,209.1,206.4,0.9,13060.0,244.4
2018-11-04T14:24:12,44.9,210.2,207.0,0.8,13080.0,242.5
2018-11-04T14:24:43,44.9,218.5,210.6,0.9,13090.0,244.4
2018-11-04T14:25:14,44.9,204.3,218.8,0.8,13100.0,243.5
2018-11-04T14:25:46,44.9,197.8,211.2,0.9,13110.0,243.5
2018-11-04T14:26:17,44.7,199.6,203.5,0.9,13130.0,243.5
2018-11-04T14:26:48,44.7,215.6,200.5,0.8,13140.0,244.4
2018-11-04T14:27:19,44.7,219.1,208.8,0.8,13150.0,243.5
2018-11-04T14:27:50,44.6,213.2,206.4,0.9,13170.0,243.5
2018-11-04T14:28:21,44.6,220.9,207.6,0.7,13180.0,244.4
2018-11-04T14:28:52,0.0,0.0,0.0,0.0,0.0,0.0
2018-11-04T14:29:23,44.6,222.7,208.8,0.9,13200.0,244.4
2018-11-04T14:29:54,44.6,217.3,206.4,0.9,13220.0,245.4
2018-11-04T14:30:25,44.6,206.1,206.4,1.0,13230.0,245.4
2018-11-04T14:30:57,44.5,211.4,208.8,0.8,13240.0,244.4
2018-11-04T14:31:28,44.5,206.7,204.6,0.9,13260.0,244.4
2018-11-04T14:31:59,44.5,220.3,211.7,0.8,13270.0,245.4
2018-11-04T14:32:30,44.5,219.7,214.7,0.8,13280.0,246.4
2018-11-04T14:33:01,44.5,208.5,212.9,0.8,13290.0,245.4
2018-11-04T14:33:32,0.0,0.0,0.0,0.0,0.0,0.0
2018-11-04T14:34:03,44.5,216.7,203.5,0.8,13320.0,244.4
2018-11-04T14:34:34,44.5,200.2,202.3,0.8,13330.0,246.4
2018-11-04T14:35:05,44.5,216.2,206.4,0.8,13340.0,245.4
2018-11-04T14:35:37,44.5,197.8,206.4,0.8,13360.0,244.4
2018-11-04T14:36:08,44.5,217.3,207.6,0.8,13370.0,245.4
2018-11-04T14:36:39,44.5,213.8,214.7,0.8,13380.0,245.4
2018-11-04T14:37:10,44.5,200.8,201.7,0.9,13390.0,244.4
2018-11-04T14:37:41,44.5,212.6,217.1,0.8,13410.0,243.5
2018-11-04T14:38:12,44.5,210.8,207.6,0.7,13420.0,243.5
2018-11-04T14:38:43,44.5,208.5,211.2,0.8,13430.0,243.5
2018-11-04T14:39:14,44.5,215.6,215.9,0.7,13440.0,243.5
2018-11-04T14:39:45,44.5,216.7,211.2,0.8,13460.0,244.4
2018-11-04T14:40:16,44.6,216.2,210.6,0.8,13470.0,245.4
2018-11-04T14:40:48,44.6,215.0,212.9,0.7,13480.0,245.4
2018-11-04T14:41:19,44.5,212.6,216.5,0.7,13490.0,245.4
2018-11-04T14:41:50,44.6,201.4,209.4,0.7,13500.0,244.4
2018-11-04T14:42:21,44.6,210.8,207.6,0.7,13520.0,243.5
2018-11-04T14:42:52,44.6,212.0,211.7,0.7,13530.0,244.4
2018-11-04T14:43:23,44.6,203.7,218.3,0.8,13540.0,241.5
2018-11-04T14:43:54,44.6,212.0,208.2,0.7,13550.0,243.5
2018-11-04T14:44:25,44.6,210.2,215.3,0.7,13570.0,242.5
2018-11-04T14:44:56,0.0,0.0,0.0,0.0,0.0,0.0
2018-11-04T14:45:27,0.0,0.0,0.0,0.0,0.0,0.0
2018-11-04T14:45:59,44.7,210.2,217.7,0.8,13600.0,243.5
2018-11-04T14:46:30,44.7,203.2,204.6,0.9,13620.0,239.6
2018-11-04T14:47:01,0.0,0.0,0.0,0.0,0.0,0.0
2018-11-04T14:47:32,0.0,0.0,0.0,0.0,0.0,0.0
2018-11-04T14:48:03,44.9,204.3,211.2,0.7,13650.0,243.5
2018-11-04T14:48:34,44.7,191.9,211.2,0.8,13660.0,241.5
2018-11-04T14:49:05,44.7,214.4,214.1,0.7,13680.0,242.5
2018-11-04T14:49:36,44.7,211.4,214.1,0.4,13680.0,234.8
2018-11-04T14:50:07,44.9,199.6,222.4,0.5,13690.0,235.7
2018-11-04T14:50:39,44.9,205.5,202.9,0.4,13690.0,235.7
2018-11-04T14:51:10,44.9,181.9,224.8,0.5,13690.0,235.7
2018-11-04T14:51:41,44.7,187.2,221.2,0.5,13700.0,235.7
2018-11-04T14:52:12,44.7,202.6,204.6,0.6,13700.0,236.7
2018-11-04T14:52:43,44.6,178.9,222.4,0.9,13710.0,240.6
2018-11-04T14:53:14,44.6,204.3,219.4,1.0,13720.0,242.5
2018-11-04T14:53:45,0.0,0.0,0.0,0.0,0.0,0.0
2018-11-04T14:54:16,44.5,221.5,219.4,0.9,13750.0,242.5
2018-11-04T14:54:47,44.5,206.7,214.1,1.0,13760.0,242.5
2018-11-04T14:55:18,44.6,199.0,215.3,1.0,13780.0,240.6
2018-11-04T14:55:50,44.6,220.3,218.3,1.0,13790.0,241.5
2018-11-04T14:56:21,0.0,0.0,0.0,0.0,0.0,0.0
2018-11-04T14:56:52,44.6,215.6,217.1,0.9,13810.0,240.6
2018-11-04T14:57:23,44.5,202.0,218.8,0.8,13830.0,239.6
2018-11-04T14:57:54,44.5,211.4,217.7,0.8,13840.0,241.5
2018-11-04T14:58:25,44.5,201.4,220.6,0.8,13850.0,242.5
2018-11-04T14:58:56,0.0,0.0,0.0,0.0,0.0,0.0
2018-11-04T14:59:27,44.5,217.3,211.7,0.7,13870.0,243.5
2018-11-04T14:59:58,44.5,209.7,215.3,0.7,13880.0,241.5
2018-11-04T15:00:29,44.6,206.1,215.9,0.9,13890.0,241.5
2018-11-04T15:01:01,44.5,207.9,208.8,0.9,13910.0,237.7
2018-11-04T15:01:32,44.5,218.5,208.2,0.8,13920.0,235.7
2018-11-04T15:02:03,44.5,205.5,208.8,0.7,13930.0,235.7
2018-11-04T15:02:34,44.5,204.9,204.6,0.6,13940.0,235.7
2018-11-04T15:03:05,44.5,194.9,210.0,0.6,13940.0,235.7
2018-11-04T15:03:36,44.4,215.6,235.4,0.8,13950.0,238.6
2018-11-04T15:04:07,44.4,202.6,208.8,0.9,13960.0,238.6
2018-11-04T15:04:38,44.4,207.9,216.5,0.9,13970.0,238.6
2018-11-04T15:05:09,44.4,208.5,223.6,0.9,13980.0,239.6
2018-11-04T15:05:40,44.4,210.8,212.9,0.9,14000.0,238.6
2018-11-04T15:06:12,44.5,190.2,219.4,0.9,14010.0,239.6
2018-11-04T15:06:43,44.5,212.0,217.7,0.8,14020.0,244.4
2018-11-04T15:07:14,44.5,212.0,215.9,0.8,14030.0,240.6
2018-11-04T15:07:45,44.6,193.1,208.8,0.9,14040.0,241.5
2018-11-04T15:08:16,44.6,197.3,221.8,0.9,14050.0,242.5
2018-11-04T15:08:47,44.7,221.5,214.1,0.8,14060.0,243.5
2018-11-04T15:09:18,44.6,213.8,210.6,0.9,14070.0,243.5
2018-11-04T15:09:49,44.6,216.2,211.7,0.9,14090.0,242.5
2018-11-04T15:10:20,44.7,211.4,212.3,0.9,14100.0,243.5
2018-11-04T15:10:51,44.7,209.1,208.8,1.0,14110.0,241.5
2018-11-04T15:11:23,44.9,212.0,217.7,0.9,14120.0,242.5
2018-11-04T15:11:54,44.9,214.4,216.5,0.9,14130.0,241.5
2018-11-04T15:12:25,45.0,210.2,218.8,0.9,14150.0,241.5
2018-11-04T15:12:56,45.0,206.7,212.9,0.8,14160.0,239.6
2018-11-04T15:13:27,45.0,206.1,225.4,0.9,14170.0,240.6
2018-11-04T15:13:58,45.0,213.8,218.8,0.8,14180.0,238.6
2018-11-04T15:14:29,45.1,211.4,224.8,0.7,14180.0,240.6
2018-11-04T15:15:00,45.1,203.7,213.5,0.9,14190.0,239.6
2018-11-04T15:15:31,45.1,207.3,217.7,0.8,14210.0,239.6
2018-11-04T15:16:03,0.0,0.0,0.0,0.0,0.0,0.0
2018-11-04T15:16:34,45.0,207.9,219.4,0.8,14220.0,241.5
2018-11-04T15:17:05,45.0,209.1,206.4,0.9,14230.0,241.5
2018-11-04T15:17:36,45.0,209.7,204.1,0.8,14240.0,243.5
2018-11-04T15:18:07,45.0,215.6,217.1,0.7,14250.0,241.5
2018-11-04T15:18:38,44.9,214.4,205.8,0.7,14260.0,241.5
2018-11-04T15:19:09,44.9,202.0,211.7,0.8,14270.0,240.6
2018-11-04T15:19:40,44.7,210.2,214.7,0.9,14280.0,240.6
2018-11-04T15:20:11,44.7,205.5,209.4,0.8,14290.0,240.6
2018-11-04T15:20:42,44.9,210.2,217.1,0.8,14300.0,242.5
2018-11-04T15:21:14,44.9,217.9,214.7,0.8,14310.0,243.5
2018-11-04T15:21:45,44.9,199.0,212.3,0.9,14320.0,242.5
2018-11-04T15:22:16,44.9,218.5,216.5,0.7,14330.0,242.5
2018-11-04T15:22:47,44.9,214.4,221.8,0.8,14350.0,241.5
2018-11-04T15:23:18,44.9,196.1,212.3,0.8,14360.0,243.5
2018-11-04T15:23:49,45.0,216.7,217.1,0.8,14370.0,241.5
2018-11-04T15:24:20,44.9,207.3,222.4,0.8,14380.0,242.5
2018-11-04T15:24:51,44.9,212.0,227.7,0.9,14390.0,242.5
2018-11-04T15:25:22,44.9,197.3,220.6,0.8,14400.0,243.5
2018-11-04T15:25:54,44.9,215.0,214.1,0.9,14410.0,242.5
2018-11-04T15:26:25,44.9,211.4,220.6,0.9,14420.0,242.5
2018-11-04T15:26:56,44.9,219.1,215.9,0.7,14430.0,243.5
2018-11-04T15:27:27,44.9,207.3,214.7,0.8,14440.0,242.5
2018-11-04T15:27:58,44.9,213.2,210.6,0.8,14450.0,242.5
2018-11-04T15:28:29,44.9,215.6,218.3,0.7,14460.0,241.5
2018-11-04T15:29:00,44.7,216.7,214.1,0.7,14470.0,241.5
2018-11-04T15:29:31,44.7,214.4,219.4,0.8,14480.0,240.6
2018-11-04T15:30:02,44.7,200.8,215.3,0.7,14490.0,240.6
2018-11-04T15:30:34,44.7,213.2,206.4,0.7,14500.0,240.6
2018-11-04T15:31:05,44.7,202.0,214.1,0.7,14510.0,241.5
2018-11-04T15:31:36,44.6,208.5,214.1,0.8,14520.0,240.6
2018-11-04T15:32:07,44.6,208.5,206.4,0.7,14530.0,242.5
2018-11-04T15:32:38,44.6,207.9,215.9,0.8,14540.0,240.6
2018-11-04T15:33:09,0.0,0.0,0.0,0.0,0.0,0.0
2018-11-04T15:33:40,44.6,214.4,215.9,0.8,14550.0,240.6
2018-11-04T15:34:11,44.5,193.1,211.7,0.7,14560.0,239.6
2018-11-04T15:34:42,44.5,199.6,209.4,0.8,14570.0,240.6
2018-11-04T15:35:13,44.5,210.8,204.1,0.7,14580.0,240.6
2018-11-04T15:35:45,44.5,217.3,204.6,0.8,14590.0,240.6
2018-11-04T15:36:16,44.4,208.5,211.2,0.8,14600.0,240.6
2018-11-04T15:36:47,44.4,213.8,208.8,0.8,14610.0,242.5
2018-11-04T15:37:18,44.4,206.7,212.9,0.9,14620.0,241.5
2018-11-04T15:37:49,44.4,219.7,204.1,0.7,14630.0,242.5
2018-11-04T15:38:20,44.3,209.7,214.1,0.7,14640.0,242.5
2018-11-04T15:38:51,44.3,207.3,210.6,0.7,14650.0,242.5
2018-11-04T15:39:22,44.3,209.1,207.6,0.7,14650.0,242.5
2018-11-04T15:39:53,44.3,208.5,207.6,0.7,14660.0,241.5
2018-11-04T15:40:24,44.3,213.8,212.9,0.7,14670.0,241.5
2018-11-04T15:40:56,44.3,202.0,203.5,0.8,14680.0,241.5
2018-11-04T15:41:27,44.3,218.5,204.1,0.7,14690.0,242.5
2018-11-04T15:41:58,44.3,203.2,188.7,0.7,14700.0,242.5
2018-11-04T15:42:29,44.3,206.1,199.3,0.8,14710.0,242.5
2018-11-04T15:43:00,44.3,184.3,200.5,0.8,14710.0,243.5
2018-11-04T15:43:31,44.3,206.7,202.9,0.8,14720.0,243.5
2018-11-04T15:44:03,44.3,209.1,197.5,0.8,14730.0,241.5
2018-11-04T15:44:34,44.3,203.7,197.0,0.8,14740.0,242.5
2018-11-04T15:45:05,44.3,202.6,194.6,0.8,14750.0,241.5
2018-11-04T15:45:36,0.0,0.0,0.0,0.0,0.0,0.0
2018-11-04T15:46:07,44.3,197.3,202.3,0.8,14770.0,242.5
2018-11-04T15:46:38,44.3,204.3,201.7,0.7,14770.0,242.5
2018-11-04T15:47:09,44.3,184.8,197.0,0.7,14780.0,242.5
2018-11-04T15:47:40,44.3,176.6,195.8,0.7,14790.0,242.5
2018-11-04T15:48:12,44.3,173.6,204.6,0.7,14800.0,242.5
2018-11-04T15:48:43,44.3,186.6,198.1,0.8,14800.0,243.5
2018-11-04T15:49:14,44.3,191.3,191.6,0.8,14810.0,242.5
2018-11-04T15:49:45,44.3,212.6,188.1,0.7,14820.0,241.5
2018-11-04T15:50:16,44.3,203.7,182.8,0.7,14830.0,243.5
2018-11-04T15:50:47,44.3,210.2,198.7,0.7,14830.0,242.5
2018-11-04T15:51:19,44.3,215.6,195.8,0.6,14840.0,243.5
2018-11-04T15:51:50,44.3,204.3,188.7,0.7,14850.0,242.5
2018-11-04T15:52:21,44.3,219.1,192.8,0.7,14860.0,244.4
2018-11-04T15:52:52,44.2,216.2,191.0,0.7,14870.0,244.4
2018-11-04T15:53:23,44.2,209.7,184.5,0.7,14870.0,241.5
2018-11-04T15:53:54,44.2,215.6,193.4,0.7,14880.0,243.5
2018-11-04T15:54:25,44.2,207.3,192.8,0.7,14890.0,243.5
2018-11-04T15:54:56,44.2,209.7,193.4,0.7,14900.0,242.5
2018-11-04T15:55:27,44.2,204.9,188.7,0.6,14900.0,242.5
2018-11-04T15:55:58,44.2,192.5,179.8,0.7,14910.0,241.5
2018-11-04T15:56:30,44.2,209.7,183.3,0.7,14910.0,240.6
2018-11-04T15:57:01,44.0,215.0,190.4,0.6,14920.0,241.5
2018-11-04T15:57:32,44.0,197.8,177.4,0.6,14920.0,240.6
2018-11-04T15:58:03,44.0,178.9,208.8,0.7,14930.0,242.5
2018-11-04T15:58:34,43.9,201.4,199.3,0.6,14930.0,239.6
2018-11-04T15:59:05,43.9,204.3,200.5,0.6,14940.0,241.5
2018-11-04T15:59:36,43.9,206.7,183.3,0.6,14940.0,239.6
2018-11-04T16:00:07,43.9,199.6,187.5,0.6,14950.0,240.6
2018-11-04T16:00:38,43.9,206.1,175.1,0.7,14950.0,240.6
2018-11-04T16:01:10,43.9,185.4,186.3,0.7,14960.0,240.6
2018-11-04T16:01:41,43.9,206.7,185.1,0.7,14970.0,242.5
2018-11-04T16:02:12,43.9,214.4,180.4,0.7,14970.0,242.5
2018-11-04T16:02:43,43.9,210.8,191.6,0.7,14980.0,242.5
2018-11-04T16:03:14,43.9,209.7,187.5,0.6,14980.0,240.6
2018-11-04T16:03:45,43.9,199.0,191.6,0.6,14990.0,241.5
2018-11-04T16:04:16,43.9,195.5,183.9,0.7,14990.0,242.5
2018-11-04T16:04:47,43.9,217.3,175.7,0.7,15000.0,241.5
2018-11-04T16:05:18,43.9,197.3,186.3,0.7,15000.0,240.6
2018-11-04T16:05:49,43.9,210.8,184.5,0.7,15010.0,241.5
2018-11-04T16:06:21,43.9,203.2,194.6,0.7,15010.0,241.5
2018-11-04T16:06:52,43.9,206.7,189.9,0.7,15020.0,241.5
2018-11-04T16:07:23,43.9,196.7,183.3,0.7,15020.0,239.6
2018-11-04T16:07:54,43.8,206.7,183.3,0.7,15030.0,240.6
2018-11-04T16:08:25,43.8,200.8,179.2,0.7,15030.0,239.6
2018-11-04T16:08:56,43.8,211.4,173.9,0.6,15030.0,238.6
2018-11-04T16:09:27,43.8,188.4,166.2,0.6,15040.0,239.6
2018-11-04T16:09:58,43.7,211.4,174.5,0.6,15040.0,240.6
2018-11-04T16:10:29,43.7,194.3,185.7,0.6,15040.0,238.6
2018-11-04T16:11:00,43.7,192.5,178.6,0.6,15050.0,239.6
2018-11-04T16:11:31,43.7,212.6,170.9,0.6,15050.0,239.6
2018-11-04T16:12:02,43.6,197.8,176.8,0.6,15050.0,239.6
2018-11-04T16:12:33,43.6,204.3,169.1,0.6,15060.0,239.6
2018-11-04T16:13:04,43.6,209.7,170.9,0.6,15060.0,239.6
2018-11-04T16:13:35,43.5,207.9,176.2,0.6,15060.0,238.6
2018-11-04T16:14:06,43.5,203.2,175.1,0.6,15070.0,239.6
2018-11-04T16:14:37,43.5,204.9,182.8,0.6,15070.0,239.6
2018-11-04T16:15:08,43.5,196.1,167.4,0.6,15070.0,239.6
2018-11-04T16:15:40,43.4,209.1,148.4,0.6,15080.0,238.6
2018-11-04T16:16:11,43.4,188.4,170.3,0.7,15080.0,239.6
2018-11-04T16:16:42,43.4,196.7,151.4,0.7,15080.0,239.6
2018-11-04T16:17:13,43.2,210.2,174.5,0.7,15090.0,239.6
2018-11-04T16:17:44,43.2,195.5,168.6,0.7,15090.0,239.6
2018-11-04T16:18:15,43.1,204.3,165.6,0.7,15100.0,240.6
2018-11-04T16:18:46,43.1,202.0,175.7,0.8,15100.0,239.6
2018-11-04T16:19:17,43.1,197.3,169.7,0.7,15100.0,238.6
2018-11-04T16:19:48,43.1,213.2,162.0,0.7,15110.0,238.6
2018-11-04T16:20:19,43.1,209.7,166.2,0.7,15110.0,239.6
2018-11-04T16:20:51,43.1,199.0,167.4,0.8,15110.0,240.6
2018-11-04T16:21:22,43.0,207.9,168.0,0.7,15120.0,239.6
2018-11-04T16:21:53,43.0,210.8,170.9,0.7,15120.0,239.6
2018-11-04T16:22:24,43.0,200.2,166.8,0.6,15120.0,240.6
2018-11-04T16:22:55,42.9,205.5,170.3,0.7,15130.0,240.6
2018-11-04T16:23:26,42.9,202.6,166.8,0.6,15130.0,240.6
2018-11-04T16:23:57,42.8,202.0,162.0,0.6,15130.0,241.5
2018-11-04T16:24:28,42.8,211.4,166.8,0.6,15130.0,241.5
2018-11-04T16:24:59,42.8,196.7,174.5,0.6,15140.0,240.6
2018-11-04T16:25:30,42.7,209.1,197.0,0.6,15140.0,241.5
2018-11-04T16:26:02,42.7,200.8,220.6,0.6,15140.0,239.6
2018-11-04T16:26:33,42.5,196.1,243.1,0.7,15140.0,239.6
2018-11-04T16:27:04,42.5,201.4,227.1,0.7,15150.0,239.6
2018-11-04T16:27:35,42.5,203.7,235.4,0.7,15150.0,240.6
2018-11-04T16:28:06,42.5,210.8,241.9,0.6,15150.0,239.6
2018-11-04T16:28:37,42.4,192.5,234.8,0.6,15150.0,240.6
2018-11-04T16:29:08,42.4,193.7,235.4,0.6,15160.0,241.5
2018-11-04T16:29:39,42.4,206.7,239.5,0.7,15160.0,240.6
2018-11-04T16:30:10,42.3,192.5,234.8,0.6,15160.0,241.5
2018-11-04T16:30:41,42.3,211.4,247.8,0.6,15170.0,240.6
2018-11-04T16:31:13,42.2,202.6,247.8,0.7,15170.0,242.5
2018-11-04T16:31:44,42.2,201.4,237.8,0.7,15170.0,241.5
2018-11-04T16:32:15,42.2,203.2,234.2,0.6,15170.0,239.6
2018-11-04T16:32:46,42.2,209.1,239.5,0.6,15180.0,240.6
2018-11-04T16:33:17,42.2,202.0,225.4,0.5,15180.0,242.5
2018-11-04T16:33:48,42.1,203.2,233.0,0.6,15180.0,241.5
2018-11-04T16:34:19,42.1,190.2,236.0,0.6,15180.0,243.5
2018-11-04T16:34:50,42.0,211.4,222.4,0.5,15190.0,241.5
2018-11-04T16:35:21,42.0,189.0,235.4,0.6,15190.0,240.6
2018-11-04T16:35:52,42.0,203.2,224.8,0.6,15190.0,243.5
2018-11-04T16:36:24,41.9,199.6,234.2,0.6,15190.0,242.5
2018-11-04T16:36:55,41.9,191.9,235.4,0.6,15200.0,241.5
2018-11-04T16:37:26,41.9,211.4,223.0,0.5,15200.0,241.5
2018-11-04T16:37:57,41.7,189.6,233.6,0.6,15200.0,241.5
2018-11-04T16:38:28,41.7,205.5,227.1,0.5,15200.0,243.5
2018-11-04T16:38:59,41.7,199.6,233.0,0.6,15210.0,239.6
2018-11-04T16:39:30,41.7,197.3,225.4,0.5,15210.0,240.6
2018-11-04T16:40:01,41.6,205.5,227.1,0.6,15210.0,240.6
2018-11-04T16:40:32,41.6,185.4,238.4,0.6,15210.0,240.6
2018-11-04T16:41:04,41.6,189.6,226.5,0.6,15220.0,241.5
2018-11-04T16:41:35,41.5,210.8,231.9,0.6,15220.0,239.6
2018-11-04T16:42:06,41.5,190.8,241.9,0.6,15220.0,242.5
2018-11-04T16:42:37,41.4,210.2,220.0,0.6,15220.0,241.5
2018-11-04T16:43:08,41.4,190.2,237.2,0.7,15230.0,241.5
2018-11-04T16:43:39,41.4,203.7,224.8,0.6,15230.0,240.6
2018-11-04T16:44:10,41.4,199.0,240.1,0.6,15230.0,240.6
2018-11-04T16:44:41,41.4,194.9,223.6,0.6,15230.0,239.6
2018-11-04T16:45:12,41.3,205.5,234.2,0.6,15240.0,241.5
2018-11-04T16:45:43,41.3,185.4,218.8,0.6,15240.0,241.5
2018-11-04T16:46:15,41.3,208.5,238.4,0.7,15240.0,240.6
2018-11-04T16:46:46,41.3,193.1,236.0,0.7,15240.0,241.5
2018-11-04T16:47:17,41.2,194.9,229.5,0.6,15250.0,241.5
2018-11-04T16:47:48,41.2,215.0,219.4,0.7,15250.0,241.5
2018-11-04T16:48:19,41.2,198.4,240.7,0.7,15250.0,241.5
2018-11-04T16:48:50,41.2,197.3,232.4,0.7,15260.0,240.6
2018-11-04T16:49:21,41.2,203.7,236.6,0.7,15260.0,239.6
2018-11-04T16:49:52,41.2,208.5,237.2,0.5,15260.0,241.5
2018-11-04T16:50:23,41.0,192.5,229.5,0.6,15260.0,240.6
2018-11-04T16:50:54,41.0,211.4,234.2,0.6,15260.0,240.6
2018-11-04T16:51:26,41.0,194.9,227.7,0.5,15270.0,238.6
2018-11-04T16:51:57,41.0,200.2,227.7,0.5,15270.0,240.6
2018-11-04T16:52:28,40.9,186.6,233.6,0.6,15270.0,240.6
2018-11-04T16:52:59,40.9,196.7,220.6,0.5,15270.0,240.6
2018-11-04T16:53:30,40.9,199.6,233.0,0.5,15270.0,240.6
2018-11-04T16:54:01,40.8,194.9,225.9,0.4,15280.0,241.5
2018-11-04T16:54:32,40.7,203.7,225.9,0.4,15280.0,239.6
2018-11-04T16:55:03,40.7,187.2,229.5,0.4,15280.0,239.6
2018-11-04T16:55:34,40.7,207.9,223.6,0.4,15280.0,239.6
2018-11-04T16:56:06,40.7,191.9,229.5,0.4,15280.0,238.6
2018-11-04T16:56:37,40.6,181.9,229.5,0.4,15280.0,240.6
2018-11-04T16:57:08,40.6,202.6,208.2,0.4,15290.0,241.5
2018-11-04T16:57:39,40.6,201.4,231.9,0.4,15290.0,239.6
2018-11-04T16:58:10,40.6,180.1,233.0,0.4,15290.0,239.6
2018-11-04T16:58:41,40.5,158.9,212.9,0.5,15290.0,240.6
2018-11-04T16:59:12,40.5,173.0,226.5,0.5,15290.0,241.5
2018-11-04T16:59:43,40.4,194.9,248.4,0.5,15290.0,243.5
2018-11-04T17:00:14,40.4,219.1,230.1,0.5,15300.0,242.5
2018-11-04T17:00:46,40.4,212.0,230.7,0.6,15300.0,241.5
2018-11-04T17:01:17,40.4,224.4,254.3,0.5,15300.0,241.5
2018-11-04T17:01:48,40.4,213.8,234.8,0.5,15300.0,243.5
2018-11-04T17:02:19,40.4,219.7,249.6,0.5,15300.0,241.5
2018-11-04T17:02:50,40.4,213.2,236.0,0.5,15310.0,240.6
2018-11-04T17:03:21,40.4,216.7,253.7,0.5,15310.0,241.5
2018-11-04T17:03:52,40.4,195.5,233.6,0.6,15310.0,240.6
2018-11-04T17:04:23,40.4,213.2,251.4,0.6,15310.0,241.5
2018-11-04T17:04:54,40.2,215.6,239.5,0.6,15320.0,242.5
2018-11-04T17:05:25,40.2,195.5,244.9,0.5,15320.0,240.6
2018-11-04T17:05:57,40.4,213.2,243.7,0.5,15320.0,241.5
2018-11-04T17:06:28,40.2,215.6,241.3,0.5,15320.0,241.5
2018-11-04T17:06:59,40.4,193.7,241.9,0.6,15320.0,240.6
2018-11-04T17:07:30,40.4,196.7,242.5,0.6,15330.0,240.6
2018-11-04T17:08:01,40.4,217.9,253.7,0.5,15330.0,241.5
2018-11-04T17:08:32,40.4,215.6,237.8,0.6,15330.0,240.6
2018-11-04T17:09:03,40.4,194.3,246.6,0.6,15330.0,241.5
2018-11-04T17:09:34,40.4,214.4,246.6,0.5,15340.0,240.6
2018-11-04T17:10:05,40.5,215.6,238.4,0.5,15340.0,239.6
2018-11-04T17:10:37,40.5,196.7,244.9,0.6,15340.0,239.6
2018-11-04T17:11:08,40.5,218.5,240.1,0.5,15340.0,241.5
2018-11-04T17:11:39,40.5,213.8,249.0,0.6,15340.0,241.5
2018-11-04T17:12:10,40.5,205.5,235.4,0.6,15350.0,242.5
2018-11-04T17:12:41,40.5,224.4,248.4,0.5,15350.0,243.5
2018-11-04T17:13:12,40.6,202.6,234.2,0.6,15350.0,240.6
2018-11-04T17:13:43,40.6,212.0,251.4,0.5,15350.0,239.6
2018-11-04T17:14:14,40.6,216.2,230.7,0.5,15360.0,242.5
2018-11-04T17:14:45,40.6,216.2,243.1,0.4,15360.0,244.4
2018-11-04T17:15:16,40.5,209.1,244.3,0.5,15360.0,242.5
2018-11-04T17:15:48,40.5,204.9,239.5,0.5,15360.0,241.5
2018-11-04T17:16:20,40.5,211.4,230.1,0.4,15360.0,240.6
2018-11-04T17:16:51,40.5,212.6,236.0,0.5,15360.0,241.5
2018-11-04T17:17:22,40.5,192.5,242.5,0.5,15370.0,241.5
2018-11-04T17:17:53,40.5,175.4,237.8,0.5,15370.0,240.6
2018-11-04T17:18:24,40.5,196.7,240.1,0.5,15370.0,241.5
2018-11-04T17:18:55,40.5,217.3,231.9,0.5,15370.0,242.5
2018-11-04T17:19:26,40.5,203.7,246.6,0.5,15370.0,241.5
2018-11-04T17:19:57,40.5,200.8,243.7,0.5,15370.0,240.6
2018-11-04T17:20:28,40.5,221.5,240.1,0.4,15380.0,239.6
2018-11-04T17:20:59,40.5,209.1,241.9,0.5,15380.0,241.5
2018-11-04T17:21:31,40.5,186.6,236.0,0.5,15380.0,241.5
2018-11-04T17:22:02,40.5,203.2,248.4,0.5,15380.0,240.6
2018-11-04T17:22:33,40.5,214.4,230.1,0.4,15380.0,240.6
2018-11-04T17:23:04,40.4,192.5,245.5,0.5,15380.0,239.6
2018-11-04T17:23:35,40.4,194.3,231.3,0.5,15390.0,238.6
2018-11-04T17:24:06,40.4,213.8,246.6,0.4,15390.0,239.6
2018-11-04T17:24:37,40.4,204.9,227.7,0.4,15390.0,241.5
2018-11-04T17:25:08,40.4,202.6,246.6,0.3,15390.0,241.5
2018-11-04T17:25:39,40.4,218.5,224.8,0.3,15390.0,240.6
2018-11-04T17:26:11,40.2,194.3,221.8,0.4,15390.0,238.6
2018-11-04T17:26:42,40.2,173.0,244.3,0.5,15390.0,239.6
2018-11-04T17:27:13,40.2,195.5,233.0,0.4,15400.0,240.6
2018-11-04T17:27:44,40.2,215.6,212.3,0.4,15400.0,241.5
2018-11-04T17:28:15,40.2,216.7,227.7,0.4,15400.0,241.5
2018-11-04T17:28:46,40.2,206.1,249.6,0.4,15400.0,240.6
2018-11-04T17:29:17,40.2,199.6,235.4,0.4,15400.0,240.6
2018-11-04T17:29:48,40.2,219.1,240.1,0.3,15400.0,240.6
2018-11-04T17:30:19,40.1,199.0,243.7,0.3,15400.0,239.6
2018-11-04T17:30:50,40.1,207.3,228.9,0.3,15410.0,240.6
2018-11-04T17:31:22,40.1,206.7,221.2,0.2,15410.0,240.6
2018-11-04T17:31:53,40.0,190.2,234.8,0.3,15410.0,240.6
2018-11-04T17:32:24,40.0,168.9,214.1,0.3,15410.0,237.7
2018-11-04T17:32:55,39.9,154.1,216.5,0.3,15410.0,240.6
2018-11-04T17:33:26,39.9,174.8,237.8,0.3,15410.0,239.6
2018-11-04T17:33:57,39.9,197.3,223.6,0.3,15410.0,240.6
2018-11-04T17:34:28,39.8,213.8,225.4,0.2,15410.0,240.6
2018-11-04T17:34:59,39.8,191.3,234.2,0.3,15410.0,239.6
2018-11-04T17:35:30,39.8,203.2,228.3,0.2,15410.0,238.6
2018-11-04T17:36:01,39.7,191.9,214.1,0.2,15420.0,237.7
2018-11-04T17:36:32,39.7,171.3,224.2,0.2,15420.0,239.6
2018-11-04T17:37:03,39.7,181.9,202.9,0.2,15420.0,239.6
2018-11-04T17:37:34,39.5,202.0,218.3,0.1,15420.0,240.6
2018-11-04T17:38:05,39.5,180.1,196.4,0.1,15420.0,239.6
2018-11-04T17:38:36,39.4,173.6,211.7,0.1,15420.0,238.6
2018-11-04T17:39:07,39.4,194.3,218.3,0.1,15420.0,237.7
2018-11-04T17:39:38,39.3,193.7,197.0,0.1,15420.0,239.6
2018-11-04T17:40:09,39.3,173.0,187.5,0.1,15420.0,238.6
2018-11-04T17:40:41,39.2,151.8,208.8,0.1,15420.0,239.6
2018-11-04T17:41:13,39.2,171.9,223.6,0.1,15420.0,239.6
2018-11-04T17:41:44,39.2,191.9,203.5,0.1,15420.0,239.6
2018-11-04T17:42:15,39.1,192.5,183.3,0.1,15420.0,240.6
2018-11-04T17:42:46,39.1,172.4,168.6,0.1,15420.0,239.6
2018-11-04T17:43:17,39.0,150.6,190.4,0.1,15420.0,240.6
2018-11-04T17:43:48,38.9,148.2,209.4,0.1,15420.0,240.6
2018-11-04T17:44:19,38.9,167.1,225.9,0.1,15420.0,238.6
2018-11-04T17:44:50,38.7,189.0,205.2,0.1,15420.0,239.6
2018-11-04T17:45:21,38.7,190.8,186.3,0.0,15420.0,239.6
2018-11-04T17:45:52,38.6,171.9,165.0,0.1,15420.0,240.6
2018-11-04T17:46:24,38.6,150.6,187.5,0.1,15420.0,238.6
2018-11-04T17:46:55,38.6,130.5,206.4,0.1,15420.0,237.7
2018-11-04T17:47:26,38.5,150.6,225.9,0.1,15420.0,236.7
2018-11-04T17:47:57,38.5,171.3,203.5,0.1,15420.0,237.7
2018-11-04T17:48:28,38.4,193.7,182.8,0.0,15420.0,238.6
2018-11-04T17:48:59,38.4,191.9,163.8,0.0,15420.0,237.7
2018-11-04T17:49:30,38.3,170.7,167.4,0.1,15420.0,238.6
2018-11-04T17:50:01,38.3,151.8,186.3,0.1,15420.0,239.6
2018-11-04T17:50:32,38.3,129.9,211.2,0.1,15420.0,238.6
2018-11-04T17:51:04,38.2,109.2,225.9,0.1,15420.0,237.7
2018-11-04T17:51:35,38.2,121.6,204.6,0.1,15420.0,237.7
2018-11-04T17:52:06,38.0,143.5,181.0,0.1,15420.0,237.7
2018-11-04T17:52:37,38.0,165.4,163.2,0.0,15420.0,237.7
2018-11-04T17:53:08,37.9,186.6,141.9,0.0,15420.0,237.7
2018-11-04T17:53:39,37.9,189.0,125.4,0.1,15420.0,236.7
2018-11-04T17:54:10,37.8,170.7,145.5,0.0,15420.0,236.7
2018-11-04T17:54:41,37.8,147.6,166.8,0.1,15420.0,236.7
2018-11-04T17:55:12,37.7,127.5,191.0,0.1,15420.0,237.7
2018-11-04T17:55:43,37.7,109.8,211.7,0.1,15420.0,237.7
2018-11-04T17:56:15,37.6,130.5,217.7,0.1,15420.0,236.7
2018-11-04T17:56:46,37.6,152.9,199.9,0.1,15420.0,236.7
2018-11-04T17:57:17,37.5,171.9,177.4,0.0,15420.0,237.7
2018-11-04T17:57:48,37.4,193.1,156.1,0.1,15420.0,237.7
2018-11-04T17:58:19,37.4,189.0,136.6,0.0,15420.0,237.7
2018-11-04T17:58:50,37.2,168.3,153.2,0.0,15420.0,237.7
2018-11-04T17:59:21,37.2,146.4,172.1,0.0,15420.0,236.7
2018-11-04T17:59:52,37.1,125.2,191.0,0.0,15420.0,235.7
2018-11-04T18:00:23,37.1,121.0,214.1,0.1,15420.0,237.7
2018-11-04T18:00:55,37.0,145.3,218.8,0.0,15420.0,236.7
2018-11-04T18:01:26,37.0,165.4,198.7,0.0,15420.0,235.7
2018-11-04T18:01:57,36.9,185.4,175.7,0.1,15420.0,234.8
2018-11-04T18:02:28,36.9,194.9,154.9,0.0,15420.0,234.8
2018-11-04T18:02:59,36.9,188.4,135.4,0.0,15420.0,235.7
2018-11-04T18:03:30,36.8,168.9,133.7,0.1,15420.0,237.7
2018-11-04T18:04:01,36.7,147.0,152.0,0.0,15420.0,237.7
2018-11-04T18:04:32,36.7,125.2,173.3,0.0,15420.0,239.6
2018-11-04T18:05:03,36.7,103.9,192.8,0.0,15420.0,236.7
2018-11-04T18:05:35,36.5,181.9,220.0,0.0,15420.0,236.7
2018-11-04T18:06:06,36.4,180.7,205.2,0.0,15420.0,237.7
2018-11-04T18:06:37,36.4,177.8,188.1,0.0,15420.0,237.7
2018-11-04T18:07:08,36.3,176.0,176.2,0.0,15420.0,236.7
2018-11-04T18:07:39,36.3,173.0,173.3,0.0,15420.0,235.7
2018-11-04T18:08:10,36.3,171.3,171.5,0.0,15420.0,236.7
2018-11-04T18:08:41,36.2,155.9,172.1,0.0,15420.0,236.7
2018-11-04T18:09:12,36.2,143.5,166.8,0.0,15420.0,237.7
2018-11-04T18:09:43,36.1,161.8,162.0,0.0,15420.0,237.7
2018-11-04T18:10:14,36.1,154.1,154.4,0.0,15420.0,237.7
2018-11-04T18:10:46,36.0,136.4,136.6,0.0,15420.0,234.8
2018-11-04T18:11:17,36.0,90.3,90.5,0.0,15420.0,236.7
