2018-11-14T06:35:28,27.5,201.4,220.0,0.7,240.0,238.6
2018-11-14T06:35:59,27.5,209.7,242.5,0.6,240.0,239.6
2018-11-14T06:36:31,27.5,206.7,225.9,0.7,250.0,238.6
2018-11-14T06:37:02,27.5,202.6,232.4,0.7,250.0,240.6
2018-11-14T06:37:33,27.5,218.5,240.7,0.6,250.0,240.6
2018-11-14T06:38:04,27.5,205.5,221.2,0.6,250.0,240.6
2018-11-14T06:38:35,27.5,210.2,236.0,0.6,250.0,240.6
2018-11-14T06:39:06,27.9,206.7,227.1,0.5,260.0,240.6
2018-11-14T06:39:37,27.9,208.5,232.4,0.4,260.0,239.6
2018-11-14T06:40:08,27.9,216.2,220.0,0.4,260.0,240.6
2018-11-14T06:40:39,27.9,204.3,242.5,0.5,260.0,238.6
2018-11-14T06:41:11,28.3,213.8,224.8,0.4,260.0,240.6
2018-11-14T06:41:42,28.3,205.5,220.6,0.4,260.0,239.6
2018-11-14T06:42:13,28.3,203.7,241.3,0.4,270.0,239.6
2018-11-14T06:42:44,28.3,215.6,228.9,0.4,270.0,238.6
2018-11-14T06:43:15,28.6,209.7,222.4,0.4,270.0,239.6
2018-11-14T06:43:46,28.6,213.8,244.9,0.4,270.0,242.5
2018-11-14T06:44:17,28.6,192.5,227.7,0.5,270.0,241.5
2018-11-14T06:44:48,28.6,168.9,206.4,0.6,270.0,241.5
2018-11-14T06:45:19,28.6,148.2,197.5,0.6,270.0,242.5
2018-11-14T06:45:50,28.6,161.2,222.4,0.7,280.0,242.5
2018-11-14T06:46:22,28.6,165.9,225.9,0.7,280.0,242.5
2018-11-14T06:46:53,29.0,174.8,233.6,0.6,280.0,242.5
2018-11-14T06:47:24,29.0,178.3,231.3,0.5,280.0,242.5
2018-11-14T06:47:55,29.0,200.8,209.4,0.5,280.0,242.5
2018-11-14T06:48:26,29.0,220.9,214.1,0.5,290.0,243.5
2018-11-14T06:48:57,29.0,199.6,236.0,0.5,290.0,243.5
2018-11-14T06:49:28,29.4,175.4,252.6,0.7,290.0,242.5
2018-11-14T06:49:59,29.4,153.5,226.5,0.8,290.0,244.4
2018-11-14T06:50:30,29.4,163.6,240.1,0.5,290.0,244.4
2018-11-14T06:51:01,29.4,171.3,233.0,0.5,290.0,244.4
2018-11-14T06:51:32,29.4,150.6,232.4,0.5,300.0,244.4
2018-11-14T06:52:03,29.4,157.7,213.5,0.5,300.0,243.5
2018-11-14T06:52:34,29.4,180.7,217.7,0.5,300.0,243.5
2018-11-14T06:53:05,29.4,202.6,240.1,0.4,300.0,244.4
2018-11-14T06:53:36,29.4,222.1,237.8,0.4,300.0,243.5
2018-11-14T06:54:07,29.4,199.6,215.9,0.5,300.0,243.5
2018-11-14T06:54:38,29.4,173.6,203.5,0.8,310.0,243.5
2018-11-14T06:55:09,29.7,176.0,217.1,0.6,310.0,242.5
2018-11-14T06:55:41,29.7,163.6,239.0,0.6,310.0,245.4
2018-11-14T06:56:12,29.7,182.5,229.5,0.5,310.0,245.4
2018-11-14T06:56:43,29.7,204.3,208.8,0.5,310.0,244.4
2018-11-14T06:57:14,30.1,224.4,234.2,0.5,320.0,244.4
2018-11-14T06:57:45,30.1,200.2,247.2,0.7,320.0,245.4
2018-11-14T06:58:16,30.1,217.9,225.4,0.5,320.0,245.4
2018-11-14T06:58:47,30.1,209.1,214.1,0.7,320.0,243.5
2018-11-14T06:59:18,30.1,213.2,237.2,0.7,330.0,243.5
2018-11-14T06:59:49,30.1,191.3,239.5,0.8,330.0,245.4
2018-11-14T07:00:20,30.2,195.5,225.9,0.7,330.0,243.5
2018-11-14T07:00:52,30.2,208.5,221.2,0.7,330.0,244.4
2018-11-14T07:01:23,30.2,212.6,220.0,0.6,330.0,241.5
2018-11-14T07:01:54,30.2,204.3,242.5,0.7,340.0,242.5
2018-11-14T07:02:25,30.2,220.9,228.3,0.6,340.0,240.6
2018-11-14T07:02:56,30.2,219.1,230.1,0.5,340.0,241.5
2018-11-14T07:03:27,30.2,216.2,226.5,0.5,340.0,241.5
2018-11-14T07:03:58,30.2,214.4,214.1,0.5,350.0,242.5
2018-11-14T07:04:29,30.2,209.1,218.8,0.5,350.0,241.5
2018-11-14T07:05:00,30.2,193.7,233.0,0.5,350.0,240.6
2018-11-14T07:05:32,30.2,215.6,246.1,0.5,350.0,241.5
2018-11-14T07:06:03,30.3,212.0,225.4,0.6,350.0,241.5
2018-11-14T07:06:34,30.3,191.9,206.4,0.6,350.0,240.6
2018-11-14T07:07:05,30.3,199.0,229.5,0.6,360.0,240.6
2018-11-14T07:07:36,30.3,216.2,232.4,0.5,360.0,239.6
2018-11-14T07:08:07,30.3,202.6,235.4,0.5,360.0,239.6
2018-11-14T07:08:38,30.3,222.7,215.3,0.5,360.0,238.6
2018-11-14T07:09:09,30.3,199.6,207.0,0.5,360.0,241.5
2018-11-14T07:09:40,30.4,208.5,230.1,0.6,370.0,239.6
2018-11-14T07:10:11,30.4,220.9,253.2,0.6,370.0,240.6
2018-11-14T07:10:43,30.4,197.3,231.3,0.8,370.0,239.6
2018-11-14T07:11:14,30.4,177.2,225.9,0.9,370.0,239.6
2018-11-14T07:11:45,30.4,191.9,236.6,0.8,380.0,238.6
2018-11-14T07:12:16,30.4,204.3,233.6,0.7,380.0,236.7
2018-11-14T07:12:47,30.5,211.4,235.4,0.6,380.0,237.7
2018-11-14T07:13:18,30.4,215.6,214.1,0.6,380.0,237.7
2018-11-14T07:13:49,30.5,207.3,225.9,0.6,390.0,237.7
2018-11-14T07:14:20,30.5,222.7,248.4,0.6,390.0,237.7
2018-11-14T07:14:51,30.5,214.4,227.1,0.6,390.0,236.7
2018-11-14T07:15:22,30.5,216.7,210.0,0.6,390.0,234.8
2018-11-14T07:15:54,30.5,197.3,232.4,0.7,400.0,238.6
2018-11-14T07:16:26,30.5,219.7,219.4,0.7,400.0,237.7
2018-11-14T07:16:57,30.5,212.0,211.7,0.9,400.0,239.6
2018-11-14T07:17:28,30.5,219.1,233.0,0.7,400.0,238.6
2018-11-14T07:17:59,30.5,218.5,233.6,0.8,410.0,238.6
2018-11-14T07:18:30,30.7,209.7,208.8,0.9,410.0,240.6
2018-11-14T07:19:01,30.7,186.0,215.3,1.1,410.0,239.6
2018-11-14T07:19:32,30.7,204.3,238.4,1.1,420.0,241.5
2018-11-14T07:20:03,30.7,194.9,241.3,1.2,420.0,240.6
2018-11-14T07:20:34,30.8,181.9,236.0,1.3,430.0,240.6
2018-11-14T07:21:06,30.8,191.3,249.6,1.3,430.0,241.5
2018-11-14T07:21:37,30.8,193.7,251.4,1.2,440.0,240.6
2018-11-14T07:22:08,30.8,194.3,239.5,1.2,440.0,240.6
2018-11-14T07:22:39,30.8,218.5,230.1,1.3,440.0,240.6
2018-11-14T07:23:10,30.9,217.9,228.9,1.4,450.0,241.5
2018-11-14T07:23:41,30.9,220.3,242.5,1.3,460.0,240.6
2018-11-14T07:24:12,30.9,208.5,246.1,1.1,460.0,240.6
2018-11-14T07:24:43,30.9,209.7,232.4,1.0,460.0,240.6
2018-11-14T07:25:14,31.0,212.6,230.1,1.0,470.0,239.6
2018-11-14T07:25:46,31.1,199.6,213.5,1.0,470.0,241.5
2018-11-14T07:26:17,31.0,217.3,231.3,1.1,470.0,241.5
2018-11-14T07:26:48,31.0,202.0,243.1,1.1,480.0,241.5
2018-11-14T07:27:19,31.0,217.3,228.3,1.1,480.0,241.5
2018-11-14T07:27:50,31.0,222.7,223.6,1.1,480.0,242.5
2018-11-14T07:28:21,31.1,200.2,246.1,1.1,490.0,241.5
2018-11-14T07:28:52,31.1,197.3,247.2,1.3,490.0,241.5
2018-11-14T07:29:23,31.1,196.7,228.3,1.3,500.0,242.5
2018-11-14T07:29:54,31.1,183.7,230.1,1.5,500.0,242.5
2018-11-14T07:30:25,31.1,162.4,247.2,1.6,510.0,241.5
2018-11-14T07:30:57,31.2,187.2,219.4,1.7,510.0,242.5
2018-11-14T07:31:28,31.2,222.7,195.2,2.1,520.0,243.5
2018-11-14T07:31:59,31.2,219.1,218.8,1.9,530.0,242.5
2018-11-14T07:32:30,31.2,222.1,231.9,1.4,530.0,241.5
2018-11-14T07:33:01,31.4,210.8,227.7,1.5,540.0,242.5
2018-11-14T07:33:32,31.4,224.4,228.3,1.4,550.0,241.5
2018-11-14T07:34:03,31.4,222.7,241.9,1.5,550.0,241.5
2018-11-14T07:34:34,31.5,210.8,222.4,1.5,560.0,242.5
2018-11-14T07:35:05,31.5,223.2,245.5,1.5,560.0,241.5
2018-11-14T07:35:37,31.6,225.0,224.8,1.4,570.0,242.5
2018-11-14T07:36:08,31.6,225.0,246.6,1.5,580.0,242.5
2018-11-14T07:36:39,31.6,204.3,220.0,1.8,580.0,241.5
2018-11-14T07:37:10,31.6,173.6,192.8,2.5,590.0,243.5
2018-11-14T07:37:41,31.7,174.2,201.7,2.5,600.0,242.5
2018-11-14T07:38:12,31.7,194.9,223.6,2.4,610.0,243.5
2018-11-14T07:38:43,31.8,198.4,228.9,2.1,620.0,242.5
2018-11-14T07:39:14,31.8,196.1,241.3,2.1,620.0,242.5
2018-11-14T07:39:45,31.8,197.8,243.7,2.0,630.0,243.5
2018-11-14T07:40:16,31.9,197.3,233.0,1.9,640.0,241.5
2018-11-14T07:40:48,31.9,193.1,241.9,2.0,650.0,245.4
2018-11-14T07:41:19,32.0,186.6,248.4,2.2,660.0,246.4
2018-11-14T07:41:50,32.0,175.4,233.0,2.5,660.0,243.5
2018-11-14T07:42:21,32.0,184.3,230.1,1.9,670.0,244.4
2018-11-14T07:42:52,32.0,179.5,245.5,1.9,680.0,242.5
2018-11-14T07:43:23,32.2,193.7,236.6,1.9,690.0,241.5
2018-11-14T07:43:54,32.2,194.3,227.7,1.8,690.0,243.5
2018-11-14T07:44:25,32.2,190.8,241.3,1.9,700.0,243.5
2018-11-14T07:44:56,32.2,217.9,230.1,2.0,710.0,242.5
2018-11-14T07:45:27,32.3,214.4,241.9,2.0,720.0,244.4
2018-11-14T07:45:59,32.3,222.7,231.3,1.7,720.0,243.5
2018-11-14T07:46:30,32.3,222.7,234.2,1.7,730.0,243.5
2018-11-14T07:47:01,32.3,221.5,235.4,1.7,740.0,243.5
2018-11-14T07:47:32,32.4,215.6,230.7,1.6,750.0,244.4
2018-11-14T07:48:03,32.4,215.6,230.1,1.8,750.0,244.4
2018-11-14T07:48:34,32.4,210.8,241.3,1.8,760.0,243.5
2018-11-14T07:49:05,32.5,191.3,218.8,2.3,770.0,245.4
2018-11-14T07:49:36,32.5,220.3,247.2,2.5,780.0,246.4
2018-11-14T07:50:07,32.6,211.4,242.5,2.6,790.0,245.4
2018-11-14T07:50:39,32.6,221.5,227.1,2.5,800.0,246.4
2018-11-14T07:51:10,32.6,216.2,254.9,2.8,810.0,249.3
2018-11-14T07:51:41,32.7,216.2,223.0,3.0,820.0,248.3
2018-11-14T07:52:12,32.9,220.3,215.9,2.9,830.0,247.3
2018-11-14T07:52:43,32.9,218.5,236.6,2.7,850.0,246.4
2018-11-14T07:53:14,32.9,224.4,236.0,2.3,860.0,246.4
2018-11-14T07:53:45,33.0,217.9,239.0,2.2,870.0,247.3
2018-11-14T07:54:16,33.0,217.9,212.9,2.3,880.0,247.3
2018-11-14T07:54:47,33.1,217.3,215.9,2.1,890.0,245.4
2018-11-14T07:55:18,33.1,219.7,230.1,2.2,890.0,244.4
2018-11-14T07:55:50,33.2,207.3,225.9,2.4,900.0,243.5
2018-11-14T07:56:21,33.2,225.6,202.9,2.1,910.0,244.4
2018-11-14T07:56:52,33.3,191.3,225.4,3.3,920.0,246.4
2018-11-14T07:57:23,33.3,189.0,234.8,3.2,940.0,246.4
2018-11-14T07:57:54,33.3,191.9,233.6,3.4,950.0,246.4
2018-11-14T07:58:25,33.4,190.8,231.3,3.4,960.0,248.3
2018-11-14T07:58:56,33.4,190.2,237.2,3.4,970.0,247.3
2018-11-14T07:59:27,33.4,194.9,234.2,3.4,980.0,247.3
2018-11-14T07:59:58,33.5,192.5,237.8,3.1,990.0,248.3
2018-11-14T08:00:29,33.5,190.8,230.1,3.4,1010.0,248.3
2018-11-14T08:01:01,33.5,189.6,235.4,3.3,1020.0,247.3
2018-11-14T08:01:32,33.5,196.7,235.4,2.5,1030.0,247.3
2018-11-14T08:02:03,33.7,205.5,225.4,2.2,1040.0,245.4
2018-11-14T08:02:34,33.7,211.4,223.0,2.2,1040.0,245.4
2018-11-14T08:03:05,33.7,195.5,236.0,2.6,1050.0,245.4
2018-11-14T08:03:36,33.8,215.6,228.9,2.6,1060.0,247.3
2018-11-14T08:04:07,33.8,212.0,230.1,2.7,1070.0,246.4
2018-11-14T08:04:38,33.7,213.8,224.2,2.5,1080.0,244.4
2018-11-14T08:05:09,33.8,201.4,218.3,2.7,1090.0,246.4
2018-11-14T08:05:40,33.8,209.7,244.3,2.8,1100.0,245.4
2018-11-14T08:06:12,33.9,192.5,221.2,3.7,1120.0,247.3
2018-11-14T08:06:43,33.9,204.3,239.5,3.6,1130.0,248.3
2018-11-14T08:07:14,34.0,202.6,225.4,3.6,1140.0,247.3
2018-11-14T08:07:45,34.0,198.4,228.3,3.6,1160.0,248.3
2018-11-14T08:08:16,33.9,200.8,218.3,3.7,1170.0,247.3
2018-11-14T08:08:47,34.0,203.2,232.4,3.8,1180.0,250.2
2018-11-14T08:09:18,34.1,203.7,225.9,3.8,1200.0,250.2
2018-11-14T08:09:49,34.1,196.7,222.4,4.0,1210.0,250.2
2018-11-14T08:10:20,34.2,198.4,227.7,4.1,1230.0,250.2
2018-11-14T08:10:51,34.2,202.0,232.4,4.0,1240.0,250.2
2018-11-14T08:11:23,34.4,199.0,221.2,4.1,1260.0,250.2
2018-11-14T08:11:54,34.5,203.7,224.8,3.8,1270.0,249.3
2018-11-14T08:12:25,34.5,198.4,216.5,3.9,1280.0,249.3
2018-11-14T08:12:56,34.6,196.7,228.9,4.0,1300.0,250.2
2018-11-14T08:13:27,34.6,211.4,217.1,3.4,1310.0,248.3
2018-11-14T08:13:58,34.7,209.1,224.8,3.4,1320.0,247.3
2018-11-14T08:14:29,34.7,212.6,225.9,3.7,1340.0,248.3
2018-11-14T08:15:00,34.8,208.5,207.0,3.9,1350.0,248.3
2018-11-14T08:15:32,34.7,208.5,225.9,3.8,1370.0,248.3
2018-11-14T08:16:03,34.7,210.8,223.0,3.6,1380.0,248.3
2018-11-14T08:16:34,34.8,212.6,218.3,3.7,1390.0,251.2
2018-11-14T08:17:05,34.8,212.0,213.5,4.0,1410.0,251.2
2018-11-14T08:17:36,34.8,210.2,228.3,4.0,1420.0,249.3
2018-11-14T08:18:07,34.8,209.7,218.3,4.0,1440.0,249.3
2018-11-14T08:18:38,34.9,212.6,223.0,3.9,1450.0,248.3
2018-11-14T08:19:09,34.9,211.4,222.4,4.0,1470.0,249.3
2018-11-14T08:19:40,34.7,209.1,214.7,4.0,1480.0,248.3
2018-11-14T08:20:11,34.7,207.9,220.6,4.0,1500.0,249.3
2018-11-14T08:20:43,34.7,206.7,224.2,3.8,1510.0,249.3
2018-11-14T08:21:14,34.7,207.9,221.2,3.4,1530.0,248.3
2018-11-14T08:21:45,34.8,199.6,210.6,3.8,1540.0,249.3
2018-11-14T08:22:16,34.8,202.0,233.6,3.8,1550.0,249.3
2018-11-14T08:22:47,34.9,207.3,220.6,3.8,1570.0,250.2
2018-11-14T08:23:18,35.0,207.9,218.8,3.8,1580.0,248.3
2018-11-14T08:23:49,35.0,203.7,224.8,4.0,1600.0,249.3
2018-11-14T08:24:20,35.0,204.9,225.4,3.9,1610.0,246.4
2018-11-14T08:24:51,35.0,204.3,217.7,3.9,1620.0,247.3
2018-11-14T08:25:22,35.0,203.7,228.9,4.1,1640.0,248.3
2018-11-14T08:25:54,35.2,209.7,218.8,3.9,1650.0,248.3
2018-11-14T08:26:26,35.3,210.2,217.7,3.9,1670.0,248.3
2018-11-14T08:26:57,35.4,213.8,222.4,3.9,1680.0,248.3
2018-11-14T08:27:28,35.5,205.5,224.8,4.0,1700.0,246.4
2018-11-14T08:27:59,35.5,212.6,215.3,3.9,1710.0,246.4
2018-11-14T08:28:30,35.6,212.0,221.8,3.9,1730.0,247.3
2018-11-14T08:29:01,35.7,209.1,228.3,3.9,1740.0,247.3
2018-11-14T08:29:32,35.9,212.6,218.3,3.8,1760.0,247.3
2018-11-14T08:30:03,35.9,208.5,218.3,3.7,1770.0,248.3
2018-11-14T08:30:34,36.0,214.4,225.9,3.8,1790.0,247.3
2018-11-14T08:31:06,36.0,210.8,216.5,3.7,1800.0,247.3
2018-11-14T08:31:37,36.1,213.8,228.9,3.3,1820.0,246.4
2018-11-14T08:32:08,36.1,194.9,213.5,4.1,1830.0,248.3
2018-11-14T08:32:39,36.2,177.2,195.2,4.4,1840.0,249.3
2018-11-14T08:33:10,36.2,196.7,218.3,4.0,1860.0,247.3
2018-11-14T08:33:41,36.3,196.1,217.1,4.1,1870.0,248.3
2018-11-14T08:34:12,36.3,196.7,220.0,4.2,1890.0,247.3
2018-11-14T08:34:43,36.4,198.4,218.3,2.8,1900.0,246.4
2018-11-14T08:35:14,36.4,193.7,222.4,2.6,1910.0,245.4
2018-11-14T08:35:45,36.4,178.3,230.7,1.6,1910.0,243.5
2018-11-14T08:36:17,36.4,191.3,210.0,1.5,1920.0,245.4
2018-11-14T08:36:48,36.4,215.6,234.8,1.4,1930.0,245.4
2018-11-14T08:37:19,36.5,183.1,200.5,2.6,1930.0,244.4
2018-11-14T08:37:50,36.5,198.4,171.5,3.3,1940.0,245.4
2018-11-14T08:38:21,36.5,190.2,181.0,5.0,1960.0,246.4
2018-11-14T08:38:52,36.5,187.8,218.8,4.9,1970.0,246.4
2018-11-14T08:39:23,36.5,178.3,237.2,5.1,1990.0,248.3
2018-11-14T08:39:54,36.7,186.0,220.0,5.1,2010.0,248.3
2018-11-14T08:40:25,36.7,184.3,226.5,5.0,2020.0,247.3
2018-11-14T08:40:56,36.7,186.0,221.8,4.9,2040.0,246.4
2018-11-14T08:41:28,36.7,163.6,209.4,5.4,2050.0,247.3
2018-11-14T08:41:59,36.8,158.9,204.6,4.9,2070.0,247.3
2018-11-14T08:42:30,36.8,180.7,221.2,5.0,2090.0,248.3
2018-11-14T08:43:01,36.9,184.8,218.3,4.9,2100.0,248.3
2018-11-14T08:43:32,37.0,183.1,217.1,5.0,2120.0,249.3
2018-11-14T08:44:03,37.0,182.5,217.1,4.8,2140.0,249.3
2018-11-14T08:44:34,37.1,176.6,223.0,1.1,2140.0,244.4
2018-11-14T08:45:05,37.1,177.2,218.3,0.9,2140.0,246.4
2018-11-14T08:45:36,37.1,190.8,221.8,0.8,2150.0,244.4
2018-11-14T08:46:08,37.1,195.5,212.3,0.7,2150.0,243.5
2018-11-14T08:46:39,37.1,168.3,186.9,1.4,2150.0,245.4
2018-11-14T08:47:10,37.1,167.7,211.2,5.0,2160.0,248.3
2018-11-14T08:47:41,37.1,200.2,225.4,4.5,2180.0,248.3
2018-11-14T08:48:12,37.1,195.5,219.4,4.7,2200.0,249.3
2018-11-14T08:48:43,37.2,191.9,224.8,4.6,2210.0,243.5
2018-11-14T08:49:14,37.2,206.7,234.8,1.0,2220.0,243.5
2018-11-14T08:49:45,37.4,236.2,253.7,1.8,2220.0,249.3
2018-11-14T08:50:16,37.4,229.7,223.6,1.8,2240.0,249.3
2018-11-14T08:50:47,37.4,213.2,231.9,2.7,2250.0,246.4
2018-11-14T08:51:19,37.4,208.5,218.8,1.0,2250.0,245.4
2018-11-14T08:51:50,37.4,189.6,210.0,1.0,2250.0,244.4
2018-11-14T08:52:21,37.4,189.6,223.0,1.1,2260.0,245.4
2018-11-14T08:52:52,37.4,155.3,254.3,5.0,2270.0,250.2
2018-11-14T08:53:23,37.4,162.4,228.3,3.7,2280.0,248.3
2018-11-14T08:53:54,37.4,161.8,207.0,6.0,2290.0,251.2
2018-11-14T08:54:25,37.4,169.5,197.0,3.4,2310.0,248.3
2018-11-14T08:54:56,37.5,180.1,224.2,5.0,2320.0,251.2
2018-11-14T08:55:27,37.5,174.2,218.3,3.5,2340.0,248.3
2018-11-14T08:55:58,37.5,182.5,227.7,2.5,2350.0,247.3
2018-11-14T08:56:30,37.5,186.6,225.4,1.2,2350.0,245.4
2018-11-14T08:57:01,37.5,198.4,228.9,1.0,2360.0,246.4
2018-11-14T08:57:32,37.4,202.6,220.6,1.1,2360.0,245.4
2018-11-14T08:58:03,37.4,180.1,218.3,1.2,2370.0,245.4
2018-11-14T08:58:34,37.4,168.3,211.7,1.3,2370.0,245.4
2018-11-14T08:59:05,37.4,192.5,236.0,1.2,2380.0,245.4
2018-11-14T08:59:36,37.2,220.9,217.1,1.5,2380.0,244.4
2018-11-14T09:00:07,37.2,210.8,225.4,3.2,2390.0,246.4
2018-11-14T09:00:38,37.1,193.7,228.3,1.6,2400.0,247.3
2018-11-14T09:01:10,37.0,175.4,211.7,1.6,2410.0,246.4
2018-11-14T09:01:41,37.0,174.2,223.0,1.4,2410.0,245.4
2018-11-14T09:02:12,37.0,173.0,224.2,1.2,2420.0,246.4
2018-11-14T09:02:43,37.0,187.2,225.4,1.1,2420.0,245.4
2018-11-14T09:03:14,37.0,180.7,221.8,1.0,2420.0,245.4
2018-11-14T09:03:45,37.0,187.8,218.3,1.1,2430.0,245.4
2018-11-14T09:04:16,37.0,209.1,234.2,1.0,2430.0,245.4
2018-11-14T09:04:47,37.0,199.6,228.3,1.0,2440.0,246.4
2018-11-14T09:05:18,37.0,178.3,225.9,1.2,2440.0,245.4
2018-11-14T09:05:49,37.0,157.7,232.4,1.3,2450.0,246.4
2018-11-14T09:06:21,37.1,180.1,221.2,1.2,2450.0,245.4
2018-11-14T09:06:52,37.1,192.5,230.7,1.5,2460.0,246.4
2018-11-14T09:07:23,37.1,167.7,256.7,3.9,2460.0,249.3
2018-11-14T09:07:54,37.1,158.9,238.4,6.4,2480.0,252.2
2018-11-14T09:08:25,37.1,192.5,234.8,6.0,2500.0,252.2
2018-11-14T09:08:56,37.2,188.4,225.9,6.1,2520.0,253.1
2018-11-14T09:09:27,37.2,188.4,224.2,6.0,2540.0,252.2
2018-11-14T09:09:58,37.4,189.0,221.2,6.0,2560.0,252.2
2018-11-14T09:10:29,37.5,186.6,224.8,6.1,2580.0,252.2
2018-11-14T09:11:00,37.6,183.7,223.0,6.2,2610.0,251.2
2018-11-14T09:11:31,37.6,186.0,227.7,6.2,2630.0,252.2
2018-11-14T09:12:02,37.7,185.4,227.7,6.2,2650.0,252.2
2018-11-14T09:12:33,37.8,183.7,214.1,6.2,2670.0,251.2
2018-11-14T09:13:04,37.9,182.5,221.8,6.3,2690.0,251.2
2018-11-14T09:13:35,37.9,180.7,222.4,6.2,2710.0,252.2
2018-11-14T09:14:06,38.0,177.8,223.6,6.3,2730.0,252.2
2018-11-14T09:14:37,38.2,183.1,218.3,6.0,2750.0,252.2
2018-11-14T09:15:08,38.2,180.1,217.7,6.1,2770.0,251.2
2018-11-14T09:15:40,38.3,178.3,218.3,6.3,2790.0,252.2
2018-11-14T09:16:11,38.4,177.8,222.4,6.3,2810.0,252.2
2018-11-14T09:16:42,38.4,179.5,222.4,6.3,2830.0,253.1
2018-11-14T09:17:13,38.5,179.5,215.3,6.3,2850.0,252.2
2018-11-14T09:17:44,38.5,178.3,212.3,6.6,2870.0,251.2
2018-11-14T09:18:15,38.6,187.8,218.8,4.3,2890.0,252.2
2018-11-14T09:18:46,38.7,183.7,228.3,5.1,2900.0,250.2
2018-11-14T09:19:17,38.7,177.2,210.6,6.3,2920.0,252.2
2018-11-14T09:19:49,38.7,176.6,205.2,6.5,2940.0,252.2
2018-11-14T09:20:20,38.9,181.9,221.2,4.9,2960.0,250.2
2018-11-14T09:20:51,39.0,158.9,221.8,5.8,2980.0,252.2
2018-11-14T09:21:23,39.0,177.2,215.9,6.5,3000.0,251.2
2018-11-14T09:21:54,39.1,175.4,217.1,6.4,3020.0,252.2
2018-11-14T09:22:25,39.1,176.6,211.2,6.2,3040.0,252.2
2018-11-14T09:22:56,39.1,171.9,218.3,6.3,3060.0,252.2
2018-11-14T09:23:27,39.2,173.6,218.3,6.3,3080.0,252.2
2018-11-14T09:23:58,39.2,176.6,218.3,6.0,3100.0,251.2
2018-11-14T09:24:29,39.2,175.4,220.6,6.2,3120.0,251.2
2018-11-14T09:25:00,39.3,173.0,217.7,6.1,3140.0,250.2
2018-11-14T09:25:31,39.3,171.3,218.3,6.2,3160.0,251.2
2018-11-14T09:26:03,39.4,172.4,217.1,6.0,3180.0,251.2
2018-11-14T09:26:34,39.4,177.8,212.9,5.9,3200.0,251.2
2018-11-14T09:27:05,39.4,173.6,212.9,6.1,3210.0,250.2
2018-11-14T09:27:36,39.5,173.6,216.5,6.1,3230.0,252.2
2018-11-14T09:28:07,39.5,173.0,218.8,6.1,3250.0,251.2
2018-11-14T09:28:38,39.5,175.4,218.8,6.1,3270.0,251.2
2018-11-14T09:29:09,39.5,172.4,213.5,6.2,3290.0,250.2
2018-11-14T09:29:40,39.7,176.6,211.2,6.0,3310.0,252.2
2018-11-14T09:30:11,39.7,171.3,210.0,6.3,3330.0,252.2
2018-11-14T09:30:42,39.8,170.7,212.3,6.3,3350.0,252.2
2018-11-14T09:31:14,39.8,171.9,211.2,6.2,3370.0,252.2
2018-11-14T09:31:45,39.8,172.4,210.0,6.3,3380.0,251.2
2018-11-14T09:32:16,39.9,174.8,212.3,6.2,3400.0,252.2
2018-11-14T09:32:47,39.9,170.7,212.9,6.4,3420.0,254.1
2018-11-14T09:33:18,39.9,171.9,213.5,6.4,3440.0,252.2
2018-11-14T09:33:49,40.0,175.4,209.4,6.3,3460.0,253.1
2018-11-14T09:34:20,40.0,169.5,208.2,6.4,3480.0,252.2
2018-11-14T09:34:51,40.0,172.4,215.3,6.4,3500.0,252.2
2018-11-14T09:35:22,40.1,175.4,216.5,6.2,3520.0,252.2
2018-11-14T09:35:54,40.1,176.0,203.5,4.9,3540.0,251.2
2018-11-14T09:36:26,40.2,167.1,218.8,1.7,3550.0,248.3
2018-11-14T09:36:57,40.2,156.5,225.4,6.8,3560.0,251.2
2018-11-14T09:37:28,40.2,173.0,213.5,6.5,3580.0,252.2
2018-11-14T09:37:59,40.2,168.3,214.1,6.7,3600.0,252.2
2018-11-14T09:38:30,40.2,173.6,205.2,2.3,3620.0,246.4
2018-11-14T09:39:01,40.4,178.9,183.3,5.6,3620.0,252.2
2018-11-14T09:39:32,40.4,170.7,182.2,6.8,3640.0,253.1
2018-11-14T09:40:03,40.4,174.8,215.3,6.8,3660.0,252.2
2018-11-14T09:40:36,40.4,171.9,220.0,1.4,3680.0,245.4
2018-11-14T09:41:07,40.4,170.7,195.2,1.6,3680.0,246.4
2018-11-14T09:41:38,40.4,182.5,198.1,2.4,3690.0,247.3
2018-11-14T09:42:09,40.4,166.5,194.6,2.3,3690.0,246.4
2018-11-14T09:42:40,40.4,194.3,220.6,2.3,3700.0,250.2
2018-11-14T09:43:11,40.4,173.6,205.8,6.9,3720.0,252.2
2018-11-14T09:43:42,40.4,172.4,218.3,6.8,3740.0,253.1
2018-11-14T09:44:13,40.4,178.3,222.4,6.3,3760.0,253.1
2018-11-14T09:44:44,40.4,173.6,215.3,6.6,3780.0,253.1
2018-11-14T09:45:15,40.5,176.0,214.7,6.7,3800.0,253.1
2018-11-14T09:45:47,40.5,170.7,221.8,6.8,3820.0,252.2
2018-11-14T09:46:19,40.5,171.3,214.7,6.9,3850.0,251.2
2018-11-14T09:46:50,40.6,172.4,208.2,7.0,3870.0,253.1
2018-11-14T09:47:21,40.6,170.7,210.0,7.0,3890.0,252.2
2018-11-14T09:47:52,40.7,170.1,210.6,7.0,3910.0,250.2
2018-11-14T09:48:23,40.7,177.8,201.1,1.3,3920.0,245.4
2018-11-14T09:48:54,40.7,177.2,211.2,1.2,3920.0,246.4
2018-11-14T09:49:25,40.7,179.5,215.3,1.3,3930.0,245.4
2018-11-14T09:49:56,40.6,155.3,211.7,1.5,3930.0,245.4
2018-11-14T09:50:27,40.6,154.1,206.4,1.7,3940.0,249.3
2018-11-14T09:50:58,40.6,141.7,225.9,6.6,3950.0,252.2
2018-11-14T09:51:30,40.6,157.1,214.7,7.4,3970.0,253.1
2018-11-14T09:52:01,40.6,180.1,220.6,7.0,3990.0,252.2
2018-11-14T09:52:32,40.6,175.4,221.2,7.1,4010.0,254.1
2018-11-14T09:53:03,40.6,172.4,218.3,7.3,4040.0,252.2
2018-11-14T09:53:34,40.7,177.2,211.7,5.2,4060.0,248.3
2018-11-14T09:54:05,40.7,160.6,190.4,2.3,4060.0,249.3
2018-11-14T09:54:36,40.7,129.9,203.5,7.9,4080.0,253.1
2018-11-14T09:55:07,40.7,165.9,215.9,7.4,4100.0,253.1
2018-11-14T09:55:38,40.7,175.4,214.1,2.1,4120.0,246.4
2018-11-14T09:56:11,40.8,176.6,207.0,1.3,4130.0,245.4
2018-11-14T09:56:42,40.7,169.5,212.3,1.4,4130.0,245.4
2018-11-14T09:57:13,40.7,149.4,211.7,1.5,4140.0,245.4
2018-11-14T09:57:44,40.7,167.1,215.3,1.5,4140.0,245.4
2018-11-14T09:58:15,40.6,186.6,211.2,1.4,4150.0,245.4
2018-11-14T09:58:46,40.6,180.1,227.7,1.3,4150.0,244.4
2018-11-14T09:59:17,40.6,183.7,211.7,1.4,4160.0,246.4
2018-11-14T09:59:48,40.5,181.3,232.4,1.5,4160.0,245.4
2018-11-14T10:00:19,40.5,172.4,205.2,1.7,4170.0,246.4
2018-11-14T10:00:50,40.5,189.6,229.5,1.8,4180.0,246.4
2018-11-14T10:01:25,40.4,187.2,220.6,1.9,4180.0,246.4
2018-11-14T10:01:56,40.4,183.7,222.4,1.9,4190.0,246.4
2018-11-14T10:02:27,40.4,157.7,195.8,2.9,4200.0,250.2
2018-11-14T10:02:58,40.4,152.9,194.6,2.0,4210.0,246.4
2018-11-14T10:03:29,40.2,177.2,224.2,1.9,4210.0,247.3
2018-11-14T10:04:00,40.2,200.8,247.2,6.0,4230.0,252.2
2018-11-14T10:04:31,40.2,181.3,221.8,7.9,4250.0,253.1
2018-11-14T10:05:02,40.4,183.7,224.8,4.1,4280.0,249.3
2018-11-14T10:05:34,40.4,184.3,224.8,1.7,4280.0,248.3
2018-11-14T10:06:06,40.4,193.1,224.8,1.5,4290.0,246.4
2018-11-14T10:06:37,40.4,184.8,223.0,1.5,4300.0,245.4
2018-11-14T10:07:08,40.4,187.8,222.4,1.3,4300.0,245.4
2018-11-14T10:07:39,40.4,182.5,219.4,1.4,4310.0,245.4
2018-11-14T10:08:10,40.4,182.5,217.7,1.4,4310.0,244.4
2018-11-14T10:08:41,40.4,187.8,219.4,1.3,4320.0,244.4
2018-11-14T10:09:12,40.2,185.4,230.1,1.3,4320.0,243.5
2018-11-14T10:09:43,40.2,173.0,218.8,1.4,4330.0,243.5
2018-11-14T10:10:14,40.2,183.7,219.4,1.5,4330.0,246.4
2018-11-14T10:10:47,40.2,208.5,230.1,1.3,4340.0,244.4
2018-11-14T10:11:18,40.1,207.3,217.1,1.4,4340.0,243.5
2018-11-14T10:11:49,40.1,206.7,218.8,1.3,4350.0,245.4
2018-11-14T10:12:20,40.1,210.2,221.2,1.3,4360.0,245.4
2018-11-14T10:12:51,40.1,212.0,227.7,1.1,4360.0,246.4
2018-11-14T10:13:22,40.1,213.2,229.5,1.1,4370.0,246.4
2018-11-14T10:13:53,40.1,214.4,217.1,1.1,4370.0,245.4
2018-11-14T10:14:24,40.1,203.7,228.3,1.2,4380.0,244.4
2018-11-14T10:14:55,40.0,204.3,230.1,1.2,4380.0,245.4
2018-11-14T10:15:26,40.0,207.3,221.2,1.2,4390.0,244.4
2018-11-14T10:15:58,40.0,212.0,227.7,1.3,4390.0,244.4
2018-11-14T10:16:29,40.0,206.7,225.4,1.2,4400.0,243.5
2018-11-14T10:17:00,40.0,207.9,220.0,1.1,4400.0,245.4
2018-11-14T10:17:31,39.9,200.8,230.7,1.2,4410.0,244.4
2018-11-14T10:18:02,39.9,213.8,218.3,1.2,4410.0,243.5
2018-11-14T10:18:33,39.9,196.1,234.2,1.2,4420.0,243.5
2018-11-14T10:19:04,39.9,175.4,213.5,1.4,4420.0,242.5
2018-11-14T10:19:35,39.9,158.3,237.8,1.6,4430.0,241.5
2018-11-14T10:20:06,39.8,167.1,230.7,1.6,4430.0,242.5
2018-11-14T10:20:38,39.5,168.3,231.3,1.5,4440.0,243.5
2018-11-14T10:21:09,39.4,167.7,217.7,1.6,4440.0,246.4
2018-11-14T10:21:40,39.4,154.1,217.7,1.7,4450.0,245.4
2018-11-14T10:22:11,39.5,163.6,225.4,1.7,4450.0,245.4
2018-11-14T10:22:42,39.5,193.7,222.4,1.9,4460.0,246.4
2018-11-14T10:23:13,39.5,173.6,241.3,3.8,4470.0,249.3
2018-11-14T10:23:44,39.5,186.0,220.6,6.2,4490.0,250.2
2018-11-14T10:24:15,39.7,188.4,231.9,6.2,4510.0,252.2
2018-11-14T10:24:46,39.7,184.8,223.6,2.3,4520.0,249.3
2018-11-14T10:25:17,39.8,196.7,236.0,2.1,4530.0,250.2
2018-11-14T10:25:49,39.8,165.9,253.7,5.9,4540.0,252.2
2018-11-14T10:26:21,39.8,157.1,219.4,8.6,4570.0,254.1
2018-11-14T10:26:52,39.9,157.7,220.0,7.4,4590.0,254.1
2018-11-14T10:27:23,39.9,174.2,210.6,7.9,4620.0,254.1
2018-11-14T10:27:54,40.0,169.5,217.1,8.1,4640.0,253.1
2018-11-14T10:28:25,40.1,157.1,214.7,8.5,4670.0,253.1
2018-11-14T10:28:56,40.2,157.1,218.3,8.5,4690.0,254.1
2018-11-14T10:29:27,40.4,152.9,218.3,8.7,4720.0,252.2
2018-11-14T10:29:58,40.5,152.9,212.3,8.5,4750.0,253.1
2018-11-14T10:30:29,40.5,152.4,210.0,8.6,4770.0,253.1
2018-11-14T10:31:00,40.7,148.2,207.6,8.6,4800.0,253.1
2018-11-14T10:31:31,40.7,154.1,206.4,8.2,4820.0,252.2
2018-11-14T10:32:02,40.8,151.2,204.6,8.3,4840.0,254.1
2018-11-14T10:32:33,40.8,154.7,206.4,8.2,4870.0,253.1
2018-11-14T10:33:04,40.9,147.6,204.1,8.5,4890.0,250.2
2018-11-14T10:33:35,41.0,157.7,207.0,8.3,4920.0,251.2
2018-11-14T10:34:06,41.2,163.6,210.0,7.9,4940.0,252.2
2018-11-14T10:34:37,41.3,161.8,207.6,7.8,4970.0,251.2
2018-11-14T10:35:08,41.3,157.7,202.3,7.7,4990.0,252.2
2018-11-14T10:35:40,41.4,148.8,201.7,8.3,5020.0,251.2
2018-11-14T10:36:11,41.5,158.3,206.4,7.9,5040.0,251.2
2018-11-14T10:36:42,41.5,150.0,202.3,8.3,5060.0,251.2
2018-11-14T10:37:13,41.6,145.9,208.8,7.1,5090.0,250.2
2018-11-14T10:37:44,41.7,154.7,198.7,7.9,5110.0,250.2
2018-11-14T10:38:15,41.7,151.8,204.6,8.8,5130.0,251.2
2018-11-14T10:38:46,41.9,140.5,212.9,8.7,5160.0,251.2
2018-11-14T10:39:17,41.9,147.6,209.4,8.3,5180.0,253.1
2018-11-14T10:39:48,42.0,148.2,208.2,8.3,5200.0,251.2
2018-11-14T10:40:19,42.0,144.1,202.9,8.4,5230.0,252.2
2018-11-14T10:40:51,42.1,150.6,207.6,8.5,5250.0,252.2
2018-11-14T10:41:22,42.1,144.7,207.0,8.1,5270.0,253.1
2018-11-14T10:41:53,42.2,146.4,206.4,7.4,5300.0,252.2
2018-11-14T10:42:24,42.2,145.3,201.1,8.3,5320.0,252.2
2018-11-14T10:42:55,42.3,147.6,198.1,8.2,5340.0,252.2
2018-11-14T10:43:26,42.3,141.7,204.1,8.6,5370.0,252.2
2018-11-14T10:43:57,42.3,151.8,198.1,7.9,5390.0,252.2
2018-11-14T10:44:28,42.4,146.4,198.1,8.2,5410.0,252.2
2018-11-14T10:44:59,42.5,147.0,208.8,8.5,5440.0,252.2
2018-11-14T10:45:30,42.5,148.2,208.8,8.3,5460.0,253.1
2018-11-14T10:46:02,42.7,147.0,207.0,7.1,5480.0,252.2
2018-11-14T10:46:33,42.7,145.3,197.5,8.2,5510.0,253.1
2018-11-14T10:47:04,42.7,138.8,204.6,8.7,5530.0,253.1
2018-11-14T10:47:35,42.7,146.4,204.6,7.4,5550.0,252.2
2018-11-14T10:48:06,42.7,138.2,205.2,8.7,5580.0,253.1
2018-11-14T10:48:37,42.7,133.5,203.5,8.7,5600.0,251.2
2018-11-14T10:49:08,42.7,135.8,202.3,8.4,5620.0,252.2
2018-11-14T10:49:39,42.5,137.6,205.2,8.3,5640.0,252.2
2018-11-14T10:50:10,42.7,130.5,209.4,8.9,5670.0,251.2
2018-11-14T10:50:41,42.8,136.4,189.3,7.6,5690.0,247.3
2018-11-14T10:51:13,42.8,150.0,178.6,2.6,5700.0,244.4
2018-11-14T10:51:44,42.8,145.9,190.4,2.0,5700.0,244.4
2018-11-14T10:52:15,42.8,140.5,214.7,2.1,5710.0,244.4
2018-11-14T10:52:46,42.8,154.7,188.1,2.1,5720.0,244.4
2018-11-14T10:53:17,42.7,161.8,149.0,7.1,5730.0,247.3
2018-11-14T10:53:48,42.7,158.3,143.1,5.6,5740.0,249.3
2018-11-14T10:54:19,42.7,141.7,145.5,8.4,5760.0,249.3
2018-11-14T10:54:50,42.7,140.5,185.7,8.1,5780.0,249.3
2018-11-14T10:55:21,42.8,148.8,200.5,8.1,5810.0,251.2
2018-11-14T10:55:52,42.8,158.9,207.6,6.8,5830.0,252.2
2018-11-14T10:56:24,42.9,154.7,204.6,6.6,5850.0,250.2
2018-11-14T10:56:55,42.9,157.1,210.0,7.5,5870.0,253.1
2018-11-14T10:57:26,42.9,140.5,207.0,7.3,5890.0,252.2
2018-11-14T10:57:57,43.0,144.7,202.9,7.1,5910.0,252.2
2018-11-14T10:58:28,43.0,137.6,196.4,7.3,5930.0,252.2
2018-11-14T10:58:59,43.1,133.5,206.4,7.7,5950.0,251.2
2018-11-14T10:59:30,43.1,142.9,211.7,7.2,5970.0,251.2
2018-11-14T11:00:01,43.1,140.5,205.2,7.8,6000.0,250.2
2018-11-14T11:00:32,43.2,142.3,199.9,7.7,6020.0,249.3
2018-11-14T11:01:04,43.2,130.5,199.9,8.4,6040.0,250.2
2018-11-14T11:01:35,43.4,134.0,201.7,3.9,6060.0,247.3
2018-11-14T11:02:06,43.5,149.4,201.1,1.8,6070.0,245.4
2018-11-14T11:02:37,43.4,158.9,201.1,1.6,6070.0,244.4
2018-11-14T11:03:08,43.4,167.1,205.2,1.6,6080.0,245.4
2018-11-14T11:03:39,43.2,137.6,235.4,3.2,6080.0,249.3
2018-11-14T11:04:10,43.2,135.8,212.9,8.8,6100.0,250.2
2018-11-14T11:04:41,43.2,163.6,215.9,8.5,6130.0,250.2
2018-11-14T11:05:12,43.2,158.3,205.8,8.8,6150.0,251.2
2018-11-14T11:05:44,43.2,158.3,208.2,8.8,6180.0,252.2
2018-11-14T11:06:15,43.2,157.7,206.4,8.7,6200.0,251.2
2018-11-14T11:06:46,43.2,154.1,205.8,7.2,6230.0,250.2
2018-11-14T11:07:17,43.4,157.7,195.2,7.0,6250.0,250.2
2018-11-14T11:07:48,43.4,140.5,205.8,8.5,6280.0,251.2
2018-11-14T11:08:19,43.4,134.6,205.8,8.5,6300.0,251.2
2018-11-14T11:08:50,43.5,130.5,189.3,8.8,6320.0,250.2
2018-11-14T11:09:21,43.5,138.8,199.3,8.3,6350.0,250.2
2018-11-14T11:09:52,43.6,138.2,205.8,8.9,6370.0,251.2
2018-11-14T11:10:23,43.6,139.4,207.0,8.8,6400.0,251.2
2018-11-14T11:10:55,43.7,131.1,194.0,9.3,6420.0,252.2
2018-11-14T11:11:26,43.7,136.4,198.1,8.0,6440.0,250.2
2018-11-14T11:11:57,43.8,135.2,204.6,7.3,6460.0,248.3
2018-11-14T11:12:28,43.8,135.8,209.4,2.7,6480.0,244.4
2018-11-14T11:12:59,43.7,141.7,205.2,2.5,6480.0,244.4
2018-11-14T11:13:30,43.7,162.4,195.8,2.2,6490.0,245.4
2018-11-14T11:14:01,43.7,184.3,218.3,2.0,6500.0,245.4
2018-11-14T11:14:32,43.6,157.1,194.0,2.7,6510.0,246.4
2018-11-14T11:15:03,43.6,142.3,183.3,4.7,6520.0,247.3
2018-11-14T11:15:35,43.6,146.4,208.8,5.0,6530.0,246.4
2018-11-14T11:16:06,43.6,114.6,227.1,7.3,6550.0,249.3
2018-11-14T11:16:37,43.6,140.0,207.0,8.0,6570.0,250.2
2018-11-14T11:17:08,43.6,142.3,213.5,7.6,6590.0,252.2
2018-11-14T11:17:39,43.6,145.3,214.7,7.5,6620.0,250.2
2018-11-14T11:18:10,43.7,137.6,203.5,7.6,6640.0,249.3
2018-11-14T11:18:41,43.7,138.2,201.7,6.9,6660.0,248.3
2018-11-14T11:19:12,43.7,140.0,205.8,6.9,6680.0,247.3
2018-11-14T11:19:43,43.7,154.7,202.9,6.8,6700.0,246.4
2018-11-14T11:20:14,43.7,159.4,210.0,5.8,6720.0,248.3
2018-11-14T11:20:46,43.7,158.9,206.4,6.0,6740.0,249.3
2018-11-14T11:21:17,43.8,148.8,205.8,6.1,6750.0,248.3
2018-11-14T11:21:48,43.7,144.7,211.2,5.5,6770.0,248.3
2018-11-14T11:22:19,43.7,144.7,215.3,5.4,6790.0,247.3
2018-11-14T11:22:50,43.7,147.0,201.1,5.4,6800.0,249.3
2018-11-14T11:23:21,43.7,141.1,215.3,5.4,6820.0,248.3
2018-11-14T11:23:52,43.6,147.6,208.8,5.1,6840.0,247.3
2018-11-14T11:24:23,43.6,145.3,215.9,5.3,6850.0,247.3
2018-11-14T11:24:54,43.6,148.2,198.1,5.2,6870.0,249.3
2018-11-14T11:25:25,43.7,144.7,211.7,5.5,6880.0,247.3
2018-11-14T11:25:57,43.7,145.3,210.0,5.4,6900.0,249.3
2018-11-14T11:26:28,43.7,143.5,211.2,5.5,6920.0,247.3
2018-11-14T11:26:59,43.7,144.1,210.6,5.6,6930.0,248.3
2018-11-14T11:27:30,43.6,143.5,211.2,5.5,6950.0,247.3
2018-11-14T11:28:01,43.6,143.5,215.9,5.2,6970.0,248.3
2018-11-14T11:28:32,43.7,142.9,211.2,5.1,6980.0,248.3
2018-11-14T11:29:03,43.7,147.0,218.3,4.7,7000.0,247.3
2018-11-14T11:29:34,43.7,147.0,211.2,4.7,7010.0,247.3
2018-11-14T11:30:05,43.7,141.1,201.7,4.5,7030.0,247.3
2018-11-14T11:30:37,43.7,149.4,221.2,4.7,7040.0,247.3
2018-11-14T11:31:08,43.7,152.9,210.0,4.4,7060.0,248.3
2018-11-14T11:31:39,43.7,148.2,211.2,4.7,7070.0,248.3
2018-11-14T11:32:10,43.5,148.2,208.2,5.0,7090.0,248.3
2018-11-14T11:32:41,43.2,146.4,214.1,5.0,7100.0,247.3
2018-11-14T11:33:12,43.2,154.7,202.9,4.9,7120.0,248.3
2018-11-14T11:33:43,43.2,145.3,213.5,5.4,7130.0,248.3
2018-11-14T11:34:14,43.2,148.8,212.3,5.3,7150.0,248.3
2018-11-14T11:34:45,43.4,141.1,215.3,5.6,7170.0,248.3
2018-11-14T11:35:16,43.5,142.3,207.6,5.5,7180.0,249.3
2018-11-14T11:35:48,43.5,148.8,211.7,5.4,7200.0,250.2
2018-11-14T11:36:19,43.5,159.4,210.0,5.1,7220.0,250.2
2018-11-14T11:36:50,43.6,160.6,212.9,5.0,7230.0,248.3
2018-11-14T11:37:21,43.6,158.3,217.1,4.4,7250.0,248.3
2018-11-14T11:37:52,43.6,160.6,210.0,4.9,7270.0,247.3
2018-11-14T11:38:23,43.6,162.4,211.7,4.7,7280.0,248.3
2018-11-14T11:38:54,43.6,163.6,211.7,4.6,7300.0,247.3
2018-11-14T11:39:25,43.7,161.8,208.8,5.0,7310.0,246.4
2018-11-14T11:39:56,43.7,159.4,211.2,4.8,7330.0,247.3
2018-11-14T11:40:27,43.7,164.2,205.8,4.2,7350.0,246.4
2018-11-14T11:40:59,43.8,151.2,214.7,4.9,7360.0,246.4
2018-11-14T11:41:30,43.8,142.3,217.1,3.9,7380.0,247.3
2018-11-14T11:42:01,43.8,140.0,218.8,5.3,7390.0,246.4
2018-11-14T11:42:32,43.8,137.6,203.5,5.7,7410.0,246.4
2018-11-14T11:43:03,43.8,147.6,210.0,5.4,7430.0,247.3
2018-11-14T11:43:34,43.8,141.7,218.3,5.2,7440.0,246.4
2018-11-14T11:44:05,43.8,144.7,212.9,5.3,7460.0,246.4
2018-11-14T11:44:36,43.8,135.2,212.3,4.7,7470.0,246.4
2018-11-14T11:45:07,43.8,142.9,204.6,2.9,7480.0,246.4
2018-11-14T11:45:39,43.8,146.4,210.0,2.2,7490.0,245.4
2018-11-14T11:46:10,43.7,159.4,215.9,2.1,7500.0,244.4
2018-11-14T11:46:41,43.7,160.6,214.1,2.1,7510.0,244.4
2018-11-14T11:47:12,43.7,182.5,217.1,1.9,7520.0,246.4
2018-11-14T11:47:43,43.7,185.4,220.6,1.8,7520.0,244.4
2018-11-14T11:48:14,43.6,180.7,224.8,1.9,7530.0,245.4
2018-11-14T11:48:45,43.6,177.8,225.9,1.9,7540.0,238.6
2018-11-14T11:49:16,43.5,186.6,221.8,1.9,7550.0,238.6
2018-11-14T11:49:47,43.5,188.4,216.5,1.9,7550.0,238.6
2018-11-14T11:50:18,43.5,181.9,223.0,1.9,7560.0,246.4
2018-11-14T11:50:50,43.5,185.4,221.8,2.0,7570.0,245.4
2018-11-14T11:51:21,43.4,178.3,229.5,2.0,7580.0,246.4
2018-11-14T11:51:52,43.4,185.4,220.6,1.9,7580.0,245.4
2018-11-14T11:52:23,43.4,183.7,215.3,2.0,7590.0,246.4
2018-11-14T11:52:54,43.2,183.1,217.7,2.0,7600.0,246.4
2018-11-14T11:53:25,43.2,189.6,217.1,1.9,7610.0,245.4
2018-11-14T11:53:56,43.2,184.8,218.8,2.1,7610.0,244.4
2018-11-14T11:54:28,43.1,183.7,225.4,2.0,7620.0,244.4
2018-11-14T11:54:59,43.1,189.6,212.9,2.0,7630.0,245.4
2018-11-14T11:55:30,43.1,188.4,225.4,2.1,7640.0,246.4
2018-11-14T11:56:01,43.0,191.9,218.8,2.3,7650.0,245.4
2018-11-14T11:56:32,43.0,192.5,234.2,2.3,7660.0,245.4
2018-11-14T11:57:03,43.0,169.5,215.9,2.6,7670.0,246.4
2018-11-14T11:57:34,43.0,144.7,191.0,3.2,7680.0,248.3
2018-11-14T11:58:05,43.0,161.8,217.1,3.4,7690.0,248.3
2018-11-14T11:58:36,43.0,167.1,225.4,3.6,7700.0,248.3
2018-11-14T11:59:07,42.9,173.6,233.0,3.5,7710.0,250.2
2018-11-14T11:59:38,42.9,164.2,218.3,3.6,7730.0,249.3
2018-11-14T12:00:09,42.9,165.4,223.6,3.6,7740.0,251.2
2018-11-14T12:00:41,43.0,165.9,214.7,3.5,7760.0,250.2
2018-11-14T12:01:12,42.9,166.5,218.8,3.5,7770.0,251.2
2018-11-14T12:01:43,42.9,168.3,225.4,3.7,7790.0,252.2
2018-11-14T12:02:14,42.9,168.3,224.2,3.5,7800.0,251.2
2018-11-14T12:02:45,42.9,167.7,220.6,3.6,7820.0,251.2
2018-11-14T12:03:16,42.9,163.6,212.3,3.9,7830.0,252.2
2018-11-14T12:03:47,42.9,168.9,222.4,3.7,7850.0,251.2
2018-11-14T12:04:18,42.9,170.1,224.2,3.7,7870.0,253.1
2018-11-14T12:04:49,43.0,151.8,217.1,4.4,7880.0,252.2
2018-11-14T12:05:20,43.0,154.7,212.3,4.4,7900.0,252.2
2018-11-14T12:05:52,43.0,150.0,214.7,4.3,7920.0,251.2
2018-11-14T12:06:23,43.0,145.9,209.4,4.4,7930.0,252.2
2018-11-14T12:06:54,43.1,146.4,211.2,4.2,7950.0,252.2
2018-11-14T12:07:25,43.1,140.5,204.1,4.3,7970.0,252.2
2018-11-14T12:07:56,43.1,139.4,214.1,4.8,7990.0,253.1
2018-11-14T12:08:27,43.2,137.6,199.9,4.6,8000.0,251.2
2018-11-14T12:08:58,43.2,144.7,206.4,4.7,8020.0,253.1
2018-11-14T12:09:29,43.2,145.3,211.7,4.7,8040.0,250.2
2018-11-14T12:10:00,43.4,138.2,211.7,5.0,8060.0,251.2
2018-11-14T12:10:32,43.4,144.7,207.0,5.0,8080.0,250.2
2018-11-14T12:11:03,43.5,144.7,194.0,4.8,8100.0,250.2
2018-11-14T12:11:34,43.5,146.4,210.6,5.1,8120.0,251.2
2018-11-14T12:12:05,43.6,150.0,207.0,4.7,8140.0,250.2
2018-11-14T12:12:36,43.6,151.8,202.3,4.6,8160.0,251.2
2018-11-14T12:13:07,43.6,146.4,209.4,4.7,8180.0,252.2
2018-11-14T12:13:38,43.7,148.2,188.7,4.8,8200.0,251.2
2018-11-14T12:14:09,43.7,144.7,199.3,4.8,8220.0,251.2
2018-11-14T12:14:40,43.7,135.8,201.1,5.6,8240.0,250.2
2018-11-14T12:15:11,43.8,132.3,198.7,4.5,8250.0,251.2
2018-11-14T12:15:43,43.8,142.3,188.1,4.3,8270.0,251.2
2018-11-14T12:16:18,43.8,145.9,202.9,4.2,8290.0,253.1
2018-11-14T12:16:49,43.8,146.4,206.4,4.2,8310.0,251.2
2018-11-14T12:17:20,43.9,137.6,211.7,4.2,8320.0,252.2
2018-11-14T12:17:51,43.9,139.4,204.1,4.0,8340.0,251.2
2018-11-14T12:18:22,43.9,130.5,199.9,4.5,8350.0,252.2
2018-11-14T12:18:53,43.9,124.6,213.5,4.5,8370.0,252.2
2018-11-14T12:19:24,43.9,123.4,204.6,4.6,8390.0,252.2
2018-11-14T12:19:55,43.9,130.5,203.5,3.6,8400.0,251.2
2018-11-14T12:20:26,43.9,144.1,197.0,3.4,8420.0,252.2
2018-11-14T12:20:57,43.9,148.8,192.8,3.7,8430.0,252.2
2018-11-14T12:21:29,43.8,149.4,208.8,3.5,8450.0,251.2
2018-11-14T12:22:00,43.9,159.4,209.4,3.4,8470.0,252.2
2018-11-14T12:22:31,43.8,154.1,210.6,3.3,8480.0,251.2
2018-11-14T12:23:02,43.8,164.2,216.5,3.2,8500.0,251.2
2018-11-14T12:23:33,43.8,160.6,217.1,3.1,8510.0,251.2
2018-11-14T12:24:04,43.8,153.5,220.6,3.3,8520.0,253.1
2018-11-14T12:24:35,43.8,164.8,205.2,3.3,8540.0,252.2
2018-11-14T12:25:06,43.7,158.9,213.5,3.1,8550.0,251.2
2018-11-14T12:25:37,43.6,163.0,205.2,3.1,8570.0,250.2
2018-11-14T12:26:09,43.6,164.8,207.6,3.0,8580.0,250.2
2018-11-14T12:26:40,43.6,171.3,201.7,2.7,8600.0,251.2
2018-11-14T12:27:11,43.6,161.2,211.7,2.8,8610.0,250.2
2018-11-14T12:27:42,43.6,162.4,210.6,2.8,8620.0,249.3
2018-11-14T12:28:13,43.6,167.7,220.0,2.3,8630.0,248.3
2018-11-14T12:28:44,43.6,194.9,242.5,2.3,8640.0,250.2
2018-11-14T12:29:15,43.6,201.4,210.0,2.4,8660.0,251.2
2018-11-14T12:29:46,43.6,218.5,217.7,2.2,8670.0,251.2
2018-11-14T12:30:17,43.5,203.2,228.3,2.3,8690.0,248.3
2018-11-14T12:30:48,43.6,225.6,223.0,2.2,8700.0,250.2
2018-11-14T12:31:20,43.6,216.7,208.8,2.2,8710.0,248.3
2018-11-14T12:31:51,43.6,222.1,227.7,2.2,8730.0,248.3
2018-11-14T12:32:22,43.5,219.1,217.1,2.2,8740.0,250.2
2018-11-14T12:32:53,43.5,225.0,228.9,2.2,8760.0,251.2
2018-11-14T12:33:24,43.5,220.3,212.9,2.2,8780.0,250.2
2018-11-14T12:33:55,43.5,224.4,199.9,2.1,8790.0,251.2
2018-11-14T12:34:26,43.5,208.5,210.6,1.9,8800.0,249.3
2018-11-14T12:34:57,43.5,207.9,227.7,1.9,8810.0,249.3
2018-11-14T12:35:28,43.5,204.3,243.1,2.2,8820.0,251.2
2018-11-14T12:35:59,43.5,201.4,232.4,1.9,8830.0,251.2
2018-11-14T12:36:31,43.5,213.8,222.4,2.0,8840.0,250.2
2018-11-14T12:37:02,43.4,225.0,239.5,2.0,8850.0,251.2
2018-11-14T12:37:33,43.4,220.9,219.4,2.0,8870.0,252.2
2018-11-14T12:38:04,43.4,209.7,208.2,2.0,8880.0,251.2
2018-11-14T12:38:35,43.4,210.8,215.9,1.8,8890.0,248.3
2018-11-14T12:39:06,43.4,210.8,216.5,1.8,8900.0,248.3
2018-11-14T12:39:37,43.4,207.9,214.7,1.9,8910.0,248.3
2018-11-14T12:40:08,43.4,213.2,218.3,1.8,8920.0,247.3
2018-11-14T12:40:39,43.4,210.8,211.7,1.8,8920.0,247.3
2018-11-14T12:41:11,43.2,203.7,234.8,1.9,8930.0,249.3
2018-11-14T12:41:42,43.2,220.3,208.2,2.0,8940.0,248.3
2018-11-14T12:42:13,43.2,197.8,236.6,2.3,8950.0,249.3
2018-11-14T12:42:44,43.1,191.9,236.6,2.6,8970.0,251.2
2018-11-14T12:43:15,43.1,199.6,212.3,2.5,8990.0,252.2
2018-11-14T12:43:46,43.2,207.9,208.8,2.6,9010.0,252.2
2018-11-14T12:44:17,43.2,200.2,210.0,2.5,9040.0,253.1
2018-11-14T12:44:48,43.4,211.4,202.9,2.4,9060.0,253.1
2018-11-14T12:45:19,43.4,212.6,210.6,2.4,9080.0,252.2
2018-11-14T12:45:50,43.5,221.5,210.0,2.2,9100.0,253.1
2018-11-14T12:46:22,43.5,221.5,202.3,2.3,9120.0,253.1
2018-11-14T12:46:53,43.6,224.4,204.1,2.1,9140.0,252.2
2018-11-14T12:47:24,43.6,219.7,204.1,2.1,9160.0,253.1
2018-11-14T12:47:55,43.6,213.8,198.7,2.1,9170.0,251.2
2018-11-14T12:48:26,43.7,221.5,208.8,2.1,9190.0,252.2
2018-11-14T12:48:57,43.7,216.7,201.7,2.2,9210.0,254.1
2018-11-14T12:49:28,43.7,216.2,210.0,2.1,9230.0,252.2
2018-11-14T12:49:59,43.8,213.8,204.6,2.1,9240.0,253.1
2018-11-14T12:50:30,43.7,215.0,202.3,2.0,9260.0,253.1
2018-11-14T12:51:01,43.7,217.9,201.7,2.0,9280.0,249.3
2018-11-14T12:51:32,43.7,213.2,221.8,1.9,9290.0,249.3
2018-11-14T12:52:03,43.7,206.7,197.5,2.0,9300.0,249.3
2018-11-14T12:52:34,43.8,213.8,178.6,2.3,9320.0,250.2
2018-11-14T12:53:05,43.8,215.6,198.1,2.0,9340.0,250.2
2018-11-14T12:53:37,43.8,219.1,204.1,1.7,9360.0,248.3
2018-11-14T12:54:08,43.8,207.9,189.9,1.8,9370.0,247.3
2018-11-14T12:54:39,43.8,207.9,211.2,1.8,9380.0,247.3
2018-11-14T12:55:10,43.7,210.2,224.8,1.8,9380.0,247.3
2018-11-14T13:24:12,42.4,216.2,222.4,1.7,9870.0,247.3
2018-11-14T13:24:43,42.4,215.6,221.2,1.7,9880.0,246.4
2018-11-14T13:25:14,42.4,214.4,225.4,1.7,9880.0,247.3
2018-11-14T13:25:47,42.4,217.3,230.1,1.5,9890.0,246.4
2018-11-14T13:26:18,42.4,215.6,225.9,1.6,9900.0,245.4
2018-11-14T13:26:49,42.3,201.4,223.0,1.8,9910.0,244.4
2018-11-14T13:27:20,42.3,212.6,218.3,1.7,9920.0,244.4
2018-11-14T13:27:51,42.3,205.5,225.9,1.7,9920.0,245.4
2018-11-14T13:28:22,42.3,213.8,227.7,1.7,9930.0,245.4
2018-11-14T13:28:53,42.3,211.4,218.3,1.7,9940.0,244.4
2018-11-14T13:29:24,42.3,216.2,223.6,1.8,9950.0,245.4
2018-11-14T13:29:55,42.2,209.1,221.8,1.6,9960.0,245.4
2018-11-14T13:30:26,42.2,198.4,232.4,1.8,9970.0,246.4
2018-11-14T13:30:58,42.2,191.3,230.1,2.1,9980.0,245.4
2018-11-14T13:31:29,42.3,188.4,217.1,2.0,9990.0,246.4
2018-11-14T13:32:00,42.2,195.5,237.8,2.0,10000.0,248.3
2018-11-14T13:32:31,42.2,196.1,208.8,2.0,10010.0,248.3
2018-11-14T13:33:02,42.2,192.5,238.4,2.1,10020.0,248.3
2018-11-14T13:33:33,42.2,194.3,236.6,2.1,10030.0,246.4
2018-11-14T13:34:04,42.2,194.9,210.0,2.0,10040.0,246.4
2018-11-14T13:34:35,42.3,176.6,236.6,2.4,10050.0,249.3
2018-11-14T13:35:06,42.3,189.6,211.7,2.2,10070.0,249.3
2018-11-14T13:35:38,42.3,184.3,225.9,2.2,10080.0,248.3
2018-11-14T13:36:09,42.3,190.8,210.6,2.0,10090.0,246.4
2018-11-14T13:36:40,42.3,196.7,214.7,2.0,10100.0,247.3
2018-11-14T13:37:11,42.3,192.5,195.8,2.3,10120.0,249.3
2018-11-14T13:37:42,42.3,194.3,209.4,2.1,10130.0,247.3
2018-11-14T13:38:13,42.3,194.3,228.3,2.0,10140.0,246.4
2018-11-14T13:38:44,42.3,193.1,229.5,1.9,10150.0,247.3
2018-11-14T13:39:15,42.3,194.3,228.3,2.1,10160.0,245.4
2018-11-14T13:39:46,42.3,199.0,219.4,1.9,10170.0,245.4
2018-11-14T13:40:17,42.4,192.5,218.3,2.1,10190.0,247.3
2018-11-14T13:40:49,42.4,195.5,225.4,2.0,10200.0,246.4
2018-11-14T13:41:20,42.4,182.5,217.7,2.0,10210.0,245.4
2018-11-14T13:41:51,42.4,187.2,218.3,2.0,10220.0,246.4
2018-11-14T13:42:22,42.4,193.7,216.5,2.0,10230.0,245.4
2018-11-14T13:42:53,42.4,195.5,197.5,1.9,10240.0,248.3
2018-11-14T13:43:24,42.4,185.4,231.3,2.1,10250.0,247.3
2018-11-14T13:43:55,42.4,185.4,225.4,2.1,10260.0,249.3
2018-11-14T13:44:26,42.4,185.4,217.7,2.1,10270.0,249.3
2018-11-14T13:44:57,42.4,180.7,216.5,2.0,10280.0,247.3
2018-11-14T13:45:28,42.4,190.2,220.0,1.9,10290.0,246.4
2018-11-14T13:46:00,42.4,192.5,223.0,1.8,10300.0,245.4
2018-11-14T13:46:31,42.5,195.5,227.1,1.7,10310.0,246.4
2018-11-14T13:47:02,42.4,195.5,207.6,1.9,10320.0,247.3
2018-11-14T13:47:33,42.4,192.5,178.0,1.9,10330.0,249.3
2018-11-14T13:48:04,42.4,199.0,150.2,2.0,10340.0,250.2
2018-11-14T13:48:35,42.4,197.3,176.2,2.0,10360.0,251.2
2018-11-14T13:49:06,42.4,207.9,218.3,1.9,10370.0,250.2
2018-11-14T13:49:37,42.4,204.3,220.0,1.9,10390.0,252.2
2018-11-14T13:50:08,42.5,198.4,234.2,2.1,10400.0,253.1
2018-11-14T13:50:39,42.5,191.3,202.3,2.1,10420.0,251.2
2018-11-14T13:51:11,42.5,201.4,209.4,2.0,10440.0,253.1
2018-11-14T13:51:42,42.5,200.8,212.3,1.9,10460.0,251.2
2018-11-14T13:52:13,42.5,207.3,211.2,1.8,10470.0,252.2
2018-11-14T13:52:44,42.5,217.3,206.4,1.8,10490.0,251.2
2018-11-14T13:53:15,42.5,215.6,220.0,1.7,10500.0,249.3
2018-11-14T13:53:46,42.7,213.8,198.1,1.6,10520.0,250.2
2018-11-14T13:54:17,42.7,215.6,214.1,1.6,10530.0,250.2
2018-11-14T13:54:48,42.7,212.6,216.5,1.6,10550.0,251.2
2018-11-14T13:55:19,42.7,216.2,218.3,1.5,10560.0,251.2
2018-11-14T13:55:50,42.7,213.8,207.0,1.5,10570.0,250.2
2018-11-14T13:56:22,42.7,217.9,209.4,1.4,10590.0,250.2
2018-11-14T13:56:53,42.7,213.8,213.5,1.4,10600.0,250.2
2018-11-14T13:57:24,42.7,211.4,216.5,1.5,10610.0,249.3
2018-11-14T13:57:55,42.8,204.3,202.3,1.5,10620.0,251.2
2018-11-14T13:58:26,42.7,217.3,214.1,1.5,10640.0,252.2
2018-11-14T13:58:57,42.8,221.5,223.0,1.4,10650.0,252.2
2018-11-14T13:59:28,42.8,204.9,206.4,1.6,10660.0,251.2
2018-11-14T13:59:59,42.8,221.5,205.8,1.5,10680.0,249.3
2018-11-14T14:00:30,42.8,219.7,223.0,1.5,10690.0,250.2
2018-11-14T14:01:01,42.8,220.3,215.3,1.5,10710.0,250.2
2018-11-14T14:01:32,42.8,211.4,212.3,1.5,10720.0,248.3
2018-11-14T14:02:03,42.8,213.8,212.9,1.3,10730.0,247.3
2018-11-14T14:02:34,42.8,213.8,218.3,1.3,10740.0,247.3
2018-11-14T14:03:05,42.8,211.4,211.7,1.4,10750.0,246.4
2018-11-14T14:03:36,42.8,213.8,217.1,1.3,10750.0,245.4
2018-11-14T14:04:07,42.8,200.2,215.3,1.3,10760.0,245.4
2018-11-14T14:04:38,42.8,215.0,218.3,1.3,10770.0,245.4
2018-11-14T14:05:09,42.7,202.6,207.6,1.4,10780.0,246.4
2018-11-14T14:05:41,42.7,211.4,221.2,1.4,10780.0,247.3
2018-11-14T14:06:12,42.7,215.6,216.5,1.4,10790.0,246.4
2018-11-14T14:06:43,42.5,217.3,219.4,1.3,10800.0,245.4
2018-11-14T14:07:14,42.5,211.4,223.0,1.5,10800.0,245.4
2018-11-14T14:07:45,42.4,215.6,223.6,1.3,10810.0,246.4
2018-11-14T14:08:16,42.4,215.6,218.8,1.4,10820.0,247.3
2018-11-14T14:08:48,42.4,202.0,226.5,1.5,10830.0,247.3
2018-11-14T14:09:19,42.3,220.3,202.9,1.4,10830.0,247.3
2018-11-14T14:09:50,42.3,218.5,199.9,1.5,10840.0,247.3
2018-11-14T14:10:21,42.3,203.2,211.2,1.6,10850.0,247.3
2018-11-14T14:10:52,42.3,217.9,228.3,1.5,10860.0,247.3
2018-11-14T14:11:24,42.3,213.2,224.2,1.6,10870.0,246.4
2018-11-14T14:11:55,42.3,217.3,225.4,1.4,10880.0,245.4
2018-11-14T14:12:26,42.3,219.1,228.9,1.4,10890.0,246.4
2018-11-14T14:12:57,42.3,217.9,227.1,1.4,10890.0,246.4
2018-11-14T14:13:28,42.3,212.0,223.6,1.5,10900.0,246.4
2018-11-14T14:13:59,42.3,216.2,223.0,1.4,10910.0,247.3
2018-11-14T14:14:30,42.3,210.2,228.3,1.6,10920.0,246.4
2018-11-14T14:15:01,42.3,208.5,217.7,1.6,10920.0,248.3
2018-11-14T14:15:33,42.3,212.0,191.6,1.5,10930.0,247.3
2018-11-14T14:16:04,42.3,205.5,215.9,1.6,10940.0,246.4
2018-11-14T14:16:35,42.2,207.3,213.5,1.7,10950.0,247.3
2018-11-14T14:17:06,42.2,220.9,227.1,1.6,10960.0,246.4
2018-11-14T14:17:37,42.2,213.2,216.5,1.7,10970.0,247.3
2018-11-14T14:18:08,42.2,217.3,225.4,1.6,10980.0,247.3
2018-11-14T14:18:39,42.2,215.6,217.7,1.8,11000.0,248.3
2018-11-14T14:19:10,42.2,215.6,230.1,1.7,11010.0,248.3
2018-11-14T14:19:41,42.2,219.1,224.8,1.6,11020.0,248.3
2018-11-14T14:20:12,42.2,210.8,244.3,1.7,11030.0,249.3
2018-11-14T14:20:44,42.2,210.2,219.4,1.9,11040.0,249.3
2018-11-14T14:21:15,42.2,221.5,202.3,1.8,11060.0,251.2
2018-11-14T14:21:46,42.2,218.5,225.9,1.7,11070.0,251.2
2018-11-14T14:22:17,42.2,217.3,215.3,1.6,11080.0,246.4
2018-11-14T14:22:48,42.2,212.6,231.3,1.7,11090.0,247.3
2018-11-14T14:23:19,42.2,215.6,204.6,1.6,11100.0,248.3
2018-11-14T14:23:50,42.3,219.1,223.0,1.6,11110.0,249.3
2018-11-14T14:24:21,42.3,219.7,214.1,1.6,11130.0,251.2
2018-11-14T14:24:52,42.3,215.0,225.9,1.6,11140.0,250.2
2018-11-14T14:25:23,42.3,216.2,225.9,1.6,11150.0,252.2
2018-11-14T14:25:55,42.3,217.3,216.5,1.6,11170.0,252.2
2018-11-14T14:26:26,42.3,211.4,223.0,1.6,11190.0,251.2
2018-11-14T14:26:57,42.4,218.5,214.1,1.6,11200.0,250.2
2018-11-14T14:27:28,42.4,217.3,216.5,1.4,11210.0,249.3
2018-11-14T14:27:59,42.4,218.5,196.4,1.3,11230.0,248.3
2018-11-14T14:28:30,42.4,212.6,211.2,1.4,11240.0,248.3
2018-11-14T14:29:01,42.4,212.6,210.6,1.2,11250.0,247.3
2018-11-14T14:29:32,42.4,205.5,215.3,1.3,11250.0,246.4
2018-11-14T14:30:04,42.4,212.0,227.7,1.2,11260.0,247.3
2018-11-14T14:30:35,42.3,205.5,190.4,1.2,11270.0,247.3
2018-11-14T14:31:07,42.3,212.0,151.4,1.2,11280.0,251.2
2018-11-14T14:31:38,42.3,191.3,154.4,1.3,11290.0,252.2
2018-11-14T14:32:09,42.3,197.3,174.5,1.2,11300.0,250.2
2018-11-14T14:32:40,42.3,200.8,215.9,1.1,11320.0,253.1
2018-11-14T14:33:11,42.3,220.3,208.2,1.1,11330.0,252.2
2018-11-14T14:33:42,42.2,222.7,212.9,1.1,11350.0,253.1
2018-11-14T14:34:13,42.3,220.3,215.9,1.1,11360.0,252.2
2018-11-14T14:34:44,42.3,217.9,211.7,1.1,11380.0,252.2
2018-11-14T14:35:15,42.4,220.3,207.0,1.1,11390.0,252.2
2018-11-14T14:35:46,42.4,215.0,208.8,1.0,11410.0,251.2
2018-11-14T14:36:18,42.4,215.6,208.2,1.0,11420.0,252.2
2018-11-14T14:36:49,42.4,216.2,207.0,1.0,11440.0,252.2
2018-11-14T14:37:20,42.4,216.2,212.3,1.1,11450.0,251.2
2018-11-14T14:37:51,42.4,201.4,218.8,1.0,11460.0,251.2
2018-11-14T14:38:22,42.4,206.7,205.2,0.9,11480.0,251.2
2018-11-14T14:38:53,42.4,215.0,216.5,0.9,11490.0,250.2
2018-11-14T14:39:24,42.4,215.0,211.2,1.0,11500.0,250.2
2018-11-14T14:39:55,42.4,213.2,218.3,0.9,11510.0,250.2
2018-11-14T14:40:26,42.4,215.6,212.9,0.9,11530.0,249.3
2018-11-14T14:40:57,42.4,206.7,212.3,0.9,11540.0,249.3
2018-11-14T14:41:29,42.4,207.9,215.3,0.9,11550.0,249.3
2018-11-14T14:42:00,42.4,213.2,215.3,0.9,11560.0,251.2
2018-11-14T14:42:31,42.5,212.6,208.8,0.9,11570.0,251.2
2018-11-14T14:43:02,42.5,204.3,209.4,1.0,11590.0,250.2
2018-11-14T14:43:33,42.5,210.2,214.7,0.9,11600.0,251.2
2018-11-14T14:44:04,42.5,209.7,208.2,0.9,11610.0,251.2
2018-11-14T14:44:35,42.5,218.5,208.8,1.0,11620.0,251.2
2018-11-14T14:45:06,42.5,215.6,208.8,0.9,11640.0,250.2
2018-11-14T14:45:37,42.5,213.8,214.7,0.9,11650.0,248.3
2018-11-14T14:46:09,42.5,207.3,218.8,0.8,11660.0,248.3
2018-11-14T14:46:40,42.7,213.8,209.4,0.8,11670.0,249.3
2018-11-14T14:47:11,42.7,197.3,207.0,0.8,11680.0,248.3
2018-11-14T14:47:42,42.5,197.3,211.2,0.8,11690.0,247.3
2018-11-14T14:48:13,42.5,210.8,205.2,0.7,11700.0,248.3
2018-11-14T14:48:44,42.5,199.6,225.4,0.7,11710.0,247.3
2018-11-14T14:49:15,42.7,201.4,214.1,0.7,11720.0,249.3
2018-11-14T14:49:46,42.7,217.9,221.8,0.8,11730.0,249.3
2018-11-14T14:50:17,42.7,206.7,203.5,0.8,11740.0,249.3
2018-11-14T14:50:48,42.7,216.2,209.4,0.9,11760.0,249.3
2018-11-14T14:51:20,42.7,213.8,225.4,0.9,11770.0,250.2
2018-11-14T14:51:51,42.7,216.2,216.5,0.7,11780.0,248.3
2018-11-14T14:52:22,42.7,209.7,223.0,0.8,11790.0,249.3
2018-11-14T14:52:53,42.7,212.6,209.4,0.7,11800.0,247.3
2018-11-14T14:53:24,42.7,210.2,211.7,0.6,11810.0,244.4
2018-11-14T14:53:55,42.7,197.3,208.8,0.6,11810.0,244.4
2018-11-14T14:54:26,42.5,199.0,218.3,0.6,11820.0,243.5
2018-11-14T14:54:57,42.5,200.2,213.5,0.6,11820.0,241.5
2018-11-14T14:55:28,42.4,205.5,222.4,0.5,11820.0,242.5
2018-11-14T14:55:59,42.4,196.7,201.1,0.6,11830.0,242.5
2018-11-14T14:56:31,42.3,176.6,221.2,0.6,11830.0,241.5
2018-11-14T14:57:02,42.3,194.3,221.2,0.6,11830.0,242.5
2018-11-14T14:57:33,42.2,207.3,227.7,0.5,11840.0,241.5
2018-11-14T14:58:04,42.2,203.7,218.3,0.6,11840.0,242.5
2018-11-14T14:58:35,42.2,206.1,215.3,0.6,11840.0,242.5
2018-11-14T14:59:06,42.1,184.8,232.4,0.7,11850.0,241.5
2018-11-14T14:59:37,42.1,164.2,212.9,0.8,11850.0,242.5
2018-11-14T15:00:08,42.0,149.4,234.2,0.8,11850.0,243.5
2018-11-14T15:00:39,42.0,171.3,215.9,0.7,11860.0,243.5
2018-11-14T15:01:11,41.9,194.3,230.7,0.7,11860.0,244.4
2018-11-14T15:01:42,41.9,218.5,211.7,0.7,11860.0,244.4
2018-11-14T15:02:13,41.7,196.7,235.4,0.7,11870.0,243.5
2018-11-14T15:02:44,41.7,176.6,212.9,0.9,11870.0,243.5
2018-11-14T15:03:15,41.6,154.7,237.2,1.0,11870.0,242.5
2018-11-14T15:03:46,41.6,159.4,218.3,1.0,11880.0,243.5
2018-11-14T15:04:17,41.6,181.9,234.8,0.9,11880.0,242.5
2018-11-14T15:04:48,41.5,187.2,231.3,1.0,11890.0,243.5
2018-11-14T15:05:19,41.5,196.7,221.2,1.0,11890.0,244.4
2018-11-14T15:05:50,41.4,219.7,228.9,0.8,11900.0,244.4
2018-11-14T15:06:22,41.4,199.0,235.4,1.1,11900.0,244.4
2018-11-14T15:06:53,41.4,196.1,218.3,1.1,11910.0,243.5
2018-11-14T15:07:24,41.3,184.8,232.4,1.2,11910.0,244.4
2018-11-14T15:07:55,41.3,187.8,227.7,1.2,11920.0,243.5
2018-11-14T15:08:26,41.2,197.3,225.4,1.0,11920.0,244.4
2018-11-14T15:08:57,41.2,196.7,233.6,1.1,11930.0,244.4
2018-11-14T15:09:28,41.2,189.0,228.9,1.2,11930.0,244.4
2018-11-14T15:09:59,41.0,190.2,222.4,1.2,11940.0,245.4
2018-11-14T15:10:30,41.0,183.7,239.5,1.3,11940.0,244.4
2018-11-14T15:11:01,41.0,193.7,232.4,1.1,11950.0,245.4
2018-11-14T15:11:32,41.0,217.3,230.7,1.2,11950.0,245.4
2018-11-14T15:12:03,40.9,219.1,237.2,1.2,11960.0,246.4
2018-11-14T15:12:34,41.0,196.7,204.6,1.3,11970.0,246.4
2018-11-14T15:13:05,41.0,211.4,198.7,1.4,11980.0,248.3
2018-11-14T15:13:36,41.0,215.6,228.3,1.4,11980.0,249.3
2018-11-14T15:14:07,41.0,216.2,239.0,1.4,11990.0,248.3
2018-11-14T15:14:38,41.2,223.2,238.4,1.3,12010.0,250.2
2018-11-14T15:15:09,41.3,216.7,217.7,1.5,12020.0,251.2
2018-11-14T15:15:41,41.4,224.4,222.4,1.3,12040.0,251.2
2018-11-14T15:16:12,41.5,214.4,214.1,1.4,12050.0,251.2
2018-11-14T15:16:43,41.6,216.7,216.5,1.3,12070.0,252.2
2018-11-14T15:17:14,41.9,222.7,213.5,1.2,12080.0,252.2
2018-11-14T15:17:45,42.0,223.2,192.2,1.2,12090.0,251.2
2018-11-14T15:18:16,42.1,219.1,210.0,1.3,12110.0,251.2
2018-11-14T15:18:47,42.2,220.3,218.8,1.3,12120.0,250.2
2018-11-14T15:19:18,42.3,223.2,209.4,1.2,12140.0,250.2
2018-11-14T15:19:49,42.4,222.7,208.2,1.2,12150.0,250.2
2018-11-14T15:20:20,42.7,215.6,208.8,1.2,12160.0,251.2
2018-11-14T15:20:52,42.7,218.5,205.8,1.1,12180.0,251.2
2018-11-14T15:21:23,42.8,214.4,212.3,1.1,12190.0,252.2
2018-11-14T15:21:54,42.9,210.2,206.4,1.1,12200.0,251.2
2018-11-14T15:22:25,43.0,213.8,210.6,1.1,12220.0,251.2
2018-11-14T15:22:56,43.0,208.5,208.8,1.0,12230.0,250.2
2018-11-14T15:23:27,43.1,213.2,209.4,1.0,12240.0,251.2
2018-11-14T15:23:58,43.2,214.4,205.2,0.9,12250.0,251.2
2018-11-14T15:24:29,43.4,209.7,202.3,0.9,12270.0,248.3
2018-11-14T15:25:00,43.4,207.9,202.3,0.9,12280.0,250.2
2018-11-14T15:25:32,43.5,216.2,207.6,0.9,12290.0,250.2
2018-11-14T15:26:03,43.5,206.7,206.4,0.9,12300.0,249.3
2018-11-14T15:26:34,43.6,208.5,203.5,0.9,12310.0,250.2
2018-11-14T15:27:05,43.6,204.3,208.8,0.9,12330.0,250.2
2018-11-14T15:27:36,43.6,217.9,206.4,0.7,12340.0,251.2
2018-11-14T15:28:07,43.6,200.8,202.3,0.8,12350.0,250.2
2018-11-14T15:28:38,43.6,215.6,205.2,0.7,12360.0,250.2
2018-11-14T15:29:09,43.7,209.7,201.7,0.8,12370.0,251.2
2018-11-14T15:29:40,43.7,213.8,204.6,0.7,12380.0,249.3
2018-11-14T15:30:11,43.7,206.7,202.3,0.8,12390.0,251.2
2018-11-14T15:30:43,43.7,204.3,201.1,0.7,12400.0,250.2
2018-11-14T15:31:14,43.7,210.2,201.1,0.7,12410.0,250.2
2018-11-14T15:31:45,43.7,208.5,207.0,0.7,12430.0,249.3
2018-11-14T15:32:16,43.7,204.3,207.0,0.8,12440.0,250.2
2018-11-14T15:32:47,43.7,206.7,206.4,0.7,12450.0,249.3
2018-11-14T15:33:18,43.7,211.4,210.0,0.7,12460.0,249.3
2018-11-14T15:33:49,43.7,213.2,210.0,0.7,12470.0,249.3
2018-11-14T15:34:20,43.7,196.7,192.2,0.7,12480.0,248.3
2018-11-14T15:34:51,43.7,218.5,192.8,0.7,12490.0,251.2
2018-11-14T15:35:22,43.7,197.8,192.8,0.7,12500.0,249.3
2018-11-14T15:35:54,43.7,216.2,194.0,0.8,12510.0,250.2
2018-11-14T15:36:26,43.7,200.8,192.2,0.8,12520.0,249.3
2018-11-14T15:36:57,43.6,211.4,191.0,0.8,12530.0,248.3
2018-11-14T15:37:28,43.7,209.7,194.0,0.7,12540.0,248.3
2018-11-14T15:37:59,43.6,209.1,202.3,0.6,12550.0,244.4
2018-11-14T15:38:30,0.0,0.0,0.0,0.0,0.0,0.0
2018-11-14T15:39:01,43.6,191.9,230.1,0.7,12560.0,243.5
2018-11-14T15:39:32,43.5,190.2,230.1,0.7,12560.0,246.4
2018-11-14T15:40:03,43.5,216.2,199.3,0.8,12570.0,248.3
2018-11-14T15:40:34,43.5,211.4,200.5,0.8,12580.0,247.3
2018-11-14T15:41:06,43.5,211.4,199.3,0.6,12590.0,243.5
2018-11-14T15:41:37,43.5,190.8,211.2,0.6,12590.0,243.5
2018-11-14T15:42:08,43.4,204.3,189.9,0.6,12590.0,247.3
2018-11-14T15:42:39,43.2,199.0,207.0,0.6,12600.0,246.4
2018-11-14T15:43:10,43.2,178.9,170.3,0.7,12600.0,246.4
2018-11-14T15:43:41,43.1,194.9,178.6,0.6,12610.0,244.4
2018-11-14T15:44:12,43.1,202.0,187.5,0.5,12610.0,243.5
2018-11-14T15:44:43,43.0,199.0,199.9,0.6,12620.0,244.4
2018-11-14T15:45:14,42.9,198.4,208.8,0.6,12620.0,244.4
2018-11-14T15:45:45,42.8,203.2,207.0,0.5,12620.0,243.5
2018-11-14T15:46:17,42.7,197.3,211.2,0.5,12620.0,243.5
2018-11-14T15:46:48,42.7,177.8,205.8,0.5,12620.0,246.4
2018-11-14T15:47:19,42.5,196.7,188.1,0.5,12630.0,243.5
2018-11-14T15:47:50,42.4,219.1,152.0,0.5,12630.0,244.4
2018-11-14T15:48:21,42.3,199.0,125.4,0.7,12630.0,245.4
2018-11-14T15:48:52,42.3,222.1,144.3,0.6,12640.0,249.3
2018-11-14T15:49:23,42.3,212.6,181.6,0.7,12650.0,248.3
2018-11-14T15:49:54,42.3,220.3,192.2,0.7,12660.0,249.3
2018-11-14T15:50:25,42.3,203.7,188.1,0.7,12670.0,249.3
2018-11-14T15:50:56,42.2,217.3,186.9,0.7,12680.0,249.3
2018-11-14T15:51:28,42.2,209.1,186.9,0.7,12690.0,249.3
2018-11-14T15:51:59,42.2,220.9,183.3,0.7,12700.0,247.3
2018-11-14T15:52:30,42.2,213.8,187.5,0.6,12710.0,247.3
2018-11-14T15:53:01,42.2,208.5,169.7,0.5,12710.0,246.4
2018-11-14T15:53:32,42.2,218.5,195.2,0.6,12720.0,247.3
2018-11-14T15:54:03,42.1,216.2,169.7,0.6,12720.0,246.4
2018-11-14T15:54:34,42.1,209.7,175.1,0.5,12730.0,245.4
2018-11-14T15:55:05,42.1,189.6,186.9,0.6,12730.0,246.4
2018-11-14T15:55:36,42.1,167.1,192.2,0.7,12740.0,248.3
2018-11-14T15:56:08,42.1,160.6,182.8,0.5,12740.0,244.4
2018-11-14T15:56:39,42.0,184.8,154.9,0.6,12750.0,244.4
2018-11-14T15:57:10,42.0,193.7,169.7,0.5,12750.0,243.5
2018-11-14T15:57:41,42.0,204.3,197.5,0.6,12760.0,245.4
2018-11-14T15:58:12,41.9,204.9,194.6,0.5,12760.0,244.4
2018-11-14T15:58:43,41.9,197.8,184.5,0.5,12760.0,243.5
2018-11-14T15:59:14,41.9,203.7,191.0,0.5,12760.0,244.4
2018-11-14T15:59:45,41.7,183.7,177.4,0.5,12770.0,242.5
2018-11-14T16:00:16,41.7,204.3,202.3,0.5,12770.0,243.5
2018-11-14T16:00:47,41.6,202.0,212.3,0.5,12770.0,243.5
2018-11-14T16:01:19,41.6,194.9,199.3,0.5,12770.0,243.5
2018-11-14T16:01:50,41.5,205.5,198.1,0.5,12780.0,244.4
2018-11-14T16:02:21,41.5,190.2,178.0,0.5,12780.0,243.5
2018-11-14T16:02:52,41.5,210.8,170.9,0.5,12780.0,243.5
2018-11-14T16:03:23,41.4,209.7,148.4,0.4,12780.0,244.4
2018-11-14T16:03:54,41.4,198.4,140.8,0.5,12790.0,243.5
2018-11-14T16:04:25,41.3,215.6,168.0,0.4,12790.0,244.4
2018-11-14T16:04:56,41.3,192.5,175.1,0.5,12790.0,243.5
2018-11-14T16:05:27,41.2,202.0,195.2,0.5,12790.0,243.5
2018-11-14T16:05:58,41.2,203.7,218.3,0.5,12800.0,243.5
2018-11-14T16:06:30,41.2,181.9,241.3,0.4,12800.0,244.4
2018-11-14T16:07:01,41.0,190.2,230.1,0.5,12800.0,243.5
2018-11-14T16:07:32,40.9,210.8,229.5,0.5,12800.0,243.5
2018-11-14T16:08:03,40.9,191.9,208.8,0.5,12810.0,244.4
2018-11-14T16:08:34,40.9,198.4,204.6,0.5,12810.0,244.4
2018-11-14T16:09:05,40.8,212.6,213.5,0.5,12810.0,243.5
2018-11-14T16:09:36,40.8,189.6,237.2,0.6,12810.0,245.4
2018-11-14T16:10:07,40.8,188.4,233.0,0.6,12810.0,244.4
2018-11-14T16:10:38,40.8,215.6,206.4,0.7,12820.0,248.3
2018-11-14T16:11:10,40.8,210.2,184.5,0.7,12820.0,249.3
2018-11-14T16:11:41,40.8,217.3,171.5,0.7,12830.0,248.3
2018-11-14T16:12:12,40.8,204.9,170.3,0.7,12840.0,250.2
2018-11-14T16:12:43,40.8,219.7,160.9,0.7,12840.0,250.2
2018-11-14T16:13:14,40.9,209.1,162.6,0.8,12850.0,249.3
2018-11-14T16:13:45,40.9,216.2,157.3,0.8,12860.0,249.3
2018-11-14T16:14:16,40.9,219.7,153.8,0.8,12870.0,248.3
2018-11-14T16:14:47,40.9,206.7,154.9,0.8,12870.0,248.3
2018-11-14T16:15:18,41.0,223.2,156.1,0.7,12880.0,248.3
2018-11-14T16:15:50,41.0,215.6,157.3,0.7,12890.0,249.3
2018-11-14T16:16:21,41.0,206.7,161.5,0.8,12900.0,248.3
2018-11-14T16:16:52,41.0,214.4,157.3,0.8,12900.0,248.3
2018-11-14T16:17:23,41.2,224.4,150.8,0.7,12910.0,248.3
2018-11-14T16:17:54,41.2,209.7,158.5,0.8,12920.0,248.3
2018-11-14T16:18:25,41.2,214.4,156.7,0.9,12930.0,247.3
2018-11-14T16:18:56,41.2,216.7,154.9,0.8,12930.0,247.3
2018-11-14T16:19:27,41.3,220.3,157.3,0.8,12940.0,249.3
2018-11-14T16:19:58,41.3,208.5,153.2,0.7,12950.0,246.4
2018-11-14T16:20:29,41.3,216.7,139.0,0.8,12950.0,247.3
2018-11-14T16:21:01,41.3,207.3,132.5,0.8,12960.0,247.3
2018-11-14T16:21:32,41.3,211.4,151.4,0.8,12960.0,248.3
2018-11-14T16:22:03,41.3,217.9,130.1,0.9,12970.0,248.3
2018-11-14T16:22:34,41.4,217.3,131.9,0.9,12980.0,248.3
2018-11-14T16:23:05,41.4,212.6,145.5,0.8,12980.0,247.3
2018-11-14T16:23:36,41.4,192.5,149.0,0.9,12990.0,248.3
2018-11-14T16:24:07,41.5,211.4,149.0,0.8,12990.0,247.3
2018-11-14T16:24:38,41.5,215.6,149.6,0.7,13000.0,247.3
2018-11-14T16:25:09,41.5,203.7,140.2,0.8,13000.0,247.3
2018-11-14T16:25:40,41.5,210.2,156.1,0.9,13010.0,246.4
2018-11-14T16:26:12,41.5,202.0,149.0,0.7,13010.0,246.4
2018-11-14T16:26:43,41.5,206.1,149.6,0.7,13020.0,245.4
2018-11-14T16:27:14,41.5,199.6,131.3,0.8,13020.0,245.4
2018-11-14T16:27:45,41.5,217.3,150.2,0.7,13030.0,246.4
2018-11-14T16:28:16,41.5,202.6,156.7,0.8,13030.0,244.4
2018-11-14T16:28:47,41.4,200.8,140.2,0.8,13030.0,245.4
2018-11-14T16:29:18,41.4,210.8,135.4,0.7,13040.0,244.4
2018-11-14T16:29:49,41.3,219.7,147.9,0.9,13040.0,248.3
2018-11-14T16:30:20,41.3,222.7,152.0,0.8,13050.0,246.4
2018-11-14T16:30:51,41.3,217.3,129.5,0.9,13050.0,247.3
2018-11-14T16:31:23,41.3,219.1,141.3,0.9,13060.0,250.2
2018-11-14T16:31:54,41.3,210.2,134.2,0.8,13060.0,247.3
2018-11-14T16:32:25,41.3,202.0,143.7,0.8,13070.0,249.3
2018-11-14T16:32:56,41.3,224.4,135.4,0.8,13070.0,247.3
2018-11-14T16:33:27,41.3,217.3,140.2,0.7,13080.0,247.3
2018-11-14T16:33:58,41.3,204.9,127.7,0.8,13080.0,248.3
2018-11-14T16:34:29,41.3,219.7,131.9,0.7,13090.0,246.4
2018-11-14T16:35:00,41.2,210.2,126.6,0.8,13090.0,246.4
2018-11-14T16:35:31,41.2,214.4,107.0,0.7,13100.0,245.4
2018-11-14T16:36:03,41.2,206.1,115.3,0.6,13100.0,243.5
2018-11-14T16:36:34,41.0,197.3,127.7,0.6,13100.0,243.5
2018-11-14T16:37:05,41.0,202.0,149.6,0.6,13100.0,243.5
2018-11-14T16:37:36,40.9,207.9,169.1,0.5,13110.0,243.5
2018-11-14T16:38:07,40.8,196.7,190.4,0.6,13110.0,243.5
2018-11-14T16:38:38,40.8,178.9,212.3,0.6,13110.0,243.5
2018-11-14T16:39:09,40.7,203.2,236.0,0.6,13110.0,243.5
2018-11-14T16:39:40,40.7,211.4,234.2,0.5,13120.0,242.5
2018-11-14T16:40:11,40.6,191.3,237.2,0.6,13120.0,242.5
2018-11-14T16:40:42,40.5,210.2,233.0,0.5,13120.0,242.5
2018-11-14T16:41:14,40.5,190.2,232.4,0.6,13120.0,243.5
2018-11-14T16:41:45,40.5,181.3,240.1,0.6,13120.0,244.4
2018-11-14T16:42:16,40.4,207.3,217.7,0.6,13130.0,245.4
2018-11-14T16:42:47,40.4,206.7,216.5,0.5,13130.0,243.5
2018-11-14T16:43:18,40.4,186.6,239.0,0.5,13130.0,244.4
2018-11-14T16:43:49,40.2,198.4,227.1,0.5,13130.0,243.5
2018-11-14T16:44:20,40.2,208.5,238.4,0.5,13140.0,242.5
2018-11-14T16:44:51,40.2,189.0,235.4,0.6,13140.0,242.5
2018-11-14T16:45:22,40.1,209.7,224.2,0.5,13140.0,242.5
2018-11-14T16:45:54,40.1,196.7,249.0,0.6,13140.0,243.5
2018-11-14T16:46:25,40.1,202.6,228.3,0.6,13140.0,241.5
2018-11-14T16:46:56,40.1,201.4,237.8,0.5,13150.0,243.5
2018-11-14T16:47:27,40.0,210.8,223.6,0.5,13150.0,242.5
2018-11-14T16:47:58,40.0,198.4,218.8,0.6,13150.0,243.5
2018-11-14T16:48:29,40.0,194.3,242.5,0.6,13150.0,243.5
2018-11-14T16:49:00,40.0,214.4,219.4,0.5,13160.0,243.5
2018-11-14T16:49:31,39.9,195.5,232.4,0.6,13160.0,244.4
2018-11-14T16:50:02,39.9,203.7,233.6,0.6,13160.0,245.4
2018-11-14T16:50:34,39.9,206.7,233.6,0.6,13160.0,242.5
2018-11-14T16:51:05,39.8,185.4,232.4,0.7,13170.0,243.5
2018-11-14T16:51:36,39.8,203.7,234.2,0.6,13170.0,243.5
2018-11-14T16:52:07,39.8,209.7,239.0,0.6,13170.0,242.5
2018-11-14T16:52:38,39.8,186.0,249.0,0.8,13170.0,243.5
2018-11-14T16:53:09,39.8,165.4,236.0,0.9,13180.0,244.4
2018-11-14T16:53:40,39.8,183.7,253.7,0.7,13180.0,245.4
2018-11-14T16:54:11,39.7,207.9,232.4,0.8,13180.0,247.3
2018-11-14T16:54:42,39.7,220.9,253.2,0.7,13190.0,246.4
2018-11-14T16:55:13,39.7,206.1,231.9,0.7,13190.0,244.4
2018-11-14T16:55:45,39.7,197.3,230.1,0.8,13190.0,244.4
2018-11-14T16:56:16,39.7,215.0,252.0,0.7,13200.0,247.3
2018-11-14T16:56:47,39.7,223.8,254.3,0.7,13200.0,246.4
2018-11-14T16:57:18,39.7,212.6,239.0,0.7,13200.0,246.4
2018-11-14T16:57:49,39.8,189.0,228.9,0.9,13200.0,247.3
2018-11-14T16:58:20,39.8,210.8,237.8,0.8,13210.0,248.3
2018-11-14T16:58:51,39.8,208.5,246.6,0.8,13210.0,246.4
2018-11-14T16:59:22,39.8,187.2,232.4,0.9,13210.0,245.4
2018-11-14T16:59:53,39.9,205.5,255.5,0.8,13220.0,246.4
2018-11-14T17:00:24,39.9,227.4,256.1,0.8,13220.0,246.4
2018-11-14T17:00:56,39.9,217.3,252.0,0.8,13230.0,247.3
2018-11-14T17:01:27,39.9,210.2,237.8,0.6,13230.0,246.4
2018-11-14T17:01:58,39.9,187.2,215.3,0.8,13230.0,247.3
2018-11-14T17:02:29,39.9,200.8,227.7,0.7,13230.0,246.4
2018-11-14T17:03:00,39.9,225.0,253.2,0.7,13240.0,246.4
2018-11-14T17:03:31,39.9,210.2,239.0,0.8,13240.0,245.4
2018-11-14T17:04:02,39.9,201.4,251.4,0.9,13240.0,245.4
2018-11-14T17:04:33,39.9,222.7,253.7,0.8,13250.0,244.4
2018-11-14T17:05:04,40.0,217.9,253.7,0.8,13250.0,243.5
2018-11-14T17:05:36,40.0,206.7,234.2,0.8,13250.0,246.4
2018-11-14T17:06:07,40.0,187.2,231.3,0.9,13260.0,245.4
2018-11-14T17:06:38,40.0,199.6,244.3,0.7,13260.0,246.4
2018-11-14T17:07:09,40.0,209.7,224.8,0.7,13260.0,246.4
2018-11-14T17:07:40,40.0,222.7,221.2,0.7,13270.0,247.3
2018-11-14T17:08:11,40.0,220.3,243.1,0.7,13270.0,246.4
2018-11-14T17:08:42,40.0,217.9,240.1,0.7,13270.0,245.4
2018-11-14T17:09:13,40.0,205.5,254.3,0.7,13270.0,247.3
2018-11-14T17:09:44,40.1,227.4,242.5,0.7,13280.0,246.4
2018-11-14T17:10:15,40.1,220.9,247.2,0.7,13280.0,246.4
2018-11-14T17:10:47,40.1,217.9,246.1,0.6,13280.0,245.4
2018-11-14T17:11:18,40.1,213.2,239.0,0.6,13290.0,243.5
2018-11-14T17:11:49,40.1,204.3,235.4,0.5,13290.0,244.4
2018-11-14T17:12:20,40.0,189.6,235.4,0.5,13290.0,244.4
2018-11-14T17:12:51,40.0,209.1,224.2,0.5,13290.0,243.5
2018-11-14T17:13:22,39.9,187.2,231.9,0.5,13290.0,244.4
2018-11-14T17:13:53,39.9,207.3,228.3,0.4,13300.0,245.4
2018-11-14T17:14:24,39.9,193.7,233.0,0.5,13300.0,241.5
2018-11-14T17:14:55,39.8,199.6,225.9,0.4,13300.0,242.5
2018-11-14T17:15:26,39.8,194.9,224.8,0.5,13300.0,242.5
2018-11-14T17:15:58,39.7,188.4,221.8,0.5,13300.0,242.5
2018-11-14T17:16:29,39.7,202.0,222.4,0.4,13310.0,242.5
2018-11-14T17:17:00,39.5,181.3,239.0,0.4,13310.0,242.5
2018-11-14T17:17:31,39.5,197.3,218.8,0.4,13310.0,242.5
2018-11-14T17:18:02,39.4,205.5,232.4,0.4,13310.0,240.6
2018-11-14T17:18:33,39.4,183.7,223.6,0.5,13310.0,240.6
2018-11-14T17:19:04,39.3,175.4,239.5,0.5,13310.0,240.6
2018-11-14T17:19:35,39.3,197.3,225.9,0.4,13320.0,240.6
2018-11-14T17:20:06,39.3,204.3,223.0,0.4,13320.0,239.6
2018-11-14T17:20:38,39.2,183.1,232.4,0.4,13320.0,240.6
2018-11-14T17:21:09,39.2,203.2,225.9,0.4,13320.0,238.6
2018-11-14T17:21:41,39.2,207.3,206.4,0.4,13320.0,240.6
2018-11-14T17:22:12,39.1,199.6,211.7,0.4,13320.0,240.6
2018-11-14T17:22:43,39.1,204.9,223.0,0.3,13320.0,241.5
2018-11-14T17:23:14,39.1,184.3,228.3,0.4,13330.0,241.5
2018-11-14T17:23:45,39.1,163.6,207.0,0.5,13330.0,241.5
2018-11-14T17:24:16,39.0,157.7,215.9,0.4,13330.0,240.6
2018-11-14T17:24:47,39.0,180.7,239.5,0.5,13330.0,239.6
2018-11-14T17:25:18,39.0,202.6,237.2,0.4,13330.0,238.6
2018-11-14T17:25:49,39.0,219.7,238.4,0.3,13330.0,241.5
2018-11-14T17:26:21,39.0,198.4,234.8,0.3,13340.0,238.6
2018-11-14T17:26:52,38.9,199.0,220.6,0.3,13340.0,240.6
2018-11-14T17:27:23,38.9,191.9,225.9,0.3,13340.0,239.6
2018-11-14T17:27:54,38.7,211.4,205.8,0.3,13340.0,240.6
2018-11-14T17:28:25,38.7,197.3,218.3,0.3,13340.0,240.6
2018-11-14T17:28:56,38.7,177.8,239.0,0.3,13340.0,240.6
2018-11-14T17:29:27,38.6,185.4,218.8,0.3,13340.0,240.6
2018-11-14T17:29:58,38.6,206.7,227.7,0.2,13340.0,242.5
2018-11-14T17:30:29,38.6,192.5,224.8,0.3,13340.0,241.5
2018-11-14T17:31:00,38.5,171.3,204.1,0.3,13350.0,242.5
2018-11-14T17:31:31,38.5,183.1,211.7,0.3,13350.0,243.5
2018-11-14T17:32:02,38.5,180.1,207.6,0.3,13350.0,240.6
2018-11-14T17:32:33,38.4,177.2,189.9,0.3,13350.0,241.5
2018-11-14T17:33:04,38.4,197.3,211.2,0.2,13350.0,240.6
2018-11-14T17:33:35,38.3,193.7,230.1,0.2,13350.0,240.6
2018-11-14T17:34:06,38.3,173.0,220.0,0.3,13350.0,239.6
2018-11-14T17:34:37,38.2,171.3,199.3,0.2,13350.0,240.6
2018-11-14T17:35:08,38.2,193.1,222.4,0.3,13350.0,240.6
2018-11-14T17:35:40,38.0,199.0,225.9,0.2,13350.0,240.6
2018-11-14T17:36:11,38.0,177.8,230.1,0.2,13350.0,241.5
2018-11-14T17:36:42,37.9,183.1,221.2,0.2,13360.0,241.5
2018-11-14T17:37:13,37.9,204.3,204.6,0.2,13360.0,241.5
2018-11-14T17:37:44,37.9,183.7,224.8,0.2,13360.0,241.5
2018-11-14T17:38:15,37.9,166.5,227.7,0.2,13360.0,241.5
2018-11-14T17:38:46,37.8,187.8,206.4,0.2,13360.0,242.5
2018-11-14T17:39:17,37.8,208.5,215.9,0.1,13360.0,241.5
2018-11-14T17:39:48,37.7,193.7,232.4,0.2,13360.0,241.5
2018-11-14T17:40:19,37.6,171.9,210.6,0.2,13360.0,243.5
2018-11-14T17:40:51,37.6,189.0,227.7,0.2,13360.0,243.5
2018-11-14T17:41:22,37.6,200.2,211.2,0.1,13360.0,242.5
2018-11-14T17:41:53,37.5,180.1,216.5,0.2,13360.0,241.5
2018-11-14T17:42:24,37.5,160.0,232.4,0.2,13360.0,241.5
2018-11-14T17:42:55,37.4,158.3,211.7,0.2,13360.0,242.5
2018-11-14T17:43:26,37.4,177.2,191.0,0.1,13360.0,242.5
2018-11-14T17:43:57,37.4,199.6,212.9,0.1,13360.0,240.6
2018-11-14T17:44:28,37.4,185.4,230.1,0.1,13370.0,240.6
2018-11-14T17:44:59,37.2,165.9,209.4,0.2,13370.0,240.6
2018-11-14T17:45:30,37.2,144.7,189.9,0.2,13370.0,241.5
2018-11-14T17:46:02,37.1,150.6,168.0,0.1,13370.0,242.5
2018-11-14T17:46:33,37.1,173.0,185.1,0.1,13370.0,242.5
2018-11-14T17:47:04,37.1,193.1,206.4,0.1,13370.0,241.5
2018-11-14T17:47:35,37.0,202.0,225.9,0.1,13370.0,243.5
2018-11-14T17:48:06,37.0,178.9,223.6,0.1,13370.0,241.5
2018-11-14T17:48:37,36.9,158.9,203.5,0.1,13370.0,243.5
2018-11-14T17:49:08,36.9,148.8,182.8,0.1,13370.0,242.5
2018-11-14T17:49:39,36.9,170.7,162.0,0.1,13370.0,243.5
2018-11-14T17:50:10,36.8,191.3,181.0,0.1,13370.0,242.5
2018-11-14T17:50:41,36.8,199.0,203.5,0.1,13370.0,244.4
2018-11-14T17:51:13,36.8,176.0,224.8,0.1,13370.0,243.5
2018-11-14T17:51:44,36.7,155.9,222.4,0.1,13370.0,243.5
2018-11-14T17:52:15,36.7,161.8,200.5,0.1,13370.0,243.5
2018-11-14T17:52:46,36.7,183.1,180.4,0.1,13370.0,243.5
2018-11-14T17:53:17,36.5,202.6,190.4,0.1,13370.0,243.5
2018-11-14T17:53:48,36.5,189.0,212.3,0.1,13370.0,242.5
2018-11-14T17:54:19,36.5,167.7,220.0,0.1,13370.0,242.5
2018-11-14T17:54:50,36.4,147.6,199.9,0.2,13370.0,241.5
2018-11-14T17:55:21,36.3,154.1,178.0,0.1,13370.0,242.5
2018-11-14T17:55:52,36.4,176.0,191.6,0.1,13380.0,244.4
2018-11-14T17:56:24,36.3,197.3,214.1,0.1,13380.0,244.4
2018-11-14T17:56:55,36.3,203.7,227.7,0.1,13380.0,243.5
2018-11-14T17:57:26,36.3,181.9,206.4,0.2,13380.0,242.5
2018-11-14T17:57:57,36.2,160.6,192.8,0.2,13380.0,243.5
2018-11-14T17:58:28,36.2,141.1,213.5,0.2,13380.0,243.5
2018-11-14T17:58:59,36.2,118.7,223.0,0.2,13380.0,243.5
2018-11-14T17:59:30,36.1,104.5,202.3,0.2,13380.0,243.5
2018-11-14T18:00:01,36.1,124.0,182.8,0.2,13380.0,243.5
2018-11-14T18:00:32,36.1,144.7,202.3,0.2,13380.0,245.4
2018-11-14T18:01:04,36.0,167.7,223.0,0.2,13380.0,244.4
2018-11-14T18:01:35,36.0,187.8,225.9,0.2,13380.0,245.4
2018-11-14T18:02:06,35.9,207.9,204.1,0.1,13380.0,244.4
2018-11-14T18:02:37,35.9,189.6,197.5,0.1,13380.0,243.5
2018-11-14T18:03:08,35.9,168.9,220.0,0.1,13380.0,243.5
2018-11-14T18:03:39,35.7,152.4,211.2,0.2,13380.0,243.5
2018-11-14T18:04:10,35.7,172.4,191.0,0.1,13380.0,243.5
2018-11-14T18:04:41,35.7,193.7,195.2,0.1,13380.0,242.5
2018-11-14T18:05:12,35.6,193.1,217.1,0.1,13380.0,241.5
2018-11-14T18:05:43,35.6,172.4,206.4,0.1,13380.0,244.4
2018-11-14T18:06:15,35.6,151.2,184.5,0.1,13380.0,242.5
2018-11-14T18:06:46,35.6,151.2,198.7,0.1,13380.0,243.5
2018-11-14T18:07:17,35.5,171.9,217.7,0.1,13380.0,243.5
2018-11-14T18:07:48,35.5,193.7,195.2,0.1,13380.0,243.5
2018-11-14T18:08:19,35.5,181.3,175.1,0.1,13380.0,242.5
2018-11-14T18:08:50,35.4,165.9,167.4,0.0,13380.0,242.5
2018-11-14T18:09:21,35.4,142.9,185.7,0.1,13380.0,237.7
2018-11-14T18:09:52,35.4,122.2,211.7,0.0,13380.0,238.6
2018-11-14T18:10:23,35.3,134.6,201.7,0.0,13380.0,239.6
2018-11-14T18:10:54,35.3,154.7,181.0,0.1,13380.0,239.6
2018-11-14T18:11:26,35.2,177.2,156.7,0.0,13380.0,240.6
2018-11-14T18:11:57,35.0,185.4,218.3,0.0,13380.0,240.6
2018-11-14T18:12:28,35.0,181.9,187.5,0.0,13380.0,239.6
2018-11-14T18:12:59,35.0,117.5,176.8,0.0,13380.0,238.6
2018-11-14T18:13:30,34.9,159.4,159.7,0.0,13380.0,238.6
2018-11-14T18:14:01,34.8,142.9,143.1,0.0,13380.0,238.6
2018-11-14T18:14:32,34.8,115.1,115.3,0.0,13380.0,238.6
