2018-11-15T06:35:24,31.1,196.7,227.7,0.6,240.0,239.6
2018-11-15T06:35:56,31.1,218.5,234.2,0.5,250.0,240.6
2018-11-15T06:36:28,31.2,203.2,224.8,0.6,250.0,240.6
2018-11-15T06:36:59,31.1,220.3,230.7,0.5,250.0,240.6
2018-11-15T06:37:30,31.2,198.4,229.5,0.6,250.0,238.6
2018-11-15T06:38:01,31.2,189.6,220.0,0.6,260.0,240.6
2018-11-15T06:38:32,31.2,212.0,241.9,0.6,260.0,239.6
2018-11-15T06:39:03,31.2,210.2,221.2,0.6,260.0,236.7
2018-11-15T06:39:34,31.2,189.0,229.5,0.6,260.0,236.7
2018-11-15T06:40:05,31.2,165.9,242.5,0.8,270.0,237.7
2018-11-15T06:40:36,31.4,163.6,221.2,0.8,270.0,237.7
2018-11-15T06:41:08,31.4,184.3,225.4,0.7,270.0,236.7
2018-11-15T06:41:39,31.4,206.1,239.5,0.6,270.0,236.7
2018-11-15T06:42:10,31.4,215.6,218.3,0.6,280.0,236.7
2018-11-15T06:42:41,31.5,209.1,234.2,0.7,280.0,235.7
2018-11-15T06:43:12,31.5,187.8,235.4,0.8,280.0,235.7
2018-11-15T06:43:43,31.5,168.3,224.2,0.8,290.0,235.7
2018-11-15T06:44:14,31.5,178.3,246.6,0.8,290.0,237.7
2018-11-15T06:44:45,31.5,199.6,222.4,0.7,290.0,237.7
2018-11-15T06:45:16,31.6,220.3,238.4,0.6,290.0,236.7
2018-11-15T06:45:47,31.6,198.4,230.1,0.7,300.0,237.7
2018-11-15T06:46:19,31.6,175.4,216.5,1.0,300.0,238.6
2018-11-15T06:46:50,31.6,173.0,215.9,1.2,300.0,238.6
2018-11-15T06:47:21,31.7,177.8,234.8,1.3,310.0,237.7
2018-11-15T06:47:52,31.7,163.0,247.2,1.2,310.0,238.6
2018-11-15T06:48:23,31.7,181.9,223.6,1.3,320.0,237.7
2018-11-15T06:48:54,31.7,174.8,224.8,1.3,320.0,239.6
2018-11-15T06:49:25,31.8,180.1,231.3,1.1,320.0,238.6
2018-11-15T06:49:56,31.8,182.5,233.6,1.0,330.0,237.7
2018-11-15T06:50:27,31.8,202.0,245.5,0.9,330.0,239.6
2018-11-15T06:50:58,31.8,213.2,228.3,1.1,340.0,239.6
2018-11-15T06:51:30,31.8,215.0,230.7,1.0,340.0,239.6
2018-11-15T06:52:01,31.8,207.9,238.4,0.9,340.0,239.6
2018-11-15T06:52:32,31.9,217.3,237.2,0.9,350.0,240.6
2018-11-15T06:53:03,31.9,218.5,228.9,0.9,350.0,239.6
2018-11-15T06:53:34,31.9,192.5,207.6,1.2,360.0,240.6
2018-11-15T06:54:05,32.0,170.7,231.3,1.4,360.0,239.6
2018-11-15T06:54:36,32.0,179.5,228.3,1.3,370.0,239.6
2018-11-15T06:55:07,32.0,183.1,230.7,1.1,370.0,239.6
2018-11-15T06:55:38,32.0,174.2,235.4,1.1,370.0,240.6
2018-11-15T06:56:10,32.0,198.4,213.5,1.1,380.0,241.5
2018-11-15T06:56:41,32.2,222.7,221.2,1.0,380.0,243.5
2018-11-15T06:57:12,32.2,200.2,243.1,1.2,390.0,242.5
2018-11-15T06:57:43,32.2,175.4,220.6,1.5,390.0,242.5
2018-11-15T06:58:14,32.2,178.3,224.2,1.6,400.0,243.5
2018-11-15T06:58:45,32.2,176.0,238.4,1.6,400.0,243.5
2018-11-15T06:59:16,32.2,180.7,230.1,1.2,410.0,243.5
2018-11-15T06:59:47,32.2,192.5,217.1,1.2,410.0,245.4
2018-11-15T07:00:18,32.3,184.3,240.1,1.3,410.0,242.5
2018-11-15T07:00:49,32.3,176.0,229.5,1.3,420.0,241.5
2018-11-15T07:01:21,32.3,192.5,233.6,1.2,420.0,242.5
2018-11-15T07:01:52,32.4,214.4,230.1,1.1,430.0,244.4
2018-11-15T07:02:23,32.4,206.7,225.9,1.1,430.0,243.5
2018-11-15T07:02:54,32.4,211.4,230.7,1.1,440.0,244.4
2018-11-15T07:03:25,32.4,220.9,231.9,1.1,440.0,242.5
2018-11-15T07:03:56,32.4,203.2,234.2,1.1,440.0,241.5
2018-11-15T07:04:27,32.5,204.3,229.5,1.1,450.0,243.5
2018-11-15T07:04:58,32.5,184.8,234.2,1.2,450.0,242.5
2018-11-15T07:05:29,32.5,168.3,221.8,1.3,460.0,241.5
2018-11-15T07:06:00,32.5,183.1,236.6,1.3,460.0,244.4
2018-11-15T07:06:31,32.6,174.2,223.6,1.4,460.0,243.5
2018-11-15T07:07:02,32.6,173.6,235.4,1.3,470.0,243.5
2018-11-15T07:07:33,32.6,166.5,227.7,1.4,470.0,243.5
2018-11-15T07:08:04,32.6,173.6,223.6,1.4,480.0,243.5
2018-11-15T07:08:35,32.7,173.0,233.0,1.3,480.0,243.5
2018-11-15T07:09:06,32.7,178.9,231.3,1.2,480.0,244.4
2018-11-15T07:09:37,32.6,178.9,235.4,1.2,490.0,244.4
2018-11-15T07:10:08,32.7,176.6,226.5,1.3,490.0,244.4
2018-11-15T07:10:40,32.7,197.3,234.8,1.0,500.0,243.5
2018-11-15T07:11:11,32.7,178.9,226.5,1.2,500.0,244.4
2018-11-15T07:11:42,32.7,178.3,229.5,1.1,500.0,242.5
2018-11-15T07:12:13,32.7,157.7,231.3,1.4,510.0,242.5
2018-11-15T07:12:44,32.7,173.0,224.8,1.3,510.0,244.4
2018-11-15T07:13:15,32.9,164.2,230.1,1.3,520.0,244.4
2018-11-15T07:13:46,32.9,161.2,233.0,1.4,520.0,241.5
2018-11-15T07:14:17,32.9,163.6,225.9,1.3,520.0,242.5
2018-11-15T07:14:48,32.9,188.4,231.3,1.1,530.0,242.5
2018-11-15T07:15:19,32.9,190.2,242.5,1.1,530.0,243.5
2018-11-15T07:15:51,33.0,175.4,218.8,1.2,540.0,241.5
2018-11-15T07:16:22,33.0,177.2,236.6,1.3,540.0,243.5
2018-11-15T07:16:53,33.0,183.1,223.6,1.3,540.0,244.4
2018-11-15T07:17:24,33.0,178.3,234.2,1.2,550.0,243.5
2018-11-15T07:17:55,33.1,180.7,226.5,1.3,550.0,243.5
2018-11-15T07:18:26,33.0,187.8,230.7,1.1,560.0,243.5
2018-11-15T07:18:57,33.1,174.8,232.4,1.3,560.0,245.4
2018-11-15T07:19:28,33.0,197.3,218.3,1.2,560.0,244.4
2018-11-15T07:19:59,33.0,181.3,238.4,1.2,570.0,244.4
2018-11-15T07:20:30,33.0,186.0,220.6,1.3,570.0,244.4
2018-11-15T07:21:02,33.0,184.3,241.9,1.3,580.0,245.4
2018-11-15T07:21:33,33.1,181.3,220.6,1.3,580.0,244.4
2018-11-15T07:22:04,33.1,170.7,238.4,1.3,590.0,243.5
2018-11-15T07:22:35,33.2,171.9,225.4,1.3,590.0,243.5
2018-11-15T07:23:06,33.2,159.4,225.4,1.4,600.0,243.5
2018-11-15T07:23:37,33.2,180.1,243.7,1.2,600.0,242.5
2018-11-15T07:24:08,33.3,198.4,221.2,1.1,600.0,243.5
2018-11-15T07:24:39,33.3,173.0,236.6,1.4,610.0,243.5
2018-11-15T07:25:10,33.3,184.3,225.9,1.3,610.0,245.4
2018-11-15T07:25:41,33.3,165.9,236.0,1.4,620.0,245.4
2018-11-15T07:26:13,33.4,173.0,222.4,1.4,620.0,244.4
2018-11-15T07:26:44,33.4,173.0,234.2,1.4,630.0,244.4
2018-11-15T07:27:15,33.4,177.2,229.5,1.4,630.0,243.5
2018-11-15T07:27:46,33.4,179.5,229.5,1.5,640.0,244.4
2018-11-15T07:28:17,33.5,178.3,235.4,1.6,640.0,243.5
2018-11-15T07:28:48,33.5,183.1,232.4,1.4,650.0,244.4
2018-11-15T07:29:19,33.5,185.4,228.9,1.4,650.0,245.4
2018-11-15T07:29:50,33.5,185.4,231.9,1.5,660.0,244.4
2018-11-15T07:30:21,33.5,186.6,228.9,1.4,660.0,244.4
2018-11-15T07:30:53,33.5,178.3,218.8,1.4,670.0,245.4
2018-11-15T07:31:24,33.5,170.7,240.1,1.6,670.0,244.4
2018-11-15T07:31:55,33.5,189.6,220.6,1.5,680.0,245.4
2018-11-15T07:32:26,33.7,180.7,236.6,1.6,680.0,244.4
2018-11-15T07:32:57,33.7,179.5,226.5,1.6,690.0,242.5
2018-11-15T07:33:28,33.7,176.0,230.7,1.7,690.0,243.5
2018-11-15T07:33:59,33.8,180.1,234.2,1.6,700.0,243.5
2018-11-15T07:34:30,33.8,186.0,227.7,1.7,710.0,245.4
2018-11-15T07:35:01,33.8,182.5,222.4,1.7,710.0,244.4
2018-11-15T07:35:33,33.9,186.0,235.4,1.6,720.0,243.5
2018-11-15T07:36:05,33.9,179.5,224.2,1.8,720.0,244.4
2018-11-15T07:36:36,33.9,183.1,234.2,1.8,730.0,244.4
2018-11-15T07:37:07,33.9,191.3,230.7,1.7,740.0,244.4
2018-11-15T07:37:38,34.0,185.4,234.2,1.8,740.0,243.5
2018-11-15T07:38:09,34.0,192.5,227.7,1.7,750.0,244.4
2018-11-15T07:38:40,34.0,184.3,222.4,2.0,760.0,244.4
2018-11-15T07:39:11,34.1,186.6,234.2,1.8,760.0,244.4
2018-11-15T07:39:42,34.1,191.9,233.6,1.8,770.0,245.4
2018-11-15T07:40:13,34.1,187.8,227.1,1.8,770.0,245.4
2018-11-15T07:40:45,34.1,186.0,239.0,1.8,780.0,243.5
2018-11-15T07:41:16,34.1,182.5,225.9,1.9,790.0,244.4
2018-11-15T07:41:47,34.2,177.2,231.3,1.9,800.0,247.3
2018-11-15T07:42:18,34.2,176.6,230.1,2.1,800.0,247.3
2018-11-15T07:42:49,34.4,176.6,230.1,2.1,810.0,246.4
2018-11-15T07:43:20,34.2,181.3,230.1,2.1,820.0,246.4
2018-11-15T07:43:51,34.2,181.3,234.2,2.1,820.0,246.4
2018-11-15T07:44:22,34.4,179.5,225.9,2.2,830.0,246.4
2018-11-15T07:44:53,34.4,184.3,228.3,2.1,840.0,248.3
2018-11-15T07:45:24,34.4,181.3,230.1,2.3,850.0,247.3
2018-11-15T07:45:56,34.5,176.6,234.2,2.3,850.0,247.3
2018-11-15T07:46:27,34.5,179.5,224.8,2.3,860.0,247.3
2018-11-15T07:46:58,34.5,180.1,227.1,2.3,870.0,247.3
2018-11-15T07:47:29,34.6,185.4,224.8,2.4,880.0,247.3
2018-11-15T07:48:00,34.6,178.9,236.6,2.3,890.0,247.3
2018-11-15T07:48:31,34.7,180.1,230.7,2.4,890.0,248.3
2018-11-15T07:49:02,34.7,184.3,231.3,2.5,900.0,246.4
2018-11-15T07:49:33,34.8,184.3,220.0,2.4,910.0,246.4
2018-11-15T07:50:04,34.8,180.1,228.3,2.5,920.0,246.4
2018-11-15T07:50:36,34.9,182.5,235.4,2.5,930.0,246.4
2018-11-15T07:51:07,34.9,183.7,236.6,1.2,940.0,244.4
2018-11-15T07:51:38,34.9,183.1,229.5,1.0,940.0,244.4
2018-11-15T07:52:09,34.9,185.4,222.4,0.9,940.0,245.4
2018-11-15T07:52:40,34.9,169.5,222.4,1.0,950.0,244.4
2018-11-15T07:53:11,34.9,176.0,225.9,0.9,950.0,244.4
2018-11-15T07:53:42,34.9,172.4,223.0,0.9,950.0,244.4
2018-11-15T07:54:13,34.9,186.6,213.5,0.9,960.0,244.4
2018-11-15T07:54:44,35.0,185.4,228.3,0.9,960.0,244.4
2018-11-15T07:55:15,35.0,191.9,226.5,0.7,960.0,244.4
2018-11-15T07:55:47,35.0,184.8,221.8,0.9,960.0,245.4
2018-11-15T07:56:18,35.0,186.6,239.5,0.9,970.0,245.4
2018-11-15T07:56:49,35.2,203.2,230.1,0.8,970.0,245.4
2018-11-15T07:57:20,35.2,205.5,209.4,0.9,970.0,245.4
2018-11-15T07:57:51,35.0,211.4,230.7,0.9,980.0,245.4
2018-11-15T07:58:22,35.0,201.4,211.7,0.8,980.0,244.4
2018-11-15T07:58:53,35.0,207.3,228.9,0.8,980.0,245.4
2018-11-15T07:59:24,35.0,198.4,230.7,0.8,990.0,244.4
2018-11-15T07:59:55,35.0,206.7,219.4,0.9,990.0,245.4
2018-11-15T08:00:26,35.0,186.6,225.9,1.0,990.0,244.4
2018-11-15T08:00:58,34.9,195.5,237.8,0.9,1000.0,245.4
2018-11-15T08:01:29,34.9,227.4,261.4,1.2,1000.0,247.3
2018-11-15T08:02:00,34.9,202.0,226.5,2.5,1010.0,247.3
2018-11-15T08:02:31,34.9,185.4,239.0,1.9,1010.0,245.4
2018-11-15T08:03:02,35.0,187.8,233.0,1.1,1020.0,246.4
2018-11-15T08:03:33,35.0,189.6,211.7,1.2,1020.0,245.4
2018-11-15T08:04:04,35.0,206.1,223.6,1.2,1030.0,246.4
2018-11-15T08:04:35,35.0,213.8,223.0,1.2,1030.0,246.4
2018-11-15T08:05:06,35.0,213.2,214.7,1.2,1040.0,247.3
2018-11-15T08:05:38,35.0,211.4,239.5,1.1,1040.0,247.3
2018-11-15T08:06:09,35.0,220.9,222.4,1.1,1050.0,247.3
2018-11-15T08:06:40,35.2,220.9,233.6,1.1,1050.0,246.4
2018-11-15T08:07:11,35.2,207.3,225.4,1.0,1060.0,245.4
2018-11-15T08:07:42,35.2,215.0,230.7,1.1,1060.0,246.4
2018-11-15T08:08:13,35.3,213.2,226.5,1.0,1060.0,247.3
2018-11-15T08:08:44,35.3,218.5,237.2,1.0,1070.0,246.4
2018-11-15T08:09:15,35.3,220.3,223.0,0.9,1070.0,247.3
2018-11-15T08:09:46,35.3,200.8,239.5,1.1,1080.0,246.4
2018-11-15T08:10:17,35.3,219.7,218.3,0.9,1080.0,246.4
2018-11-15T08:10:49,35.4,204.3,235.4,1.0,1090.0,246.4
2018-11-15T08:11:21,35.4,197.3,223.0,1.0,1090.0,246.4
2018-11-15T08:11:52,35.4,192.5,222.4,1.2,1100.0,247.3
2018-11-15T08:12:23,35.4,184.8,237.2,1.3,1100.0,246.4
2018-11-15T08:12:54,35.4,180.7,218.8,1.2,1110.0,246.4
2018-11-15T08:13:25,35.4,206.1,240.7,1.2,1110.0,247.3
2018-11-15T08:13:56,35.4,216.2,222.4,1.1,1120.0,246.4
2018-11-15T08:14:27,35.4,212.0,225.9,1.2,1120.0,246.4
2018-11-15T08:14:58,35.4,216.2,236.6,1.2,1130.0,246.4
2018-11-15T08:15:29,35.4,204.9,228.3,1.3,1130.0,246.4
2018-11-15T08:16:00,35.5,218.5,225.4,1.3,1140.0,246.4
2018-11-15T08:16:31,35.5,209.1,234.2,1.3,1140.0,247.3
2018-11-15T08:17:02,35.5,216.2,233.0,1.3,1150.0,246.4
2018-11-15T08:17:33,35.6,210.2,227.7,1.2,1150.0,247.3
2018-11-15T08:18:04,35.6,218.5,227.1,1.2,1160.0,247.3
2018-11-15T08:18:35,35.6,204.3,237.8,1.3,1170.0,247.3
2018-11-15T08:19:06,35.6,221.5,221.2,1.1,1170.0,246.4
2018-11-15T08:19:37,35.6,199.6,241.3,1.4,1180.0,247.3
2018-11-15T08:20:08,35.6,199.0,230.1,1.4,1180.0,246.4
2018-11-15T08:20:40,35.6,191.9,224.2,1.5,1190.0,246.4
2018-11-15T08:21:11,35.6,191.3,235.4,1.4,1190.0,246.4
2018-11-15T08:21:42,35.6,191.3,232.4,1.4,1200.0,246.4
2018-11-15T08:22:13,35.6,173.0,227.7,1.7,1210.0,246.4
2018-11-15T08:22:44,35.6,163.0,235.4,1.9,1210.0,247.3
2018-11-15T08:23:15,35.5,188.4,228.3,1.8,1220.0,246.4
2018-11-15T08:23:46,35.5,184.3,220.6,2.1,1230.0,247.3
2018-11-15T08:24:17,35.6,184.3,243.7,3.6,1240.0,250.2
2018-11-15T08:24:48,35.6,219.7,223.0,4.2,1250.0,251.2
2018-11-15T08:25:19,35.7,217.3,223.6,4.0,1270.0,251.2
2018-11-15T08:25:51,35.9,219.7,224.8,4.1,1290.0,249.3
2018-11-15T08:26:22,35.9,213.2,239.5,2.3,1300.0,249.3
2018-11-15T08:26:53,36.0,200.8,219.4,1.9,1310.0,249.3
2018-11-15T08:27:24,36.0,189.6,236.6,4.9,1320.0,249.3
2018-11-15T08:27:55,36.0,184.3,215.9,2.8,1330.0,248.3
2018-11-15T08:28:26,36.1,189.6,225.9,2.8,1340.0,249.3
2018-11-15T08:28:57,36.2,180.7,235.4,4.7,1350.0,251.2
2018-11-15T08:29:28,36.2,189.6,224.8,2.9,1370.0,248.3
2018-11-15T08:29:59,36.3,195.5,210.6,1.6,1380.0,248.3
2018-11-15T08:30:30,36.3,180.1,226.5,3.0,1380.0,250.2
2018-11-15T08:31:02,36.3,174.8,230.1,3.8,1400.0,248.3
2018-11-15T08:31:33,36.4,190.8,231.3,2.2,1400.0,248.3
2018-11-15T08:32:04,36.4,172.4,217.7,3.7,1410.0,251.2
2018-11-15T08:32:35,36.4,172.4,221.2,3.2,1430.0,251.2
2018-11-15T08:33:06,36.5,199.0,238.4,3.8,1440.0,251.2
2018-11-15T08:33:37,36.5,205.5,225.9,4.4,1460.0,251.2
2018-11-15T08:34:08,36.7,202.0,224.2,4.4,1470.0,251.2
2018-11-15T08:34:39,36.7,203.2,220.0,4.4,1490.0,251.2
2018-11-15T08:35:10,36.8,199.0,224.8,4.5,1510.0,250.2
2018-11-15T08:35:41,36.8,202.0,230.1,4.4,1520.0,249.3
2018-11-15T08:36:13,36.8,206.7,225.4,1.5,1530.0,248.3
2018-11-15T08:36:44,36.9,199.6,221.2,3.7,1540.0,250.2
2018-11-15T08:37:15,36.9,200.8,215.9,4.5,1560.0,250.2
2018-11-15T08:37:46,36.9,201.4,218.8,2.9,1570.0,246.4
2018-11-15T08:38:17,37.0,203.7,215.9,1.2,1580.0,245.4
2018-11-15T08:38:48,37.0,209.1,223.0,1.1,1580.0,245.4
2018-11-15T08:39:19,37.0,236.2,255.5,1.4,1590.0,246.4
2018-11-15T08:39:50,37.0,213.8,239.0,1.4,1590.0,244.4
2018-11-15T08:40:21,37.0,209.1,218.8,1.3,1600.0,246.4
2018-11-15T08:40:52,36.9,200.8,230.7,1.5,1600.0,246.4
2018-11-15T08:41:24,36.9,169.5,219.4,2.5,1610.0,247.3
2018-11-15T08:41:55,36.9,193.7,212.9,2.3,1620.0,246.4
2018-11-15T08:42:26,36.9,201.4,225.4,1.4,1630.0,247.3
2018-11-15T08:42:57,36.9,215.6,227.7,1.3,1630.0,249.3
2018-11-15T08:43:28,37.0,184.3,195.2,3.0,1640.0,250.2
2018-11-15T08:43:59,37.0,175.4,213.5,2.0,1650.0,248.3
2018-11-15T08:44:30,37.0,152.9,194.6,2.4,1650.0,247.3
2018-11-15T08:45:01,37.0,141.7,181.6,2.1,1660.0,247.3
2018-11-15T08:45:32,37.0,173.0,215.3,2.2,1670.0,249.3
2018-11-15T08:46:04,37.0,169.5,225.9,1.9,1670.0,247.3
2018-11-15T08:46:35,37.0,203.2,253.7,2.9,1680.0,248.3
2018-11-15T08:47:06,37.1,203.7,239.5,4.6,1690.0,250.2
2018-11-15T08:47:37,37.1,203.2,240.7,2.7,1700.0,249.3
2018-11-15T08:48:08,37.1,199.6,223.6,2.1,1710.0,248.3
2018-11-15T08:48:39,37.1,211.4,224.2,1.6,1720.0,248.3
2018-11-15T08:49:10,37.1,229.2,214.1,1.5,1730.0,248.3
2018-11-15T08:49:41,37.1,213.2,223.6,1.6,1730.0,247.3
2018-11-15T08:50:12,37.1,215.0,221.2,1.4,1740.0,247.3
2018-11-15T08:50:43,37.2,216.2,230.7,1.4,1750.0,246.4
2018-11-15T08:51:15,37.2,213.2,229.5,1.3,1750.0,247.3
2018-11-15T08:51:46,37.2,219.7,218.8,1.2,1760.0,246.4
2018-11-15T08:52:17,37.2,204.3,221.2,1.5,1760.0,246.4
2018-11-15T08:52:48,37.2,211.4,218.8,1.3,1770.0,247.3
2018-11-15T08:53:19,37.2,216.7,242.5,1.4,1780.0,246.4
2018-11-15T08:53:50,37.1,212.6,227.1,1.3,1780.0,246.4
2018-11-15T08:54:21,37.2,212.0,231.3,1.3,1790.0,245.4
2018-11-15T08:54:52,37.2,208.5,227.7,1.3,1790.0,246.4
2018-11-15T08:55:23,37.2,217.9,219.4,1.1,1800.0,247.3
2018-11-15T08:55:55,37.1,216.2,228.9,1.1,1800.0,246.4
2018-11-15T08:56:26,37.0,209.7,228.9,1.2,1810.0,244.4
2018-11-15T08:56:57,37.1,209.1,220.6,1.2,1810.0,245.4
2018-11-15T08:57:28,37.1,218.5,227.7,1.1,1820.0,245.4
2018-11-15T08:57:59,37.1,218.5,216.5,1.1,1820.0,245.4
2018-11-15T08:58:30,37.1,202.0,224.2,1.1,1830.0,245.4
2018-11-15T08:59:01,37.1,212.0,220.0,1.1,1830.0,244.4
2018-11-15T08:59:32,37.1,213.2,235.4,1.0,1840.0,246.4
2018-11-15T09:00:03,37.1,210.2,233.6,1.1,1840.0,245.4
2018-11-15T09:00:35,37.2,212.0,219.4,1.1,1850.0,246.4
2018-11-15T09:01:06,37.2,209.1,231.3,1.2,1850.0,246.4
2018-11-15T09:01:37,37.2,204.3,223.6,1.2,1850.0,246.4
2018-11-15T09:02:08,37.2,183.1,223.6,1.3,1860.0,245.4
2018-11-15T09:02:39,37.2,165.4,237.2,1.5,1860.0,243.5
2018-11-15T09:03:10,37.4,178.9,230.1,1.4,1870.0,243.5
2018-11-15T09:03:41,37.4,191.9,223.6,1.4,1870.0,244.4
2018-11-15T09:04:12,37.2,196.1,228.3,1.4,1880.0,245.4
2018-11-15T09:04:43,37.2,196.1,225.9,1.5,1890.0,244.4
2018-11-15T09:05:14,37.4,221.5,225.4,1.5,1890.0,244.4
2018-11-15T09:05:46,37.4,192.5,255.5,2.8,1900.0,245.4
2018-11-15T09:06:17,37.4,211.4,232.4,2.8,1910.0,245.4
2018-11-15T09:06:48,37.4,191.3,231.9,2.3,1920.0,246.4
2018-11-15T09:07:19,37.4,213.8,224.8,4.2,1930.0,246.4
2018-11-15T09:07:50,37.4,206.7,214.1,2.7,1950.0,245.4
2018-11-15T09:08:21,37.5,208.5,217.7,1.6,1950.0,245.4
2018-11-15T09:08:52,37.4,212.6,225.4,1.5,1960.0,246.4
2018-11-15T09:09:23,37.4,217.3,221.8,1.5,1970.0,245.4
2018-11-15T09:09:54,37.4,215.6,230.1,1.5,1970.0,244.4
2018-11-15T09:10:25,37.5,204.3,231.9,1.5,1980.0,244.4
2018-11-15T09:10:57,37.4,209.1,225.9,1.4,1990.0,245.4
2018-11-15T09:11:28,37.5,211.4,232.4,1.3,1990.0,243.5
2018-11-15T09:11:59,37.4,220.9,224.8,1.3,2000.0,244.4
2018-11-15T09:12:30,37.5,222.1,214.7,1.3,2010.0,244.4
2018-11-15T09:13:01,37.5,202.0,234.8,1.6,2010.0,244.4
2018-11-15T09:13:32,37.5,209.7,236.6,1.6,2020.0,245.4
2018-11-15T09:14:03,37.5,187.2,213.5,1.9,2030.0,246.4
2018-11-15T09:14:34,37.5,162.4,230.1,2.4,2040.0,243.5
2018-11-15T09:15:05,37.5,130.5,236.0,4.8,2050.0,247.3
2018-11-15T09:15:37,37.5,121.0,224.2,4.7,2060.0,246.4
2018-11-15T09:16:08,37.6,140.5,226.5,3.5,2070.0,244.4
2018-11-15T09:16:39,37.5,159.4,218.8,2.8,2080.0,244.4
2018-11-15T09:17:10,37.6,165.4,232.4,2.7,2090.0,244.4
2018-11-15T09:17:41,37.6,161.8,227.7,3.1,2100.0,245.4
2018-11-15T09:18:12,37.7,189.6,204.6,6.1,2120.0,248.3
2018-11-15T09:18:43,37.7,191.3,205.8,2.7,2130.0,247.3
2018-11-15T09:19:14,37.8,196.1,236.0,2.8,2140.0,248.3
2018-11-15T09:19:45,37.8,218.5,225.9,3.6,2160.0,249.3
2018-11-15T09:20:16,37.8,220.3,220.6,1.9,2170.0,246.4
2018-11-15T09:20:48,37.9,210.8,225.4,1.8,2180.0,245.4
2018-11-15T09:21:19,37.9,207.9,227.7,2.1,2180.0,245.4
2018-11-15T09:21:50,37.8,198.4,220.6,2.2,2190.0,245.4
2018-11-15T09:22:21,37.9,162.4,186.3,6.4,2210.0,248.3
2018-11-15T09:22:52,37.8,163.0,188.7,3.5,2220.0,247.3
2018-11-15T09:23:23,37.8,163.6,201.7,3.3,2230.0,247.3
2018-11-15T09:23:54,37.8,167.7,220.0,2.9,2240.0,246.4
2018-11-15T09:24:25,37.9,191.9,211.2,2.7,2250.0,245.4
2018-11-15T09:24:56,37.8,185.4,220.0,2.5,2260.0,246.4
2018-11-15T09:25:27,37.8,168.9,224.8,2.2,2270.0,245.4
2018-11-15T09:25:59,37.8,178.3,225.4,2.1,2270.0,245.4
2018-11-15T09:26:30,37.8,175.4,225.9,2.0,2280.0,244.4
2018-11-15T09:27:01,37.8,190.2,224.2,2.0,2290.0,244.4
2018-11-15T09:27:32,37.8,192.5,215.9,2.0,2300.0,246.4
2018-11-15T09:28:03,37.7,170.1,224.2,3.1,2310.0,245.4
2018-11-15T09:28:34,37.7,147.6,246.6,6.1,2320.0,248.3
2018-11-15T09:29:05,37.7,143.5,244.9,2.5,2330.0,246.4
2018-11-15T09:29:36,37.7,163.0,222.4,2.4,2340.0,245.4
2018-11-15T09:30:07,37.7,186.0,217.1,2.2,2350.0,243.5
2018-11-15T09:30:39,37.8,192.5,221.8,2.1,2350.0,245.4
2018-11-15T09:31:10,37.8,194.3,207.6,2.2,2360.0,244.4
2018-11-15T09:31:41,37.8,207.3,202.9,2.5,2370.0,249.3
2018-11-15T09:32:12,37.9,180.1,209.4,6.1,2390.0,247.3
2018-11-15T09:32:43,37.9,195.5,229.5,2.4,2400.0,244.4
2018-11-15T09:33:14,37.9,191.3,225.4,1.9,2410.0,244.4
2018-11-15T09:33:45,38.0,188.4,222.4,1.8,2410.0,244.4
2018-11-15T09:34:16,37.9,187.2,222.4,1.6,2420.0,244.4
2018-11-15T09:34:47,37.9,191.3,221.8,1.5,2430.0,243.5
2018-11-15T09:35:18,37.9,191.3,217.1,1.5,2430.0,243.5
2018-11-15T09:35:50,37.9,190.8,223.6,1.5,2440.0,243.5
2018-11-15T09:36:22,37.9,184.3,227.7,1.4,2440.0,243.5
2018-11-15T09:36:53,38.0,189.0,225.4,1.5,2450.0,243.5
2018-11-15T09:37:24,37.9,190.8,214.1,1.5,2450.0,243.5
2018-11-15T09:37:55,37.9,172.4,202.9,1.8,2460.0,243.5
2018-11-15T09:38:26,37.9,153.5,232.4,1.9,2460.0,243.5
2018-11-15T09:38:57,37.9,180.7,221.8,1.8,2470.0,246.4
2018-11-15T09:39:28,37.8,184.3,205.2,2.0,2480.0,244.4
2018-11-15T09:39:59,37.8,162.4,236.6,2.2,2480.0,245.4
2018-11-15T09:40:30,37.9,144.7,225.4,2.6,2490.0,245.4
2018-11-15T09:41:01,37.9,173.6,238.4,2.3,2500.0,246.4
2018-11-15T09:41:32,37.9,161.2,245.5,2.8,2510.0,247.3
2018-11-15T09:42:03,37.9,173.6,205.8,4.3,2520.0,248.3
2018-11-15T09:42:34,37.9,203.2,223.6,5.5,2540.0,251.2
2018-11-15T09:43:05,38.0,187.8,223.6,5.6,2550.0,250.2
2018-11-15T09:43:36,38.0,191.3,223.6,6.6,2580.0,251.2
2018-11-15T09:44:07,38.2,186.6,223.6,6.8,2600.0,251.2
2018-11-15T09:44:38,38.3,183.7,220.6,6.8,2620.0,250.2
2018-11-15T09:45:09,38.3,184.3,219.4,6.6,2640.0,251.2
2018-11-15T09:45:41,38.4,183.1,223.6,6.5,2670.0,251.2
2018-11-15T09:46:12,38.5,178.3,225.4,6.6,2690.0,251.2
2018-11-15T09:46:43,38.6,176.0,224.2,6.8,2710.0,250.2
2018-11-15T09:47:14,38.7,180.1,222.4,6.5,2730.0,251.2
2018-11-15T09:47:45,39.0,180.1,218.8,6.5,2750.0,250.2
2018-11-15T09:48:16,39.0,176.6,215.3,6.6,2770.0,251.2
2018-11-15T09:48:47,39.0,174.2,216.5,6.9,2800.0,251.2
2018-11-15T09:49:18,39.1,177.8,209.4,6.7,2820.0,251.2
2018-11-15T09:49:49,39.2,179.5,214.1,6.5,2840.0,251.2
2018-11-15T09:50:20,39.2,178.9,210.6,6.7,2860.0,250.2
2018-11-15T09:50:52,39.2,177.8,219.4,6.7,2880.0,251.2
2018-11-15T09:51:23,39.3,171.3,220.0,6.6,2900.0,250.2
2018-11-15T09:51:54,39.3,165.9,211.2,6.8,2920.0,250.2
2018-11-15T09:52:25,39.4,172.4,208.8,6.8,2940.0,249.3
2018-11-15T09:52:56,39.4,168.9,204.6,6.7,2960.0,249.3
2018-11-15T09:53:27,39.4,163.0,204.6,2.1,2980.0,245.4
2018-11-15T09:53:58,39.5,132.3,241.3,4.1,2980.0,247.3
2018-11-15T09:54:29,39.5,147.0,222.4,5.7,3000.0,249.3
2018-11-15T09:55:00,39.7,167.7,220.0,7.0,3020.0,253.1
2018-11-15T09:55:32,39.7,170.7,219.4,7.2,3040.0,251.2
2018-11-15T09:56:03,39.8,165.9,220.6,7.1,3060.0,251.2
2018-11-15T09:56:34,39.8,179.5,211.7,4.2,3080.0,249.3
2018-11-15T09:57:05,39.8,191.9,215.3,1.5,3100.0,247.3
2018-11-15T09:57:36,39.9,168.3,207.6,2.1,3100.0,246.4
2018-11-15T09:58:07,39.9,168.9,212.3,7.4,3120.0,250.2
2018-11-15T09:58:38,40.0,173.0,212.3,7.4,3140.0,252.2
2018-11-15T09:59:09,40.0,170.1,213.5,4.8,3160.0,251.2
2018-11-15T09:59:40,40.0,168.9,210.0,3.5,3180.0,248.3
2018-11-15T10:00:11,40.0,177.2,204.6,3.0,3190.0,248.3
2018-11-15T10:00:43,40.1,183.7,189.9,7.0,3210.0,250.2
2018-11-15T10:01:14,40.1,176.6,210.0,7.3,3230.0,251.2
2018-11-15T10:01:45,40.2,165.4,206.4,6.6,3250.0,247.3
2018-11-15T10:02:16,40.2,176.0,210.0,7.6,3270.0,248.3
2018-11-15T10:02:47,40.4,169.5,204.1,6.2,3290.0,249.3
2018-11-15T10:03:18,40.4,176.0,217.7,2.0,3300.0,245.4
2018-11-15T10:03:49,40.5,154.1,241.3,3.2,3310.0,248.3
2018-11-15T10:04:20,40.5,142.3,211.7,4.2,3320.0,252.2
2018-11-15T10:04:51,40.5,132.3,198.7,8.3,3340.0,252.2
2018-11-15T10:05:22,40.5,163.0,215.3,7.8,3360.0,252.2
2018-11-15T10:05:54,40.6,175.4,215.3,7.1,3380.0,250.2
2018-11-15T10:06:26,40.7,178.9,210.0,7.2,3410.0,250.2
2018-11-15T10:06:57,40.7,177.2,208.2,5.9,3430.0,248.3
2018-11-15T10:07:28,40.7,178.3,210.0,2.0,3440.0,246.4
2018-11-15T10:07:59,40.8,180.1,211.2,1.8,3450.0,245.4
2018-11-15T10:08:30,40.8,180.7,208.8,1.8,3450.0,246.4
2018-11-15T10:09:01,40.8,184.8,210.6,1.6,3460.0,245.4
2018-11-15T10:09:32,40.8,181.3,211.2,1.5,3460.0,245.4
2018-11-15T10:10:03,40.8,177.8,217.7,1.6,3470.0,244.4
2018-11-15T10:10:34,40.8,178.9,195.2,2.1,3480.0,246.4
2018-11-15T10:11:06,40.7,157.7,182.2,2.1,3480.0,247.3
2018-11-15T10:11:37,40.8,145.3,209.4,2.1,3490.0,247.3
2018-11-15T10:12:08,40.8,114.6,249.0,4.5,3500.0,250.2
2018-11-15T10:12:39,40.8,119.9,220.6,6.9,3520.0,253.1
2018-11-15T10:13:10,40.8,134.6,211.7,2.6,3530.0,249.3
2018-11-15T10:13:41,40.8,164.8,191.0,5.3,3540.0,252.2
2018-11-15T10:14:12,40.8,168.9,221.2,7.9,3560.0,253.1
2018-11-15T10:14:43,40.8,168.9,217.1,7.6,3590.0,252.2
2018-11-15T10:15:14,40.9,154.7,216.5,6.4,3610.0,248.3
2018-11-15T10:15:45,40.9,158.9,212.9,1.7,3620.0,245.4
2018-11-15T10:16:17,41.0,161.2,213.5,1.8,3620.0,244.4
2018-11-15T10:16:48,40.9,180.1,218.8,1.6,3630.0,245.4
2018-11-15T10:17:19,41.0,178.9,207.6,1.6,3630.0,245.4
2018-11-15T10:17:50,40.9,181.9,224.2,1.5,3640.0,244.4
2018-11-15T10:18:21,40.9,186.0,221.2,1.4,3650.0,243.5
2018-11-15T10:18:52,40.9,189.6,213.5,1.4,3650.0,244.4
2018-11-15T10:19:23,40.9,209.1,222.4,1.3,3660.0,244.4
2018-11-15T10:19:54,40.9,193.7,211.7,1.3,3660.0,243.5
2018-11-15T10:20:25,40.8,214.4,227.1,1.2,3670.0,243.5
2018-11-15T10:20:56,40.8,191.9,211.2,1.4,3680.0,243.5
2018-11-15T10:21:28,40.8,174.8,215.3,1.6,3680.0,244.4
2018-11-15T10:21:59,40.8,187.2,223.0,1.6,3690.0,244.4
2018-11-15T10:22:30,40.7,182.5,224.2,1.5,3690.0,243.5
2018-11-15T10:23:01,40.6,188.4,222.4,1.5,3700.0,243.5
2018-11-15T10:23:32,40.5,189.6,218.3,1.5,3710.0,244.4
2018-11-15T10:24:03,40.5,191.9,217.1,1.4,3710.0,244.4
2018-11-15T10:24:34,40.5,194.3,220.6,1.3,3720.0,244.4
2018-11-15T10:25:05,40.4,192.5,230.1,1.4,3720.0,243.5
2018-11-15T10:25:36,40.4,189.6,218.3,1.4,3730.0,244.4
2018-11-15T10:26:08,40.4,181.3,220.0,1.4,3740.0,244.4
2018-11-15T10:26:39,40.2,189.6,218.8,1.4,3740.0,243.5
2018-11-15T10:27:10,40.2,212.0,231.3,1.3,3750.0,243.5
2018-11-15T10:27:41,40.4,200.2,221.2,1.2,3750.0,244.4
2018-11-15T10:28:12,40.4,212.0,217.7,1.2,3760.0,244.4
2018-11-15T10:28:43,40.4,210.2,221.2,1.2,3760.0,243.5
2018-11-15T10:29:14,40.4,202.0,230.1,1.2,3770.0,241.5
2018-11-15T10:29:45,40.4,212.0,215.3,1.2,3780.0,242.5
2018-11-15T10:30:16,40.4,209.1,223.0,1.3,3780.0,242.5
2018-11-15T10:30:47,40.4,202.0,233.6,1.3,3790.0,241.5
2018-11-15T10:31:19,40.4,214.4,225.9,1.2,3790.0,243.5
2018-11-15T10:31:50,40.4,215.0,218.3,1.2,3800.0,243.5
2018-11-15T10:32:21,40.4,215.6,229.5,1.3,3810.0,243.5
2018-11-15T10:32:52,40.4,210.2,220.6,1.2,3810.0,243.5
2018-11-15T10:33:23,40.4,204.3,228.3,1.3,3820.0,244.4
2018-11-15T10:33:54,40.4,202.0,222.4,1.4,3820.0,244.4
2018-11-15T10:34:25,40.4,212.0,229.5,1.4,3830.0,243.5
2018-11-15T10:34:56,40.4,210.8,232.4,1.4,3830.0,243.5
2018-11-15T10:35:27,40.2,205.5,224.2,1.4,3840.0,244.4
2018-11-15T10:35:58,40.2,217.9,230.7,1.3,3850.0,243.5
2018-11-15T10:36:30,40.2,199.6,212.3,1.6,3850.0,243.5
2018-11-15T10:37:01,40.2,221.5,232.4,1.6,3860.0,243.5
2018-11-15T10:37:32,40.2,191.3,197.0,2.7,3870.0,245.4
2018-11-15T10:38:03,40.2,176.0,203.5,4.6,3880.0,248.3
2018-11-15T10:38:34,40.4,162.4,227.7,7.2,3910.0,249.3
2018-11-15T10:39:05,40.4,162.4,212.9,7.3,3920.0,250.2
2018-11-15T10:39:36,40.4,141.7,218.8,8.3,3950.0,250.2
2018-11-15T10:40:07,40.5,157.1,221.2,8.0,3970.0,251.2
2018-11-15T10:40:39,40.5,168.9,220.6,7.3,3990.0,251.2
2018-11-15T10:41:10,40.6,165.9,220.6,7.4,4020.0,252.2
2018-11-15T10:41:41,40.7,168.3,218.3,7.4,4040.0,250.2
2018-11-15T10:42:12,40.8,158.3,217.7,7.8,4070.0,250.2
2018-11-15T10:42:43,40.8,155.9,219.4,8.1,4090.0,251.2
2018-11-15T10:43:14,40.9,153.5,218.3,8.0,4110.0,251.2
2018-11-15T10:43:45,41.0,152.9,220.6,7.9,4140.0,250.2
2018-11-15T10:44:16,41.0,151.8,213.5,7.9,4160.0,249.3
2018-11-15T10:44:47,41.0,158.3,209.4,7.4,4180.0,250.2
2018-11-15T10:45:18,41.2,154.1,212.3,7.4,4210.0,251.2
2018-11-15T10:45:50,41.3,155.9,215.3,7.2,4230.0,250.2
2018-11-15T10:46:21,41.4,161.8,215.3,6.9,4250.0,250.2
2018-11-15T10:46:52,41.4,164.2,209.4,6.5,4270.0,250.2
2018-11-15T10:47:23,41.5,163.6,208.8,6.7,4300.0,250.2
2018-11-15T10:47:54,41.5,158.9,208.8,7.1,4320.0,250.2
2018-11-15T10:48:25,41.6,148.8,215.3,7.9,4340.0,250.2
2018-11-15T10:48:56,41.6,155.3,208.8,7.3,4360.0,249.3
2018-11-15T10:49:27,41.7,153.5,206.4,7.2,4380.0,250.2
2018-11-15T10:49:58,41.9,158.9,204.6,6.7,4410.0,249.3
2018-11-15T10:50:29,41.9,163.0,207.6,6.5,4430.0,253.1
2018-11-15T10:51:01,41.9,158.9,208.2,6.6,4450.0,253.1
2018-11-15T10:51:32,42.0,165.4,209.4,6.0,4470.0,253.1
2018-11-15T10:52:03,42.0,164.2,211.7,5.6,4490.0,252.2
2018-11-15T10:52:34,42.0,163.6,208.2,6.3,4510.0,254.1
2018-11-15T10:53:05,42.0,154.7,204.6,7.4,4530.0,252.2
2018-11-15T10:53:36,42.1,160.0,209.4,7.7,4560.0,253.1
2018-11-15T10:54:07,42.2,147.6,210.0,8.2,4580.0,253.1
2018-11-15T10:54:38,42.3,132.3,204.6,8.3,4600.0,253.1
2018-11-15T10:55:09,42.3,137.6,207.6,8.1,4620.0,252.2
2018-11-15T10:55:40,42.4,151.2,211.7,7.3,4650.0,252.2
2018-11-15T10:56:12,42.4,151.8,208.2,6.9,4670.0,253.1
2018-11-15T10:56:43,42.5,131.7,209.4,8.5,4690.0,252.2
2018-11-15T10:57:14,42.5,133.5,201.7,3.5,4710.0,251.2
2018-11-15T10:57:45,42.7,142.3,205.8,1.4,4720.0,246.4
2018-11-15T10:58:16,42.7,138.2,199.9,1.5,4720.0,246.4
2018-11-15T10:58:47,42.7,163.0,220.6,1.5,4730.0,247.3
2018-11-15T10:59:18,42.5,173.0,194.6,1.5,4730.0,247.3
2018-11-15T10:59:49,42.5,160.0,171.5,2.2,4740.0,249.3
2018-11-15T11:00:20,42.5,124.6,141.3,6.1,4750.0,250.2
2018-11-15T11:00:51,42.5,145.3,154.4,7.9,4760.0,252.2
2018-11-15T11:01:23,42.5,141.1,196.4,8.4,4790.0,252.2
2018-11-15T11:01:54,42.5,144.1,206.4,6.9,4810.0,253.1
2018-11-15T11:02:25,42.5,157.1,217.7,7.0,4830.0,253.1
2018-11-15T11:02:56,42.5,137.0,212.3,8.4,4850.0,253.1
2018-11-15T11:03:27,42.5,139.4,209.4,8.3,4870.0,253.1
2018-11-15T11:03:58,42.7,142.3,205.2,7.9,4900.0,255.1
2018-11-15T11:04:29,42.7,137.0,207.6,8.3,4920.0,253.1
2018-11-15T11:05:00,42.7,135.2,207.0,8.3,4940.0,253.1
2018-11-15T11:05:32,42.8,140.0,209.4,8.1,4970.0,253.1
2018-11-15T11:06:03,42.9,137.0,205.2,8.2,4990.0,252.2
2018-11-15T11:06:34,43.0,135.8,204.6,8.3,5010.0,253.1
2018-11-15T11:07:05,43.0,132.9,208.8,8.4,5030.0,252.2
2018-11-15T11:07:36,43.1,134.0,207.0,8.3,5050.0,252.2
2018-11-15T11:08:07,43.1,133.5,204.6,8.3,5080.0,253.1
2018-11-15T11:08:38,43.2,132.3,205.2,8.3,5100.0,253.1
2018-11-15T11:09:09,43.2,134.0,202.3,8.3,5120.0,252.2
2018-11-15T11:09:40,43.4,137.0,197.0,8.1,5140.0,250.2
2018-11-15T11:10:11,43.4,136.4,197.5,8.1,5160.0,251.2
2018-11-15T11:10:43,43.5,132.9,199.3,8.3,5190.0,251.2
2018-11-15T11:11:14,43.5,130.5,195.8,8.5,5210.0,251.2
2018-11-15T11:11:45,43.6,133.5,199.9,8.2,5230.0,250.2
2018-11-15T11:12:16,43.7,129.9,197.5,8.5,5250.0,250.2
2018-11-15T11:12:47,43.7,131.7,204.6,8.5,5270.0,250.2
2018-11-15T11:13:18,43.8,132.3,206.4,8.4,5300.0,251.2
2018-11-15T11:13:49,43.8,137.6,207.6,8.0,5320.0,250.2
2018-11-15T11:14:20,43.9,129.9,207.6,8.4,5340.0,252.2
2018-11-15T11:14:51,43.9,134.6,204.6,8.1,5360.0,251.2
2018-11-15T11:15:22,43.9,134.0,200.5,8.2,5380.0,250.2
2018-11-15T11:15:54,44.0,137.6,198.1,7.8,5400.0,252.2
2018-11-15T11:16:25,44.0,135.8,197.0,8.0,5430.0,251.2
2018-11-15T11:16:56,44.0,130.5,198.1,8.2,5450.0,252.2
2018-11-15T11:17:27,44.0,136.4,207.6,7.8,5470.0,251.2
2018-11-15T11:17:59,44.0,137.0,205.2,7.8,5490.0,253.1
2018-11-15T11:18:30,44.2,138.8,205.2,7.9,5510.0,253.1
2018-11-15T11:19:01,44.2,138.8,207.6,7.8,5530.0,252.2
2018-11-15T11:19:32,44.3,137.6,201.7,8.0,5560.0,252.2
2018-11-15T11:20:03,44.3,144.1,196.4,8.3,5580.0,252.2
2018-11-15T11:20:34,44.3,142.3,203.5,8.3,5600.0,252.2
2018-11-15T11:21:06,44.3,145.3,199.9,8.3,5620.0,251.2
2018-11-15T11:21:37,44.3,145.3,199.9,7.7,5650.0,251.2
2018-11-15T11:22:08,44.4,136.4,203.5,8.4,5670.0,252.2
2018-11-15T11:22:39,44.4,139.4,201.7,8.5,5690.0,252.2
2018-11-15T11:23:10,44.5,144.7,202.3,8.3,5720.0,252.2
2018-11-15T11:23:41,44.5,144.7,203.5,8.3,5740.0,252.2
2018-11-15T11:24:12,44.5,143.5,212.3,8.5,5760.0,251.2
2018-11-15T11:24:43,44.6,150.0,207.6,8.2,5790.0,251.2
2018-11-15T11:25:14,44.6,150.0,209.4,8.8,5810.0,250.2
2018-11-15T11:25:45,44.7,147.0,200.5,8.7,5830.0,249.3
2018-11-15T11:26:17,44.7,148.8,202.9,8.5,5860.0,249.3
2018-11-15T11:26:48,44.7,146.4,206.4,8.3,5880.0,249.3
2018-11-15T11:27:19,44.7,146.4,206.4,8.3,5900.0,250.2
2018-11-15T11:27:50,44.9,153.5,205.8,6.6,5930.0,250.2
2018-11-15T11:28:21,44.9,126.4,206.4,9.1,5950.0,250.2
2018-11-15T11:28:52,44.9,142.9,205.8,8.7,5970.0,252.2
2018-11-15T11:29:23,44.9,148.8,208.2,8.5,6000.0,251.2
2018-11-15T11:29:54,44.9,145.9,205.8,8.8,6020.0,250.2
2018-11-15T11:30:25,45.0,144.7,205.8,8.7,6040.0,251.2
2018-11-15T11:30:56,45.0,149.4,199.3,8.9,6070.0,253.1
2018-11-15T11:31:28,45.0,134.0,207.0,8.8,6090.0,252.2
2018-11-15T11:31:59,45.1,147.6,208.2,8.5,6120.0,252.2
2018-11-15T11:32:30,45.1,149.4,201.7,7.1,6140.0,251.2
2018-11-15T11:33:01,45.2,137.6,202.3,8.5,6160.0,252.2
2018-11-15T11:33:32,45.2,151.2,205.8,8.2,6190.0,251.2
2018-11-15T11:34:03,45.2,142.9,206.4,8.8,6210.0,252.2
2018-11-15T11:34:34,45.3,146.4,203.5,8.7,6240.0,252.2
2018-11-15T11:35:05,45.3,144.7,203.5,7.9,6260.0,253.1
2018-11-15T11:35:36,45.4,137.6,202.9,8.6,6280.0,252.2
2018-11-15T11:36:08,45.4,130.5,202.9,9.1,6310.0,253.1
2018-11-15T11:36:39,45.5,129.9,206.4,9.1,6330.0,252.2
2018-11-15T11:37:10,45.5,132.3,201.7,9.0,6360.0,253.1
2018-11-15T11:37:41,45.5,131.7,197.0,9.1,6380.0,252.2
2018-11-15T11:38:12,45.7,150.6,195.2,8.3,6400.0,252.2
2018-11-15T11:38:43,45.7,148.8,198.1,8.3,6430.0,252.2
2018-11-15T11:39:14,45.7,150.0,202.3,8.2,6450.0,250.2
2018-11-15T11:39:45,45.7,148.8,202.3,8.3,6480.0,250.2
2018-11-15T11:40:16,45.8,149.4,203.5,5.7,6500.0,247.3
2018-11-15T11:40:47,45.7,148.2,202.3,2.3,6510.0,246.4
2018-11-15T11:41:19,45.7,160.0,201.1,1.9,6520.0,245.4
2018-11-15T11:41:50,45.5,166.5,208.2,1.9,6520.0,245.4
2018-11-15T11:42:21,45.5,165.9,201.7,1.8,6530.0,246.4
2018-11-15T11:42:52,45.5,164.8,211.7,1.8,6540.0,247.3
2018-11-15T11:43:23,45.4,165.4,201.1,1.9,6540.0,248.3
2018-11-15T11:43:54,45.3,156.5,171.5,2.4,6550.0,248.3
2018-11-15T11:44:25,45.3,119.3,131.3,6.4,6560.0,250.2
2018-11-15T11:44:56,45.3,137.6,142.5,7.9,6580.0,251.2
2018-11-15T11:45:27,45.2,130.5,175.1,6.1,6600.0,251.2
2018-11-15T11:45:58,45.2,137.0,208.2,7.3,6620.0,252.2
2018-11-15T11:46:30,45.2,137.6,210.6,7.5,6640.0,251.2
2018-11-15T11:47:01,45.2,142.9,202.3,8.2,6660.0,251.2
2018-11-15T11:47:32,45.3,141.1,204.6,8.2,6690.0,253.1
2018-11-15T11:48:03,45.3,137.0,207.6,8.3,6710.0,252.2
2018-11-15T11:48:34,45.4,146.4,208.8,7.6,6740.0,253.1
2018-11-15T11:49:05,45.4,147.0,208.2,7.4,6760.0,253.1
2018-11-15T11:49:36,45.5,148.2,199.9,7.1,6780.0,252.2
2018-11-15T11:50:07,45.7,143.5,197.5,6.5,6800.0,251.2
2018-11-15T11:50:38,45.7,147.6,202.9,6.8,6830.0,252.2
2018-11-15T11:51:10,45.7,147.6,203.5,6.6,6850.0,253.1
2018-11-15T11:51:41,45.8,148.8,196.4,7.0,6870.0,252.2
2018-11-15T11:52:12,45.7,144.1,194.6,6.7,6890.0,251.2
2018-11-15T11:52:43,45.8,152.9,197.5,6.1,6920.0,251.2
2018-11-15T11:53:14,45.8,156.5,196.4,5.0,6940.0,251.2
2018-11-15T11:53:45,45.8,152.9,195.8,5.6,6960.0,252.2
2018-11-15T11:54:16,45.8,148.2,192.8,3.5,6980.0,250.2
2018-11-15T11:54:47,45.8,151.8,194.6,4.4,7000.0,250.2
2018-11-15T11:55:18,45.9,151.8,194.6,3.8,7020.0,251.2
2018-11-15T11:55:49,45.8,153.5,198.1,3.4,7040.0,251.2
2018-11-15T11:56:21,0.0,0.0,0.0,0.0,0.0,0.0
2018-11-15T11:56:52,45.8,147.0,201.7,3.9,7080.0,250.2
2018-11-15T11:57:23,45.8,145.3,198.1,2.3,7090.0,250.2
2018-11-15T11:57:54,45.7,159.4,222.4,2.4,7100.0,250.2
2018-11-15T11:58:25,45.8,135.8,211.7,5.9,7120.0,251.2
2018-11-15T11:58:56,45.7,140.0,206.4,5.3,7140.0,251.2
2018-11-15T11:59:27,45.7,133.5,204.1,6.0,7160.0,251.2
2018-11-15T11:59:58,45.7,117.5,206.4,7.8,7180.0,251.2
2018-11-15T12:00:29,45.5,102.1,204.1,8.9,7200.0,251.2
2018-11-15T12:01:00,45.5,111.6,210.6,8.5,7220.0,252.2
2018-11-15T12:01:31,45.5,112.8,209.4,7.5,7240.0,253.1
2018-11-15T12:02:02,45.7,106.9,208.2,8.6,7270.0,254.1
2018-11-15T12:02:33,45.5,111.0,209.4,8.7,7290.0,253.1
2018-11-15T12:03:04,45.5,106.3,209.4,9.1,7310.0,254.1
2018-11-15T12:03:35,45.7,109.2,208.8,8.6,7330.0,253.1
2018-11-15T12:04:06,45.7,109.2,206.4,7.8,7350.0,253.1
2018-11-15T12:04:37,45.5,104.5,204.6,8.4,7380.0,252.2
2018-11-15T12:05:08,45.7,102.7,201.1,8.7,7400.0,252.2
2018-11-15T12:05:40,45.7,103.3,197.0,8.5,7420.0,251.2
2018-11-15T12:06:11,45.8,103.3,198.7,8.4,7440.0,252.2
2018-11-15T12:06:42,45.7,103.3,204.6,8.4,7460.0,252.2
2018-11-15T12:07:13,45.8,102.7,205.2,8.5,7480.0,250.2
2018-11-15T12:07:44,45.8,103.9,206.4,8.3,7500.0,251.2
2018-11-15T12:08:15,45.8,102.7,205.2,8.6,7530.0,251.2
2018-11-15T12:08:46,45.8,103.3,204.6,8.5,7550.0,250.2
2018-11-15T12:09:17,45.8,103.3,197.0,8.6,7570.0,250.2
2018-11-15T12:09:48,45.9,104.5,195.2,8.0,7590.0,249.3
2018-11-15T12:10:19,45.9,103.3,204.1,8.5,7610.0,249.3
2018-11-15T12:10:51,46.0,102.1,199.3,8.0,7630.0,249.3
2018-11-15T12:11:22,46.0,108.1,225.4,1.8,7650.0,247.3
2018-11-15T12:11:53,46.0,122.2,205.8,1.4,7650.0,245.4
2018-11-15T12:12:24,46.0,145.3,187.5,1.4,7650.0,245.4
2018-11-15T12:12:55,45.9,175.4,152.6,1.9,7660.0,248.3
2018-11-15T12:13:26,45.9,154.7,141.3,3.9,7670.0,250.2
2018-11-15T12:13:57,45.8,153.5,153.2,1.3,7680.0,246.4
2018-11-15T12:14:28,45.8,142.9,178.6,1.3,7680.0,245.4
2018-11-15T12:14:59,45.7,150.0,179.8,2.6,7690.0,248.3
2018-11-15T12:15:30,45.7,161.8,204.6,1.2,7690.0,244.4
2018-11-15T12:16:02,45.5,144.1,223.6,3.2,7700.0,248.3
2018-11-15T12:16:33,45.5,158.9,207.6,3.3,7720.0,251.2
2018-11-15T12:17:04,45.5,181.9,191.6,2.3,7730.0,248.3
2018-11-15T12:17:35,45.4,178.9,198.1,2.4,7740.0,252.2
2018-11-15T12:18:06,45.4,171.9,203.5,2.5,7760.0,252.2
2018-11-15T12:18:37,45.4,154.1,208.2,3.4,7780.0,251.2
2018-11-15T12:19:08,45.4,151.8,201.1,2.6,7800.0,251.2
2018-11-15T12:19:39,45.4,131.7,226.5,2.0,7810.0,246.4
2018-11-15T12:20:10,45.4,142.3,219.4,1.9,7820.0,248.3
2018-11-15T12:20:41,45.4,145.9,202.3,3.4,7830.0,252.2
2018-11-15T12:21:13,45.4,140.0,213.5,2.0,7840.0,250.2
2018-11-15T12:21:44,45.4,162.4,223.6,2.1,7850.0,252.2
2018-11-15T12:22:15,45.4,155.3,213.5,1.8,7860.0,248.3
2018-11-15T12:22:46,45.4,158.9,219.4,1.2,7870.0,249.3
2018-11-15T12:23:17,45.3,158.3,207.6,1.1,7880.0,246.4
2018-11-15T12:23:48,45.3,136.4,198.7,1.2,7880.0,245.4
2018-11-15T12:24:19,45.3,116.3,224.2,1.5,7880.0,245.4
2018-11-15T12:24:50,45.2,116.9,207.6,1.9,7890.0,247.3
2018-11-15T12:25:21,45.1,119.9,207.6,1.6,7900.0,247.3
2018-11-15T12:25:52,45.1,130.5,220.0,1.4,7900.0,245.4
2018-11-15T12:26:24,45.1,142.9,196.4,1.4,7910.0,246.4
2018-11-15T12:26:55,45.0,142.9,189.9,1.7,7910.0,246.4
2018-11-15T12:27:26,44.9,138.8,152.0,2.2,7920.0,250.2
2018-11-15T12:27:57,44.9,135.8,185.7,3.0,7940.0,251.2
2018-11-15T12:28:28,44.7,123.4,211.2,5.1,7950.0,252.2
2018-11-15T12:28:59,44.7,116.9,210.6,5.7,7970.0,252.2
2018-11-15T12:29:30,44.7,111.0,212.9,5.9,8000.0,251.2
2018-11-15T12:30:01,44.7,102.1,210.6,7.0,8020.0,251.2
2018-11-15T12:30:32,44.7,102.7,210.6,7.4,8040.0,253.1
2018-11-15T12:31:04,44.7,105.7,211.7,6.7,8060.0,253.1
2018-11-15T12:31:35,44.7,105.7,211.7,5.6,8080.0,252.2
2018-11-15T12:32:06,44.7,106.3,202.3,4.2,8100.0,251.2
2018-11-15T12:32:37,44.7,102.7,187.5,7.2,8110.0,252.2
2018-11-15T12:33:08,44.7,102.7,210.0,7.2,8130.0,253.1
2018-11-15T12:33:39,44.7,103.9,207.0,6.8,8150.0,252.2
2018-11-15T12:34:10,44.7,108.6,202.9,4.3,8170.0,253.1
2018-11-15T12:34:41,44.7,104.5,207.6,5.4,8190.0,252.2
2018-11-15T12:35:12,44.7,105.7,204.6,4.2,8210.0,251.2
2018-11-15T12:35:43,44.7,108.6,202.3,4.9,8230.0,251.2
2018-11-15T12:36:15,44.9,109.2,203.5,4.9,8250.0,252.2
2018-11-15T12:36:46,44.9,107.5,205.2,4.7,8260.0,250.2
2018-11-15T12:37:17,44.9,105.1,203.5,3.9,8280.0,249.3
2018-11-15T12:37:48,44.9,114.0,206.4,3.3,8300.0,250.2
2018-11-15T12:38:19,44.9,111.0,201.7,3.6,8320.0,250.2
2018-11-15T12:38:50,44.9,110.4,201.7,3.4,8340.0,250.2
2018-11-15T12:39:21,45.0,105.7,203.5,3.6,8350.0,251.2
2018-11-15T12:39:52,45.0,107.5,205.2,3.3,8370.0,249.3
2018-11-15T12:40:23,45.0,105.7,202.9,3.5,8390.0,250.2
2018-11-15T12:40:55,45.0,102.7,201.7,3.1,8410.0,250.2
2018-11-15T12:41:27,45.0,103.9,190.4,3.5,8420.0,250.2
2018-11-15T12:41:58,45.0,102.7,195.2,3.2,8440.0,249.3
2018-11-15T12:42:29,45.1,102.1,198.7,3.2,8460.0,251.2
2018-11-15T12:43:00,45.0,102.1,195.2,3.4,8480.0,251.2
2018-11-15T12:43:31,45.0,103.3,195.8,3.2,8490.0,251.2
2018-11-15T12:44:02,45.0,103.3,194.0,3.0,8510.0,251.2
2018-11-15T12:44:33,45.0,109.8,194.6,3.1,8530.0,251.2
2018-11-15T12:45:04,45.0,109.8,195.8,2.8,8550.0,251.2
2018-11-15T12:45:35,45.0,109.2,196.4,3.0,8570.0,252.2
2018-11-15T12:46:06,45.1,116.3,203.5,1.7,8580.0,250.2
2018-11-15T12:46:37,45.1,140.0,207.6,1.8,8590.0,248.3
2018-11-15T12:47:08,45.0,156.5,204.6,1.4,8590.0,250.2
2018-11-15T12:47:40,45.0,179.5,202.9,1.3,8600.0,246.4
2018-11-15T12:48:11,45.0,175.4,202.9,1.3,8610.0,244.4
2018-11-15T12:48:42,44.9,169.5,200.5,1.3,8610.0,245.4
2018-11-15T12:49:13,44.9,147.0,174.5,1.6,8620.0,250.2
2018-11-15T12:49:44,44.7,157.1,188.7,1.4,8620.0,245.4
2018-11-15T12:50:15,44.7,148.8,219.4,1.5,8630.0,246.4
2018-11-15T12:50:46,44.7,165.9,222.4,1.5,8640.0,248.3
2018-11-15T12:51:18,44.6,181.9,189.3,1.8,8650.0,251.2
2018-11-15T12:51:49,44.6,196.1,212.9,1.7,8660.0,252.2
2018-11-15T12:52:20,44.6,186.6,210.6,1.8,8680.0,253.1
2018-11-15T12:52:51,44.6,194.3,201.7,1.4,8690.0,250.2
2018-11-15T12:53:22,44.6,217.3,196.4,1.6,8710.0,251.2
2018-11-15T12:53:53,0.0,0.0,0.0,0.0,0.0,0.0
2018-11-15T12:54:24,44.6,225.0,207.0,1.4,8740.0,253.1
2018-11-15T12:54:55,44.7,221.5,205.2,1.4,8760.0,251.2
2018-11-15T12:55:26,44.7,220.9,201.1,1.4,8780.0,250.2
2018-11-15T12:55:57,44.7,213.8,199.3,1.4,8790.0,251.2
2018-11-15T12:56:29,44.7,224.4,201.7,1.3,8810.0,251.2
2018-11-15T12:57:00,44.9,216.7,202.3,1.4,8830.0,252.2
2018-11-15T12:57:31,44.9,220.9,204.1,1.2,8840.0,251.2
2018-11-15T12:58:02,44.9,213.2,202.3,1.5,8860.0,252.2
2018-11-15T12:58:33,44.9,205.5,201.7,1.6,8880.0,252.2
2018-11-15T12:59:04,44.9,206.7,198.1,1.6,8890.0,251.2
2018-11-15T12:59:35,44.9,206.7,199.3,1.5,8910.0,251.2
2018-11-15T13:00:06,45.0,200.2,201.1,1.5,8930.0,250.2
2018-11-15T13:00:37,44.9,202.0,195.8,1.5,8950.0,250.2
2018-11-15T13:01:09,44.7,195.5,193.4,1.3,8960.0,250.2
2018-11-15T13:01:40,44.9,192.5,201.7,0.9,8980.0,246.4
2018-11-15T13:02:11,44.7,196.7,197.0,0.7,8980.0,244.4
2018-11-15T13:02:42,44.7,197.8,206.4,0.7,8980.0,244.4
2018-11-15T13:03:13,44.7,180.1,193.4,0.9,8990.0,245.4
2018-11-15T13:03:44,44.7,164.8,227.7,1.4,9000.0,247.3
2018-11-15T13:04:15,44.7,170.1,221.8,1.0,9000.0,245.4
2018-11-15T13:04:46,44.7,191.9,205.2,0.9,9010.0,245.4
2018-11-15T13:05:17,44.7,199.0,199.3,0.9,9010.0,245.4
2018-11-15T13:05:48,44.6,204.3,209.4,1.0,9020.0,246.4
2018-11-15T13:06:20,44.6,176.0,199.9,1.7,9030.0,247.3
2018-11-15T13:06:51,44.6,181.3,196.4,1.6,9050.0,249.3
2018-11-15T13:07:22,44.6,195.5,212.9,1.3,9060.0,246.4
2018-11-15T13:07:53,44.6,198.4,226.5,1.5,9070.0,251.2
2018-11-15T13:08:24,44.6,178.9,162.0,1.5,9080.0,249.3
2018-11-15T13:08:55,44.6,194.9,181.6,1.4,9100.0,250.2
2018-11-15T13:09:26,44.6,197.8,215.9,1.4,9110.0,251.2
2018-11-15T13:09:57,44.6,215.0,197.5,1.2,9130.0,251.2
2018-11-15T13:10:28,44.6,196.1,197.0,1.5,9140.0,251.2
2018-11-15T13:10:59,44.6,209.7,203.5,1.4,9160.0,251.2
2018-11-15T13:11:31,44.5,202.6,204.1,1.6,9180.0,250.2
2018-11-15T13:12:02,44.6,226.2,197.5,1.5,9190.0,250.2
2018-11-15T13:12:33,44.6,205.5,197.5,1.6,9210.0,252.2
2018-11-15T13:13:04,44.5,203.7,196.4,1.8,9230.0,251.2
2018-11-15T13:13:35,44.4,215.0,209.4,1.8,9250.0,253.1
2018-11-15T13:14:06,44.5,213.2,198.1,1.7,9260.0,251.2
2018-11-15T13:14:37,44.5,209.1,182.2,1.7,9280.0,252.2
2018-11-15T13:15:08,44.6,206.7,205.2,1.7,9300.0,251.2
2018-11-15T13:15:39,44.7,199.0,201.7,1.2,9310.0,245.4
2018-11-15T13:16:11,44.7,203.7,208.2,1.0,9310.0,245.4
2018-11-15T13:16:42,44.7,191.3,202.3,1.1,9320.0,245.4
2018-11-15T13:17:13,44.6,196.7,195.2,1.2,9330.0,245.4
2018-11-15T13:17:44,44.6,199.6,208.2,1.3,9330.0,247.3
2018-11-15T13:18:15,0.0,0.0,0.0,0.0,0.0,0.0
2018-11-15T13:18:46,44.5,204.9,213.5,1.4,9350.0,247.3
2018-11-15T13:19:17,44.5,206.1,203.5,1.5,9360.0,247.3
2018-11-15T13:19:48,44.5,194.9,197.5,1.3,9370.0,244.4
2018-11-15T13:20:19,44.5,197.3,213.5,1.2,9380.0,244.4
2018-11-15T13:20:50,44.5,208.5,205.8,1.1,9380.0,244.4
2018-11-15T13:21:22,44.5,206.1,210.0,1.1,9390.0,245.4
2018-11-15T13:21:53,44.4,202.0,210.6,1.1,9390.0,243.5
2018-11-15T13:22:24,44.4,211.4,220.6,1.1,9400.0,243.5
2018-11-15T13:22:55,44.4,197.3,219.4,1.1,9400.0,244.4
2018-11-15T13:23:26,44.4,203.7,223.6,1.1,9410.0,243.5
2018-11-15T13:23:57,44.3,203.7,210.6,1.1,9420.0,242.5
2018-11-15T13:24:28,44.3,206.1,209.4,1.1,9420.0,244.4
2018-11-15T13:24:59,44.3,202.0,230.7,1.1,9430.0,244.4
2018-11-15T13:25:30,44.3,177.8,214.1,1.3,9430.0,244.4
2018-11-15T13:26:01,44.2,192.5,225.9,1.3,9440.0,244.4
2018-11-15T13:26:32,44.2,193.7,221.2,1.3,9440.0,243.5
2018-11-15T13:27:03,44.0,187.2,221.2,1.3,9450.0,243.5
2018-11-15T13:27:34,44.0,186.0,221.2,1.2,9460.0,243.5
2018-11-15T13:28:05,44.0,184.3,220.6,1.2,9460.0,244.4
2018-11-15T13:28:36,44.0,178.3,228.3,1.2,9470.0,244.4
2018-11-15T13:29:07,43.9,187.8,218.3,1.2,9470.0,244.4
2018-11-15T13:29:38,43.9,210.8,218.8,1.1,9480.0,243.5
2018-11-15T13:30:09,43.9,199.6,219.4,1.2,9480.0,244.4
2018-11-15T13:30:41,43.9,178.9,218.8,1.3,9490.0,243.5
2018-11-15T13:31:12,43.9,198.4,223.6,1.2,9490.0,244.4
2018-11-15T13:31:43,43.8,217.3,197.5,1.2,9500.0,245.4
2018-11-15T13:32:14,43.9,201.4,215.3,1.4,9510.0,245.4
2018-11-15T13:32:45,43.8,208.5,219.4,1.3,9510.0,243.5
2018-11-15T13:33:16,43.8,207.9,223.0,1.3,9520.0,244.4
2018-11-15T13:33:47,43.8,199.6,217.1,1.4,9530.0,243.5
2018-11-15T13:34:18,43.8,213.8,216.5,1.3,9530.0,244.4
2018-11-15T13:34:49,43.8,191.9,220.6,1.4,9540.0,243.5
2018-11-15T13:35:20,43.8,194.3,228.3,1.5,9550.0,243.5
2018-11-15T13:35:52,43.7,216.2,224.8,1.2,9550.0,244.4
2018-11-15T13:36:23,43.7,208.5,220.0,1.3,9560.0,243.5
2018-11-15T13:36:54,43.7,209.1,223.6,1.4,9570.0,243.5
2018-11-15T13:37:25,43.7,209.1,229.5,1.2,9570.0,245.4
2018-11-15T13:37:56,43.6,199.6,231.9,1.3,9580.0,244.4
2018-11-15T13:38:27,43.6,215.6,206.4,1.3,9590.0,245.4
2018-11-15T13:38:58,43.6,189.6,167.4,1.9,9600.0,251.2
2018-11-15T13:39:29,43.6,203.7,193.4,1.5,9610.0,249.3
2018-11-15T13:40:00,43.6,220.9,213.5,1.2,9630.0,248.3
2018-11-15T13:40:32,43.6,215.6,221.2,1.3,9630.0,244.4
2018-11-15T13:41:03,43.6,214.4,215.9,1.4,9640.0,246.4
2018-11-15T13:41:34,43.6,205.5,234.8,1.3,9650.0,249.3
2018-11-15T13:42:05,43.6,213.2,224.2,1.4,9660.0,246.4
2018-11-15T13:42:36,43.6,210.8,219.4,1.2,9660.0,247.3
2018-11-15T13:43:07,43.5,209.1,217.7,1.3,9670.0,247.3
2018-11-15T13:43:39,43.5,201.4,217.7,1.3,9680.0,247.3
2018-11-15T13:44:10,43.5,204.9,220.6,1.3,9680.0,247.3
2018-11-15T13:44:41,43.5,207.9,217.1,1.3,9690.0,248.3
2018-11-15T13:45:12,43.4,203.7,223.6,1.3,9700.0,247.3
2018-11-15T13:45:43,43.4,211.4,221.2,1.4,9700.0,246.4
2018-11-15T13:46:14,43.4,204.9,224.2,1.4,9710.0,247.3
2018-11-15T13:46:46,43.2,211.4,232.4,1.4,9720.0,247.3
2018-11-15T13:47:17,43.2,215.6,230.7,1.3,9730.0,246.4
2018-11-15T13:47:48,43.2,217.3,222.4,1.5,9730.0,247.3
2018-11-15T13:48:19,43.2,211.4,218.8,1.5,9740.0,247.3
2018-11-15T13:48:50,43.1,206.7,223.0,1.6,9750.0,248.3
2018-11-15T13:49:21,43.1,217.9,227.1,1.4,9760.0,247.3
2018-11-15T13:49:52,43.1,213.2,223.6,1.6,9760.0,247.3
2018-11-15T13:50:23,43.1,210.2,228.3,1.7,9770.0,249.3
2018-11-15T13:50:54,43.0,212.6,229.5,1.7,9780.0,250.2
2018-11-15T13:51:26,43.1,219.7,227.7,1.6,9790.0,249.3
2018-11-15T13:51:57,43.1,207.9,223.6,1.7,9800.0,248.3
2018-11-15T13:52:28,43.1,212.6,218.8,1.7,9810.0,249.3
2018-11-15T13:52:59,43.1,213.8,224.8,1.6,9820.0,247.3
2018-11-15T13:53:30,43.1,214.4,225.4,1.8,9830.0,249.3
2018-11-15T13:54:01,43.1,213.8,228.3,1.7,9830.0,249.3
2018-11-15T13:54:32,43.0,212.6,227.7,1.6,9840.0,250.2
2018-11-15T13:55:03,43.1,213.8,228.3,1.8,9850.0,247.3
2018-11-15T13:55:34,43.1,213.2,236.6,1.7,9860.0,250.2
2018-11-15T13:56:06,43.1,204.9,221.8,1.8,9870.0,250.2
2018-11-15T13:56:37,43.1,217.3,224.2,1.8,9880.0,250.2
2018-11-15T13:57:08,43.1,216.7,222.4,1.8,9890.0,249.3
2018-11-15T13:57:39,43.0,219.1,205.8,1.9,9900.0,252.2
2018-11-15T13:58:10,43.1,219.1,222.4,1.8,9910.0,251.2
2018-11-15T13:58:41,43.1,197.3,236.6,2.1,9930.0,253.1
2018-11-15T13:59:12,43.1,191.9,223.6,1.8,9940.0,250.2
2018-11-15T13:59:43,43.1,196.1,232.4,2.0,9950.0,253.1
2018-11-15T14:00:14,43.0,186.6,204.6,2.1,9960.0,252.2
2018-11-15T14:00:45,43.1,186.6,215.3,2.2,9980.0,255.1
2018-11-15T14:01:17,43.1,196.7,211.2,2.0,10000.0,253.1
2018-11-15T14:01:48,43.1,198.4,202.3,2.0,10020.0,253.1
2018-11-15T14:02:19,43.1,208.5,211.2,1.7,10040.0,253.1
2018-11-15T14:02:50,43.2,225.6,234.2,1.7,10060.0,253.1
2018-11-15T14:03:21,43.2,207.3,232.4,1.6,10070.0,254.1
2018-11-15T14:03:52,43.4,212.6,209.4,1.5,10090.0,252.2
2018-11-15T14:04:23,43.4,208.5,203.5,1.4,10100.0,249.3
2018-11-15T14:04:54,43.4,203.7,230.7,1.5,10110.0,251.2
2018-11-15T14:05:25,43.4,210.8,210.6,1.5,10120.0,250.2
2018-11-15T14:05:56,43.4,214.4,202.9,1.4,10130.0,251.2
2018-11-15T14:06:28,43.4,202.0,203.5,1.3,10140.0,248.3
2018-11-15T14:06:59,43.4,218.5,191.6,1.3,10160.0,251.2
2018-11-15T14:07:30,43.4,210.8,206.4,1.2,10170.0,252.2
2018-11-15T14:08:01,43.4,219.1,211.7,1.4,10180.0,253.1
2018-11-15T14:08:32,43.4,213.2,211.2,1.4,10200.0,253.1
2018-11-15T14:09:03,43.5,219.1,214.1,1.2,10220.0,254.1
2018-11-15T14:09:34,43.5,220.3,211.2,1.2,10230.0,252.2
2018-11-15T14:10:05,0.0,0.0,0.0,0.0,0.0,0.0
2018-11-15T14:10:36,43.5,217.9,207.6,1.2,10260.0,249.3
2018-11-15T14:11:08,43.6,212.6,203.5,1.3,10280.0,251.2
2018-11-15T14:11:39,43.6,215.6,205.8,1.2,10300.0,249.3
2018-11-15T14:12:10,43.6,221.5,205.2,1.1,10310.0,250.2
2018-11-15T14:12:41,43.6,215.0,211.7,1.2,10330.0,249.3
2018-11-15T14:13:12,43.6,219.7,211.2,1.1,10340.0,249.3
2018-11-15T14:13:43,43.6,217.9,210.6,1.2,10360.0,250.2
2018-11-15T14:14:14,43.6,215.6,209.4,1.2,10370.0,250.2
2018-11-15T14:14:45,43.6,213.8,208.8,1.2,10390.0,250.2
2018-11-15T14:15:16,43.6,217.3,211.7,1.2,10400.0,250.2
2018-11-15T14:15:48,43.7,210.8,208.8,1.2,10420.0,250.2
2018-11-15T14:16:19,43.6,217.3,204.1,1.1,10430.0,251.2
2018-11-15T14:16:50,43.7,215.0,203.5,1.1,10450.0,251.2
2018-11-15T14:17:21,43.7,214.4,204.1,1.1,10460.0,250.2
2018-11-15T14:17:52,43.7,204.3,204.6,1.1,10480.0,252.2
2018-11-15T14:18:23,43.7,215.6,203.5,1.1,10490.0,250.2
2018-11-15T14:18:54,43.7,215.0,207.6,1.0,10510.0,250.2
2018-11-15T14:19:25,43.7,212.0,209.4,1.1,10520.0,250.2
2018-11-15T14:19:56,43.7,210.8,207.6,1.1,10530.0,251.2
2018-11-15T14:20:27,43.7,215.6,211.2,1.1,10550.0,251.2
2018-11-15T14:20:59,43.7,208.5,207.6,0.9,10560.0,250.2
2018-11-15T14:21:30,43.7,215.0,201.1,1.0,10580.0,250.2
2018-11-15T14:22:01,43.8,209.7,211.2,1.0,10590.0,250.2
2018-11-15T14:22:32,43.8,215.6,202.3,0.9,10610.0,251.2
2018-11-15T14:23:03,43.8,199.0,201.7,1.0,10620.0,249.3
2018-11-15T14:23:34,43.7,218.5,201.7,0.9,10630.0,250.2
2018-11-15T14:24:06,43.7,209.1,201.7,1.0,10650.0,250.2
2018-11-15T14:24:37,43.8,207.3,202.3,1.0,10660.0,250.2
2018-11-15T14:25:08,43.8,219.1,207.6,0.9,10680.0,252.2
2018-11-15T14:25:39,43.8,209.1,207.6,1.0,10690.0,250.2
2018-11-15T14:26:10,43.8,202.6,208.8,1.0,10700.0,251.2
2018-11-15T14:26:41,43.8,216.7,207.0,1.0,10720.0,249.3
2018-11-15T14:27:12,43.9,215.6,201.7,1.0,10730.0,250.2
2018-11-15T14:27:43,43.9,209.7,204.6,1.0,10750.0,250.2
2018-11-15T14:28:14,43.9,206.7,205.8,1.0,10760.0,250.2
2018-11-15T14:28:45,43.9,217.9,207.6,0.9,10770.0,250.2
2018-11-15T14:29:16,43.9,215.0,209.4,1.0,10790.0,249.3
2018-11-15T14:29:47,43.9,200.2,203.5,1.0,10800.0,250.2
2018-11-15T14:30:18,43.9,217.3,211.2,1.0,10820.0,250.2
2018-11-15T14:30:50,43.9,215.0,211.2,1.0,10830.0,250.2
2018-11-15T14:31:21,43.9,211.4,206.4,0.9,10850.0,249.3
2018-11-15T14:31:52,43.9,207.9,210.6,1.0,10860.0,250.2
2018-11-15T14:32:23,43.9,215.6,207.0,0.9,10870.0,250.2
2018-11-15T14:32:54,43.9,200.2,214.7,0.9,10890.0,250.2
2018-11-15T14:33:25,43.9,213.2,207.6,0.9,10900.0,250.2
2018-11-15T14:33:56,43.9,204.3,205.2,0.9,10910.0,249.3
2018-11-15T14:34:28,43.9,212.0,202.9,0.9,10930.0,249.3
2018-11-15T14:34:59,43.9,207.9,204.6,0.9,10940.0,249.3
2018-11-15T14:35:30,44.0,216.7,206.4,1.0,10960.0,249.3
2018-11-15T14:36:01,44.0,219.1,206.4,0.9,10970.0,251.2
2018-11-15T14:36:32,44.0,215.6,204.1,1.0,10980.0,249.3
2018-11-15T14:37:03,43.9,213.2,204.6,1.0,11000.0,249.3
2018-11-15T14:37:34,44.0,211.4,206.4,1.0,11010.0,250.2
2018-11-15T14:38:05,43.9,203.2,207.0,0.9,11020.0,250.2
2018-11-15T14:38:36,43.9,213.8,207.6,0.9,11040.0,250.2
2018-11-15T14:39:07,43.9,217.9,204.6,0.9,11050.0,250.2
2018-11-15T14:39:38,43.9,207.9,208.2,0.9,11070.0,248.3
2018-11-15T14:40:09,43.9,209.7,210.6,0.8,11080.0,251.2
2018-11-15T14:40:41,44.0,218.5,208.2,0.9,11090.0,251.2
2018-11-15T14:41:12,44.0,219.7,204.6,0.8,11110.0,250.2
2018-11-15T14:41:43,44.0,219.7,204.1,0.8,11120.0,250.2
2018-11-15T14:42:14,44.0,210.2,207.0,0.9,11130.0,250.2
2018-11-15T14:42:45,44.0,209.1,210.6,0.9,11150.0,250.2
2018-11-15T14:43:16,44.0,216.2,208.8,0.8,11160.0,250.2
2018-11-15T14:43:47,44.2,204.3,211.2,0.9,11170.0,250.2
2018-11-15T14:44:18,44.2,215.0,209.4,0.9,11190.0,250.2
2018-11-15T14:44:49,44.2,208.5,211.2,0.9,11200.0,250.2
2018-11-15T14:45:20,44.2,212.0,209.4,0.9,11210.0,250.2
2018-11-15T14:45:52,44.2,213.8,214.1,1.0,11230.0,249.3
2018-11-15T14:46:23,44.2,207.9,212.9,0.8,11240.0,249.3
2018-11-15T14:46:54,44.2,214.4,208.8,0.9,11250.0,249.3
2018-11-15T14:47:25,44.2,211.4,207.6,0.8,11270.0,248.3
2018-11-15T14:47:56,44.2,210.2,213.5,0.8,11280.0,250.2
2018-11-15T14:48:27,44.3,218.5,214.1,0.9,11290.0,248.3
2018-11-15T14:48:58,44.3,216.7,210.0,0.9,11310.0,248.3
2018-11-15T14:49:29,44.3,212.0,211.2,0.9,11320.0,249.3
2018-11-15T14:50:00,44.3,219.7,214.1,0.9,11330.0,248.3
2018-11-15T14:50:32,44.4,208.5,212.3,1.0,11350.0,247.3
2018-11-15T14:51:03,44.4,214.4,215.3,0.9,11360.0,250.2
2018-11-15T14:51:34,44.4,218.5,208.8,1.0,11370.0,248.3
2018-11-15T14:52:05,44.5,213.8,202.3,1.0,11390.0,248.3
2018-11-15T14:52:36,0.0,0.0,0.0,0.0,0.0,0.0
2018-11-15T14:53:07,44.5,210.2,214.1,0.9,11410.0,249.3
2018-11-15T14:53:38,44.5,220.3,213.5,0.9,11430.0,249.3
2018-11-15T14:54:09,0.0,0.0,0.0,0.0,0.0,0.0
2018-11-15T14:54:40,0.0,0.0,0.0,0.0,0.0,0.0
2018-11-15T14:55:11,44.6,212.6,210.6,1.0,11470.0,248.3
2018-11-15T14:55:43,44.6,208.5,211.7,1.0,11480.0,248.3
2018-11-15T14:56:14,44.6,212.6,212.3,0.9,11490.0,248.3
2018-11-15T14:56:45,44.6,206.1,212.3,1.0,11510.0,249.3
2018-11-15T14:57:16,44.7,206.7,211.2,1.0,11520.0,249.3
2018-11-15T14:57:47,0.0,0.0,0.0,0.0,0.0,0.0
2018-11-15T14:58:18,44.9,199.6,210.6,0.9,11540.0,249.3
2018-11-15T14:58:49,45.0,208.5,205.8,0.9,11560.0,247.3
2018-11-15T14:59:20,45.0,203.7,203.5,0.8,11570.0,247.3
2018-11-15T14:59:51,45.0,212.0,205.8,0.9,11580.0,248.3
2018-11-15T15:00:22,45.0,209.7,204.6,0.9,11590.0,248.3
2018-11-15T15:00:54,45.1,209.7,209.4,0.8,11610.0,248.3
2018-11-15T15:01:26,45.1,216.2,214.1,0.8,11620.0,250.2
2018-11-15T15:01:57,45.2,205.5,207.0,0.8,11630.0,249.3
2018-11-15T15:02:28,45.2,213.8,206.4,0.8,11640.0,249.3
2018-11-15T15:02:59,45.3,216.2,211.2,0.7,11660.0,249.3
2018-11-15T15:03:30,45.3,208.5,209.4,0.8,11670.0,248.3
2018-11-15T15:04:01,45.3,196.7,209.4,0.9,11680.0,249.3
2018-11-15T15:04:32,45.3,215.6,212.3,0.8,11690.0,248.3
2018-11-15T15:05:03,45.3,196.1,208.2,0.9,11700.0,248.3
2018-11-15T15:05:34,45.3,217.3,209.4,0.8,11720.0,248.3
2018-11-15T15:06:06,45.3,196.7,210.6,0.8,11730.0,249.3
2018-11-15T15:06:37,45.3,217.9,201.7,0.7,11740.0,248.3
2018-11-15T15:07:08,45.4,201.4,208.8,0.8,11750.0,248.3
2018-11-15T15:07:39,45.4,212.6,206.4,0.7,11760.0,248.3
2018-11-15T15:08:10,45.4,209.1,211.2,0.7,11780.0,249.3
2018-11-15T15:08:41,45.4,207.9,216.5,0.8,11790.0,249.3
2018-11-15T15:09:12,45.4,211.4,216.5,0.7,11800.0,249.3
2018-11-15T15:09:43,45.5,210.8,213.5,0.7,11810.0,248.3
2018-11-15T15:10:14,45.5,212.0,210.6,0.8,11830.0,248.3
2018-11-15T15:10:45,45.7,206.1,211.2,0.7,11840.0,248.3
2018-11-15T15:11:17,45.7,206.1,215.3,0.7,11850.0,247.3
2018-11-15T15:11:48,45.8,208.5,215.3,0.7,11860.0,245.4
2018-11-15T15:12:19,45.7,206.1,227.1,0.6,11860.0,243.5
2018-11-15T15:12:50,45.7,209.1,222.4,0.6,11870.0,244.4
2018-11-15T15:13:21,45.7,190.8,226.5,0.6,11880.0,243.5
2018-11-15T15:13:52,45.5,202.6,220.6,0.6,11880.0,242.5
2018-11-15T15:14:23,45.5,189.6,230.7,0.6,11880.0,242.5
2018-11-15T15:14:54,45.4,202.6,208.2,0.6,11890.0,243.5
2018-11-15T15:15:25,45.3,199.0,204.1,0.6,11890.0,242.5
2018-11-15T15:15:56,45.2,192.5,196.4,0.7,11900.0,242.5
2018-11-15T15:16:28,45.2,193.1,198.1,0.6,11900.0,243.5
2018-11-15T15:16:59,45.1,204.9,189.9,0.6,11900.0,242.5
2018-11-15T15:17:30,45.0,179.5,228.3,0.8,11910.0,248.3
2018-11-15T15:18:01,45.1,176.0,209.4,0.8,11920.0,248.3
2018-11-15T15:18:32,45.2,193.1,226.5,0.7,11930.0,243.5
2018-11-15T15:19:03,45.1,199.6,230.7,0.7,11940.0,242.5
2018-11-15T15:19:34,45.0,209.1,227.7,0.6,11940.0,242.5
2018-11-15T15:20:05,45.0,207.9,231.3,0.7,11940.0,243.5
2018-11-15T15:20:36,44.9,206.1,231.3,0.6,11950.0,242.5
2018-11-15T15:21:08,44.7,202.0,210.0,0.8,11950.0,242.5
2018-11-15T15:21:39,44.6,201.4,205.2,0.8,11960.0,242.5
2018-11-15T15:22:10,44.6,221.5,189.9,1.0,11970.0,248.3
2018-11-15T15:22:41,44.7,209.1,212.9,1.0,11980.0,249.3
2018-11-15T15:23:12,44.9,216.2,210.0,1.1,11990.0,248.3
2018-11-15T15:23:43,0.0,0.0,0.0,0.0,0.0,0.0
2018-11-15T15:24:14,45.1,217.3,206.4,1.3,12020.0,250.2
2018-11-15T15:24:45,45.2,217.3,207.0,1.1,12030.0,249.3
2018-11-15T15:25:16,45.2,212.6,217.1,1.2,12050.0,248.3
2018-11-15T15:25:47,45.3,207.3,214.7,1.2,12060.0,249.3
2018-11-15T15:26:19,45.3,215.0,216.5,1.0,12070.0,245.4
2018-11-15T15:26:50,45.3,210.8,199.3,1.2,12080.0,247.3
2018-11-15T15:27:21,45.2,208.5,201.1,1.0,12090.0,246.4
2018-11-15T15:27:52,45.1,208.5,207.0,1.2,12090.0,248.3
2018-11-15T15:28:23,45.1,215.0,218.3,1.0,12100.0,246.4
2018-11-15T15:28:54,0.0,0.0,0.0,0.0,0.0,0.0
2018-11-15T15:29:25,45.1,191.9,212.3,1.3,12120.0,249.3
2018-11-15T15:29:56,45.2,199.6,196.4,1.3,12140.0,249.3
2018-11-15T15:30:27,45.2,204.3,213.5,1.3,12150.0,250.2
2018-11-15T15:30:58,45.2,212.6,211.7,1.1,12160.0,245.4
2018-11-15T15:31:30,45.1,215.6,195.2,1.0,12170.0,246.4
2018-11-15T15:32:01,45.0,203.2,218.8,1.2,12170.0,246.4
2018-11-15T15:32:32,45.0,217.3,219.4,1.3,12190.0,248.3
2018-11-15T15:33:03,45.0,202.0,210.0,1.3,12200.0,249.3
2018-11-15T15:33:34,45.1,210.2,206.4,1.2,12210.0,247.3
2018-11-15T15:34:05,45.0,206.7,219.4,1.0,12220.0,244.4
2018-11-15T15:34:36,44.9,204.3,224.2,1.1,12220.0,245.4
2018-11-15T15:35:07,45.0,186.0,224.8,1.2,12230.0,249.3
2018-11-15T15:35:39,45.0,206.7,223.0,1.1,12250.0,248.3
2018-11-15T15:36:10,44.9,213.2,212.9,1.1,12260.0,248.3
2018-11-15T15:36:41,44.9,212.6,207.0,0.9,12270.0,242.5
2018-11-15T15:37:12,44.7,206.7,207.0,1.0,12270.0,241.5
2018-11-15T15:37:43,44.7,210.8,199.3,0.9,12280.0,242.5
2018-11-15T15:38:14,44.6,189.6,220.6,0.9,12280.0,242.5
2018-11-15T15:38:45,44.6,167.7,247.2,1.2,12280.0,243.5
2018-11-15T15:39:16,44.5,170.7,237.8,1.3,12290.0,244.4
2018-11-15T15:39:47,44.5,184.8,210.6,1.4,12300.0,246.4
2018-11-15T15:40:18,44.5,186.0,197.0,1.1,12310.0,241.5
2018-11-15T15:40:50,44.4,184.8,199.3,1.2,12310.0,244.4
2018-11-15T15:41:21,44.4,179.5,181.6,1.4,12330.0,247.3
2018-11-15T15:41:52,44.4,186.6,162.6,1.4,12340.0,247.3
2018-11-15T15:42:23,44.4,196.7,184.5,1.3,12350.0,249.3
2018-11-15T15:42:54,44.3,209.1,188.1,1.2,12360.0,247.3
2018-11-15T15:43:25,44.4,216.2,178.6,1.1,12370.0,248.3
2018-11-15T15:43:56,44.5,221.5,191.0,1.2,12380.0,248.3
2018-11-15T15:44:27,44.4,202.0,194.6,1.3,12390.0,245.4
2018-11-15T15:44:58,44.4,216.7,203.5,1.0,12400.0,244.4
2018-11-15T15:45:29,44.3,223.2,169.1,0.9,12410.0,246.4
2018-11-15T15:46:01,44.3,202.0,183.3,1.1,12410.0,242.5
2018-11-15T15:46:32,44.3,185.4,196.4,1.3,12420.0,245.4
2018-11-15T15:47:03,44.2,194.9,185.1,1.2,12430.0,244.4
2018-11-15T15:47:34,44.2,191.9,188.1,1.3,12440.0,245.4
2018-11-15T15:48:05,44.2,194.3,195.2,1.2,12450.0,243.5
2018-11-15T15:48:36,44.0,190.8,181.6,1.1,12450.0,242.5
2018-11-15T15:49:07,44.0,179.5,147.3,1.3,12460.0,244.4
2018-11-15T15:49:38,43.9,185.4,164.4,1.2,12470.0,244.4
2018-11-15T15:50:09,43.9,199.0,170.3,1.0,12470.0,245.4
2018-11-15T15:50:40,43.9,181.9,191.0,1.1,12480.0,245.4
2018-11-15T15:51:12,43.8,167.7,171.5,1.1,12490.0,246.4
2018-11-15T15:51:43,43.8,175.4,176.2,1.1,12490.0,247.3
2018-11-15T15:52:14,43.7,175.4,173.9,1.3,12500.0,246.4
2018-11-15T15:52:45,43.7,191.3,186.3,1.1,12510.0,248.3
2018-11-15T15:53:16,43.7,194.9,187.5,1.1,12520.0,248.3
2018-11-15T15:53:47,43.7,200.2,182.2,1.2,12530.0,251.2
2018-11-15T15:54:18,43.7,196.1,174.5,1.2,12540.0,249.3
2018-11-15T15:54:49,43.6,186.6,179.8,1.1,12550.0,244.4
2018-11-15T15:55:20,43.6,191.9,179.8,1.0,12550.0,245.4
2018-11-15T15:55:51,43.5,178.9,200.5,1.1,12550.0,243.5
2018-11-15T15:56:23,43.5,194.9,182.8,1.0,12560.0,245.4
2018-11-15T15:56:54,43.5,171.3,194.6,1.2,12570.0,245.4
2018-11-15T15:57:25,43.4,175.4,189.3,1.0,12570.0,244.4
2018-11-15T15:57:56,43.4,163.0,183.9,1.1,12580.0,242.5
2018-11-15T15:58:27,43.4,180.1,185.7,0.9,12580.0,244.4
2018-11-15T15:58:58,43.2,188.4,156.1,1.1,12590.0,246.4
2018-11-15T15:59:29,43.2,196.1,170.9,1.1,12600.0,247.3
2018-11-15T16:00:00,43.1,199.6,173.3,0.9,12610.0,246.4
2018-11-15T16:00:31,43.1,182.5,179.8,1.0,12610.0,244.4
2018-11-15T16:01:03,43.0,197.3,156.1,0.8,12620.0,245.4
2018-11-15T16:01:34,43.0,186.6,171.5,0.9,12620.0,245.4
2018-11-15T16:02:05,43.0,208.5,166.2,0.8,12630.0,244.4
2018-11-15T16:02:36,43.0,210.8,157.9,0.7,12630.0,246.4
2018-11-15T16:03:07,43.0,217.3,191.6,0.7,12640.0,247.3
2018-11-15T16:03:38,43.0,212.6,173.3,0.9,12640.0,248.3
2018-11-15T16:04:09,43.0,204.3,186.9,0.9,12650.0,248.3
2018-11-15T16:04:40,43.0,213.8,181.6,0.8,12650.0,246.4
2018-11-15T16:05:11,43.0,197.8,168.6,0.9,12660.0,248.3
2018-11-15T16:05:42,43.0,184.8,168.6,0.9,12670.0,249.3
2018-11-15T16:06:14,43.0,207.9,163.8,0.9,12680.0,249.3
2018-11-15T16:06:45,43.0,216.7,163.2,0.8,12690.0,248.3
2018-11-15T16:07:16,43.0,216.7,165.6,0.8,12690.0,248.3
2018-11-15T16:07:47,43.1,209.1,164.4,0.8,12700.0,249.3
2018-11-15T16:08:18,43.1,212.0,161.5,0.8,12710.0,249.3
2018-11-15T16:08:49,43.2,215.6,159.1,0.9,12720.0,248.3
2018-11-15T16:09:20,43.2,219.7,163.8,0.8,12730.0,249.3
2018-11-15T16:09:51,43.2,215.6,165.0,0.8,12740.0,247.3
2018-11-15T16:10:22,43.4,204.9,159.7,0.8,12740.0,247.3
2018-11-15T16:10:54,43.4,215.0,167.4,0.8,12750.0,247.3
2018-11-15T16:11:25,43.4,215.0,162.6,0.7,12760.0,248.3
2018-11-15T16:11:56,43.5,217.9,164.4,0.7,12770.0,248.3
2018-11-15T16:12:27,43.4,211.4,165.6,0.8,12770.0,248.3
2018-11-15T16:12:58,43.4,217.3,165.6,0.7,12780.0,248.3
2018-11-15T16:13:29,43.4,207.9,160.3,0.6,12790.0,247.3
2018-11-15T16:14:00,43.4,216.2,152.6,0.7,12800.0,247.3
2018-11-15T16:14:31,43.2,206.1,159.7,0.7,12800.0,248.3
2018-11-15T16:15:02,43.2,214.4,165.0,0.7,12810.0,247.3
2018-11-15T16:15:34,43.1,222.7,160.9,0.5,12820.0,246.4
2018-11-15T16:16:05,43.1,210.2,157.9,0.6,12820.0,247.3
2018-11-15T16:16:36,43.1,211.4,158.5,0.6,12830.0,246.4
2018-11-15T16:17:07,43.1,216.7,161.5,0.6,12830.0,246.4
2018-11-15T16:17:38,43.1,202.0,154.9,0.6,12840.0,246.4
2018-11-15T16:18:09,43.1,220.3,158.5,0.5,12850.0,246.4
2018-11-15T16:18:40,43.1,198.4,160.3,0.6,12850.0,244.4
2018-11-15T16:19:11,43.0,217.9,150.8,0.5,12860.0,245.4
2018-11-15T16:19:42,43.0,212.0,152.6,0.5,12860.0,245.4
2018-11-15T16:20:13,43.0,209.7,158.5,0.5,12870.0,245.4
2018-11-15T16:20:45,43.0,197.3,154.4,0.6,12880.0,245.4
2018-11-15T16:21:16,43.0,218.5,145.5,0.5,12880.0,244.4
2018-11-15T16:21:47,43.0,199.6,143.1,0.5,12890.0,245.4
2018-11-15T16:22:18,43.0,215.6,148.4,0.5,12890.0,245.4
2018-11-15T16:22:49,43.0,207.3,144.3,0.6,12900.0,245.4
2018-11-15T16:23:20,43.0,213.2,141.3,0.5,12900.0,246.4
2018-11-15T16:23:51,43.0,207.3,140.8,0.5,12910.0,245.4
2018-11-15T16:24:22,43.1,214.4,140.2,0.5,12910.0,246.4
2018-11-15T16:24:53,43.1,194.3,140.8,0.5,12920.0,246.4
2018-11-15T16:25:24,43.1,209.1,144.3,0.5,12920.0,245.4
2018-11-15T16:25:56,43.1,210.2,146.7,0.5,12930.0,246.4
2018-11-15T16:26:27,43.1,196.1,145.5,0.5,12930.0,245.4
2018-11-15T16:26:58,43.1,217.9,145.5,0.5,12940.0,246.4
2018-11-15T16:27:29,43.1,214.4,152.0,0.5,12940.0,245.4
2018-11-15T16:28:00,43.1,220.9,146.7,0.5,12950.0,244.4
2018-11-15T16:28:31,43.1,199.0,139.6,0.5,12950.0,245.4
2018-11-15T16:29:02,43.1,201.4,134.8,0.5,12960.0,245.4
2018-11-15T16:29:33,43.1,221.5,135.4,0.4,12960.0,245.4
2018-11-15T16:30:04,43.1,197.3,134.2,0.5,12970.0,245.4
2018-11-15T16:30:36,43.1,219.1,135.4,0.4,12970.0,245.4
2018-11-15T16:31:07,43.1,199.0,136.6,0.5,12980.0,244.4
2018-11-15T16:31:38,43.1,216.7,141.3,0.5,12980.0,244.4
2018-11-15T16:32:09,43.0,203.2,140.2,0.5,12990.0,245.4
2018-11-15T16:32:40,43.0,185.4,137.2,0.5,12990.0,244.4
2018-11-15T16:33:11,0.0,0.0,0.0,0.0,0.0,0.0
2018-11-15T16:33:42,42.9,216.2,141.3,0.5,13000.0,244.4
2018-11-15T16:34:13,42.9,209.1,127.7,0.5,13000.0,245.4
2018-11-15T16:34:44,42.9,202.0,126.6,0.5,13010.0,245.4
2018-11-15T16:35:15,42.8,220.9,123.0,0.5,13010.0,245.4
2018-11-15T16:35:47,42.8,199.6,124.2,0.5,13020.0,244.4
2018-11-15T16:36:18,42.8,214.4,130.7,0.6,13020.0,245.4
2018-11-15T16:36:49,42.7,209.7,136.0,0.5,13030.0,244.4
2018-11-15T16:37:20,42.7,199.6,128.3,0.5,13030.0,245.4
2018-11-15T16:37:51,42.7,222.1,126.6,0.5,13030.0,243.5
2018-11-15T16:38:22,42.5,203.7,132.5,0.5,13040.0,245.4
2018-11-15T16:38:53,42.5,196.1,127.1,0.5,13040.0,244.4
2018-11-15T16:39:24,42.4,218.5,127.1,0.5,13050.0,244.4
2018-11-15T16:39:55,42.3,208.5,130.7,0.5,13050.0,245.4
2018-11-15T16:40:26,42.3,215.0,120.0,0.5,13050.0,244.4
2018-11-15T16:40:58,42.2,210.2,126.0,0.5,13060.0,245.4
2018-11-15T16:41:29,42.2,203.7,123.6,0.5,13060.0,244.4
2018-11-15T16:42:00,42.2,224.4,120.0,0.5,13070.0,244.4
2018-11-15T16:42:31,42.1,204.3,124.2,0.5,13070.0,245.4
2018-11-15T16:43:02,42.1,210.2,118.3,0.5,13070.0,246.4
2018-11-15T16:43:33,42.0,220.3,120.0,0.5,13080.0,246.4
2018-11-15T16:44:04,42.0,199.0,123.6,0.6,13080.0,245.4
2018-11-15T16:44:35,41.9,215.6,114.1,0.6,13090.0,246.4
2018-11-15T16:45:06,41.9,217.9,103.5,0.5,13090.0,247.3
2018-11-15T16:45:38,41.9,195.5,112.9,0.5,13090.0,246.4
2018-11-15T16:46:09,41.7,219.1,115.3,0.5,13100.0,245.4
2018-11-15T16:46:40,41.7,209.7,109.4,0.5,13100.0,245.4
2018-11-15T16:47:11,41.7,220.9,112.4,0.5,13100.0,247.3
2018-11-15T16:47:42,41.6,215.6,106.4,0.4,13110.0,244.4
2018-11-15T16:48:13,41.5,209.1,105.3,0.3,13110.0,242.5
2018-11-15T16:48:44,41.4,188.4,121.2,0.4,13110.0,243.5
2018-11-15T16:49:15,41.4,202.6,141.3,0.3,13110.0,242.5
2018-11-15T16:49:46,41.4,184.3,164.4,0.4,13110.0,243.5
2018-11-15T16:50:17,41.3,192.5,184.5,0.3,13110.0,243.5
2018-11-15T16:50:49,41.3,180.7,175.1,0.3,13110.0,243.5
2018-11-15T16:51:20,41.2,200.2,183.3,0.3,13120.0,243.5
2018-11-15T16:51:51,41.0,196.7,182.2,0.3,13120.0,244.4
2018-11-15T16:52:22,41.0,198.4,202.3,0.3,13120.0,244.4
2018-11-15T16:52:53,40.9,178.3,223.6,0.3,13120.0,243.5
2018-11-15T16:53:24,40.8,176.6,230.1,0.3,13120.0,245.4
2018-11-15T16:53:55,40.8,198.4,209.4,0.3,13120.0,244.4
2018-11-15T16:54:26,40.7,198.4,193.4,0.3,13120.0,244.4
2018-11-15T16:54:57,40.7,176.6,215.3,0.3,13120.0,245.4
2018-11-15T16:55:28,40.6,156.5,237.2,0.3,13130.0,245.4
2018-11-15T16:56:00,40.6,176.0,228.3,0.4,13130.0,244.4
2018-11-15T16:56:31,40.6,199.0,229.5,0.3,13130.0,244.4
2018-11-15T16:57:02,40.6,196.1,215.9,0.3,13130.0,245.4
2018-11-15T16:57:33,40.5,176.0,237.2,0.3,13130.0,246.4
2018-11-15T16:58:04,40.4,197.3,215.3,0.3,13130.0,244.4
2018-11-15T16:58:35,40.4,204.3,221.2,0.3,13130.0,245.4
2018-11-15T16:59:06,40.4,183.1,228.9,0.4,13130.0,245.4
2018-11-15T16:59:37,40.2,163.6,228.3,0.4,13140.0,247.3
2018-11-15T17:00:08,40.1,151.2,223.6,0.4,13140.0,245.4
2018-11-15T17:00:39,40.1,161.2,228.3,0.4,13140.0,245.4
2018-11-15T17:01:11,40.0,184.3,222.4,0.4,13140.0,243.5
2018-11-15T17:01:42,40.0,204.3,225.4,0.3,13140.0,243.5
2018-11-15T17:02:13,39.9,199.6,213.5,0.4,13140.0,243.5
2018-11-15T17:02:44,39.9,178.9,234.2,0.4,13140.0,243.5
2018-11-15T17:03:15,39.8,178.3,220.0,0.4,13150.0,243.5
2018-11-15T17:03:46,39.7,197.3,220.6,0.3,13150.0,243.5
2018-11-15T17:04:17,39.7,207.9,231.3,0.3,13150.0,243.5
2018-11-15T17:04:48,39.5,185.4,209.4,0.4,13150.0,244.4
2018-11-15T17:05:19,39.5,164.2,216.5,0.4,13150.0,244.4
2018-11-15T17:05:50,39.4,140.5,241.9,0.6,13150.0,245.4
2018-11-15T17:06:22,39.4,132.9,255.5,0.6,13150.0,246.4
2018-11-15T17:06:53,39.4,144.7,249.0,0.5,13160.0,244.4
2018-11-15T17:07:24,39.4,159.4,232.4,0.4,13160.0,244.4
2018-11-15T17:07:55,39.4,183.1,233.6,0.4,13160.0,245.4
2018-11-15T17:08:26,39.3,168.3,249.6,0.6,13160.0,246.4
2018-11-15T17:08:57,39.3,147.6,246.6,0.6,13160.0,245.4
2018-11-15T17:09:28,39.3,144.7,252.6,0.6,13160.0,245.4
2018-11-15T17:09:59,39.3,137.0,244.9,0.4,13170.0,244.4
2018-11-15T17:10:30,39.4,141.1,221.8,0.4,13170.0,244.4
2018-11-15T17:11:01,39.3,164.2,216.5,0.4,13170.0,245.4
2018-11-15T17:11:32,39.3,186.6,239.0,0.4,13170.0,245.4
2018-11-15T17:12:03,39.2,209.7,235.4,0.4,13170.0,245.4
2018-11-15T17:12:34,39.2,216.2,215.9,0.4,13170.0,246.4
2018-11-15T17:13:05,39.2,192.5,240.7,0.6,13170.0,245.4
2018-11-15T17:13:36,39.2,176.0,253.2,0.6,13180.0,246.4
2018-11-15T17:14:07,39.2,187.8,239.5,0.4,13180.0,247.3
2018-11-15T17:14:38,39.2,165.4,225.4,0.6,13180.0,245.4
2018-11-15T17:15:10,39.2,180.7,247.2,0.6,13180.0,246.4
2018-11-15T17:15:41,39.3,204.9,247.2,0.6,13180.0,246.4
2018-11-15T17:16:12,39.3,226.8,254.9,0.5,13190.0,246.4
2018-11-15T17:16:43,39.3,215.0,241.3,0.5,13190.0,246.4
2018-11-15T17:17:14,39.4,213.2,241.3,0.6,13190.0,248.3
2018-11-15T17:17:45,39.4,226.2,242.5,0.5,13190.0,246.4
2018-11-15T17:18:16,39.4,205.5,247.2,0.5,13190.0,247.3
2018-11-15T17:18:47,39.5,219.7,240.7,0.5,13200.0,247.3
2018-11-15T17:19:18,39.5,218.5,245.5,0.5,13200.0,246.4
2018-11-15T17:19:49,39.5,219.7,252.0,0.5,13200.0,246.4
2018-11-15T17:20:21,39.7,217.9,238.4,0.5,13200.0,244.4
2018-11-15T17:20:52,39.7,226.2,241.9,0.5,13200.0,244.4
2018-11-15T17:21:24,39.7,213.2,246.1,0.5,13210.0,243.5
2018-11-15T17:21:55,39.7,220.9,239.0,0.5,13210.0,244.4
2018-11-15T17:22:26,39.7,218.5,249.6,0.5,13210.0,243.5
2018-11-15T17:22:57,39.7,215.6,241.3,0.4,13210.0,243.5
2018-11-15T17:23:28,39.7,222.7,247.8,0.5,13210.0,242.5
2018-11-15T17:23:59,39.8,202.0,236.6,0.4,13210.0,243.5
2018-11-15T17:24:30,39.8,220.3,246.1,0.5,13220.0,242.5
2018-11-15T17:25:01,39.8,217.3,252.6,0.5,13220.0,242.5
2018-11-15T17:25:32,39.7,218.5,249.6,0.4,13220.0,243.5
2018-11-15T17:26:04,39.8,218.5,228.3,0.4,13220.0,241.5
2018-11-15T17:26:35,39.8,218.5,237.8,0.4,13220.0,241.5
2018-11-15T17:27:06,39.8,217.3,241.3,0.4,13220.0,240.6
2018-11-15T17:27:37,39.7,200.8,250.2,0.4,13230.0,240.6
2018-11-15T17:28:08,39.7,212.6,228.9,0.4,13230.0,240.6
2018-11-15T17:28:39,39.7,199.0,228.9,0.3,13230.0,239.6
2018-11-15T17:29:10,39.7,179.5,207.6,0.4,13230.0,240.6
2018-11-15T17:29:41,39.7,202.0,206.4,0.4,13230.0,241.5
2018-11-15T17:30:12,39.5,222.1,211.2,0.4,13230.0,240.6
2018-11-15T17:30:43,39.5,206.7,233.0,0.4,13230.0,242.5
2018-11-15T17:31:15,39.5,207.9,253.7,0.4,13230.0,244.4
2018-11-15T17:31:46,39.4,215.0,231.9,0.4,13240.0,243.5
2018-11-15T17:32:17,39.4,194.3,252.0,0.3,13240.0,243.5
2018-11-15T17:32:48,39.4,195.5,230.7,0.3,13240.0,244.4
2018-11-15T17:33:19,39.3,217.9,226.5,0.4,13240.0,242.5
2018-11-15T17:33:50,39.3,214.4,249.6,0.4,13240.0,243.5
2018-11-15T17:34:21,39.3,193.1,241.9,0.4,13240.0,244.4
2018-11-15T17:34:52,39.3,209.7,244.3,0.3,13240.0,244.4
2018-11-15T17:35:23,39.3,218.5,246.6,0.4,13250.0,242.5
2018-11-15T17:35:54,39.2,197.8,239.5,0.4,13250.0,243.5
2018-11-15T17:36:26,39.3,209.1,254.3,0.4,13250.0,242.5
2018-11-15T17:36:57,39.2,188.4,233.0,0.3,13250.0,240.6
2018-11-15T17:37:28,39.2,207.3,234.2,0.4,13250.0,241.5
2018-11-15T17:37:59,39.3,217.9,253.2,0.3,13250.0,240.6
2018-11-15T17:38:30,39.2,196.7,236.0,0.4,13250.0,240.6
2018-11-15T17:39:01,39.2,210.2,248.4,0.3,13250.0,240.6
2018-11-15T17:39:32,39.2,207.9,228.9,0.3,13260.0,241.5
2018-11-15T17:40:03,39.2,187.8,252.0,0.3,13260.0,241.5
2018-11-15T17:40:34,39.2,186.0,231.3,0.3,13260.0,241.5
2018-11-15T17:41:06,39.1,209.7,239.5,0.3,13260.0,241.5
2018-11-15T17:41:37,39.1,211.4,249.6,0.3,13260.0,243.5
2018-11-15T17:42:08,39.1,191.3,237.2,0.3,13260.0,242.5
2018-11-15T17:42:39,39.1,189.0,254.3,0.3,13260.0,243.5
2018-11-15T17:43:10,39.1,210.2,230.7,0.3,13260.0,244.4
2018-11-15T17:43:41,39.1,204.3,234.2,0.3,13260.0,243.5
2018-11-15T17:44:12,39.0,185.4,241.3,0.3,13270.0,242.5
2018-11-15T17:44:43,39.0,205.5,233.6,0.3,13270.0,242.5
2018-11-15T17:45:14,39.0,209.7,253.7,0.3,13270.0,241.5
2018-11-15T17:45:45,38.9,188.4,235.4,0.3,13270.0,241.5
2018-11-15T17:46:17,38.9,168.9,248.4,0.3,13270.0,242.5
2018-11-15T17:46:48,38.9,186.6,225.4,0.3,13270.0,242.5
2018-11-15T17:47:19,38.7,207.3,238.4,0.2,13270.0,242.5
2018-11-15T17:47:50,38.7,197.8,251.4,0.3,13270.0,242.5
2018-11-15T17:48:21,38.7,177.8,230.7,0.3,13270.0,242.5
2018-11-15T17:48:52,38.6,193.7,230.7,0.2,13280.0,243.5
2018-11-15T17:49:23,38.6,203.2,239.0,0.3,13280.0,243.5
2018-11-15T17:49:54,38.5,182.5,218.3,0.2,13280.0,243.5
2018-11-15T17:50:25,38.5,162.4,227.1,0.2,13280.0,241.5
2018-11-15T17:50:56,38.4,184.3,249.0,0.2,13280.0,242.5
2018-11-15T17:51:28,38.4,205.5,225.9,0.2,13280.0,242.5
2018-11-15T17:51:59,38.4,204.9,226.5,0.2,13280.0,241.5
2018-11-15T17:52:30,38.3,183.7,246.1,0.2,13280.0,243.5
2018-11-15T17:53:01,38.3,167.7,225.4,0.3,13280.0,243.5
2018-11-15T17:53:32,38.2,189.6,223.0,0.2,13280.0,243.5
2018-11-15T17:54:03,38.2,209.1,242.5,0.2,13280.0,243.5
2018-11-15T17:54:34,38.2,193.7,228.3,0.2,13280.0,243.5
2018-11-15T17:55:05,38.0,177.2,224.2,0.2,13290.0,242.5
2018-11-15T17:55:36,38.0,197.8,206.4,0.2,13290.0,243.5
2018-11-15T17:56:08,37.9,205.5,213.5,0.2,13290.0,243.5
2018-11-15T17:56:39,37.8,184.8,233.0,0.2,13290.0,242.5
2018-11-15T17:57:10,37.8,166.5,236.0,0.2,13290.0,242.5
2018-11-15T17:57:41,37.8,189.0,214.1,0.2,13290.0,243.5
2018-11-15T17:58:12,37.7,207.9,194.6,0.1,13290.0,242.5
2018-11-15T17:58:43,37.7,194.9,211.7,0.2,13290.0,242.5
2018-11-15T17:59:14,37.6,174.2,231.9,0.2,13290.0,242.5
2018-11-15T17:59:45,37.6,170.7,225.9,0.1,13290.0,243.5
2018-11-15T18:00:16,37.6,191.9,206.4,0.1,13290.0,243.5
2018-11-15T18:00:48,37.5,192.5,207.0,0.1,13290.0,242.5
2018-11-15T18:01:19,37.5,171.3,205.2,0.1,13290.0,243.5
2018-11-15T18:01:50,37.4,155.9,197.5,0.1,13290.0,243.5
2018-11-15T18:02:21,37.4,176.6,218.3,0.1,13290.0,244.4
2018-11-15T18:02:52,37.2,197.3,215.9,0.1,13290.0,243.5
2018-11-15T18:03:23,37.2,187.2,195.8,0.1,13290.0,243.5
2018-11-15T18:03:54,37.1,164.2,173.9,0.1,13290.0,244.4
2018-11-15T18:04:25,37.1,150.6,160.3,0.1,13290.0,243.5
2018-11-15T18:04:56,37.1,171.3,180.4,0.1,13290.0,244.4
2018-11-15T18:05:27,37.0,191.3,202.9,0.0,13290.0,244.4
2018-11-15T18:05:59,37.0,190.2,225.9,0.0,13290.0,243.5
2018-11-15T18:06:30,36.9,171.3,211.7,0.0,13290.0,243.5
2018-11-15T18:07:01,36.9,148.8,185.7,0.1,13290.0,242.5
2018-11-15T18:07:32,36.8,138.2,167.4,0.0,13290.0,243.5
2018-11-15T18:08:03,36.8,158.9,147.3,0.0,13290.0,243.5
2018-11-15T18:08:34,36.8,182.5,125.4,0.0,13290.0,245.4
2018-11-15T18:09:05,36.7,199.0,135.4,0.0,13290.0,243.5
2018-11-15T18:09:36,36.5,198.4,154.9,0.0,13290.0,243.5
2018-11-15T18:10:07,36.5,180.1,178.0,0.0,13290.0,245.4
2018-11-15T18:10:39,36.5,158.9,198.7,0.0,13290.0,240.6
2018-11-15T18:11:10,36.4,137.6,216.5,0.0,13290.0,239.6
2018-11-15T18:11:41,36.4,116.3,209.4,0.0,13290.0,238.6
2018-11-15T18:12:12,36.4,117.5,191.6,0.0,13290.0,238.6
2018-11-15T18:12:43,36.3,138.2,169.1,0.0,13290.0,239.6
2018-11-15T18:13:14,36.2,157.7,146.7,0.1,13290.0,239.6
2018-11-15T18:13:45,36.2,180.7,128.3,0.0,13290.0,239.6
2018-11-15T18:14:16,36.1,187.2,221.8,0.0,13290.0,237.7
2018-11-15T18:14:47,36.1,185.4,201.1,0.0,13290.0,237.7
2018-11-15T18:15:18,36.0,184.3,194.0,0.0,13290.0,237.7
2018-11-15T18:15:50,36.0,182.5,188.7,0.0,13290.0,236.7
2018-11-15T18:16:21,35.9,179.5,183.9,0.0,13290.0,237.7
2018-11-15T18:16:52,35.9,113.4,181.0,0.0,13290.0,236.7
2018-11-15T18:17:23,35.9,169.5,169.7,0.0,13290.0,236.7
2018-11-15T18:17:54,35.7,164.2,164.4,0.0,13290.0,236.7
2018-11-15T18:18:25,35.6,155.9,156.1,0.0,13290.0,235.7
2018-11-15T18:18:56,35.6,142.9,143.1,0.0,13290.0,235.7
2018-11-15T18:19:27,35.5,121.0,121.2,0.0,13290.0,236.7
