2018-08-04T06:55:29,10.7,209.1,196.4,0.2,0.0,242.5
2018-08-04T06:56:01,10.7,216.2,218.3,0.2,0.0,242.5
2018-08-04T06:56:32,10.7,193.7,240.1,0.3,0.0,243.5
2018-08-04T06:57:03,10.7,186.0,243.1,0.2,0.0,242.5
2018-08-04T06:57:34,10.7,206.7,222.4,0.2,0.0,243.5
2018-08-04T06:58:05,10.7,222.7,201.7,0.2,10.0,243.5
2018-08-04T06:58:36,10.7,199.0,218.8,0.2,10.0,243.5
2018-08-04T06:59:07,11.1,179.5,239.5,0.3,10.0,243.5
2018-08-04T06:59:38,11.1,181.3,242.5,0.3,10.0,243.5
2018-08-04T07:00:09,11.1,203.7,220.6,0.2,10.0,244.4
2018-08-04T07:00:40,11.1,223.2,199.3,0.2,10.0,243.5
2018-08-04T07:01:12,11.1,201.4,207.0,0.3,10.0,243.5
2018-08-04T07:01:43,11.1,181.3,227.1,0.3,10.0,243.5
2018-08-04T07:02:14,11.1,160.0,248.4,0.3,10.0,242.5
2018-08-04T07:02:45,11.4,183.7,235.4,0.3,10.0,243.5
2018-08-04T07:03:16,11.4,204.3,214.7,0.3,10.0,242.5
2018-08-04T07:03:47,11.4,220.9,193.4,0.2,10.0,243.5
2018-08-04T07:04:18,11.4,197.8,210.6,0.3,10.0,243.5
2018-08-04T07:04:49,11.4,183.1,231.3,0.3,10.0,242.5
2018-08-04T07:05:20,11.4,204.3,243.1,0.3,10.0,242.5
2018-08-04T07:05:51,11.8,218.5,221.8,0.2,20.0,240.6
2018-08-04T07:06:22,11.8,194.9,201.7,0.3,20.0,241.5
2018-08-04T07:06:53,11.8,174.2,181.0,0.3,20.0,242.5
2018-08-04T07:07:24,11.8,196.7,189.3,0.3,20.0,242.5
2018-08-04T07:07:55,11.8,216.7,212.9,0.3,20.0,242.5
2018-08-04T07:08:26,11.8,212.0,233.6,0.3,20.0,242.5
2018-08-04T07:08:57,11.8,191.3,245.5,0.3,20.0,242.5
2018-08-04T07:09:28,12.1,189.6,222.4,0.3,20.0,242.5
2018-08-04T07:09:59,12.1,210.8,201.7,0.3,20.0,242.5
2018-08-04T07:10:30,12.1,215.0,215.9,0.3,20.0,241.5
2018-08-04T07:11:02,12.1,193.7,237.8,0.3,20.0,241.5
2018-08-04T07:11:33,12.1,176.0,241.3,0.3,20.0,241.5
2018-08-04T07:12:04,12.1,197.8,219.4,0.3,20.0,241.5
2018-08-04T07:12:35,12.5,217.9,199.3,0.3,30.0,240.6
2018-08-04T07:13:06,12.5,209.7,215.3,0.3,30.0,241.5
2018-08-04T07:13:37,12.5,188.4,237.8,0.3,30.0,243.5
2018-08-04T07:14:08,12.5,168.9,249.0,0.3,30.0,243.5
2018-08-04T07:14:39,12.5,190.8,225.9,0.3,30.0,243.5
2018-08-04T07:15:10,12.5,213.2,205.8,0.3,30.0,245.4
2018-08-04T07:15:41,12.9,208.5,183.3,0.3,30.0,242.5
2018-08-04T07:16:13,12.9,187.8,207.6,0.4,30.0,243.5
2018-08-04T07:16:44,12.9,186.0,228.9,0.3,30.0,243.5
2018-08-04T07:17:15,12.9,209.7,249.0,0.4,30.0,243.5
2018-08-04T07:17:46,12.9,212.0,230.7,0.3,30.0,244.4
2018-08-04T07:18:17,12.9,192.5,211.2,0.4,30.0,243.5
2018-08-04T07:18:48,13.2,171.3,209.4,0.3,40.0,243.5
2018-08-04T07:19:19,13.2,184.8,231.9,0.4,40.0,244.4
2018-08-04T07:19:50,13.2,207.9,252.6,0.4,40.0,242.5
2018-08-04T07:20:21,13.2,217.9,233.6,0.3,40.0,242.5
2018-08-04T07:20:52,13.2,195.5,214.1,0.4,40.0,245.4
2018-08-04T07:21:24,13.2,191.9,204.1,0.4,40.0,244.4
2018-08-04T07:21:55,13.2,213.8,226.5,0.4,40.0,242.5
2018-08-04T07:22:26,13.6,208.5,246.6,0.3,40.0,242.5
2018-08-04T07:22:57,13.6,227.4,226.5,0.3,40.0,242.5
2018-08-04T07:23:28,13.6,206.7,230.7,0.4,50.0,244.4
2018-08-04T07:23:59,13.6,215.0,246.1,0.3,50.0,240.6
2018-08-04T07:24:30,13.6,211.4,225.9,0.2,50.0,240.6
2018-08-04T07:25:01,13.6,186.6,247.8,0.3,50.0,241.5
2018-08-04T07:25:32,14.0,201.4,230.1,0.3,50.0,241.5
2018-08-04T07:26:05,14.0,215.6,208.2,0.3,50.0,241.5
2018-08-04T07:26:36,14.0,206.7,209.4,0.3,50.0,239.6
2018-08-04T07:27:07,14.0,213.8,230.7,0.3,50.0,239.6
2018-08-04T07:27:38,14.0,192.5,251.4,0.3,50.0,237.7
2018-08-04T07:28:09,14.0,182.5,240.1,0.3,50.0,239.6
2018-08-04T07:28:40,14.0,204.3,218.8,0.3,50.0,237.7
2018-08-04T07:29:11,14.3,225.0,199.9,0.3,60.0,237.7
2018-08-04T07:29:42,14.3,202.6,178.0,0.3,60.0,237.7
2018-08-04T07:30:13,14.3,183.1,192.8,0.4,60.0,238.6
2018-08-04T07:30:44,14.3,162.4,216.5,0.4,60.0,237.7
2018-08-04T07:31:15,14.3,141.1,239.5,0.5,60.0,238.6
2018-08-04T07:31:46,14.3,161.8,240.1,0.4,60.0,239.6
2018-08-04T07:32:17,14.3,183.1,217.7,0.4,60.0,239.6
2018-08-04T07:32:48,14.7,208.5,234.2,0.4,60.0,240.6
2018-08-04T07:33:19,14.7,226.2,242.5,0.4,60.0,240.6
2018-08-04T07:33:50,14.7,207.9,230.1,0.4,70.0,240.6
2018-08-04T07:34:21,14.7,184.3,246.6,0.6,70.0,240.6
2018-08-04T07:34:52,14.7,167.7,227.1,0.6,70.0,241.5
2018-08-04T07:35:23,14.7,177.2,225.9,0.6,70.0,241.5
2018-08-04T07:35:55,15.1,199.6,205.2,0.6,70.0,240.6
2018-08-04T07:36:26,15.1,223.2,185.1,0.6,70.0,240.6
2018-08-04T07:36:57,15.1,210.2,198.7,0.7,80.0,240.6
2018-08-04T07:37:28,15.1,191.3,224.2,0.8,80.0,240.6
2018-08-04T07:37:59,15.1,170.1,249.0,0.8,80.0,240.6
2018-08-04T07:38:30,15.4,187.2,245.5,0.8,80.0,241.5
2018-08-04T07:39:01,15.4,209.7,224.2,0.8,90.0,241.5
2018-08-04T07:39:32,15.4,222.7,237.8,0.8,90.0,241.5
2018-08-04T07:40:03,15.4,210.8,253.7,0.8,90.0,241.5
2018-08-04T07:40:35,15.4,225.0,245.5,0.8,90.0,241.5
2018-08-04T07:41:06,15.4,229.2,249.6,0.8,100.0,240.6
2018-08-04T07:41:37,15.8,215.6,249.6,0.8,100.0,241.5
2018-08-04T07:42:08,15.8,222.7,227.7,0.9,100.0,241.5
2018-08-04T07:42:39,15.8,222.7,244.9,0.8,110.0,240.6
2018-08-04T07:43:10,15.8,227.4,240.1,0.8,110.0,243.5
2018-08-04T07:43:41,15.8,214.4,247.2,0.9,110.0,242.5
2018-08-04T07:44:12,16.2,223.2,234.2,0.9,120.0,242.5
2018-08-04T07:44:43,16.2,226.2,233.6,0.9,120.0,240.6
2018-08-04T07:45:14,16.2,210.8,246.1,1.0,120.0,241.5
2018-08-04T07:45:46,16.5,225.0,245.5,0.9,130.0,242.5
2018-08-04T07:46:17,16.5,227.4,237.8,0.9,130.0,243.5
2018-08-04T07:46:48,16.5,209.7,251.4,0.9,130.0,241.5
2018-08-04T07:47:19,16.5,225.0,234.8,0.9,140.0,240.6
2018-08-04T07:47:50,16.9,226.8,238.4,1.0,140.0,242.5
2018-08-04T07:48:21,16.9,222.1,246.6,1.0,140.0,240.6
2018-08-04T07:48:52,16.9,219.7,252.0,1.0,150.0,239.6
2018-08-04T07:49:23,17.3,217.9,242.5,1.0,150.0,243.5
2018-08-04T07:49:54,17.3,228.0,245.5,1.0,160.0,243.5
2018-08-04T07:50:25,17.3,213.2,250.2,1.0,160.0,243.5
2018-08-04T07:50:56,17.3,219.1,241.9,1.1,160.0,243.5
2018-08-04T07:51:28,17.3,220.9,249.0,1.1,170.0,243.5
2018-08-04T07:51:59,17.6,225.6,249.6,0.9,170.0,244.4
2018-08-04T07:52:30,17.6,223.2,249.6,1.0,170.0,245.4
2018-08-04T07:53:01,17.6,220.3,246.1,1.0,180.0,245.4
2018-08-04T07:53:32,18.0,214.4,241.3,1.0,180.0,245.4
2018-08-04T07:54:03,18.0,222.7,243.7,0.7,180.0,245.4
2018-08-04T07:54:34,18.0,213.8,246.1,0.9,190.0,243.5
2018-08-04T07:55:05,18.0,213.2,247.8,0.9,190.0,243.5
2018-08-04T07:55:36,18.4,217.3,241.9,0.7,190.0,243.5
2018-08-04T07:56:08,18.4,207.9,234.8,0.9,190.0,243.5
2018-08-04T07:56:39,18.4,224.4,256.1,0.7,200.0,243.5
2018-08-04T07:57:10,18.4,202.0,233.0,0.9,200.0,243.5
2018-08-04T07:57:41,18.4,219.7,224.8,0.7,200.0,243.5
2018-08-04T07:58:12,18.4,209.1,246.6,0.9,200.0,244.4
2018-08-04T07:58:43,18.4,209.1,242.5,0.9,210.0,245.4
2018-08-04T07:59:14,18.7,219.7,228.9,0.9,210.0,246.4
2018-08-04T07:59:45,18.7,217.3,250.2,0.9,210.0,245.4
2018-08-04T08:00:16,18.7,210.2,246.1,0.9,220.0,244.4
2018-08-04T08:00:47,18.7,213.2,224.2,0.9,220.0,244.4
2018-08-04T08:01:19,18.7,213.2,223.6,0.9,220.0,244.4
2018-08-04T08:01:50,19.1,223.2,246.1,0.9,220.0,243.5
2018-08-04T08:02:21,19.1,216.7,254.9,0.9,230.0,244.4
2018-08-04T08:02:52,19.1,212.0,233.6,0.9,230.0,243.5
2018-08-04T08:03:23,19.1,222.1,247.8,0.9,230.0,243.5
2018-08-04T08:03:54,19.5,209.1,244.9,1.0,240.0,243.5
2018-08-04T08:04:25,19.5,220.3,225.9,0.9,240.0,241.5
2018-08-04T08:04:56,19.5,209.1,247.8,0.9,240.0,242.5
2018-08-04T08:05:27,19.5,225.0,250.8,0.9,250.0,241.5
2018-08-04T08:05:58,19.8,202.0,229.5,1.0,250.0,242.5
2018-08-04T08:06:30,19.8,219.1,245.5,1.0,250.0,243.5
2018-08-04T08:07:01,19.8,210.8,248.4,1.0,260.0,242.5
2018-08-04T08:07:32,19.8,219.1,228.3,1.0,260.0,243.5
2018-08-04T08:08:03,20.2,207.9,243.1,1.1,260.0,243.5
2018-08-04T08:08:34,20.2,219.1,253.2,1.0,270.0,241.5
2018-08-04T08:09:05,20.2,223.2,233.6,1.0,270.0,242.5
2018-08-04T08:09:36,20.2,213.2,223.0,1.1,270.0,242.5
2018-08-04T08:10:07,20.6,214.4,246.1,1.1,280.0,242.5
2018-08-04T08:10:38,20.6,220.9,246.1,1.1,280.0,243.5
2018-08-04T08:11:09,20.6,223.8,236.0,1.1,280.0,242.5
2018-08-04T08:12:04,20.6,220.3,242.5,1.2,290.0,241.5
2018-08-04T08:12:35,20.9,209.1,231.9,1.1,300.0,241.5
2018-08-04T08:13:06,20.9,222.1,255.5,1.2,300.0,240.6
2018-08-04T08:13:37,20.9,217.9,239.0,1.2,300.0,240.6
2018-08-04T08:14:08,20.9,212.0,252.0,1.1,310.0,240.6
2018-08-04T08:14:39,20.9,219.1,256.7,1.1,310.0,241.5
2018-08-04T08:15:10,20.9,212.0,250.2,1.2,320.0,241.5
2018-08-04T08:15:42,21.3,217.9,256.7,1.3,320.0,241.5
2018-08-04T08:16:13,21.3,206.7,239.0,1.2,320.0,241.5
2018-08-04T08:16:44,21.7,216.7,253.7,1.3,330.0,242.5
2018-08-04T08:17:15,21.7,207.3,254.9,1.3,330.0,242.5
2018-08-04T08:17:46,21.7,223.2,246.1,1.3,340.0,242.5
2018-08-04T08:18:17,21.7,225.0,241.9,1.2,340.0,241.5
2018-08-04T08:18:48,21.7,220.9,248.4,1.3,350.0,242.5
2018-08-04T08:19:19,21.7,222.7,235.4,1.3,350.0,242.5
2018-08-04T08:20:14,22.0,209.1,239.5,1.4,360.0,243.5
2018-08-04T08:20:46,22.0,222.7,256.1,1.3,360.0,240.6
2018-08-04T08:21:17,22.0,222.7,246.6,1.4,370.0,241.5
2018-08-04T08:21:48,22.4,222.7,241.3,1.4,370.0,242.5
2018-08-04T08:22:19,22.4,212.0,245.5,1.4,380.0,243.5
2018-08-04T08:22:50,22.4,219.7,245.5,1.4,380.0,241.5
2018-08-04T08:23:21,22.4,220.9,252.6,1.5,390.0,244.4
2018-08-04T08:23:52,22.8,224.4,236.0,1.3,390.0,241.5
2018-08-04T08:24:23,22.8,210.8,253.7,1.4,400.0,242.5
2018-08-04T08:24:54,22.8,215.0,241.9,1.5,400.0,241.5
2018-08-04T08:25:25,22.8,222.1,249.0,1.5,410.0,241.5
2018-08-04T08:25:57,23.1,210.2,243.1,1.5,410.0,241.5
2018-08-04T08:26:28,23.1,215.6,244.9,1.5,420.0,242.5
2018-08-04T08:26:59,23.1,219.7,251.4,1.5,420.0,243.5
2018-08-04T08:27:30,23.1,219.7,244.9,1.5,430.0,241.5
2018-08-04T08:28:01,23.1,215.0,243.1,1.5,430.0,242.5
2018-08-04T08:28:32,23.1,212.0,252.6,1.6,440.0,241.5
2018-08-04T08:29:03,23.5,219.7,242.5,1.5,440.0,244.4
2018-08-04T08:29:34,23.5,222.7,240.1,1.5,450.0,241.5
2018-08-04T08:30:05,23.9,215.6,247.8,1.6,460.0,241.5
2018-08-04T08:30:36,23.9,219.1,239.5,1.5,460.0,242.5
2018-08-04T08:31:08,23.9,223.2,248.4,1.6,470.0,242.5
2018-08-04T08:31:39,23.9,222.1,251.4,1.6,470.0,240.6
2018-08-04T08:32:10,23.9,218.5,237.2,1.6,480.0,241.5
2018-08-04T08:32:41,24.2,213.2,256.1,1.6,480.0,243.5
2018-08-04T08:33:12,24.2,217.9,237.2,1.6,490.0,244.4
2018-08-04T08:33:43,24.6,220.9,242.5,1.6,500.0,243.5
2018-08-04T08:34:14,24.6,220.9,250.8,1.6,500.0,242.5
2018-08-04T08:34:45,24.6,219.7,246.6,1.8,510.0,242.5
2018-08-04T08:35:16,24.6,213.2,242.5,1.9,510.0,242.5
2018-08-04T08:35:47,24.6,219.1,246.6,1.6,520.0,242.5
2018-08-04T08:36:19,25.0,220.3,236.0,1.6,530.0,242.5
2018-08-04T08:36:50,25.0,214.4,239.0,1.7,530.0,243.5
2018-08-04T08:37:21,25.0,212.0,249.6,1.9,540.0,241.5
2018-08-04T08:37:52,25.3,219.1,237.8,1.8,550.0,243.5
2018-08-04T08:38:23,25.3,219.1,244.9,1.8,550.0,244.4
2018-08-04T08:38:54,25.3,219.1,249.6,1.9,560.0,243.5
2018-08-04T08:39:25,25.7,219.7,233.0,1.8,570.0,244.4
2018-08-04T08:39:56,25.7,215.0,246.1,1.9,570.0,242.5
2018-08-04T08:40:27,25.7,216.2,248.4,1.9,580.0,243.5
2018-08-04T08:40:58,26.1,211.4,241.9,1.9,590.0,243.5
2018-08-04T08:41:30,26.1,213.2,236.0,2.0,590.0,243.5
2018-08-04T08:42:01,26.1,217.3,249.0,2.0,600.0,242.5
2018-08-04T08:42:32,26.4,212.0,241.3,2.1,610.0,242.5
2018-08-04T08:43:03,26.4,209.7,240.1,2.0,610.0,243.5
2018-08-04T08:43:34,26.4,209.7,246.1,2.0,620.0,245.4
2018-08-04T08:44:05,26.8,218.5,236.6,2.1,630.0,244.4
2018-08-04T08:44:36,26.8,216.7,241.9,2.0,630.0,245.4
2018-08-04T08:45:07,26.8,215.0,246.1,2.1,640.0,244.4
2018-08-04T08:45:38,26.8,213.8,232.4,2.0,650.0,243.5
2018-08-04T08:46:10,27.2,213.2,240.7,2.0,660.0,242.5
2018-08-04T08:46:41,27.2,215.0,246.6,2.1,660.0,243.5
2018-08-04T08:47:12,27.5,212.6,240.7,2.0,670.0,244.4
2018-08-04T08:47:43,27.2,211.4,248.4,2.2,680.0,244.4
2018-08-04T08:48:14,27.2,216.2,237.2,2.1,690.0,244.4
2018-08-04T08:48:45,27.2,218.5,236.0,2.1,690.0,245.4
2018-08-04T08:49:16,27.5,212.0,244.9,2.2,700.0,245.4
2018-08-04T08:49:47,27.5,209.7,240.7,2.2,710.0,243.5
2018-08-04T08:50:18,27.5,214.4,243.1,2.3,720.0,245.4
2018-08-04T08:50:49,27.5,219.1,246.1,2.2,720.0,245.4
2018-08-04T08:51:20,27.9,213.2,241.9,2.3,730.0,245.4
2018-08-04T08:51:51,27.9,216.7,233.0,2.2,740.0,244.4
2018-08-04T08:52:22,28.3,215.6,238.4,2.2,750.0,245.4
2018-08-04T08:52:53,28.3,212.0,245.5,2.4,760.0,244.4
2018-08-04T08:53:24,28.3,210.8,245.5,2.4,770.0,244.4
2018-08-04T08:53:55,28.3,210.8,236.0,2.4,770.0,243.5
2018-08-04T08:54:26,28.3,216.2,240.1,2.3,780.0,244.4
2018-08-04T08:54:57,28.6,216.2,243.1,2.4,790.0,245.4
2018-08-04T08:55:28,28.6,219.1,241.9,2.4,800.0,245.4
2018-08-04T08:56:00,28.6,210.8,235.4,2.4,810.0,243.5
2018-08-04T08:56:31,28.6,216.7,240.7,2.3,820.0,243.5
2018-08-04T08:57:02,29.0,212.6,230.7,2.4,820.0,243.5
2018-08-04T08:57:33,28.6,210.2,239.5,2.5,830.0,244.4
2018-08-04T08:58:04,28.6,217.9,241.3,2.4,840.0,243.5
2018-08-04T08:58:35,28.6,219.1,232.4,2.3,850.0,243.5
2018-08-04T08:59:06,29.0,216.2,240.1,2.5,860.0,244.4
2018-08-04T08:59:37,29.0,215.6,246.1,2.5,870.0,244.4
2018-08-04T09:00:08,29.0,213.2,232.4,2.4,880.0,244.4
2018-08-04T09:00:39,29.4,211.4,237.8,2.6,880.0,245.4
2018-08-04T09:01:11,29.4,208.5,244.9,2.5,890.0,245.4
2018-08-04T09:01:42,29.4,215.6,233.0,2.5,900.0,246.4
2018-08-04T09:02:13,29.4,212.0,240.1,2.6,910.0,245.4
2018-08-04T09:02:44,29.4,215.6,239.0,2.5,920.0,244.4
2018-08-04T09:03:15,29.7,209.7,241.3,2.7,930.0,244.4
2018-08-04T09:03:46,29.7,216.2,234.2,2.5,940.0,244.4
2018-08-04T09:04:17,29.7,218.5,244.9,2.5,950.0,244.4
2018-08-04T09:04:48,29.7,212.0,241.3,2.7,960.0,244.4
2018-08-04T09:05:19,29.7,210.2,230.7,2.8,970.0,245.4
2018-08-04T09:05:50,29.7,210.8,248.4,2.7,980.0,245.4
2018-08-04T09:06:22,30.1,215.6,231.3,2.7,990.0,245.4
2018-08-04T09:06:53,30.1,207.9,241.9,2.8,1000.0,246.4
2018-08-04T09:07:24,30.1,208.5,239.5,2.8,1010.0,246.4
2018-08-04T09:07:55,30.2,216.7,230.1,2.7,1020.0,247.3
2018-08-04T09:08:26,30.1,213.2,236.0,2.8,1030.0,246.4
2018-08-04T09:08:57,30.1,209.1,242.5,2.8,1040.0,247.3
2018-08-04T09:09:28,30.2,213.8,234.8,2.8,1050.0,247.3
2018-08-04T09:09:59,30.2,211.4,229.5,2.9,1060.0,246.4
2018-08-04T09:10:30,30.3,209.1,240.1,2.8,1060.0,247.3
2018-08-04T09:11:01,30.4,214.4,239.0,2.8,1080.0,246.4
2018-08-04T09:11:32,30.4,211.4,230.1,2.9,1090.0,247.3
2018-08-04T09:12:03,30.5,208.5,236.0,2.9,1100.0,249.3
2018-08-04T09:12:34,30.5,213.8,244.3,2.9,1110.0,248.3
2018-08-04T09:13:05,30.5,216.2,233.0,2.8,1120.0,249.3
2018-08-04T09:13:36,30.4,209.1,235.4,3.0,1130.0,248.3
2018-08-04T09:14:07,30.5,211.4,241.3,3.0,1140.0,247.3
2018-08-04T09:14:38,30.7,211.4,227.1,2.9,1150.0,247.3
2018-08-04T09:15:09,30.7,209.7,237.2,3.0,1160.0,245.4
2018-08-04T09:15:41,30.8,210.2,243.1,3.0,1170.0,246.4
2018-08-04T09:16:12,30.9,209.1,234.8,3.0,1180.0,246.4
2018-08-04T09:16:43,30.9,215.6,228.3,3.0,1190.0,247.3
2018-08-04T09:17:14,30.9,210.8,239.0,3.0,1200.0,247.3
2018-08-04T09:17:45,30.9,215.6,236.6,3.0,1210.0,247.3
2018-08-04T09:18:16,30.9,206.1,230.7,3.2,1220.0,247.3
2018-08-04T09:18:47,30.9,213.2,230.1,3.0,1230.0,247.3
2018-08-04T09:19:18,30.8,206.1,234.2,3.2,1240.0,247.3
2018-08-04T09:19:49,30.8,214.4,242.5,3.0,1250.0,246.4
2018-08-04T09:20:20,30.7,209.1,232.4,3.1,1260.0,246.4
2018-08-04T09:20:51,30.7,209.7,230.1,3.2,1280.0,245.4
2018-08-04T09:21:23,30.7,213.2,241.3,3.1,1290.0,248.3
2018-08-04T09:21:54,30.8,206.1,232.4,3.2,1300.0,246.4
2018-08-04T09:22:25,30.8,214.4,228.3,3.1,1310.0,244.4
2018-08-04T09:22:56,30.9,215.0,238.4,3.1,1320.0,244.4
2018-08-04T09:23:27,31.0,210.8,237.2,3.2,1330.0,245.4
2018-08-04T09:23:58,31.0,215.0,228.9,3.2,1340.0,246.4
2018-08-04T09:24:29,30.9,211.4,240.1,3.3,1350.0,247.3
2018-08-04T09:25:00,30.9,210.2,231.9,3.3,1370.0,245.4
2018-08-04T09:25:31,30.9,209.1,229.5,3.3,1380.0,246.4
2018-08-04T09:26:03,30.9,206.7,243.1,3.3,1390.0,245.4
2018-08-04T09:26:34,30.9,212.6,232.4,3.3,1400.0,246.4
2018-08-04T09:27:05,31.0,211.4,230.7,3.3,1410.0,245.4
2018-08-04T09:27:36,31.1,212.6,239.0,3.3,1430.0,247.3
2018-08-04T09:28:07,31.2,210.2,234.2,3.5,1440.0,245.4
2018-08-04T09:28:38,31.4,212.0,226.5,3.4,1450.0,247.3
2018-08-04T09:29:09,31.4,204.9,236.6,3.5,1460.0,244.4
2018-08-04T09:29:40,31.5,210.8,239.5,3.4,1470.0,246.4
2018-08-04T09:30:11,31.5,209.1,228.3,3.6,1480.0,245.4
2018-08-04T09:30:42,31.5,213.2,230.1,3.5,1500.0,246.4
2018-08-04T09:31:14,31.5,207.9,227.7,3.6,1510.0,245.4
2018-08-04T09:31:45,31.6,210.8,233.6,3.6,1520.0,245.4
2018-08-04T09:32:16,31.6,216.7,237.8,3.4,1530.0,245.4
2018-08-04T09:32:47,31.7,213.2,237.8,3.5,1550.0,245.4
2018-08-04T09:33:18,31.7,210.2,232.4,3.7,1560.0,245.4
2018-08-04T09:33:49,31.7,205.5,238.4,3.7,1570.0,246.4
2018-08-04T09:34:20,31.6,212.6,236.6,3.7,1580.0,246.4
2018-08-04T09:34:51,31.7,209.1,237.2,3.8,1600.0,246.4
2018-08-04T09:35:22,31.7,208.5,235.4,0.9,1600.0,243.5
2018-08-04T09:35:53,31.8,207.3,232.4,3.6,1610.0,247.3
2018-08-04T09:36:25,31.8,210.8,230.1,3.7,1630.0,247.3
2018-08-04T09:36:56,31.9,212.0,230.1,3.7,1640.0,247.3
2018-08-04T09:37:27,31.9,210.2,230.7,3.8,1650.0,247.3
2018-08-04T09:37:58,32.0,212.0,233.0,3.7,1670.0,245.4
2018-08-04T09:38:29,32.0,206.7,241.3,3.7,1680.0,245.4
2018-08-04T09:39:00,32.0,213.2,234.8,3.7,1690.0,246.4
2018-08-04T09:39:31,32.0,212.6,230.1,3.8,1700.0,246.4
2018-08-04T09:40:02,32.0,208.5,234.2,3.8,1720.0,245.4
2018-08-04T09:40:33,32.0,210.2,239.5,3.8,1730.0,244.4
2018-08-04T09:41:05,32.0,207.9,237.2,3.7,1740.0,247.3
2018-08-04T09:41:36,32.2,210.2,230.7,3.7,1760.0,246.4
2018-08-04T09:42:07,32.2,208.5,240.1,3.8,1770.0,246.4
2018-08-04T09:42:38,32.2,207.3,231.9,3.9,1780.0,247.3
2018-08-04T09:43:09,32.0,211.4,228.9,3.8,1800.0,247.3
2018-08-04T09:43:40,32.0,213.2,230.7,3.8,1810.0,245.4
2018-08-04T09:44:11,32.0,208.5,231.3,3.9,1830.0,246.4
2018-08-04T09:44:42,32.2,210.2,231.3,3.9,1840.0,245.4
2018-08-04T09:45:13,32.2,210.2,231.9,4.0,1850.0,247.3
2018-08-04T09:45:44,32.3,209.7,236.6,3.9,1870.0,245.4
2018-08-04T09:46:16,32.4,210.8,240.7,3.8,1880.0,246.4
2018-08-04T09:46:47,32.4,206.1,234.8,3.9,1890.0,246.4
2018-08-04T09:47:18,32.5,209.1,227.1,3.9,1910.0,246.4
2018-08-04T09:47:49,32.5,212.6,233.0,3.9,1920.0,246.4
2018-08-04T09:48:20,32.5,209.1,234.8,3.9,1940.0,245.4
2018-08-04T09:48:51,32.5,210.8,232.4,4.0,1950.0,245.4
2018-08-04T09:49:22,32.5,206.1,230.7,4.1,1960.0,246.4
2018-08-04T09:49:53,32.6,212.0,240.1,3.9,1980.0,247.3
2018-08-04T09:50:24,32.6,206.7,234.2,4.1,1990.0,245.4
2018-08-04T09:50:55,32.6,210.8,226.5,4.1,2010.0,247.3
2018-08-04T09:51:26,32.7,207.9,234.2,4.1,2020.0,245.4
2018-08-04T09:51:57,32.7,211.4,237.8,4.0,2030.0,246.4
2018-08-04T09:52:28,32.9,207.3,230.1,4.1,2050.0,246.4
2018-08-04T09:52:59,32.9,211.4,239.5,4.1,2060.0,246.4
2018-08-04T09:53:30,32.9,208.5,236.6,4.0,2080.0,246.4
2018-08-04T09:54:01,33.0,212.6,235.4,4.1,2090.0,247.3
2018-08-04T09:54:32,33.0,206.1,232.4,4.2,2110.0,248.3
2018-08-04T09:55:03,33.0,212.0,228.9,4.1,2120.0,246.4
2018-08-04T09:55:35,33.1,206.1,230.1,4.2,2140.0,245.4
2018-08-04T09:56:06,33.1,209.7,231.9,4.1,2150.0,246.4
2018-08-04T09:56:37,33.1,210.8,236.6,4.2,2170.0,247.3
2018-08-04T09:57:08,33.1,208.5,239.0,4.3,2180.0,247.3
2018-08-04T09:57:39,33.1,212.0,230.1,4.1,2190.0,248.3
2018-08-04T09:58:10,33.2,207.9,230.7,4.3,2210.0,245.4
2018-08-04T09:58:41,33.2,209.1,233.6,4.4,2220.0,247.3
2018-08-04T09:59:12,33.2,207.3,238.4,4.2,2240.0,246.4
2018-08-04T09:59:43,33.2,206.1,239.0,4.2,2250.0,246.4
2018-08-04T10:00:14,33.1,209.7,228.9,4.2,2270.0,247.3
2018-08-04T10:00:46,33.2,205.5,230.7,4.4,2290.0,246.4
2018-08-04T10:01:17,33.2,210.8,236.0,4.2,2300.0,246.4
2018-08-04T10:01:48,33.3,204.3,232.4,4.5,2320.0,247.3
2018-08-04T10:02:19,33.3,206.1,230.1,4.4,2330.0,248.3
2018-08-04T10:02:50,33.4,207.3,235.4,4.4,2350.0,247.3
2018-08-04T10:03:21,33.4,208.5,234.8,4.4,2360.0,246.4
2018-08-04T10:03:52,33.4,204.9,230.1,4.4,2380.0,249.3
2018-08-04T10:04:23,33.4,211.4,231.9,4.4,2390.0,246.4
2018-08-04T10:04:54,33.4,205.5,239.0,4.6,2410.0,248.3
2018-08-04T10:05:25,33.5,205.5,235.4,4.6,2420.0,248.3
2018-08-04T10:05:57,33.5,211.4,228.9,4.3,2440.0,246.4
2018-08-04T10:06:28,33.5,203.7,227.1,4.6,2460.0,247.3
2018-08-04T10:06:59,33.7,207.3,235.4,4.6,2470.0,248.3
2018-08-04T10:07:30,33.5,206.1,237.2,4.5,2490.0,246.4
2018-08-04T10:08:01,33.5,204.9,234.8,4.5,2500.0,248.3
2018-08-04T10:08:32,33.5,210.8,233.0,4.4,2520.0,247.3
2018-08-04T10:09:03,33.5,203.2,230.1,4.6,2530.0,246.4
2018-08-04T10:09:34,33.5,206.7,233.0,4.7,2550.0,247.3
2018-08-04T10:10:05,33.5,203.2,231.3,4.6,2570.0,248.3
2018-08-04T10:10:36,33.7,206.1,237.2,4.7,2580.0,249.3
2018-08-04T10:11:08,33.7,213.2,237.8,4.5,2600.0,248.3
2018-08-04T10:11:39,33.7,206.1,237.2,4.7,2610.0,248.3
2018-08-04T10:12:10,33.7,207.9,236.6,4.6,2630.0,247.3
2018-08-04T10:12:41,33.7,206.1,241.3,4.7,2650.0,248.3
2018-08-04T10:13:12,33.7,209.1,233.6,4.6,2660.0,248.3
2018-08-04T10:13:43,33.7,210.2,234.2,4.6,2680.0,248.3
2018-08-04T10:14:14,33.8,206.1,230.7,4.8,2700.0,250.2
2018-08-04T10:14:45,33.8,210.2,230.1,4.7,2710.0,248.3
2018-08-04T10:15:16,33.8,206.1,228.3,4.8,2730.0,247.3
2018-08-04T10:15:47,33.8,210.8,235.4,4.7,2750.0,247.3
2018-08-04T10:16:19,33.8,204.9,241.9,4.9,2760.0,247.3
2018-08-04T10:16:50,33.9,207.3,234.8,4.7,2780.0,248.3
2018-08-04T10:17:21,33.9,210.2,230.7,4.7,2800.0,250.2
2018-08-04T10:17:52,33.9,206.7,233.0,4.8,2810.0,248.3
2018-08-04T10:18:23,33.9,212.0,234.8,4.8,2830.0,248.3
2018-08-04T10:18:54,33.9,207.9,230.7,4.8,2850.0,250.2
2018-08-04T10:19:25,34.0,207.9,228.9,4.9,2860.0,248.3
2018-08-04T10:19:56,34.0,208.5,231.3,4.8,2880.0,250.2
2018-08-04T10:20:27,34.0,206.1,228.3,4.9,2900.0,251.2
2018-08-04T10:20:58,33.9,210.2,227.7,4.8,2910.0,248.3
2018-08-04T10:21:30,34.0,212.0,228.9,4.7,2930.0,250.2
2018-08-04T10:22:01,34.0,206.1,228.3,4.9,2950.0,248.3
2018-08-04T10:22:32,34.1,204.3,234.8,4.9,2960.0,246.4
2018-08-04T10:23:03,34.0,210.8,231.9,4.8,2980.0,249.3
2018-08-04T10:23:34,34.1,206.1,224.2,5.0,3000.0,247.3
2018-08-04T10:24:05,34.0,202.6,227.1,5.0,3020.0,248.3
2018-08-04T10:24:36,34.0,206.1,233.6,5.0,3030.0,251.2
2018-08-04T10:25:07,34.1,203.2,236.0,4.9,3050.0,248.3
2018-08-04T10:25:38,34.2,202.0,230.1,5.0,3070.0,248.3
2018-08-04T10:26:09,34.2,210.8,236.0,4.8,3080.0,249.3
2018-08-04T10:26:40,34.2,203.2,234.8,5.1,3100.0,249.3
2018-08-04T10:27:11,34.2,208.5,234.2,4.8,3120.0,247.3
2018-08-04T10:27:42,34.0,204.9,232.4,5.0,3140.0,249.3
2018-08-04T10:28:13,34.0,209.7,227.7,4.9,3150.0,249.3
2018-08-04T10:28:44,34.1,203.7,224.8,5.0,3170.0,247.3
2018-08-04T10:29:15,34.1,209.1,236.6,4.9,3190.0,248.3
2018-08-04T10:29:46,34.1,203.7,236.0,5.2,3210.0,248.3
2018-08-04T10:30:17,34.1,204.3,227.7,5.1,3220.0,250.2
2018-08-04T10:30:49,34.1,207.9,231.3,5.0,3240.0,250.2
2018-08-04T10:31:20,34.2,204.3,225.4,5.2,3260.0,249.3
2018-08-04T10:31:51,34.2,209.1,221.8,5.0,3280.0,251.2
2018-08-04T10:32:22,34.2,203.7,234.2,5.1,3290.0,250.2
2018-08-04T10:32:53,34.2,206.1,232.4,5.1,3310.0,251.2
2018-08-04T10:33:24,34.1,206.7,232.4,5.3,3330.0,250.2
2018-08-04T10:33:55,33.9,207.9,224.8,5.1,3350.0,251.2
2018-08-04T10:34:26,33.9,202.0,225.9,5.2,3370.0,250.2
2018-08-04T10:34:57,34.0,203.7,231.9,5.3,3380.0,251.2
2018-08-04T10:35:28,34.0,209.7,237.2,5.1,3400.0,251.2
2018-08-04T10:36:00,34.0,202.6,236.0,5.3,3420.0,250.2
2018-08-04T10:36:31,34.1,207.9,234.8,5.1,3440.0,249.3
2018-08-04T10:37:02,34.2,203.2,224.8,5.3,3460.0,250.2
2018-08-04T10:37:33,34.2,209.1,224.8,5.1,3470.0,251.2
2018-08-04T10:38:04,34.1,200.2,225.9,5.4,3490.0,250.2
2018-08-04T10:38:35,34.1,209.1,231.9,5.1,3510.0,250.2
2018-08-04T10:39:06,34.2,202.0,234.2,5.4,3530.0,250.2
2018-08-04T10:39:37,34.4,204.9,230.7,5.4,3550.0,250.2
2018-08-04T10:40:08,34.5,206.7,228.9,5.2,3570.0,250.2
2018-08-04T10:40:39,34.6,200.8,223.0,5.3,3580.0,250.2
2018-08-04T10:41:11,34.6,207.9,225.4,5.2,3600.0,250.2
2018-08-04T10:41:42,34.6,202.0,225.9,5.5,3620.0,248.3
2018-08-04T10:42:13,34.7,207.3,231.9,5.3,3640.0,251.2
2018-08-04T10:42:44,34.8,210.8,238.4,5.2,3660.0,248.3
2018-08-04T10:43:15,34.8,203.2,224.8,5.5,3680.0,247.3
2018-08-04T10:43:46,34.9,202.6,233.0,5.5,3690.0,249.3
2018-08-04T10:44:17,34.9,207.3,227.1,5.4,3710.0,249.3
2018-08-04T10:44:48,35.0,204.9,231.9,5.5,3730.0,250.2
2018-08-04T10:45:19,34.9,204.9,227.1,5.3,3750.0,249.3
2018-08-04T10:45:50,34.9,199.0,224.2,5.6,3770.0,248.3
2018-08-04T10:46:22,34.8,203.7,229.5,5.5,3790.0,248.3
2018-08-04T10:46:53,34.7,206.1,228.9,5.4,3810.0,248.3
2018-08-04T10:47:24,34.7,204.9,229.5,5.4,3820.0,248.3
2018-08-04T10:47:55,34.8,203.2,227.7,5.5,3840.0,249.3
2018-08-04T10:48:26,34.9,199.0,224.8,5.5,3860.0,250.2
2018-08-04T10:48:57,35.0,201.4,223.0,5.6,3880.0,249.3
2018-08-04T10:49:28,35.2,204.9,221.8,5.4,3900.0,248.3
2018-08-04T10:49:59,35.2,203.7,225.4,5.4,3920.0,248.3
2018-08-04T10:50:30,35.3,198.4,226.5,5.6,3940.0,248.3
2018-08-04T10:51:01,35.3,205.5,233.6,5.3,3960.0,248.3
2018-08-04T10:51:32,35.4,198.4,234.2,5.7,3980.0,249.3
2018-08-04T10:52:03,35.4,202.6,229.5,5.6,3990.0,248.3
2018-08-04T10:52:34,35.3,200.8,232.4,5.7,4010.0,247.3
2018-08-04T10:53:05,35.2,204.9,227.7,5.6,4030.0,249.3
2018-08-04T10:53:36,35.2,198.4,231.3,5.7,4050.0,247.3
2018-08-04T10:54:07,35.2,206.1,224.2,5.6,4070.0,248.3
2018-08-04T10:54:38,35.3,201.4,228.9,5.6,4090.0,249.3
2018-08-04T10:55:09,35.4,200.2,231.9,5.6,4110.0,249.3
2018-08-04T10:55:40,35.5,203.2,230.7,5.6,4130.0,249.3
2018-08-04T10:56:12,35.5,200.2,230.1,5.7,4150.0,249.3
2018-08-04T10:56:43,35.6,201.4,228.9,5.6,4170.0,248.3
2018-08-04T10:57:14,35.5,197.3,228.3,5.8,4190.0,248.3
2018-08-04T10:57:45,35.6,203.7,225.4,5.7,4200.0,250.2
2018-08-04T10:58:16,35.6,199.0,220.0,5.8,4220.0,249.3
2018-08-04T10:58:47,35.7,202.0,228.3,5.7,4240.0,249.3
2018-08-04T10:59:18,35.5,205.5,231.9,5.6,4260.0,248.3
2018-08-04T10:59:49,35.4,199.6,230.1,5.7,4280.0,248.3
2018-08-04T11:00:20,35.5,202.0,225.4,5.7,4300.0,249.3
2018-08-04T11:00:51,35.5,200.2,224.2,5.7,4320.0,249.3
2018-08-04T11:01:23,35.5,203.2,228.9,5.6,4340.0,250.2
2018-08-04T11:01:54,35.2,197.8,221.2,5.9,4360.0,251.2
2018-08-04T11:02:25,35.0,203.7,221.2,5.8,4380.0,251.2
2018-08-04T11:02:56,35.0,200.8,222.4,5.9,4400.0,251.2
2018-08-04T11:03:27,35.2,200.2,223.6,5.9,4420.0,252.2
2018-08-04T11:03:58,35.3,199.6,221.8,5.8,4440.0,251.2
2018-08-04T11:04:29,35.2,196.1,220.6,5.8,4460.0,251.2
2018-08-04T11:05:00,35.0,197.8,227.1,5.9,4480.0,250.2
2018-08-04T11:05:32,35.0,204.3,228.9,5.6,4500.0,249.3
2018-08-04T11:06:04,35.0,200.8,226.5,5.8,4520.0,250.2
2018-08-04T11:06:35,35.3,196.1,227.7,5.9,4540.0,250.2
2018-08-04T11:07:06,35.4,197.8,220.6,5.8,4560.0,250.2
2018-08-04T11:07:37,35.5,201.4,230.1,5.9,4580.0,252.2
2018-08-04T11:08:08,35.6,200.8,223.6,5.9,4600.0,251.2
2018-08-04T11:08:39,35.6,195.5,225.9,6.0,4620.0,251.2
2018-08-04T11:09:10,35.7,195.5,223.0,5.9,4640.0,251.2
2018-08-04T11:09:41,35.9,203.2,223.0,5.7,4660.0,251.2
2018-08-04T11:10:12,35.9,201.4,227.1,5.8,4680.0,250.2
2018-08-04T11:10:43,35.7,195.5,228.9,6.1,4700.0,250.2
2018-08-04T11:11:15,35.7,203.2,227.1,5.8,4710.0,251.2
2018-08-04T11:11:46,35.6,200.8,217.1,5.9,4730.0,251.2
2018-08-04T11:12:17,35.7,200.2,221.8,6.0,4750.0,249.3
2018-08-04T11:12:48,35.7,198.4,223.0,6.1,4770.0,248.3
2018-08-04T11:13:19,35.9,197.8,224.8,5.9,4800.0,248.3
2018-08-04T11:13:50,36.0,201.4,221.8,5.9,4820.0,247.3
2018-08-04T11:14:21,36.0,202.6,219.4,5.8,4840.0,248.3
2018-08-04T11:14:52,36.1,195.5,220.6,6.1,4860.0,248.3
2018-08-04T11:15:23,36.2,197.8,224.2,6.2,4880.0,248.3
2018-08-04T11:15:54,36.3,194.9,225.9,6.1,4900.0,247.3
2018-08-04T11:16:26,36.1,195.5,228.9,6.0,4920.0,248.3
2018-08-04T11:16:57,35.9,201.4,224.2,6.1,4940.0,248.3
2018-08-04T11:17:28,35.6,200.8,224.8,5.9,4960.0,249.3
2018-08-04T11:17:59,35.4,194.3,226.5,6.2,4980.0,249.3
2018-08-04T11:18:30,35.4,201.4,229.5,6.1,5000.0,248.3
2018-08-04T11:19:01,35.0,202.6,226.5,6.1,5020.0,250.2
2018-08-04T11:19:32,35.0,201.4,223.0,6.1,5040.0,250.2
2018-08-04T11:20:03,34.8,202.6,223.0,6.1,5060.0,248.3
2018-08-04T11:20:34,34.7,200.8,222.4,6.1,5080.0,251.2
2018-08-04T11:21:06,34.8,197.8,216.5,6.2,5100.0,250.2
2018-08-04T11:21:37,34.8,200.2,219.4,6.2,5120.0,249.3
2018-08-04T11:22:08,34.9,196.1,225.4,6.1,5140.0,251.2
2018-08-04T11:22:39,35.0,201.4,227.1,6.1,5160.0,250.2
2018-08-04T11:23:10,35.0,201.4,222.4,6.1,5180.0,250.2
2018-08-04T11:23:41,35.2,196.1,214.7,6.2,5200.0,249.3
2018-08-04T11:24:12,35.3,197.3,220.0,6.2,5220.0,250.2
2018-08-04T11:24:43,35.3,200.8,223.6,6.2,5240.0,248.3
2018-08-04T11:25:14,35.4,195.5,220.0,6.3,5260.0,249.3
2018-08-04T11:25:45,35.6,200.8,223.0,6.2,5280.0,250.2
2018-08-04T11:26:16,35.5,200.8,226.5,6.1,5300.0,249.3
2018-08-04T11:26:47,35.6,203.2,228.9,6.1,5320.0,249.3
2018-08-04T11:27:18,35.7,202.0,221.8,6.2,5350.0,250.2
2018-08-04T11:27:50,35.6,196.7,223.0,6.3,5370.0,248.3
2018-08-04T11:28:21,35.7,200.2,217.7,6.2,5390.0,248.3
2018-08-04T11:28:52,35.9,199.0,230.1,6.2,5410.0,249.3
2018-08-04T11:29:23,35.7,199.6,221.8,6.2,5430.0,250.2
2018-08-04T11:29:54,35.7,201.4,218.8,6.2,5450.0,249.3
2018-08-04T11:30:25,36.0,194.9,217.7,6.3,5470.0,250.2
2018-08-04T11:30:56,36.0,202.0,230.1,6.2,5490.0,248.3
2018-08-04T11:31:27,35.7,195.5,223.0,6.2,5510.0,248.3
2018-08-04T11:31:58,35.6,196.7,218.8,6.3,5530.0,249.3
2018-08-04T11:32:29,35.4,204.9,217.7,5.9,5550.0,250.2
2018-08-04T11:33:00,35.4,200.8,223.0,6.2,5570.0,249.3
2018-08-04T11:33:31,35.2,196.1,228.9,6.3,5590.0,251.2
2018-08-04T11:34:02,35.2,200.8,218.8,6.2,5620.0,250.2
2018-08-04T11:34:33,35.2,198.4,218.8,6.4,5640.0,249.3
2018-08-04T11:35:04,35.4,197.8,217.7,6.3,5660.0,249.3
2018-08-04T11:35:36,35.4,203.2,220.6,6.2,5680.0,249.3
2018-08-04T11:36:07,35.3,198.4,222.4,6.4,5700.0,249.3
2018-08-04T11:36:38,35.2,197.3,227.1,6.4,5720.0,249.3
2018-08-04T11:37:09,35.2,204.9,225.4,6.1,5740.0,249.3
2018-08-04T11:37:40,35.2,200.2,217.1,6.2,5760.0,249.3
2018-08-04T11:38:11,35.3,199.0,223.0,6.4,5790.0,249.3
2018-08-04T11:38:42,35.5,196.7,227.7,6.5,5810.0,250.2
2018-08-04T11:39:13,35.7,194.9,220.0,6.4,5830.0,249.3
2018-08-04T11:39:44,35.9,203.2,220.6,6.2,5850.0,250.2
2018-08-04T11:40:15,35.7,195.5,219.4,6.3,5870.0,250.2
2018-08-04T11:40:47,35.6,196.1,215.3,6.5,5890.0,250.2
2018-08-04T11:41:18,35.5,202.0,219.4,6.2,5910.0,251.2
2018-08-04T11:41:49,35.5,194.9,220.0,6.5,5930.0,251.2
2018-08-04T11:42:20,35.6,197.8,221.2,6.4,5960.0,251.2
2018-08-04T11:42:51,35.9,202.0,220.0,6.4,5980.0,250.2
2018-08-04T11:43:22,35.7,194.9,221.2,6.6,6000.0,251.2
2018-08-04T11:43:53,35.7,195.5,220.6,6.5,6020.0,251.2
2018-08-04T11:44:24,35.7,202.6,220.6,6.2,6040.0,252.2
2018-08-04T11:44:55,36.0,197.3,225.4,6.5,6060.0,250.2
2018-08-04T11:45:26,36.1,194.9,223.0,6.5,6080.0,250.2
2018-08-04T11:45:58,36.2,199.6,220.0,6.3,6100.0,250.2
2018-08-04T11:46:29,36.3,197.3,218.3,6.5,6130.0,250.2
2018-08-04T11:47:00,36.2,193.7,223.6,6.6,6150.0,249.3
2018-08-04T11:47:31,36.0,199.0,223.6,6.5,6170.0,250.2
2018-08-04T11:48:02,36.0,196.1,223.0,6.6,6190.0,250.2
2018-08-04T11:48:33,35.9,200.8,215.9,6.2,6210.0,251.2
2018-08-04T11:49:04,35.7,200.2,221.2,6.4,6230.0,251.2
2018-08-04T11:49:35,35.6,198.4,217.7,6.3,6250.0,250.2
2018-08-04T11:50:06,35.5,200.8,218.8,6.3,6270.0,249.3
2018-08-04T11:50:37,35.4,198.4,218.8,6.4,6300.0,247.3
2018-08-04T11:51:09,35.4,195.5,227.1,6.6,6320.0,249.3
2018-08-04T11:51:40,35.4,199.0,216.5,6.5,6340.0,247.3
2018-08-04T11:52:11,35.6,202.0,218.8,6.4,6360.0,250.2
2018-08-04T11:52:42,35.9,196.1,220.6,6.6,6380.0,247.3
2018-08-04T11:53:13,36.0,199.0,223.0,6.5,6400.0,247.3
2018-08-04T11:53:44,36.1,197.8,230.1,6.5,6430.0,249.3
2018-08-04T11:54:15,36.2,192.5,227.7,6.6,6450.0,249.3
2018-08-04T11:54:46,36.3,194.9,223.6,6.6,6470.0,249.3
2018-08-04T11:55:17,36.4,198.4,222.4,6.4,6490.0,250.2
2018-08-04T11:55:48,36.5,193.1,226.5,6.6,6510.0,249.3
2018-08-04T11:56:20,36.7,197.8,228.9,6.5,6530.0,249.3
2018-08-04T11:56:51,36.8,193.7,224.8,6.6,6560.0,250.2
2018-08-04T11:57:22,36.8,196.7,218.8,6.5,6580.0,250.2
2018-08-04T11:57:53,36.8,202.0,229.5,6.3,6600.0,249.3
2018-08-04T11:58:24,36.8,196.1,227.7,6.7,6620.0,249.3
2018-08-04T11:58:55,36.8,193.7,223.6,6.7,6640.0,249.3
2018-08-04T11:59:26,36.9,193.7,218.8,6.7,6660.0,249.3
2018-08-04T11:59:57,36.9,197.8,218.3,6.6,6690.0,248.3
2018-08-04T12:00:28,36.8,203.2,220.0,6.3,6710.0,249.3
2018-08-04T12:00:59,36.8,196.1,217.7,6.6,6730.0,248.3
2018-08-04T12:01:31,36.7,200.2,226.5,6.4,6750.0,249.3
2018-08-04T12:02:02,36.7,198.4,224.8,6.6,6770.0,249.3
2018-08-04T12:02:33,36.7,202.0,227.7,6.4,6800.0,249.3
2018-08-04T12:03:04,36.7,196.1,227.1,6.6,6820.0,249.3
2018-08-04T12:03:35,36.5,199.6,221.8,6.6,6840.0,247.3
2018-08-04T12:04:06,36.5,199.0,214.7,6.7,6860.0,248.3
2018-08-04T12:04:37,36.4,200.2,217.7,6.6,6890.0,250.2
2018-08-04T12:05:08,36.5,198.4,215.3,6.7,6910.0,249.3
2018-08-04T12:05:39,36.1,199.0,220.6,6.7,6930.0,250.2
2018-08-04T12:06:10,35.9,200.8,223.6,6.5,6950.0,250.2
2018-08-04T12:06:41,35.7,203.7,219.4,6.4,6970.0,251.2
2018-08-04T12:07:12,35.5,195.5,220.0,6.7,7000.0,250.2
2018-08-04T12:07:43,35.5,200.8,219.4,6.5,7020.0,250.2
2018-08-04T12:08:14,35.3,197.3,217.1,6.8,7040.0,251.2
2018-08-04T12:08:45,35.2,202.0,215.9,6.5,7060.0,250.2
2018-08-04T12:09:16,35.4,197.8,218.3,6.7,7080.0,250.2
2018-08-04T12:09:47,35.5,199.6,221.2,6.7,7110.0,250.2
2018-08-04T12:10:18,35.7,199.0,225.4,6.7,7130.0,250.2
2018-08-04T12:10:50,35.9,193.7,224.8,6.7,7150.0,252.2
2018-08-04T12:11:21,36.0,199.0,221.2,6.7,7170.0,250.2
2018-08-04T12:11:52,36.0,197.8,224.8,6.6,7200.0,249.3
2018-08-04T12:12:23,36.0,202.0,225.9,6.5,7220.0,250.2
2018-08-04T12:12:54,36.2,193.1,222.4,6.8,7240.0,251.2
2018-08-04T12:13:25,36.3,200.2,221.8,6.6,7260.0,251.2
2018-08-04T12:13:56,36.4,194.9,218.8,6.9,7280.0,250.2
2018-08-04T12:14:27,36.7,195.5,213.5,6.7,7310.0,249.3
2018-08-04T12:14:58,36.8,193.1,217.7,6.9,7330.0,249.3
2018-08-04T12:15:29,36.8,194.9,220.0,6.8,7350.0,248.3
2018-08-04T12:16:01,36.9,202.0,220.6,6.6,7370.0,249.3
2018-08-04T12:16:32,36.8,196.7,227.7,6.8,7400.0,249.3
2018-08-04T12:17:03,36.5,197.8,226.5,6.6,7420.0,249.3
2018-08-04T12:17:34,36.2,198.4,221.8,6.4,7440.0,249.3
2018-08-04T12:18:05,36.0,193.1,216.5,6.9,7460.0,248.3
2018-08-04T12:18:36,36.0,200.2,217.7,6.7,7480.0,249.3
2018-08-04T12:19:07,36.1,202.0,217.1,6.6,7510.0,249.3
2018-08-04T12:19:38,36.2,193.7,219.4,6.7,7530.0,248.3
2018-08-04T12:20:09,36.2,187.2,217.7,6.7,7550.0,247.3
2018-08-04T12:20:40,35.9,190.2,214.7,6.7,7570.0,247.3
2018-08-04T12:21:12,35.9,197.3,216.5,6.7,7590.0,247.3
2018-08-04T12:21:43,36.0,197.8,224.8,6.6,7620.0,246.4
2018-08-04T12:22:14,35.9,187.8,218.8,6.8,7640.0,247.3
2018-08-04T12:22:45,35.7,193.7,217.7,7.0,7660.0,249.3
2018-08-04T12:23:16,35.7,196.1,217.1,6.4,7680.0,248.3
2018-08-04T12:23:47,35.7,199.0,217.7,6.6,7710.0,248.3
2018-08-04T12:24:18,35.7,196.7,213.5,6.7,7730.0,248.3
2018-08-04T12:24:49,36.0,196.1,222.4,6.8,7750.0,248.3
2018-08-04T12:25:20,36.2,193.1,219.4,6.8,7770.0,249.3
2018-08-04T12:25:51,36.4,193.1,224.2,6.9,7790.0,247.3
2018-08-04T12:26:22,36.7,199.0,219.4,6.6,7820.0,247.3
2018-08-04T12:26:53,36.7,193.1,221.8,6.8,7840.0,248.3
2018-08-04T12:27:25,36.8,192.5,223.0,7.0,7860.0,250.2
2018-08-04T12:27:56,36.9,194.3,221.8,6.9,7880.0,249.3
2018-08-04T12:28:27,37.0,198.4,223.6,6.6,7910.0,249.3
2018-08-04T12:28:58,37.2,191.9,219.4,6.8,7930.0,249.3
2018-08-04T12:29:29,37.4,190.2,218.8,6.8,7950.0,249.3
2018-08-04T12:30:00,37.4,195.5,220.0,6.7,7970.0,249.3
2018-08-04T12:30:31,37.5,193.1,218.3,6.9,8000.0,248.3
2018-08-04T12:31:02,37.5,196.1,221.8,6.7,8020.0,247.3
2018-08-04T12:31:33,37.6,192.5,220.6,7.0,8040.0,248.3
2018-08-04T12:32:04,37.7,190.8,220.0,6.9,8060.0,249.3
2018-08-04T12:32:35,37.7,195.5,224.8,6.7,8080.0,249.3
2018-08-04T12:33:06,37.8,190.8,224.2,6.9,8110.0,247.3
2018-08-04T12:33:37,37.8,194.9,222.4,6.7,8130.0,249.3
2018-08-04T12:34:08,37.9,199.6,223.0,6.6,8150.0,248.3
2018-08-04T12:34:39,37.9,193.1,222.4,6.8,8170.0,248.3
2018-08-04T12:35:10,38.0,189.6,217.7,7.0,8200.0,248.3
2018-08-04T12:35:42,38.2,196.1,223.0,6.6,8220.0,247.3
2018-08-04T12:36:13,38.3,194.3,222.4,6.8,8240.0,247.3
2018-08-04T12:36:44,38.3,190.8,223.6,6.8,8260.0,249.3
2018-08-04T12:37:15,38.4,188.4,223.6,6.9,8290.0,249.3
2018-08-04T12:37:46,38.4,189.6,223.0,6.9,8310.0,249.3
2018-08-04T12:38:17,38.5,191.3,221.2,6.9,8330.0,249.3
2018-08-04T12:38:48,38.5,194.9,218.8,6.8,8350.0,249.3
2018-08-04T12:39:19,38.6,189.0,217.7,7.0,8370.0,248.3
2018-08-04T12:39:50,38.6,199.6,215.3,6.4,8400.0,249.3
2018-08-04T12:40:21,38.6,197.3,214.1,6.1,8420.0,248.3
2018-08-04T12:40:53,38.6,195.5,218.8,6.8,8440.0,248.3
2018-08-04T12:41:24,38.6,181.3,217.7,6.9,8460.0,248.3
2018-08-04T12:41:55,38.6,178.3,217.1,6.8,8480.0,248.3
2018-08-04T12:42:27,38.7,187.2,222.4,6.7,8510.0,249.3
2018-08-04T12:42:58,38.7,190.8,223.6,6.9,8530.0,248.3
2018-08-04T12:43:29,38.7,199.0,225.9,6.7,8550.0,247.3
2018-08-04T12:44:00,38.7,189.6,225.4,6.7,8570.0,250.2
2018-08-04T12:44:31,38.9,186.0,217.7,6.5,8590.0,250.2
2018-08-04T12:45:02,38.7,178.3,223.0,6.7,8620.0,248.3
2018-08-04T12:45:33,38.7,180.1,223.0,6.7,8640.0,251.2
2018-08-04T12:46:04,38.7,177.2,226.5,6.9,8660.0,248.3
2018-08-04T12:46:35,38.7,172.4,223.6,6.9,8680.0,250.2
2018-08-04T12:47:06,38.9,194.3,221.8,6.4,8700.0,249.3
2018-08-04T12:47:37,38.7,171.9,216.5,7.0,8720.0,249.3
2018-08-04T12:48:08,38.6,177.8,217.7,6.8,8740.0,250.2
2018-08-04T12:48:39,38.6,169.5,219.4,7.2,8770.0,249.3
2018-08-04T12:49:10,38.7,180.7,220.6,6.6,8790.0,249.3
2018-08-04T12:49:41,38.7,173.6,223.6,6.9,8810.0,251.2
2018-08-04T12:50:12,38.9,177.8,223.6,6.8,8830.0,250.2
2018-08-04T12:50:44,38.9,174.2,224.8,6.9,8850.0,249.3
2018-08-04T12:51:15,38.7,177.8,224.2,6.8,8870.0,250.2
2018-08-04T12:51:46,38.5,176.0,213.5,6.7,8890.0,249.3
2018-08-04T12:52:17,38.2,177.8,217.7,6.7,8920.0,250.2
2018-08-04T12:52:48,38.0,180.1,225.4,6.6,8940.0,250.2
2018-08-04T12:53:19,38.0,174.2,221.8,7.0,8960.0,250.2
2018-08-04T12:53:50,37.8,173.0,218.3,7.0,8980.0,250.2
2018-08-04T12:54:21,37.8,176.0,216.5,6.8,9000.0,250.2
2018-08-04T12:54:52,37.7,171.9,215.9,6.7,9020.0,250.2
2018-08-04T12:55:23,37.8,173.0,223.0,7.0,9040.0,250.2
2018-08-04T12:55:55,37.8,178.3,223.6,6.6,9060.0,249.3
2018-08-04T12:56:26,37.7,173.6,221.8,7.0,9090.0,250.2
2018-08-04T12:56:57,37.9,179.5,219.4,6.6,9110.0,250.2
2018-08-04T12:57:28,37.7,173.6,212.9,6.9,9130.0,250.2
2018-08-04T12:57:59,37.6,178.3,215.9,6.8,9150.0,250.2
2018-08-04T12:58:30,37.4,174.8,218.8,6.8,9170.0,251.2
2018-08-04T12:59:01,37.1,173.6,220.0,7.0,9190.0,251.2
2018-08-04T12:59:32,37.1,177.8,218.3,6.7,9210.0,249.3
2018-08-04T13:00:03,37.2,176.0,217.7,6.8,9240.0,251.2
2018-08-04T13:00:35,37.2,176.0,214.7,6.8,9260.0,250.2
2018-08-04T13:01:06,37.4,173.0,213.5,6.9,9280.0,249.3
2018-08-04T13:01:37,37.5,173.0,217.1,6.8,9300.0,249.3
2018-08-04T13:02:08,37.6,173.6,217.7,6.6,9320.0,248.3
2018-08-04T13:02:39,37.5,163.0,213.5,7.0,9340.0,248.3
2018-08-04T13:03:10,37.1,161.8,217.1,7.1,9360.0,249.3
2018-08-04T13:03:41,37.1,166.5,220.0,6.7,9380.0,248.3
2018-08-04T13:04:12,37.0,160.6,220.0,7.1,9400.0,248.3
2018-08-04T13:04:43,37.0,167.1,222.4,6.9,9420.0,248.3
2018-08-04T13:05:14,36.8,168.3,218.8,6.7,9440.0,249.3
2018-08-04T13:05:45,36.8,162.4,215.3,7.0,9470.0,247.3
2018-08-04T13:06:17,36.8,168.3,211.7,6.8,9490.0,250.2
2018-08-04T13:06:48,37.0,163.0,217.1,7.0,9510.0,248.3
2018-08-04T13:07:19,37.0,161.8,223.0,7.1,9530.0,247.3
2018-08-04T13:07:50,37.2,165.4,224.2,6.8,9550.0,249.3
2018-08-04T13:08:21,37.5,168.3,220.6,6.8,9570.0,249.3
2018-08-04T13:08:52,37.6,161.8,213.5,7.0,9590.0,249.3
2018-08-04T13:09:23,37.5,166.5,220.6,6.8,9610.0,249.3
2018-08-04T13:09:54,37.4,165.4,222.4,6.9,9630.0,249.3
2018-08-04T13:10:25,37.2,170.1,224.8,6.7,9650.0,249.3
2018-08-04T13:10:56,37.4,164.8,223.6,7.0,9670.0,249.3
2018-08-04T13:11:28,37.4,171.3,220.0,6.5,9690.0,249.3
2018-08-04T13:11:59,37.2,169.5,220.6,6.4,9720.0,248.3
2018-08-04T13:12:30,37.2,164.2,222.4,7.0,9740.0,249.3
2018-08-04T13:13:01,37.1,163.6,224.8,6.9,9760.0,249.3
2018-08-04T13:13:32,36.8,162.4,218.8,6.9,9780.0,249.3
2018-08-04T13:14:03,36.9,162.4,220.6,7.1,9800.0,248.3
2018-08-04T13:14:34,37.0,165.9,224.2,6.8,9820.0,249.3
2018-08-04T13:15:05,36.9,164.8,223.6,6.5,9840.0,248.3
2018-08-04T13:15:36,36.7,157.7,223.0,7.1,9860.0,248.3
2018-08-04T13:16:08,36.5,161.8,223.0,7.0,9880.0,249.3
2018-08-04T13:16:39,36.5,158.9,221.8,7.0,9900.0,248.3
2018-08-04T13:17:10,36.5,163.6,218.3,7.0,9920.0,249.3
2018-08-04T13:17:41,36.8,166.5,216.5,6.4,9940.0,248.3
2018-08-04T13:18:12,36.8,161.8,217.7,6.5,9960.0,252.2
2018-08-04T13:18:43,36.9,163.6,212.3,7.0,9980.0,252.2
2018-08-04T13:19:14,37.1,161.8,217.1,7.0,10000.0,251.2
2018-08-04T13:19:45,37.2,168.3,218.3,6.8,10020.0,250.2
2018-08-04T13:20:16,37.4,165.9,224.8,6.9,10040.0,251.2
2018-08-04T13:20:47,37.6,167.1,223.0,6.5,10070.0,251.2
2018-08-04T13:21:19,37.7,165.4,225.4,6.2,10090.0,252.2
2018-08-04T13:21:50,37.7,158.9,223.6,7.1,10110.0,251.2
2018-08-04T13:22:21,37.7,161.8,223.6,7.0,10130.0,251.2
2018-08-04T13:22:52,37.8,163.6,223.6,7.0,10150.0,252.2
2018-08-04T13:23:23,37.9,161.2,221.2,7.0,10170.0,250.2
2018-08-04T13:23:54,38.0,170.7,225.4,6.6,10190.0,249.3
2018-08-04T13:24:25,38.2,163.0,223.0,7.0,10210.0,249.3
2018-08-04T13:24:56,38.3,164.2,221.8,6.8,10230.0,250.2
2018-08-04T13:25:27,38.0,157.1,217.1,7.1,10250.0,248.3
2018-08-04T13:25:58,37.8,157.7,214.7,7.0,10270.0,249.3
2018-08-04T13:26:29,37.8,163.0,215.3,6.8,10290.0,250.2
2018-08-04T13:27:00,38.0,165.4,220.0,6.7,10310.0,250.2
2018-08-04T13:27:31,37.9,168.9,212.3,6.6,10330.0,249.3
2018-08-04T13:28:02,38.0,163.6,220.6,6.7,10350.0,249.3
2018-08-04T13:28:33,38.2,163.6,214.1,6.8,10370.0,249.3
2018-08-04T13:29:04,38.3,157.7,214.7,6.7,10390.0,249.3
2018-08-04T13:29:35,38.4,144.1,215.3,6.9,10410.0,249.3
2018-08-04T13:30:06,38.4,145.9,218.8,6.7,10430.0,249.3
2018-08-04T13:30:38,38.4,145.3,221.8,6.9,10450.0,249.3
2018-08-04T13:31:09,38.4,157.1,223.0,6.7,10470.0,251.2
2018-08-04T13:31:40,38.5,154.1,223.6,6.9,10490.0,248.3
2018-08-04T13:32:11,38.6,162.4,224.2,6.3,10510.0,249.3
2018-08-04T13:32:42,38.7,161.2,221.8,6.5,10530.0,249.3
2018-08-04T13:33:13,38.9,142.9,225.9,6.9,10550.0,250.2
2018-08-04T13:33:44,38.9,150.0,219.4,6.5,10570.0,249.3
2018-08-04T13:34:15,38.9,148.8,215.3,6.5,10590.0,248.3
2018-08-04T13:34:46,39.0,142.9,215.3,6.8,10610.0,250.2
2018-08-04T13:35:17,39.0,140.5,220.6,6.9,10630.0,248.3
2018-08-04T13:35:49,39.1,142.3,221.2,6.7,10650.0,248.3
2018-08-04T13:36:20,39.1,138.8,227.7,6.6,10670.0,249.3
2018-08-04T13:36:51,39.0,150.0,224.2,6.6,10690.0,249.3
2018-08-04T13:37:22,39.0,148.8,221.8,6.6,10710.0,248.3
2018-08-04T13:37:53,39.0,146.4,219.4,6.6,10720.0,248.3
2018-08-04T13:38:24,39.0,141.1,218.3,6.8,10740.0,249.3
2018-08-04T13:38:55,39.0,152.9,216.5,6.3,10760.0,248.3
2018-08-04T13:39:26,39.0,145.9,217.1,6.8,10780.0,249.3
2018-08-04T13:39:57,39.1,151.8,217.7,6.4,10800.0,249.3
2018-08-04T13:40:28,39.1,152.9,216.5,6.3,10820.0,248.3
2018-08-04T13:41:00,39.1,159.4,224.8,5.6,10840.0,249.3
2018-08-04T13:41:31,39.1,155.3,220.0,6.0,10860.0,248.3
2018-08-04T13:42:02,39.1,133.5,215.9,6.8,10880.0,249.3
2018-08-04T13:42:33,39.1,135.2,214.7,6.7,10890.0,249.3
2018-08-04T13:43:04,39.1,138.8,215.3,6.5,10910.0,248.3
2018-08-04T13:43:35,39.1,134.0,222.4,6.7,10930.0,248.3
2018-08-04T13:44:06,39.1,132.3,214.7,6.7,10950.0,247.3
2018-08-04T13:44:37,38.9,129.9,214.7,7.0,10970.0,248.3
2018-08-04T13:45:08,38.7,132.3,217.7,6.8,10990.0,248.3
2018-08-04T13:45:39,38.9,132.9,217.7,6.7,11010.0,248.3
2018-08-04T13:46:10,39.0,134.6,223.6,6.8,11020.0,248.3
2018-08-04T13:46:41,39.1,137.6,215.3,6.5,11040.0,246.4
2018-08-04T13:47:12,39.2,136.4,219.4,6.6,11060.0,248.3
2018-08-04T13:47:43,39.2,131.7,224.8,6.8,11080.0,248.3
2018-08-04T13:48:14,39.3,132.3,224.2,6.8,11100.0,247.3
2018-08-04T13:48:45,39.3,132.9,223.6,6.6,11120.0,248.3
2018-08-04T13:49:16,39.3,135.8,220.6,6.6,11140.0,248.3
2018-08-04T13:49:47,39.2,142.9,221.2,6.3,11150.0,248.3
2018-08-04T13:50:18,39.2,136.4,221.8,6.6,11170.0,248.3
2018-08-04T13:50:50,39.2,136.4,217.1,6.6,11190.0,246.4
2018-08-04T13:51:21,39.3,137.0,218.3,6.5,11210.0,249.3
2018-08-04T13:51:52,39.3,131.1,215.9,6.4,11230.0,246.4
2018-08-04T13:52:23,39.3,131.1,215.9,6.5,11250.0,247.3
2018-08-04T13:52:54,39.4,132.3,214.1,6.8,11260.0,248.3
2018-08-04T13:53:25,39.4,129.3,217.1,6.4,11280.0,248.3
2018-08-04T13:53:56,39.4,124.6,216.5,6.7,11300.0,248.3
2018-08-04T13:54:27,39.4,128.7,215.3,6.4,11320.0,248.3
2018-08-04T13:54:58,39.4,137.0,212.3,6.5,11340.0,248.3
2018-08-04T13:55:29,39.5,133.5,217.7,6.6,11350.0,248.3
2018-08-04T13:56:01,39.5,126.4,217.1,6.6,11370.0,248.3
2018-08-04T13:56:32,39.5,128.7,224.2,6.6,11390.0,250.2
2018-08-04T13:57:03,39.5,128.7,217.1,6.7,11410.0,250.2
2018-08-04T13:57:34,39.5,138.2,224.8,5.5,11430.0,247.3
2018-08-04T13:58:05,39.5,125.2,224.8,6.6,11440.0,249.3
2018-08-04T13:58:36,39.5,129.9,217.7,6.4,11460.0,249.3
2018-08-04T13:59:07,39.5,131.7,215.9,6.3,11480.0,249.3
2018-08-04T13:59:38,39.4,128.7,230.7,6.4,11500.0,248.3
2018-08-04T14:00:09,39.3,131.1,225.9,6.2,11520.0,249.3
2018-08-04T14:00:40,39.4,133.5,215.9,6.0,11530.0,250.2
2018-08-04T14:01:12,39.4,140.0,226.5,5.4,11550.0,250.2
2018-08-04T14:01:43,39.3,131.7,223.0,6.4,11570.0,249.3
2018-08-04T14:02:14,39.3,119.3,223.0,6.5,11590.0,250.2
2018-08-04T14:02:45,39.3,117.5,215.9,6.5,11600.0,249.3
2018-08-04T14:03:16,39.2,120.5,218.3,6.8,11620.0,250.2
2018-08-04T14:03:47,39.3,131.1,220.6,5.5,11640.0,249.3
2018-08-04T14:04:18,39.3,116.9,217.1,6.5,11660.0,249.3
2018-08-04T14:04:49,38.9,120.5,217.7,6.4,11670.0,248.3
2018-08-04T14:05:20,38.9,116.9,223.0,5.6,11690.0,249.3
2018-08-04T14:05:51,38.9,117.5,226.5,6.5,11710.0,248.3
2018-08-04T14:06:22,38.7,116.3,223.0,6.6,11720.0,247.3
2018-08-04T14:06:53,38.9,121.0,223.0,6.4,11740.0,248.3
2018-08-04T14:07:24,38.9,119.9,227.1,6.4,11760.0,246.4
2018-08-04T14:07:55,38.7,115.7,221.8,6.5,11780.0,247.3
2018-08-04T14:08:26,38.7,118.7,219.4,6.4,11790.0,248.3
2018-08-04T14:08:57,38.4,116.9,227.7,6.4,11810.0,247.3
2018-08-04T14:09:28,38.5,116.9,215.3,6.5,11830.0,246.4
2018-08-04T14:09:59,38.4,119.3,223.6,6.4,11840.0,248.3
2018-08-04T14:10:30,38.4,119.3,218.3,6.3,11860.0,248.3
2018-08-04T14:11:02,38.5,118.1,217.7,6.3,11880.0,248.3
2018-08-04T14:11:33,38.6,116.9,222.4,6.5,11900.0,249.3
2018-08-04T14:12:04,38.6,116.9,221.8,6.5,11910.0,248.3
2018-08-04T14:12:35,38.7,121.0,220.6,6.3,11930.0,247.3
2018-08-04T14:13:06,38.9,114.6,222.4,6.5,11950.0,249.3
2018-08-04T14:13:37,38.9,112.8,218.8,6.3,11960.0,248.3
2018-08-04T14:14:08,38.6,118.7,216.5,6.2,11980.0,248.3
2018-08-04T14:14:39,38.3,121.6,214.1,6.0,12000.0,248.3
2018-08-04T14:15:10,38.3,114.6,215.3,6.4,12010.0,247.3
2018-08-04T14:15:41,38.2,119.9,228.3,6.2,12030.0,247.3
2018-08-04T14:16:13,37.9,118.7,217.7,6.3,12050.0,247.3
2018-08-04T14:16:44,37.9,115.1,220.6,6.4,12060.0,247.3
2018-08-04T14:17:15,38.0,116.3,217.1,6.3,12080.0,248.3
2018-08-04T14:17:46,38.2,116.3,213.5,6.3,12100.0,248.3
2018-08-04T14:18:17,38.2,121.6,217.7,6.1,12110.0,248.3
2018-08-04T14:18:48,38.2,121.6,223.0,6.2,12130.0,249.3
2018-08-04T14:19:19,38.3,121.0,220.0,3.9,12140.0,248.3
2018-08-04T14:19:50,38.2,114.0,221.8,6.2,12160.0,249.3
2018-08-04T14:20:21,38.2,120.5,217.7,5.1,12180.0,249.3
2018-08-04T14:20:52,38.3,125.8,215.9,4.1,12190.0,249.3
2018-08-04T14:21:24,38.2,120.5,221.8,6.1,12210.0,249.3
2018-08-04T14:21:55,38.2,114.6,221.8,6.4,12230.0,249.3
2018-08-04T14:22:26,37.9,109.8,220.0,6.4,12240.0,248.3
2018-08-04T14:22:57,37.7,115.7,223.6,6.3,12260.0,249.3
2018-08-04T14:23:28,37.6,119.9,214.1,6.1,12280.0,249.3
2018-08-04T14:23:59,37.6,115.1,220.0,4.4,12290.0,248.3
2018-08-04T14:24:30,37.7,121.0,221.8,4.9,12310.0,249.3
2018-08-04T14:25:01,37.5,128.1,221.2,5.3,12320.0,249.3
2018-08-04T14:25:32,37.1,116.3,224.2,5.9,12340.0,249.3
2018-08-04T14:26:04,37.2,115.1,219.4,4.3,12360.0,249.3
2018-08-04T14:26:35,37.5,121.0,217.7,6.1,12370.0,249.3
2018-08-04T14:27:06,37.5,112.2,228.9,5.9,12390.0,248.3
2018-08-04T14:27:37,37.6,117.5,222.4,4.0,12400.0,247.3
2018-08-04T14:28:08,37.6,121.0,216.5,3.4,12420.0,248.3
2018-08-04T14:28:39,37.6,113.4,215.9,5.6,12430.0,248.3
2018-08-04T14:29:10,37.6,108.6,221.2,5.7,12450.0,249.3
2018-08-04T14:29:41,37.7,108.1,215.9,5.9,12460.0,249.3
2018-08-04T14:30:12,37.7,109.2,224.8,6.0,12480.0,249.3
2018-08-04T14:30:43,37.6,104.5,227.7,5.7,12490.0,248.3
2018-08-04T14:31:14,37.7,102.7,223.6,5.8,12510.0,249.3
2018-08-04T14:31:45,37.7,108.1,227.1,5.6,12520.0,248.3
2018-08-04T14:32:16,37.6,103.9,227.7,5.6,12540.0,248.3
2018-08-04T14:32:47,37.7,103.3,224.8,5.6,12550.0,249.3
2018-08-04T14:33:18,37.8,104.5,223.6,5.5,12570.0,248.3
2018-08-04T14:33:49,37.7,102.1,223.6,5.7,12580.0,248.3
2018-08-04T14:34:20,37.6,103.9,227.1,5.5,12600.0,248.3
2018-08-04T14:34:51,37.5,103.9,222.4,5.5,12610.0,248.3
2018-08-04T14:35:22,37.6,102.7,217.1,5.7,12630.0,249.3
2018-08-04T14:35:54,37.6,102.1,215.9,5.7,12640.0,248.3
2018-08-04T14:36:26,37.6,103.9,214.7,5.6,12660.0,248.3
2018-08-04T14:36:57,37.7,102.7,219.4,5.7,12670.0,248.3
2018-08-04T14:37:28,37.8,105.1,223.0,5.4,12690.0,247.3
2018-08-04T14:37:59,37.8,103.9,226.5,5.5,12700.0,247.3
2018-08-04T14:38:30,37.9,102.7,228.9,5.6,12720.0,246.4
2018-08-04T14:39:01,38.0,103.9,227.1,5.4,12730.0,247.3
2018-08-04T14:39:32,38.2,102.1,221.2,5.5,12750.0,248.3
2018-08-04T14:40:03,38.3,104.5,227.1,5.3,12760.0,248.3
2018-08-04T14:40:34,38.3,102.7,225.9,5.5,12780.0,248.3
2018-08-04T14:41:05,38.4,102.7,227.1,5.5,12790.0,247.3
2018-08-04T14:41:36,38.4,102.1,223.6,5.5,12810.0,247.3
2018-08-04T14:42:07,38.5,103.3,220.6,5.3,12820.0,247.3
2018-08-04T14:42:38,38.5,102.7,223.0,5.9,12830.0,247.3
2018-08-04T14:43:09,38.6,111.0,224.8,5.5,12850.0,247.3
2018-08-04T14:43:40,38.6,102.7,215.9,5.4,12860.0,248.3
2018-08-04T14:44:11,38.6,102.7,221.2,5.4,12880.0,247.3
2018-08-04T14:44:42,38.7,105.1,222.4,5.1,12890.0,247.3
2018-08-04T14:45:13,38.7,106.9,226.5,5.4,12910.0,246.4
2018-08-04T14:45:45,38.6,110.4,225.9,5.4,12920.0,248.3
2018-08-04T14:46:16,38.7,116.3,223.0,5.0,12930.0,248.3
2018-08-04T14:46:47,38.6,109.2,212.9,5.7,12950.0,247.3
2018-08-04T14:47:18,38.6,114.0,219.4,5.3,12960.0,247.3
2018-08-04T14:47:49,38.6,119.3,218.3,4.7,12980.0,247.3
2018-08-04T14:48:20,38.5,112.8,217.7,4.6,12990.0,247.3
2018-08-04T14:48:51,38.5,115.1,223.0,4.7,13010.0,247.3
2018-08-04T14:49:22,38.5,121.6,225.9,4.4,13020.0,246.4
2018-08-04T14:49:53,38.5,121.6,227.1,4.9,13030.0,247.3
2018-08-04T14:50:24,38.6,124.0,224.2,5.2,13050.0,247.3
2018-08-04T14:50:56,38.6,121.6,225.4,5.3,13060.0,247.3
2018-08-04T14:51:27,38.6,119.3,223.6,3.6,13080.0,248.3
2018-08-04T14:51:58,38.5,121.0,218.3,2.3,13090.0,247.3
2018-08-04T14:52:29,38.5,125.2,225.4,2.2,13100.0,247.3
2018-08-04T14:53:00,38.4,121.0,225.9,2.0,13120.0,247.3
2018-08-04T14:53:31,38.3,102.7,229.5,5.4,13130.0,248.3
2018-08-04T14:54:02,38.2,102.7,223.0,5.3,13140.0,248.3
2018-08-04T14:54:33,38.2,104.5,218.8,5.1,13160.0,247.3
2018-08-04T14:55:04,38.2,105.1,223.6,5.3,13170.0,247.3
2018-08-04T14:55:36,38.3,103.9,220.0,5.3,13180.0,245.4
2018-08-04T14:56:07,38.3,104.5,224.8,5.1,13200.0,245.4
2018-08-04T14:56:38,38.4,102.7,231.9,5.3,13210.0,246.4
2018-08-04T14:57:09,38.4,103.3,228.9,5.1,13230.0,247.3
2018-08-04T14:57:40,38.4,104.5,223.0,5.0,13240.0,248.3
2018-08-04T14:58:11,38.2,102.7,221.2,5.1,13250.0,247.3
2018-08-04T14:58:42,37.7,103.3,217.7,5.2,13270.0,247.3
2018-08-04T14:59:13,37.5,103.3,219.4,5.2,13280.0,248.3
2018-08-04T14:59:44,37.5,103.3,223.6,5.0,13290.0,248.3
2018-08-04T15:00:15,37.6,102.7,224.2,4.5,13310.0,248.3
2018-08-04T15:00:47,37.7,112.8,230.1,5.4,13320.0,247.3
2018-08-04T15:01:18,37.8,94.5,223.6,5.5,13330.0,247.3
2018-08-04T15:01:49,37.8,103.3,224.2,5.1,13350.0,247.3
2018-08-04T15:02:20,37.8,103.9,223.0,5.0,13360.0,249.3
2018-08-04T15:02:51,37.8,102.7,220.6,5.0,13370.0,248.3
2018-08-04T15:03:22,37.6,103.9,230.1,5.0,13390.0,247.3
2018-08-04T15:03:53,37.6,102.7,223.6,5.0,13400.0,246.4
2018-08-04T15:04:24,37.5,103.9,218.3,4.8,13410.0,248.3
2018-08-04T15:04:55,37.2,102.1,221.2,5.0,13430.0,247.3
2018-08-04T15:05:26,37.1,102.7,224.8,5.0,13440.0,248.3
2018-08-04T15:05:57,37.2,103.3,227.1,4.9,13450.0,247.3
2018-08-04T15:06:29,37.2,103.9,227.1,4.8,13470.0,247.3
2018-08-04T15:07:00,37.4,106.9,227.1,4.5,13480.0,248.3
2018-08-04T15:07:31,37.1,102.1,221.2,3.6,13490.0,247.3
2018-08-04T15:08:02,37.4,105.1,216.5,4.0,13500.0,247.3
2018-08-04T15:08:33,37.4,102.7,228.9,4.9,13520.0,249.3
2018-08-04T15:09:04,37.6,102.1,227.7,3.8,13530.0,248.3
2018-08-04T15:09:35,37.6,103.9,228.9,4.6,13540.0,250.2
2018-08-04T15:10:06,37.7,103.9,227.7,3.3,13550.0,249.3
2018-08-04T15:10:37,37.8,102.1,225.9,3.7,13560.0,246.4
2018-08-04T15:11:09,37.8,102.1,217.1,3.6,13580.0,248.3
2018-08-04T15:11:40,37.8,103.9,220.6,4.2,13590.0,247.3
2018-08-04T15:12:11,37.9,108.6,223.0,3.6,13600.0,247.3
2018-08-04T15:12:42,38.0,102.7,223.0,3.4,13610.0,247.3
2018-08-04T15:13:13,38.0,102.7,222.4,3.4,13620.0,247.3
2018-08-04T15:13:44,38.0,102.7,228.3,3.2,13630.0,247.3
2018-08-04T15:14:15,37.9,107.5,226.5,4.9,13640.0,248.3
2018-08-04T15:14:46,37.7,93.3,221.2,3.6,13660.0,245.4
2018-08-04T15:15:17,37.7,107.5,220.0,2.2,13670.0,245.4
2018-08-04T15:15:48,37.6,110.4,228.9,1.1,13680.0,244.4
2018-08-04T15:16:20,37.4,105.7,227.7,1.4,13690.0,244.4
2018-08-04T15:16:51,37.2,111.0,227.7,1.2,13700.0,244.4
2018-08-04T15:17:22,36.8,105.7,223.0,2.6,13710.0,246.4
2018-08-04T15:17:53,36.8,100.4,220.0,0.3,13720.0,245.4
2018-08-04T15:18:24,36.8,95.6,230.1,3.6,13730.0,244.4
2018-08-04T15:18:55,36.9,101.6,226.5,3.4,13740.0,245.4
2018-08-04T15:19:26,36.9,91.5,220.6,3.2,13750.0,245.4
2018-08-04T15:19:57,36.9,92.7,225.4,3.2,13760.0,246.4
2018-08-04T15:20:28,36.8,112.8,218.3,0.0,13760.0,245.4
2018-08-04T15:20:59,36.9,121.6,222.4,1.5,13770.0,246.4
2018-08-04T15:21:30,36.9,103.3,221.2,2.9,13780.0,246.4
2018-08-04T15:22:01,36.8,86.8,224.8,0.0,13790.0,245.4
2018-08-04T15:22:32,36.7,124.0,224.2,2.1,13800.0,248.3
2018-08-04T15:23:03,36.8,93.9,231.9,3.5,13810.0,247.3
2018-08-04T15:23:34,36.7,87.4,230.7,1.3,13820.0,247.3
2018-08-04T15:24:05,36.5,114.0,228.3,1.4,13830.0,247.3
2018-08-04T15:24:36,36.5,104.5,220.0,1.3,13840.0,247.3
2018-08-04T15:25:07,36.4,102.1,225.4,1.2,13850.0,246.4
2018-08-04T15:25:39,36.7,109.8,234.2,1.2,13860.0,246.4
2018-08-04T15:26:10,36.8,114.0,231.9,1.0,13870.0,246.4
2018-08-04T15:26:41,36.8,113.4,225.4,1.1,13880.0,246.4
2018-08-04T15:27:12,36.8,106.9,220.6,1.0,13890.0,246.4
2018-08-04T15:27:43,36.8,121.0,223.6,0.9,13890.0,245.4
2018-08-04T15:28:14,36.8,127.5,225.4,0.9,13900.0,247.3
2018-08-04T15:28:45,36.5,135.8,227.1,0.9,13910.0,245.4
2018-08-04T15:29:16,36.5,157.1,232.4,0.7,13920.0,245.4
2018-08-04T15:29:47,36.5,163.0,227.7,0.8,13930.0,245.4
2018-08-04T15:30:18,36.4,164.2,221.2,0.8,13940.0,244.4
2018-08-04T15:30:50,36.3,164.2,223.0,0.7,13950.0,245.4
2018-08-04T15:31:21,36.2,167.7,230.7,0.8,13960.0,243.5
2018-08-04T15:31:52,36.2,189.0,227.7,0.7,13970.0,244.4
2018-08-04T15:32:23,36.2,210.2,219.4,0.6,13980.0,242.5
2018-08-04T15:32:54,36.1,230.9,224.8,0.6,13980.0,243.5
2018-08-04T15:33:25,36.2,207.9,228.3,0.7,13990.0,242.5
2018-08-04T15:33:56,36.3,207.9,230.1,0.7,14000.0,243.5
2018-08-04T15:34:27,36.4,229.2,232.4,0.6,14010.0,243.5
2018-08-04T15:34:58,36.4,228.6,227.7,0.6,14020.0,242.5
2018-08-04T15:35:29,36.4,211.4,223.0,0.6,14030.0,243.5
2018-08-04T15:36:01,36.4,232.1,227.7,0.5,14040.0,243.5
2018-08-04T15:36:32,36.3,225.0,230.1,0.6,14050.0,243.5
2018-08-04T15:37:03,36.3,204.3,220.0,0.7,14060.0,243.5
2018-08-04T15:37:34,36.3,215.6,225.9,0.6,14060.0,244.4
2018-08-04T15:38:05,36.2,225.6,227.1,0.6,14070.0,243.5
2018-08-04T15:38:36,36.1,212.0,233.0,0.6,14080.0,243.5
2018-08-04T15:39:07,36.0,228.0,228.9,0.6,14090.0,242.5
2018-08-04T15:39:38,36.0,207.3,227.1,0.6,14100.0,243.5
2018-08-04T15:40:09,35.9,215.6,220.0,0.7,14110.0,244.4
2018-08-04T15:40:40,35.7,223.2,230.7,0.6,14120.0,244.4
2018-08-04T15:41:12,35.7,208.5,223.0,0.6,14120.0,244.4
2018-08-04T15:41:43,35.7,226.2,232.4,0.6,14130.0,244.4
2018-08-04T15:42:14,35.9,214.4,225.9,0.6,14140.0,244.4
2018-08-04T15:42:45,35.9,225.6,220.0,0.6,14150.0,244.4
2018-08-04T15:43:16,35.9,220.9,230.7,0.7,14160.0,244.4
2018-08-04T15:43:47,36.0,217.9,224.8,0.7,14170.0,243.5
2018-08-04T15:44:18,36.0,213.8,227.7,0.7,14180.0,243.5
2018-08-04T15:44:49,36.1,228.0,232.4,0.6,14180.0,243.5
2018-08-04T15:45:20,36.2,215.6,226.5,0.6,14190.0,244.4
2018-08-04T15:45:51,36.2,222.7,221.8,0.6,14200.0,243.5
2018-08-04T15:46:22,36.3,223.2,226.5,0.6,14210.0,242.5
2018-08-04T15:46:53,36.4,216.2,227.1,0.6,14220.0,244.4
2018-08-04T15:47:24,36.4,215.6,220.6,0.6,14220.0,244.4
2018-08-04T15:47:55,36.2,223.2,221.2,0.6,14230.0,244.4
2018-08-04T15:48:26,36.1,209.7,225.4,0.6,14240.0,244.4
2018-08-04T15:48:57,35.9,230.3,233.0,0.6,14250.0,242.5
2018-08-04T15:49:28,35.9,208.5,231.9,0.6,14260.0,245.4
2018-08-04T15:49:59,35.7,225.0,230.1,0.6,14260.0,244.4
2018-08-04T15:50:30,35.7,215.0,220.0,0.6,14270.0,245.4
2018-08-04T15:51:02,35.6,203.7,231.3,0.6,14280.0,244.4
2018-08-04T15:51:33,35.6,197.3,219.4,0.6,14290.0,243.5
2018-08-04T15:52:04,35.5,218.5,225.9,0.6,14300.0,244.4
2018-08-04T15:52:35,35.6,220.9,230.1,0.6,14300.0,244.4
2018-08-04T15:53:06,35.6,213.8,229.5,0.6,14310.0,246.4
2018-08-04T15:53:37,35.6,223.2,223.0,0.6,14320.0,246.4
2018-08-04T15:54:08,35.7,215.6,223.0,0.6,14330.0,245.4
2018-08-04T15:54:39,35.7,228.0,234.2,0.5,14330.0,244.4
2018-08-04T15:55:10,35.6,209.1,228.9,0.6,14340.0,244.4
2018-08-04T15:55:41,35.6,227.4,227.7,0.6,14350.0,242.5
2018-08-04T15:56:13,35.6,209.7,218.8,0.6,14360.0,243.5
2018-08-04T15:56:44,35.6,196.1,223.0,0.6,14360.0,245.4
2018-08-04T15:57:15,35.5,212.6,225.4,0.6,14370.0,244.4
2018-08-04T15:57:46,35.4,225.6,227.7,0.6,14380.0,243.5
2018-08-04T15:58:17,35.5,223.2,228.9,0.6,14390.0,245.4
2018-08-04T15:58:48,35.6,209.7,231.9,0.6,14390.0,246.4
2018-08-04T15:59:19,35.6,199.0,232.4,0.7,14400.0,246.4
2018-08-04T15:59:50,35.6,217.9,230.7,0.6,14410.0,244.4
2018-08-04T16:00:21,35.5,222.7,225.9,0.6,14410.0,245.4
2018-08-04T16:00:52,35.4,217.9,223.6,0.6,14420.0,246.4
2018-08-04T16:01:24,35.5,220.9,228.3,0.6,14430.0,246.4
2018-08-04T16:01:55,35.5,204.3,228.9,0.6,14440.0,245.4
2018-08-04T16:02:26,35.5,203.7,237.2,0.6,14440.0,245.4
2018-08-04T16:02:57,35.4,225.6,230.1,0.6,14450.0,244.4
2018-08-04T16:03:28,35.3,217.9,226.5,0.6,14460.0,244.4
2018-08-04T16:03:59,35.4,222.7,224.8,0.6,14460.0,244.4
2018-08-04T16:04:30,35.5,225.0,223.0,0.6,14470.0,244.4
2018-08-04T16:05:01,35.6,217.9,226.5,0.6,14480.0,244.4
2018-08-04T16:05:32,35.6,215.6,234.8,0.7,14480.0,244.4
2018-08-04T16:06:03,35.6,224.4,231.9,0.6,14490.0,243.5
2018-08-04T16:06:34,35.6,228.6,230.7,0.6,14500.0,243.5
2018-08-04T16:07:05,35.7,214.4,227.1,0.6,14500.0,242.5
2018-08-04T16:07:36,35.7,205.5,232.4,0.6,14510.0,243.5
2018-08-04T16:08:07,35.6,227.4,227.7,0.6,14520.0,243.5
2018-08-04T16:08:38,35.7,214.4,224.8,0.6,14520.0,245.4
2018-08-04T16:09:09,35.7,201.4,227.7,0.7,14530.0,244.4
2018-08-04T16:09:40,35.7,204.9,230.7,0.6,14540.0,244.4
2018-08-04T16:10:11,35.7,194.9,227.7,0.6,14540.0,244.4
2018-08-04T16:10:43,35.7,181.9,235.4,0.7,14550.0,246.4
2018-08-04T16:11:14,35.7,203.7,236.0,0.7,14560.0,246.4
2018-08-04T16:11:45,35.6,196.7,233.0,0.7,14560.0,245.4
2018-08-04T16:12:16,35.6,197.8,226.5,0.6,14570.0,246.4
2018-08-04T16:12:47,35.7,190.8,223.6,0.7,14580.0,246.4
2018-08-04T16:13:18,35.7,212.0,230.7,0.6,14580.0,246.4
2018-08-04T16:13:49,35.9,230.9,234.2,0.5,14590.0,245.4
2018-08-04T16:14:20,35.9,208.5,234.8,0.6,14590.0,246.4
2018-08-04T16:14:51,35.7,206.1,230.1,0.6,14600.0,245.4
2018-08-04T16:15:22,35.5,200.8,224.8,0.7,14610.0,245.4
2018-08-04T16:15:54,35.5,194.3,227.7,0.7,14610.0,245.4
2018-08-04T16:16:26,35.6,209.1,225.9,0.6,14620.0,245.4
2018-08-04T16:16:57,35.6,230.3,226.5,0.6,14620.0,245.4
2018-08-04T16:17:28,35.6,211.4,228.3,0.6,14630.0,245.4
2018-08-04T16:17:59,35.6,191.9,237.2,0.7,14640.0,245.4
2018-08-04T16:18:30,35.4,203.7,231.9,0.6,14640.0,244.4
2018-08-04T16:19:01,35.3,224.4,224.2,0.5,14650.0,244.4
2018-08-04T16:19:32,35.3,220.3,224.8,0.6,14650.0,246.4
2018-08-04T16:20:03,35.5,204.9,234.2,0.6,14660.0,244.4
2018-08-04T16:20:34,35.5,196.1,227.7,0.6,14660.0,245.4
2018-08-04T16:21:06,35.6,215.0,225.4,0.5,14670.0,244.4
2018-08-04T16:21:37,35.5,228.0,234.2,0.5,14670.0,244.4
2018-08-04T16:22:08,35.6,211.4,232.4,0.6,14680.0,245.4
2018-08-04T16:22:39,35.6,223.2,234.2,0.5,14680.0,246.4
2018-08-04T16:23:10,35.5,217.9,224.2,0.5,14690.0,245.4
2018-08-04T16:23:41,35.5,194.9,226.5,0.6,14700.0,246.4
2018-08-04T16:24:12,35.6,212.6,234.8,0.6,14700.0,245.4
2018-08-04T16:24:43,35.5,223.2,221.8,0.6,14710.0,246.4
2018-08-04T16:25:14,35.4,217.9,228.3,0.6,14710.0,244.4
2018-08-04T16:25:45,35.3,196.1,224.8,0.6,14720.0,244.4
2018-08-04T16:26:16,35.0,204.9,229.5,0.6,14720.0,244.4
2018-08-04T16:26:47,35.0,207.9,232.4,0.6,14730.0,245.4
2018-08-04T16:27:18,34.9,210.2,227.1,0.6,14730.0,244.4
2018-08-04T16:27:49,34.9,231.5,236.0,0.5,14740.0,245.4
2018-08-04T16:28:20,35.0,210.8,229.5,0.6,14740.0,246.4
2018-08-04T16:28:51,34.9,206.7,221.8,0.6,14750.0,245.4
2018-08-04T16:29:22,34.8,228.0,227.7,0.5,14750.0,245.4
2018-08-04T16:29:53,34.9,212.6,236.0,0.6,14760.0,244.4
2018-08-04T16:30:24,34.9,213.8,224.8,0.6,14760.0,245.4
2018-08-04T16:30:56,34.9,222.7,224.2,0.5,14770.0,245.4
2018-08-04T16:31:27,35.0,215.6,230.1,0.5,14770.0,245.4
2018-08-04T16:31:58,35.0,220.9,234.2,0.5,14770.0,245.4
2018-08-04T16:32:29,35.0,213.8,227.7,0.5,14780.0,244.4
2018-08-04T16:33:00,35.0,201.4,232.4,0.5,14780.0,244.4
2018-08-04T16:33:31,34.9,223.2,232.4,0.5,14790.0,244.4
2018-08-04T16:34:02,34.9,207.3,225.4,0.6,14790.0,244.4
2018-08-04T16:34:33,34.8,206.7,230.1,0.5,14800.0,244.4
2018-08-04T16:35:04,34.8,228.0,234.2,0.5,14800.0,244.4
2018-08-04T16:35:36,34.7,208.5,227.7,0.5,14810.0,243.5
2018-08-04T16:36:07,34.6,206.7,223.0,0.5,14810.0,244.4
2018-08-04T16:36:38,34.6,228.0,229.5,0.5,14810.0,245.4
2018-08-04T16:37:09,34.6,210.8,232.4,0.6,14820.0,244.4
2018-08-04T16:37:40,34.6,194.9,231.9,0.5,14820.0,245.4
2018-08-04T16:38:11,34.6,219.1,225.9,0.5,14830.0,244.4
2018-08-04T16:38:42,34.6,216.7,237.2,0.5,14830.0,244.4
2018-08-04T16:39:13,34.6,220.3,230.7,0.5,14830.0,245.4
2018-08-04T16:39:44,34.7,215.0,223.0,0.5,14840.0,244.4
2018-08-04T16:40:15,34.8,193.1,233.0,0.5,14840.0,244.4
2018-08-04T16:40:47,34.8,209.7,228.3,0.5,14850.0,243.5
2018-08-04T16:41:18,34.9,228.6,226.5,0.4,14850.0,244.4
2018-08-04T16:41:49,34.9,210.8,234.2,0.4,14850.0,245.4
2018-08-04T16:42:20,34.9,189.0,221.2,0.5,14860.0,244.4
2018-08-04T16:42:51,34.8,186.6,236.6,0.5,14860.0,244.4
2018-08-04T16:43:22,34.9,207.9,224.2,0.4,14860.0,244.4
2018-08-04T16:43:53,34.9,228.0,233.6,0.4,14870.0,244.4
2018-08-04T16:44:24,35.0,225.0,223.6,0.4,14870.0,243.5
2018-08-04T16:44:55,35.0,212.0,220.0,0.5,14870.0,244.4
2018-08-04T16:45:26,35.2,190.2,230.7,0.5,14880.0,244.4
2018-08-04T16:45:57,35.3,209.1,230.1,0.4,14880.0,242.5
2018-08-04T16:46:29,35.3,227.4,225.4,0.4,14880.0,242.5
2018-08-04T16:47:00,35.3,205.5,225.9,0.5,14890.0,243.5
2018-08-04T16:47:31,35.3,226.8,231.9,0.4,14890.0,242.5
2018-08-04T16:48:02,35.3,210.8,221.8,0.5,14890.0,242.5
2018-08-04T16:48:33,35.3,207.9,227.1,0.4,14890.0,243.5
2018-08-04T16:49:04,35.4,226.8,224.2,0.4,14900.0,243.5
2018-08-04T16:49:35,35.4,212.0,228.3,0.4,14900.0,242.5
2018-08-04T16:50:06,35.3,210.8,231.3,0.5,14900.0,241.5
2018-08-04T16:50:37,35.2,190.2,231.9,0.4,14900.0,241.5
2018-08-04T16:51:09,35.2,202.6,236.0,0.5,14910.0,242.5
2018-08-04T16:51:40,35.2,183.1,241.9,0.5,14910.0,242.5
2018-08-04T16:52:11,35.3,191.3,244.9,0.5,14910.0,241.5
2018-08-04T16:52:42,35.3,210.8,252.0,0.4,14910.0,241.5
2018-08-04T16:53:13,35.3,226.8,233.0,0.3,14910.0,244.4
2018-08-04T16:53:44,35.3,203.7,229.5,0.4,14910.0,243.5
2018-08-04T16:54:15,35.3,187.2,246.6,0.4,14910.0,243.5
2018-08-04T16:54:46,35.3,210.2,243.7,0.4,14920.0,242.5
2018-08-04T16:55:17,35.3,224.4,232.4,0.4,14920.0,242.5
2018-08-04T16:55:48,35.3,201.4,225.9,0.4,14920.0,243.5
2018-08-04T16:56:20,35.2,183.1,246.6,0.4,14920.0,242.5
2018-08-04T16:56:51,35.2,203.7,230.7,0.4,14920.0,243.5
2018-08-04T16:57:22,35.0,212.6,224.8,0.4,14920.0,243.5
2018-08-04T16:57:53,35.0,191.3,246.1,0.4,14920.0,243.5
2018-08-04T16:58:24,35.0,204.9,227.7,0.3,14920.0,244.4
2018-08-04T16:58:55,35.0,204.3,241.9,0.4,14930.0,243.5
2018-08-04T16:59:26,35.0,202.6,229.5,0.4,14930.0,243.5
2018-08-04T16:59:57,35.0,180.7,222.4,0.3,14930.0,243.5
2018-08-04T17:00:28,35.0,188.4,243.1,0.3,14930.0,243.5
2018-08-04T17:00:59,34.9,209.7,223.6,0.3,14930.0,242.5
2018-08-04T17:01:30,34.9,204.3,224.8,0.3,14930.0,243.5
2018-08-04T17:02:01,34.9,183.1,238.4,0.3,14930.0,243.5
2018-08-04T17:02:32,34.9,180.7,218.3,0.3,14930.0,243.5
2018-08-04T17:03:03,34.9,201.4,211.7,0.3,14930.0,243.5
2018-08-04T17:03:34,34.9,209.7,232.4,0.2,14930.0,243.5
2018-08-04T17:04:05,34.9,189.0,227.7,0.2,14930.0,244.4
2018-08-04T17:04:36,34.9,168.9,206.4,0.3,14930.0,243.5
2018-08-04T17:05:07,34.9,186.0,202.9,0.2,14940.0,242.5
2018-08-04T17:05:39,34.9,206.7,224.2,0.2,14940.0,242.5
2018-08-04T17:06:10,34.9,194.9,230.1,0.2,14940.0,242.5
2018-08-04T17:06:41,34.8,174.2,207.6,0.2,14940.0,242.5
2018-08-04T17:07:12,34.8,189.6,213.5,0.2,14940.0,242.5
2018-08-04T17:07:43,34.8,200.2,231.3,0.2,14940.0,242.5
2018-08-04T17:08:14,34.8,179.5,210.0,0.2,14940.0,242.5
2018-08-04T17:08:45,34.8,158.9,189.9,0.2,14940.0,241.5
2018-08-04T17:09:16,34.7,170.7,196.4,0.2,14940.0,242.5
2018-08-04T17:09:47,34.7,177.2,217.1,0.1,14940.0,242.5
2018-08-04T17:10:18,34.6,198.4,219.4,0.1,14940.0,242.5
2018-08-04T17:10:50,34.6,186.0,197.5,0.1,14940.0,242.5
2018-08-04T17:11:21,34.6,164.8,220.0,0.1,14940.0,241.5
2018-08-04T17:11:52,34.6,144.7,206.4,0.1,14940.0,242.5
2018-08-04T17:12:23,34.5,161.2,184.5,0.1,14940.0,240.6
2018-08-04T17:12:54,34.5,184.3,175.1,0.0,14940.0,242.5
2018-08-04T17:13:25,34.5,203.2,197.0,0.0,14940.0,243.5
2018-08-04T17:13:56,34.5,178.9,214.1,0.1,14940.0,242.5
2018-08-04T17:14:27,34.4,160.0,210.6,0.1,14940.0,243.5
2018-08-04T17:14:58,34.4,139.4,189.9,0.1,14940.0,242.5
2018-08-04T17:15:29,34.4,120.5,167.4,0.1,14940.0,242.5
2018-08-04T17:16:01,34.4,118.7,145.5,0.1,14940.0,242.5
2018-08-04T17:16:32,34.4,140.0,152.0,0.0,14940.0,242.5
2018-08-04T17:17:03,34.4,161.8,175.1,0.1,14940.0,241.5
2018-08-04T17:17:34,34.2,181.3,193.4,0.0,14940.0,242.5
2018-08-04T17:18:05,34.2,197.3,211.7,0.0,14940.0,241.5
2018-08-04T17:18:36,34.1,195.5,230.1,0.0,14940.0,240.6
2018-08-04T17:19:07,34.1,193.1,223.0,0.0,14940.0,241.5
2018-08-04T17:19:38,34.0,189.6,219.4,0.0,14940.0,239.6
2018-08-04T17:20:09,34.0,184.8,215.3,0.0,14940.0,241.5
2018-08-04T17:20:40,33.9,183.7,210.0,0.0,14940.0,240.6
2018-08-04T17:21:12,33.9,183.1,203.5,0.0,14940.0,241.5
2018-08-04T17:21:43,33.8,179.5,197.0,0.0,14940.0,241.5
2018-08-04T17:22:14,33.8,103.3,193.4,0.1,14940.0,240.6
2018-08-04T17:22:45,33.8,180.7,181.0,0.0,14940.0,240.6
2018-08-04T17:23:16,33.8,177.2,177.4,0.0,14940.0,241.5
2018-08-04T17:23:47,33.8,162.4,173.9,0.0,14940.0,241.5
2018-08-04T17:24:18,33.7,101.0,169.7,0.1,14940.0,241.5
2018-08-04T17:24:49,33.7,155.3,155.5,0.0,14940.0,240.6
2018-08-04T17:25:20,33.7,141.7,141.9,0.0,14940.0,238.6
2018-08-04T17:25:51,33.5,115.1,115.3,0.0,14940.0,239.6
2018-08-04T17:27:15,0.0,0.0,0.0,0.0,0.0,0.0
