2018-08-06T06:55:29,12.1,170.1,186.3,0.1,0.0,237.7
2018-08-06T06:56:08,12.1,196.1,213.5,0.0,0.0,237.7
2018-08-06T06:56:39,12.1,217.9,233.0,0.0,0.0,238.6
2018-08-06T06:57:10,12.5,191.9,225.4,0.1,0.0,237.7
2018-08-06T06:57:41,12.5,170.7,204.1,0.1,0.0,236.7
2018-08-06T06:58:12,12.5,152.4,182.8,0.1,0.0,238.6
2018-08-06T06:58:43,12.5,132.9,162.0,0.1,0.0,237.7
2018-08-06T06:59:14,12.5,114.0,141.3,0.1,0.0,239.6
2018-08-06T06:59:45,12.5,135.8,120.0,0.1,0.0,237.7
2018-08-06T07:00:16,12.5,156.5,102.9,0.1,0.0,238.6
2018-08-06T07:00:47,12.5,178.3,123.0,0.1,0.0,238.6
2018-08-06T07:01:19,12.5,200.2,144.9,0.1,0.0,239.6
2018-08-06T07:01:50,12.5,216.7,165.6,0.1,0.0,238.6
2018-08-06T07:02:21,12.9,194.3,188.1,0.1,0.0,237.7
2018-08-06T07:02:52,12.9,175.4,208.8,0.1,0.0,237.7
2018-08-06T07:03:23,12.9,154.7,230.7,0.2,0.0,237.7
2018-08-06T07:03:54,12.9,132.9,241.9,0.2,0.0,237.7
2018-08-06T07:04:25,12.9,122.8,220.0,0.1,0.0,237.7
2018-08-06T07:04:56,12.9,142.9,200.5,0.1,0.0,239.6
2018-08-06T07:05:27,12.9,164.2,201.7,0.1,0.0,240.6
2018-08-06T07:05:58,12.9,186.6,224.2,0.1,0.0,241.5
2018-08-06T07:06:30,13.2,208.5,244.9,0.1,0.0,240.6
2018-08-06T07:07:01,13.2,211.4,232.4,0.1,0.0,241.5
2018-08-06T07:07:32,13.2,188.4,210.0,0.2,0.0,240.6
2018-08-06T07:08:03,13.2,166.5,188.7,0.2,0.0,240.6
2018-08-06T07:08:34,13.2,147.6,176.2,0.2,0.0,241.5
2018-08-06T07:09:05,13.2,127.0,198.7,0.2,0.0,240.6
2018-08-06T07:09:36,13.6,112.8,212.9,0.3,0.0,241.5
2018-08-06T07:10:07,13.6,135.8,203.5,0.3,10.0,241.5
2018-08-06T07:10:38,13.6,124.6,209.4,0.3,10.0,241.5
2018-08-06T07:11:09,13.6,135.2,230.7,0.3,10.0,241.5
2018-08-06T07:11:40,13.6,155.9,235.4,0.3,10.0,240.6
2018-08-06T07:12:11,13.6,177.2,215.3,0.3,10.0,240.6
2018-08-06T07:12:42,13.6,199.6,211.2,0.2,10.0,240.6
2018-08-06T07:13:13,13.6,220.3,234.2,0.2,10.0,240.6
2018-08-06T07:13:44,13.6,207.9,237.2,0.3,10.0,240.6
2018-08-06T07:14:15,13.6,187.2,215.9,0.2,10.0,240.6
2018-08-06T07:14:46,14.0,193.1,223.0,0.2,10.0,240.6
2018-08-06T07:15:17,14.0,213.8,242.5,0.2,10.0,240.6
2018-08-06T07:15:49,14.0,204.9,225.9,0.2,10.0,240.6
2018-08-06T07:16:20,14.0,184.3,204.1,0.3,20.0,240.6
2018-08-06T07:16:51,14.0,163.6,182.8,0.3,20.0,240.6
2018-08-06T07:17:22,14.3,142.3,198.1,0.3,20.0,240.6
2018-08-06T07:17:53,14.3,129.3,220.0,0.3,20.0,240.6
2018-08-06T07:18:24,14.3,150.0,240.1,0.3,20.0,243.5
2018-08-06T07:18:55,14.3,172.4,223.0,0.2,20.0,243.5
2018-08-06T07:19:26,14.3,191.9,204.1,0.2,20.0,243.5
2018-08-06T07:19:57,14.7,215.0,183.9,0.2,20.0,243.5
2018-08-06T07:20:28,14.7,210.8,162.0,0.3,20.0,242.5
2018-08-06T07:21:00,14.7,188.4,172.7,0.3,20.0,244.4
2018-08-06T07:21:31,14.7,169.5,194.6,0.3,20.0,241.5
2018-08-06T07:22:02,14.7,168.3,216.5,0.4,20.0,240.6
2018-08-06T07:22:33,14.7,190.2,236.6,0.3,30.0,241.5
2018-08-06T07:23:04,15.1,210.8,239.0,0.3,30.0,240.6
2018-08-06T07:23:35,15.1,217.9,215.9,0.3,30.0,240.6
2018-08-06T07:24:06,15.1,195.5,195.2,0.3,30.0,241.5
2018-08-06T07:24:37,15.1,176.0,218.3,0.4,30.0,240.6
2018-08-06T07:25:08,15.1,154.1,239.5,0.4,30.0,241.5
2018-08-06T07:25:39,15.1,174.2,239.0,0.4,30.0,241.5
2018-08-06T07:26:11,15.4,194.9,218.3,0.3,30.0,239.6
2018-08-06T07:26:42,15.4,217.9,211.7,0.3,30.0,240.6
2018-08-06T07:27:13,15.4,212.0,234.2,0.3,30.0,240.6
2018-08-06T07:27:44,15.4,191.9,252.6,0.3,40.0,240.6
2018-08-06T07:28:15,15.4,170.1,228.9,0.4,40.0,240.6
2018-08-06T07:28:46,15.4,158.9,208.2,0.4,40.0,241.5
2018-08-06T07:29:17,15.8,178.9,222.4,0.3,40.0,241.5
2018-08-06T07:29:48,15.8,200.8,243.7,0.3,40.0,240.6
2018-08-06T07:30:19,15.8,220.9,235.4,0.3,40.0,242.5
2018-08-06T07:30:50,15.8,207.9,227.7,0.3,40.0,240.6
2018-08-06T07:31:22,15.8,187.2,248.4,0.3,50.0,240.6
2018-08-06T07:31:53,15.8,210.2,225.9,0.3,50.0,239.6
2018-08-06T07:32:24,15.8,217.3,205.8,0.3,50.0,240.6
2018-08-06T07:32:55,16.2,197.3,221.8,0.4,50.0,240.6
2018-08-06T07:33:26,16.2,183.1,241.9,0.3,50.0,239.6
2018-08-06T07:33:57,16.2,204.3,233.0,0.3,50.0,241.5
2018-08-06T07:34:28,16.2,225.0,211.2,0.3,50.0,240.6
2018-08-06T07:34:59,16.2,204.3,191.6,0.3,50.0,240.6
2018-08-06T07:35:30,16.2,183.1,205.8,0.4,50.0,241.5
2018-08-06T07:36:01,16.5,167.1,228.9,0.4,60.0,240.6
2018-08-06T07:36:32,16.5,186.6,241.9,0.3,60.0,240.6
2018-08-06T07:37:03,16.5,209.1,220.6,0.3,60.0,239.6
2018-08-06T07:37:34,16.5,223.2,241.9,0.3,60.0,239.6
2018-08-06T07:38:05,16.5,213.2,244.9,0.4,60.0,241.5
2018-08-06T07:38:36,16.5,228.0,223.0,0.3,60.0,239.6
2018-08-06T07:39:07,16.5,204.3,201.7,0.4,60.0,239.6
2018-08-06T07:39:38,16.9,182.5,203.5,0.5,70.0,238.6
2018-08-06T07:40:09,16.9,196.1,210.6,0.4,70.0,239.6
2018-08-06T07:40:41,16.5,214.4,230.1,0.4,70.0,240.6
2018-08-06T07:41:12,16.9,225.0,239.0,0.4,70.0,240.6
2018-08-06T07:41:43,16.9,220.9,226.5,0.4,70.0,239.6
2018-08-06T07:42:14,16.9,213.2,244.3,0.4,70.0,239.6
2018-08-06T07:42:45,17.3,223.2,239.5,0.3,80.0,240.6
2018-08-06T07:43:16,17.3,202.0,230.7,0.4,80.0,240.6
2018-08-06T07:43:47,17.3,218.5,250.8,0.4,80.0,240.6
2018-08-06T07:44:18,17.3,209.1,227.1,0.4,80.0,240.6
2018-08-06T07:44:49,17.3,187.8,206.4,0.4,80.0,239.6
2018-08-06T07:45:20,17.3,167.1,204.1,0.5,80.0,239.6
2018-08-06T07:45:51,17.6,146.4,227.7,0.5,80.0,241.5
2018-08-06T07:46:23,17.6,148.8,249.6,0.5,90.0,241.5
2018-08-06T07:46:54,17.6,171.3,234.2,0.5,90.0,242.5
2018-08-06T07:47:25,17.6,193.1,229.5,0.5,90.0,242.5
2018-08-06T07:47:56,17.6,213.8,250.2,0.4,90.0,242.5
2018-08-06T07:48:27,18.0,219.1,233.6,0.4,90.0,243.5
2018-08-06T07:48:58,18.0,197.3,212.3,0.5,90.0,242.5
2018-08-06T07:49:29,18.0,177.8,223.0,0.5,100.0,242.5
2018-08-06T07:50:00,18.0,196.1,241.9,0.4,100.0,242.5
2018-08-06T07:50:31,18.0,216.7,236.0,0.4,100.0,242.5
2018-08-06T07:51:03,18.4,216.2,215.9,0.5,100.0,242.5
2018-08-06T07:51:34,18.4,196.1,227.1,0.5,100.0,241.5
2018-08-06T07:52:05,18.4,176.0,247.8,0.5,110.0,241.5
2018-08-06T07:52:36,18.4,168.3,231.3,0.5,110.0,242.5
2018-08-06T07:53:07,18.4,190.8,243.1,0.5,110.0,241.5
2018-08-06T07:53:38,18.4,210.8,240.7,0.4,110.0,242.5
2018-08-06T07:54:09,18.4,223.2,228.3,0.5,110.0,241.5
2018-08-06T07:54:40,18.4,200.8,247.8,0.5,110.0,242.5
2018-08-06T07:55:11,18.4,191.3,227.1,0.5,120.0,242.5
2018-08-06T07:55:42,18.4,213.2,230.1,0.5,120.0,241.5
2018-08-06T07:56:14,18.4,216.7,252.0,0.6,120.0,242.5
2018-08-06T07:56:45,18.4,194.9,239.5,0.6,120.0,241.5
2018-08-06T07:57:16,18.7,173.0,216.5,0.8,120.0,241.5
2018-08-06T07:57:47,18.7,151.2,196.4,0.9,130.0,243.5
2018-08-06T07:58:18,18.7,147.6,201.7,0.9,130.0,243.5
2018-08-06T07:58:49,19.1,170.1,227.1,0.8,130.0,243.5
2018-08-06T07:59:20,19.1,190.8,247.8,0.8,130.0,244.4
2018-08-06T07:59:51,19.1,196.7,239.0,0.6,140.0,243.5
2018-08-06T08:00:22,19.1,209.7,236.6,0.6,140.0,243.5
2018-08-06T08:00:54,19.5,218.5,235.4,0.5,140.0,243.5
2018-08-06T08:01:25,19.5,197.3,214.7,0.6,140.0,243.5
2018-08-06T08:01:56,19.5,174.2,193.4,0.7,150.0,242.5
2018-08-06T08:02:27,19.5,154.7,173.3,0.9,150.0,244.4
2018-08-06T08:02:58,19.8,134.0,171.5,1.0,150.0,244.4
2018-08-06T08:03:29,19.8,158.3,197.0,0.9,150.0,244.4
2018-08-06T08:04:00,19.8,178.3,218.3,0.9,160.0,244.4
2018-08-06T08:04:31,19.8,189.6,236.6,0.8,160.0,244.4
2018-08-06T08:05:02,20.2,211.4,249.0,0.7,160.0,243.5
2018-08-06T08:05:34,20.2,223.2,224.2,0.8,160.0,245.4
2018-08-06T08:06:05,20.2,199.0,202.3,0.9,170.0,244.4
2018-08-06T08:06:36,20.2,177.8,182.8,1.2,170.0,244.4
2018-08-06T08:07:07,20.2,170.1,202.9,1.3,180.0,244.4
2018-08-06T08:07:38,20.6,191.9,228.3,1.0,180.0,244.4
2018-08-06T08:08:09,20.6,197.3,247.8,1.0,180.0,244.4
2018-08-06T08:08:40,20.6,203.2,246.6,0.9,190.0,244.4
2018-08-06T08:09:11,20.6,203.7,233.0,0.9,190.0,245.4
2018-08-06T08:09:42,20.9,203.7,246.6,1.0,190.0,245.4
2018-08-06T08:10:13,20.9,205.5,238.4,0.9,200.0,244.4
2018-08-06T08:10:44,20.9,187.8,247.8,0.9,200.0,245.4
2018-08-06T08:11:16,20.9,197.3,241.3,0.9,200.0,245.4
2018-08-06T08:11:47,20.9,194.9,244.9,1.0,210.0,245.4
2018-08-06T08:12:18,21.3,215.0,243.1,0.9,210.0,246.4
2018-08-06T08:12:49,21.3,223.2,239.0,0.9,220.0,245.4
2018-08-06T08:13:20,21.3,229.7,249.6,0.8,220.0,245.4
2018-08-06T08:13:51,21.3,210.2,237.2,0.8,220.0,246.4
2018-08-06T08:14:22,21.7,229.2,220.0,0.8,230.0,244.4
2018-08-06T08:14:53,21.7,216.2,244.3,0.9,230.0,243.5
2018-08-06T08:15:24,21.7,225.0,241.9,0.9,230.0,244.4
2018-08-06T08:15:55,21.7,226.2,245.5,0.9,240.0,244.4
2018-08-06T08:16:27,21.7,230.3,249.0,0.8,240.0,244.4
2018-08-06T08:16:58,21.7,223.2,243.1,0.8,250.0,244.4
2018-08-06T08:17:29,22.0,222.7,243.1,0.8,250.0,244.4
2018-08-06T08:18:00,22.0,220.9,233.0,0.7,250.0,244.4
2018-08-06T08:18:31,22.0,217.3,238.4,0.7,260.0,244.4
2018-08-06T08:19:02,22.0,217.9,244.9,0.7,260.0,244.4
2018-08-06T08:19:33,22.0,222.7,234.2,0.7,260.0,243.5
2018-08-06T08:20:04,22.0,212.6,247.2,0.7,260.0,242.5
2018-08-06T08:20:35,22.0,227.4,237.2,0.7,270.0,244.4
2018-08-06T08:21:07,22.4,225.6,238.4,0.6,270.0,244.4
2018-08-06T08:21:38,22.4,204.3,246.6,0.7,270.0,243.5
2018-08-06T08:22:09,22.4,183.7,236.6,0.8,280.0,245.4
2018-08-06T08:22:40,22.4,194.3,239.5,0.7,280.0,245.4
2018-08-06T08:23:11,22.4,193.1,246.1,0.7,280.0,244.4
2018-08-06T08:23:42,22.4,199.0,230.7,0.8,290.0,244.4
2018-08-06T08:24:13,22.4,207.3,233.0,0.8,290.0,243.5
2018-08-06T08:24:44,22.8,222.1,243.7,0.7,290.0,242.5
2018-08-06T08:25:15,22.8,216.2,239.5,0.8,300.0,244.4
2018-08-06T08:25:46,22.8,194.9,239.5,0.9,300.0,243.5
2018-08-06T08:26:17,22.8,207.9,241.9,0.8,300.0,243.5
2018-08-06T08:26:48,23.1,229.7,230.1,0.8,310.0,243.5
2018-08-06T08:27:19,23.1,223.2,234.8,0.9,310.0,244.4
2018-08-06T08:27:50,23.1,217.3,246.6,0.9,310.0,244.4
2018-08-06T08:28:21,23.1,212.6,249.6,0.9,320.0,244.4
2018-08-06T08:28:52,23.1,223.8,234.8,0.9,320.0,245.4
2018-08-06T08:29:23,23.1,225.0,244.9,0.9,320.0,245.4
2018-08-06T08:29:54,23.5,220.9,240.7,0.8,330.0,245.4
2018-08-06T08:30:25,23.5,216.2,236.0,0.8,330.0,245.4
2018-08-06T08:30:57,23.5,226.8,249.0,0.8,340.0,244.4
2018-08-06T08:31:28,23.5,216.2,228.9,0.9,340.0,244.4
2018-08-06T08:31:59,23.5,219.7,249.6,0.9,340.0,244.4
2018-08-06T08:32:30,23.5,197.8,233.6,1.0,350.0,244.4
2018-08-06T08:33:01,23.5,202.0,234.8,1.1,350.0,243.5
2018-08-06T08:33:32,23.9,223.8,249.0,1.0,350.0,243.5
2018-08-06T08:34:03,23.9,225.6,241.9,0.9,360.0,242.5
2018-08-06T08:34:34,23.9,224.4,244.9,0.8,360.0,243.5
2018-08-06T08:35:05,23.5,217.3,240.1,0.9,370.0,242.5
2018-08-06T08:35:37,23.5,220.3,249.0,0.8,370.0,244.4
2018-08-06T08:36:08,23.9,209.7,234.2,0.9,370.0,243.5
2018-08-06T08:36:39,23.9,220.3,249.6,0.9,380.0,245.4
2018-08-06T08:37:10,23.9,206.7,227.1,0.9,380.0,243.5
2018-08-06T08:37:41,23.9,226.2,246.1,0.9,380.0,242.5
2018-08-06T08:38:12,23.9,203.7,240.1,1.0,390.0,243.5
2018-08-06T08:38:43,24.2,182.5,218.8,1.2,390.0,243.5
2018-08-06T08:39:14,24.2,161.2,225.4,1.3,400.0,243.5
2018-08-06T08:39:45,24.2,177.2,251.4,1.4,400.0,245.4
2018-08-06T08:40:16,24.6,200.2,234.8,1.3,410.0,244.4
2018-08-06T08:40:48,24.6,202.0,244.9,1.2,410.0,244.4
2018-08-06T08:41:19,24.6,199.0,243.7,1.2,420.0,244.4
2018-08-06T08:41:50,24.6,197.8,234.8,1.2,420.0,245.4
2018-08-06T08:42:21,24.6,197.8,248.4,1.1,430.0,245.4
2018-08-06T08:42:52,24.6,216.2,244.3,1.1,430.0,244.4
2018-08-06T08:43:23,24.6,217.3,245.5,1.1,430.0,244.4
2018-08-06T08:43:54,24.6,217.9,247.2,0.9,440.0,243.5
2018-08-06T08:44:25,24.6,228.0,225.9,0.9,440.0,246.4
2018-08-06T08:44:56,24.6,209.1,247.8,1.1,450.0,246.4
2018-08-06T08:45:27,24.6,204.3,241.9,1.1,450.0,245.4
2018-08-06T08:45:58,25.0,204.3,239.5,1.0,460.0,246.4
2018-08-06T08:46:30,25.0,204.9,244.9,0.9,460.0,246.4
2018-08-06T08:47:01,25.0,204.9,239.5,1.0,470.0,246.4
2018-08-06T08:47:32,24.6,227.4,240.1,0.9,470.0,246.4
2018-08-06T08:48:03,24.6,226.2,243.1,1.0,470.0,245.4
2018-08-06T08:48:34,24.6,220.9,240.1,1.0,480.0,246.4
2018-08-06T08:49:05,24.6,213.8,233.0,1.0,480.0,244.4
2018-08-06T08:49:36,24.6,191.9,210.6,1.2,490.0,245.4
2018-08-06T08:50:07,25.0,170.1,223.0,1.3,490.0,244.4
2018-08-06T08:50:38,25.0,181.9,246.1,1.3,490.0,245.4
2018-08-06T08:51:10,24.6,203.2,233.0,1.1,500.0,244.4
2018-08-06T08:51:41,25.0,225.0,244.9,1.1,500.0,245.4
2018-08-06T08:52:12,25.0,222.1,236.6,1.1,510.0,244.4
2018-08-06T08:52:43,25.0,221.5,239.5,1.0,510.0,245.4
2018-08-06T08:53:14,25.0,216.2,249.0,1.1,520.0,247.3
2018-08-06T08:53:45,25.3,221.5,228.9,1.1,520.0,246.4
2018-08-06T08:54:16,25.0,200.2,253.7,1.2,530.0,245.4
2018-08-06T08:54:47,25.0,178.3,246.6,1.4,530.0,247.3
2018-08-06T08:55:18,25.0,183.1,241.9,1.4,540.0,245.4
2018-08-06T08:55:49,25.3,203.7,233.0,1.1,540.0,244.4
2018-08-06T08:56:21,25.0,203.7,243.7,1.2,550.0,246.4
2018-08-06T08:56:52,25.0,197.3,244.3,1.2,550.0,245.4
2018-08-06T08:57:23,25.0,194.9,239.0,1.1,560.0,246.4
2018-08-06T08:57:54,25.0,196.1,243.7,1.0,560.0,245.4
2018-08-06T08:58:25,25.0,180.7,225.9,1.1,560.0,246.4
2018-08-06T08:58:56,25.0,190.2,247.2,1.2,570.0,243.5
2018-08-06T08:59:27,25.0,176.0,261.4,1.5,570.0,243.5
2018-08-06T08:59:58,25.0,211.4,225.9,1.8,580.0,245.4
2018-08-06T09:00:29,25.3,223.2,237.8,1.9,580.0,242.5
2018-08-06T09:01:00,25.3,225.6,247.8,1.6,590.0,245.4
2018-08-06T09:01:31,25.7,223.2,237.8,1.3,600.0,245.4
2018-08-06T09:02:02,25.3,223.2,238.4,1.4,600.0,243.5
2018-08-06T09:02:33,25.7,215.0,254.9,1.4,610.0,244.4
2018-08-06T09:03:04,25.7,188.4,228.9,1.9,620.0,246.4
2018-08-06T09:03:35,26.1,186.6,243.1,1.8,620.0,245.4
2018-08-06T09:04:06,26.1,199.0,237.8,1.6,630.0,247.3
2018-08-06T09:04:37,26.1,197.8,244.3,1.5,640.0,244.4
2018-08-06T09:05:08,26.1,196.7,241.9,1.6,640.0,245.4
2018-08-06T09:05:40,25.7,196.1,244.3,1.6,650.0,244.4
2018-08-06T09:06:11,25.7,199.0,246.1,1.6,650.0,244.4
2018-08-06T09:06:42,25.3,203.2,236.0,1.4,660.0,245.4
2018-08-06T09:07:13,25.7,229.7,214.7,1.4,670.0,244.4
2018-08-06T09:07:44,25.7,220.9,233.0,1.5,670.0,244.4
2018-08-06T09:08:15,26.1,222.1,239.5,1.5,680.0,245.4
2018-08-06T09:08:46,26.1,222.1,240.7,1.2,680.0,243.5
2018-08-06T09:09:17,26.1,216.2,243.1,1.2,690.0,244.4
2018-08-06T09:09:48,26.4,216.2,231.9,1.2,690.0,244.4
2018-08-06T09:10:19,26.4,193.1,236.6,1.5,700.0,245.4
2018-08-06T09:10:51,26.8,172.4,239.5,1.5,710.0,244.4
2018-08-06T09:11:22,26.8,194.3,244.9,1.4,710.0,246.4
2018-08-06T09:11:53,26.8,194.3,233.6,1.6,720.0,245.4
2018-08-06T09:12:24,27.2,201.4,239.0,1.4,720.0,247.3
2018-08-06T09:12:55,27.2,196.7,237.8,1.3,730.0,245.4
2018-08-06T09:13:26,27.2,188.4,244.9,1.4,730.0,247.3
2018-08-06T09:13:57,27.5,161.8,245.5,1.9,740.0,248.3
2018-08-06T09:14:28,27.5,138.8,217.7,2.3,740.0,248.3
2018-08-06T09:14:59,27.5,146.4,227.7,2.3,750.0,246.4
2018-08-06T09:15:30,27.5,164.2,238.4,1.8,760.0,247.3
2018-08-06T09:16:01,27.5,184.3,247.2,1.7,760.0,247.3
2018-08-06T09:16:32,27.9,199.6,249.0,2.0,770.0,248.3
2018-08-06T09:17:03,27.5,187.2,230.1,2.0,780.0,247.3
2018-08-06T09:17:34,27.5,193.1,207.0,2.5,780.0,248.3
2018-08-06T09:18:05,27.5,216.2,210.6,2.3,790.0,248.3
2018-08-06T09:18:36,27.5,217.9,221.8,1.8,800.0,246.4
2018-08-06T09:19:07,27.5,215.0,237.8,2.0,810.0,245.4
2018-08-06T09:19:38,27.5,217.9,232.4,1.7,810.0,244.4
2018-08-06T09:20:09,27.9,214.4,236.0,1.4,820.0,244.4
2018-08-06T09:20:41,27.5,224.4,211.7,1.6,820.0,243.5
2018-08-06T09:21:12,27.9,190.8,183.3,2.7,830.0,245.4
2018-08-06T09:21:43,27.9,193.1,182.8,2.0,840.0,244.4
2018-08-06T09:22:14,27.9,177.2,211.7,2.3,850.0,244.4
2018-08-06T09:22:45,28.3,164.2,230.7,2.8,850.0,245.4
2018-08-06T09:23:16,28.3,166.5,212.9,3.7,860.0,245.4
2018-08-06T09:23:47,28.3,194.9,233.0,3.9,880.0,247.3
2018-08-06T09:24:18,28.6,215.6,237.8,3.7,890.0,247.3
2018-08-06T09:24:49,28.6,216.2,237.8,3.4,900.0,247.3
2018-08-06T09:25:20,29.0,218.5,239.5,3.4,910.0,246.4
2018-08-06T09:25:52,29.0,213.2,241.9,3.5,930.0,246.4
2018-08-06T09:26:23,29.4,223.8,237.8,2.9,940.0,248.3
2018-08-06T09:26:54,29.4,212.6,219.4,3.4,950.0,246.4
2018-08-06T09:27:25,29.7,215.6,241.9,3.3,960.0,248.3
2018-08-06T09:27:56,29.7,217.9,242.5,3.3,970.0,249.3
2018-08-06T09:28:27,30.1,219.7,241.3,3.3,980.0,248.3
2018-08-06T09:28:58,30.1,211.4,236.0,3.3,1000.0,248.3
2018-08-06T09:29:29,30.1,213.8,238.4,3.3,1010.0,247.3
2018-08-06T09:30:00,30.2,216.7,249.0,3.4,1020.0,247.3
2018-08-06T09:30:32,30.2,213.2,236.6,3.4,1030.0,247.3
2018-08-06T09:31:03,30.2,216.7,231.9,3.3,1040.0,249.3
2018-08-06T09:31:34,30.3,210.2,231.9,3.5,1060.0,248.3
2018-08-06T09:32:05,30.3,211.4,239.0,3.5,1070.0,246.4
2018-08-06T09:32:36,30.4,208.5,241.3,3.5,1080.0,248.3
2018-08-06T09:33:07,30.4,213.8,233.6,3.6,1090.0,248.3
2018-08-06T09:33:38,30.4,215.0,235.4,3.4,1110.0,249.3
2018-08-06T09:34:09,30.4,209.7,243.1,3.6,1120.0,247.3
2018-08-06T09:34:40,30.4,214.4,239.0,3.5,1130.0,248.3
2018-08-06T09:35:11,30.5,210.2,235.4,3.6,1140.0,248.3
2018-08-06T09:35:42,30.5,207.9,230.1,3.5,1160.0,249.3
2018-08-06T09:36:14,30.7,210.8,236.6,3.6,1170.0,248.3
2018-08-06T09:36:45,30.7,213.8,239.5,3.6,1180.0,247.3
2018-08-06T09:37:16,30.8,210.2,232.4,3.6,1190.0,249.3
2018-08-06T09:37:47,30.8,209.7,228.9,3.6,1210.0,249.3
2018-08-06T09:38:18,30.8,212.0,239.0,3.5,1220.0,250.2
2018-08-06T09:38:49,30.9,208.5,241.9,3.7,1230.0,249.3
2018-08-06T09:39:20,30.9,204.3,234.2,3.7,1240.0,250.2
2018-08-06T09:39:51,31.0,213.8,230.1,3.6,1260.0,250.2
2018-08-06T09:40:22,31.0,209.1,232.4,3.6,1270.0,250.2
2018-08-06T09:40:54,31.0,209.1,235.4,3.8,1280.0,250.2
2018-08-06T09:41:25,31.1,206.7,236.6,3.8,1300.0,250.2
2018-08-06T09:41:56,31.1,212.0,234.2,3.6,1310.0,250.2
2018-08-06T09:42:27,31.2,213.2,239.0,3.6,1320.0,251.2
2018-08-06T09:42:58,31.2,206.1,235.4,3.7,1340.0,251.2
2018-08-06T09:43:29,31.2,206.1,230.7,3.9,1350.0,250.2
2018-08-06T09:44:00,31.4,209.1,233.0,3.9,1360.0,250.2
2018-08-06T09:44:31,31.4,206.7,233.6,3.8,1380.0,251.2
2018-08-06T09:45:02,31.4,207.3,226.5,3.8,1390.0,248.3
2018-08-06T09:45:34,31.5,204.3,236.6,3.8,1400.0,248.3
2018-08-06T09:46:05,31.5,211.4,231.9,3.8,1420.0,248.3
2018-08-06T09:46:36,31.6,212.0,237.8,3.7,1430.0,248.3
2018-08-06T09:47:07,31.6,204.9,233.6,3.8,1440.0,249.3
2018-08-06T09:47:38,31.6,207.3,229.5,4.0,1460.0,249.3
2018-08-06T09:48:09,31.6,209.7,228.3,4.0,1470.0,251.2
2018-08-06T09:48:40,31.5,203.2,237.8,4.0,1480.0,250.2
2018-08-06T09:49:11,31.5,210.8,230.7,3.9,1500.0,250.2
2018-08-06T09:49:42,31.5,203.7,227.7,3.9,1510.0,252.2
2018-08-06T09:50:13,31.5,210.2,237.8,4.0,1520.0,250.2
2018-08-06T09:50:44,31.5,210.8,234.8,3.9,1540.0,251.2
2018-08-06T09:51:16,31.5,210.2,230.7,4.0,1550.0,252.2
2018-08-06T09:51:47,31.5,211.4,236.0,4.0,1570.0,249.3
2018-08-06T09:52:18,31.5,210.2,237.8,4.1,1580.0,250.2
2018-08-06T09:52:49,31.4,206.1,233.0,4.0,1590.0,250.2
2018-08-06T09:53:20,31.4,212.0,237.8,3.9,1610.0,249.3
2018-08-06T09:53:51,31.5,209.1,235.4,4.1,1620.0,249.3
2018-08-06T09:54:22,31.5,210.8,232.4,3.9,1640.0,249.3
2018-08-06T09:54:53,31.6,204.3,235.4,4.1,1650.0,248.3
2018-08-06T09:55:24,31.5,207.9,227.7,4.1,1670.0,248.3
2018-08-06T09:55:55,31.5,203.2,223.0,4.1,1680.0,247.3
2018-08-06T09:56:27,31.4,211.4,227.1,4.1,1690.0,249.3
2018-08-06T09:56:58,31.4,206.1,236.6,4.2,1710.0,248.3
2018-08-06T09:57:29,31.4,204.3,231.3,4.3,1720.0,249.3
2018-08-06T09:58:00,31.6,203.7,232.4,4.3,1740.0,248.3
2018-08-06T09:58:31,31.7,204.9,236.6,4.4,1750.0,250.2
2018-08-06T09:59:02,31.7,209.1,234.2,4.2,1770.0,249.3
2018-08-06T09:59:33,31.8,206.1,234.8,4.4,1780.0,250.2
2018-08-06T10:00:04,31.7,210.2,227.7,4.3,1800.0,248.3
2018-08-06T10:00:35,31.7,204.3,229.5,4.4,1810.0,250.2
2018-08-06T10:01:07,31.7,204.3,236.0,4.2,1830.0,250.2
2018-08-06T10:01:38,31.8,205.5,233.6,4.3,1840.0,250.2
2018-08-06T10:02:09,31.8,207.9,236.6,4.2,1860.0,250.2
2018-08-06T10:02:40,31.7,209.1,227.1,4.4,1870.0,250.2
2018-08-06T10:03:11,31.6,206.7,236.6,4.4,1890.0,249.3
2018-08-06T10:03:42,31.7,210.2,227.7,4.3,1900.0,248.3
2018-08-06T10:04:13,31.7,203.7,231.9,4.4,1920.0,250.2
2018-08-06T10:04:44,31.7,207.9,228.9,4.4,1930.0,248.3
2018-08-06T10:05:15,31.8,206.1,224.8,4.4,1950.0,250.2
2018-08-06T10:05:46,31.9,205.5,225.9,4.5,1960.0,251.2
2018-08-06T10:06:17,32.0,208.5,233.0,4.4,1980.0,250.2
2018-08-06T10:06:48,32.2,207.9,219.4,4.3,1990.0,248.3
2018-08-06T10:07:19,32.3,207.3,233.0,4.5,2010.0,249.3
2018-08-06T10:07:50,32.3,205.5,231.3,4.4,2020.0,249.3
2018-08-06T10:08:22,32.4,206.7,231.9,4.4,2040.0,250.2
2018-08-06T10:08:53,32.4,203.7,232.4,4.6,2050.0,250.2
2018-08-06T10:09:24,32.5,208.5,235.4,4.5,2070.0,251.2
2018-08-06T10:09:55,32.4,203.2,233.0,4.7,2080.0,250.2
2018-08-06T10:10:26,32.4,209.1,226.5,4.4,2100.0,252.2
2018-08-06T10:10:57,32.4,203.2,221.8,4.7,2120.0,251.2
2018-08-06T10:11:28,32.5,209.7,225.9,4.5,2130.0,251.2
2018-08-06T10:11:59,32.5,204.3,230.7,4.5,2150.0,250.2
2018-08-06T10:12:30,32.6,207.3,232.4,4.5,2160.0,251.2
2018-08-06T10:13:01,32.6,204.3,231.9,4.7,2180.0,250.2
2018-08-06T10:13:32,32.7,207.3,223.6,4.6,2190.0,252.2
2018-08-06T10:14:03,32.9,202.6,223.6,4.7,2210.0,250.2
2018-08-06T10:14:34,32.9,208.5,223.0,4.4,2230.0,251.2
2018-08-06T10:15:05,33.0,203.7,227.7,4.7,2240.0,251.2
2018-08-06T10:15:37,33.0,207.3,228.9,4.6,2260.0,251.2
2018-08-06T10:16:08,33.1,202.0,233.0,4.8,2270.0,250.2
2018-08-06T10:16:39,33.2,207.3,230.1,4.6,2290.0,252.2
2018-08-06T10:17:10,33.2,203.7,223.6,4.7,2310.0,252.2
2018-08-06T10:17:41,33.3,207.9,223.0,4.6,2320.0,252.2
2018-08-06T10:18:12,33.3,201.4,229.5,4.8,2340.0,252.2
2018-08-06T10:18:43,33.4,206.1,231.3,4.7,2350.0,253.1
2018-08-06T10:19:14,33.4,202.0,221.8,4.8,2370.0,251.2
2018-08-06T10:19:45,33.5,207.3,226.5,4.6,2390.0,253.1
2018-08-06T10:20:16,33.5,200.2,231.3,4.8,2400.0,251.2
2018-08-06T10:20:48,33.5,203.7,220.6,4.8,2420.0,251.2
2018-08-06T10:21:19,33.5,206.1,223.0,4.7,2440.0,252.2
2018-08-06T10:21:50,33.7,198.4,228.9,4.9,2450.0,252.2
2018-08-06T10:22:21,33.7,205.5,232.4,4.8,2470.0,252.2
2018-08-06T10:22:52,33.8,201.4,227.7,4.8,2480.0,251.2
2018-08-06T10:23:23,33.8,203.2,224.8,4.8,2500.0,251.2
2018-08-06T10:23:54,33.8,203.2,222.4,4.9,2520.0,250.2
2018-08-06T10:24:25,33.9,204.9,231.9,4.8,2530.0,251.2
2018-08-06T10:24:56,33.9,198.4,231.9,5.0,2550.0,251.2
2018-08-06T10:25:27,34.0,205.5,228.3,4.9,2570.0,250.2
2018-08-06T10:25:59,34.0,197.8,220.0,5.0,2580.0,252.2
2018-08-06T10:26:30,34.0,206.1,225.9,4.8,2600.0,251.2
2018-08-06T10:27:01,34.1,201.4,227.7,5.0,2620.0,251.2
2018-08-06T10:27:32,34.1,200.2,221.2,5.0,2630.0,250.2
2018-08-06T10:28:03,34.1,203.2,220.6,4.8,2650.0,251.2
2018-08-06T10:28:34,34.2,200.8,226.5,5.0,2670.0,252.2
2018-08-06T10:29:05,34.2,198.4,231.3,5.0,2680.0,251.2
2018-08-06T10:29:36,34.4,203.7,227.1,4.9,2700.0,251.2
2018-08-06T10:30:07,34.4,199.0,220.6,5.0,2720.0,251.2
2018-08-06T10:30:38,34.4,200.8,224.2,5.0,2740.0,251.2
2018-08-06T10:31:10,34.5,199.6,228.9,5.1,2750.0,251.2
2018-08-06T10:31:41,34.5,201.4,233.0,5.2,2770.0,252.2
2018-08-06T10:32:12,34.5,203.7,218.3,5.0,2790.0,250.2
2018-08-06T10:32:43,34.6,197.8,223.6,5.1,2810.0,251.2
2018-08-06T10:33:14,34.6,202.6,231.9,5.0,2820.0,250.2
2018-08-06T10:33:45,34.6,197.8,228.9,5.3,2840.0,251.2
2018-08-06T10:34:16,34.6,201.4,224.2,5.2,2860.0,251.2
2018-08-06T10:34:47,34.7,200.2,227.1,5.3,2870.0,250.2
2018-08-06T10:35:18,34.8,198.4,230.7,5.2,2890.0,250.2
2018-08-06T10:35:49,34.8,202.0,227.1,5.2,2910.0,250.2
2018-08-06T10:36:21,34.8,202.0,220.0,5.0,2930.0,251.2
2018-08-06T10:36:52,34.8,201.4,223.0,5.1,2940.0,252.2
2018-08-06T10:37:23,34.9,197.8,220.0,5.2,2960.0,250.2
2018-08-06T10:37:54,34.9,203.7,223.6,5.2,2980.0,251.2
2018-08-06T10:38:25,34.9,199.6,227.7,5.3,3000.0,251.2
2018-08-06T10:38:56,34.9,196.1,231.9,5.3,3010.0,252.2
2018-08-06T10:39:27,35.0,200.8,227.1,5.3,3030.0,250.2
2018-08-06T10:39:58,35.0,202.0,217.1,5.2,3050.0,251.2
2018-08-06T10:40:29,35.0,196.1,223.0,5.4,3070.0,251.2
2018-08-06T10:41:00,35.2,202.6,231.3,5.3,3090.0,251.2
2018-08-06T10:41:31,35.2,199.0,227.1,5.3,3100.0,252.2
2018-08-06T10:42:02,35.3,199.0,217.1,5.3,3120.0,251.2
2018-08-06T10:42:33,35.3,204.9,221.8,5.1,3140.0,253.1
2018-08-06T10:43:04,35.3,196.1,225.9,5.5,3160.0,251.2
2018-08-06T10:43:35,35.3,203.7,230.1,5.2,3180.0,252.2
2018-08-06T10:44:06,35.4,197.8,225.4,5.5,3190.0,251.2
2018-08-06T10:44:37,35.4,202.0,219.4,5.3,3210.0,253.1
2018-08-06T10:45:08,35.4,202.6,220.6,5.2,3230.0,251.2
2018-08-06T10:45:40,35.5,197.8,222.4,5.5,3250.0,252.2
2018-08-06T10:46:11,35.5,203.2,223.6,5.2,3270.0,251.2
2018-08-06T10:46:42,35.5,196.7,224.8,5.5,3290.0,252.2
2018-08-06T10:47:13,35.6,200.8,225.9,5.3,3300.0,251.2
2018-08-06T10:47:44,35.6,200.8,218.8,5.5,3320.0,251.2
2018-08-06T10:48:15,35.7,199.0,217.7,5.4,3340.0,251.2
2018-08-06T10:48:46,35.7,200.2,216.5,5.4,3360.0,253.1
2018-08-06T10:49:17,35.9,197.8,217.7,5.5,3380.0,253.1
2018-08-06T10:49:48,35.9,197.8,216.5,5.4,3400.0,252.2
2018-08-06T10:50:19,35.9,194.3,219.4,5.5,3410.0,251.2
2018-08-06T10:50:50,35.9,199.0,222.4,5.4,3430.0,251.2
2018-08-06T10:51:22,36.0,202.6,228.9,5.3,3450.0,251.2
2018-08-06T10:51:53,36.0,193.7,221.2,5.5,3470.0,252.2
2018-08-06T10:52:24,36.0,199.6,217.1,5.4,3490.0,252.2
2018-08-06T10:52:55,36.1,194.9,216.5,5.6,3510.0,251.2
2018-08-06T10:53:26,36.1,196.7,225.4,5.5,3520.0,251.2
2018-08-06T10:53:57,36.2,199.6,224.8,5.4,3540.0,249.3
2018-08-06T10:54:28,36.2,198.4,227.7,5.6,3560.0,252.2
2018-08-06T10:54:59,36.2,193.1,220.0,5.7,3580.0,251.2
2018-08-06T10:55:30,36.3,198.4,220.6,5.5,3600.0,252.2
2018-08-06T10:56:01,36.2,193.1,213.5,5.8,3620.0,251.2
2018-08-06T10:56:32,36.3,200.2,220.6,5.6,3630.0,252.2
2018-08-06T10:57:03,36.3,200.2,220.0,5.4,3650.0,251.2
2018-08-06T10:57:34,36.4,193.7,218.8,5.6,3670.0,251.2
2018-08-06T10:58:05,36.4,198.4,227.1,5.5,3690.0,250.2
2018-08-06T10:58:36,36.4,196.1,215.9,5.6,3710.0,251.2
2018-08-06T10:59:07,36.5,197.3,214.7,5.6,3730.0,250.2
2018-08-06T10:59:38,36.5,193.7,220.6,5.6,3750.0,251.2
2018-08-06T11:00:09,36.7,197.8,218.8,5.7,3760.0,251.2
2018-08-06T11:00:46,36.7,191.3,223.0,5.7,3790.0,251.2
2018-08-06T11:01:17,36.7,197.3,219.4,5.7,3800.0,251.2
2018-08-06T11:01:48,36.8,190.8,223.6,5.9,3820.0,252.2
2018-08-06T11:02:19,36.8,197.8,221.8,5.6,3840.0,252.2
2018-08-06T11:02:50,36.8,196.1,218.3,5.7,3860.0,251.2
2018-08-06T11:03:21,36.9,190.8,219.4,5.9,3880.0,252.2
2018-08-06T11:03:52,36.9,195.5,226.5,5.8,3900.0,252.2
2018-08-06T11:04:23,36.9,198.4,221.2,5.8,3920.0,251.2
2018-08-06T11:04:54,36.9,191.3,215.9,6.0,3940.0,251.2
2018-08-06T11:05:25,37.0,193.7,215.3,5.9,3960.0,251.2
2018-08-06T11:05:57,37.0,191.3,220.0,6.0,3980.0,251.2
2018-08-06T11:06:28,37.0,193.7,220.6,6.0,3990.0,252.2
2018-08-06T11:06:59,37.0,190.2,214.1,6.0,4010.0,252.2
2018-08-06T11:07:30,37.1,196.7,217.1,5.7,4030.0,251.2
2018-08-06T11:08:01,37.1,193.1,221.8,5.9,4050.0,250.2
2018-08-06T11:08:32,37.1,190.8,217.7,6.0,4070.0,251.2
2018-08-06T11:09:03,37.1,197.3,214.1,5.7,4090.0,250.2
2018-08-06T11:09:34,37.2,192.5,214.7,5.9,4110.0,252.2
2018-08-06T11:10:05,37.2,190.8,217.1,6.0,4130.0,251.2
2018-08-06T11:10:37,37.2,193.1,218.8,5.9,4150.0,251.2
2018-08-06T11:11:08,37.2,196.1,223.0,5.8,4170.0,252.2
2018-08-06T11:11:39,37.4,197.3,223.0,5.7,4190.0,251.2
2018-08-06T11:12:10,37.4,189.6,220.6,5.9,4200.0,251.2
2018-08-06T11:12:41,37.4,196.1,218.3,5.8,4220.0,250.2
2018-08-06T11:13:12,37.4,195.5,224.2,5.7,4240.0,250.2
2018-08-06T11:13:43,37.4,190.2,223.0,5.9,4260.0,250.2
2018-08-06T11:14:14,37.4,194.9,218.8,5.9,4280.0,252.2
2018-08-06T11:14:45,0.0,0.0,0.0,0.0,0.0,0.0
2018-08-06T11:15:16,37.5,190.2,214.7,5.9,4320.0,252.2
2018-08-06T11:15:48,37.5,195.5,217.7,5.8,4340.0,251.2
2018-08-06T11:16:19,37.6,191.9,218.3,5.9,4360.0,251.2
2018-08-06T11:16:50,37.6,194.9,215.9,6.0,4380.0,251.2
2018-08-06T11:17:21,37.6,197.8,213.5,5.9,4400.0,250.2
2018-08-06T11:17:52,37.6,191.3,222.4,6.0,4420.0,250.2
2018-08-06T11:18:23,37.6,190.8,214.1,6.0,4440.0,250.2
2018-08-06T11:18:54,37.7,189.6,212.9,6.0,4460.0,251.2
2018-08-06T11:19:25,37.7,190.2,223.6,6.1,4480.0,251.2
2018-08-06T11:19:56,37.7,192.5,211.7,5.9,4500.0,251.2
2018-08-06T11:20:27,37.7,192.5,217.1,6.1,4510.0,251.2
2018-08-06T11:20:58,37.7,191.3,221.8,6.0,4530.0,250.2
2018-08-06T11:21:30,37.8,194.9,220.0,6.0,4550.0,251.2
2018-08-06T11:22:01,37.8,196.1,217.7,5.9,4570.0,249.3
2018-08-06T11:22:32,37.8,193.1,214.1,5.9,4590.0,251.2
2018-08-06T11:23:03,37.9,190.8,216.5,6.2,4610.0,251.2
2018-08-06T11:23:34,37.9,194.9,216.5,6.0,4630.0,252.2
2018-08-06T11:24:05,37.8,194.3,210.0,6.0,4650.0,251.2
2018-08-06T11:24:36,37.7,191.3,211.7,6.2,4670.0,251.2
2018-08-06T11:25:07,37.8,191.9,217.1,6.1,4690.0,251.2
2018-08-06T11:25:38,37.9,196.7,221.2,6.0,4710.0,251.2
2018-08-06T11:26:10,37.9,191.3,213.5,6.1,4730.0,251.2
2018-08-06T11:26:41,37.9,196.1,210.0,5.9,4750.0,250.2
2018-08-06T11:27:12,38.0,193.7,214.1,6.0,4770.0,252.2
2018-08-06T11:27:43,38.0,189.6,215.3,6.3,4790.0,252.2
2018-08-06T11:28:14,38.0,195.5,221.8,6.0,4810.0,252.2
2018-08-06T11:28:45,38.0,191.3,224.2,6.1,4830.0,252.2
2018-08-06T11:29:16,38.2,193.1,213.5,6.1,4850.0,252.2
2018-08-06T11:29:47,38.2,195.5,218.3,6.0,4870.0,252.2
2018-08-06T11:30:18,38.3,187.2,215.9,6.3,4890.0,252.2
2018-08-06T11:30:49,38.2,197.3,213.5,6.0,4910.0,251.2
2018-08-06T11:31:21,38.2,188.4,214.7,6.3,4930.0,251.2
2018-08-06T11:31:52,38.2,193.7,211.2,6.2,4950.0,253.1
2018-08-06T11:32:23,38.3,195.5,214.1,6.1,4970.0,252.2
2018-08-06T11:32:54,38.3,190.8,212.9,6.2,4990.0,252.2
2018-08-06T11:33:25,38.4,190.8,216.5,6.2,5010.0,250.2
2018-08-06T11:33:56,38.4,196.7,219.4,6.0,5030.0,253.1
2018-08-06T11:34:27,38.4,190.2,218.8,6.2,5050.0,253.1
2018-08-06T11:34:58,38.5,186.6,222.4,6.4,5070.0,252.2
2018-08-06T11:35:29,38.5,188.4,220.6,6.4,5090.0,254.1
2018-08-06T11:36:00,38.5,193.1,221.2,6.2,5110.0,253.1
2018-08-06T11:36:31,38.6,191.3,216.5,6.3,5130.0,253.1
2018-08-06T11:37:02,38.6,189.0,215.9,6.3,5150.0,253.1
2018-08-06T11:37:33,38.6,196.1,213.5,6.1,5170.0,253.1
2018-08-06T11:38:04,38.6,191.3,214.1,6.2,5190.0,252.2
2018-08-06T11:38:35,38.7,190.2,215.9,6.4,5210.0,253.1
2018-08-06T11:39:06,38.7,194.9,217.7,6.2,5230.0,252.2
2018-08-06T11:39:37,38.7,187.2,223.6,6.5,5250.0,253.1
2018-08-06T11:40:08,38.7,191.9,220.6,6.4,5270.0,252.2
2018-08-06T11:40:40,38.9,187.8,215.3,6.3,5290.0,253.1
2018-08-06T11:41:11,38.9,191.3,214.7,6.4,5310.0,252.2
2018-08-06T11:41:42,38.9,189.0,214.7,6.5,5330.0,252.2
2018-08-06T11:42:13,38.9,187.8,215.9,6.4,5350.0,252.2
2018-08-06T11:42:44,38.9,192.5,210.0,6.3,5370.0,252.2
2018-08-06T11:43:15,39.0,188.4,217.7,6.5,5390.0,252.2
2018-08-06T11:43:46,39.0,193.7,221.8,6.2,5410.0,252.2
2018-08-06T11:44:17,39.0,189.0,218.8,6.5,5430.0,252.2
2018-08-06T11:44:48,39.0,192.5,221.8,6.4,5450.0,252.2
2018-08-06T11:45:19,39.1,193.7,214.1,6.2,5480.0,251.2
2018-08-06T11:45:50,39.1,187.8,214.1,6.5,5500.0,252.2
2018-08-06T11:46:22,39.1,190.2,214.7,6.4,5520.0,252.2
2018-08-06T11:46:53,39.2,187.8,220.0,6.5,5540.0,252.2
2018-08-06T11:47:24,39.2,189.6,213.5,6.5,5560.0,252.2
2018-08-06T11:47:55,39.2,192.5,211.2,6.3,5580.0,253.1
2018-08-06T11:48:26,39.2,194.3,218.3,6.2,5600.0,250.2
2018-08-06T11:48:57,39.2,187.8,217.7,6.6,5620.0,252.2
2018-08-06T11:49:28,39.3,189.0,215.9,6.5,5640.0,251.2
2018-08-06T11:49:59,39.3,192.5,211.7,6.4,5660.0,252.2
2018-08-06T11:50:30,39.3,195.5,208.8,6.1,5680.0,251.2
2018-08-06T11:51:01,39.4,191.3,211.2,6.3,5700.0,252.2
2018-08-06T11:51:32,39.4,195.5,219.4,6.2,5720.0,252.2
2018-08-06T11:52:03,39.4,192.5,220.0,6.4,5740.0,251.2
2018-08-06T11:52:34,39.4,186.6,221.8,6.5,5760.0,252.2
2018-08-06T11:53:05,39.5,189.6,216.5,6.5,5780.0,252.2
2018-08-06T11:53:36,39.4,194.9,217.7,6.3,5800.0,249.3
2018-08-06T11:54:07,39.5,189.6,221.8,6.4,5820.0,249.3
2018-08-06T11:54:38,39.5,189.6,217.7,6.5,5850.0,250.2
2018-08-06T11:55:09,39.5,194.3,211.7,6.4,5870.0,249.3
2018-08-06T11:55:41,39.5,191.3,210.0,6.4,5890.0,250.2
2018-08-06T11:56:12,39.7,188.4,217.7,6.5,5910.0,250.2
2018-08-06T11:56:43,39.7,188.4,220.0,6.6,5930.0,250.2
2018-08-06T11:57:14,39.7,184.8,218.8,6.5,5950.0,249.3
2018-08-06T11:57:45,39.7,193.7,217.1,6.4,5970.0,249.3
2018-08-06T11:58:16,39.8,193.1,217.1,6.4,5990.0,249.3
2018-08-06T11:58:47,39.8,186.6,211.7,6.7,6010.0,249.3
2018-08-06T11:59:18,39.8,190.8,210.6,6.5,6030.0,250.2
2018-08-06T11:59:49,39.8,193.1,210.6,6.4,6050.0,249.3
2018-08-06T12:00:20,39.9,188.4,211.2,6.5,6070.0,250.2
2018-08-06T12:00:57,39.9,193.1,214.7,6.4,6100.0,250.2
2018-08-06T12:01:28,39.9,189.0,208.8,6.6,6120.0,249.3
2018-08-06T12:01:59,39.9,187.2,208.8,6.7,6140.0,250.2
2018-08-06T12:02:30,40.0,190.8,212.9,6.5,6160.0,249.3
2018-08-06T12:03:01,40.0,191.9,206.4,6.5,6180.0,250.2
2018-08-06T12:03:32,40.0,189.6,210.0,6.5,6200.0,249.3
2018-08-06T12:04:03,40.1,186.0,213.5,6.7,6220.0,249.3
2018-08-06T12:04:34,40.1,185.4,220.6,6.6,6240.0,248.3
2018-08-06T12:05:05,40.1,190.8,217.7,6.5,6270.0,248.3
2018-08-06T12:05:36,40.1,191.9,210.6,6.5,6290.0,248.3
2018-08-06T12:06:08,40.2,189.0,210.0,6.6,6310.0,249.3
2018-08-06T12:06:39,40.2,183.7,210.0,6.8,6330.0,250.2
2018-08-06T12:07:10,40.2,184.8,215.9,6.9,6350.0,248.3
2018-08-06T12:07:41,40.2,190.8,215.3,6.5,6370.0,250.2
2018-08-06T12:08:12,40.2,190.2,215.9,6.6,6390.0,248.3
2018-08-06T12:08:43,40.2,188.4,216.5,6.7,6420.0,249.3
2018-08-06T12:09:14,40.4,191.9,218.8,6.5,6440.0,249.3
2018-08-06T12:09:45,40.4,190.2,218.3,6.6,6460.0,249.3
2018-08-06T12:10:16,40.4,190.8,215.9,6.5,6480.0,250.2
2018-08-06T12:10:47,40.5,185.4,214.7,6.7,6500.0,250.2
2018-08-06T12:11:24,40.5,191.3,217.1,6.6,6530.0,251.2
2018-08-06T12:11:55,40.6,193.1,214.7,6.4,6550.0,250.2
2018-08-06T12:12:26,40.6,183.1,217.1,6.7,6570.0,251.2
2018-08-06T12:12:57,40.6,184.3,218.3,6.7,6590.0,251.2
2018-08-06T12:13:28,40.6,189.6,219.4,6.6,6610.0,250.2
2018-08-06T12:13:59,40.7,192.5,218.8,6.4,6630.0,250.2
2018-08-06T12:14:30,40.7,190.2,213.5,6.5,6650.0,250.2
2018-08-06T12:15:01,40.7,184.8,218.8,6.8,6670.0,250.2
2018-08-06T12:15:32,40.7,190.2,207.0,6.6,6690.0,250.2
2018-08-06T12:16:04,40.8,189.0,207.6,6.6,6720.0,251.2
2018-08-06T12:16:35,40.8,187.2,207.0,6.7,6740.0,251.2
2018-08-06T12:17:06,40.8,186.0,208.8,6.7,6760.0,252.2
2018-08-06T12:17:37,40.8,189.6,212.9,6.7,6780.0,251.2
2018-08-06T12:18:08,40.9,184.3,206.4,6.8,6800.0,252.2
2018-08-06T12:18:39,40.9,193.1,210.0,6.5,6820.0,252.2
2018-08-06T12:19:10,40.9,186.6,213.5,6.8,6840.0,252.2
2018-08-06T12:19:41,41.0,189.0,214.7,6.7,6870.0,252.2
2018-08-06T12:20:12,41.0,187.2,211.7,6.9,6890.0,252.2
2018-08-06T12:20:43,41.0,193.1,208.8,6.5,6910.0,251.2
2018-08-06T12:21:15,41.0,186.0,212.9,6.8,6930.0,252.2
2018-08-06T12:21:46,41.2,193.1,214.1,6.5,6950.0,253.1
2018-08-06T12:22:17,41.0,186.0,213.5,6.7,6970.0,252.2
2018-08-06T12:22:48,41.0,186.6,216.5,6.8,7000.0,253.1
2018-08-06T12:23:19,41.0,186.0,221.8,6.7,7020.0,253.1
2018-08-06T12:23:50,41.0,187.2,221.2,6.9,7040.0,252.2
2018-08-06T12:24:21,41.0,193.7,220.6,6.6,7060.0,252.2
2018-08-06T12:24:52,41.0,190.2,218.8,6.8,7080.0,254.1
2018-08-06T12:25:23,41.0,190.8,217.7,6.7,7100.0,252.2
2018-08-06T12:25:54,41.0,191.3,221.8,6.8,7130.0,252.2
2018-08-06T12:26:26,41.2,189.0,223.6,6.9,7150.0,253.1
2018-08-06T12:26:57,41.0,195.5,223.6,6.6,7170.0,252.2
2018-08-06T12:27:28,41.0,198.4,224.2,6.6,7190.0,253.1
2018-08-06T12:27:59,41.0,194.3,220.0,6.8,7210.0,252.2
2018-08-06T12:28:30,41.0,189.6,220.6,6.9,7240.0,253.1
2018-08-06T12:29:01,41.0,194.9,220.0,6.8,7260.0,252.2
2018-08-06T12:29:32,41.0,197.8,220.0,6.7,7280.0,252.2
2018-08-06T12:30:03,41.0,200.8,214.7,6.6,7300.0,252.2
2018-08-06T12:30:34,41.0,194.9,218.8,6.9,7330.0,253.1
2018-08-06T12:31:06,41.0,196.1,224.8,7.0,7350.0,252.2
2018-08-06T12:31:37,40.9,190.2,223.6,7.0,7370.0,252.2
2018-08-06T12:32:08,40.9,196.7,222.4,7.0,7400.0,252.2
2018-08-06T12:32:39,40.8,196.7,224.8,6.8,7420.0,253.1
2018-08-06T12:33:10,40.9,194.9,220.6,6.9,7440.0,252.2
2018-08-06T12:33:41,40.9,194.3,225.4,6.9,7470.0,252.2
2018-08-06T12:34:12,40.9,196.1,217.1,6.8,7490.0,252.2
2018-08-06T12:34:43,40.9,193.1,217.1,7.0,7510.0,251.2
2018-08-06T12:35:14,40.9,195.5,215.3,6.8,7540.0,252.2
2018-08-06T12:35:45,40.9,193.1,214.7,6.9,7560.0,254.1
2018-08-06T12:36:16,40.9,198.4,212.3,6.7,7580.0,252.2
2018-08-06T12:36:47,40.9,194.9,212.9,6.9,7610.0,252.2
2018-08-06T12:37:18,41.0,193.1,212.3,7.0,7630.0,253.1
2018-08-06T12:37:49,41.0,196.1,220.6,6.8,7650.0,252.2
2018-08-06T12:38:21,41.0,193.7,223.0,7.0,7670.0,253.1
2018-08-06T12:38:52,41.2,194.9,221.2,7.0,7700.0,253.1
2018-08-06T12:39:23,41.2,194.9,214.7,6.8,7720.0,253.1
2018-08-06T12:39:54,41.2,197.3,207.0,7.0,7740.0,253.1
2018-08-06T12:40:25,41.2,170.7,227.7,2.2,7760.0,247.3
2018-08-06T12:40:56,41.2,161.8,218.8,1.1,7760.0,245.4
2018-08-06T12:41:27,41.2,187.8,197.5,1.1,7760.0,246.4
2018-08-06T12:41:58,41.2,203.7,204.1,1.3,7770.0,248.3
2018-08-06T12:42:29,41.0,200.2,227.7,1.6,7770.0,248.3
2018-08-06T12:43:00,41.0,209.1,239.0,7.0,7790.0,253.1
2018-08-06T12:43:31,40.9,204.9,222.4,7.3,7810.0,253.1
2018-08-06T12:44:02,40.9,190.8,224.2,1.5,7830.0,247.3
2018-08-06T12:44:33,41.0,209.7,203.5,1.4,7830.0,246.4
2018-08-06T12:45:04,40.9,190.8,215.3,1.8,7840.0,247.3
2018-08-06T12:45:36,40.9,186.0,218.8,1.7,7850.0,247.3
2018-08-06T12:46:07,40.8,183.1,218.8,1.2,7850.0,245.4
2018-08-06T12:46:38,40.8,185.4,223.0,1.0,7860.0,245.4
2018-08-06T12:47:09,40.7,177.8,221.8,1.1,7860.0,245.4
2018-08-06T12:47:40,40.7,197.8,215.9,0.9,7860.0,244.4
2018-08-06T12:48:11,40.6,203.2,236.6,0.9,7870.0,246.4
2018-08-06T12:48:42,40.6,206.1,210.6,1.0,7870.0,246.4
2018-08-06T12:49:13,40.5,200.8,222.4,1.0,7870.0,245.4
2018-08-06T12:49:44,40.4,182.5,234.8,1.4,7880.0,246.4
2018-08-06T12:50:15,40.4,204.9,215.3,1.2,7890.0,245.4
2018-08-06T12:50:47,40.2,201.4,230.7,1.3,7890.0,247.3
2018-08-06T12:51:18,40.2,174.2,230.7,1.6,7900.0,247.3
2018-08-06T12:51:49,40.2,165.9,225.4,2.3,7900.0,248.3
2018-08-06T12:52:20,40.1,181.9,217.1,7.9,7920.0,252.2
2018-08-06T12:52:51,40.1,194.3,227.7,7.5,7950.0,252.2
2018-08-06T12:53:22,40.2,191.3,227.1,7.4,7970.0,254.1
2018-08-06T12:53:53,40.2,196.1,220.0,7.1,8000.0,252.2
2018-08-06T12:54:24,40.2,203.7,206.4,5.3,8020.0,251.2
2018-08-06T12:54:55,40.2,207.3,208.2,4.7,8030.0,251.2
2018-08-06T12:55:26,40.4,132.3,170.9,8.2,8050.0,250.2
2018-08-06T12:55:58,40.4,142.9,221.8,8.1,8060.0,252.2
2018-08-06T12:56:29,40.4,170.1,226.5,7.5,8090.0,251.2
2018-08-06T12:57:00,40.5,178.9,224.2,6.3,8110.0,249.3
2018-08-06T12:57:31,40.5,178.9,220.0,7.4,8130.0,251.2
2018-08-06T12:58:02,40.5,186.6,214.1,7.0,8160.0,253.1
2018-08-06T12:58:33,40.6,173.0,211.7,6.7,8180.0,254.1
2018-08-06T12:59:04,40.6,186.6,210.0,1.2,8190.0,247.3
2018-08-06T12:59:35,40.6,164.8,231.9,1.4,8190.0,247.3
2018-08-06T13:00:06,40.6,172.4,243.1,7.1,8200.0,253.1
2018-08-06T13:00:37,40.6,177.8,219.4,7.1,8230.0,251.2
2018-08-06T13:01:09,40.6,180.1,218.8,6.9,8250.0,252.2
2018-08-06T13:01:40,40.6,177.8,215.3,7.2,8270.0,251.2
2018-08-06T13:02:11,40.6,189.0,212.9,6.1,8290.0,253.1
2018-08-06T13:02:42,40.7,184.3,217.1,7.0,8320.0,253.1
2018-08-06T13:03:13,40.7,192.5,225.4,5.0,8340.0,252.2
2018-08-06T13:03:44,40.8,183.7,227.7,7.2,8350.0,253.1
2018-08-06T13:04:15,40.8,186.0,223.6,6.3,8370.0,253.1
2018-08-06T13:04:46,40.8,187.8,223.0,6.8,8400.0,253.1
2018-08-06T13:05:17,40.8,183.7,217.7,7.0,8420.0,253.1
2018-08-06T13:05:48,40.8,183.1,214.1,6.4,8440.0,252.2
2018-08-06T13:06:20,40.8,191.3,214.7,6.4,8460.0,252.2
2018-08-06T13:06:51,40.8,178.3,214.1,7.0,8480.0,252.2
2018-08-06T13:07:22,40.9,200.8,220.6,5.8,8510.0,253.1
2018-08-06T13:07:53,40.9,190.2,221.2,5.7,8530.0,253.1
2018-08-06T13:08:24,40.9,176.6,220.6,6.8,8550.0,253.1
2018-08-06T13:08:55,40.9,180.7,223.0,6.9,8570.0,252.2
2018-08-06T13:09:26,40.9,186.6,223.0,6.7,8590.0,253.1
2018-08-06T13:09:57,40.9,181.9,220.6,6.6,8610.0,252.2
2018-08-06T13:10:28,40.9,161.2,220.6,7.0,8630.0,252.2
2018-08-06T13:10:59,41.0,175.4,213.5,6.8,8660.0,252.2
2018-08-06T13:11:31,41.0,164.8,215.9,7.1,8680.0,254.1
2018-08-06T13:12:02,41.0,174.8,223.0,7.0,8700.0,254.1
2018-08-06T13:12:33,41.0,174.2,224.8,7.0,8720.0,252.2
2018-08-06T13:13:04,41.0,164.2,223.0,7.1,8740.0,251.2
2018-08-06T13:13:35,41.0,160.6,222.4,7.4,8760.0,253.1
2018-08-06T13:14:06,41.0,161.8,223.0,7.2,8790.0,253.1
2018-08-06T13:14:37,41.2,170.7,212.9,6.7,8810.0,253.1
2018-08-06T13:15:08,41.2,174.2,211.7,7.0,8830.0,253.1
2018-08-06T13:15:39,41.2,176.0,214.7,5.4,8850.0,253.1
2018-08-06T13:16:10,41.2,182.5,215.9,7.1,8870.0,252.2
2018-08-06T13:16:41,41.0,168.9,215.3,6.8,8890.0,253.1
2018-08-06T13:17:12,41.0,165.4,215.3,7.2,8910.0,253.1
2018-08-06T13:17:43,41.0,169.5,214.1,7.0,8940.0,253.1
2018-08-06T13:18:14,41.2,176.6,216.5,6.6,8960.0,253.1
2018-08-06T13:18:45,41.2,168.3,217.1,6.9,8980.0,252.2
2018-08-06T13:19:16,41.2,168.9,217.7,6.8,9000.0,252.2
2018-08-06T13:19:47,41.0,164.8,217.7,6.3,9020.0,253.1
2018-08-06T13:20:18,41.2,166.5,218.3,6.4,9040.0,253.1
2018-08-06T13:20:50,41.2,158.9,217.1,6.7,9060.0,253.1
2018-08-06T13:21:21,41.2,165.4,213.5,6.9,9080.0,253.1
2018-08-06T13:21:52,41.3,165.9,216.5,6.7,9100.0,252.2
2018-08-06T13:22:23,41.3,161.2,214.1,7.0,9130.0,252.2
2018-08-06T13:22:54,41.3,167.1,217.7,6.0,9150.0,252.2
2018-08-06T13:23:25,41.3,165.9,217.7,6.8,9170.0,252.2
2018-08-06T13:23:56,41.4,165.9,216.5,6.8,9190.0,252.2
2018-08-06T13:24:27,41.4,160.6,215.9,6.9,9210.0,251.2
2018-08-06T13:24:58,41.4,161.2,215.3,6.4,9230.0,251.2
2018-08-06T13:25:29,41.5,162.4,214.1,6.9,9250.0,253.1
2018-08-06T13:26:01,41.4,161.2,217.1,6.9,9270.0,253.1
2018-08-06T13:26:32,41.5,164.2,223.0,7.0,9290.0,252.2
2018-08-06T13:27:03,41.5,165.9,214.7,7.0,9310.0,252.2
2018-08-06T13:27:34,41.5,163.6,209.4,6.4,9330.0,252.2
2018-08-06T13:28:05,41.6,169.5,220.6,6.7,9350.0,252.2
2018-08-06T13:28:36,41.5,153.5,217.1,7.3,9370.0,252.2
2018-08-06T13:29:07,41.5,160.0,210.6,6.9,9390.0,252.2
2018-08-06T13:29:38,41.5,147.6,224.8,7.2,9410.0,252.2
2018-08-06T13:30:09,41.5,151.8,224.8,6.3,9440.0,249.3
2018-08-06T13:30:40,41.5,153.5,212.9,7.0,9460.0,252.2
2018-08-06T13:31:12,41.5,157.1,223.0,6.9,9480.0,252.2
2018-08-06T13:31:43,41.5,151.2,224.8,7.1,9500.0,253.1
2018-08-06T13:32:14,41.6,155.9,221.2,6.5,9520.0,252.2
2018-08-06T13:32:45,41.5,161.8,214.7,1.0,9530.0,246.4
2018-08-06T13:33:16,41.4,160.0,217.1,0.9,9530.0,247.3
2018-08-06T13:33:47,41.3,137.0,236.0,1.2,9530.0,246.4
2018-08-06T13:34:18,41.3,115.7,210.6,1.5,9540.0,248.3
2018-08-06T13:34:49,41.2,120.5,218.3,4.3,9540.0,250.2
2018-08-06T13:35:20,41.2,135.2,211.2,7.2,9560.0,252.2
2018-08-06T13:35:51,41.2,135.8,213.5,7.0,9580.0,251.2
2018-08-06T13:36:22,41.2,156.5,224.2,6.4,9590.0,251.2
2018-08-06T13:36:53,41.2,151.8,224.8,6.9,9610.0,253.1
2018-08-06T13:37:24,41.2,151.8,224.8,6.7,9630.0,253.1
2018-08-06T13:37:55,41.2,147.6,220.6,7.0,9650.0,254.1
2018-08-06T13:38:27,41.3,147.0,223.6,7.1,9670.0,252.2
2018-08-06T13:38:58,41.3,147.6,218.8,7.0,9690.0,253.1
2018-08-06T13:39:29,41.3,138.8,216.5,7.2,9710.0,253.1
2018-08-06T13:40:00,41.3,150.0,224.2,6.7,9730.0,252.2
2018-08-06T13:40:31,41.3,150.6,220.0,6.6,9750.0,253.1
2018-08-06T13:41:02,41.3,145.9,218.8,6.9,9770.0,252.2
2018-08-06T13:41:33,41.3,148.8,218.3,6.3,9790.0,252.2
2018-08-06T13:42:04,41.3,147.6,217.1,6.8,9810.0,252.2
2018-08-06T13:42:35,41.3,150.0,214.7,6.6,9830.0,252.2
2018-08-06T13:43:06,41.4,144.7,214.7,6.2,9850.0,253.1
2018-08-06T13:43:37,41.4,137.0,216.5,6.8,9870.0,251.2
2018-08-06T13:44:08,41.4,141.7,220.0,6.4,9890.0,251.2
2018-08-06T13:44:39,41.4,131.7,225.9,7.1,9910.0,251.2
2018-08-06T13:45:10,41.4,133.5,223.0,7.0,9930.0,251.2
2018-08-06T13:45:42,41.4,135.2,214.7,7.1,9950.0,251.2
2018-08-06T13:46:13,41.4,140.0,229.5,3.7,9970.0,250.2
2018-08-06T13:46:44,41.4,138.2,249.0,3.2,9990.0,248.3
2018-08-06T13:47:15,41.4,144.1,220.6,7.1,10010.0,252.2
2018-08-06T13:47:46,41.4,144.7,220.0,6.5,10030.0,252.2
2018-08-06T13:48:17,41.4,134.0,220.6,2.2,10040.0,247.3
2018-08-06T13:48:48,41.4,135.2,235.4,3.2,10050.0,247.3
2018-08-06T13:49:19,41.4,137.0,239.5,5.5,10060.0,252.2
2018-08-06T13:49:50,41.4,132.3,217.7,7.0,10080.0,251.2
2018-08-06T13:50:21,41.4,146.4,223.0,5.1,10100.0,251.2
2018-08-06T13:50:53,41.3,133.5,214.1,7.1,10120.0,251.2
2018-08-06T13:51:24,41.3,140.5,215.9,6.7,10140.0,252.2
2018-08-06T13:51:55,41.3,140.0,214.7,6.5,10160.0,252.2
2018-08-06T13:52:26,41.3,116.3,239.5,1.9,10170.0,248.3
2018-08-06T13:52:57,41.3,136.4,225.4,1.2,10180.0,247.3
2018-08-06T13:53:28,41.4,163.6,232.4,3.1,10190.0,249.3
2018-08-06T13:53:59,41.3,171.3,197.0,1.1,10200.0,245.4
2018-08-06T13:54:31,41.3,176.0,192.8,1.3,10200.0,246.4
2018-08-06T13:55:02,41.2,187.2,195.2,1.1,10210.0,244.4
2018-08-06T13:55:33,41.2,187.2,218.3,1.0,10210.0,245.4
2018-08-06T13:56:04,41.0,197.8,223.6,1.0,10220.0,245.4
2018-08-06T13:56:35,41.0,207.9,214.7,0.9,10220.0,245.4
2018-08-06T13:57:06,40.9,190.2,185.7,1.2,10220.0,246.4
2018-08-06T13:57:37,40.9,196.1,189.3,1.4,10230.0,246.4
2018-08-06T13:58:08,40.8,192.5,194.6,1.3,10230.0,246.4
2018-08-06T13:58:39,40.8,196.1,204.1,1.0,10240.0,246.4
2018-08-06T13:59:10,40.7,197.8,218.8,0.9,10240.0,246.4
2018-08-06T13:59:41,40.7,196.1,218.8,0.9,10250.0,245.4
2018-08-06T14:00:12,40.7,215.6,239.0,0.8,10250.0,245.4
2018-08-06T14:00:44,40.6,194.9,213.5,1.2,10260.0,245.4
2018-08-06T14:01:15,40.5,184.8,204.1,1.3,10260.0,245.4
2018-08-06T14:01:46,40.5,154.7,214.1,3.3,10270.0,249.3
2018-08-06T14:02:17,40.5,152.9,220.0,2.2,10280.0,247.3
2018-08-06T14:02:48,40.5,128.7,236.0,3.7,10290.0,247.3
2018-08-06T14:03:19,40.5,111.6,215.3,7.5,10310.0,249.3
2018-08-06T14:03:50,40.4,134.0,220.0,4.2,10320.0,245.4
2018-08-06T14:04:21,40.4,135.2,223.0,3.2,10330.0,245.4
2018-08-06T14:04:52,40.4,147.0,229.5,6.2,10350.0,248.3
2018-08-06T14:05:23,40.5,138.2,227.7,5.8,10370.0,247.3
2018-08-06T14:05:55,40.5,131.7,227.1,6.3,10390.0,248.3
2018-08-06T14:06:26,40.5,134.6,228.9,5.7,10410.0,249.3
2018-08-06T14:06:57,40.5,138.8,227.7,5.6,10420.0,249.3
2018-08-06T14:07:28,40.5,141.7,230.1,5.4,10440.0,249.3
2018-08-06T14:07:59,40.5,144.7,224.8,5.0,10460.0,249.3
2018-08-06T14:08:30,40.6,150.0,215.9,4.2,10480.0,251.2
2018-08-06T14:09:01,40.6,139.4,223.6,4.9,10490.0,250.2
2018-08-06T14:09:32,40.7,121.0,221.8,6.4,10510.0,250.2
2018-08-06T14:10:03,40.7,115.7,220.0,6.7,10530.0,251.2
2018-08-06T14:10:35,40.7,124.0,221.2,6.0,10550.0,251.2
2018-08-06T14:11:06,40.8,111.0,227.7,6.7,10560.0,253.1
2018-08-06T14:11:37,40.8,118.1,218.3,6.4,10580.0,251.2
2018-08-06T14:12:08,40.8,120.5,211.2,6.3,10600.0,251.2
2018-08-06T14:12:39,40.9,116.9,218.8,6.5,10620.0,252.2
2018-08-06T14:13:10,40.9,116.3,216.5,6.7,10630.0,251.2
2018-08-06T14:13:41,40.9,114.6,220.6,6.7,10650.0,252.2
2018-08-06T14:14:12,40.9,121.0,215.9,6.3,10670.0,254.1
2018-08-06T14:14:43,40.9,117.5,221.2,6.4,10690.0,251.2
2018-08-06T14:15:14,40.9,120.5,214.7,6.2,10700.0,251.2
2018-08-06T14:15:45,41.0,115.7,217.7,6.5,10720.0,251.2
2018-08-06T14:16:17,41.0,115.1,212.3,6.4,10740.0,252.2
2018-08-06T14:16:48,41.0,118.1,221.2,6.2,10750.0,252.2
2018-08-06T14:17:19,41.0,118.1,223.0,6.4,10770.0,251.2
2018-08-06T14:17:50,41.2,119.9,221.8,6.2,10790.0,250.2
2018-08-06T14:18:21,41.0,116.3,220.6,6.5,10810.0,252.2
2018-08-06T14:18:52,40.9,111.6,218.8,6.7,10820.0,251.2
2018-08-06T14:19:23,41.0,117.5,218.3,6.4,10840.0,251.2
2018-08-06T14:19:54,41.0,115.1,217.1,6.5,10860.0,251.2
2018-08-06T14:20:25,41.0,114.6,217.7,6.5,10870.0,251.2
2018-08-06T14:20:56,41.2,114.0,214.7,6.5,10890.0,251.2
2018-08-06T14:21:28,41.2,118.7,214.7,6.3,10910.0,251.2
2018-08-06T14:21:59,41.2,118.1,217.7,6.2,10930.0,251.2
2018-08-06T14:22:30,41.2,114.6,214.1,6.3,10940.0,250.2
2018-08-06T14:23:01,41.2,120.5,211.7,6.0,10960.0,251.2
2018-08-06T14:23:32,41.2,121.0,216.5,6.0,10980.0,251.2
2018-08-06T14:24:03,41.2,121.0,212.9,5.9,10990.0,250.2
2018-08-06T14:24:34,41.3,115.1,213.5,6.4,11010.0,251.2
2018-08-06T14:25:05,41.3,116.9,220.6,6.3,11030.0,251.2
2018-08-06T14:25:36,41.4,115.7,211.7,6.5,11040.0,252.2
2018-08-06T14:26:07,41.4,114.6,219.4,6.5,11060.0,251.2
2018-08-06T14:26:39,41.4,115.1,221.2,6.4,11080.0,250.2
2018-08-06T14:27:10,41.4,119.3,214.7,6.2,11100.0,250.2
2018-08-06T14:27:41,41.4,112.2,207.0,6.6,11110.0,251.2
2018-08-06T14:28:12,41.4,115.7,215.9,6.4,11130.0,251.2
2018-08-06T14:28:43,41.5,122.8,218.8,5.8,11150.0,251.2
2018-08-06T14:29:14,41.5,124.0,207.0,4.9,11160.0,249.3
2018-08-06T14:29:45,41.5,126.4,220.0,5.3,11180.0,249.3
2018-08-06T14:30:16,41.5,116.9,218.3,5.6,11200.0,250.2
2018-08-06T14:30:47,41.5,121.6,214.1,5.6,11210.0,250.2
2018-08-06T14:31:18,41.6,128.1,218.8,4.3,11230.0,249.3
2018-08-06T14:31:49,41.5,130.5,215.9,4.3,11240.0,249.3
2018-08-06T14:32:20,41.6,113.4,216.5,5.5,11260.0,250.2
2018-08-06T14:32:51,41.6,114.6,214.7,5.1,11270.0,249.3
2018-08-06T14:33:22,41.6,109.8,211.2,5.3,11290.0,251.2
2018-08-06T14:33:53,41.6,111.0,215.3,5.3,11300.0,250.2
2018-08-06T14:34:24,41.6,102.7,220.6,5.2,11320.0,249.3
2018-08-06T14:34:55,41.6,103.9,208.8,5.1,11330.0,250.2
2018-08-06T14:35:26,41.7,102.7,222.4,5.5,11340.0,250.2
2018-08-06T14:35:58,41.7,106.9,211.7,3.9,11360.0,249.3
2018-08-06T14:36:29,41.7,103.3,197.5,1.9,11370.0,244.4
2018-08-06T14:37:00,41.6,114.0,207.6,0.9,11370.0,244.4
2018-08-06T14:37:31,41.6,135.2,196.4,0.9,11380.0,244.4
2018-08-06T14:38:02,41.6,145.3,202.3,1.2,11380.0,245.4
2018-08-06T14:38:33,41.5,160.6,190.4,1.2,11390.0,246.4
2018-08-06T14:39:04,41.5,155.9,219.4,2.5,11390.0,249.3
2018-08-06T14:39:35,41.4,152.9,224.8,1.2,11400.0,245.4
2018-08-06T14:40:06,41.4,161.8,212.3,1.1,11410.0,245.4
2018-08-06T14:40:38,41.4,171.9,220.6,1.2,11410.0,244.4
2018-08-06T14:41:09,41.3,168.3,213.5,1.2,11420.0,246.4
2018-08-06T14:41:40,41.2,165.4,232.4,2.1,11430.0,249.3
2018-08-06T14:42:11,41.2,155.9,224.2,1.9,11440.0,248.3
2018-08-06T14:42:42,41.2,147.0,215.9,2.5,11450.0,248.3
2018-08-06T14:43:13,41.2,153.5,233.0,1.9,11460.0,248.3
2018-08-06T14:43:44,41.2,148.8,225.9,1.9,11470.0,248.3
2018-08-06T14:44:15,41.2,145.3,230.1,1.7,11490.0,248.3
2018-08-06T14:44:46,41.2,152.9,220.0,1.9,11500.0,248.3
2018-08-06T14:45:17,41.0,152.4,215.9,2.3,11510.0,249.3
2018-08-06T14:45:49,41.0,151.2,220.6,1.7,11520.0,248.3
2018-08-06T14:46:20,40.9,156.5,220.6,1.2,11530.0,247.3
2018-08-06T14:46:51,40.9,154.7,223.0,1.6,11550.0,248.3
2018-08-06T14:47:22,40.9,154.7,217.7,0.7,11550.0,244.4
2018-08-06T14:47:53,40.9,174.8,197.5,0.6,11550.0,245.4
2018-08-06T14:48:24,40.8,197.3,185.7,0.5,11560.0,246.4
2018-08-06T14:48:55,40.8,206.7,216.5,0.7,11560.0,247.3
2018-08-06T14:49:26,40.7,194.3,224.2,1.0,11570.0,249.3
2018-08-06T14:49:57,40.8,190.8,218.8,1.1,11590.0,248.3
2018-08-06T14:50:28,40.7,175.4,230.7,1.1,11600.0,248.3
2018-08-06T14:50:59,40.7,183.7,224.8,1.2,11610.0,249.3
2018-08-06T14:51:31,40.7,189.6,224.8,1.1,11620.0,250.2
2018-08-06T14:52:02,40.7,171.3,225.9,1.2,11630.0,250.2
2018-08-06T14:52:33,40.7,164.8,225.9,1.4,11650.0,249.3
2018-08-06T14:53:04,40.7,159.4,222.4,1.1,11660.0,249.3
2018-08-06T14:53:35,40.6,173.6,224.8,1.0,11670.0,249.3
2018-08-06T14:54:06,40.6,191.3,230.1,1.1,11680.0,249.3
2018-08-06T14:54:37,40.6,196.1,225.9,0.8,11690.0,247.3
2018-08-06T14:55:08,40.6,170.1,230.1,1.1,11700.0,249.3
2018-08-06T14:55:39,40.7,153.5,220.6,1.5,11710.0,248.3
2018-08-06T14:56:11,40.6,151.8,223.0,2.1,11720.0,250.2
2018-08-06T14:56:42,40.6,151.8,221.2,0.9,11730.0,245.4
2018-08-06T14:57:13,40.6,155.9,216.5,0.7,11730.0,245.4
2018-08-06T14:57:44,40.6,176.0,212.9,0.7,11730.0,246.4
2018-08-06T14:58:15,40.5,193.7,212.3,0.7,11740.0,245.4
2018-08-06T14:58:46,40.5,197.8,223.6,0.6,11740.0,244.4
2018-08-06T14:59:17,40.5,200.8,212.3,0.6,11740.0,244.4
2018-08-06T14:59:48,40.4,196.7,189.9,0.6,11750.0,243.5
2018-08-06T15:00:19,40.4,177.2,153.2,1.0,11750.0,247.3
2018-08-06T15:00:50,40.4,187.8,165.0,1.1,11760.0,248.3
2018-08-06T15:01:22,40.2,183.7,178.0,0.8,11760.0,244.4
2018-08-06T15:01:53,40.2,190.8,204.1,0.7,11770.0,245.4
2018-08-06T15:02:24,40.1,212.6,221.2,0.7,11770.0,243.5
2018-08-06T15:02:55,40.1,207.9,220.6,0.8,11770.0,243.5
2018-08-06T15:03:26,40.1,189.0,218.8,0.9,11780.0,244.4
2018-08-06T15:03:57,40.0,167.7,236.6,1.0,11780.0,246.4
2018-08-06T15:04:28,39.9,173.6,222.4,1.0,11790.0,245.4
2018-08-06T15:04:59,39.8,191.3,225.9,0.8,11790.0,246.4
2018-08-06T15:05:30,39.8,192.5,218.8,0.8,11790.0,246.4
2018-08-06T15:06:01,39.8,217.3,192.8,1.0,11800.0,248.3
2018-08-06T15:06:32,39.7,204.9,208.8,0.7,11810.0,246.4
2018-08-06T15:07:03,39.7,204.9,225.9,0.6,11810.0,245.4
2018-08-06T15:07:34,39.7,217.9,213.5,0.6,11820.0,245.4
2018-08-06T15:08:05,39.5,206.7,214.1,0.7,11820.0,247.3
2018-08-06T15:08:36,39.5,225.6,220.6,0.7,11830.0,245.4
2018-08-06T15:09:07,39.4,204.3,225.4,0.7,11830.0,245.4
2018-08-06T15:09:38,39.4,203.7,234.8,0.7,11830.0,243.5
2018-08-06T15:10:09,39.4,183.1,211.7,0.7,11840.0,244.4
2018-08-06T15:10:40,39.4,163.0,188.7,0.9,11840.0,243.5
2018-08-06T15:11:12,39.3,150.0,173.9,1.2,11850.0,245.4
2018-08-06T15:11:43,39.3,172.4,181.6,0.9,11850.0,244.4
2018-08-06T15:12:14,39.3,182.5,186.9,0.9,11860.0,244.4
2018-08-06T15:12:45,39.3,199.6,168.6,0.9,11860.0,247.3
2018-08-06T15:13:16,39.3,217.9,179.8,0.6,11870.0,244.4
2018-08-06T15:13:47,39.2,203.7,201.7,0.7,11870.0,244.4
2018-08-06T15:14:18,39.2,207.9,228.9,0.8,11870.0,244.4
2018-08-06T15:14:49,39.2,222.1,259.7,1.0,11880.0,246.4
2018-08-06T15:15:20,39.2,226.2,227.7,1.0,11890.0,248.3
2018-08-06T15:15:51,39.2,228.0,227.1,1.0,11900.0,248.3
2018-08-06T15:16:23,39.2,217.3,230.1,1.2,11910.0,245.4
2018-08-06T15:16:54,39.2,222.1,232.4,1.1,11930.0,249.3
2018-08-06T15:17:25,39.2,199.6,231.3,1.3,11940.0,249.3
2018-08-06T15:17:56,39.2,216.2,224.8,1.1,11950.0,247.3
2018-08-06T15:18:27,39.2,198.4,222.4,1.2,11960.0,247.3
2018-08-06T15:18:58,39.2,213.2,224.2,1.2,11980.0,248.3
2018-08-06T15:19:29,39.2,212.0,218.8,1.1,11990.0,249.3
2018-08-06T15:20:00,39.2,231.5,223.0,1.1,12000.0,247.3
2018-08-06T15:20:31,39.2,230.9,223.0,1.2,12010.0,247.3
2018-08-06T15:21:03,39.2,227.4,226.5,0.3,12020.0,245.4
2018-08-06T15:21:34,39.2,202.0,220.0,0.9,12030.0,244.4
2018-08-06T15:22:05,39.2,202.0,221.8,0.8,12030.0,244.4
2018-08-06T15:22:36,39.2,205.5,229.5,0.9,12030.0,244.4
2018-08-06T15:23:07,39.2,213.8,213.5,0.7,12040.0,243.5
2018-08-06T15:23:38,39.1,194.3,236.0,0.9,12040.0,244.4
2018-08-06T15:24:09,39.1,173.0,218.8,1.0,12050.0,245.4
2018-08-06T15:24:40,39.1,167.1,217.7,1.3,12060.0,246.4
2018-08-06T15:25:11,39.1,163.6,239.0,1.4,12070.0,244.4
2018-08-06T15:25:42,39.1,173.6,228.3,1.3,12080.0,245.4
2018-08-06T15:26:13,39.2,190.8,230.7,1.1,12090.0,242.5
2018-08-06T15:26:44,39.2,185.4,227.7,0.9,12090.0,241.5
2018-08-06T15:27:15,39.2,187.2,214.1,0.9,12100.0,240.6
2018-08-06T15:27:46,39.1,209.1,229.5,0.8,12100.0,242.5
2018-08-06T15:28:18,39.1,197.3,221.2,0.9,12100.0,241.5
2018-08-06T15:28:49,39.1,206.7,225.9,0.8,12110.0,240.6
2018-08-06T15:29:20,39.1,184.8,253.7,1.0,12110.0,243.5
2018-08-06T15:29:51,39.1,197.8,237.8,1.1,12120.0,245.4
2018-08-06T15:30:22,39.0,215.6,218.3,1.1,12120.0,244.4
2018-08-06T15:30:53,39.0,223.2,233.0,1.1,12140.0,246.4
2018-08-06T15:31:25,39.0,217.3,218.8,1.2,12150.0,244.4
2018-08-06T15:31:56,39.0,223.8,228.9,1.2,12160.0,246.4
2018-08-06T15:32:27,39.0,229.7,227.7,1.1,12170.0,245.4
2018-08-06T15:32:58,39.0,229.7,230.7,1.1,12180.0,244.4
2018-08-06T15:33:29,39.1,221.5,224.2,1.2,12190.0,246.4
2018-08-06T15:34:00,39.1,225.0,222.4,1.2,12200.0,246.4
2018-08-06T15:34:31,39.1,220.3,234.8,1.4,12220.0,245.4
2018-08-06T15:35:02,39.1,221.5,228.3,1.3,12230.0,245.4
2018-08-06T15:35:33,39.1,226.8,228.9,0.6,12240.0,242.5
2018-08-06T15:36:05,39.1,210.2,223.6,1.0,12240.0,242.5
2018-08-06T15:36:36,39.1,199.0,256.1,1.1,12250.0,244.4
2018-08-06T15:37:07,39.1,192.5,224.2,1.2,12260.0,243.5
2018-08-06T15:37:38,39.2,200.2,235.4,1.2,12270.0,244.4
2018-08-06T15:38:09,39.2,223.2,231.9,1.2,12280.0,246.4
2018-08-06T15:38:40,39.2,222.7,240.7,0.8,12290.0,243.5
2018-08-06T15:39:11,39.2,204.9,224.2,0.8,12290.0,243.5
2018-08-06T15:39:42,39.2,204.9,221.2,0.8,12300.0,243.5
2018-08-06T15:40:13,39.2,199.0,225.4,0.8,12300.0,243.5
2018-08-06T15:40:49,39.2,183.7,225.9,1.1,12310.0,246.4
2018-08-06T15:41:21,39.2,206.1,228.9,1.0,12320.0,246.4
2018-08-06T15:41:52,39.2,188.4,200.5,1.1,12330.0,247.3
2018-08-06T15:42:23,39.2,202.6,221.8,1.0,12330.0,247.3
2018-08-06T15:42:54,39.2,225.0,230.1,1.0,12340.0,248.3
2018-08-06T15:43:25,39.2,216.2,221.8,1.0,12350.0,245.4
2018-08-06T15:43:56,39.2,199.6,232.4,1.0,12360.0,246.4
2018-08-06T15:44:27,39.2,202.0,215.9,0.7,12370.0,244.4
2018-08-06T15:44:58,39.2,194.3,208.8,0.7,12370.0,244.4
2018-08-06T15:45:29,39.2,180.1,230.1,0.9,12380.0,243.5
2018-08-06T15:46:00,39.2,201.4,217.7,0.7,12380.0,244.4
2018-08-06T15:46:31,39.1,204.3,218.3,0.8,12380.0,242.5
2018-08-06T15:47:02,39.1,200.2,241.3,0.8,12390.0,244.4
2018-08-06T15:47:33,39.1,197.8,233.0,0.9,12390.0,244.4
2018-08-06T15:48:04,39.1,187.8,239.0,0.7,12400.0,242.5
2018-08-06T15:48:35,39.0,206.1,220.0,0.6,12400.0,242.5
2018-08-06T15:49:06,39.0,184.8,197.5,0.9,12400.0,244.4
2018-08-06T15:49:37,39.0,199.6,194.6,0.5,12410.0,244.4
2018-08-06T15:50:08,39.0,197.3,215.3,0.5,12410.0,242.5
2018-08-06T15:50:40,39.0,206.7,217.7,0.5,12410.0,242.5
2018-08-06T15:51:11,39.0,197.3,223.6,0.5,12410.0,242.5
2018-08-06T15:51:42,38.9,206.7,212.3,0.5,12420.0,241.5
2018-08-06T15:52:13,38.9,204.3,223.6,0.4,12420.0,242.5
2018-08-06T15:52:44,38.9,207.9,219.4,0.5,12420.0,241.5
2018-08-06T15:53:15,38.7,198.4,212.9,0.5,12420.0,242.5
2018-08-06T15:53:46,38.7,203.7,234.8,0.4,12420.0,242.5
2018-08-06T15:54:17,38.6,183.1,212.9,0.4,12420.0,243.5
2018-08-06T15:54:48,38.6,173.0,205.8,0.5,12430.0,242.5
2018-08-06T15:55:19,38.6,196.1,228.9,0.4,12430.0,242.5
2018-08-06T15:55:50,38.5,219.1,234.8,0.5,12430.0,243.5
2018-08-06T15:56:22,38.5,204.9,233.0,0.5,12430.0,243.5
2018-08-06T15:56:53,38.5,183.7,221.8,0.5,12430.0,244.4
2018-08-06T15:57:24,38.5,194.9,205.8,0.6,12440.0,244.4
2018-08-06T15:57:55,38.4,220.9,230.1,0.6,12440.0,243.5
2018-08-06T15:58:26,38.4,225.0,239.0,0.7,12450.0,244.4
2018-08-06T15:58:57,38.4,213.8,225.9,0.7,12460.0,243.5
2018-08-06T15:59:28,38.3,223.8,237.8,0.6,12460.0,244.4
2018-08-06T15:59:59,38.3,199.0,205.8,0.7,12470.0,245.4
2018-08-06T16:00:30,38.3,225.0,229.5,0.8,12480.0,246.4
2018-08-06T16:01:01,38.3,212.0,214.7,0.9,12480.0,246.4
2018-08-06T16:01:32,38.3,230.3,234.2,0.9,12490.0,246.4
2018-08-06T16:02:03,38.4,215.0,238.4,0.9,12500.0,247.3
2018-08-06T16:02:34,38.3,218.5,228.9,0.6,12510.0,243.5
2018-08-06T16:03:05,38.3,206.7,227.7,0.7,12510.0,243.5
2018-08-06T16:03:36,38.4,204.9,227.1,0.6,12510.0,244.4
2018-08-06T16:04:07,38.4,225.0,199.9,0.7,12520.0,244.4
2018-08-06T16:04:38,38.4,222.1,194.0,0.8,12520.0,245.4
2018-08-06T16:05:09,38.4,223.8,202.9,0.7,12530.0,245.4
2018-08-06T16:05:41,38.4,207.3,198.1,0.7,12540.0,244.4
2018-08-06T16:06:12,38.4,199.0,213.5,0.6,12540.0,242.5
2018-08-06T16:06:43,38.4,201.4,223.6,0.5,12540.0,241.5
2018-08-06T16:07:14,38.4,194.3,221.2,0.5,12540.0,244.4
2018-08-06T16:07:45,38.4,199.6,211.2,0.5,12550.0,243.5
2018-08-06T16:08:16,38.3,196.7,223.0,0.5,12550.0,244.4
2018-08-06T16:08:47,38.3,186.0,230.1,0.5,12550.0,244.4
2018-08-06T16:09:18,38.3,185.4,223.0,0.4,12550.0,245.4
2018-08-06T16:09:49,38.3,200.8,218.8,0.3,12550.0,244.4
2018-08-06T16:10:20,38.3,184.8,213.5,0.3,12550.0,243.5
2018-08-06T16:10:52,38.2,202.0,220.6,0.3,12560.0,243.5
2018-08-06T16:11:23,38.2,196.7,218.8,0.3,12560.0,243.5
2018-08-06T16:11:54,38.2,204.9,226.5,0.3,12560.0,242.5
2018-08-06T16:12:25,38.2,181.9,205.2,0.4,12560.0,243.5
2018-08-06T16:12:56,38.2,161.2,199.9,0.4,12560.0,244.4
2018-08-06T16:13:27,38.0,178.3,185.7,0.4,12560.0,243.5
2018-08-06T16:13:58,38.0,199.6,207.6,0.4,12560.0,243.5
2018-08-06T16:14:29,38.0,195.5,236.6,0.5,12570.0,244.4
2018-08-06T16:15:00,38.0,180.1,251.4,0.6,12570.0,243.5
2018-08-06T16:15:32,37.9,199.0,233.0,0.5,12570.0,244.4
2018-08-06T16:16:03,37.9,211.4,227.1,0.5,12580.0,245.4
2018-08-06T16:16:34,37.9,186.0,259.7,0.7,12580.0,244.4
2018-08-06T16:17:05,37.9,187.2,240.1,0.7,12580.0,246.4
2018-08-06T16:17:36,37.9,209.7,232.4,0.7,12590.0,245.4
2018-08-06T16:18:07,37.9,225.6,228.9,0.6,12600.0,246.4
2018-08-06T16:18:38,37.9,217.9,233.6,0.7,12600.0,245.4
2018-08-06T16:19:09,37.9,214.4,231.3,0.7,12610.0,247.3
2018-08-06T16:19:40,37.9,202.0,238.4,0.7,12620.0,247.3
2018-08-06T16:20:11,37.8,216.2,234.8,0.8,12620.0,247.3
2018-08-06T16:20:42,37.8,213.8,223.0,0.8,12630.0,247.3
2018-08-06T16:21:14,37.8,214.4,240.7,0.7,12630.0,246.4
2018-08-06T16:21:45,37.9,222.7,227.1,0.7,12640.0,246.4
2018-08-06T16:22:16,37.9,218.5,232.4,0.6,12650.0,248.3
2018-08-06T16:22:47,37.8,227.4,230.7,0.6,12650.0,247.3
2018-08-06T16:23:18,37.8,213.8,240.7,0.7,12660.0,246.4
2018-08-06T16:23:49,37.8,213.8,233.6,0.6,12660.0,246.4
2018-08-06T16:24:20,37.8,209.7,239.5,0.7,12670.0,246.4
2018-08-06T16:24:51,37.8,203.7,228.9,0.5,12670.0,243.5
2018-08-06T16:25:22,37.8,202.0,220.6,0.6,12680.0,245.4
2018-08-06T16:25:54,37.8,187.2,221.8,0.6,12680.0,246.4
2018-08-06T16:26:25,37.8,208.5,239.0,0.5,12680.0,245.4
2018-08-06T16:26:56,37.8,229.2,233.0,0.5,12690.0,245.4
2018-08-06T16:27:27,37.8,213.8,224.8,0.5,12690.0,246.4
2018-08-06T16:27:58,37.8,217.3,221.8,0.5,12700.0,246.4
2018-08-06T16:28:29,37.8,195.5,241.3,0.6,12700.0,245.4
2018-08-06T16:29:00,37.8,215.0,232.4,0.6,12710.0,245.4
2018-08-06T16:29:31,37.8,221.5,221.8,0.6,12710.0,244.4
2018-08-06T16:30:02,37.8,220.3,234.8,0.6,12720.0,245.4
2018-08-06T16:30:33,37.7,215.0,227.1,0.7,12720.0,245.4
2018-08-06T16:31:05,37.7,225.6,223.0,0.6,12730.0,246.4
2018-08-06T16:31:36,37.7,228.6,224.2,0.6,12740.0,247.3
2018-08-06T16:32:07,37.7,225.6,229.5,0.6,12740.0,245.4
2018-08-06T16:32:38,37.7,213.2,227.7,0.6,12750.0,245.4
2018-08-06T16:33:09,37.8,203.2,234.8,0.6,12750.0,245.4
2018-08-06T16:33:40,37.7,203.7,239.0,0.7,12750.0,244.4
2018-08-06T16:34:11,37.7,213.2,235.4,0.4,12760.0,244.4
2018-08-06T16:34:42,37.7,202.0,225.9,0.4,12760.0,243.5
2018-08-06T16:35:13,37.7,199.0,218.8,0.3,12760.0,244.4
2018-08-06T16:35:44,37.7,196.1,223.6,0.3,12760.0,244.4
2018-08-06T16:36:16,37.6,202.6,207.0,0.3,12760.0,244.4
2018-08-06T16:36:47,37.6,191.3,227.7,0.3,12770.0,244.4
2018-08-06T16:37:18,37.6,171.3,213.5,0.3,12770.0,244.4
2018-08-06T16:37:49,37.5,176.0,204.1,0.3,12770.0,243.5
2018-08-06T16:38:20,37.5,198.4,225.9,0.3,12770.0,244.4
2018-08-06T16:38:51,37.5,196.1,213.5,0.2,12770.0,244.4
2018-08-06T16:39:22,37.5,176.6,220.0,0.3,12770.0,244.4
2018-08-06T16:39:53,37.4,189.6,206.4,0.2,12770.0,244.4
2018-08-06T16:40:24,37.4,199.0,217.1,0.2,12770.0,244.4
2018-08-06T16:40:55,37.2,177.8,220.6,0.2,12770.0,244.4
2018-08-06T16:41:27,37.2,189.0,211.7,0.2,12770.0,244.4
2018-08-06T16:41:58,37.2,191.9,214.7,0.2,12780.0,244.4
2018-08-06T16:42:29,37.1,170.1,211.2,0.2,12780.0,244.4
2018-08-06T16:43:00,37.1,178.3,221.2,0.1,12780.0,243.5
2018-08-06T16:43:31,37.0,197.8,201.1,0.1,12780.0,244.4
2018-08-06T16:44:02,37.0,188.4,195.8,0.1,12780.0,244.4
2018-08-06T16:44:33,37.0,167.1,216.5,0.1,12780.0,244.4
2018-08-06T16:45:04,36.9,150.0,220.6,0.1,12780.0,244.4
2018-08-06T16:45:35,36.9,170.7,199.9,0.1,12780.0,244.4
2018-08-06T16:46:06,36.8,193.7,178.6,0.1,12780.0,244.4
2018-08-06T16:46:37,36.8,194.3,164.4,0.1,12780.0,243.5
2018-08-06T16:47:08,36.8,172.4,187.5,0.1,12780.0,244.4
2018-08-06T16:47:39,36.8,152.4,207.6,0.2,12780.0,244.4
2018-08-06T16:48:10,36.7,131.1,228.9,0.2,12780.0,244.4
2018-08-06T16:48:41,36.7,136.4,208.8,0.2,12780.0,244.4
2018-08-06T16:49:12,36.7,156.5,187.5,0.1,12780.0,243.5
2018-08-06T16:49:43,36.5,178.9,192.2,0.1,12780.0,243.5
2018-08-06T16:50:15,36.5,199.0,213.5,0.1,12780.0,242.5
2018-08-06T16:50:46,36.4,196.1,204.1,0.1,12780.0,243.5
2018-08-06T16:51:18,36.4,175.4,218.8,0.1,12780.0,244.4
2018-08-06T16:51:49,36.4,154.7,210.6,0.1,12780.0,244.4
2018-08-06T16:52:20,36.4,159.4,190.4,0.1,12780.0,243.5
2018-08-06T16:52:51,36.3,180.1,182.8,0.1,12780.0,243.5
2018-08-06T16:53:22,36.3,201.4,202.3,0.0,12780.0,244.4
2018-08-06T16:53:53,36.2,193.1,223.0,0.1,12780.0,244.4
2018-08-06T16:54:24,36.2,172.4,213.5,0.1,12780.0,244.4
2018-08-06T16:54:55,36.2,151.8,194.0,0.1,12790.0,243.5
2018-08-06T16:55:26,36.1,131.1,171.5,0.1,12790.0,244.4
2018-08-06T16:55:57,36.1,152.9,151.4,0.1,12790.0,243.5
2018-08-06T16:56:29,36.0,171.9,173.3,0.1,12790.0,242.5
2018-08-06T16:57:00,36.0,192.5,193.4,0.0,12790.0,243.5
2018-08-06T16:57:31,36.0,189.6,217.1,0.1,12790.0,243.5
2018-08-06T16:58:02,35.9,168.3,204.6,0.0,12790.0,243.5
2018-08-06T16:58:33,35.9,147.6,186.9,0.0,12790.0,242.5
2018-08-06T16:59:04,35.7,155.9,164.4,0.1,12790.0,243.5
2018-08-06T16:59:35,35.7,177.2,178.0,0.0,12790.0,243.5
2018-08-06T17:00:06,35.7,197.8,199.3,0.0,12790.0,243.5
2018-08-06T17:00:37,35.6,197.3,217.1,0.0,12790.0,243.5
2018-08-06T17:01:08,35.6,177.2,204.6,0.0,12790.0,241.5
2018-08-06T17:01:39,35.5,159.4,180.4,0.0,12790.0,241.5
2018-08-06T17:02:10,35.5,137.0,159.7,0.0,12790.0,241.5
2018-08-06T17:02:41,35.5,116.9,140.8,0.0,12790.0,242.5
2018-08-06T17:03:12,35.4,140.0,120.6,0.0,12790.0,241.5
2018-08-06T17:03:43,35.3,159.4,127.1,0.0,12790.0,241.5
2018-08-06T17:04:14,35.3,178.9,146.1,0.0,12790.0,241.5
2018-08-06T17:04:45,35.2,194.3,169.1,0.0,12790.0,242.5
2018-08-06T17:05:16,35.2,193.7,186.3,0.0,12790.0,243.5
2018-08-06T17:05:48,35.2,167.7,207.0,0.0,12790.0,243.5
2018-08-06T17:06:19,35.0,148.8,226.5,0.0,12790.0,242.5
2018-08-06T17:06:50,34.9,191.9,225.4,0.0,12790.0,241.5
2018-08-06T17:07:21,34.9,190.8,212.9,0.0,12790.0,241.5
2018-08-06T17:07:52,34.9,189.6,210.6,0.0,12790.0,242.5
2018-08-06T17:08:23,34.8,187.8,207.6,0.0,12790.0,241.5
2018-08-06T17:08:54,34.8,187.2,204.6,0.0,12790.0,241.5
2018-08-06T17:09:25,34.8,186.0,201.1,0.0,12790.0,241.5
2018-08-06T17:09:56,34.7,184.3,194.6,0.0,12790.0,239.6
2018-08-06T17:10:27,34.7,176.0,189.9,0.0,12790.0,241.5
2018-08-06T17:10:59,34.7,91.5,181.6,0.0,12790.0,240.6
2018-08-06T17:11:30,34.6,165.4,165.6,0.0,12790.0,240.6
2018-08-06T17:12:01,34.6,155.3,155.5,0.0,12790.0,241.5
2018-08-06T17:12:32,34.6,146.4,146.7,0.0,12790.0,242.5
2018-08-06T17:13:03,34.5,144.1,144.3,0.0,12790.0,241.5
2018-08-06T17:13:34,34.4,148.8,149.0,0.0,12790.0,240.6
2018-08-06T17:14:05,34.4,159.4,159.7,0.0,12790.0,241.5
2018-08-06T17:14:36,34.4,157.7,172.7,0.0,12790.0,241.5
2018-08-06T17:15:07,34.2,111.6,181.0,0.1,12790.0,240.6
2018-08-06T17:15:39,34.2,178.3,181.6,0.0,12790.0,240.6
2018-08-06T17:16:10,34.1,178.3,185.1,0.0,12790.0,241.5
2018-08-06T17:16:41,34.1,171.3,181.6,0.0,12790.0,242.5
2018-08-06T17:17:12,34.1,85.6,176.2,0.0,12790.0,243.5
2018-08-06T17:17:43,34.0,155.9,156.1,0.0,12790.0,242.5
2018-08-06T17:18:14,34.0,124.6,124.8,0.0,12790.0,243.5
