2018-08-09T06:55:29,4.5,189.6,239.0,0.2,0.0,242.5
2018-08-09T06:56:01,4.5,210.8,215.3,0.2,10.0,242.5
2018-08-09T06:56:32,4.8,228.0,195.2,0.2,10.0,241.5
2018-08-09T06:57:03,4.8,206.1,207.6,0.2,10.0,241.5
2018-08-09T06:57:34,4.8,186.0,230.1,0.2,10.0,241.5
2018-08-09T06:58:05,4.8,173.0,249.0,0.2,10.0,240.6
2018-08-09T06:58:36,4.8,194.3,249.0,0.2,10.0,240.6
2018-08-09T06:59:07,4.8,216.2,227.7,0.2,10.0,239.6
2018-08-09T06:59:38,4.8,228.0,208.2,0.2,10.0,240.6
2018-08-09T07:00:09,4.8,204.3,186.9,0.2,10.0,240.6
2018-08-09T07:00:40,4.8,183.7,186.9,0.2,10.0,240.6
2018-08-09T07:01:11,4.8,161.8,209.4,0.2,10.0,241.5
2018-08-09T07:01:42,5.2,185.4,230.1,0.2,10.0,242.5
2018-08-09T07:02:13,5.2,206.7,251.4,0.2,10.0,242.5
2018-08-09T07:02:44,5.2,227.4,243.1,0.2,10.0,242.5
2018-08-09T07:03:15,5.2,209.1,223.0,0.2,10.0,240.6
2018-08-09T07:03:46,5.2,188.4,202.3,0.2,10.0,241.5
2018-08-09T07:04:17,5.2,167.7,194.6,0.2,10.0,240.6
2018-08-09T07:04:48,5.2,191.3,215.9,0.3,10.0,242.5
2018-08-09T07:05:19,5.2,213.2,238.4,0.2,10.0,243.5
2018-08-09T07:05:51,5.6,220.9,258.5,0.2,10.0,242.5
2018-08-09T07:06:22,5.6,199.0,241.3,0.3,20.0,243.5
2018-08-09T07:06:53,5.6,178.3,221.2,0.3,20.0,242.5
2018-08-09T07:07:24,5.6,191.9,201.1,0.2,20.0,242.5
2018-08-09T07:07:55,5.6,213.2,179.8,0.3,20.0,242.5
2018-08-09T07:08:26,5.6,230.3,197.0,0.2,20.0,242.5
2018-08-09T07:08:57,5.6,206.7,220.0,0.3,20.0,241.5
2018-08-09T07:09:28,5.6,199.6,240.1,0.3,20.0,241.5
2018-08-09T07:09:59,5.6,219.7,260.8,0.3,20.0,241.5
2018-08-09T07:10:30,5.6,210.8,236.6,0.3,20.0,241.5
2018-08-09T07:11:02,5.9,190.2,216.5,0.3,20.0,241.5
2018-08-09T07:11:33,5.9,206.1,197.5,0.3,20.0,241.5
2018-08-09T07:12:04,5.9,226.8,197.5,0.3,20.0,242.5
2018-08-09T07:12:35,5.9,207.9,218.8,0.3,20.0,243.5
2018-08-09T07:13:06,5.9,187.8,240.1,0.3,20.0,243.5
2018-08-09T07:13:37,5.9,196.7,256.7,0.3,20.0,242.5
2018-08-09T07:14:08,5.9,216.7,235.4,0.3,20.0,243.5
2018-08-09T07:14:39,5.9,223.8,215.3,0.3,30.0,243.5
2018-08-09T07:15:10,5.9,220.3,212.9,0.3,30.0,243.5
2018-08-09T07:15:41,6.3,204.9,235.4,0.3,30.0,244.4
2018-08-09T07:16:13,5.9,208.5,251.4,0.3,30.0,242.5
2018-08-09T07:16:44,5.9,228.0,252.0,0.3,30.0,244.4
2018-08-09T07:17:15,6.3,207.3,230.1,0.3,30.0,244.4
2018-08-09T07:17:46,6.3,186.6,209.4,0.3,30.0,243.5
2018-08-09T07:18:17,6.3,206.7,193.4,0.3,30.0,243.5
2018-08-09T07:18:48,6.3,227.4,214.1,0.3,30.0,244.4
2018-08-09T07:19:19,6.3,213.2,236.0,0.3,30.0,245.4
2018-08-09T07:19:50,6.3,192.5,256.7,0.3,30.0,244.4
2018-08-09T07:20:21,6.3,186.6,241.9,0.4,30.0,244.4
2018-08-09T07:20:52,6.7,210.2,220.6,0.4,30.0,244.4
2018-08-09T07:21:24,6.7,228.0,204.6,0.3,40.0,245.4
2018-08-09T07:21:55,6.7,206.1,225.9,0.4,40.0,245.4
2018-08-09T07:22:26,6.7,189.6,246.1,0.4,40.0,244.4
2018-08-09T07:23:20,6.7,226.8,239.5,0.3,40.0,245.4
2018-08-09T07:23:51,6.7,215.0,218.3,0.4,40.0,245.4
2018-08-09T07:24:23,6.7,194.9,198.1,0.4,40.0,245.4
2018-08-09T07:24:54,6.7,212.0,222.4,0.4,40.0,243.5
2018-08-09T07:25:25,6.7,223.2,243.7,0.4,40.0,245.4
2018-08-09T07:25:56,6.7,202.6,260.8,0.4,40.0,243.5
2018-08-09T07:26:27,6.7,181.9,238.4,0.4,40.0,244.4
2018-08-09T07:26:58,7.0,194.3,217.7,0.4,40.0,244.4
2018-08-09T07:27:29,7.0,217.3,220.0,0.4,50.0,244.4
2018-08-09T07:28:00,7.0,230.3,241.3,0.3,50.0,244.4
2018-08-09T07:28:31,7.0,206.7,262.0,0.4,50.0,245.4
2018-08-09T07:29:02,7.0,192.5,240.7,0.5,50.0,246.4
2018-08-09T07:29:33,7.0,213.8,220.6,0.4,50.0,245.4
2018-08-09T07:30:04,7.4,228.0,212.3,0.4,50.0,245.4
2018-08-09T07:30:36,7.4,204.9,235.4,0.4,50.0,244.4
2018-08-09T07:31:07,7.4,190.8,256.1,0.5,50.0,245.4
2018-08-09T07:31:38,7.4,194.9,253.7,0.5,50.0,245.4
2018-08-09T07:32:09,7.4,206.7,234.8,0.4,60.0,245.4
2018-08-09T07:32:40,7.4,227.4,213.5,0.4,60.0,244.4
2018-08-09T07:33:11,7.4,215.6,225.4,0.5,60.0,244.4
2018-08-09T07:33:42,7.4,220.9,246.6,0.4,60.0,244.4
2018-08-09T07:34:13,7.4,199.6,265.0,0.5,60.0,244.4
2018-08-09T07:34:44,7.4,216.7,246.6,0.5,60.0,243.5
2018-08-09T07:35:15,7.8,230.9,225.4,0.4,60.0,241.5
2018-08-09T07:35:47,7.8,206.7,223.6,0.5,70.0,241.5
2018-08-09T07:36:18,7.8,217.3,245.5,0.5,70.0,239.6
2018-08-09T07:36:49,7.8,223.2,266.2,0.5,70.0,241.5
2018-08-09T07:37:20,7.8,202.0,244.3,0.5,70.0,241.5
2018-08-09T07:37:51,7.8,209.7,225.4,0.5,70.0,242.5
2018-08-09T07:38:22,7.8,231.5,239.5,0.5,70.0,242.5
2018-08-09T07:38:53,7.8,209.1,260.8,0.5,70.0,241.5
2018-08-09T07:39:24,8.1,206.1,250.8,0.6,80.0,242.5
2018-08-09T07:39:55,8.1,228.0,230.1,0.5,80.0,241.5
2018-08-09T07:40:26,8.1,212.0,236.0,0.6,80.0,241.5
2018-08-09T07:40:58,8.1,205.5,258.5,0.6,80.0,242.5
2018-08-09T07:41:29,8.1,228.6,253.2,0.5,80.0,242.5
2018-08-09T07:42:00,8.1,212.6,233.0,0.6,80.0,242.5
2018-08-09T07:42:31,8.1,211.4,235.4,0.6,90.0,243.5
2018-08-09T07:43:26,8.5,212.6,260.3,0.6,90.0,242.5
2018-08-09T07:43:57,8.5,208.5,239.0,0.6,90.0,242.5
2018-08-09T07:44:28,8.5,230.3,237.8,0.6,90.0,242.5
2018-08-09T07:44:59,8.5,209.1,259.1,0.7,100.0,241.5
2018-08-09T07:45:30,8.5,220.3,256.1,0.6,100.0,242.5
2018-08-09T07:46:01,8.9,217.3,235.4,0.6,100.0,243.5
2018-08-09T07:46:32,8.9,212.6,225.9,0.7,100.0,242.5
2018-08-09T07:47:03,8.9,231.5,245.5,0.6,100.0,242.5
2018-08-09T07:47:34,8.9,211.4,265.6,0.7,110.0,243.5
2018-08-09T07:48:05,8.9,225.0,246.6,0.7,110.0,243.5
2018-08-09T07:48:36,9.2,216.7,225.4,0.7,110.0,243.5
2018-08-09T07:49:07,9.2,217.3,241.3,0.7,110.0,244.4
2018-08-09T07:49:38,9.2,225.6,263.8,0.7,120.0,245.4
2018-08-09T07:50:09,9.2,217.3,249.0,0.7,120.0,244.4
2018-08-09T07:50:41,9.2,224.4,233.0,0.8,120.0,243.5
2018-08-09T07:51:12,9.6,206.1,254.9,0.7,120.0,244.4
2018-08-09T07:52:07,9.6,217.3,241.3,0.9,130.0,243.5
2018-08-09T07:52:38,9.6,201.4,231.3,0.9,130.0,243.5
2018-08-09T07:53:09,10.0,211.4,253.2,0.8,130.0,243.5
2018-08-09T07:53:40,10.0,231.5,257.9,0.7,130.0,244.4
2018-08-09T07:54:11,10.0,208.5,236.6,0.8,140.0,246.4
2018-08-09T07:54:42,10.0,227.4,247.8,0.8,140.0,245.4
2018-08-09T07:55:13,10.0,220.3,267.4,0.9,140.0,245.4
2018-08-09T07:55:45,10.3,218.5,244.9,0.9,150.0,246.4
2018-08-09T07:56:16,10.3,228.0,224.2,0.9,150.0,246.4
2018-08-09T07:56:47,10.3,212.6,247.2,0.9,150.0,248.3
2018-08-09T07:57:18,10.3,215.6,268.5,0.9,150.0,246.4
2018-08-09T07:57:49,10.3,226.2,246.1,0.8,160.0,245.4
2018-08-09T07:58:20,10.3,222.7,234.8,1.0,160.0,248.3
2018-08-09T07:58:51,10.7,216.7,254.3,1.0,160.0,248.3
2018-08-09T07:59:22,10.7,229.7,256.7,0.9,170.0,248.3
2018-08-09T07:59:53,10.7,215.6,236.0,0.9,170.0,247.3
2018-08-09T08:00:24,10.7,227.4,236.0,0.9,170.0,246.4
2018-08-09T08:00:55,10.7,209.1,242.5,1.0,180.0,246.4
2018-08-09T08:01:27,10.7,216.2,245.5,1.0,180.0,247.3
2018-08-09T08:01:58,10.7,222.7,245.5,0.9,180.0,247.3
2018-08-09T08:02:29,10.7,218.5,239.0,1.0,190.0,246.4
2018-08-09T08:03:00,11.1,221.5,242.5,1.0,190.0,249.3
2018-08-09T08:03:31,11.1,215.0,243.7,1.1,190.0,248.3
2018-08-09T08:04:02,11.1,225.6,243.7,1.1,200.0,249.3
2018-08-09T08:04:33,11.1,210.2,243.1,1.1,200.0,248.3
2018-08-09T08:05:04,11.1,229.7,246.1,1.0,200.0,249.3
2018-08-09T08:05:35,11.4,223.2,237.8,1.0,210.0,250.2
2018-08-09T08:06:07,11.4,216.7,251.4,1.1,210.0,250.2
2018-08-09T08:06:38,11.4,228.6,234.8,1.1,220.0,249.3
2018-08-09T08:07:09,11.4,214.4,255.5,1.1,220.0,248.3
2018-08-09T08:07:40,11.4,224.4,270.9,1.1,220.0,249.3
2018-08-09T08:08:11,11.8,216.2,263.2,1.2,230.0,249.3
2018-08-09T08:08:42,11.8,220.9,254.3,1.2,230.0,247.3
2018-08-09T08:09:13,11.8,227.4,234.2,1.2,240.0,248.3
2018-08-09T08:09:44,12.1,215.6,249.6,1.3,240.0,248.3
2018-08-09T08:10:15,12.1,218.5,244.9,1.3,240.0,248.3
2018-08-09T08:10:47,12.1,229.7,249.6,1.1,250.0,248.3
2018-08-09T08:11:18,12.1,220.9,233.0,1.2,250.0,247.3
2018-08-09T08:11:49,12.5,216.2,244.9,1.2,260.0,247.3
2018-08-09T08:12:20,12.5,220.3,239.5,1.3,260.0,247.3
2018-08-09T08:12:51,12.5,227.4,244.9,1.2,270.0,247.3
2018-08-09T08:13:22,12.9,227.4,249.0,1.3,270.0,247.3
2018-08-09T08:13:53,12.9,223.8,230.7,1.2,270.0,247.3
2018-08-09T08:14:24,12.9,212.6,247.2,1.3,280.0,247.3
2018-08-09T08:14:55,12.9,223.8,234.8,1.3,280.0,247.3
2018-08-09T08:15:26,12.9,229.2,254.9,1.3,290.0,249.3
2018-08-09T08:15:57,12.9,213.8,256.7,1.4,290.0,246.4
2018-08-09T08:16:29,13.2,225.6,261.4,1.4,300.0,246.4
2018-08-09T08:17:00,13.2,212.6,250.8,1.4,300.0,247.3
2018-08-09T08:17:31,12.9,224.4,242.5,1.3,310.0,246.4
2018-08-09T08:18:02,13.2,219.7,237.8,1.4,310.0,246.4
2018-08-09T08:18:33,13.2,228.6,256.1,1.4,320.0,246.4
2018-08-09T08:19:04,13.2,222.7,255.5,1.5,320.0,246.4
2018-08-09T08:19:35,13.2,228.6,243.1,1.5,330.0,247.3
2018-08-09T08:20:06,12.9,224.4,262.0,1.5,330.0,245.4
2018-08-09T08:20:37,13.2,222.7,255.5,1.6,340.0,248.3
2018-08-09T08:21:09,13.6,216.7,253.7,1.6,340.0,247.3
2018-08-09T08:21:40,13.6,221.5,234.2,1.5,350.0,248.3
2018-08-09T08:22:11,14.0,228.0,253.7,1.5,350.0,247.3
2018-08-09T08:22:42,14.0,225.6,251.4,1.5,360.0,246.4
2018-08-09T08:23:13,14.0,227.4,255.5,1.4,370.0,248.3
2018-08-09T08:23:44,14.0,222.7,264.4,1.5,370.0,248.3
2018-08-09T08:24:15,14.0,220.3,256.7,1.7,380.0,249.3
2018-08-09T08:24:46,14.0,220.9,258.5,1.6,380.0,249.3
2018-08-09T08:25:17,14.0,218.5,260.3,1.6,390.0,250.2
2018-08-09T08:25:48,14.0,219.1,255.5,1.6,390.0,249.3
2018-08-09T08:26:20,14.0,228.6,253.2,1.6,400.0,249.3
2018-08-09T08:26:51,14.0,225.0,250.2,1.7,410.0,249.3
2018-08-09T08:27:22,14.3,224.4,254.3,1.6,410.0,248.3
2018-08-09T08:27:53,14.3,218.5,260.3,1.6,420.0,248.3
2018-08-09T08:28:24,14.3,217.9,260.3,1.8,420.0,251.2
2018-08-09T08:29:19,14.3,226.8,250.2,1.8,440.0,249.3
2018-08-09T08:29:50,14.3,224.4,255.5,1.7,440.0,249.3
2018-08-09T08:30:44,14.3,225.6,251.4,1.9,450.0,250.2
2018-08-09T08:31:16,14.7,213.8,258.5,1.9,460.0,250.2
2018-08-09T08:32:11,14.7,225.0,257.9,1.8,470.0,249.3
2018-08-09T08:33:06,15.1,215.6,252.6,1.9,480.0,249.3
2018-08-09T08:33:37,15.1,218.5,245.5,1.9,490.0,249.3
2018-08-09T08:34:08,15.4,221.5,250.8,1.9,500.0,250.2
2018-08-09T08:34:39,15.4,223.8,249.0,1.9,500.0,250.2
2018-08-09T08:35:10,15.4,223.8,253.7,2.0,510.0,248.3
2018-08-09T08:35:41,15.8,225.0,254.9,1.9,520.0,249.3
2018-08-09T08:36:13,15.8,217.3,251.4,2.0,530.0,250.2
2018-08-09T08:36:44,16.2,219.1,249.0,1.9,530.0,249.3
2018-08-09T08:37:15,16.2,222.7,246.6,2.0,540.0,249.3
2018-08-09T08:37:46,16.5,225.0,243.1,2.0,550.0,249.3
2018-08-09T08:38:17,16.5,224.4,254.3,2.1,550.0,249.3
2018-08-09T08:38:48,16.5,225.6,252.0,2.0,560.0,250.2
2018-08-09T08:39:19,16.5,220.3,241.9,2.0,570.0,249.3
2018-08-09T08:39:50,16.5,219.7,255.5,2.1,580.0,249.3
2018-08-09T08:40:21,16.9,223.8,248.4,2.1,580.0,249.3
2018-08-09T08:40:52,16.9,219.7,249.0,2.2,590.0,248.3
2018-08-09T08:41:24,16.9,219.1,254.9,2.2,600.0,248.3
2018-08-09T08:41:55,17.3,221.5,249.0,2.2,610.0,249.3
2018-08-09T08:42:26,17.3,218.5,246.1,2.2,610.0,250.2
2018-08-09T08:42:57,17.3,222.7,249.6,2.2,620.0,250.2
2018-08-09T08:43:28,17.6,219.1,253.2,2.3,630.0,250.2
2018-08-09T08:43:59,17.6,216.7,245.5,2.3,640.0,249.3
2018-08-09T08:44:30,17.6,222.7,246.1,2.2,650.0,251.2
2018-08-09T08:45:01,18.0,221.5,253.7,2.2,650.0,251.2
2018-08-09T08:45:32,18.0,220.3,252.0,2.2,660.0,251.2
2018-08-09T08:46:03,18.0,218.5,240.7,2.3,670.0,251.2
2018-08-09T08:46:34,18.4,215.6,251.4,2.3,680.0,252.2
2018-08-09T08:47:05,18.4,224.4,250.2,2.2,690.0,251.2
2018-08-09T08:47:36,18.4,223.2,245.5,2.4,700.0,251.2
2018-08-09T08:48:07,18.7,219.7,253.7,2.4,700.0,251.2
2018-08-09T08:48:38,18.7,220.9,244.9,2.3,710.0,250.2
2018-08-09T08:49:09,19.1,220.3,244.9,2.3,720.0,251.2
2018-08-09T08:49:40,18.7,223.2,252.0,2.3,730.0,249.3
2018-08-09T08:50:11,19.1,210.8,251.4,2.4,740.0,249.3
2018-08-09T08:50:43,19.1,221.5,244.3,2.4,750.0,249.3
2018-08-09T08:51:14,18.7,215.0,253.2,2.5,760.0,249.3
2018-08-09T08:51:45,18.7,215.6,248.4,2.4,770.0,249.3
2018-08-09T08:52:16,18.7,216.2,245.5,2.5,770.0,249.3
2018-08-09T08:52:47,18.7,222.1,244.3,2.5,780.0,248.3
2018-08-09T08:53:18,18.7,216.7,244.3,2.6,790.0,249.3
2018-08-09T08:53:49,18.7,218.5,241.9,2.5,800.0,248.3
2018-08-09T08:54:20,18.7,221.5,249.0,2.6,810.0,249.3
2018-08-09T08:54:51,18.7,219.7,245.5,2.7,820.0,249.3
2018-08-09T08:55:22,19.1,216.2,242.5,2.7,830.0,249.3
2018-08-09T08:55:54,19.5,218.5,244.9,2.6,840.0,250.2
2018-08-09T08:56:25,19.5,222.1,249.0,2.6,850.0,249.3
2018-08-09T08:56:56,19.5,215.6,241.9,2.6,860.0,249.3
2018-08-09T08:57:27,19.8,216.7,244.3,2.7,870.0,249.3
2018-08-09T08:57:58,19.8,220.9,243.7,2.6,880.0,249.3
2018-08-09T08:58:29,19.8,219.7,249.0,2.7,890.0,249.3
2018-08-09T08:59:00,19.8,222.7,247.8,2.6,900.0,247.3
2018-08-09T08:59:31,20.2,222.7,250.8,2.7,910.0,247.3
2018-08-09T09:00:02,20.2,215.0,241.3,2.7,920.0,248.3
2018-08-09T09:00:34,20.6,220.3,242.5,2.8,930.0,247.3
2018-08-09T09:01:05,20.6,223.2,241.3,2.6,940.0,247.3
2018-08-09T09:01:36,20.9,222.1,244.3,2.8,950.0,247.3
2018-08-09T09:02:07,20.9,219.7,247.2,2.8,960.0,248.3
2018-08-09T09:02:38,20.9,221.5,247.8,2.7,970.0,248.3
2018-08-09T09:03:09,20.9,216.7,246.1,2.9,980.0,247.3
2018-08-09T09:03:40,20.9,212.6,244.9,2.9,990.0,247.3
2018-08-09T09:04:11,20.9,215.6,241.9,2.8,1000.0,247.3
2018-08-09T09:04:42,20.9,220.3,250.2,3.0,1010.0,247.3
2018-08-09T09:05:13,20.9,218.5,247.2,2.9,1020.0,248.3
2018-08-09T09:05:45,20.9,212.6,239.5,3.0,1030.0,248.3
2018-08-09T09:06:16,21.3,222.1,238.4,2.9,1040.0,249.3
2018-08-09T09:06:47,21.3,217.3,244.9,3.0,1050.0,248.3
2018-08-09T09:07:18,21.3,219.7,250.2,2.9,1060.0,249.3
2018-08-09T09:07:49,21.3,216.7,240.1,3.0,1070.0,250.2
2018-08-09T09:08:20,20.9,218.5,250.2,3.1,1080.0,248.3
2018-08-09T09:08:51,20.9,216.7,248.4,3.1,1090.0,249.3
2018-08-09T09:09:22,21.3,215.6,246.1,3.0,1100.0,249.3
2018-08-09T09:09:53,21.3,220.3,239.0,3.1,1120.0,250.2
2018-08-09T09:10:24,21.3,215.0,236.6,3.2,1130.0,249.3
2018-08-09T09:10:56,21.3,217.3,246.6,3.2,1140.0,249.3
2018-08-09T09:11:27,21.3,215.0,247.2,3.2,1150.0,249.3
2018-08-09T09:11:58,21.3,217.9,238.4,3.1,1160.0,249.3
2018-08-09T09:12:29,21.7,216.7,237.2,3.2,1170.0,248.3
2018-08-09T09:13:00,21.7,220.3,241.3,3.2,1180.0,248.3
2018-08-09T09:13:31,21.3,216.2,238.4,3.1,1190.0,246.4
2018-08-09T09:14:02,21.3,219.1,241.9,3.2,1210.0,248.3
2018-08-09T09:14:33,20.9,213.8,248.4,3.3,1220.0,247.3
2018-08-09T09:15:04,21.3,217.3,241.3,3.2,1230.0,247.3
2018-08-09T09:15:36,21.3,217.3,235.4,3.2,1240.0,248.3
2018-08-09T09:16:07,21.3,212.6,243.1,3.3,1250.0,246.4
2018-08-09T09:16:38,21.7,219.7,248.4,3.2,1260.0,247.3
2018-08-09T09:17:09,21.7,218.5,237.2,3.3,1280.0,248.3
2018-08-09T09:17:40,22.0,219.1,245.5,3.4,1290.0,248.3
2018-08-09T09:18:11,22.0,216.7,242.5,3.3,1300.0,247.3
2018-08-09T09:18:42,22.4,217.3,244.3,3.3,1310.0,249.3
2018-08-09T09:19:13,22.8,210.8,244.9,3.4,1320.0,248.3
2018-08-09T09:19:44,23.1,217.9,246.1,3.5,1340.0,248.3
2018-08-09T09:20:15,23.1,215.0,240.7,3.5,1350.0,248.3
2018-08-09T09:20:47,23.5,218.5,247.2,3.4,1360.0,248.3
2018-08-09T09:21:18,23.5,216.7,245.5,3.5,1370.0,248.3
2018-08-09T09:21:49,23.9,215.6,245.5,3.5,1390.0,249.3
2018-08-09T09:22:20,24.2,219.7,232.4,3.4,1400.0,248.3
2018-08-09T09:22:51,24.2,215.0,233.6,3.5,1410.0,248.3
2018-08-09T09:23:22,24.2,214.4,237.2,3.6,1420.0,247.3
2018-08-09T09:23:53,24.2,217.9,246.6,3.5,1430.0,246.4
2018-08-09T09:24:24,23.9,213.8,240.1,3.6,1450.0,246.4
2018-08-09T09:24:55,23.9,216.7,232.4,3.6,1460.0,247.3
2018-08-09T09:25:26,24.2,215.6,241.3,3.7,1470.0,248.3
2018-08-09T09:25:57,24.2,215.6,244.9,3.6,1490.0,248.3
2018-08-09T09:26:29,24.2,217.3,240.1,3.5,1500.0,248.3
2018-08-09T09:27:00,24.2,213.8,231.9,3.6,1510.0,247.3
2018-08-09T09:27:31,24.2,215.0,240.1,3.7,1520.0,247.3
2018-08-09T09:28:02,24.6,215.0,244.9,3.6,1540.0,247.3
2018-08-09T09:28:33,24.6,215.0,244.3,3.7,1550.0,247.3
2018-08-09T09:29:04,24.6,215.0,237.8,3.7,1560.0,247.3
2018-08-09T09:29:35,25.0,212.6,231.9,3.7,1580.0,245.4
2018-08-09T09:30:06,25.0,212.6,237.2,3.7,1590.0,246.4
2018-08-09T09:30:37,25.0,210.2,244.9,3.8,1600.0,246.4
2018-08-09T09:31:09,25.3,212.0,241.3,3.8,1620.0,249.3
2018-08-09T09:31:40,25.0,217.9,231.9,3.6,1630.0,248.3
2018-08-09T09:32:11,25.0,212.6,235.4,3.8,1640.0,248.3
2018-08-09T09:32:42,25.0,212.6,245.5,3.9,1660.0,248.3
2018-08-09T09:33:13,25.3,215.0,235.4,3.7,1670.0,250.2
2018-08-09T09:33:44,25.3,211.4,232.4,3.9,1680.0,249.3
2018-08-09T09:34:15,25.7,213.8,241.3,3.9,1700.0,248.3
2018-08-09T09:34:46,25.7,217.3,244.3,3.7,1710.0,249.3
2018-08-09T09:35:17,25.7,210.8,239.5,3.9,1720.0,249.3
2018-08-09T09:35:48,25.7,216.7,243.1,3.8,1740.0,247.3
2018-08-09T09:36:20,25.7,213.8,241.9,3.9,1750.0,249.3
2018-08-09T09:36:51,25.7,213.2,234.2,3.9,1770.0,249.3
2018-08-09T09:37:22,26.1,215.0,233.0,4.0,1780.0,249.3
2018-08-09T09:37:53,26.4,215.6,239.0,4.0,1790.0,249.3
2018-08-09T09:38:24,26.4,217.3,231.3,3.8,1810.0,249.3
2018-08-09T09:38:55,26.8,215.6,241.3,3.9,1820.0,249.3
2018-08-09T09:39:26,26.8,213.2,236.0,4.0,1840.0,249.3
2018-08-09T09:39:57,27.2,213.8,236.0,4.0,1850.0,249.3
2018-08-09T09:40:28,27.2,210.2,245.5,4.0,1870.0,249.3
2018-08-09T09:40:59,27.5,211.4,241.3,4.1,1880.0,248.3
2018-08-09T09:41:30,27.9,212.6,239.0,4.0,1890.0,250.2
2018-08-09T09:42:01,27.9,215.0,242.5,4.1,1910.0,250.2
2018-08-09T09:42:32,28.3,210.2,236.6,4.1,1920.0,249.3
2018-08-09T09:43:03,28.3,217.3,233.0,4.1,1940.0,250.2
2018-08-09T09:43:34,28.3,213.8,241.3,4.2,1950.0,249.3
2018-08-09T09:44:05,28.6,209.1,243.1,4.1,1970.0,249.3
2018-08-09T09:44:36,28.6,210.8,235.4,4.1,1980.0,248.3
2018-08-09T09:45:07,29.0,209.1,239.5,4.2,2000.0,249.3
2018-08-09T09:45:39,29.0,209.7,236.6,4.3,2010.0,249.3
2018-08-09T09:46:10,29.0,210.2,230.7,4.3,2030.0,249.3
2018-08-09T09:46:41,29.0,212.6,237.8,4.3,2040.0,250.2
2018-08-09T09:47:12,29.0,212.6,240.7,4.3,2060.0,248.3
2018-08-09T09:47:43,29.0,207.9,232.4,4.2,2070.0,249.3
2018-08-09T09:48:14,29.4,213.8,230.1,4.3,2090.0,250.2
2018-08-09T09:48:45,29.4,208.5,235.4,4.4,2100.0,248.3
2018-08-09T09:49:16,29.4,213.8,236.0,4.3,2120.0,246.4
2018-08-09T09:49:47,29.7,215.0,239.5,4.3,2130.0,248.3
2018-08-09T09:50:18,29.7,210.2,232.4,4.3,2150.0,248.3
2018-08-09T09:50:50,29.7,215.0,231.3,4.2,2160.0,246.4
2018-08-09T09:51:21,29.4,212.6,236.0,4.4,2180.0,248.3
2018-08-09T09:51:52,29.4,213.8,237.2,4.2,2190.0,248.3
2018-08-09T09:52:23,29.4,215.0,241.3,4.3,2210.0,248.3
2018-08-09T09:52:54,29.7,207.9,239.5,4.4,2220.0,248.3
2018-08-09T09:53:25,29.7,213.8,234.2,4.4,2240.0,248.3
2018-08-09T09:53:56,30.1,207.9,241.9,4.5,2260.0,248.3
2018-08-09T09:54:27,30.1,207.3,237.2,4.4,2270.0,248.3
2018-08-09T09:54:58,29.7,212.6,233.6,4.4,2290.0,247.3
2018-08-09T09:55:29,30.1,207.3,231.9,4.6,2300.0,247.3
2018-08-09T09:56:01,30.2,213.8,230.1,4.5,2320.0,248.3
2018-08-09T09:56:32,30.2,209.7,230.1,4.6,2330.0,248.3
2018-08-09T09:57:03,30.3,208.5,236.0,4.5,2350.0,248.3
2018-08-09T09:57:34,30.4,209.7,234.8,4.5,2370.0,248.3
2018-08-09T09:58:05,30.4,214.4,238.4,4.4,2380.0,248.3
2018-08-09T09:58:36,30.5,212.6,234.8,4.6,2400.0,249.3
2018-08-09T09:59:07,30.5,208.5,228.9,4.7,2410.0,248.3
2018-08-09T09:59:38,30.5,209.7,236.6,4.6,2430.0,249.3
2018-08-09T10:00:09,30.7,206.1,240.7,4.7,2450.0,250.2
2018-08-09T10:00:40,30.7,208.5,237.2,4.6,2460.0,249.3
2018-08-09T10:01:12,30.7,213.2,235.4,4.6,2480.0,248.3
2018-08-09T10:01:43,30.7,210.2,226.5,4.6,2500.0,249.3
2018-08-09T10:02:14,30.8,206.7,241.9,4.7,2510.0,249.3
2018-08-09T10:02:45,30.8,207.3,239.0,4.7,2530.0,249.3
2018-08-09T10:03:16,30.9,209.7,235.4,4.8,2540.0,248.3
2018-08-09T10:03:47,30.9,212.0,229.5,4.6,2560.0,251.2
2018-08-09T10:04:18,30.9,204.3,230.1,4.7,2580.0,250.2
2018-08-09T10:04:49,30.9,207.3,236.0,4.7,2590.0,249.3
2018-08-09T10:05:20,31.0,206.7,240.1,4.8,2610.0,248.3
2018-08-09T10:05:51,31.0,212.6,237.2,4.7,2630.0,249.3
2018-08-09T10:06:23,31.0,205.5,230.1,4.9,2640.0,249.3
2018-08-09T10:06:54,31.1,210.8,228.3,4.7,2660.0,250.2
2018-08-09T10:07:25,31.1,209.7,231.3,4.8,2680.0,249.3
2018-08-09T10:07:56,31.1,206.1,239.5,4.9,2690.0,248.3
2018-08-09T10:08:27,31.1,203.7,233.0,4.9,2710.0,249.3
2018-08-09T10:08:58,31.1,208.5,229.5,4.8,2730.0,249.3
2018-08-09T10:09:29,31.2,204.9,227.7,4.9,2740.0,249.3
2018-08-09T10:10:00,31.2,209.1,231.3,4.9,2760.0,249.3
2018-08-09T10:10:31,31.2,205.5,239.0,4.9,2780.0,250.2
2018-08-09T10:11:02,31.2,204.9,236.6,5.0,2800.0,251.2
2018-08-09T10:11:33,31.2,209.7,229.5,4.8,2810.0,250.2
2018-08-09T10:12:04,31.4,204.9,223.0,4.9,2830.0,249.3
2018-08-09T10:12:35,31.4,204.9,225.9,4.9,2850.0,250.2
2018-08-09T10:13:06,31.1,206.7,230.1,4.9,2860.0,250.2
2018-08-09T10:13:37,31.1,210.2,233.0,4.8,2880.0,251.2
2018-08-09T10:14:08,31.2,207.3,233.6,5.0,2900.0,251.2
2018-08-09T10:14:40,31.4,206.1,227.7,5.1,2910.0,249.3
2018-08-09T10:15:11,31.5,205.5,230.1,4.9,2930.0,249.3
2018-08-09T10:15:42,31.5,207.3,231.9,5.1,2950.0,249.3
2018-08-09T10:16:13,31.6,207.9,225.9,5.1,2970.0,249.3
2018-08-09T10:16:44,31.7,208.5,230.7,4.9,2980.0,249.3
2018-08-09T10:17:15,31.7,200.8,230.1,5.2,3000.0,250.2
2018-08-09T10:17:46,31.8,204.9,222.4,5.0,3020.0,250.2
2018-08-09T10:18:17,31.8,203.7,224.8,5.1,3040.0,249.3
2018-08-09T10:18:48,31.8,203.7,225.9,5.1,3050.0,250.2
2018-08-09T10:19:19,31.8,206.1,223.6,5.0,3070.0,250.2
2018-08-09T10:19:50,31.8,201.4,225.4,5.2,3090.0,250.2
2018-08-09T10:20:21,31.9,207.3,228.3,5.1,3110.0,250.2
2018-08-09T10:20:53,31.8,202.6,223.0,5.2,3120.0,250.2
2018-08-09T10:21:25,31.7,200.8,234.2,5.2,3140.0,250.2
2018-08-09T10:21:56,31.7,204.3,234.2,5.3,3160.0,250.2
2018-08-09T10:22:27,31.8,201.4,225.4,5.3,3180.0,251.2
2018-08-09T10:22:58,31.8,204.9,231.9,5.2,3190.0,251.2
2018-08-09T10:23:29,31.7,200.2,235.4,5.3,3210.0,251.2
2018-08-09T10:24:00,31.6,203.7,228.9,5.3,3230.0,250.2
2018-08-09T10:24:31,31.5,201.4,233.0,5.4,3250.0,250.2
2018-08-09T10:25:02,31.5,206.1,227.1,5.3,3270.0,250.2
2018-08-09T10:25:33,31.4,200.2,229.5,5.3,3280.0,250.2
2018-08-09T10:26:05,31.4,203.7,228.9,5.3,3300.0,251.2
2018-08-09T10:26:36,31.5,199.6,235.4,5.3,3320.0,250.2
2018-08-09T10:27:07,31.5,202.6,235.4,5.3,3340.0,251.2
2018-08-09T10:27:38,31.5,204.3,232.4,5.4,3360.0,250.2
2018-08-09T10:28:09,31.6,202.0,228.3,5.4,3370.0,249.3
2018-08-09T10:28:40,31.6,200.2,228.9,5.5,3390.0,248.3
2018-08-09T10:29:11,31.7,200.8,220.6,5.5,3410.0,249.3
2018-08-09T10:29:42,31.7,206.7,225.4,5.3,3430.0,249.3
2018-08-09T10:30:13,31.8,201.4,234.2,5.5,3450.0,249.3
2018-08-09T10:30:44,31.9,200.8,231.9,5.5,3460.0,247.3
2018-08-09T10:31:15,32.0,199.0,230.7,5.6,3480.0,249.3
2018-08-09T10:31:46,31.9,199.6,227.7,5.5,3500.0,248.3
2018-08-09T10:32:17,32.0,201.4,224.8,5.6,3520.0,248.3
2018-08-09T10:32:49,32.0,203.7,231.3,5.3,3540.0,248.3
2018-08-09T10:33:20,31.8,205.5,230.1,5.3,3560.0,248.3
2018-08-09T10:33:51,31.7,197.8,225.9,5.6,3580.0,246.4
2018-08-09T10:34:22,31.6,202.0,230.1,5.5,3590.0,247.3
2018-08-09T10:34:53,31.8,204.3,225.9,5.4,3610.0,247.3
2018-08-09T10:35:24,31.9,203.7,225.9,5.5,3630.0,248.3
2018-08-09T10:35:55,32.0,200.2,230.1,5.6,3650.0,248.3
2018-08-09T10:36:26,32.2,204.9,226.5,5.5,3670.0,248.3
2018-08-09T10:36:57,32.3,199.6,222.4,5.6,3690.0,250.2
2018-08-09T10:37:28,32.4,204.3,225.4,5.5,3710.0,248.3
2018-08-09T10:37:59,32.4,200.8,232.4,5.6,3720.0,248.3
2018-08-09T10:38:30,32.3,203.7,225.9,5.6,3740.0,249.3
2018-08-09T10:39:01,32.3,202.0,227.7,5.7,3760.0,249.3
2018-08-09T10:39:32,32.4,206.1,224.2,5.5,3780.0,249.3
2018-08-09T10:40:03,32.5,200.2,223.0,5.7,3800.0,248.3
2018-08-09T10:40:35,32.6,203.7,227.7,5.5,3820.0,249.3
2018-08-09T10:41:06,32.6,197.8,230.1,5.7,3840.0,250.2
2018-08-09T10:41:37,32.7,204.9,233.6,5.5,3860.0,249.3
2018-08-09T10:42:08,32.7,201.4,227.1,5.6,3880.0,249.3
2018-08-09T10:42:39,32.6,199.0,223.0,5.7,3900.0,250.2
2018-08-09T10:43:10,32.5,200.2,219.4,5.7,3910.0,250.2
2018-08-09T10:43:41,32.5,203.7,222.4,5.7,3930.0,249.3
2018-08-09T10:44:12,32.5,199.6,222.4,5.7,3950.0,249.3
2018-08-09T10:44:43,32.6,199.0,228.3,5.8,3970.0,250.2
2018-08-09T10:45:14,32.7,200.8,228.3,5.8,3990.0,248.3
2018-08-09T10:45:46,32.9,202.6,231.3,5.7,4010.0,251.2
2018-08-09T10:46:17,33.0,196.1,225.4,5.7,4030.0,249.3
2018-08-09T10:46:48,33.0,202.0,218.3,5.6,4050.0,249.3
2018-08-09T10:47:19,33.0,196.7,220.6,5.9,4070.0,249.3
2018-08-09T10:47:50,33.0,203.2,226.5,5.7,4090.0,251.2
2018-08-09T10:48:21,32.7,197.8,227.1,5.8,4110.0,248.3
2018-08-09T10:48:52,32.6,203.7,222.4,5.6,4130.0,250.2
2018-08-09T10:49:23,32.6,196.7,228.3,5.9,4150.0,250.2
2018-08-09T10:49:54,32.5,202.0,223.0,5.8,4160.0,251.2
2018-08-09T10:50:25,32.4,204.9,218.8,5.7,4180.0,251.2
2018-08-09T10:50:57,32.5,200.2,220.0,5.8,4200.0,250.2
2018-08-09T10:51:28,32.6,195.5,227.1,5.9,4220.0,249.3
2018-08-09T10:51:59,32.6,204.3,225.9,5.7,4240.0,251.2
2018-08-09T10:52:30,32.6,198.4,228.3,5.9,4260.0,249.3
2018-08-09T10:53:01,32.4,201.4,230.1,5.8,4280.0,250.2
2018-08-09T10:53:32,32.5,204.3,227.7,5.7,4300.0,249.3
2018-08-09T10:54:03,32.5,200.8,222.4,5.9,4320.0,250.2
2018-08-09T10:54:34,32.5,196.7,218.3,6.0,4340.0,250.2
2018-08-09T10:55:05,32.4,197.8,223.0,6.0,4360.0,250.2
2018-08-09T10:55:36,32.5,204.3,225.4,5.8,4380.0,248.3
2018-08-09T10:56:08,32.5,196.7,230.1,6.0,4400.0,251.2
2018-08-09T10:56:39,32.6,200.8,225.9,6.0,4420.0,250.2
2018-08-09T10:57:10,32.6,205.5,218.8,5.8,4440.0,250.2
2018-08-09T10:57:41,32.5,203.2,220.0,5.8,4460.0,249.3
2018-08-09T10:58:12,32.6,197.3,225.9,6.0,4480.0,250.2
2018-08-09T10:58:43,32.6,195.5,230.1,6.1,4500.0,251.2
2018-08-09T10:59:14,32.7,203.2,225.4,6.0,4520.0,251.2
2018-08-09T10:59:45,32.7,201.4,225.4,6.0,4540.0,249.3
2018-08-09T11:00:16,32.7,197.8,224.8,6.2,4560.0,250.2
2018-08-09T11:00:47,32.6,201.4,215.3,6.1,4580.0,250.2
2018-08-09T11:01:19,32.5,199.0,219.4,6.1,4600.0,251.2
2018-08-09T11:01:50,32.6,200.8,221.2,6.1,4620.0,250.2
2018-08-09T11:02:21,32.7,194.9,228.3,6.2,4640.0,249.3
2018-08-09T11:02:52,32.9,196.1,225.9,6.3,4660.0,250.2
2018-08-09T11:03:23,33.0,202.0,220.6,6.0,4680.0,250.2
2018-08-09T11:03:54,33.1,195.5,224.2,6.2,4700.0,250.2
2018-08-09T11:04:25,33.2,201.4,227.1,6.1,4720.0,251.2
2018-08-09T11:04:56,33.3,203.2,217.1,5.9,4740.0,251.2
2018-08-09T11:05:27,33.4,196.7,224.2,6.2,4760.0,250.2
2018-08-09T11:05:58,33.5,197.8,227.7,6.2,4780.0,251.2
2018-08-09T11:06:35,33.5,195.5,224.2,6.2,4810.0,251.2
2018-08-09T11:07:06,33.5,192.5,224.8,6.3,4830.0,251.2
2018-08-09T11:07:37,33.5,198.4,225.4,6.2,4850.0,250.2
2018-08-09T11:08:08,33.4,202.0,224.8,5.9,4870.0,250.2
2018-08-09T11:08:39,33.5,197.3,220.6,6.3,4890.0,249.3
2018-08-09T11:09:10,33.5,204.3,222.4,6.1,4910.0,248.3
2018-08-09T11:09:41,33.5,199.6,224.8,6.1,4930.0,249.3
2018-08-09T11:10:12,33.5,195.5,225.4,6.4,4950.0,250.2
2018-08-09T11:10:43,33.7,197.8,220.0,6.3,4970.0,251.2
2018-08-09T11:11:15,33.7,193.7,221.2,6.3,4990.0,251.2
2018-08-09T11:11:46,33.8,199.0,222.4,6.2,5010.0,250.2
2018-08-09T11:12:17,33.9,193.7,223.6,6.4,5030.0,250.2
2018-08-09T11:12:48,34.0,197.8,218.3,6.2,5060.0,249.3
2018-08-09T11:13:19,34.1,198.4,220.0,6.1,5080.0,250.2
2018-08-09T11:13:50,34.2,195.5,212.9,6.3,5100.0,251.2
2018-08-09T11:14:21,34.4,197.8,220.0,6.2,5120.0,251.2
2018-08-09T11:14:52,34.4,194.3,218.8,6.4,5140.0,251.2
2018-08-09T11:15:23,34.4,195.5,222.4,6.4,5160.0,250.2
2018-08-09T11:15:54,34.5,192.5,224.2,6.5,5180.0,250.2
2018-08-09T11:16:26,34.6,194.3,217.1,6.3,5200.0,249.3
2018-08-09T11:16:57,34.6,196.7,218.3,6.3,5220.0,250.2
2018-08-09T11:17:28,34.7,196.7,222.4,6.3,5240.0,251.2
2018-08-09T11:17:59,34.7,196.1,223.0,6.2,5260.0,251.2
2018-08-09T11:18:30,34.7,196.7,222.4,6.4,5280.0,250.2
2018-08-09T11:19:01,34.6,197.3,216.5,6.3,5300.0,251.2
2018-08-09T11:19:32,34.5,194.3,221.2,6.4,5320.0,251.2
2018-08-09T11:20:03,34.5,197.8,218.3,6.3,5350.0,251.2
2018-08-09T11:20:34,34.7,191.9,218.8,6.4,5370.0,251.2
2018-08-09T11:21:06,34.7,189.6,225.4,6.5,5390.0,251.2
2018-08-09T11:21:37,34.8,196.1,221.2,6.4,5410.0,251.2
2018-08-09T11:22:08,34.8,197.8,218.3,6.3,5430.0,250.2
2018-08-09T11:22:39,34.9,190.2,214.7,6.5,5450.0,250.2
2018-08-09T11:23:10,35.0,194.9,217.1,6.4,5470.0,251.2
2018-08-09T11:23:41,35.0,189.6,218.3,6.5,5490.0,249.3
2018-08-09T11:24:12,35.2,196.1,220.6,6.3,5510.0,250.2
2018-08-09T11:24:43,35.0,189.6,223.6,6.6,5530.0,250.2
2018-08-09T11:25:14,35.2,188.4,214.1,6.5,5560.0,250.2
2018-08-09T11:25:45,35.0,197.8,213.5,6.2,5580.0,251.2
2018-08-09T11:26:17,35.0,193.7,215.3,6.5,5600.0,250.2
2018-08-09T11:26:48,35.0,190.8,218.3,6.6,5620.0,249.3
2018-08-09T11:27:19,35.2,189.6,217.1,6.6,5640.0,250.2
2018-08-09T11:27:50,35.2,197.3,214.1,6.4,5660.0,249.3
2018-08-09T11:28:21,35.3,195.5,212.9,6.5,5680.0,249.3
2018-08-09T11:28:52,34.9,191.9,218.3,6.5,5700.0,249.3
2018-08-09T11:29:23,34.9,190.2,217.1,6.6,5720.0,249.3
2018-08-09T11:29:54,34.9,189.6,221.2,6.7,5740.0,250.2
2018-08-09T11:30:25,34.8,193.7,217.7,6.5,5770.0,250.2
2018-08-09T11:30:56,34.7,193.1,218.3,6.6,5790.0,249.3
2018-08-09T11:31:28,34.8,191.3,212.3,6.6,5810.0,250.2
2018-08-09T11:31:59,34.8,188.4,211.7,6.6,5830.0,250.2
2018-08-09T11:32:30,34.9,188.4,212.9,6.8,5850.0,248.3
2018-08-09T11:33:01,35.0,194.3,219.4,6.6,5870.0,248.3
2018-08-09T11:33:32,35.2,192.5,223.0,6.5,5890.0,250.2
2018-08-09T11:34:03,35.3,189.0,217.1,6.6,5910.0,250.2
2018-08-09T11:34:34,35.2,194.9,224.8,6.5,5940.0,249.3
2018-08-09T11:35:05,35.2,193.1,215.9,6.7,5960.0,250.2
2018-08-09T11:35:36,35.3,187.2,221.2,6.8,5980.0,250.2
2018-08-09T11:36:07,35.0,194.3,223.0,6.6,6000.0,250.2
2018-08-09T11:36:38,35.0,194.3,213.5,6.6,6020.0,251.2
2018-08-09T11:37:09,35.2,188.4,211.2,6.8,6040.0,251.2
2018-08-09T11:37:40,35.2,194.9,212.9,6.6,6060.0,249.3
2018-08-09T11:38:11,35.3,196.7,214.7,6.5,6090.0,250.2
2018-08-09T11:38:42,35.4,189.6,213.5,6.8,6110.0,250.2
2018-08-09T11:39:13,35.4,189.0,212.9,6.8,6130.0,250.2
2018-08-09T11:39:44,35.4,196.7,212.9,6.4,6150.0,249.3
2018-08-09T11:40:15,35.3,192.5,217.7,6.7,6170.0,250.2
2018-08-09T11:40:47,35.3,196.7,211.7,6.5,6190.0,250.2
2018-08-09T11:41:18,35.4,189.6,211.2,6.6,6210.0,249.3
2018-08-09T11:41:49,35.5,188.4,216.5,6.7,6240.0,250.2
2018-08-09T11:42:20,35.5,189.6,220.0,6.8,6260.0,250.2
2018-08-09T11:42:51,35.5,187.2,220.0,6.8,6280.0,250.2
2018-08-09T11:43:22,35.5,192.5,215.3,6.6,6300.0,250.2
2018-08-09T11:43:53,35.3,192.5,216.5,6.6,6320.0,250.2
2018-08-09T11:44:24,35.3,196.7,215.3,6.4,6340.0,250.2
2018-08-09T11:44:55,35.2,190.2,218.8,6.7,6360.0,249.3
2018-08-09T11:45:26,35.3,191.9,217.7,6.7,6390.0,250.2
2018-08-09T11:45:58,35.3,190.8,211.7,6.8,6410.0,250.2
2018-08-09T11:46:29,35.2,192.5,213.5,6.6,6430.0,251.2
2018-08-09T11:47:00,35.3,193.1,215.3,6.7,6450.0,251.2
2018-08-09T11:47:31,35.4,189.0,218.8,6.9,6470.0,250.2
2018-08-09T11:48:02,35.5,188.4,217.7,6.9,6490.0,250.2
2018-08-09T11:48:33,35.5,195.5,218.8,6.6,6520.0,249.3
2018-08-09T11:49:04,35.5,191.9,219.4,6.8,6540.0,250.2
2018-08-09T11:49:35,35.5,194.9,220.0,6.6,6560.0,250.2
2018-08-09T11:50:06,35.4,191.3,218.8,6.7,6580.0,250.2
2018-08-09T11:50:38,35.4,200.2,212.3,6.3,6600.0,250.2
2018-08-09T11:51:09,35.2,191.3,220.0,6.7,6620.0,251.2
2018-08-09T11:51:40,35.2,189.6,221.2,6.8,6650.0,251.2
2018-08-09T11:52:11,35.3,192.5,217.7,6.8,6670.0,251.2
2018-08-09T11:52:42,35.3,196.7,221.2,6.5,6690.0,250.2
2018-08-09T11:53:13,35.4,191.3,217.1,6.8,6710.0,251.2
2018-08-09T11:53:44,35.4,195.5,217.1,6.7,6730.0,250.2
2018-08-09T11:54:15,35.5,196.7,219.4,6.5,6750.0,250.2
2018-08-09T11:54:46,35.6,191.9,220.0,6.7,6780.0,250.2
2018-08-09T11:55:17,35.7,189.6,222.4,6.9,6800.0,250.2
2018-08-09T11:55:48,35.9,191.3,221.8,6.8,6820.0,249.3
2018-08-09T11:56:20,35.7,193.7,219.4,6.7,6840.0,251.2
2018-08-09T11:56:51,35.7,197.3,217.7,6.6,6860.0,250.2
2018-08-09T11:57:22,35.9,189.6,210.6,6.9,6890.0,249.3
2018-08-09T11:57:53,36.1,187.2,215.3,7.1,6910.0,249.3
2018-08-09T11:58:24,36.2,192.5,216.5,6.9,6930.0,249.3
2018-08-09T11:58:55,36.2,192.5,211.7,6.7,6950.0,249.3
2018-08-09T11:59:26,36.3,190.2,215.3,7.0,6970.0,250.2
2018-08-09T11:59:57,36.4,188.4,212.9,7.0,6990.0,250.2
2018-08-09T12:00:28,36.4,193.1,212.3,6.8,7020.0,249.3
2018-08-09T12:00:59,36.5,187.2,215.3,7.0,7040.0,249.3
2018-08-09T12:01:31,36.4,194.3,218.3,6.8,7060.0,249.3
2018-08-09T12:02:02,36.4,191.9,217.1,6.8,7080.0,248.3
2018-08-09T12:02:33,36.3,193.7,221.2,6.8,7110.0,249.3
2018-08-09T12:03:04,36.3,190.8,216.5,6.9,7130.0,249.3
2018-08-09T12:03:35,36.3,190.8,220.0,6.9,7150.0,248.3
2018-08-09T12:04:06,36.3,189.0,212.3,7.0,7170.0,248.3
2018-08-09T12:04:37,36.4,191.9,211.2,6.8,7190.0,249.3
2018-08-09T12:05:08,36.5,186.6,218.8,7.1,7220.0,250.2
2018-08-09T12:05:39,36.7,190.8,212.9,6.9,7240.0,249.3
2018-08-09T12:06:11,36.7,193.7,215.3,6.8,7260.0,248.3
2018-08-09T12:06:42,36.8,188.4,218.8,7.1,7280.0,248.3
2018-08-09T12:07:13,36.8,193.7,210.0,6.9,7310.0,248.3
2018-08-09T12:07:44,36.8,195.5,208.8,6.8,7330.0,248.3
2018-08-09T12:08:15,36.9,190.2,217.1,7.1,7350.0,249.3
2018-08-09T12:08:46,36.9,188.4,214.7,7.0,7370.0,249.3
2018-08-09T12:09:17,36.9,190.2,214.1,7.0,7390.0,249.3
2018-08-09T12:09:48,36.9,186.6,215.3,7.1,7420.0,248.3
2018-08-09T12:10:19,36.7,187.8,212.3,7.1,7440.0,249.3
2018-08-09T12:10:50,36.4,192.5,211.2,6.8,7460.0,250.2
2018-08-09T12:11:21,36.5,186.6,219.4,7.0,7480.0,250.2
2018-08-09T12:11:53,36.7,188.4,220.0,7.0,7510.0,250.2
2018-08-09T12:12:24,36.5,186.6,217.7,7.0,7530.0,251.2
2018-08-09T12:12:55,36.4,181.9,214.7,7.1,7550.0,249.3
2018-08-09T12:13:26,36.4,187.2,214.1,7.1,7570.0,249.3
2018-08-09T12:13:57,36.5,193.7,217.1,7.0,7590.0,249.3
2018-08-09T12:14:28,36.7,187.2,212.9,7.1,7620.0,250.2
2018-08-09T12:14:59,36.8,191.3,212.3,7.0,7640.0,249.3
2018-08-09T12:15:30,36.9,194.3,219.4,7.0,7660.0,249.3
2018-08-09T12:16:01,36.9,191.3,215.9,7.0,7680.0,249.3
2018-08-09T12:16:32,36.7,187.8,214.1,7.1,7710.0,249.3
2018-08-09T12:17:03,36.8,189.6,218.3,7.0,7730.0,249.3
2018-08-09T12:17:34,36.7,190.8,215.3,7.1,7750.0,248.3
2018-08-09T12:18:05,36.8,194.9,215.3,6.8,7770.0,249.3
2018-08-09T12:18:36,36.9,187.2,214.7,7.2,7800.0,249.3
2018-08-09T12:19:07,36.9,194.3,216.5,7.0,7820.0,250.2
2018-08-09T12:19:38,37.0,189.0,207.0,7.1,7840.0,249.3
2018-08-09T12:20:09,37.1,186.6,208.8,7.2,7860.0,250.2
2018-08-09T12:20:40,37.1,193.1,211.2,7.0,7890.0,251.2
2018-08-09T12:21:12,37.2,193.1,208.8,6.9,7910.0,251.2
2018-08-09T12:21:43,37.2,189.6,211.2,7.0,7930.0,251.2
2018-08-09T12:22:14,37.4,187.2,214.7,7.1,7950.0,252.2
2018-08-09T12:22:45,37.4,187.8,219.4,6.9,7980.0,251.2
2018-08-09T12:23:16,37.4,189.6,215.3,7.1,8000.0,252.2
2018-08-09T12:23:47,37.4,186.6,212.3,7.2,8020.0,251.2
2018-08-09T12:24:18,37.4,197.8,210.0,6.8,8040.0,250.2
2018-08-09T12:24:49,37.2,196.7,213.5,6.2,8060.0,251.2
2018-08-09T12:25:20,37.4,190.2,215.3,6.5,8090.0,251.2
2018-08-09T12:25:51,37.2,186.6,213.5,6.8,8110.0,251.2
2018-08-09T12:26:23,37.0,192.5,215.3,7.0,8130.0,252.2
2018-08-09T12:26:54,37.1,187.8,214.1,7.2,8150.0,250.2
2018-08-09T12:27:25,37.2,185.4,210.0,7.2,8180.0,253.1
2018-08-09T12:27:56,37.4,183.7,208.2,7.2,8200.0,253.1
2018-08-09T12:28:27,37.5,178.9,208.2,6.9,8220.0,252.2
2018-08-09T12:28:58,37.5,183.7,212.3,7.2,8240.0,252.2
2018-08-09T12:29:29,37.5,194.3,219.4,7.0,8260.0,251.2
2018-08-09T12:30:00,37.6,192.5,217.1,6.7,8290.0,252.2
2018-08-09T12:30:31,37.6,190.2,220.0,6.6,8310.0,251.2
2018-08-09T12:31:03,37.7,188.4,221.8,6.6,8330.0,253.1
2018-08-09T12:31:34,37.7,197.8,219.4,6.1,8350.0,252.2
2018-08-09T12:32:05,37.8,187.8,220.0,6.7,8380.0,251.2
2018-08-09T12:32:36,37.8,192.5,220.0,6.3,8400.0,252.2
2018-08-09T12:33:07,37.8,183.7,217.1,6.9,8420.0,252.2
2018-08-09T12:33:38,37.9,176.6,211.2,7.3,8440.0,254.1
2018-08-09T12:34:09,37.9,187.8,214.7,7.2,8460.0,252.2
2018-08-09T12:34:40,37.9,183.1,215.9,7.1,8480.0,252.2
2018-08-09T12:35:11,38.0,191.9,213.5,6.3,8510.0,252.2
2018-08-09T12:35:42,38.0,190.8,211.7,5.9,8530.0,251.2
2018-08-09T12:36:13,38.0,166.5,214.1,7.3,8550.0,252.2
2018-08-09T12:36:44,38.0,171.3,217.7,7.2,8570.0,251.2
2018-08-09T12:37:15,38.2,169.5,216.5,7.1,8590.0,251.2
2018-08-09T12:37:46,38.2,171.3,217.7,7.1,8610.0,250.2
2018-08-09T12:38:17,38.2,174.2,221.2,7.0,8640.0,253.1
2018-08-09T12:38:48,38.3,169.5,216.5,7.4,8660.0,252.2
2018-08-09T12:39:19,38.3,171.9,216.5,7.1,8680.0,251.2
2018-08-09T12:39:50,38.2,175.4,216.5,6.9,8700.0,252.2
2018-08-09T12:40:21,37.8,168.9,214.1,7.2,8720.0,251.2
2018-08-09T12:40:53,37.9,168.9,221.2,7.2,8740.0,251.2
2018-08-09T12:41:25,37.7,168.3,217.7,7.2,8770.0,251.2
2018-08-09T12:41:56,37.4,175.4,215.3,7.0,8790.0,251.2
2018-08-09T12:42:27,37.1,168.3,212.3,7.2,8810.0,250.2
2018-08-09T12:42:58,37.0,176.0,215.9,6.8,8830.0,251.2
2018-08-09T12:43:29,37.1,170.7,215.3,7.2,8850.0,250.2
2018-08-09T12:44:00,37.2,167.7,219.4,7.2,8870.0,251.2
2018-08-09T12:44:31,37.4,173.0,218.3,7.0,8900.0,251.2
2018-08-09T12:45:02,37.5,165.9,217.7,7.3,8920.0,251.2
2018-08-09T12:45:33,37.6,170.7,216.5,7.2,8940.0,251.2
2018-08-09T12:46:05,37.6,168.3,216.5,7.2,8960.0,250.2
2018-08-09T12:46:36,37.7,168.9,213.5,7.1,8980.0,252.2
2018-08-09T12:47:07,37.7,173.6,214.1,7.0,9000.0,251.2
2018-08-09T12:47:38,37.8,169.5,216.5,7.2,9030.0,250.2
2018-08-09T12:48:09,37.8,164.2,210.6,7.3,9050.0,251.2
2018-08-09T12:48:40,37.8,168.3,207.0,7.2,9070.0,251.2
2018-08-09T12:49:11,37.9,168.3,209.4,7.2,9090.0,251.2
2018-08-09T12:49:42,37.9,167.7,212.3,7.3,9110.0,250.2
2018-08-09T12:50:13,38.0,168.9,215.3,7.2,9130.0,251.2
2018-08-09T12:50:44,38.2,172.4,218.8,7.0,9160.0,251.2
2018-08-09T12:51:16,38.2,168.9,218.3,7.2,9180.0,251.2
2018-08-09T12:51:47,38.3,166.5,213.5,7.2,9200.0,251.2
2018-08-09T12:52:18,38.3,167.7,210.0,7.2,9220.0,252.2
2018-08-09T12:52:49,38.3,170.7,207.6,7.1,9240.0,251.2
2018-08-09T12:53:20,38.4,171.9,213.5,7.1,9260.0,252.2
2018-08-09T12:53:51,38.4,165.9,211.7,7.4,9290.0,251.2
2018-08-09T12:54:22,38.5,170.1,212.3,7.2,9310.0,251.2
2018-08-09T12:54:53,38.5,173.0,211.7,7.0,9330.0,250.2
2018-08-09T12:55:24,38.5,169.5,214.7,7.2,9350.0,250.2
2018-08-09T12:55:55,38.6,168.9,214.1,7.2,9370.0,251.2
2018-08-09T12:56:26,38.6,173.6,211.2,7.1,9390.0,252.2
2018-08-09T12:56:57,38.5,169.5,223.0,7.3,9420.0,250.2
2018-08-09T12:57:28,38.5,169.5,219.4,7.1,9440.0,251.2
2018-08-09T12:57:59,38.6,175.4,216.5,7.0,9460.0,251.2
2018-08-09T12:58:30,38.6,170.1,216.5,7.1,9480.0,250.2
2018-08-09T12:59:01,38.6,174.2,217.7,7.0,9500.0,251.2
2018-08-09T12:59:32,38.6,175.4,213.5,6.0,9520.0,249.3
2018-08-09T13:00:03,38.6,162.4,214.1,7.1,9540.0,250.2
2018-08-09T13:00:35,38.7,164.2,216.5,7.1,9570.0,251.2
2018-08-09T13:01:06,38.7,163.0,216.5,7.0,9590.0,251.2
2018-08-09T13:01:37,38.7,157.1,218.3,7.3,9610.0,251.2
2018-08-09T13:02:08,38.7,159.4,213.5,7.3,9630.0,251.2
2018-08-09T13:02:39,38.6,164.2,214.7,7.0,9650.0,251.2
2018-08-09T13:03:10,38.6,163.6,214.1,7.1,9670.0,251.2
2018-08-09T13:03:41,38.7,159.4,207.0,7.2,9690.0,252.2
2018-08-09T13:04:12,38.7,155.9,207.6,7.2,9710.0,251.2
2018-08-09T13:04:43,38.7,157.1,211.2,7.4,9730.0,250.2
2018-08-09T13:05:14,38.7,155.3,211.2,7.3,9760.0,251.2
2018-08-09T13:05:46,38.5,154.7,211.2,7.3,9780.0,252.2
2018-08-09T13:06:17,38.6,156.5,218.8,7.3,9800.0,250.2
2018-08-09T13:06:48,38.6,161.2,214.1,7.1,9820.0,250.2
2018-08-09T13:07:19,38.5,159.4,212.9,7.2,9840.0,250.2
2018-08-09T13:07:50,38.5,158.9,213.5,7.2,9860.0,250.2
2018-08-09T13:08:21,38.3,159.4,212.3,7.3,9880.0,250.2
2018-08-09T13:08:52,38.4,157.7,211.2,7.3,9900.0,251.2
2018-08-09T13:09:23,38.3,161.8,208.2,7.0,9920.0,250.2
2018-08-09T13:09:54,38.2,164.2,214.1,6.9,9940.0,250.2
2018-08-09T13:10:25,38.0,164.2,215.3,6.2,9960.0,250.2
2018-08-09T13:10:57,38.0,164.2,217.1,7.1,9990.0,250.2
2018-08-09T13:11:28,38.0,162.4,215.9,7.2,10010.0,252.2
2018-08-09T13:11:59,37.8,163.6,216.5,7.0,10030.0,251.2
2018-08-09T13:12:30,37.8,166.5,221.2,6.9,10050.0,251.2
2018-08-09T13:13:01,37.7,163.6,217.1,6.8,10070.0,252.2
2018-08-09T13:13:32,37.7,163.6,216.5,7.1,10090.0,251.2
2018-08-09T13:14:03,37.6,154.7,217.7,7.1,10110.0,251.2
2018-08-09T13:14:34,37.5,153.5,221.2,7.1,10130.0,251.2
2018-08-09T13:15:05,37.4,163.0,218.8,7.2,10150.0,252.2
2018-08-09T13:15:36,37.2,163.6,221.2,7.1,10170.0,251.2
2018-08-09T13:16:08,37.1,162.4,217.7,7.2,10200.0,251.2
2018-08-09T13:16:39,37.2,160.6,217.1,7.3,10220.0,251.2
2018-08-09T13:17:10,37.4,166.5,220.0,7.0,10240.0,251.2
2018-08-09T13:17:41,37.5,165.4,217.1,7.0,10260.0,250.2
2018-08-09T13:18:12,37.6,164.2,216.5,7.1,10280.0,250.2
2018-08-09T13:18:43,37.1,158.3,221.2,7.4,10300.0,250.2
2018-08-09T13:19:14,37.1,158.9,217.1,7.3,10320.0,250.2
2018-08-09T13:19:45,37.0,159.4,220.0,7.3,10340.0,251.2
2018-08-09T13:20:16,37.1,164.2,215.9,7.0,10360.0,250.2
2018-08-09T13:20:47,37.2,165.9,209.4,6.9,10390.0,250.2
2018-08-09T13:21:19,37.2,154.7,211.2,7.0,10410.0,251.2
2018-08-09T13:21:50,37.2,154.1,208.8,7.0,10430.0,250.2
2018-08-09T13:22:21,37.2,157.7,209.4,6.8,10450.0,250.2
2018-08-09T13:22:52,37.0,155.3,210.0,7.0,10470.0,250.2
2018-08-09T13:23:23,37.0,138.2,211.2,7.4,10490.0,250.2
2018-08-09T13:23:54,37.0,147.0,208.8,6.9,10510.0,251.2
2018-08-09T13:24:25,36.8,141.1,209.4,7.2,10530.0,249.3
2018-08-09T13:24:56,36.8,138.8,212.3,7.3,10550.0,251.2
2018-08-09T13:25:27,36.5,144.7,219.4,7.2,10570.0,250.2
2018-08-09T13:25:58,36.7,145.9,213.5,7.1,10590.0,250.2
2018-08-09T13:26:30,36.3,140.0,218.8,7.3,10610.0,251.2
2018-08-09T13:27:01,36.3,138.8,216.5,7.4,10630.0,251.2
2018-08-09T13:27:32,36.5,141.7,211.2,7.2,10650.0,250.2
2018-08-09T13:28:03,36.7,142.3,218.3,7.2,10670.0,250.2
2018-08-09T13:28:34,36.9,145.9,214.7,6.9,10690.0,250.2
2018-08-09T13:29:05,37.0,141.7,209.4,7.1,10710.0,250.2
2018-08-09T13:29:36,37.1,138.2,209.4,7.4,10730.0,251.2
2018-08-09T13:30:07,37.2,137.0,212.3,7.3,10750.0,250.2
2018-08-09T13:30:38,37.4,144.1,214.1,7.0,10770.0,249.3
2018-08-09T13:31:10,37.4,144.1,212.9,7.0,10790.0,249.3
2018-08-09T13:31:41,37.4,147.0,209.4,6.9,10810.0,248.3
2018-08-09T13:32:12,37.5,155.9,211.7,6.9,10830.0,251.2
2018-08-09T13:32:43,37.5,159.4,210.0,6.6,10850.0,249.3
2018-08-09T13:33:14,37.6,152.9,210.0,6.4,10870.0,250.2
2018-08-09T13:33:45,37.7,143.5,210.0,7.1,10890.0,250.2
2018-08-09T13:34:16,37.7,144.7,208.2,7.0,10910.0,250.2
2018-08-09T13:34:47,37.7,147.6,209.4,6.7,10930.0,250.2
2018-08-09T13:35:18,37.8,142.3,218.8,7.2,10950.0,250.2
2018-08-09T13:35:49,37.8,149.4,219.4,7.1,10970.0,249.3
2018-08-09T13:36:20,37.8,141.7,218.3,7.4,10990.0,250.2
2018-08-09T13:36:51,37.9,148.8,208.8,7.1,11010.0,250.2
2018-08-09T13:37:22,37.9,147.6,211.7,6.7,11030.0,249.3
2018-08-09T13:37:53,38.0,146.4,215.9,6.8,11050.0,249.3
2018-08-09T13:38:24,38.0,142.9,218.3,7.0,11070.0,249.3
2018-08-09T13:38:55,38.2,137.6,222.4,7.3,11090.0,250.2
2018-08-09T13:39:26,38.2,139.4,217.1,7.2,11100.0,249.3
2018-08-09T13:39:57,38.2,144.1,219.4,7.0,11120.0,248.3
2018-08-09T13:40:28,38.2,138.2,211.2,7.2,11140.0,249.3
2018-08-09T13:41:00,38.2,146.4,213.5,6.7,11160.0,248.3
2018-08-09T13:41:31,38.2,146.4,217.7,6.7,11180.0,251.2
2018-08-09T13:42:02,38.2,139.4,219.4,7.1,11200.0,249.3
2018-08-09T13:42:33,38.3,140.5,215.9,7.1,11220.0,249.3
2018-08-09T13:43:04,38.3,142.3,218.8,7.0,11240.0,251.2
2018-08-09T13:43:35,38.3,143.5,218.3,6.7,11260.0,248.3
2018-08-09T13:44:06,38.4,148.8,217.7,6.6,11280.0,250.2
2018-08-09T13:44:37,38.4,148.8,216.5,6.4,11300.0,249.3
2018-08-09T13:45:08,38.4,151.8,216.5,6.1,11320.0,250.2
2018-08-09T13:45:39,38.5,149.4,215.9,5.9,11340.0,250.2
2018-08-09T13:46:11,38.4,152.4,211.2,5.7,11360.0,249.3
2018-08-09T13:46:42,38.3,154.1,212.3,5.5,11380.0,249.3
2018-08-09T13:47:13,38.3,153.5,212.9,5.3,11390.0,249.3
2018-08-09T13:47:44,38.3,161.8,209.4,4.6,11410.0,249.3
2018-08-09T13:48:15,38.3,159.4,207.0,4.8,11430.0,248.3
2018-08-09T13:48:46,38.4,154.7,208.8,4.6,11450.0,248.3
2018-08-09T13:49:17,38.4,163.6,212.9,4.0,11460.0,250.2
2018-08-09T13:49:48,38.4,167.7,211.2,3.2,11480.0,250.2
2018-08-09T13:50:19,38.3,161.2,215.3,3.5,11490.0,249.3
2018-08-09T13:50:50,38.0,157.1,214.7,3.4,11510.0,251.2
2018-08-09T13:51:22,38.2,130.5,216.5,6.3,11530.0,250.2
2018-08-09T13:51:53,38.2,124.6,213.5,6.8,11540.0,251.2
2018-08-09T13:52:24,38.3,120.5,208.2,7.0,11560.0,251.2
2018-08-09T13:52:55,38.3,118.1,206.4,7.1,11580.0,250.2
2018-08-09T13:53:26,38.3,116.3,208.8,7.2,11600.0,250.2
2018-08-09T13:53:57,38.4,122.8,208.2,6.9,11620.0,250.2
2018-08-09T13:54:28,38.4,125.8,211.2,6.6,11630.0,249.3
2018-08-09T13:54:59,38.5,124.6,215.3,6.7,11650.0,250.2
2018-08-09T13:55:30,38.5,120.5,212.9,7.1,11670.0,251.2
2018-08-09T13:56:01,38.5,118.1,212.3,7.1,11690.0,249.3
2018-08-09T13:56:32,38.6,124.0,210.6,6.7,11710.0,249.3
2018-08-09T13:57:03,38.6,125.8,211.2,6.6,11720.0,249.3
2018-08-09T13:57:34,38.6,122.2,210.0,6.9,11740.0,249.3
2018-08-09T13:58:05,38.6,121.6,212.3,6.8,11760.0,251.2
2018-08-09T13:58:36,38.5,118.7,217.1,7.0,11780.0,251.2
2018-08-09T13:59:07,38.5,122.2,215.9,6.9,11800.0,250.2
2018-08-09T13:59:38,38.5,125.8,213.5,6.6,11810.0,250.2
2018-08-09T14:00:09,38.3,122.8,216.5,6.6,11830.0,249.3
2018-08-09T14:00:41,38.2,127.5,206.4,6.2,11850.0,249.3
2018-08-09T14:01:12,38.0,132.3,208.2,6.0,11870.0,249.3
2018-08-09T14:01:43,38.2,128.1,220.0,5.8,11880.0,249.3
2018-08-09T14:02:14,38.0,135.8,217.7,5.1,11900.0,248.3
2018-08-09T14:02:45,37.7,135.2,216.5,5.6,11920.0,248.3
2018-08-09T14:03:16,37.7,134.0,213.5,5.0,11940.0,249.3
2018-08-09T14:03:47,37.6,138.8,208.2,3.9,11950.0,250.2
2018-08-09T14:04:18,37.4,140.0,215.9,3.7,11970.0,249.3
2018-08-09T14:04:49,37.4,139.4,214.1,3.0,11980.0,249.3
2018-08-09T14:05:20,37.1,110.4,212.3,7.0,12000.0,250.2
2018-08-09T14:05:51,37.1,118.1,217.1,6.5,12020.0,249.3
2018-08-09T14:06:23,37.0,112.2,218.3,6.9,12040.0,250.2
2018-08-09T14:06:54,37.0,114.6,215.9,6.2,12050.0,250.2
2018-08-09T14:07:25,37.0,115.7,218.8,6.3,12070.0,249.3
2018-08-09T14:07:56,36.9,105.7,208.8,6.7,12090.0,249.3
2018-08-09T14:08:27,36.8,107.5,215.9,6.6,12100.0,250.2
2018-08-09T14:08:58,36.5,102.7,218.3,6.9,12120.0,250.2
2018-08-09T14:09:29,36.7,105.7,215.3,6.7,12140.0,249.3
2018-08-09T14:10:00,36.8,103.9,210.0,6.8,12160.0,249.3
2018-08-09T14:10:31,36.8,108.1,213.5,6.6,12170.0,250.2
2018-08-09T14:11:03,36.8,108.6,209.4,6.5,12190.0,250.2
2018-08-09T14:11:34,36.8,104.5,212.3,6.8,12210.0,249.3
2018-08-09T14:12:05,36.8,102.7,213.5,6.8,12220.0,250.2
2018-08-09T14:12:36,36.5,106.3,214.1,6.7,12240.0,250.2
2018-08-09T14:13:07,36.7,108.6,215.3,6.6,12260.0,249.3
2018-08-09T14:13:38,36.7,103.9,220.0,6.7,12270.0,250.2
2018-08-09T14:14:09,36.8,106.9,212.9,6.6,12290.0,250.2
2018-08-09T14:14:40,36.8,103.9,223.0,6.8,12310.0,250.2
2018-08-09T14:15:11,36.9,103.9,221.2,6.7,12320.0,249.3
2018-08-09T14:15:42,37.1,108.1,218.3,6.5,12340.0,250.2
2018-08-09T14:16:14,37.1,104.5,220.0,6.7,12360.0,250.2
2018-08-09T14:16:45,37.1,103.9,218.3,6.7,12370.0,249.3
2018-08-09T14:17:16,37.0,109.2,217.1,6.4,12390.0,250.2
2018-08-09T14:17:47,36.8,103.9,220.6,6.7,12410.0,250.2
2018-08-09T14:18:18,36.8,103.9,214.1,6.7,12420.0,250.2
2018-08-09T14:18:49,36.9,106.9,210.0,6.6,12440.0,248.3
2018-08-09T14:19:20,37.0,111.0,211.7,6.2,12460.0,250.2
2018-08-09T14:19:51,37.0,103.9,209.4,6.7,12470.0,251.2
2018-08-09T14:20:22,37.1,105.1,210.6,6.6,12490.0,249.3
2018-08-09T14:20:54,37.2,118.7,211.7,6.3,12510.0,250.2
2018-08-09T14:21:25,37.2,117.5,210.6,6.4,12520.0,251.2
2018-08-09T14:21:56,37.4,118.1,210.6,6.1,12540.0,249.3
2018-08-09T14:22:27,37.4,125.8,219.4,5.4,12560.0,250.2
2018-08-09T14:22:58,37.5,122.8,211.2,5.6,12570.0,248.3
2018-08-09T14:23:29,37.5,121.0,213.5,5.4,12590.0,250.2
2018-08-09T14:24:00,37.4,130.5,217.1,4.7,12610.0,250.2
2018-08-09T14:24:31,37.2,125.8,212.9,4.6,12620.0,249.3
2018-08-09T14:25:02,37.1,127.0,210.0,4.4,12640.0,249.3
2018-08-09T14:25:33,37.2,131.7,208.2,3.9,12650.0,250.2
2018-08-09T14:26:05,37.2,130.5,211.2,4.0,12670.0,250.2
2018-08-09T14:26:36,37.2,124.6,210.0,3.9,12680.0,250.2
2018-08-09T14:27:07,37.2,115.7,210.0,5.0,12700.0,249.3
2018-08-09T14:27:38,37.4,115.7,215.3,5.0,12710.0,250.2
2018-08-09T14:28:09,37.4,116.9,220.0,4.9,12730.0,249.3
2018-08-09T14:28:40,37.5,105.1,218.3,6.5,12740.0,251.2
2018-08-09T14:29:11,37.5,104.5,218.3,6.5,12760.0,251.2
2018-08-09T14:29:42,37.5,110.4,217.1,4.7,12770.0,250.2
2018-08-09T14:30:13,37.6,103.9,219.4,5.6,12790.0,250.2
2018-08-09T14:30:44,37.6,107.5,218.8,5.0,12800.0,250.2
2018-08-09T14:31:16,37.7,102.7,215.9,5.7,12820.0,250.2
2018-08-09T14:31:47,37.7,102.7,220.0,5.6,12830.0,250.2
2018-08-09T14:32:18,37.7,102.7,221.2,5.7,12850.0,250.2
2018-08-09T14:32:49,37.7,102.7,220.6,5.7,12870.0,250.2
2018-08-09T14:33:20,37.8,102.7,217.7,5.7,12880.0,250.2
2018-08-09T14:33:51,37.8,103.3,221.2,5.6,12900.0,250.2
2018-08-09T14:34:22,37.8,102.7,219.4,5.7,12910.0,251.2
2018-08-09T14:34:53,37.8,103.9,220.0,5.5,12930.0,251.2
2018-08-09T14:35:24,37.9,102.7,216.5,5.7,12940.0,251.2
2018-08-09T14:35:55,37.9,102.7,218.3,5.6,12960.0,249.3
2018-08-09T14:36:27,37.9,103.3,210.6,5.5,12970.0,250.2
2018-08-09T14:36:58,37.9,102.7,213.5,5.6,12990.0,249.3
2018-08-09T14:37:29,37.9,102.7,211.2,5.6,13000.0,249.3
2018-08-09T14:38:00,37.9,102.1,213.5,5.7,13020.0,249.3
2018-08-09T14:38:31,37.9,102.7,211.7,5.7,13030.0,249.3
2018-08-09T14:39:02,37.9,102.7,211.2,5.6,13050.0,250.2
2018-08-09T14:39:33,37.8,103.9,211.2,5.4,13060.0,249.3
2018-08-09T14:40:04,37.9,102.7,214.1,5.6,13080.0,250.2
2018-08-09T14:40:35,37.9,102.7,211.7,5.5,13090.0,249.3
2018-08-09T14:41:06,37.9,102.7,217.1,5.6,13110.0,248.3
2018-08-09T14:41:37,37.9,102.7,223.0,5.6,13120.0,249.3
2018-08-09T14:42:08,37.9,105.1,214.1,5.2,13140.0,247.3
2018-08-09T14:42:39,37.9,103.9,217.1,5.4,13150.0,248.3
2018-08-09T14:43:10,38.0,110.4,210.0,5.3,13170.0,249.3
2018-08-09T14:43:41,38.0,111.6,212.3,5.3,13180.0,250.2
2018-08-09T14:44:12,38.0,114.6,211.2,4.7,13200.0,249.3
2018-08-09T14:44:43,38.0,118.1,215.9,4.3,13210.0,249.3
2018-08-09T14:45:14,38.0,118.7,215.3,3.5,13230.0,249.3
2018-08-09T14:45:46,38.0,120.5,217.1,3.2,13240.0,250.2
2018-08-09T14:46:17,38.0,121.6,217.1,2.9,13250.0,248.3
2018-08-09T14:46:48,38.0,124.0,214.1,3.0,13270.0,248.3
2018-08-09T14:47:19,38.0,125.8,216.5,2.6,13280.0,249.3
2018-08-09T14:47:50,38.0,125.2,211.7,3.1,13290.0,249.3
2018-08-09T14:48:21,38.0,126.4,215.9,2.8,13300.0,249.3
2018-08-09T14:48:52,38.0,128.7,212.3,2.2,13320.0,249.3
2018-08-09T14:49:23,37.9,124.6,221.8,2.1,13330.0,250.2
2018-08-09T14:49:54,37.9,124.0,221.2,2.2,13340.0,249.3
2018-08-09T14:50:25,37.9,107.5,211.7,3.2,13350.0,249.3
2018-08-09T14:50:57,37.9,105.7,218.8,2.8,13370.0,249.3
2018-08-09T14:51:28,37.9,102.7,222.4,3.3,13380.0,248.3
2018-08-09T14:51:59,37.9,102.7,222.4,3.2,13390.0,249.3
2018-08-09T14:52:30,37.9,102.7,222.4,3.2,13410.0,249.3
2018-08-09T14:53:01,37.9,102.7,218.8,3.3,13420.0,248.3
2018-08-09T14:53:32,37.9,102.7,220.0,3.1,13430.0,249.3
2018-08-09T14:54:03,37.9,102.7,222.4,3.1,13440.0,248.3
2018-08-09T14:54:34,37.8,111.6,210.0,3.0,13460.0,249.3
2018-08-09T14:55:05,37.8,115.7,211.7,3.6,13470.0,250.2
2018-08-09T14:55:37,37.8,119.9,215.9,3.7,13480.0,248.3
2018-08-09T14:56:08,37.8,111.0,212.3,4.7,13500.0,249.3
2018-08-09T14:56:39,37.8,116.3,212.9,4.8,13510.0,248.3
2018-08-09T14:57:10,37.9,113.4,214.7,5.1,13530.0,248.3
2018-08-09T14:57:41,37.9,115.1,219.4,4.9,13540.0,249.3
2018-08-09T14:58:12,37.9,114.0,221.8,4.8,13550.0,248.3
2018-08-09T14:58:43,37.9,111.6,222.4,4.7,13570.0,248.3
2018-08-09T14:59:14,37.9,102.7,224.8,5.3,13580.0,248.3
2018-08-09T14:59:45,37.9,102.7,219.4,5.3,13600.0,247.3
2018-08-09T15:00:16,37.9,102.7,218.3,5.4,13610.0,247.3
2018-08-09T15:00:48,37.9,103.9,220.0,5.0,13620.0,247.3
2018-08-09T15:01:19,37.9,102.1,214.1,5.2,13640.0,247.3
2018-08-09T15:01:50,38.0,102.7,220.6,5.3,13650.0,248.3
2018-08-09T15:02:21,38.0,103.9,214.7,5.2,13670.0,247.3
2018-08-09T15:02:52,38.0,103.9,219.4,5.1,13680.0,247.3
2018-08-09T15:03:23,38.0,103.3,218.8,5.1,13700.0,247.3
2018-08-09T15:03:54,38.0,103.3,211.7,5.1,13710.0,246.4
2018-08-09T15:04:25,38.0,102.7,215.3,5.3,13720.0,248.3
2018-08-09T15:04:56,38.0,102.7,218.8,5.2,13740.0,247.3
2018-08-09T15:05:27,38.0,102.7,223.0,5.2,13750.0,247.3
2018-08-09T15:05:58,38.0,103.9,225.4,5.1,13770.0,247.3
2018-08-09T15:06:35,38.0,102.1,225.9,4.9,13780.0,247.3
2018-08-09T15:07:06,38.0,103.9,223.6,4.8,13790.0,248.3
2018-08-09T15:07:37,38.0,107.5,217.7,4.5,13810.0,248.3
2018-08-09T15:08:08,38.0,105.1,218.8,4.6,13820.0,246.4
2018-08-09T15:08:39,38.0,102.1,216.5,4.8,13840.0,245.4
2018-08-09T15:09:10,38.0,103.3,218.8,4.9,13850.0,247.3
2018-08-09T15:09:41,38.0,102.7,222.4,5.0,13860.0,246.4
2018-08-09T15:10:12,38.0,104.5,224.8,4.9,13880.0,246.4
2018-08-09T15:10:43,38.0,105.1,218.3,4.6,13890.0,245.4
2018-08-09T15:11:15,38.0,105.7,215.3,4.4,13900.0,247.3
2018-08-09T15:11:46,38.0,102.7,219.4,4.7,13920.0,247.3
2018-08-09T15:12:17,38.0,102.7,224.2,4.1,13930.0,247.3
2018-08-09T15:12:48,38.0,109.8,223.0,3.7,13940.0,247.3
2018-08-09T15:13:19,38.0,110.4,223.0,3.5,13950.0,248.3
2018-08-09T15:13:50,38.0,111.6,221.2,3.1,13970.0,247.3
2018-08-09T15:14:21,38.0,103.9,223.0,3.2,13980.0,247.3
2018-08-09T15:14:52,38.0,102.1,224.2,3.2,13990.0,247.3
2018-08-09T15:15:23,38.0,102.7,221.2,3.1,14000.0,247.3
2018-08-09T15:15:54,38.0,103.9,224.8,2.8,14010.0,247.3
2018-08-09T15:16:26,38.0,102.7,216.5,3.0,14030.0,246.4
2018-08-09T15:16:57,37.9,103.9,217.7,2.8,14040.0,246.4
2018-08-09T15:17:28,37.9,102.7,216.5,3.0,14050.0,248.3
2018-08-09T15:17:59,37.9,102.7,213.5,3.0,14060.0,247.3
2018-08-09T15:18:30,37.9,103.9,214.1,2.8,14070.0,245.4
2018-08-09T15:19:01,37.9,102.7,214.7,3.0,14080.0,247.3
2018-08-09T15:19:32,38.0,106.3,217.7,1.9,14090.0,248.3
2018-08-09T15:20:03,37.9,114.0,220.0,1.9,14100.0,247.3
2018-08-09T15:20:34,37.8,109.8,223.6,1.7,14110.0,247.3
2018-08-09T15:21:06,37.7,118.7,221.8,1.3,14130.0,247.3
2018-08-09T15:21:37,37.7,111.0,214.1,1.3,14140.0,248.3
2018-08-09T15:22:08,37.7,116.9,212.9,1.2,14150.0,247.3
2018-08-09T15:22:39,37.7,111.6,215.3,1.0,14160.0,247.3
2018-08-09T15:23:10,37.7,106.3,214.7,1.7,14170.0,247.3
2018-08-09T15:23:41,37.7,102.7,223.6,1.6,14180.0,247.3
2018-08-09T15:24:12,37.8,102.7,223.0,1.7,14190.0,247.3
2018-08-09T15:24:43,37.7,102.7,224.8,1.6,14200.0,246.4
2018-08-09T15:25:14,37.8,103.9,223.6,2.5,14210.0,246.4
2018-08-09T15:25:45,37.8,104.5,227.1,2.2,14220.0,247.3
2018-08-09T15:26:16,37.8,106.3,222.4,1.3,14230.0,247.3
2018-08-09T15:26:47,37.8,106.9,217.7,1.3,14240.0,247.3
2018-08-09T15:27:18,37.8,103.9,220.0,1.5,14250.0,247.3
2018-08-09T15:27:49,37.8,103.9,216.5,1.3,14260.0,247.3
2018-08-09T15:28:20,37.8,106.9,222.4,1.0,14270.0,247.3
2018-08-09T15:28:51,37.8,106.9,224.2,1.0,14280.0,247.3
2018-08-09T15:29:22,37.8,103.3,217.1,0.9,14280.0,247.3
2018-08-09T15:29:53,37.7,119.9,220.0,0.8,14290.0,246.4
2018-08-09T15:30:24,37.7,113.4,221.8,0.7,14300.0,247.3
2018-08-09T15:30:56,37.7,105.7,218.3,1.0,14310.0,247.3
2018-08-09T15:31:27,37.7,102.1,217.7,1.0,14320.0,246.4
2018-08-09T15:31:58,37.7,102.1,212.3,1.1,14330.0,247.3
2018-08-09T15:32:29,37.6,105.1,225.4,1.1,14340.0,246.4
2018-08-09T15:33:00,37.6,103.9,217.1,0.8,14350.0,245.4
2018-08-09T15:33:31,37.4,104.5,217.1,0.9,14360.0,245.4
2018-08-09T15:34:02,37.4,102.7,217.7,0.8,14370.0,246.4
2018-08-09T15:34:33,37.4,111.0,215.9,0.7,14380.0,246.4
2018-08-09T15:35:04,37.4,114.6,218.3,0.7,14390.0,246.4
2018-08-09T15:35:36,37.4,104.5,221.2,0.7,14400.0,245.4
2018-08-09T15:36:07,37.2,111.0,225.4,0.7,14400.0,246.4
2018-08-09T15:36:38,37.2,112.8,224.8,0.6,14410.0,246.4
2018-08-09T15:37:09,37.2,102.7,219.4,0.8,14420.0,244.4
2018-08-09T15:37:40,37.4,122.8,216.5,0.5,14430.0,244.4
2018-08-09T15:38:11,37.4,144.7,215.3,0.5,14440.0,245.4
2018-08-09T15:38:42,37.4,165.9,215.9,0.5,14450.0,245.4
2018-08-09T15:39:13,37.4,189.6,224.2,0.5,14460.0,245.4
2018-08-09T15:39:44,37.2,210.8,227.1,0.5,14470.0,244.4
2018-08-09T15:40:15,37.2,229.2,220.0,0.4,14470.0,244.4
2018-08-09T15:40:47,37.2,207.3,214.1,0.5,14480.0,243.5
2018-08-09T15:41:18,37.2,213.2,218.3,0.5,14490.0,242.5
2018-08-09T15:41:49,37.2,223.8,228.3,0.5,14500.0,242.5
2018-08-09T15:42:20,37.1,203.2,223.0,0.5,14510.0,242.5
2018-08-09T15:42:51,37.0,212.0,220.6,0.5,14520.0,243.5
2018-08-09T15:43:22,36.9,220.3,218.8,0.5,14530.0,241.5
2018-08-09T15:43:53,36.8,209.7,223.0,0.5,14530.0,243.5
2018-08-09T15:44:24,36.9,199.6,219.4,0.4,14540.0,245.4
2018-08-09T15:44:55,36.9,193.1,230.1,0.5,14550.0,243.5
2018-08-09T15:45:26,36.9,215.0,224.8,0.5,14560.0,244.4
2018-08-09T15:45:57,36.9,216.7,223.0,0.4,14570.0,242.5
2018-08-09T15:46:29,36.8,201.4,221.8,0.5,14580.0,243.5
2018-08-09T15:47:00,36.5,223.8,220.0,0.4,14590.0,243.5
2018-08-09T15:47:31,36.4,215.0,225.4,0.5,14600.0,243.5
2018-08-09T15:48:02,36.3,199.6,228.3,0.5,14600.0,242.5
2018-08-09T15:48:33,36.3,222.7,227.7,0.4,14610.0,243.5
2018-08-09T15:49:04,36.4,216.2,223.0,0.4,14620.0,245.4
2018-08-09T15:49:35,36.4,194.9,218.3,0.4,14630.0,242.5
2018-08-09T15:50:06,36.4,211.4,225.4,0.5,14640.0,243.5
2018-08-09T15:50:37,36.3,227.4,218.8,0.4,14640.0,243.5
2018-08-09T15:51:09,36.4,204.3,215.3,0.4,14650.0,244.4
2018-08-09T15:51:40,36.3,206.7,221.8,0.5,14660.0,243.5
2018-08-09T15:52:11,36.3,228.0,227.7,0.4,14670.0,242.5
2018-08-09T15:52:42,36.3,207.9,223.6,0.4,14680.0,243.5
2018-08-09T15:53:13,36.3,200.8,216.5,0.5,14690.0,244.4
2018-08-09T15:53:44,36.3,222.7,221.8,0.4,14690.0,242.5
2018-08-09T15:54:15,36.4,214.4,225.4,0.4,14700.0,245.4
2018-08-09T15:54:46,36.4,206.7,225.4,0.5,14710.0,244.4
2018-08-09T15:55:17,36.4,228.0,217.1,0.4,14720.0,245.4
2018-08-09T15:55:48,36.5,208.5,222.4,0.5,14720.0,245.4
2018-08-09T15:56:20,36.5,207.9,228.3,0.4,14730.0,243.5
2018-08-09T15:56:51,36.5,228.6,225.4,0.4,14740.0,243.5
2018-08-09T15:57:22,36.5,207.9,225.4,0.5,14750.0,244.4
2018-08-09T15:57:53,36.5,214.4,223.0,0.5,14760.0,244.4
2018-08-09T15:58:24,36.5,222.7,217.1,0.4,14760.0,245.4
2018-08-09T15:58:55,36.5,209.7,221.2,0.4,14770.0,245.4
2018-08-09T15:59:26,36.5,229.7,225.4,0.4,14780.0,244.4
2018-08-09T15:59:57,36.5,208.5,231.3,0.5,14790.0,245.4
2018-08-09T16:00:28,36.5,208.5,228.3,0.5,14790.0,245.4
2018-08-09T16:00:59,36.5,229.7,225.9,0.4,14800.0,246.4
2018-08-09T16:01:31,36.4,210.2,218.3,0.4,14810.0,245.4
2018-08-09T16:02:02,36.5,213.8,220.6,0.4,14820.0,246.4
2018-08-09T16:02:33,36.4,228.0,224.8,0.4,14820.0,246.4
2018-08-09T16:03:04,36.4,206.7,233.0,0.4,14830.0,247.3
2018-08-09T16:03:35,36.4,207.9,223.6,0.4,14840.0,247.3
2018-08-09T16:04:06,36.3,229.7,225.4,0.4,14850.0,248.3
2018-08-09T16:04:37,36.3,215.0,222.4,0.4,14850.0,247.3
2018-08-09T16:05:08,36.3,193.1,220.0,0.5,14860.0,248.3
2018-08-09T16:05:39,36.3,216.2,221.2,0.4,14870.0,246.4
2018-08-09T16:06:15,36.3,224.4,222.4,0.4,14880.0,246.4
2018-08-09T16:06:46,36.3,203.7,224.8,0.5,14880.0,248.3
2018-08-09T16:07:17,36.3,209.7,225.4,0.5,14890.0,247.3
2018-08-09T16:07:48,36.4,229.7,233.0,0.4,14900.0,246.4
2018-08-09T16:08:19,36.3,215.0,227.1,0.5,14900.0,247.3
2018-08-09T16:08:50,36.3,194.3,229.5,0.5,14910.0,247.3
2018-08-09T16:09:21,36.3,179.5,223.0,0.5,14920.0,247.3
2018-08-09T16:09:52,36.3,200.8,221.8,0.5,14920.0,247.3
2018-08-09T16:10:23,36.3,221.5,221.2,0.4,14930.0,247.3
2018-08-09T16:10:55,36.3,223.2,225.4,0.4,14940.0,246.4
2018-08-09T16:11:26,36.3,200.8,224.2,0.5,14950.0,245.4
2018-08-09T16:11:57,36.3,212.6,228.9,0.5,14950.0,247.3
2018-08-09T16:12:28,36.3,232.1,230.1,0.4,14960.0,247.3
2018-08-09T16:12:59,36.2,217.9,230.7,0.4,14970.0,246.4
2018-08-09T16:13:30,36.2,232.7,227.7,0.3,14970.0,245.4
2018-08-09T16:14:01,36.2,232.7,229.5,0.4,14980.0,245.4
2018-08-09T16:14:32,36.2,211.4,228.3,0.5,14990.0,246.4
2018-08-09T16:15:03,36.2,204.3,225.9,0.5,14990.0,246.4
2018-08-09T16:15:35,36.2,227.4,233.0,0.4,15000.0,246.4
2018-08-09T16:16:06,36.2,220.3,228.9,0.4,15010.0,245.4
2018-08-09T16:16:37,36.2,213.8,230.1,0.5,15010.0,246.4
2018-08-09T16:17:08,36.2,225.0,227.7,0.4,15020.0,245.4
2018-08-09T16:17:39,36.2,229.2,225.9,0.4,15020.0,247.3
2018-08-09T16:18:10,36.2,217.9,225.4,0.5,15030.0,246.4
2018-08-09T16:18:41,36.2,196.1,233.0,0.4,15040.0,246.4
2018-08-09T16:19:12,36.2,218.5,233.6,0.4,15040.0,246.4
2018-08-09T16:19:43,36.2,228.6,229.5,0.4,15050.0,246.4
2018-08-09T16:20:14,36.1,210.8,224.8,0.4,15060.0,246.4
2018-08-09T16:20:46,36.1,232.1,228.3,0.4,15060.0,246.4
2018-08-09T16:21:17,36.1,217.9,232.4,0.4,15070.0,246.4
2018-08-09T16:21:48,36.0,197.3,236.0,0.4,15070.0,245.4
2018-08-09T16:22:19,36.0,194.3,227.7,0.5,15080.0,247.3
2018-08-09T16:22:50,36.0,215.6,222.4,0.4,15090.0,247.3
2018-08-09T16:23:21,36.0,233.3,230.7,0.4,15090.0,246.4
2018-08-09T16:23:52,35.9,211.4,235.4,0.4,15100.0,246.4
2018-08-09T16:24:23,35.9,190.8,231.9,0.5,15100.0,246.4
2018-08-09T16:24:54,35.9,197.3,227.1,0.5,15110.0,246.4
2018-08-09T16:25:25,35.9,219.1,222.4,0.4,15110.0,246.4
2018-08-09T16:25:57,35.9,228.0,228.3,0.4,15120.0,247.3
2018-08-09T16:26:28,35.9,207.3,233.0,0.5,15130.0,247.3
2018-08-09T16:26:59,35.7,206.1,234.2,0.5,15130.0,246.4
2018-08-09T16:27:30,35.7,228.6,230.1,0.4,15140.0,245.4
2018-08-09T16:28:01,35.7,220.3,225.4,0.4,15140.0,246.4
2018-08-09T16:28:32,35.7,206.1,224.8,0.5,15150.0,246.4
2018-08-09T16:29:03,35.7,219.7,237.2,0.4,15150.0,246.4
2018-08-09T16:29:34,35.7,234.5,233.6,0.4,15160.0,246.4
2018-08-09T16:30:05,35.7,212.0,230.7,0.4,15160.0,246.4
2018-08-09T16:30:36,35.6,191.9,225.9,0.4,15170.0,244.4
2018-08-09T16:31:08,35.6,201.4,228.3,0.5,15180.0,246.4
2018-08-09T16:31:39,35.6,225.0,228.3,0.4,15180.0,245.4
2018-08-09T16:32:10,35.6,219.1,232.4,0.5,15190.0,245.4
2018-08-09T16:32:41,35.6,199.0,225.4,0.4,15190.0,245.4
2018-08-09T16:33:12,35.6,204.9,230.7,0.5,15200.0,244.4
2018-08-09T16:33:43,35.5,224.4,236.6,0.4,15200.0,245.4
2018-08-09T16:34:14,35.5,217.3,237.2,0.4,15210.0,246.4
2018-08-09T16:34:45,35.5,209.7,236.6,0.4,15210.0,246.4
2018-08-09T16:35:16,35.4,230.9,239.0,0.4,15220.0,245.4
2018-08-09T16:35:47,35.4,208.5,237.2,0.5,15220.0,245.4
2018-08-09T16:36:19,35.4,188.4,232.4,0.4,15230.0,246.4
2018-08-09T16:36:50,35.4,199.6,228.9,0.4,15230.0,245.4
2018-08-09T16:37:21,35.3,216.2,225.9,0.4,15240.0,245.4
2018-08-09T16:37:52,35.3,219.7,224.8,0.4,15240.0,245.4
2018-08-09T16:38:23,35.3,199.6,228.3,0.4,15240.0,245.4
2018-08-09T16:38:54,35.3,205.5,239.0,0.4,15250.0,246.4
2018-08-09T16:39:25,35.2,194.9,232.4,0.4,15250.0,246.4
2018-08-09T16:39:56,35.0,187.8,225.9,0.4,15260.0,247.3
2018-08-09T16:40:27,35.0,209.7,234.8,0.4,15260.0,246.4
2018-08-09T16:40:58,35.0,231.5,235.4,0.4,15270.0,246.4
2018-08-09T16:41:30,35.0,220.3,225.9,0.4,15270.0,246.4
2018-08-09T16:42:01,35.0,199.6,235.4,0.5,15280.0,247.3
2018-08-09T16:42:32,34.9,190.2,233.6,0.4,15280.0,246.4
2018-08-09T16:43:03,34.9,212.6,225.4,0.4,15280.0,246.4
2018-08-09T16:43:34,34.9,232.7,239.5,0.4,15290.0,246.4
2018-08-09T16:44:05,34.9,215.0,234.8,0.4,15290.0,247.3
2018-08-09T16:44:36,34.9,193.7,224.8,0.4,15300.0,245.4
2018-08-09T16:45:07,34.8,206.7,233.0,0.4,15300.0,245.4
2018-08-09T16:45:38,34.7,184.3,237.2,0.4,15300.0,245.4
2018-08-09T16:46:10,34.7,177.8,233.6,0.5,15310.0,245.4
2018-08-09T16:46:41,34.7,197.8,233.0,0.5,15310.0,244.4
2018-08-09T16:47:12,34.7,194.9,239.0,0.4,15320.0,245.4
2018-08-09T16:47:43,34.7,174.2,232.4,0.4,15320.0,245.4
2018-08-09T16:48:14,34.7,181.9,228.3,0.5,15320.0,244.4
2018-08-09T16:48:45,34.7,193.7,235.4,0.4,15330.0,244.4
2018-08-09T16:49:16,34.7,216.7,233.0,0.4,15330.0,244.4
2018-08-09T16:49:47,34.7,235.1,231.3,0.3,15330.0,244.4
2018-08-09T16:50:18,34.7,212.6,236.0,0.3,15340.0,244.4
2018-08-09T16:50:49,34.7,190.2,225.9,0.4,15340.0,244.4
2018-08-09T16:51:20,34.7,200.2,235.4,0.4,15340.0,245.4
2018-08-09T16:51:51,34.6,219.7,230.7,0.3,15350.0,244.4
2018-08-09T16:52:22,34.6,224.4,231.3,0.4,15350.0,243.5
2018-08-09T16:52:53,34.6,203.7,240.1,0.4,15350.0,245.4
2018-08-09T16:53:24,34.6,183.1,235.4,0.4,15360.0,244.4
2018-08-09T16:53:55,34.6,171.3,231.3,0.5,15360.0,244.4
2018-08-09T16:54:26,34.5,150.0,231.3,0.5,15360.0,244.4
2018-08-09T16:54:57,34.5,140.5,229.5,0.7,15360.0,243.5
2018-08-09T16:55:28,34.5,138.8,232.4,0.9,15360.0,244.4
2018-08-09T16:56:00,34.4,118.7,241.9,0.9,15360.0,242.5
2018-08-09T16:56:31,34.2,111.0,249.0,1.0,15370.0,242.5
2018-08-09T16:57:02,34.2,114.6,251.4,1.0,15370.0,243.5
2018-08-09T16:57:33,34.2,115.1,238.4,0.9,15370.0,242.5
2018-08-09T16:58:04,34.2,131.1,259.1,0.9,15370.0,242.5
2018-08-09T16:58:35,34.2,124.0,247.8,0.8,15370.0,243.5
2018-08-09T16:59:06,34.1,129.3,228.3,0.8,15370.0,242.5
2018-08-09T16:59:37,34.1,120.5,206.4,1.0,15370.0,241.5
2018-08-09T17:00:08,34.1,134.0,176.2,0.9,15380.0,244.4
2018-08-09T17:00:39,34.1,132.3,174.5,0.8,15380.0,243.5
2018-08-09T17:01:11,34.1,130.5,165.6,0.9,15380.0,243.5
2018-08-09T17:01:42,34.0,142.3,179.2,0.7,15380.0,244.4
2018-08-09T17:02:13,34.0,145.9,161.5,0.7,15390.0,244.4
2018-08-09T17:02:44,34.0,149.4,180.4,0.6,15390.0,243.5
2018-08-09T17:03:15,34.0,128.1,159.1,0.8,15390.0,244.4
2018-08-09T17:03:46,33.9,126.4,177.4,0.9,15390.0,243.5
2018-08-09T17:04:17,33.9,131.1,162.6,0.7,15390.0,242.5
2018-08-09T17:04:48,33.9,151.8,181.6,0.5,15390.0,242.5
2018-08-09T17:05:19,33.8,161.2,183.3,0.5,15400.0,243.5
2018-08-09T17:05:50,33.8,145.9,172.1,0.5,15400.0,243.5
2018-08-09T17:06:22,33.7,123.4,193.4,0.7,15400.0,244.4
2018-08-09T17:06:53,33.8,116.9,185.1,0.7,15400.0,244.4
2018-08-09T17:07:24,33.7,122.8,188.1,0.7,15400.0,242.5
2018-08-09T17:07:55,33.7,130.5,199.9,0.6,15400.0,243.5
2018-08-09T17:08:26,33.5,152.9,191.0,0.5,15410.0,241.5
2018-08-09T17:08:57,33.5,157.1,208.2,0.6,15410.0,242.5
2018-08-09T17:09:28,33.5,151.8,194.0,0.5,15410.0,241.5
2018-08-09T17:09:59,33.4,157.7,207.0,0.6,15410.0,243.5
2018-08-09T17:10:30,33.4,155.9,208.2,0.5,15410.0,242.5
2018-08-09T17:11:01,33.4,145.9,197.0,0.4,15410.0,243.5
2018-08-09T17:11:32,33.4,153.5,208.8,0.3,15410.0,243.5
2018-08-09T17:12:03,33.4,152.9,230.1,0.3,15420.0,242.5
2018-08-09T17:12:34,33.3,159.4,221.2,0.2,15420.0,245.4
2018-08-09T17:13:05,33.3,181.9,229.5,0.2,15420.0,244.4
2018-08-09T17:13:36,33.2,202.0,226.5,0.1,15420.0,244.4
2018-08-09T17:14:07,33.2,200.8,232.4,0.1,15420.0,243.5
2018-08-09T17:14:38,33.2,180.1,225.9,0.1,15420.0,243.5
2018-08-09T17:15:09,33.2,190.8,222.4,0.1,15420.0,243.5
2018-08-09T17:15:41,33.2,194.3,230.1,0.1,15420.0,244.4
2018-08-09T17:16:12,33.1,171.3,225.4,0.1,15420.0,243.5
2018-08-09T17:16:43,33.1,151.2,224.2,0.1,15420.0,242.5
2018-08-09T17:17:14,33.1,158.3,221.8,0.1,15420.0,241.5
2018-08-09T17:17:45,33.0,177.2,210.0,0.1,15420.0,241.5
2018-08-09T17:18:16,33.0,201.4,185.7,0.0,15420.0,242.5
2018-08-09T17:18:47,33.0,186.0,166.8,0.1,15420.0,242.5
2018-08-09T17:19:18,33.0,165.4,146.1,0.1,15420.0,243.5
2018-08-09T17:19:49,32.9,144.7,165.6,0.1,15420.0,242.5
2018-08-09T17:20:20,32.9,154.7,182.8,0.1,15420.0,242.5
2018-08-09T17:20:51,32.7,178.3,204.1,0.0,15420.0,240.6
2018-08-09T17:21:23,32.6,199.0,227.1,0.0,15420.0,242.5
2018-08-09T17:21:54,32.6,202.0,207.6,0.0,15420.0,242.5
2018-08-09T17:22:25,32.6,189.6,190.4,0.1,15420.0,242.5
2018-08-09T17:22:56,32.6,168.3,166.8,0.0,15420.0,242.5
2018-08-09T17:23:27,32.5,146.4,149.0,0.1,15420.0,243.5
2018-08-09T17:23:58,32.5,131.1,175.1,0.0,15420.0,242.5
2018-08-09T17:24:29,32.4,154.1,193.4,0.0,15420.0,243.5
2018-08-09T17:25:00,32.4,173.0,211.7,0.0,15420.0,242.5
2018-08-09T17:25:31,32.3,191.3,226.5,0.0,15420.0,241.5
2018-08-09T17:26:03,32.2,189.6,202.9,0.0,15420.0,242.5
2018-08-09T17:26:34,32.2,187.8,195.8,0.0,15420.0,240.6
2018-08-09T17:27:05,32.2,177.8,191.0,0.0,15420.0,241.5
2018-08-09T17:27:36,32.0,88.6,186.3,0.1,15420.0,240.6
2018-08-09T17:28:07,32.0,173.0,173.3,0.0,15420.0,240.6
2018-08-09T17:28:38,31.9,164.8,165.0,0.0,15420.0,242.5
2018-08-09T17:29:09,31.9,151.2,151.4,0.0,15420.0,241.5
2018-08-09T17:29:40,31.8,128.1,128.3,0.0,15420.0,241.5
