2018-08-12T06:55:29,10.7,194.9,202.3,0.2,10.0,244.4
2018-08-12T06:56:00,10.7,206.1,181.0,0.2,10.0,243.5
2018-08-12T06:56:31,10.7,215.0,170.3,0.2,10.0,244.4
2018-08-12T06:57:02,11.1,192.5,192.2,0.2,10.0,244.4
2018-08-12T06:57:33,11.1,171.9,212.9,0.2,10.0,243.5
2018-08-12T06:58:04,11.1,183.1,233.6,0.2,10.0,244.4
2018-08-12T06:58:35,11.1,203.7,246.1,0.2,10.0,244.4
2018-08-12T06:59:06,11.1,223.2,223.6,0.2,10.0,243.5
2018-08-12T06:59:37,11.1,201.4,204.6,0.2,10.0,243.5
2018-08-12T07:00:08,11.1,180.1,182.8,0.2,10.0,242.5
2018-08-12T07:00:40,11.1,159.4,202.3,0.2,10.0,243.5
2018-08-12T07:01:11,11.1,170.7,225.4,0.2,10.0,240.6
2018-08-12T07:01:42,11.1,193.7,245.5,0.2,10.0,242.5
2018-08-12T07:02:13,11.1,213.8,238.4,0.2,10.0,241.5
2018-08-12T07:02:44,11.4,207.3,216.5,0.2,10.0,242.5
2018-08-12T07:03:15,11.4,185.4,196.4,0.2,10.0,243.5
2018-08-12T07:03:46,11.4,165.9,198.1,0.2,10.0,242.5
2018-08-12T07:04:17,11.4,183.1,218.8,0.2,20.0,243.5
2018-08-12T07:04:48,11.4,206.7,240.7,0.2,20.0,241.5
2018-08-12T07:05:19,11.4,223.2,244.3,0.2,20.0,242.5
2018-08-12T07:05:50,11.4,199.0,221.2,0.3,20.0,243.5
2018-08-12T07:06:22,11.4,178.9,199.9,0.3,20.0,244.4
2018-08-12T07:06:53,11.8,196.7,206.4,0.2,20.0,243.5
2018-08-12T07:07:24,11.8,216.2,227.7,0.2,20.0,244.4
2018-08-12T07:07:55,11.8,208.5,249.0,0.2,20.0,244.4
2018-08-12T07:08:26,11.8,199.0,247.2,0.3,20.0,243.5
2018-08-12T07:08:57,11.8,219.7,225.9,0.2,20.0,243.5
2018-08-12T07:09:28,12.1,203.7,205.8,0.2,20.0,244.4
2018-08-12T07:09:59,12.1,183.1,185.7,0.3,20.0,243.5
2018-08-12T07:10:30,12.1,180.7,204.6,0.3,20.0,244.4
2018-08-12T07:11:01,12.1,204.3,225.9,0.3,20.0,242.5
2018-08-12T07:11:32,12.1,213.8,246.6,0.3,20.0,242.5
2018-08-12T07:12:03,12.1,190.8,233.0,0.3,30.0,244.4
2018-08-12T07:12:34,12.5,206.1,211.7,0.3,30.0,243.5
2018-08-12T07:13:05,12.1,217.3,193.4,0.2,30.0,243.5
2018-08-12T07:13:36,12.5,196.1,204.1,0.3,30.0,242.5
2018-08-12T07:14:07,12.5,173.6,224.8,0.3,30.0,243.5
2018-08-12T07:14:38,12.5,193.7,244.9,0.3,30.0,242.5
2018-08-12T07:15:09,12.5,216.2,243.7,0.3,30.0,243.5
2018-08-12T07:15:41,12.5,203.2,221.2,0.3,30.0,243.5
2018-08-12T07:16:12,12.5,182.5,200.5,0.3,30.0,243.5
2018-08-12T07:16:43,12.5,200.8,212.3,0.3,30.0,243.5
2018-08-12T07:17:14,12.9,220.9,233.6,0.3,30.0,243.5
2018-08-12T07:17:45,12.9,204.3,244.3,0.3,30.0,242.5
2018-08-12T07:18:16,12.9,185.4,225.4,0.3,30.0,243.5
2018-08-12T07:18:47,12.9,208.5,225.9,0.3,40.0,243.5
2018-08-12T07:19:18,12.9,220.9,228.3,0.3,40.0,241.5
2018-08-12T07:19:49,12.9,198.4,208.8,0.3,40.0,243.5
2018-08-12T07:20:20,12.9,192.5,202.9,0.3,40.0,243.5
2018-08-12T07:20:52,13.2,213.8,225.4,0.3,40.0,243.5
2018-08-12T07:21:23,13.2,213.8,246.6,0.3,40.0,243.5
2018-08-12T07:21:54,13.2,193.7,244.3,0.3,40.0,242.5
2018-08-12T07:22:25,13.2,172.4,221.8,0.4,40.0,244.4
2018-08-12T07:22:56,13.2,194.9,199.9,0.4,40.0,242.5
2018-08-12T07:23:27,13.2,216.2,214.1,0.4,40.0,241.5
2018-08-12T07:23:58,13.2,213.2,236.6,0.3,40.0,242.5
2018-08-12T07:24:29,13.6,194.9,248.4,0.4,50.0,243.5
2018-08-12T07:25:00,13.6,216.2,227.7,0.4,50.0,242.5
2018-08-12T07:25:31,13.6,206.7,243.7,0.4,50.0,243.5
2018-08-12T07:26:03,13.6,220.9,235.4,0.4,50.0,242.5
2018-08-12T07:26:34,13.6,203.7,236.0,0.4,50.0,242.5
2018-08-12T07:27:05,13.6,222.7,256.1,0.4,50.0,243.5
2018-08-12T07:27:36,13.6,209.1,234.2,0.4,50.0,244.4
2018-08-12T07:28:07,14.0,191.9,213.5,0.4,50.0,243.5
2018-08-12T07:28:38,14.0,213.2,225.9,0.5,50.0,243.5
2018-08-12T07:29:09,14.0,220.9,246.1,0.4,60.0,242.5
2018-08-12T07:29:40,14.0,199.0,246.1,0.5,60.0,243.5
2018-08-12T07:30:11,14.0,216.2,225.4,0.5,60.0,244.4
2018-08-12T07:30:42,14.0,216.2,214.1,0.5,60.0,244.4
2018-08-12T07:31:14,14.3,194.9,237.8,0.4,60.0,243.5
2018-08-12T07:31:45,14.3,204.9,252.0,0.5,60.0,242.5
2018-08-12T07:32:16,14.3,225.6,228.9,0.4,60.0,243.5
2018-08-12T07:32:47,14.3,207.9,210.0,0.5,70.0,243.5
2018-08-12T07:33:18,14.3,194.9,223.0,0.5,70.0,241.5
2018-08-12T07:33:49,14.3,217.9,244.9,0.5,70.0,241.5
2018-08-12T07:34:20,14.7,217.3,248.4,0.5,70.0,242.5
2018-08-12T07:34:51,14.7,196.1,226.5,0.6,70.0,242.5
2018-08-12T07:35:22,14.7,207.9,225.9,0.5,70.0,242.5
2018-08-12T07:35:54,14.7,228.0,248.4,0.4,70.0,242.5
2018-08-12T07:36:25,14.7,217.9,246.6,0.6,80.0,243.5
2018-08-12T07:36:56,14.7,211.4,228.3,0.6,80.0,243.5
2018-08-12T07:37:27,14.7,215.0,249.0,0.5,80.0,242.5
2018-08-12T07:37:58,15.1,208.5,240.7,0.5,80.0,242.5
2018-08-12T07:38:29,15.1,220.3,240.1,0.6,80.0,242.5
2018-08-12T07:39:00,15.1,212.0,237.2,0.6,80.0,243.5
2018-08-12T07:39:31,15.1,215.6,218.3,0.5,90.0,242.5
2018-08-12T07:40:02,15.4,222.1,240.1,0.6,90.0,243.5
2018-08-12T07:40:33,15.4,200.8,239.5,0.6,90.0,242.5
2018-08-12T07:41:05,15.4,219.7,255.5,0.6,90.0,241.5
2018-08-12T07:41:36,15.4,213.2,232.4,0.6,90.0,240.6
2018-08-12T07:42:07,15.4,212.0,225.4,0.6,90.0,241.5
2018-08-12T07:42:38,15.4,225.0,248.4,0.6,100.0,241.5
2018-08-12T07:43:09,15.4,210.8,243.7,0.6,100.0,238.6
2018-08-12T07:43:40,15.8,224.4,223.0,0.6,100.0,239.6
2018-08-12T07:44:11,15.8,203.2,232.4,0.7,100.0,239.6
2018-08-12T07:44:42,15.8,217.9,253.7,0.6,100.0,241.5
2018-08-12T07:45:13,15.8,215.0,239.5,0.6,110.0,242.5
2018-08-12T07:45:45,15.8,218.5,234.8,0.6,110.0,242.5
2018-08-12T07:46:16,16.2,210.2,256.1,0.6,110.0,239.6
2018-08-12T07:46:47,16.2,200.8,238.4,0.7,110.0,240.6
2018-08-12T07:47:18,16.2,223.8,231.3,0.7,120.0,240.6
2018-08-12T07:47:49,16.2,213.8,253.7,0.7,120.0,240.6
2018-08-12T07:48:20,16.5,203.2,236.0,0.7,120.0,242.5
2018-08-12T07:48:51,16.5,224.4,228.3,0.7,120.0,240.6
2018-08-12T07:49:22,16.5,211.4,251.4,0.7,120.0,241.5
2018-08-12T07:49:53,16.5,217.9,240.1,0.7,130.0,241.5
2018-08-12T07:50:24,16.5,215.0,230.7,0.7,130.0,240.6
2018-08-12T07:50:55,16.9,219.7,253.7,0.8,130.0,239.6
2018-08-12T07:51:27,16.9,216.7,239.5,0.7,130.0,240.6
2018-08-12T07:51:58,16.9,211.4,235.4,0.8,140.0,241.5
2018-08-12T07:52:29,16.9,228.0,258.5,0.7,140.0,241.5
2018-08-12T07:53:00,16.9,205.5,235.4,0.8,140.0,242.5
2018-08-12T07:53:31,17.3,222.7,246.1,0.8,140.0,241.5
2018-08-12T07:54:02,17.3,212.6,251.4,0.8,150.0,241.5
2018-08-12T07:54:33,17.3,213.8,240.1,0.8,150.0,241.5
2018-08-12T07:55:04,17.3,220.9,253.2,0.8,150.0,241.5
2018-08-12T07:55:35,17.3,206.1,237.2,0.9,160.0,241.5
2018-08-12T07:56:31,17.6,215.0,239.5,0.9,160.0,240.6
2018-08-12T07:57:02,17.6,217.9,251.4,0.9,160.0,241.5
2018-08-12T07:57:33,17.6,223.2,241.9,0.9,170.0,240.6
2018-08-12T07:58:04,17.6,212.0,235.4,0.9,170.0,240.6
2018-08-12T07:58:35,18.0,216.2,254.9,0.9,170.0,240.6
2018-08-12T07:59:06,18.0,217.9,244.3,1.0,180.0,240.6
2018-08-12T07:59:37,18.0,211.4,249.0,0.9,180.0,241.5
2018-08-12T08:00:08,18.4,219.7,247.2,1.0,180.0,240.6
2018-08-12T08:00:39,18.4,217.9,248.4,1.0,190.0,240.6
2018-08-12T08:01:11,18.4,217.9,237.2,0.9,190.0,238.6
2018-08-12T08:01:42,18.4,216.2,254.3,1.0,190.0,238.6
2018-08-12T08:02:13,18.4,219.1,233.0,1.0,200.0,238.6
2018-08-12T08:02:44,18.7,226.2,243.7,0.9,200.0,237.7
2018-08-12T08:03:15,18.7,206.1,259.1,1.1,200.0,239.6
2018-08-12T08:03:46,18.7,226.8,249.0,1.0,210.0,240.6
2018-08-12T08:04:17,18.7,210.8,247.2,1.0,210.0,241.5
2018-08-12T08:04:48,18.7,222.1,228.3,1.0,210.0,240.6
2018-08-12T08:05:19,19.1,213.2,239.0,1.1,220.0,239.6
2018-08-12T08:05:50,19.1,218.5,259.1,1.1,220.0,241.5
2018-08-12T08:06:22,19.1,222.1,238.4,1.1,220.0,239.6
2018-08-12T08:06:53,19.1,225.0,252.0,1.1,230.0,238.6
2018-08-12T08:07:24,19.5,209.7,231.9,1.1,230.0,238.6
2018-08-12T08:07:55,19.5,224.4,238.4,1.1,240.0,238.6
2018-08-12T08:08:26,19.5,218.5,259.1,1.1,240.0,238.6
2018-08-12T08:08:57,19.5,213.8,246.6,1.1,240.0,239.6
2018-08-12T08:09:28,19.8,223.2,234.2,1.2,250.0,239.6
2018-08-12T08:09:59,19.5,223.2,243.1,1.1,250.0,239.6
2018-08-12T08:10:30,19.5,214.4,234.8,1.2,260.0,239.6
2018-08-12T08:11:01,19.5,222.1,236.6,1.1,260.0,239.6
2018-08-12T08:11:32,19.5,215.0,235.4,1.1,260.0,241.5
2018-08-12T08:12:03,19.5,226.2,240.1,1.1,270.0,242.5
2018-08-12T08:12:34,19.5,220.9,237.2,1.3,270.0,241.5
2018-08-12T08:13:05,19.8,223.2,258.5,1.2,280.0,241.5
2018-08-12T08:13:36,19.8,207.3,252.0,1.3,280.0,242.5
2018-08-12T08:14:07,19.8,219.7,240.1,1.3,290.0,242.5
2018-08-12T08:14:38,20.2,214.4,249.6,1.3,290.0,240.6
2018-08-12T08:15:09,20.2,213.8,246.1,1.2,290.0,242.5
2018-08-12T08:15:40,20.2,217.3,253.2,1.3,300.0,240.6
2018-08-12T08:16:12,20.2,216.7,256.1,1.2,300.0,240.6
2018-08-12T08:16:43,20.2,215.0,245.5,1.4,310.0,242.5
2018-08-12T08:17:14,20.6,225.0,246.1,1.3,310.0,241.5
2018-08-12T08:17:45,20.6,225.6,254.3,1.2,320.0,241.5
2018-08-12T08:18:16,20.6,220.9,255.5,1.3,320.0,240.6
2018-08-12T08:18:47,20.6,220.9,249.6,1.4,330.0,240.6
2018-08-12T08:19:18,20.9,215.0,239.0,1.4,330.0,241.5
2018-08-12T08:19:49,20.6,216.2,253.7,1.4,340.0,240.6
2018-08-12T08:20:20,20.6,225.6,253.7,1.3,340.0,242.5
2018-08-12T08:20:51,20.6,225.6,243.1,1.4,350.0,240.6
2018-08-12T08:21:23,20.9,210.8,248.4,1.5,350.0,241.5
2018-08-12T08:21:54,20.9,216.2,247.2,1.5,360.0,240.6
2018-08-12T08:22:25,20.9,221.5,255.5,1.4,360.0,241.5
2018-08-12T08:22:56,21.3,220.9,252.0,1.6,370.0,240.6
2018-08-12T08:23:27,21.3,213.2,241.9,1.5,370.0,241.5
2018-08-12T08:23:58,21.3,223.2,251.4,1.5,380.0,242.5
2018-08-12T08:24:29,21.7,223.8,236.0,1.5,380.0,241.5
2018-08-12T08:25:00,21.7,224.4,253.7,1.4,390.0,240.6
2018-08-12T08:25:31,21.7,225.0,242.5,1.5,400.0,240.6
2018-08-12T08:26:03,22.0,219.7,244.3,1.6,400.0,239.6
2018-08-12T08:26:34,22.0,218.5,253.2,1.6,410.0,240.6
2018-08-12T08:27:05,22.0,222.7,238.4,1.6,410.0,241.5
2018-08-12T08:27:36,22.4,221.5,253.2,1.6,420.0,241.5
2018-08-12T08:28:07,22.4,218.5,239.0,1.6,420.0,241.5
2018-08-12T08:28:38,22.4,217.9,254.3,1.6,430.0,240.6
2018-08-12T08:29:09,22.4,215.0,246.1,1.7,440.0,241.5
2018-08-12T08:29:40,22.4,219.1,244.3,1.7,440.0,242.5
2018-08-12T08:30:11,22.8,222.1,248.4,1.6,450.0,239.6
2018-08-12T08:30:42,22.8,222.1,238.4,1.7,450.0,241.5
2018-08-12T08:31:13,22.8,219.1,251.4,1.8,460.0,240.6
2018-08-12T08:31:44,22.8,220.9,248.4,1.6,470.0,239.6
2018-08-12T08:32:15,23.1,220.3,246.6,1.7,470.0,239.6
2018-08-12T08:32:46,23.1,222.1,245.5,1.7,480.0,241.5
2018-08-12T08:33:17,23.1,225.0,241.9,1.8,490.0,241.5
2018-08-12T08:33:48,23.1,223.2,252.0,1.8,490.0,241.5
2018-08-12T08:34:19,23.5,218.5,234.8,1.8,500.0,241.5
2018-08-12T08:34:50,23.5,223.2,249.0,1.8,500.0,240.6
2018-08-12T08:35:21,23.9,212.6,240.1,1.8,510.0,241.5
2018-08-12T08:35:53,23.9,217.3,249.0,1.8,520.0,241.5
2018-08-12T08:36:25,23.9,221.5,241.9,1.9,520.0,241.5
2018-08-12T08:36:56,23.9,217.9,248.4,1.9,530.0,240.6
2018-08-12T08:37:27,24.2,215.6,236.0,1.9,540.0,241.5
2018-08-12T08:37:58,24.2,215.6,253.2,1.9,540.0,241.5
2018-08-12T08:38:29,24.2,213.2,242.5,1.9,550.0,240.6
2018-08-12T08:39:00,24.6,213.2,248.4,2.0,560.0,242.5
2018-08-12T08:39:31,24.6,210.2,242.5,2.0,570.0,242.5
2018-08-12T08:40:02,24.6,213.2,241.3,2.1,570.0,242.5
2018-08-12T08:40:33,24.6,210.8,250.2,2.0,580.0,241.5
2018-08-12T08:41:05,25.0,215.0,234.2,2.1,590.0,242.5
2018-08-12T08:41:36,25.0,214.4,247.2,2.1,590.0,242.5
2018-08-12T08:42:07,25.0,218.5,242.5,2.1,600.0,241.5
2018-08-12T08:42:38,25.0,213.8,234.2,2.0,610.0,241.5
2018-08-12T08:43:09,25.3,216.2,241.9,2.2,620.0,240.6
2018-08-12T08:43:40,25.3,217.9,241.3,2.2,620.0,240.6
2018-08-12T08:44:11,25.3,215.0,236.0,2.1,630.0,241.5
2018-08-12T08:44:42,25.3,217.3,244.3,2.1,640.0,240.6
2018-08-12T08:45:13,25.7,219.7,243.1,2.2,650.0,242.5
2018-08-12T08:45:44,25.7,217.9,234.8,2.2,650.0,241.5
2018-08-12T08:46:16,25.7,217.9,245.5,2.2,660.0,241.5
2018-08-12T08:46:47,26.1,219.1,240.1,2.1,670.0,242.5
2018-08-12T08:47:18,26.1,215.6,252.0,2.3,680.0,240.6
2018-08-12T08:47:49,26.1,220.9,239.0,2.2,690.0,241.5
2018-08-12T08:48:20,26.4,213.8,235.4,2.3,690.0,239.6
2018-08-12T08:48:51,26.4,219.7,241.3,2.2,700.0,240.6
2018-08-12T08:49:22,26.4,213.8,248.4,2.3,710.0,241.5
2018-08-12T08:49:53,26.4,215.6,236.6,2.3,720.0,240.6
2018-08-12T08:50:24,26.8,219.7,240.1,2.2,730.0,241.5
2018-08-12T08:50:55,26.8,217.9,241.9,2.3,740.0,240.6
2018-08-12T08:51:26,26.8,214.4,247.2,2.3,740.0,239.6
2018-08-12T08:51:57,26.8,213.2,233.0,2.3,750.0,240.6
2018-08-12T08:52:28,27.2,212.0,239.5,2.5,760.0,240.6
2018-08-12T08:52:59,27.2,220.9,248.4,2.4,770.0,240.6
2018-08-12T08:53:30,27.2,212.0,239.0,2.4,780.0,240.6
2018-08-12T08:54:01,27.2,214.4,247.2,2.4,790.0,242.5
2018-08-12T08:54:32,27.2,219.7,238.4,2.4,800.0,242.5
2018-08-12T08:55:03,27.2,215.0,237.2,2.5,810.0,240.6
2018-08-12T08:55:35,27.5,220.3,246.6,2.4,810.0,240.6
2018-08-12T08:56:06,27.5,213.2,235.4,2.6,820.0,240.6
2018-08-12T08:56:37,27.5,217.9,245.5,2.6,830.0,240.6
2018-08-12T08:57:08,27.5,215.6,243.1,2.5,840.0,239.6
2018-08-12T08:57:39,27.9,212.0,234.8,2.5,850.0,240.6
2018-08-12T08:58:10,27.9,220.9,244.9,2.5,860.0,238.6
2018-08-12T08:58:41,27.9,213.8,242.5,2.7,870.0,237.7
2018-08-12T08:59:12,27.9,216.2,235.4,2.7,880.0,239.6
2018-08-12T08:59:43,28.3,216.2,247.8,2.7,890.0,240.6
2018-08-12T09:00:14,28.3,214.4,242.5,2.7,900.0,240.6
2018-08-12T09:00:46,28.3,218.5,236.0,2.7,910.0,241.5
2018-08-12T09:01:17,27.9,220.9,233.6,2.5,920.0,242.5
2018-08-12T09:01:48,28.3,222.1,234.8,2.5,930.0,242.5
2018-08-12T09:02:19,28.3,217.9,243.1,2.8,940.0,239.6
2018-08-12T09:02:50,28.6,215.0,244.9,2.8,950.0,240.6
2018-08-12T09:03:21,28.6,212.6,247.2,2.8,960.0,239.6
2018-08-12T09:03:52,28.6,219.1,241.3,2.7,970.0,240.6
2018-08-12T09:04:23,28.6,216.7,237.8,2.8,980.0,240.6
2018-08-12T09:04:54,29.0,212.0,237.2,2.9,990.0,241.5
2018-08-12T09:05:25,29.0,212.6,231.9,2.8,1000.0,240.6
2018-08-12T09:05:57,29.0,219.7,240.1,2.8,1010.0,240.6
2018-08-12T09:06:28,29.0,220.3,247.8,2.7,1020.0,239.6
2018-08-12T09:06:59,29.0,214.4,232.4,2.9,1030.0,239.6
2018-08-12T09:07:30,29.4,219.1,238.4,2.8,1040.0,239.6
2018-08-12T09:08:01,29.0,212.6,246.6,2.9,1050.0,240.6
2018-08-12T09:08:32,29.0,220.3,241.9,2.7,1060.0,240.6
2018-08-12T09:09:03,29.4,217.9,236.0,3.0,1070.0,241.5
2018-08-12T09:09:34,29.4,220.3,232.4,2.9,1080.0,240.6
2018-08-12T09:10:05,29.4,213.2,245.5,2.9,1090.0,240.6
2018-08-12T09:10:36,29.4,220.9,238.4,2.8,1100.0,241.5
2018-08-12T09:11:08,29.7,216.7,231.3,2.9,1110.0,240.6
2018-08-12T09:11:39,29.7,213.2,241.9,3.0,1120.0,241.5
2018-08-12T09:12:10,29.7,216.7,246.1,3.0,1130.0,242.5
2018-08-12T09:12:41,30.1,218.5,236.6,3.0,1140.0,242.5
2018-08-12T09:13:12,30.1,212.6,239.5,3.1,1150.0,241.5
2018-08-12T09:13:43,30.1,219.7,248.4,2.9,1170.0,242.5
2018-08-12T09:14:14,30.1,215.6,237.2,3.0,1180.0,241.5
2018-08-12T09:14:45,30.2,219.1,239.0,3.0,1190.0,241.5
2018-08-12T09:15:16,30.2,213.8,234.2,3.1,1200.0,241.5
2018-08-12T09:15:47,30.2,214.4,240.7,3.2,1210.0,241.5
2018-08-12T09:16:19,30.2,213.2,244.3,3.1,1220.0,241.5
2018-08-12T09:16:50,30.3,210.8,236.6,3.2,1230.0,242.5
2018-08-12T09:17:21,30.3,217.3,239.5,3.1,1240.0,241.5
2018-08-12T09:17:52,30.2,215.0,243.1,3.3,1260.0,241.5
2018-08-12T09:18:23,30.2,213.2,239.0,3.2,1270.0,241.5
2018-08-12T09:18:54,30.3,217.9,234.2,3.1,1280.0,241.5
2018-08-12T09:19:25,30.3,217.3,238.4,3.2,1290.0,242.5
2018-08-12T09:19:56,30.3,217.9,234.8,3.2,1300.0,242.5
2018-08-12T09:20:27,30.3,212.6,237.2,3.4,1310.0,243.5
2018-08-12T09:20:58,30.3,218.5,244.3,3.2,1330.0,242.5
2018-08-12T09:21:30,30.4,215.0,239.5,3.2,1340.0,243.5
2018-08-12T09:22:01,30.4,212.0,240.1,3.5,1350.0,243.5
2018-08-12T09:22:32,30.4,213.8,232.4,3.5,1360.0,243.5
2018-08-12T09:23:03,30.4,212.0,237.8,3.5,1370.0,243.5
2018-08-12T09:23:34,30.4,213.2,246.1,3.4,1390.0,242.5
2018-08-12T09:24:05,30.4,213.8,242.5,3.3,1400.0,243.5
2018-08-12T09:24:36,30.5,210.2,234.2,3.5,1410.0,243.5
2018-08-12T09:25:07,30.7,217.3,237.2,3.4,1420.0,243.5
2018-08-12T09:25:38,30.7,211.4,246.1,3.5,1440.0,243.5
2018-08-12T09:26:10,30.7,218.5,235.4,3.4,1450.0,241.5
2018-08-12T09:26:41,30.5,210.8,236.0,3.5,1460.0,243.5
2018-08-12T09:27:12,30.5,216.2,246.1,3.5,1470.0,244.4
2018-08-12T09:27:43,30.5,212.6,243.1,3.6,1490.0,242.5
2018-08-12T09:28:14,30.5,217.3,240.1,3.5,1500.0,242.5
2018-08-12T09:28:45,30.5,215.0,233.0,3.5,1510.0,244.4
2018-08-12T09:29:16,30.5,213.8,233.0,3.6,1520.0,243.5
2018-08-12T09:29:47,30.5,217.3,236.0,3.6,1540.0,243.5
2018-08-12T09:30:18,30.5,214.4,241.3,3.6,1550.0,246.4
2018-08-12T09:30:49,30.5,212.0,244.3,3.6,1560.0,244.4
2018-08-12T09:31:20,30.7,219.1,238.4,3.5,1580.0,244.4
2018-08-12T09:31:51,30.7,211.4,232.4,3.7,1590.0,244.4
2018-08-12T09:32:22,30.7,213.8,239.5,3.6,1600.0,243.5
2018-08-12T09:32:53,30.8,213.8,244.9,3.8,1620.0,244.4
2018-08-12T09:33:24,30.8,219.1,240.1,3.6,1630.0,244.4
2018-08-12T09:33:55,30.8,213.8,239.5,3.7,1640.0,244.4
2018-08-12T09:34:26,30.7,217.3,235.4,3.6,1650.0,244.4
2018-08-12T09:34:57,30.7,218.5,243.7,3.6,1670.0,244.4
2018-08-12T09:35:28,30.8,212.6,243.1,3.8,1680.0,245.4
2018-08-12T09:36:00,30.7,216.7,233.0,3.8,1700.0,244.4
2018-08-12T09:36:31,30.7,217.9,236.0,3.8,1710.0,245.4
2018-08-12T09:37:02,30.8,219.1,246.6,3.8,1720.0,246.4
2018-08-12T09:37:33,30.8,213.8,240.7,3.9,1740.0,244.4
2018-08-12T09:38:04,30.7,218.5,241.3,3.7,1750.0,244.4
2018-08-12T09:38:35,30.5,216.2,243.7,3.9,1760.0,245.4
2018-08-12T09:39:06,30.5,215.0,231.3,3.8,1780.0,244.4
2018-08-12T09:39:37,30.7,216.7,243.1,3.8,1790.0,244.4
2018-08-12T09:40:08,30.7,217.3,233.6,3.9,1810.0,244.4
2018-08-12T09:40:39,30.7,214.4,239.0,3.9,1820.0,242.5
2018-08-12T09:41:11,30.8,212.6,244.3,3.9,1830.0,242.5
2018-08-12T09:41:42,30.8,212.0,247.2,4.0,1850.0,244.4
2018-08-12T09:42:13,30.8,214.4,234.2,3.9,1860.0,243.5
2018-08-12T09:42:44,30.8,209.7,234.2,4.1,1880.0,243.5
2018-08-12T09:43:15,30.8,216.2,238.4,3.9,1890.0,245.4
2018-08-12T09:43:46,30.8,215.0,235.4,3.9,1910.0,244.4
2018-08-12T09:44:17,30.7,213.2,236.0,4.1,1920.0,246.4
2018-08-12T09:44:48,30.8,211.4,241.3,4.0,1930.0,246.4
2018-08-12T09:45:19,30.7,213.2,241.3,4.1,1950.0,245.4
2018-08-12T09:45:50,30.7,213.2,234.8,4.1,1960.0,245.4
2018-08-12T09:46:22,30.7,216.7,230.1,4.0,1980.0,246.4
2018-08-12T09:46:53,30.7,213.2,240.1,4.1,1990.0,247.3
2018-08-12T09:47:24,30.7,216.7,241.9,4.0,2010.0,246.4
2018-08-12T09:47:55,30.7,214.4,244.9,4.2,2020.0,246.4
2018-08-12T09:48:26,30.7,214.4,239.0,4.1,2040.0,244.4
2018-08-12T09:48:57,30.7,214.4,242.5,4.2,2050.0,244.4
2018-08-12T09:49:28,30.8,212.0,239.0,4.2,2070.0,244.4
2018-08-12T09:49:59,30.7,217.3,235.4,4.2,2080.0,244.4
2018-08-12T09:50:30,30.9,213.2,238.4,4.2,2100.0,244.4
2018-08-12T09:51:01,30.8,215.0,238.4,4.2,2110.0,245.4
2018-08-12T09:51:32,30.8,215.6,234.2,4.2,2130.0,244.4
2018-08-12T09:52:03,30.9,210.8,238.4,4.3,2140.0,245.4
2018-08-12T09:52:34,30.9,215.6,239.0,4.2,2160.0,243.5
2018-08-12T09:53:05,30.9,215.0,244.3,4.2,2170.0,243.5
2018-08-12T09:53:36,30.9,215.0,237.2,4.3,2190.0,244.4
2018-08-12T09:54:07,30.9,212.0,234.2,4.4,2200.0,244.4
2018-08-12T09:54:38,30.8,212.0,234.2,4.3,2220.0,244.4
2018-08-12T09:55:09,30.7,214.4,238.4,4.4,2230.0,245.4
2018-08-12T09:55:41,30.7,217.3,235.4,4.4,2250.0,246.4
2018-08-12T09:56:12,30.8,214.4,229.5,4.3,2260.0,244.4
2018-08-12T09:56:43,30.9,212.6,238.4,4.5,2280.0,245.4
2018-08-12T09:57:14,31.0,212.6,244.9,4.5,2300.0,246.4
2018-08-12T09:57:45,31.0,213.2,242.5,4.5,2310.0,245.4
2018-08-12T09:58:16,31.0,211.4,239.5,4.4,2330.0,246.4
2018-08-12T09:58:47,31.1,213.8,241.3,4.4,2340.0,246.4
2018-08-12T09:59:18,31.1,210.8,239.5,4.6,2360.0,246.4
2018-08-12T09:59:49,31.1,213.2,231.9,4.4,2380.0,246.4
2018-08-12T10:00:20,31.2,215.0,233.6,4.4,2390.0,246.4
2018-08-12T10:00:52,31.2,208.5,239.0,4.6,2410.0,246.4
2018-08-12T10:01:23,31.2,210.8,244.3,4.6,2420.0,246.4
2018-08-12T10:01:54,31.2,213.2,241.3,4.4,2440.0,245.4
2018-08-12T10:02:25,31.2,209.1,238.4,4.5,2460.0,245.4
2018-08-12T10:02:56,31.4,214.4,232.4,4.5,2470.0,246.4
2018-08-12T10:03:27,31.4,215.6,233.0,4.4,2490.0,245.4
2018-08-12T10:03:58,31.4,213.8,233.6,4.5,2500.0,246.4
2018-08-12T10:04:29,31.4,210.2,242.5,4.7,2520.0,244.4
2018-08-12T10:05:00,31.4,214.4,242.5,4.6,2540.0,247.3
2018-08-12T10:05:31,31.5,210.2,239.0,4.7,2550.0,247.3
2018-08-12T10:06:03,31.5,215.6,235.4,4.5,2570.0,247.3
2018-08-12T10:06:34,31.5,212.0,231.3,4.7,2590.0,247.3
2018-08-12T10:07:05,31.4,213.8,237.8,4.6,2600.0,247.3
2018-08-12T10:07:36,31.5,212.0,241.9,4.8,2620.0,246.4
2018-08-12T10:08:07,31.6,209.1,237.2,4.8,2640.0,246.4
2018-08-12T10:08:38,31.6,212.6,238.4,4.7,2650.0,244.4
2018-08-12T10:09:09,31.5,209.7,241.3,4.8,2670.0,246.4
2018-08-12T10:09:40,31.6,214.4,232.4,4.7,2690.0,243.5
2018-08-12T10:10:11,31.6,207.9,232.4,4.7,2700.0,244.4
2018-08-12T10:10:42,31.6,215.6,237.2,4.7,2720.0,242.5
2018-08-12T10:11:14,31.7,210.8,230.7,4.8,2740.0,241.5
2018-08-12T10:11:45,31.6,213.8,231.9,4.7,2760.0,241.5
2018-08-12T10:12:16,31.6,209.7,232.4,4.9,2770.0,241.5
2018-08-12T10:12:47,31.6,207.9,235.4,4.8,2790.0,242.5
2018-08-12T10:13:18,31.6,213.2,241.9,4.7,2810.0,241.5
2018-08-12T10:13:49,31.5,207.9,238.4,5.0,2820.0,243.5
2018-08-12T10:14:20,31.6,210.2,235.4,4.9,2840.0,241.5
2018-08-12T10:14:51,31.5,212.0,231.3,4.9,2860.0,241.5
2018-08-12T10:15:22,31.6,212.6,228.3,4.9,2880.0,241.5
2018-08-12T10:15:53,31.6,213.8,236.0,4.9,2890.0,240.6
2018-08-12T10:16:25,31.7,213.2,241.3,4.9,2910.0,241.5
2018-08-12T10:16:56,31.7,215.0,233.0,4.7,2930.0,241.5
2018-08-12T10:17:27,31.7,212.0,237.2,4.8,2950.0,240.6
2018-08-12T10:17:58,31.7,214.4,234.8,4.9,2960.0,242.5
2018-08-12T10:18:29,31.7,214.4,240.7,4.9,2980.0,241.5
2018-08-12T10:19:00,31.7,209.1,237.8,5.0,3000.0,240.6
2018-08-12T10:19:31,31.7,212.6,237.2,5.0,3020.0,242.5
2018-08-12T10:20:02,31.8,211.4,235.4,5.0,3030.0,240.6
2018-08-12T10:20:33,31.8,209.1,233.0,5.1,3050.0,243.5
2018-08-12T10:21:05,31.8,207.9,236.0,5.1,3070.0,242.5
2018-08-12T10:21:36,31.9,208.5,236.6,5.0,3090.0,241.5
2018-08-12T10:22:07,31.9,205.5,238.4,5.0,3110.0,244.4
2018-08-12T10:22:38,31.7,213.8,241.9,4.9,3120.0,242.5
2018-08-12T10:23:09,31.7,207.3,239.0,5.1,3140.0,241.5
2018-08-12T10:23:40,31.7,213.2,232.4,5.0,3160.0,243.5
2018-08-12T10:24:11,31.7,209.7,232.4,5.1,3180.0,244.4
2018-08-12T10:24:42,31.7,206.1,236.0,5.1,3190.0,242.5
2018-08-12T10:25:13,31.6,209.7,228.9,5.2,3210.0,243.5
2018-08-12T10:25:44,31.7,207.3,231.9,5.1,3230.0,244.4
2018-08-12T10:26:16,31.7,212.0,235.4,5.1,3250.0,245.4
2018-08-12T10:26:47,31.7,206.1,227.7,5.2,3270.0,243.5
2018-08-12T10:27:18,31.8,211.4,237.2,5.2,3290.0,245.4
2018-08-12T10:27:49,31.8,215.6,237.8,4.9,3300.0,244.4
2018-08-12T10:28:20,31.7,213.2,231.9,5.1,3320.0,243.5
2018-08-12T10:28:51,31.8,210.2,230.1,5.2,3340.0,244.4
2018-08-12T10:29:22,31.8,206.1,229.5,5.3,3360.0,245.4
2018-08-12T10:29:53,31.8,212.0,228.3,5.2,3380.0,244.4
2018-08-12T10:30:24,31.9,211.4,234.8,5.2,3400.0,245.4
2018-08-12T10:30:55,31.8,212.0,236.0,5.2,3410.0,243.5
2018-08-12T10:31:26,31.9,210.8,239.0,5.2,3430.0,245.4
2018-08-12T10:31:57,31.9,204.9,236.6,5.3,3450.0,244.4
2018-08-12T10:32:28,32.0,212.6,231.3,5.1,3470.0,243.5
2018-08-12T10:32:59,32.2,205.5,231.3,5.4,3490.0,244.4
2018-08-12T10:33:30,32.2,210.2,230.1,5.4,3510.0,243.5
2018-08-12T10:34:01,32.3,204.9,228.9,5.4,3530.0,241.5
2018-08-12T10:34:32,32.2,209.7,232.4,5.4,3540.0,242.5
2018-08-12T10:35:03,32.2,206.1,234.2,5.4,3560.0,242.5
2018-08-12T10:35:35,32.2,212.0,237.2,5.2,3580.0,241.5
2018-08-12T10:36:06,32.2,205.5,239.5,5.5,3600.0,244.4
2018-08-12T10:36:37,32.2,209.7,230.1,5.3,3620.0,244.4
2018-08-12T10:37:08,32.3,208.5,230.1,5.4,3640.0,242.5
2018-08-12T10:37:39,32.3,210.2,235.4,5.3,3660.0,243.5
2018-08-12T10:38:10,32.4,208.5,232.4,5.5,3680.0,243.5
2018-08-12T10:38:41,32.5,204.9,225.9,5.6,3700.0,243.5
2018-08-12T10:39:12,32.5,203.7,228.9,5.5,3720.0,244.4
2018-08-12T10:39:43,32.5,204.9,231.3,5.5,3730.0,246.4
2018-08-12T10:40:14,32.6,209.1,225.9,5.5,3750.0,244.4
2018-08-12T10:40:46,32.6,204.9,237.8,5.5,3770.0,243.5
2018-08-12T10:41:17,32.7,211.4,238.4,5.4,3790.0,244.4
2018-08-12T10:41:48,32.9,204.3,231.3,5.7,3810.0,244.4
2018-08-12T10:42:19,32.9,210.8,233.0,5.4,3830.0,245.4
2018-08-12T10:42:50,32.9,206.1,230.1,5.5,3850.0,245.4
2018-08-12T10:43:21,32.9,203.7,233.0,5.6,3870.0,245.4
2018-08-12T10:43:52,32.6,209.7,234.8,5.4,3890.0,245.4
2018-08-12T10:44:23,32.5,203.7,230.1,5.7,3910.0,244.4
2018-08-12T10:44:54,32.6,210.2,228.3,5.5,3930.0,245.4
2018-08-12T10:45:25,32.6,202.0,224.2,5.6,3950.0,245.4
2018-08-12T10:45:57,32.7,208.5,225.9,5.6,3970.0,246.4
2018-08-12T10:46:28,32.7,205.5,233.6,5.7,3990.0,245.4
2018-08-12T10:46:59,32.9,208.5,234.8,5.6,4000.0,244.4
2018-08-12T10:47:30,33.0,201.4,233.0,5.7,4020.0,246.4
2018-08-12T10:48:01,33.1,209.1,229.5,5.5,4040.0,244.4
2018-08-12T10:48:32,33.1,204.3,234.8,5.7,4060.0,244.4
2018-08-12T10:49:03,33.1,206.7,234.2,5.7,4080.0,245.4
2018-08-12T10:49:34,33.2,208.5,232.4,5.7,4100.0,243.5
2018-08-12T10:50:05,33.3,206.7,225.9,5.7,4120.0,245.4
2018-08-12T10:50:37,33.3,204.9,223.0,5.8,4140.0,244.4
2018-08-12T10:51:08,33.3,206.1,227.1,5.6,4160.0,244.4
2018-08-12T10:51:39,33.3,206.1,224.8,5.7,4180.0,244.4
2018-08-12T10:52:10,33.2,202.6,225.9,5.8,4200.0,243.5
2018-08-12T10:52:41,32.9,210.2,225.4,5.6,4220.0,244.4
2018-08-12T10:53:12,32.9,204.9,229.5,5.9,4240.0,244.4
2018-08-12T10:53:43,32.6,209.1,237.2,5.7,4260.0,242.5
2018-08-12T10:54:14,32.4,203.7,236.0,5.9,4280.0,241.5
2018-08-12T10:54:45,32.3,210.8,232.4,5.6,4300.0,243.5
2018-08-12T10:55:16,32.4,204.9,224.2,5.9,4320.0,245.4
2018-08-12T10:55:47,32.5,210.2,229.5,5.6,4340.0,245.4
2018-08-12T10:56:19,32.6,202.0,221.2,5.9,4360.0,243.5
2018-08-12T10:56:50,32.7,208.5,224.8,5.8,4380.0,244.4
2018-08-12T10:57:21,32.9,206.7,234.8,5.8,4400.0,243.5
2018-08-12T10:57:52,33.0,204.3,230.7,6.0,4420.0,243.5
2018-08-12T10:58:23,33.0,206.1,233.0,5.9,4440.0,244.4
2018-08-12T10:58:54,33.0,208.5,227.1,5.9,4460.0,244.4
2018-08-12T10:59:25,33.0,208.5,227.1,5.9,4490.0,244.4
2018-08-12T10:59:56,33.1,203.7,231.9,6.1,4510.0,245.4
2018-08-12T11:00:27,33.1,207.9,225.4,5.9,4530.0,243.5
2018-08-12T11:00:58,33.1,207.3,226.5,5.9,4550.0,245.4
2018-08-12T11:01:30,33.2,210.2,224.2,5.9,4570.0,244.4
2018-08-12T11:02:01,33.3,209.1,231.9,5.8,4590.0,243.5
2018-08-12T11:02:32,33.3,204.9,237.2,6.1,4610.0,245.4
2018-08-12T11:03:03,33.3,209.7,224.8,5.9,4630.0,244.4
2018-08-12T11:03:34,33.3,210.2,230.7,5.8,4650.0,244.4
2018-08-12T11:04:05,33.4,202.0,231.3,6.1,4670.0,244.4
2018-08-12T11:04:36,33.5,206.1,232.4,5.9,4690.0,244.4
2018-08-12T11:05:07,33.5,202.6,234.8,6.0,4710.0,244.4
2018-08-12T11:05:38,33.7,204.9,234.2,6.2,4730.0,245.4
2018-08-12T11:06:10,33.7,207.9,230.1,6.0,4750.0,244.4
2018-08-12T11:06:41,33.7,206.7,231.9,6.1,4780.0,246.4
2018-08-12T11:07:12,33.7,200.8,237.2,6.1,4800.0,246.4
2018-08-12T11:07:43,33.8,208.5,232.4,5.9,4820.0,244.4
2018-08-12T11:08:14,33.8,202.0,228.3,6.2,4840.0,244.4
2018-08-12T11:08:45,33.9,207.9,230.7,5.9,4860.0,245.4
2018-08-12T11:09:16,34.0,204.9,226.5,6.1,4880.0,244.4
2018-08-12T11:09:47,34.0,204.9,226.5,6.2,4900.0,245.4
2018-08-12T11:10:18,34.0,204.3,229.5,6.2,4920.0,244.4
2018-08-12T11:10:49,34.1,200.2,226.5,6.3,4940.0,244.4
2018-08-12T11:11:20,34.1,207.9,231.3,5.9,4960.0,244.4
2018-08-12T11:11:51,34.0,200.8,223.6,6.2,4990.0,245.4
2018-08-12T11:12:22,33.8,207.3,230.7,6.1,5010.0,245.4
2018-08-12T11:12:53,33.8,203.2,225.9,6.3,5030.0,244.4
2018-08-12T11:13:24,33.7,203.2,231.9,6.1,5050.0,244.4
2018-08-12T11:13:55,33.5,199.6,228.9,6.2,5070.0,243.5
2018-08-12T11:14:26,33.4,204.9,226.5,6.1,5090.0,243.5
2018-08-12T11:14:57,33.5,202.6,231.3,6.3,5110.0,244.4
2018-08-12T11:15:28,33.8,199.0,236.0,6.4,5130.0,243.5
2018-08-12T11:16:00,33.9,206.7,232.4,6.1,5160.0,246.4
2018-08-12T11:16:31,34.0,200.2,231.3,6.3,5180.0,246.4
2018-08-12T11:17:02,34.1,202.0,231.3,6.4,5200.0,245.4
2018-08-12T11:17:33,34.1,206.1,229.5,6.3,5220.0,245.4
2018-08-12T11:18:04,34.0,205.5,226.5,6.3,5240.0,246.4
2018-08-12T11:18:35,33.9,202.0,230.7,6.4,5260.0,244.4
2018-08-12T11:19:06,34.1,203.7,230.1,6.3,5280.0,244.4
2018-08-12T11:19:37,34.2,198.4,231.9,6.3,5310.0,244.4
2018-08-12T11:20:08,34.2,206.7,230.7,6.1,5330.0,244.4
2018-08-12T11:20:39,34.4,199.6,231.9,6.4,5350.0,244.4
2018-08-12T11:21:11,34.4,200.8,234.8,6.4,5370.0,246.4
2018-08-12T11:21:42,34.5,206.7,228.3,6.2,5390.0,244.4
2018-08-12T11:22:13,34.5,200.8,228.3,6.3,5410.0,243.5
2018-08-12T11:22:44,34.5,202.6,227.7,6.4,5440.0,245.4
2018-08-12T11:23:15,34.5,204.9,234.8,6.3,5460.0,244.4
2018-08-12T11:23:46,34.4,203.2,234.2,6.4,5480.0,244.4
2018-08-12T11:24:17,34.5,198.4,234.8,6.5,5500.0,246.4
2018-08-12T11:24:48,34.6,203.2,231.3,6.3,5520.0,245.4
2018-08-12T11:25:19,34.5,203.7,229.5,6.3,5540.0,246.4
2018-08-12T11:25:50,34.4,196.7,223.6,6.6,5570.0,247.3
2018-08-12T11:26:22,34.4,203.7,219.4,6.3,5590.0,248.3
2018-08-12T11:26:53,34.2,203.7,223.0,6.4,5610.0,247.3
2018-08-12T11:27:24,34.2,199.6,225.4,6.6,5630.0,248.3
2018-08-12T11:27:55,34.2,204.9,231.3,6.5,5650.0,249.3
2018-08-12T11:28:26,34.4,204.3,228.9,6.4,5680.0,248.3
2018-08-12T11:28:57,34.2,203.2,227.1,6.5,5700.0,250.2
2018-08-12T11:29:28,34.2,204.3,227.1,6.4,5720.0,250.2
2018-08-12T11:29:59,34.4,206.7,231.3,6.3,5740.0,249.3
2018-08-12T11:30:30,34.5,201.4,232.4,6.6,5760.0,249.3
2018-08-12T11:31:01,34.5,203.2,233.6,6.4,5790.0,249.3
2018-08-12T11:31:32,34.6,204.9,228.3,6.5,5810.0,248.3
2018-08-12T11:32:03,34.6,200.8,230.1,6.5,5830.0,249.3
2018-08-12T11:32:34,34.6,204.9,224.2,6.4,5850.0,248.3
2018-08-12T11:33:05,34.7,199.0,221.2,6.6,5880.0,249.3
2018-08-12T11:33:36,34.7,207.3,225.4,6.4,5900.0,247.3
2018-08-12T11:34:07,34.6,202.0,227.1,6.5,5920.0,248.3
2018-08-12T11:34:38,34.6,205.5,230.1,6.5,5940.0,248.3
2018-08-12T11:35:09,34.6,199.6,226.5,6.7,5970.0,247.3
2018-08-12T11:35:41,34.7,200.8,221.2,6.7,5990.0,249.3
2018-08-12T11:36:12,34.8,206.1,220.0,6.3,6010.0,248.3
2018-08-12T11:36:43,34.8,203.7,228.9,6.4,6030.0,248.3
2018-08-12T11:37:14,34.8,198.4,224.8,6.6,6060.0,248.3
2018-08-12T11:37:45,34.8,203.7,228.3,6.6,6080.0,249.3
2018-08-12T11:38:16,34.7,199.0,233.0,6.7,6100.0,249.3
2018-08-12T11:38:47,34.8,204.3,223.6,6.5,6120.0,249.3
2018-08-12T11:39:18,34.8,200.8,228.9,6.7,6140.0,249.3
2018-08-12T11:39:49,34.9,200.8,233.0,6.8,6170.0,249.3
2018-08-12T11:40:20,35.0,206.7,230.7,6.4,6190.0,249.3
2018-08-12T11:40:51,35.0,205.5,223.0,6.5,6210.0,249.3
2018-08-12T11:41:23,35.0,203.7,224.2,6.6,6230.0,248.3
2018-08-12T11:41:54,35.0,204.3,225.4,6.6,6260.0,248.3
2018-08-12T11:42:25,35.0,200.8,225.9,6.7,6280.0,248.3
2018-08-12T11:42:56,35.2,205.5,222.4,6.5,6300.0,248.3
2018-08-12T11:43:27,35.2,206.1,224.2,6.5,6320.0,249.3
2018-08-12T11:43:58,35.2,199.0,223.6,6.8,6350.0,247.3
2018-08-12T11:44:29,35.0,205.5,223.0,6.6,6370.0,247.3
2018-08-12T11:45:00,35.0,197.3,224.8,6.8,6390.0,250.2
2018-08-12T11:45:31,35.0,204.9,222.4,6.6,6420.0,249.3
2018-08-12T11:46:03,35.0,199.6,221.8,6.8,6440.0,249.3
2018-08-12T11:46:34,34.9,203.2,222.4,6.7,6460.0,250.2
2018-08-12T11:47:05,35.0,203.2,222.4,6.7,6490.0,249.3
2018-08-12T11:47:36,35.0,206.7,224.2,6.6,6510.0,249.3
2018-08-12T11:48:07,35.0,203.7,229.5,6.7,6530.0,249.3
2018-08-12T11:48:38,35.0,199.6,233.6,6.9,6550.0,250.2
2018-08-12T11:49:09,35.0,202.6,226.5,6.8,6580.0,251.2
2018-08-12T11:49:40,35.2,206.1,228.3,6.7,6600.0,249.3
2018-08-12T11:50:11,35.3,204.9,226.5,6.8,6620.0,252.2
2018-08-12T11:50:42,35.2,203.7,224.2,6.7,6650.0,252.2
2018-08-12T11:51:14,35.2,205.5,224.8,6.7,6670.0,249.3
2018-08-12T11:51:45,35.2,202.0,222.4,6.9,6690.0,248.3
2018-08-12T11:52:16,35.3,199.0,227.1,6.8,6720.0,250.2
2018-08-12T11:52:47,35.3,207.9,231.9,6.6,6740.0,250.2
2018-08-12T11:53:18,35.4,200.8,231.9,6.8,6760.0,251.2
2018-08-12T11:53:49,35.3,199.0,230.1,6.8,6790.0,251.2
2018-08-12T11:54:20,35.4,200.2,235.4,6.9,6810.0,252.2
2018-08-12T11:54:51,35.4,204.3,232.4,6.8,6830.0,251.2
2018-08-12T11:55:22,35.4,207.9,229.5,6.6,6860.0,251.2
2018-08-12T11:55:53,35.4,198.4,230.1,6.9,6880.0,251.2
2018-08-12T11:56:25,35.4,207.9,229.5,6.6,6900.0,251.2
2018-08-12T11:56:56,35.5,200.8,230.1,7.0,6930.0,250.2
2018-08-12T11:57:27,35.5,203.2,233.0,6.9,6950.0,249.3
2018-08-12T11:57:58,35.4,200.2,231.3,7.0,6970.0,250.2
2018-08-12T11:58:29,35.4,206.1,229.5,6.7,7000.0,250.2
2018-08-12T11:59:00,35.4,199.6,232.4,7.1,7020.0,250.2
2018-08-12T11:59:31,35.3,200.8,230.1,7.0,7040.0,249.3
2018-08-12T12:00:02,35.3,202.6,230.1,7.0,7070.0,250.2
2018-08-12T12:00:33,35.0,199.0,224.8,6.5,7090.0,249.3
2018-08-12T12:01:05,34.8,204.9,224.2,6.8,7110.0,250.2
2018-08-12T12:01:36,34.6,204.3,230.7,6.9,7140.0,250.2
2018-08-12T12:02:07,34.4,200.2,229.5,6.9,7160.0,251.2
2018-08-12T12:02:38,34.5,206.7,230.7,6.8,7180.0,251.2
2018-08-12T12:03:09,34.7,199.6,227.1,7.0,7210.0,250.2
2018-08-12T12:03:40,34.8,203.2,228.3,6.8,7230.0,251.2
2018-08-12T12:04:11,34.9,199.0,223.0,7.1,7260.0,250.2
2018-08-12T12:04:42,34.9,204.9,222.4,6.9,7280.0,250.2
2018-08-12T12:05:13,34.9,206.1,228.9,6.8,7300.0,252.2
2018-08-12T12:05:44,35.0,199.0,226.5,7.0,7330.0,250.2
2018-08-12T12:06:16,35.2,207.3,228.3,6.8,7350.0,250.2
2018-08-12T12:06:47,35.2,204.9,233.6,6.9,7370.0,249.3
2018-08-12T12:07:18,35.3,199.6,230.7,7.1,7400.0,250.2
2018-08-12T12:07:49,35.3,204.9,223.0,6.9,7420.0,249.3
2018-08-12T12:08:20,35.4,206.7,226.5,6.8,7450.0,248.3
2018-08-12T12:08:51,35.3,200.8,225.4,7.0,7470.0,250.2
2018-08-12T12:09:22,35.4,196.7,225.9,6.8,7490.0,248.3
2018-08-12T12:09:53,35.4,206.1,225.9,7.0,7520.0,248.3
2018-08-12T12:10:24,35.4,204.9,225.4,6.9,7540.0,250.2
2018-08-12T12:10:55,35.5,203.2,231.3,6.9,7560.0,249.3
2018-08-12T12:11:26,35.5,204.9,228.9,6.3,7590.0,250.2
2018-08-12T12:11:57,35.4,204.9,227.7,6.8,7610.0,251.2
2018-08-12T12:12:28,35.4,202.6,230.1,7.1,7640.0,250.2
2018-08-12T12:12:59,35.4,206.1,221.8,6.8,7660.0,249.3
2018-08-12T12:13:30,35.3,200.8,225.9,7.2,7680.0,251.2
2018-08-12T12:14:01,35.3,197.3,231.9,7.2,7710.0,251.2
2018-08-12T12:14:32,35.0,203.7,230.7,6.9,7730.0,250.2
2018-08-12T12:15:03,35.0,209.1,232.4,6.9,7760.0,250.2
2018-08-12T12:15:35,35.2,200.2,233.6,6.8,7780.0,250.2
2018-08-12T12:16:06,35.2,194.3,229.5,6.8,7800.0,250.2
2018-08-12T12:16:37,35.2,190.8,224.2,7.2,7830.0,251.2
2018-08-12T12:17:08,35.2,197.8,231.3,6.9,7850.0,251.2
2018-08-12T12:17:39,35.2,203.2,233.6,6.4,7870.0,251.2
2018-08-12T12:18:10,35.2,201.4,231.3,6.6,7900.0,252.2
2018-08-12T12:18:41,35.2,197.8,227.1,6.0,7920.0,250.2
2018-08-12T12:19:12,35.3,194.9,223.6,6.3,7940.0,250.2
2018-08-12T12:19:43,35.0,186.6,223.0,7.0,7970.0,250.2
2018-08-12T12:20:14,35.2,181.9,223.6,7.0,7990.0,250.2
2018-08-12T12:20:46,35.2,189.0,227.1,6.9,8010.0,251.2
2018-08-12T12:21:17,35.3,189.6,227.7,7.2,8040.0,251.2
2018-08-12T12:21:48,35.3,187.2,225.4,6.8,8060.0,249.3
2018-08-12T12:22:19,35.3,188.4,235.4,7.0,8080.0,249.3
2018-08-12T12:22:50,35.3,181.9,233.0,7.1,8100.0,250.2
2018-08-12T12:23:21,35.2,181.9,231.3,7.0,8130.0,250.2
2018-08-12T12:23:52,34.9,183.7,232.4,7.0,8150.0,250.2
2018-08-12T12:24:23,34.9,180.1,225.4,7.2,8170.0,249.3
2018-08-12T12:24:54,34.9,182.5,226.5,7.1,8200.0,250.2
2018-08-12T12:25:25,34.7,180.7,229.5,7.2,8220.0,249.3
2018-08-12T12:25:57,34.5,177.8,227.1,7.2,8240.0,248.3
2018-08-12T12:26:28,34.4,183.7,221.2,7.0,8270.0,248.3
2018-08-12T12:26:59,34.5,191.3,227.1,7.3,8290.0,248.3
2018-08-12T12:27:30,34.6,191.3,232.4,7.2,8310.0,249.3
2018-08-12T12:28:01,34.6,190.8,232.4,6.7,8340.0,248.3
2018-08-12T12:28:32,34.8,197.3,225.4,7.3,8360.0,247.3
2018-08-12T12:29:03,34.9,197.8,228.3,6.9,8380.0,247.3
2018-08-12T12:29:34,34.7,193.1,223.6,7.2,8410.0,247.3
2018-08-12T12:30:05,34.8,183.1,225.4,7.1,8430.0,249.3
2018-08-12T12:30:36,34.8,184.3,230.1,7.1,8450.0,249.3
2018-08-12T12:31:08,34.8,186.0,226.5,7.3,8480.0,246.4
2018-08-12T12:31:39,34.8,181.3,223.0,7.1,8500.0,247.3
2018-08-12T12:32:10,34.5,181.3,228.3,7.1,8520.0,248.3
2018-08-12T12:32:41,34.5,183.7,225.9,7.2,8540.0,248.3
2018-08-12T12:33:12,34.6,184.3,226.5,7.2,8570.0,248.3
2018-08-12T12:33:43,34.8,193.1,225.4,7.1,8590.0,249.3
2018-08-12T12:34:14,34.8,190.2,229.5,7.3,8610.0,250.2
2018-08-12T12:34:45,34.9,194.9,235.4,7.1,8640.0,249.3
2018-08-12T12:35:16,35.0,183.7,227.1,7.0,8660.0,248.3
2018-08-12T12:35:47,35.2,178.9,226.5,7.3,8680.0,249.3
2018-08-12T12:36:19,35.2,183.7,228.9,7.1,8710.0,247.3
2018-08-12T12:36:50,35.2,189.0,225.4,7.2,8730.0,248.3
2018-08-12T12:37:21,35.2,182.5,220.0,7.3,8750.0,246.4
2018-08-12T12:37:52,35.2,183.1,224.2,7.2,8780.0,247.3
2018-08-12T12:38:23,35.0,179.5,227.7,7.1,8800.0,246.4
2018-08-12T12:38:54,35.0,187.8,228.3,6.9,8820.0,246.4
2018-08-12T12:39:25,35.0,189.0,224.8,7.2,8850.0,246.4
2018-08-12T12:39:56,35.2,193.1,225.9,6.5,8870.0,248.3
2018-08-12T12:40:27,35.2,181.3,220.6,7.4,8890.0,248.3
2018-08-12T12:40:58,35.0,183.1,227.1,7.2,8920.0,247.3
2018-08-12T12:41:30,35.0,185.4,231.3,6.5,8940.0,248.3
2018-08-12T12:42:01,35.0,184.8,228.9,7.0,8960.0,249.3
2018-08-12T12:42:32,35.0,171.9,224.2,7.6,8990.0,248.3
2018-08-12T12:43:03,34.9,188.4,226.5,6.9,9010.0,248.3
2018-08-12T12:43:34,35.0,189.0,223.6,6.9,9030.0,249.3
2018-08-12T12:44:05,34.9,195.5,226.5,6.4,9050.0,248.3
2018-08-12T12:44:36,34.8,177.2,225.4,7.1,9080.0,248.3
2018-08-12T12:45:07,34.7,188.4,226.5,7.3,9100.0,248.3
2018-08-12T12:45:38,34.8,187.8,226.5,6.1,9120.0,250.2
2018-08-12T12:46:10,34.8,173.0,224.8,7.5,9150.0,248.3
2018-08-12T12:46:41,34.9,180.1,225.9,7.3,9170.0,249.3
2018-08-12T12:47:12,34.9,167.1,224.8,7.4,9190.0,249.3
2018-08-12T12:47:43,34.7,169.5,230.1,7.6,9220.0,249.3
2018-08-12T12:48:14,34.7,170.7,223.0,7.3,9240.0,248.3
2018-08-12T12:48:45,34.8,171.3,225.4,7.6,9260.0,249.3
2018-08-12T12:49:16,34.8,170.1,220.0,7.6,9280.0,248.3
2018-08-12T12:49:47,34.8,177.2,225.9,7.1,9310.0,247.3
2018-08-12T12:50:18,34.9,170.7,229.5,7.4,9330.0,247.3
2018-08-12T12:50:49,34.9,184.8,233.6,7.4,9350.0,247.3
2018-08-12T12:51:20,35.0,182.5,231.3,7.4,9380.0,245.4
2018-08-12T12:51:51,35.0,173.0,232.4,7.6,9400.0,248.3
2018-08-12T12:52:22,35.0,173.0,224.8,7.3,9420.0,247.3
2018-08-12T12:52:53,35.0,174.2,225.4,7.3,9440.0,248.3
2018-08-12T12:53:24,35.0,165.4,223.0,7.2,9470.0,246.4
2018-08-12T12:53:55,35.0,164.8,231.3,7.2,9490.0,249.3
2018-08-12T12:54:26,35.0,168.9,230.1,5.7,9510.0,250.2
2018-08-12T12:54:57,34.9,168.3,230.1,7.4,9530.0,251.2
2018-08-12T12:55:28,34.9,173.0,227.7,7.6,9560.0,250.2
2018-08-12T12:56:00,35.0,161.8,229.5,7.7,9580.0,251.2
2018-08-12T12:56:31,34.9,162.4,230.1,7.5,9600.0,249.3
2018-08-12T12:57:02,34.8,176.0,224.2,5.2,9620.0,249.3
2018-08-12T12:57:33,34.8,173.0,223.6,7.4,9650.0,249.3
2018-08-12T12:58:04,34.8,172.4,230.7,7.2,9670.0,249.3
2018-08-12T12:58:35,34.8,167.7,234.2,7.1,9690.0,250.2
2018-08-12T12:59:06,34.9,162.4,233.0,7.3,9710.0,251.2
2018-08-12T12:59:37,34.8,167.1,227.1,7.5,9740.0,252.2
2018-08-12T13:00:08,34.9,170.1,227.7,6.8,9760.0,252.2
2018-08-12T13:00:39,34.9,171.9,222.4,6.5,9780.0,250.2
2018-08-12T13:01:11,34.9,172.4,227.7,7.3,9800.0,251.2
2018-08-12T13:01:42,35.0,168.9,228.9,6.9,9830.0,250.2
2018-08-12T13:02:13,35.0,166.5,231.3,7.4,9850.0,250.2
2018-08-12T13:02:44,34.9,161.2,230.1,7.6,9870.0,250.2
2018-08-12T13:03:15,34.8,162.4,221.8,7.2,9890.0,249.3
2018-08-12T13:03:46,34.7,160.6,228.9,7.2,9920.0,249.3
2018-08-12T13:04:17,34.7,159.4,225.9,7.6,9940.0,249.3
2018-08-12T13:04:48,34.7,152.9,234.2,7.4,9960.0,249.3
2018-08-12T13:05:19,34.4,140.5,235.4,7.7,9980.0,250.2
2018-08-12T13:05:50,34.2,149.4,233.0,7.4,10000.0,250.2
2018-08-12T13:06:22,34.0,150.0,233.0,7.4,10030.0,251.2
2018-08-12T13:06:53,33.9,161.8,231.3,6.7,10050.0,250.2
2018-08-12T13:07:24,33.9,152.4,224.2,7.3,10070.0,250.2
2018-08-12T13:07:55,33.9,165.9,230.1,6.2,10090.0,251.2
2018-08-12T13:08:26,33.9,156.5,228.3,7.1,10110.0,252.2
2018-08-12T13:08:57,33.8,153.5,229.5,7.4,10140.0,250.2
2018-08-12T13:09:28,33.7,155.9,225.4,6.0,10160.0,250.2
2018-08-12T13:09:59,33.8,157.1,225.4,7.5,10180.0,250.2
2018-08-12T13:10:30,33.8,158.9,225.4,7.4,10200.0,249.3
2018-08-12T13:11:01,33.9,153.5,223.6,7.2,10220.0,251.2
2018-08-12T13:11:32,34.0,151.2,225.9,7.3,10240.0,250.2
2018-08-12T13:12:03,33.8,152.9,231.3,7.3,10270.0,249.3
2018-08-12T13:12:34,33.5,149.4,223.0,7.4,10290.0,252.2
2018-08-12T13:13:05,33.7,144.7,222.4,7.5,10310.0,253.1
2018-08-12T13:13:36,33.7,148.8,227.1,7.5,10330.0,251.2
2018-08-12T13:14:07,33.7,151.8,231.3,7.4,10350.0,252.2
2018-08-12T13:14:38,33.8,148.8,231.3,7.6,10370.0,252.2
2018-08-12T13:15:09,33.9,157.7,228.3,6.8,10390.0,250.2
2018-08-12T13:15:40,34.1,155.3,224.2,7.0,10420.0,252.2
2018-08-12T13:16:12,34.1,160.0,222.4,5.2,10440.0,249.3
2018-08-12T13:16:43,34.1,151.8,224.2,6.3,10460.0,250.2
2018-08-12T13:17:14,34.2,167.1,222.4,6.4,10480.0,251.2
2018-08-12T13:17:45,34.2,154.1,227.7,5.9,10500.0,250.2
2018-08-12T13:18:16,34.4,152.4,228.3,7.3,10520.0,251.2
2018-08-12T13:18:47,34.5,150.0,228.3,7.3,10540.0,251.2
2018-08-12T13:19:18,34.5,150.0,222.4,7.3,10560.0,251.2
2018-08-12T13:19:49,34.4,153.5,225.4,7.2,10590.0,252.2
2018-08-12T13:20:20,34.2,149.4,224.2,7.6,10610.0,253.1
2018-08-12T13:20:51,34.2,145.9,225.9,7.0,10630.0,252.2
2018-08-12T13:21:23,34.2,151.2,231.9,7.3,10650.0,252.2
2018-08-12T13:21:54,34.5,156.5,228.3,6.8,10670.0,251.2
2018-08-12T13:22:25,34.5,149.4,229.5,7.3,10690.0,253.1
2018-08-12T13:22:56,34.6,147.0,225.4,7.3,10710.0,252.2
2018-08-12T13:23:27,34.6,147.0,225.4,7.3,10740.0,253.1
2018-08-12T13:23:58,34.7,152.4,227.7,7.0,10760.0,251.2
2018-08-12T13:24:29,34.7,145.9,224.8,7.4,10780.0,251.2
2018-08-12T13:25:00,34.6,151.8,228.3,7.2,10800.0,249.3
2018-08-12T13:25:31,34.7,146.4,231.3,7.3,10820.0,249.3
2018-08-12T13:26:03,34.6,147.6,228.9,7.4,10840.0,250.2
2018-08-12T13:26:34,34.7,144.1,229.5,7.4,10860.0,250.2
2018-08-12T13:27:05,34.7,138.8,225.4,7.2,10880.0,250.2
2018-08-12T13:27:36,34.7,139.4,221.8,7.3,10900.0,249.3
2018-08-12T13:28:07,34.8,145.3,225.4,7.4,10920.0,251.2
2018-08-12T13:28:38,34.9,140.0,225.4,7.1,10940.0,249.3
2018-08-12T13:29:09,34.9,147.6,223.6,6.5,10970.0,251.2
2018-08-12T13:29:40,34.8,148.8,221.2,3.1,10980.0,250.2
2018-08-12T13:30:11,34.8,148.2,221.2,6.7,11000.0,251.2
2018-08-12T13:30:42,34.7,145.9,218.8,6.8,11030.0,249.3
2018-08-12T13:31:13,34.8,138.8,221.8,7.3,11050.0,250.2
2018-08-12T13:31:44,34.7,135.2,228.3,6.9,11070.0,250.2
2018-08-12T13:32:15,34.5,131.7,228.3,6.1,11090.0,251.2
2018-08-12T13:32:46,34.4,135.2,222.4,6.8,11110.0,251.2
2018-08-12T13:33:17,34.0,132.9,224.2,7.4,11130.0,251.2
2018-08-12T13:33:48,33.9,136.4,223.0,6.9,11150.0,251.2
2018-08-12T13:34:19,33.8,135.8,225.4,6.8,11170.0,250.2
2018-08-12T13:34:50,33.9,129.3,229.5,7.5,11180.0,251.2
2018-08-12T13:35:21,34.0,121.6,227.1,7.5,11200.0,251.2
2018-08-12T13:35:53,34.1,137.6,224.2,6.6,11220.0,251.2
2018-08-12T13:36:25,34.0,128.1,222.4,4.7,11240.0,251.2
2018-08-12T13:36:56,33.9,124.6,222.4,6.9,11260.0,252.2
2018-08-12T13:37:27,33.5,123.4,224.8,7.4,11280.0,252.2
2018-08-12T13:37:58,33.5,132.9,224.8,7.0,11300.0,252.2
2018-08-12T13:38:29,33.4,134.6,225.4,6.9,11320.0,251.2
2018-08-12T13:39:00,33.5,132.9,223.0,7.0,11340.0,252.2
2018-08-12T13:39:31,33.8,132.3,224.8,6.1,11360.0,250.2
2018-08-12T13:40:02,33.8,123.4,232.4,7.5,11380.0,250.2
2018-08-12T13:40:33,33.8,122.8,231.3,7.4,11400.0,251.2
2018-08-12T13:41:05,33.8,127.5,233.6,6.8,11420.0,251.2
2018-08-12T13:41:36,34.0,125.2,223.6,7.3,11440.0,251.2
2018-08-12T13:42:07,33.9,128.7,232.4,7.2,11460.0,251.2
2018-08-12T13:42:38,33.9,127.5,232.4,7.4,11480.0,252.2
2018-08-12T13:43:09,34.0,129.3,231.3,6.4,11500.0,252.2
2018-08-12T13:43:40,34.1,123.4,226.5,7.1,11520.0,251.2
2018-08-12T13:44:11,34.1,128.1,231.9,7.0,11540.0,252.2
2018-08-12T13:44:42,34.1,124.0,228.3,7.0,11560.0,251.2
2018-08-12T13:45:13,34.1,135.8,225.4,6.9,11580.0,251.2
2018-08-12T13:45:44,34.1,130.5,227.7,6.3,11600.0,250.2
2018-08-12T13:46:16,34.2,121.6,228.3,7.1,11610.0,252.2
2018-08-12T13:46:47,34.4,133.5,223.6,6.5,11630.0,251.2
2018-08-12T13:47:18,34.4,132.9,223.6,5.8,11650.0,252.2
2018-08-12T13:47:49,34.5,136.4,228.3,6.4,11670.0,252.2
2018-08-12T13:48:20,34.1,123.4,229.5,7.0,11690.0,254.1
2018-08-12T13:48:51,34.0,124.0,233.0,6.9,11710.0,252.2
2018-08-12T13:49:22,34.0,123.4,228.3,6.9,11730.0,251.2
2018-08-12T13:49:53,34.0,124.6,228.9,6.8,11750.0,252.2
2018-08-12T13:50:24,34.0,126.4,225.9,5.2,11770.0,250.2
2018-08-12T13:50:55,33.9,116.3,226.5,7.3,11790.0,252.2
2018-08-12T13:51:26,33.7,119.9,226.5,7.0,11800.0,251.2
2018-08-12T13:51:57,33.5,118.7,230.1,6.6,11820.0,252.2
2018-08-12T13:52:28,33.5,118.1,232.4,7.2,11840.0,252.2
2018-08-12T13:52:59,33.5,126.4,233.6,5.1,11860.0,252.2
2018-08-12T13:53:30,33.5,124.0,231.3,6.9,11880.0,251.2
2018-08-12T13:54:01,33.4,114.0,234.8,7.1,11900.0,251.2
2018-08-12T13:54:32,33.4,123.4,234.2,6.9,11920.0,250.2
2018-08-12T13:55:03,33.5,118.7,232.4,7.1,11940.0,250.2
2018-08-12T13:55:35,33.7,110.4,228.3,7.3,11960.0,251.2
2018-08-12T13:56:06,33.5,118.7,227.1,4.3,11970.0,251.2
2018-08-12T13:56:37,33.2,116.3,231.3,6.7,11990.0,251.2
2018-08-12T13:57:08,33.1,110.4,223.6,7.1,12010.0,251.2
2018-08-12T13:57:39,33.0,109.2,224.2,7.1,12030.0,251.2
2018-08-12T13:58:10,32.9,101.0,230.1,5.8,12050.0,248.3
2018-08-12T13:58:41,32.9,105.7,232.4,7.0,12060.0,249.3
2018-08-12T13:59:12,33.1,118.7,231.9,7.1,12080.0,249.3
2018-08-12T13:59:43,33.2,111.6,233.6,7.0,12100.0,250.2
2018-08-12T14:00:14,33.3,111.0,231.9,7.0,12120.0,250.2
2018-08-12T14:00:46,33.4,108.6,225.4,7.3,12140.0,248.3
2018-08-12T14:01:17,33.4,109.2,230.1,6.3,12160.0,248.3
2018-08-12T14:01:48,33.4,118.1,233.0,6.4,12170.0,249.3
2018-08-12T14:02:19,33.2,108.1,233.0,7.1,12190.0,248.3
2018-08-12T14:02:50,33.2,118.7,233.0,7.1,12210.0,251.2
2018-08-12T14:03:21,33.3,116.9,227.1,6.5,12230.0,250.2
2018-08-12T14:03:52,33.4,123.4,224.8,6.4,12250.0,249.3
2018-08-12T14:04:23,33.4,114.6,224.2,6.2,12260.0,249.3
2018-08-12T14:04:54,33.4,116.3,225.4,4.9,12280.0,250.2
2018-08-12T14:05:25,33.5,110.4,229.5,3.6,12300.0,249.3
2018-08-12T14:05:57,33.5,117.5,224.2,6.4,12320.0,250.2
2018-08-12T14:06:28,33.3,107.5,233.0,7.0,12340.0,250.2
2018-08-12T14:06:59,33.4,105.1,228.3,6.6,12350.0,251.2
2018-08-12T14:07:30,33.4,108.6,231.3,7.1,12370.0,251.2
2018-08-12T14:08:01,33.5,113.4,229.5,6.7,12390.0,251.2
2018-08-12T14:08:32,33.7,113.4,225.4,6.8,12410.0,252.2
2018-08-12T14:09:03,33.7,105.7,221.8,7.0,12430.0,252.2
2018-08-12T14:09:34,33.7,108.6,223.0,7.0,12440.0,250.2
2018-08-12T14:10:05,33.8,116.9,224.2,4.4,12460.0,250.2
2018-08-12T14:10:37,33.7,105.7,227.7,6.2,12480.0,249.3
2018-08-12T14:11:08,33.8,109.8,223.0,6.9,12500.0,250.2
2018-08-12T14:11:39,33.8,114.0,227.1,6.6,12510.0,251.2
2018-08-12T14:12:10,33.9,101.6,229.5,5.4,12530.0,250.2
2018-08-12T14:12:41,33.9,105.1,227.7,6.5,12550.0,251.2
2018-08-12T14:13:12,33.8,104.5,220.6,6.3,12570.0,251.2
2018-08-12T14:13:43,33.8,105.1,230.1,6.5,12580.0,251.2
2018-08-12T14:14:14,33.7,103.9,226.5,6.6,12600.0,251.2
2018-08-12T14:14:45,33.8,103.3,221.2,6.7,12620.0,250.2
2018-08-12T14:15:16,33.8,102.7,228.3,5.3,12630.0,252.2
2018-08-12T14:15:47,33.7,103.3,230.7,6.7,12650.0,251.2
2018-08-12T14:16:19,33.7,107.5,232.4,6.0,12670.0,251.2
2018-08-12T14:16:50,33.7,104.5,231.9,6.6,12690.0,252.2
2018-08-12T14:17:21,33.7,111.6,224.8,5.6,12700.0,252.2
2018-08-12T14:17:52,33.5,105.1,228.3,6.5,12720.0,251.2
2018-08-12T14:18:23,33.5,105.1,227.1,6.5,12740.0,252.2
2018-08-12T14:18:54,33.5,102.7,230.1,6.8,12760.0,252.2
2018-08-12T14:19:25,33.4,101.6,221.8,5.3,12770.0,251.2
2018-08-12T14:19:56,33.4,102.1,225.9,6.7,12790.0,252.2
2018-08-12T14:20:27,33.3,104.5,228.9,6.6,12810.0,252.2
2018-08-12T14:20:58,33.3,104.5,227.7,6.5,12820.0,251.2
2018-08-12T14:21:30,33.5,105.1,222.4,6.4,12840.0,252.2
2018-08-12T14:22:01,33.5,102.1,223.6,6.7,12860.0,252.2
2018-08-12T14:22:32,33.7,102.1,227.1,6.6,12870.0,251.2
2018-08-12T14:23:03,33.7,102.7,230.1,7.0,12890.0,251.2
2018-08-12T14:23:34,33.7,106.3,229.5,6.3,12910.0,253.1
2018-08-12T14:24:05,33.5,106.9,227.7,6.2,12930.0,252.2
2018-08-12T14:24:36,33.7,102.7,229.5,5.1,12940.0,251.2
2018-08-12T14:25:07,33.7,97.4,230.1,6.8,12960.0,250.2
2018-08-12T14:25:38,33.4,106.9,230.7,6.0,12970.0,249.3
2018-08-12T14:26:10,33.2,108.6,230.1,5.9,12990.0,251.2
2018-08-12T14:26:41,33.1,105.1,228.9,6.3,13010.0,250.2
2018-08-12T14:27:12,33.2,103.9,224.2,6.4,13020.0,249.3
2018-08-12T14:27:43,33.3,102.1,225.4,6.6,13040.0,248.3
2018-08-12T14:28:14,33.3,109.2,228.9,5.9,13060.0,250.2
2018-08-12T14:28:45,33.2,102.7,233.0,4.6,13070.0,249.3
2018-08-12T14:29:16,33.2,105.7,230.1,5.7,13090.0,249.3
2018-08-12T14:29:47,33.3,103.3,224.8,5.0,13100.0,249.3
2018-08-12T14:30:18,33.3,103.9,224.8,6.4,13120.0,250.2
2018-08-12T14:30:49,33.2,102.1,224.2,6.5,13140.0,251.2
2018-08-12T14:31:20,33.1,101.6,228.3,5.3,13150.0,250.2
2018-08-12T14:31:51,33.2,111.0,224.2,5.0,13170.0,249.3
2018-08-12T14:32:22,33.2,118.1,224.8,3.6,13180.0,250.2
2018-08-12T14:32:53,33.2,96.8,231.9,6.7,13200.0,250.2
2018-08-12T14:33:24,33.2,96.2,224.8,0.7,13210.0,249.3
2018-08-12T14:33:55,33.1,113.4,223.6,0.6,13230.0,250.2
2018-08-12T14:34:26,33.1,101.6,225.4,5.3,13240.0,248.3
2018-08-12T14:34:57,33.0,112.2,231.9,6.2,13260.0,249.3
2018-08-12T14:35:28,32.9,96.8,233.6,5.5,13270.0,249.3
2018-08-12T14:36:00,32.9,108.1,233.6,3.4,13290.0,247.3
2018-08-12T14:36:31,32.9,106.3,225.9,3.2,13300.0,248.3
2018-08-12T14:37:02,32.6,106.3,225.4,5.6,13320.0,248.3
2018-08-12T14:37:33,32.5,107.5,230.1,0.4,13330.0,248.3
2018-08-12T14:38:04,32.5,132.3,225.4,1.9,13340.0,247.3
2018-08-12T14:38:35,32.6,135.8,221.2,0.8,13360.0,247.3
2018-08-12T14:39:06,32.6,125.2,228.9,1.7,13370.0,245.4
2018-08-12T14:39:37,32.6,123.4,225.9,2.4,13380.0,248.3
2018-08-12T14:40:08,32.6,114.6,223.0,3.6,13400.0,247.3
2018-08-12T14:40:39,32.7,108.1,226.5,2.8,13410.0,248.3
2018-08-12T14:41:11,32.9,103.9,223.6,2.0,13430.0,248.3
2018-08-12T14:41:42,32.9,103.3,221.8,6.3,13440.0,248.3
2018-08-12T14:42:13,32.9,93.9,231.3,4.4,13460.0,248.3
2018-08-12T14:42:44,33.0,103.3,227.1,4.5,13470.0,247.3
2018-08-12T14:43:15,33.1,93.9,230.1,4.5,13490.0,247.3
2018-08-12T14:43:46,33.1,106.3,228.9,4.0,13500.0,248.3
2018-08-12T14:44:17,33.0,104.5,234.8,4.5,13520.0,248.3
2018-08-12T14:44:48,33.0,103.3,233.0,2.7,13530.0,248.3
2018-08-12T14:45:19,33.1,111.0,227.7,0.6,13540.0,247.3
2018-08-12T14:45:50,33.2,106.9,231.3,0.6,13560.0,247.3
2018-08-12T14:46:22,33.1,112.8,232.4,1.1,13570.0,248.3
2018-08-12T14:46:53,33.0,115.7,227.1,4.0,13590.0,250.2
2018-08-12T14:47:24,33.0,104.5,226.5,4.6,13600.0,249.3
2018-08-12T14:47:55,33.0,110.4,234.2,3.2,13620.0,250.2
2018-08-12T14:48:26,33.0,95.1,232.4,0.8,13630.0,248.3
2018-08-12T14:48:57,33.0,94.5,233.6,5.7,13640.0,247.3
2018-08-12T14:49:28,32.7,95.1,230.7,6.5,13660.0,248.3
2018-08-12T14:49:59,32.7,94.5,228.3,4.4,13670.0,248.3
2018-08-12T14:50:30,32.9,94.5,227.7,0.5,13690.0,250.2
2018-08-12T14:51:01,32.9,104.5,227.1,5.9,13700.0,250.2
2018-08-12T14:51:32,33.0,114.0,229.5,6.4,13720.0,249.3
2018-08-12T14:52:03,32.9,107.5,229.5,4.3,13730.0,248.3
2018-08-12T14:52:34,32.7,110.4,225.9,0.4,13740.0,249.3
2018-08-12T14:53:05,32.5,97.4,234.8,0.4,13760.0,249.3
2018-08-12T14:53:36,32.4,102.7,234.2,4.7,13770.0,249.3
2018-08-12T14:54:07,32.5,103.9,233.0,4.3,13790.0,248.3
2018-08-12T14:54:38,32.5,102.7,233.0,4.7,13800.0,248.3
2018-08-12T14:55:09,32.5,113.4,233.0,6.8,13820.0,248.3
2018-08-12T14:55:41,32.5,111.6,234.2,2.3,13830.0,248.3
2018-08-12T14:56:12,32.4,104.5,230.1,3.4,13840.0,249.3
2018-08-12T14:56:43,32.4,108.1,231.3,4.3,13860.0,249.3
2018-08-12T14:57:14,32.4,108.1,224.2,4.7,13870.0,249.3
2018-08-12T14:57:45,32.5,111.0,227.7,2.4,13880.0,249.3
2018-08-12T14:58:16,32.6,103.3,227.7,0.1,13890.0,250.2
2018-08-12T14:58:47,32.6,102.1,229.5,3.0,13910.0,248.3
2018-08-12T14:59:18,32.6,95.1,233.6,5.8,13920.0,247.3
2018-08-12T14:59:49,32.6,89.7,230.7,1.7,13930.0,247.3
2018-08-12T15:00:20,32.6,105.1,228.9,2.7,13950.0,246.4
2018-08-12T15:00:52,32.6,111.0,227.1,5.6,13960.0,246.4
2018-08-12T15:01:23,32.5,114.6,227.1,1.1,13970.0,248.3
2018-08-12T15:01:54,32.4,105.7,232.4,1.1,13980.0,247.3
2018-08-12T15:02:25,32.4,116.9,233.0,1.0,14000.0,249.3
2018-08-12T15:02:56,32.5,127.5,224.8,0.8,14010.0,248.3
2018-08-12T15:03:27,32.5,113.4,223.6,1.5,14020.0,247.3
2018-08-12T15:03:58,32.5,111.6,233.6,2.3,14030.0,247.3
2018-08-12T15:04:29,32.6,114.0,224.2,2.0,14050.0,247.3
2018-08-12T15:05:00,32.7,109.8,225.4,3.8,14060.0,246.4
2018-08-12T15:05:32,32.6,86.8,227.7,1.2,14070.0,247.3
2018-08-12T15:06:03,32.7,102.7,234.2,4.1,14080.0,247.3
2018-08-12T15:06:34,32.6,105.7,233.0,5.0,14100.0,247.3
2018-08-12T15:07:05,32.6,82.1,234.8,0.0,14110.0,246.4
2018-08-12T15:07:36,32.5,105.1,231.9,0.2,14120.0,246.4
2018-08-12T15:08:07,32.5,111.6,224.8,1.8,14130.0,246.4
2018-08-12T15:08:38,32.4,112.2,224.8,0.9,14140.0,247.3
2018-08-12T15:09:09,32.3,108.1,225.4,1.2,14160.0,246.4
2018-08-12T15:09:40,32.4,109.8,230.7,0.8,14170.0,247.3
2018-08-12T15:10:11,32.4,106.3,233.6,1.4,14180.0,247.3
2018-08-12T15:10:42,32.4,138.8,236.6,0.6,14190.0,248.3
2018-08-12T15:11:14,32.4,143.5,229.5,0.6,14200.0,248.3
2018-08-12T15:11:45,32.4,142.9,231.9,0.6,14210.0,248.3
2018-08-12T15:12:16,32.3,144.1,230.1,0.8,14220.0,247.3
2018-08-12T15:12:47,32.4,145.9,228.9,0.6,14230.0,246.4
2018-08-12T15:13:18,32.5,144.1,228.9,0.7,14240.0,245.4
2018-08-12T15:13:49,32.5,151.8,225.4,0.5,14260.0,245.4
2018-08-12T15:14:20,32.6,147.0,230.1,0.7,14270.0,247.3
2018-08-12T15:14:51,32.7,142.9,227.1,0.7,14280.0,246.4
2018-08-12T15:15:22,32.6,142.9,233.0,0.6,14290.0,247.3
2018-08-12T15:15:54,32.4,131.7,230.1,0.7,14300.0,246.4
2018-08-12T15:16:25,32.4,130.5,231.3,0.8,14310.0,248.3
2018-08-12T15:16:56,32.5,122.2,228.3,0.9,14320.0,248.3
2018-08-12T15:17:27,32.3,127.5,233.6,0.6,14330.0,248.3
2018-08-12T15:17:58,32.2,129.9,233.6,0.6,14340.0,248.3
2018-08-12T15:18:29,32.0,120.5,233.6,0.6,14350.0,248.3
2018-08-12T15:19:00,32.0,126.4,233.0,0.6,14360.0,246.4
2018-08-12T15:19:31,32.0,150.0,232.4,0.6,14370.0,245.4
2018-08-12T15:20:02,32.2,160.6,227.7,0.5,14380.0,246.4
2018-08-12T15:20:34,32.3,170.7,228.9,0.5,14390.0,244.4
2018-08-12T15:21:05,32.4,194.3,229.5,0.5,14410.0,246.4
2018-08-12T15:21:36,32.3,215.6,231.3,0.4,14420.0,247.3
2018-08-12T15:22:07,32.2,222.1,232.4,0.5,14430.0,248.3
2018-08-12T15:22:38,32.2,235.1,232.4,0.4,14440.0,248.3
2018-08-12T15:23:09,32.0,219.1,231.9,0.5,14450.0,247.3
2018-08-12T15:23:40,31.9,226.8,224.8,0.5,14460.0,247.3
2018-08-12T15:24:11,31.9,226.8,236.0,0.5,14470.0,246.4
2018-08-12T15:24:42,32.0,228.6,231.3,0.5,14480.0,245.4
2018-08-12T15:25:13,32.2,222.7,227.7,0.5,14490.0,245.4
2018-08-12T15:25:44,32.2,201.4,231.3,0.5,14500.0,248.3
2018-08-12T15:26:16,32.3,199.0,234.8,0.5,14510.0,248.3
2018-08-12T15:26:47,32.3,220.9,234.2,0.5,14520.0,246.4
2018-08-12T15:27:18,32.4,234.5,232.4,0.5,14530.0,248.3
2018-08-12T15:27:49,32.5,215.0,231.9,0.5,14540.0,247.3
2018-08-12T15:28:20,32.6,220.3,228.9,0.5,14550.0,247.3
2018-08-12T15:28:51,32.6,239.2,224.8,0.4,14560.0,247.3
2018-08-12T15:29:22,32.5,218.5,228.3,0.5,14570.0,248.3
2018-08-12T15:29:53,32.5,216.7,226.5,0.5,14580.0,245.4
2018-08-12T15:30:24,32.4,212.0,232.4,0.5,14590.0,244.4
2018-08-12T15:30:55,32.4,233.9,230.7,0.5,14600.0,244.4
2018-08-12T15:31:27,32.3,235.1,230.7,0.4,14610.0,245.4
2018-08-12T15:31:58,32.3,226.2,238.4,0.5,14620.0,245.4
2018-08-12T15:32:29,32.2,228.6,233.0,0.5,14630.0,245.4
2018-08-12T15:33:00,32.0,230.9,232.4,0.4,14640.0,243.5
2018-08-12T15:33:31,32.0,209.1,230.1,0.5,14650.0,246.4
2018-08-12T15:34:02,32.0,230.9,230.1,0.5,14660.0,245.4
2018-08-12T15:34:33,31.9,223.2,225.9,0.5,14670.0,245.4
2018-08-12T15:35:04,31.9,208.5,227.1,0.5,14680.0,245.4
2018-08-12T15:35:35,32.0,229.7,231.3,0.5,14690.0,245.4
2018-08-12T15:36:07,31.8,223.2,231.9,0.5,14700.0,245.4
2018-08-12T15:36:38,31.8,202.0,232.4,0.5,14710.0,243.5
2018-08-12T15:37:09,31.9,207.3,231.3,0.5,14720.0,243.5
2018-08-12T15:37:40,32.0,228.6,230.1,0.4,14730.0,243.5
2018-08-12T15:38:11,32.0,228.6,233.0,0.4,14740.0,243.5
2018-08-12T15:38:42,32.2,207.9,236.0,0.5,14750.0,242.5
2018-08-12T15:39:13,32.2,225.0,235.4,0.4,14760.0,244.4
2018-08-12T15:39:44,32.4,228.6,236.0,0.5,14770.0,246.4
2018-08-12T15:40:15,32.4,207.3,234.2,0.5,14780.0,245.4
2018-08-12T15:40:46,32.3,219.7,231.3,0.5,14790.0,244.4
2018-08-12T15:41:18,32.0,231.5,232.4,0.4,14800.0,245.4
2018-08-12T15:41:49,32.0,222.7,232.4,0.4,14810.0,244.4
2018-08-12T15:42:20,32.0,232.1,232.4,0.4,14820.0,244.4
2018-08-12T15:42:51,32.0,211.4,231.3,0.5,14830.0,243.5
2018-08-12T15:43:22,31.9,210.8,227.7,0.5,14840.0,241.5
2018-08-12T15:43:53,31.8,208.5,235.4,0.4,14850.0,243.5
2018-08-12T15:44:24,31.8,229.2,234.8,0.4,14860.0,242.5
2018-08-12T15:44:55,31.8,232.1,228.9,0.5,14870.0,242.5
2018-08-12T15:45:26,31.7,210.2,233.0,0.4,14880.0,243.5
2018-08-12T15:45:57,31.7,209.1,231.9,0.5,14880.0,246.4
2018-08-12T15:46:28,31.6,229.2,234.2,0.4,14890.0,246.4
2018-08-12T15:46:59,31.6,229.2,235.4,0.4,14900.0,246.4
2018-08-12T15:47:30,31.7,207.3,232.4,0.4,14910.0,245.4
2018-08-12T15:48:01,31.6,230.3,229.5,0.4,14920.0,245.4
2018-08-12T15:48:32,31.7,225.6,230.7,0.4,14930.0,246.4
2018-08-12T15:49:03,31.7,209.1,229.5,0.5,14940.0,246.4
2018-08-12T15:49:34,31.8,197.3,227.7,0.5,14950.0,245.4
2018-08-12T15:50:05,31.9,189.0,232.4,0.5,14960.0,246.4
2018-08-12T15:50:37,32.0,191.9,230.1,0.5,14970.0,246.4
2018-08-12T15:51:08,31.9,212.0,234.2,0.5,14980.0,248.3
2018-08-12T15:51:39,31.9,234.5,240.1,0.4,14980.0,246.4
2018-08-12T15:52:10,31.9,224.4,237.2,0.4,14990.0,247.3
2018-08-12T15:52:41,31.8,230.9,235.4,0.4,15000.0,246.4
2018-08-12T15:53:12,31.7,230.9,229.5,0.5,15010.0,245.4
2018-08-12T15:53:43,31.7,220.3,234.2,0.4,15020.0,246.4
2018-08-12T15:54:14,31.7,204.9,235.4,0.5,15030.0,245.4
2018-08-12T15:54:45,31.8,220.3,233.0,0.4,15040.0,245.4
2018-08-12T15:55:16,31.8,200.2,233.0,0.5,15050.0,244.4
2018-08-12T15:55:48,31.7,217.9,229.5,0.4,15050.0,244.4
2018-08-12T15:56:19,31.8,240.4,228.3,0.4,15060.0,244.4
2018-08-12T15:56:50,31.9,217.3,231.3,0.5,15070.0,243.5
2018-08-12T15:57:21,31.9,225.0,233.0,0.4,15080.0,246.4
2018-08-12T15:57:52,31.8,234.5,237.8,0.4,15090.0,244.4
2018-08-12T15:58:23,31.8,222.1,234.2,0.5,15100.0,245.4
2018-08-12T15:58:54,31.8,221.5,233.6,0.5,15110.0,245.4
2018-08-12T15:59:25,31.9,223.8,236.0,0.4,15110.0,245.4
2018-08-12T15:59:56,31.9,217.9,242.5,0.4,15120.0,244.4
2018-08-12T16:00:27,31.9,220.3,239.5,0.5,15130.0,244.4
2018-08-12T16:00:59,31.9,215.6,235.4,0.5,15140.0,245.4
2018-08-12T16:01:30,31.9,216.2,231.3,0.5,15150.0,244.4
2018-08-12T16:02:01,31.9,216.2,228.3,0.5,15160.0,242.5
2018-08-12T16:02:32,31.9,219.1,233.0,0.5,15160.0,242.5
2018-08-12T16:03:03,31.9,226.2,235.4,0.4,15170.0,242.5
2018-08-12T16:03:34,32.0,220.3,236.0,0.6,15180.0,243.5
2018-08-12T16:04:05,32.0,219.7,241.3,0.6,15190.0,244.4
2018-08-12T16:04:36,31.9,213.2,243.1,0.5,15200.0,243.5
2018-08-12T16:05:07,31.9,219.1,235.4,0.5,15210.0,243.5
2018-08-12T16:05:38,31.9,220.3,236.0,0.4,15210.0,243.5
2018-08-12T16:06:10,31.9,206.1,230.1,0.5,15220.0,244.4
2018-08-12T16:06:41,32.0,202.6,236.0,0.5,15230.0,244.4
2018-08-12T16:07:12,32.0,206.1,232.4,0.5,15240.0,243.5
2018-08-12T16:07:43,32.0,203.2,242.5,0.5,15250.0,242.5
2018-08-12T16:08:14,32.0,206.7,236.0,0.5,15250.0,243.5
2018-08-12T16:08:45,31.9,216.7,241.9,0.5,15260.0,242.5
2018-08-12T16:09:16,31.8,223.8,241.3,0.4,15270.0,243.5
2018-08-12T16:09:47,31.8,210.2,242.5,0.4,15280.0,244.4
2018-08-12T16:10:18,31.9,202.0,236.0,0.5,15290.0,245.4
2018-08-12T16:10:49,31.8,183.1,234.8,0.7,15290.0,243.5
2018-08-12T16:11:21,31.8,171.9,231.9,0.6,15300.0,244.4
2018-08-12T16:11:52,31.9,174.2,235.4,0.5,15310.0,244.4
2018-08-12T16:12:23,31.9,161.2,236.6,0.6,15320.0,244.4
2018-08-12T16:12:54,31.9,162.4,237.2,0.6,15320.0,245.4
2018-08-12T16:13:25,31.9,166.5,239.5,0.6,15330.0,244.4
2018-08-12T16:13:56,31.9,169.5,240.1,0.6,15340.0,243.5
2018-08-12T16:14:27,31.9,174.2,234.2,0.6,15350.0,244.4
2018-08-12T16:14:58,31.9,171.9,230.1,0.6,15350.0,244.4
2018-08-12T16:15:29,31.7,184.3,236.0,0.5,15360.0,243.5
2018-08-12T16:16:00,31.6,197.3,237.8,0.6,15370.0,244.4
2018-08-12T16:16:31,31.4,200.8,243.1,0.6,15380.0,244.4
2018-08-12T16:17:02,31.2,204.3,240.7,0.5,15380.0,244.4
2018-08-12T16:17:33,31.4,207.3,241.9,0.6,15390.0,245.4
2018-08-12T16:18:04,31.5,218.5,233.0,0.5,15400.0,244.4
2018-08-12T16:18:35,31.5,219.1,234.2,0.5,15410.0,245.4
2018-08-12T16:19:06,31.5,225.0,236.6,0.4,15410.0,245.4
2018-08-12T16:19:37,31.6,213.8,234.8,0.5,15420.0,244.4
2018-08-12T16:20:08,31.5,225.0,236.6,0.5,15430.0,243.5
2018-08-12T16:20:40,31.5,220.3,237.2,0.5,15440.0,245.4
2018-08-12T16:21:11,31.6,234.5,244.3,0.4,15440.0,243.5
2018-08-12T16:21:42,31.6,231.5,243.7,0.4,15450.0,244.4
2018-08-12T16:22:13,31.7,230.9,239.0,0.4,15460.0,243.5
2018-08-12T16:22:44,31.7,235.1,232.4,0.4,15460.0,244.4
2018-08-12T16:23:15,31.6,231.5,232.4,0.4,15470.0,245.4
2018-08-12T16:23:46,31.4,236.8,233.0,0.4,15480.0,244.4
2018-08-12T16:24:17,31.4,237.4,234.2,0.4,15480.0,245.4
2018-08-12T16:24:48,31.2,223.8,241.3,0.5,15490.0,246.4
2018-08-12T16:25:19,31.4,218.5,241.3,0.5,15500.0,245.4
2018-08-12T16:25:51,31.4,215.6,234.2,0.5,15500.0,244.4
2018-08-12T16:26:22,31.4,215.6,233.0,0.5,15510.0,242.5
2018-08-12T16:26:53,31.1,220.9,234.8,0.4,15520.0,242.5
2018-08-12T16:27:24,31.1,238.6,239.0,0.4,15520.0,243.5
2018-08-12T16:27:55,31.0,217.3,242.5,0.4,15530.0,242.5
2018-08-12T16:28:26,31.0,235.1,240.1,0.4,15540.0,242.5
2018-08-12T16:28:57,31.1,213.8,233.0,0.4,15540.0,245.4
2018-08-12T16:29:28,31.2,234.5,230.7,0.4,15550.0,244.4
2018-08-12T16:29:59,31.2,216.2,233.6,0.4,15560.0,244.4
2018-08-12T16:30:30,31.2,233.9,239.0,0.4,15560.0,243.5
2018-08-12T16:31:01,31.2,225.6,240.1,0.4,15570.0,243.5
2018-08-12T16:31:32,31.2,218.5,244.3,0.5,15580.0,244.4
2018-08-12T16:32:03,31.2,226.2,236.0,0.4,15580.0,242.5
2018-08-12T16:32:34,31.1,239.8,231.9,0.4,15590.0,241.5
2018-08-12T16:33:05,31.1,217.9,234.2,0.4,15590.0,242.5
2018-08-12T16:33:36,31.2,216.7,236.0,0.4,15600.0,241.5
2018-08-12T16:34:07,31.4,223.2,243.1,0.5,15610.0,242.5
2018-08-12T16:34:38,31.2,223.2,235.4,0.4,15610.0,242.5
2018-08-12T16:35:09,31.4,216.2,234.2,0.5,15620.0,243.5
2018-08-12T16:35:41,31.2,225.0,245.5,0.4,15620.0,243.5
2018-08-12T16:36:12,31.2,223.2,231.3,0.4,15630.0,242.5
2018-08-12T16:36:43,31.1,226.2,240.7,0.4,15640.0,243.5
2018-08-12T16:37:14,31.2,224.4,231.9,0.4,15640.0,243.5
2018-08-12T16:37:45,31.2,214.4,235.4,0.4,15650.0,243.5
2018-08-12T16:38:16,31.2,220.9,235.4,0.4,15650.0,243.5
2018-08-12T16:38:47,31.2,221.5,234.8,0.5,15660.0,241.5
2018-08-12T16:39:18,31.2,225.6,246.1,0.4,15660.0,242.5
2018-08-12T16:39:49,31.0,228.6,243.1,0.4,15670.0,243.5
2018-08-12T16:40:20,31.0,222.1,237.2,0.5,15680.0,245.4
2018-08-12T16:40:52,31.0,232.1,236.6,0.4,15680.0,243.5
2018-08-12T16:41:23,30.9,225.6,239.5,0.4,15690.0,245.4
2018-08-12T16:41:54,30.9,219.7,244.9,0.5,15690.0,245.4
2018-08-12T16:42:25,30.9,217.3,235.4,0.4,15700.0,243.5
2018-08-12T16:42:56,30.8,229.7,232.4,0.4,15700.0,242.5
2018-08-12T16:43:27,30.7,228.0,239.0,0.5,15710.0,245.4
2018-08-12T16:43:58,30.8,227.4,240.1,0.4,15710.0,244.4
2018-08-12T16:44:29,30.8,232.7,244.3,0.4,15720.0,244.4
2018-08-12T16:45:00,30.9,231.5,235.4,0.4,15720.0,244.4
2018-08-12T16:45:32,30.9,241.0,232.4,0.3,15730.0,242.5
2018-08-12T16:46:03,30.9,227.4,237.8,0.4,15730.0,243.5
2018-08-12T16:46:34,30.9,230.9,246.1,0.4,15740.0,242.5
2018-08-12T16:47:05,30.9,224.4,240.7,0.4,15740.0,242.5
2018-08-12T16:47:36,30.9,206.1,234.2,0.4,15750.0,244.4
2018-08-12T16:48:07,30.9,214.4,239.0,0.4,15750.0,244.4
2018-08-12T16:48:38,30.9,226.8,235.4,0.4,15760.0,243.5
2018-08-12T16:49:09,30.9,234.5,241.3,0.4,15760.0,243.5
2018-08-12T16:49:40,31.0,233.3,233.6,0.4,15770.0,243.5
2018-08-12T16:50:11,31.0,237.4,244.3,0.3,15770.0,243.5
2018-08-12T16:50:43,31.1,235.1,241.3,0.3,15780.0,243.5
2018-08-12T16:51:14,31.1,227.4,241.3,0.4,15780.0,243.5
2018-08-12T16:51:45,31.1,236.2,231.3,0.4,15780.0,242.5
2018-08-12T16:52:16,31.1,220.9,240.1,0.5,15790.0,242.5
2018-08-12T16:52:47,31.1,219.7,243.7,0.4,15790.0,241.5
2018-08-12T16:53:18,31.0,217.9,239.5,0.4,15800.0,243.5
2018-08-12T16:53:49,30.8,230.3,239.5,0.4,15800.0,242.5
2018-08-12T16:54:20,30.8,230.9,244.9,0.4,15810.0,242.5
2018-08-12T16:54:51,30.7,236.2,231.9,0.3,15810.0,241.5
2018-08-12T16:55:22,30.4,219.1,223.0,0.5,15810.0,242.5
2018-08-12T16:55:54,30.5,218.5,215.3,0.7,15820.0,242.5
2018-08-12T16:56:25,30.5,216.2,212.9,0.5,15820.0,243.5
2018-08-12T16:56:56,30.5,216.2,215.3,0.4,15830.0,242.5
2018-08-12T16:57:27,30.7,197.3,206.4,1.3,15830.0,242.5
2018-08-12T16:57:58,30.7,205.5,219.4,0.5,15830.0,242.5
2018-08-12T16:58:29,30.7,215.6,223.6,1.1,15840.0,242.5
2018-08-12T16:59:00,30.5,216.2,224.8,0.4,15840.0,242.5
2018-08-12T16:59:31,30.4,230.3,209.4,0.4,15840.0,242.5
2018-08-12T17:00:02,30.5,213.2,215.3,0.5,15850.0,243.5
2018-08-12T17:00:33,30.4,207.9,227.1,1.0,15850.0,244.4
2018-08-12T17:01:05,30.4,191.9,216.5,1.1,15860.0,245.4
2018-08-12T17:01:36,30.2,191.3,215.3,0.6,15860.0,244.4
2018-08-12T17:02:07,30.1,193.1,234.2,1.1,15860.0,241.5
2018-08-12T17:02:38,30.2,197.3,217.7,0.8,15870.0,241.5
2018-08-12T17:03:09,30.2,180.1,217.1,0.9,15870.0,243.5
2018-08-12T17:03:40,30.2,184.3,223.0,0.9,15870.0,242.5
2018-08-12T17:04:11,30.1,190.2,227.1,1.1,15880.0,240.6
2018-08-12T17:04:42,30.2,192.5,223.0,0.9,15880.0,238.6
2018-08-12T17:05:13,30.1,186.0,223.6,1.2,15880.0,241.5
2018-08-12T17:05:44,30.1,180.1,208.2,0.7,15890.0,240.6
2018-08-12T17:06:16,30.1,173.6,206.4,0.9,15890.0,241.5
2018-08-12T17:06:47,30.2,155.3,218.3,0.9,15890.0,243.5
2018-08-12T17:07:18,30.2,151.2,218.3,1.1,15890.0,241.5
2018-08-12T17:07:49,30.4,149.4,226.5,1.1,15900.0,241.5
2018-08-12T17:08:20,30.2,149.4,224.8,0.9,15900.0,241.5
2018-08-12T17:08:51,30.2,147.6,241.3,0.9,15900.0,241.5
2018-08-12T17:09:22,30.3,156.5,237.2,0.8,15900.0,241.5
2018-08-12T17:09:53,30.3,164.8,228.3,0.9,15910.0,240.6
2018-08-12T17:10:24,30.3,167.1,237.8,0.7,15910.0,240.6
2018-08-12T17:10:55,30.3,178.9,233.0,0.6,15910.0,239.6
2018-08-12T17:11:27,30.3,190.8,229.5,0.5,15910.0,240.6
2018-08-12T17:11:58,30.3,190.8,242.5,0.4,15920.0,242.5
2018-08-12T17:12:29,30.4,189.0,231.9,0.3,15920.0,241.5
2018-08-12T17:13:00,30.4,194.9,220.6,0.3,15920.0,241.5
2018-08-12T17:13:31,30.3,194.3,211.7,0.2,15920.0,243.5
2018-08-12T17:14:02,30.2,196.1,209.4,0.2,15920.0,243.5
2018-08-12T17:14:33,30.2,173.6,193.4,0.2,15920.0,244.4
2018-08-12T17:15:04,30.2,191.9,196.4,0.2,15920.0,244.4
2018-08-12T17:15:35,30.1,200.2,189.9,0.1,15920.0,244.4
2018-08-12T17:16:06,30.1,179.5,176.8,0.1,15920.0,244.4
2018-08-12T17:16:37,29.7,194.3,168.0,0.1,15930.0,243.5
2018-08-12T17:17:08,29.4,193.7,164.4,0.1,15930.0,242.5
2018-08-12T17:17:39,29.4,174.2,144.9,0.1,15930.0,241.5
2018-08-12T17:18:10,29.7,152.4,150.2,0.1,15930.0,242.5
2018-08-12T17:18:41,29.7,135.2,170.9,0.1,15930.0,241.5
2018-08-12T17:19:12,29.7,155.3,189.9,0.1,15930.0,242.5
2018-08-12T17:19:43,29.7,176.0,216.5,0.1,15930.0,242.5
2018-08-12T17:20:14,29.7,198.4,235.4,0.0,15930.0,244.4
2018-08-12T17:20:46,29.4,197.8,216.5,0.0,15930.0,243.5
2018-08-12T17:21:17,29.4,177.2,194.6,0.1,15930.0,243.5
2018-08-12T17:21:48,29.4,154.1,171.5,0.1,15930.0,242.5
2018-08-12T17:22:19,29.0,134.0,152.6,0.1,15930.0,242.5
2018-08-12T17:22:50,29.0,144.7,144.9,0.1,15930.0,241.5
2018-08-12T17:23:21,29.0,163.0,167.4,0.1,15930.0,242.5
2018-08-12T17:23:52,29.0,186.6,184.5,0.0,15930.0,241.5
2018-08-12T17:24:23,28.6,202.6,204.6,0.0,15930.0,240.6
2018-08-12T17:24:54,28.3,201.4,235.4,0.0,15930.0,239.6
2018-08-12T17:25:25,27.9,199.6,225.4,0.0,15930.0,240.6
2018-08-12T17:25:57,27.5,198.4,221.8,0.0,15930.0,241.5
2018-08-12T17:26:28,27.5,196.7,218.3,0.0,15930.0,241.5
2018-08-12T17:26:59,27.9,194.9,214.1,0.0,15930.0,242.5
2018-08-12T17:27:30,27.5,193.7,209.4,0.0,15930.0,240.6
2018-08-12T17:28:01,27.5,191.9,203.5,0.0,15930.0,239.6
2018-08-12T17:28:32,27.2,183.1,199.3,0.0,15930.0,239.6
2018-08-12T17:29:03,26.8,122.2,192.8,0.1,15930.0,241.5
2018-08-12T17:29:34,26.8,181.9,182.2,0.0,15930.0,240.6
2018-08-12T17:30:05,26.8,176.0,176.2,0.0,15930.0,241.5
2018-08-12T17:30:37,27.2,165.9,168.0,0.0,15930.0,239.6
2018-08-12T17:31:08,26.8,98.0,158.5,0.0,15930.0,239.6
2018-08-12T17:31:39,26.1,131.7,131.9,0.0,15930.0,239.6
2018-08-12T17:32:10,26.1,59.0,59.1,0.0,15930.0,239.6
