2019-02-05T06:35:28,30.8,215.0,199.9,0.4,90.0,240.6
2019-02-05T06:35:59,30.8,197.3,216.5,0.4,90.0,241.5
2019-02-05T06:36:31,30.8,176.6,237.8,0.4,90.0,242.5
2019-02-05T06:37:02,30.9,187.2,224.2,0.4,100.0,243.5
2019-02-05T06:37:33,30.9,206.7,222.4,0.4,100.0,243.5
2019-02-05T06:38:04,30.9,211.4,244.3,0.4,100.0,243.5
2019-02-05T06:38:35,30.9,189.0,222.4,0.4,100.0,244.4
2019-02-05T06:39:06,30.9,168.3,202.9,0.5,100.0,245.4
2019-02-05T06:39:37,31.0,171.3,211.2,0.5,100.0,243.5
2019-02-05T06:40:08,31.0,193.7,234.2,0.4,100.0,243.5
2019-02-05T06:40:40,31.0,213.8,232.4,0.4,110.0,242.5
2019-02-05T06:41:12,31.0,200.2,217.7,0.4,110.0,242.5
2019-02-05T06:41:43,31.0,179.5,239.0,0.5,110.0,241.5
2019-02-05T06:42:14,31.1,158.9,221.2,0.5,110.0,242.5
2019-02-05T06:42:45,31.1,176.0,223.6,0.5,110.0,243.5
2019-02-05T06:43:16,31.1,196.7,239.5,0.4,110.0,244.4
2019-02-05T06:43:47,31.1,216.2,218.3,0.4,120.0,243.5
2019-02-05T06:44:18,31.2,198.4,235.4,0.4,120.0,244.4
2019-02-05T06:44:49,31.2,178.9,225.9,0.5,120.0,244.4
2019-02-05T06:45:20,31.2,167.7,204.6,0.5,120.0,244.4
2019-02-05T06:45:51,31.2,189.6,227.7,0.4,120.0,244.4
2019-02-05T06:46:23,31.2,210.8,234.2,0.4,120.0,244.4
2019-02-05T06:46:54,31.2,206.7,212.3,0.5,130.0,244.4
2019-02-05T06:47:25,31.4,186.6,230.1,0.5,130.0,244.4
2019-02-05T06:47:56,31.4,165.9,240.1,0.5,130.0,241.5
2019-02-05T06:48:27,31.4,144.1,216.5,0.6,130.0,242.5
2019-02-05T06:48:58,31.4,154.7,197.0,0.6,130.0,242.5
2019-02-05T06:49:29,31.4,179.5,196.4,0.7,140.0,243.5
2019-02-05T06:50:00,31.4,206.1,223.0,0.7,140.0,244.4
2019-02-05T06:50:31,31.4,210.8,245.5,0.6,140.0,245.4
2019-02-05T06:51:03,31.4,188.4,225.4,0.8,140.0,244.4
2019-02-05T06:51:34,31.4,163.6,203.5,1.0,150.0,244.4
2019-02-05T06:52:05,31.5,165.4,220.0,1.0,150.0,245.4
2019-02-05T06:52:36,31.5,187.8,236.0,1.0,150.0,244.4
2019-02-05T06:53:07,31.5,211.4,225.4,1.0,160.0,245.4
2019-02-05T06:53:38,31.6,203.2,245.5,1.0,160.0,245.4
2019-02-05T06:54:09,31.6,214.4,222.4,0.9,160.0,244.4
2019-02-05T06:54:40,31.6,199.0,226.5,1.0,170.0,245.4
2019-02-05T06:55:11,31.6,216.7,233.0,0.9,170.0,244.4
2019-02-05T06:55:42,31.6,210.2,222.4,0.9,170.0,245.4
2019-02-05T06:56:14,31.7,215.0,227.1,0.7,180.0,243.5
2019-02-05T06:56:45,31.7,204.9,227.7,0.6,180.0,244.4
2019-02-05T06:57:16,31.7,205.5,228.9,0.6,180.0,244.4
2019-02-05T06:57:47,31.7,204.3,225.9,0.4,180.0,245.4
2019-02-05T06:58:18,31.7,202.0,230.1,0.4,180.0,244.4
2019-02-05T06:58:49,31.8,212.0,225.9,0.3,190.0,244.4
2019-02-05T06:59:20,31.8,194.3,225.9,0.4,190.0,244.4
2019-02-05T06:59:51,31.7,210.2,218.8,0.3,190.0,243.5
2019-02-05T07:00:22,31.7,186.0,239.0,0.5,190.0,242.5
2019-02-05T07:00:54,31.7,161.8,217.7,0.6,190.0,243.5
2019-02-05T07:01:25,31.7,180.1,197.0,0.5,190.0,242.5
2019-02-05T07:01:56,31.7,202.6,205.2,0.6,190.0,240.6
2019-02-05T07:02:27,31.7,207.9,214.7,0.4,190.0,241.5
2019-02-05T07:02:58,31.7,187.8,211.7,0.5,200.0,241.5
2019-02-05T07:03:29,31.6,164.2,235.4,0.6,200.0,242.5
2019-02-05T07:04:00,31.6,180.1,215.3,0.4,200.0,245.4
2019-02-05T07:04:31,31.5,199.6,227.7,0.5,200.0,245.4
2019-02-05T07:05:02,31.6,208.5,233.6,0.5,200.0,244.4
2019-02-05T07:05:34,31.6,187.8,211.2,0.5,200.0,246.4
2019-02-05T07:06:05,31.5,166.5,215.3,0.5,200.0,245.4
2019-02-05T07:06:36,31.6,145.9,237.2,0.6,210.0,244.4
2019-02-05T07:07:07,31.6,158.9,230.7,0.6,210.0,242.5
2019-02-05T07:07:38,31.6,183.1,209.4,0.6,210.0,243.5
2019-02-05T07:08:09,31.6,208.5,188.1,0.7,210.0,242.5
2019-02-05T07:08:40,31.6,206.7,185.1,0.7,210.0,243.5
2019-02-05T07:09:11,31.6,201.4,211.2,0.7,220.0,243.5
2019-02-05T07:09:42,31.6,211.4,234.2,0.7,220.0,242.5
2019-02-05T07:10:13,31.6,190.8,231.9,0.8,220.0,242.5
2019-02-05T07:10:45,31.6,193.7,210.0,0.8,220.0,244.4
2019-02-05T07:11:16,31.6,216.2,218.8,0.7,230.0,243.5
2019-02-05T07:11:47,31.7,200.2,240.1,0.8,230.0,242.5
2019-02-05T07:12:18,31.7,213.8,225.9,0.7,230.0,241.5
2019-02-05T07:12:49,31.8,215.0,227.1,0.7,230.0,243.5
2019-02-05T07:13:20,31.8,215.6,226.5,0.6,240.0,243.5
2019-02-05T07:13:51,31.8,206.1,225.4,0.6,240.0,241.5
2019-02-05T07:14:22,31.8,202.0,233.0,0.5,240.0,242.5
2019-02-05T07:14:53,31.8,207.9,222.4,0.5,240.0,240.6
2019-02-05T07:15:24,31.8,182.5,244.9,0.7,250.0,241.5
2019-02-05T07:15:56,31.9,161.8,221.2,0.8,250.0,241.5
2019-02-05T07:16:27,31.9,174.8,201.1,0.8,250.0,241.5
2019-02-05T07:16:58,31.9,189.0,202.3,0.6,250.0,239.6
2019-02-05T07:17:29,31.9,164.8,218.8,0.8,250.0,239.6
2019-02-05T07:18:00,32.0,170.1,225.9,0.8,260.0,238.6
2019-02-05T07:18:31,32.0,194.9,207.0,0.8,260.0,239.6
2019-02-05T07:19:02,32.0,217.9,206.4,0.7,260.0,239.6
2019-02-05T07:19:33,32.0,200.2,229.5,0.8,260.0,240.6
2019-02-05T07:20:04,32.2,204.3,225.4,0.5,270.0,239.6
2019-02-05T07:20:36,32.2,201.4,233.6,0.5,270.0,240.6
2019-02-05T07:21:07,32.3,210.8,215.9,0.4,270.0,239.6
2019-02-05T07:21:38,32.3,199.0,237.2,0.5,270.0,239.6
2019-02-05T07:22:09,32.3,178.9,224.2,0.6,270.0,241.5
2019-02-05T07:22:40,32.3,158.3,204.6,0.6,280.0,239.6
2019-02-05T07:23:11,32.3,137.0,183.3,0.7,280.0,240.6
2019-02-05T07:23:42,32.3,118.7,162.0,0.8,280.0,240.6
2019-02-05T07:24:13,32.3,142.9,175.1,0.9,280.0,240.6
2019-02-05T07:24:44,32.3,168.9,201.1,0.8,280.0,240.6
2019-02-05T07:25:15,32.4,190.2,228.3,0.8,290.0,240.6
2019-02-05T07:25:47,32.4,181.9,237.2,0.9,290.0,239.6
2019-02-05T07:26:18,32.3,159.4,214.7,0.9,290.0,242.5
2019-02-05T07:26:49,32.3,173.0,223.0,1.0,300.0,241.5
2019-02-05T07:27:20,32.2,196.7,245.5,0.9,300.0,241.5
2019-02-05T07:27:51,32.3,177.2,223.0,1.2,300.0,242.5
2019-02-05T07:28:22,32.3,151.8,199.9,1.4,310.0,242.5
2019-02-05T07:28:53,32.3,156.5,223.0,1.5,310.0,242.5
2019-02-05T07:29:24,32.3,140.0,215.9,1.5,320.0,242.5
2019-02-05T07:29:55,32.4,163.0,239.0,1.3,320.0,243.5
2019-02-05T07:30:26,32.4,184.8,225.4,1.3,330.0,243.5
2019-02-05T07:30:58,32.5,173.0,238.4,1.5,330.0,244.4
2019-02-05T07:31:29,32.5,180.7,233.0,1.4,330.0,244.4
2019-02-05T07:32:00,32.5,163.6,244.9,1.5,340.0,244.4
2019-02-05T07:32:31,32.5,180.1,228.9,1.4,340.0,245.4
2019-02-05T07:33:02,32.5,184.8,217.7,1.6,350.0,244.4
2019-02-05T07:33:33,32.6,168.3,235.4,1.7,360.0,246.4
2019-02-05T07:34:04,32.7,167.7,239.5,1.2,360.0,244.4
2019-02-05T07:34:35,32.7,147.6,215.9,1.5,360.0,245.4
2019-02-05T07:35:06,32.7,171.9,239.5,1.5,370.0,247.3
2019-02-05T07:35:38,32.7,165.4,222.4,1.5,370.0,247.3
2019-02-05T07:36:09,32.9,173.0,222.4,1.4,380.0,247.3
2019-02-05T07:36:40,32.9,171.3,244.3,1.9,380.0,248.3
2019-02-05T07:37:11,32.9,184.3,235.4,1.8,390.0,246.4
2019-02-05T07:37:42,32.9,174.8,230.7,2.0,400.0,245.4
2019-02-05T07:38:13,32.7,180.1,228.3,1.9,400.0,244.4
2019-02-05T07:38:44,32.9,180.1,239.0,1.9,410.0,244.4
2019-02-05T07:39:15,32.9,181.9,229.5,1.8,420.0,245.4
2019-02-05T07:39:46,33.0,176.6,230.1,1.6,420.0,245.4
2019-02-05T07:40:17,33.1,168.9,207.6,2.0,430.0,244.4
2019-02-05T07:40:49,33.1,175.4,225.4,2.0,430.0,244.4
2019-02-05T07:41:20,33.1,184.8,239.5,1.8,440.0,244.4
2019-02-05T07:41:51,33.1,180.1,232.4,1.9,450.0,244.4
2019-02-05T07:42:22,33.1,177.8,230.1,1.8,450.0,243.5
2019-02-05T07:42:53,33.1,176.0,230.1,1.6,460.0,243.5
2019-02-05T07:43:24,33.1,183.7,230.1,1.4,460.0,244.4
2019-02-05T07:43:55,33.1,180.7,231.9,1.3,470.0,243.5
2019-02-05T07:44:26,33.1,186.6,228.3,1.4,470.0,242.5
2019-02-05T07:44:57,33.1,180.7,225.9,1.4,480.0,243.5
2019-02-05T07:45:28,33.2,178.9,223.6,1.2,480.0,244.4
2019-02-05T07:46:00,33.2,179.5,228.3,1.2,490.0,245.4
2019-02-05T07:46:31,33.2,178.3,233.6,1.3,490.0,247.3
2019-02-05T07:47:02,33.2,175.4,218.8,1.3,500.0,247.3
2019-02-05T07:47:33,33.3,160.0,239.5,1.5,500.0,247.3
2019-02-05T07:48:04,33.3,164.8,218.3,1.4,500.0,246.4
2019-02-05T07:48:35,33.3,170.7,232.4,1.4,510.0,247.3
2019-02-05T07:49:06,33.3,177.8,225.4,1.4,510.0,247.3
2019-02-05T07:49:37,33.3,194.9,224.2,1.3,520.0,248.3
2019-02-05T07:50:08,33.3,191.3,230.7,1.2,520.0,246.4
2019-02-05T07:50:39,33.2,190.2,221.2,1.1,520.0,246.4
2019-02-05T07:51:11,33.2,166.5,239.5,1.4,530.0,245.4
2019-02-05T07:51:42,33.2,168.9,220.0,1.3,530.0,246.4
2019-02-05T07:52:13,33.3,183.1,239.5,1.4,540.0,245.4
2019-02-05T07:52:44,33.3,180.7,232.4,1.5,540.0,245.4
2019-02-05T07:53:15,33.4,175.4,239.5,1.3,550.0,246.4
2019-02-05T07:53:46,33.5,183.7,218.8,1.2,550.0,245.4
2019-02-05T07:54:17,33.5,180.7,235.4,1.2,560.0,246.4
2019-02-05T07:54:48,33.4,169.5,231.9,1.5,560.0,245.4
2019-02-05T07:55:19,33.4,175.4,225.4,1.4,560.0,245.4
2019-02-05T07:55:50,33.4,171.9,236.0,1.5,570.0,245.4
2019-02-05T07:56:22,33.5,181.9,225.4,1.5,570.0,244.4
2019-02-05T07:56:53,33.4,185.4,232.4,1.4,580.0,246.4
2019-02-05T07:57:24,33.5,187.2,221.2,1.4,580.0,245.4
2019-02-05T07:57:55,33.5,178.3,217.1,1.5,590.0,244.4
2019-02-05T07:58:26,33.4,176.0,241.3,1.6,590.0,245.4
2019-02-05T07:58:57,33.4,183.1,218.3,1.4,600.0,245.4
2019-02-05T07:59:28,33.4,193.1,241.9,1.3,600.0,246.4
2019-02-05T07:59:59,33.3,216.2,223.0,1.2,610.0,245.4
2019-02-05T08:00:30,33.2,228.6,218.8,0.7,610.0,245.4
2019-02-05T08:01:01,33.3,203.7,236.0,1.4,620.0,245.4
2019-02-05T08:01:32,33.3,200.2,237.8,1.2,620.0,245.4
2019-02-05T08:02:03,33.3,179.5,231.9,1.8,630.0,246.4
2019-02-05T08:02:34,33.3,189.6,228.3,1.9,640.0,247.3
2019-02-05T08:03:05,33.3,188.4,239.5,1.8,640.0,245.4
2019-02-05T08:03:36,33.4,191.9,225.4,1.6,650.0,245.4
2019-02-05T08:04:07,33.4,181.9,231.9,1.9,650.0,245.4
2019-02-05T08:04:38,33.4,179.5,227.7,1.9,660.0,245.4
2019-02-05T08:05:09,33.5,183.1,224.8,1.9,670.0,246.4
2019-02-05T08:05:41,33.7,179.5,232.4,1.9,670.0,244.4
2019-02-05T08:06:12,33.7,168.3,218.3,1.9,680.0,245.4
2019-02-05T08:06:43,33.7,178.9,237.2,2.0,690.0,245.4
2019-02-05T08:07:14,33.7,181.3,223.0,1.9,690.0,245.4
2019-02-05T08:07:45,33.7,180.1,223.6,2.0,700.0,245.4
2019-02-05T08:08:16,33.7,177.8,234.8,1.9,700.0,244.4
2019-02-05T08:08:47,33.7,183.7,233.6,2.0,710.0,245.4
2019-02-05T08:09:18,33.7,179.5,232.4,2.1,720.0,245.4
2019-02-05T08:09:49,33.8,180.7,225.9,2.0,720.0,245.4
2019-02-05T08:10:20,33.9,177.8,232.4,2.0,730.0,245.4
2019-02-05T08:10:52,34.0,183.1,232.4,2.1,740.0,245.4
2019-02-05T08:11:23,34.1,184.8,220.0,1.4,750.0,245.4
2019-02-05T08:11:54,34.2,202.0,237.2,0.7,750.0,242.5
2019-02-05T08:12:25,34.2,205.5,224.8,0.7,750.0,242.5
2019-02-05T08:12:56,34.4,186.6,201.1,0.8,750.0,245.4
2019-02-05T08:13:27,34.4,168.3,189.9,1.5,760.0,246.4
2019-02-05T08:13:58,34.4,179.5,199.9,1.2,760.0,245.4
2019-02-05T08:14:29,34.5,186.6,218.3,1.0,770.0,246.4
2019-02-05T08:15:00,34.6,188.4,224.2,1.0,770.0,245.4
2019-02-05T08:15:32,34.4,183.1,212.3,1.0,770.0,246.4
2019-02-05T08:16:03,34.4,173.6,236.0,1.1,780.0,245.4
2019-02-05T08:16:34,34.2,150.0,246.6,1.4,780.0,245.4
2019-02-05T08:17:05,34.2,131.1,223.0,2.8,790.0,246.4
2019-02-05T08:17:36,34.4,160.0,223.6,3.1,800.0,248.3
2019-02-05T08:18:07,34.2,157.7,231.3,3.2,810.0,247.3
2019-02-05T08:18:38,34.4,155.3,227.1,3.1,820.0,247.3
2019-02-05T08:19:09,34.4,165.4,216.5,1.4,820.0,244.4
2019-02-05T08:19:40,34.5,171.9,222.4,0.9,820.0,245.4
2019-02-05T08:20:11,34.5,177.2,231.9,0.8,830.0,244.4
2019-02-05T08:20:43,34.6,180.7,213.5,0.9,830.0,244.4
2019-02-05T08:21:14,34.6,170.1,224.2,0.9,830.0,244.4
2019-02-05T08:21:45,34.7,191.3,235.4,0.8,840.0,244.4
2019-02-05T08:22:16,34.7,208.5,220.0,0.9,840.0,244.4
2019-02-05T08:22:47,34.8,217.3,244.3,0.9,840.0,244.4
2019-02-05T08:23:18,34.8,186.6,214.1,1.6,850.0,246.4
2019-02-05T08:23:49,34.9,186.0,223.0,3.0,860.0,248.3
2019-02-05T08:24:20,34.9,206.7,236.6,1.3,870.0,246.4
2019-02-05T08:24:51,34.8,206.1,232.4,1.2,870.0,245.4
2019-02-05T08:25:22,34.8,211.4,223.6,1.2,880.0,246.4
2019-02-05T08:25:54,34.9,207.9,228.3,1.2,880.0,245.4
2019-02-05T08:26:25,34.9,214.4,223.6,1.0,890.0,245.4
2019-02-05T08:26:56,34.9,209.1,222.4,1.1,890.0,244.4
2019-02-05T08:27:27,34.9,210.8,228.9,1.0,890.0,244.4
2019-02-05T08:27:58,34.9,215.0,225.9,0.8,900.0,243.5
2019-02-05T08:28:29,35.0,205.5,233.0,0.9,900.0,243.5
2019-02-05T08:29:00,35.0,202.0,220.0,1.0,900.0,243.5
2019-02-05T08:29:31,35.0,180.1,202.3,1.0,910.0,243.5
2019-02-05T08:30:02,35.2,158.3,228.9,1.3,910.0,244.4
2019-02-05T08:30:34,35.2,158.9,223.0,1.2,920.0,243.5
2019-02-05T08:31:05,35.3,159.4,231.3,1.2,920.0,244.4
2019-02-05T08:31:36,35.3,155.9,219.4,1.2,920.0,243.5
2019-02-05T08:32:07,35.3,157.1,215.3,1.2,930.0,243.5
2019-02-05T08:32:38,35.3,180.1,239.0,1.3,930.0,244.4
2019-02-05T08:33:09,35.3,186.6,221.2,1.2,940.0,243.5
2019-02-05T08:33:40,35.3,209.1,229.5,1.1,940.0,245.4
2019-02-05T08:34:11,35.3,205.5,233.6,1.3,950.0,244.4
2019-02-05T08:34:42,35.3,177.2,205.2,1.8,950.0,245.4
2019-02-05T08:35:13,35.3,157.1,184.5,2.1,960.0,246.4
2019-02-05T08:35:45,35.3,178.3,213.5,1.8,960.0,245.4
2019-02-05T08:36:16,35.3,201.4,235.4,3.3,980.0,247.3
2019-02-05T08:36:47,35.4,223.8,213.5,3.1,990.0,250.2
2019-02-05T08:37:18,35.3,220.9,221.2,1.5,1000.0,246.4
2019-02-05T08:37:49,35.4,215.6,231.3,1.5,1010.0,246.4
2019-02-05T08:38:20,35.5,191.9,205.8,2.4,1010.0,248.3
2019-02-05T08:38:51,35.5,176.0,205.8,1.9,1020.0,246.4
2019-02-05T08:39:22,35.6,170.1,216.5,1.5,1030.0,245.4
2019-02-05T08:39:53,35.6,178.3,228.3,1.3,1030.0,245.4
2019-02-05T08:40:24,35.6,176.0,230.1,1.2,1040.0,245.4
2019-02-05T08:40:56,35.6,174.2,231.3,1.3,1040.0,244.4
2019-02-05T08:41:27,35.6,176.0,225.9,1.1,1050.0,244.4
2019-02-05T08:41:58,35.6,189.0,222.4,1.1,1050.0,243.5
2019-02-05T08:42:29,35.7,190.8,233.6,1.0,1060.0,243.5
2019-02-05T08:43:00,35.7,193.1,218.3,0.9,1060.0,243.5
2019-02-05T08:43:31,35.6,215.0,232.4,0.9,1060.0,244.4
2019-02-05T08:44:02,35.7,215.6,232.4,0.9,1070.0,244.4
2019-02-05T08:44:33,35.7,210.8,229.5,0.9,1070.0,244.4
2019-02-05T08:45:04,35.7,200.8,218.8,0.8,1080.0,243.5
2019-02-05T08:45:36,35.9,217.9,237.2,0.8,1080.0,245.4
2019-02-05T08:46:07,35.9,195.5,214.1,0.9,1080.0,244.4
2019-02-05T08:46:38,35.9,173.6,229.5,1.1,1090.0,245.4
2019-02-05T08:47:09,35.9,189.6,228.9,1.0,1090.0,243.5
2019-02-05T08:47:40,35.9,183.1,225.4,1.0,1100.0,243.5
2019-02-05T08:48:11,36.0,190.8,223.6,1.0,1100.0,244.4
2019-02-05T08:48:42,35.9,187.8,234.2,1.1,1100.0,243.5
2019-02-05T08:49:13,35.7,190.2,232.4,0.9,1110.0,244.4
2019-02-05T08:49:44,35.7,190.2,225.4,0.9,1110.0,245.4
2019-02-05T08:50:15,35.7,210.8,223.0,0.8,1120.0,244.4
2019-02-05T08:50:47,35.7,202.6,228.3,0.8,1120.0,243.5
2019-02-05T08:51:18,35.7,210.8,237.2,0.8,1120.0,246.4
2019-02-05T08:51:49,35.7,210.2,227.1,0.8,1130.0,246.4
2019-02-05T08:52:20,35.9,213.2,225.4,0.8,1130.0,246.4
2019-02-05T08:52:51,35.7,216.2,225.4,0.7,1130.0,246.4
2019-02-05T08:53:22,35.7,216.2,228.3,0.6,1140.0,247.3
2019-02-05T08:53:53,35.6,211.4,224.8,0.7,1140.0,247.3
2019-02-05T08:54:24,35.6,216.2,232.4,0.6,1140.0,246.4
2019-02-05T08:54:55,35.6,219.1,240.1,0.7,1140.0,245.4
2019-02-05T08:55:26,35.6,203.2,225.9,0.7,1150.0,248.3
2019-02-05T08:55:58,35.6,182.5,231.3,0.7,1150.0,245.4
2019-02-05T08:56:29,35.5,161.8,228.3,0.9,1150.0,246.4
2019-02-05T08:57:00,35.6,163.0,230.7,0.9,1160.0,246.4
2019-02-05T08:57:31,35.5,186.0,234.2,0.8,1160.0,246.4
2019-02-05T08:58:02,35.5,193.1,219.4,0.9,1160.0,245.4
2019-02-05T08:58:33,35.5,166.5,194.6,1.4,1170.0,246.4
2019-02-05T08:59:04,35.5,184.8,218.3,1.1,1170.0,246.4
2019-02-05T08:59:35,35.4,196.7,244.3,1.2,1180.0,247.3
2019-02-05T09:00:06,35.3,173.0,230.1,1.5,1180.0,247.3
2019-02-05T09:00:38,35.2,186.0,242.5,1.4,1190.0,247.3
2019-02-05T09:01:09,35.2,194.9,225.9,1.5,1190.0,248.3
2019-02-05T09:01:40,35.2,170.7,247.2,1.8,1200.0,248.3
2019-02-05T09:02:11,35.2,190.8,223.0,1.6,1210.0,249.3
2019-02-05T09:02:42,35.2,157.7,193.4,2.8,1210.0,250.2
2019-02-05T09:03:13,35.3,175.4,213.5,2.8,1220.0,251.2
2019-02-05T09:03:44,35.3,165.4,233.6,2.3,1230.0,250.2
2019-02-05T09:04:15,35.4,157.7,225.4,2.3,1240.0,249.3
2019-02-05T09:04:46,35.5,150.0,202.3,2.8,1250.0,250.2
2019-02-05T09:05:17,35.6,160.0,211.2,2.3,1260.0,250.2
2019-02-05T09:05:49,35.6,170.1,221.2,1.6,1270.0,249.3
2019-02-05T09:06:20,35.5,168.9,233.0,1.5,1270.0,247.3
2019-02-05T09:06:51,35.6,174.2,225.4,1.3,1280.0,248.3
2019-02-05T09:07:22,35.6,151.8,243.1,1.6,1280.0,248.3
2019-02-05T09:07:53,35.7,150.0,232.4,1.9,1290.0,250.2
2019-02-05T09:08:24,35.7,178.3,246.6,1.9,1290.0,248.3
2019-02-05T09:08:55,35.7,187.8,215.9,2.3,1300.0,250.2
2019-02-05T09:09:26,35.7,189.6,223.0,3.7,1310.0,251.2
2019-02-05T09:09:57,35.9,206.1,240.7,4.3,1330.0,253.1
2019-02-05T09:10:28,36.0,204.3,223.6,3.1,1350.0,251.2
2019-02-05T09:11:00,36.1,212.0,232.4,1.9,1360.0,248.3
2019-02-05T09:11:31,36.1,206.7,224.8,2.0,1360.0,248.3
2019-02-05T09:12:02,36.2,194.3,243.1,5.1,1380.0,252.2
2019-02-05T09:12:33,36.3,183.7,231.3,2.2,1390.0,248.3
2019-02-05T09:13:04,36.3,189.0,220.0,1.9,1390.0,248.3
2019-02-05T09:13:35,36.4,162.4,194.6,2.3,1400.0,248.3
2019-02-05T09:14:06,36.4,169.5,202.3,1.9,1410.0,248.3
2019-02-05T09:14:37,36.4,178.9,221.2,1.5,1410.0,247.3
2019-02-05T09:15:08,36.4,174.8,223.0,1.4,1420.0,247.3
2019-02-05T09:15:39,36.5,177.8,228.3,1.4,1420.0,248.3
2019-02-05T09:16:11,36.5,177.2,225.9,1.2,1430.0,247.3
2019-02-05T09:16:42,36.5,173.6,228.3,1.2,1430.0,248.3
2019-02-05T09:17:13,36.5,193.7,234.2,1.1,1440.0,247.3
2019-02-05T09:17:44,36.7,184.8,223.0,1.2,1440.0,247.3
2019-02-05T09:18:15,36.7,171.9,228.9,1.3,1450.0,248.3
2019-02-05T09:18:46,36.7,194.3,227.7,1.2,1450.0,248.3
2019-02-05T09:19:17,36.7,194.3,223.6,1.0,1460.0,246.4
2019-02-05T09:19:48,36.5,186.6,226.5,1.1,1460.0,246.4
2019-02-05T09:20:19,36.7,183.7,228.3,1.0,1470.0,246.4
2019-02-05T09:20:50,36.7,189.6,230.7,1.0,1470.0,246.4
2019-02-05T09:21:22,36.7,199.0,225.4,0.8,1470.0,248.3
2019-02-05T09:21:53,36.7,217.9,230.1,0.8,1480.0,247.3
2019-02-05T09:22:24,36.7,209.7,237.2,0.9,1480.0,246.4
2019-02-05T09:22:55,36.8,205.5,218.8,0.9,1490.0,246.4
2019-02-05T09:23:26,36.8,213.2,234.2,0.9,1490.0,246.4
2019-02-05T09:23:57,36.8,207.3,240.1,0.9,1490.0,246.4
2019-02-05T09:24:28,36.8,210.2,228.3,0.8,1500.0,246.4
2019-02-05T09:24:59,36.8,211.4,225.4,0.9,1500.0,246.4
2019-02-05T09:25:30,36.8,206.7,228.3,0.9,1510.0,246.4
2019-02-05T09:26:01,36.8,206.7,227.7,0.7,1510.0,245.4
2019-02-05T09:26:32,36.8,204.9,229.5,0.8,1510.0,246.4
2019-02-05T09:27:03,36.8,204.9,232.4,0.7,1520.0,245.4
2019-02-05T09:27:34,36.8,209.1,226.5,0.8,1520.0,245.4
2019-02-05T09:28:05,36.8,210.2,230.1,0.7,1520.0,245.4
2019-02-05T09:28:36,36.8,214.4,236.0,0.8,1530.0,246.4
2019-02-05T09:29:07,36.8,192.5,214.7,0.9,1530.0,247.3
2019-02-05T09:29:38,36.8,172.4,237.8,1.0,1530.0,244.4
2019-02-05T09:30:09,36.8,150.6,218.3,1.1,1540.0,245.4
2019-02-05T09:30:41,36.8,147.0,217.7,1.4,1540.0,245.4
2019-02-05T09:31:12,36.8,178.3,246.1,1.5,1550.0,246.4
2019-02-05T09:31:43,36.8,189.0,224.8,1.4,1550.0,247.3
2019-02-05T09:32:14,36.8,193.1,227.1,1.3,1560.0,247.3
2019-02-05T09:32:45,36.8,194.9,230.1,1.3,1560.0,248.3
2019-02-05T09:33:16,36.8,193.7,233.0,1.4,1570.0,248.3
2019-02-05T09:33:47,36.8,192.5,242.5,1.3,1570.0,248.3
2019-02-05T09:34:18,36.8,196.7,231.3,1.2,1580.0,249.3
2019-02-05T09:34:49,36.8,187.8,239.0,1.4,1580.0,248.3
2019-02-05T09:35:20,36.7,165.4,227.1,1.6,1590.0,248.3
2019-02-05T09:35:52,36.8,176.6,241.3,1.7,1590.0,247.3
2019-02-05T09:36:23,36.8,199.6,218.3,1.5,1600.0,247.3
2019-02-05T09:36:54,36.7,175.4,214.1,1.9,1610.0,249.3
2019-02-05T09:37:25,36.7,164.8,246.1,2.2,1610.0,248.3
2019-02-05T09:37:56,36.8,196.7,230.1,2.1,1620.0,249.3
2019-02-05T09:38:27,36.8,200.8,231.3,2.1,1630.0,248.3
2019-02-05T09:38:58,36.8,198.4,236.0,2.2,1640.0,249.3
2019-02-05T09:39:29,36.8,184.8,211.2,2.8,1650.0,250.2
2019-02-05T09:40:00,36.8,160.6,192.8,6.4,1660.0,253.1
2019-02-05T09:40:32,36.8,172.4,210.0,3.8,1680.0,251.2
2019-02-05T09:41:03,36.9,182.5,233.0,4.8,1700.0,250.2
2019-02-05T09:41:34,37.0,170.1,234.8,7.9,1720.0,252.2
2019-02-05T09:42:06,37.0,168.9,230.7,5.2,1740.0,251.2
2019-02-05T09:42:37,37.1,154.7,221.8,4.5,1760.0,250.2
2019-02-05T09:43:08,37.2,174.8,223.0,4.0,1770.0,251.2
2019-02-05T09:43:39,37.4,170.7,231.3,3.3,1790.0,250.2
2019-02-05T09:44:10,37.4,184.3,231.3,3.1,1800.0,250.2
2019-02-05T09:44:41,37.5,185.4,234.2,3.0,1810.0,249.3
2019-02-05T09:45:12,37.5,176.0,223.6,3.1,1820.0,249.3
2019-02-05T09:45:43,37.6,182.5,236.0,2.9,1830.0,249.3
2019-02-05T09:46:15,37.6,179.5,242.5,3.0,1840.0,250.2
2019-02-05T09:46:46,37.6,198.4,239.0,3.3,1850.0,251.2
2019-02-05T09:47:17,37.6,190.8,222.4,3.2,1870.0,249.3
2019-02-05T09:47:48,37.6,181.3,230.1,2.9,1880.0,249.3
2019-02-05T09:48:19,37.6,200.8,219.4,2.9,1890.0,249.3
2019-02-05T09:48:50,37.6,180.7,239.5,3.1,1900.0,249.3
2019-02-05T09:49:21,37.7,173.0,223.6,2.8,1910.0,247.3
2019-02-05T09:49:52,37.7,161.2,211.7,3.1,1920.0,247.3
2019-02-05T09:50:23,37.6,177.8,231.3,2.6,1930.0,247.3
2019-02-05T09:50:54,37.7,193.7,235.4,2.5,1940.0,246.4
2019-02-05T09:51:26,37.7,199.0,224.2,2.4,1950.0,246.4
2019-02-05T09:51:57,37.7,193.7,228.3,2.5,1960.0,247.3
2019-02-05T09:52:28,37.7,189.6,223.0,2.7,1970.0,248.3
2019-02-05T09:52:59,37.7,189.6,247.2,3.1,1980.0,248.3
2019-02-05T09:53:30,37.7,195.5,225.9,2.8,1990.0,247.3
2019-02-05T09:54:01,37.7,191.9,229.5,2.7,2000.0,247.3
2019-02-05T09:54:32,37.7,183.7,236.6,3.0,2010.0,248.3
2019-02-05T09:55:03,37.7,157.7,212.3,3.7,2030.0,249.3
2019-02-05T09:55:34,37.7,165.9,223.6,3.1,2040.0,248.3
2019-02-05T09:56:06,37.8,169.5,229.5,3.0,2050.0,247.3
2019-02-05T09:56:37,37.8,176.6,234.8,2.9,2060.0,248.3
2019-02-05T09:57:08,37.8,190.2,211.7,3.2,2070.0,247.3
2019-02-05T09:57:39,37.8,200.8,241.3,3.3,2080.0,248.3
2019-02-05T09:58:10,37.9,215.0,231.3,3.3,2100.0,251.2
2019-02-05T09:58:41,37.9,193.1,212.3,6.7,2110.0,252.2
2019-02-05T09:59:12,38.0,190.2,213.5,3.3,2130.0,249.3
2019-02-05T09:59:43,38.0,172.4,226.5,3.7,2140.0,249.3
2019-02-05T10:00:14,38.2,158.9,228.3,3.8,2150.0,249.3
2019-02-05T10:00:45,38.2,180.7,234.8,3.5,2170.0,247.3
2019-02-05T10:01:17,38.2,182.5,213.5,3.6,2180.0,249.3
2019-02-05T10:01:48,38.3,191.3,217.7,3.0,2190.0,246.4
2019-02-05T10:02:19,38.3,173.0,233.6,3.5,2200.0,247.3
2019-02-05T10:02:50,38.3,181.9,236.0,3.6,2220.0,247.3
2019-02-05T10:03:21,38.4,189.6,241.3,3.3,2230.0,247.3
2019-02-05T10:03:52,38.4,196.1,210.6,4.5,2240.0,249.3
2019-02-05T10:04:23,38.4,175.4,233.6,5.3,2260.0,249.3
2019-02-05T10:04:54,38.5,195.5,251.4,4.4,2270.0,250.2
2019-02-05T10:05:25,38.6,184.8,241.3,7.2,2290.0,250.2
2019-02-05T10:05:56,38.6,179.5,227.1,5.7,2320.0,250.2
2019-02-05T10:06:28,38.7,177.8,224.2,6.0,2340.0,252.2
2019-02-05T10:06:59,38.7,173.0,215.3,6.1,2360.0,250.2
2019-02-05T10:07:30,38.9,173.0,218.8,6.9,2380.0,251.2
2019-02-05T10:08:01,38.9,181.9,218.3,6.7,2400.0,249.3
2019-02-05T10:08:32,38.7,178.3,220.6,6.7,2420.0,250.2
2019-02-05T10:09:03,38.7,180.7,217.1,6.6,2440.0,250.2
2019-02-05T10:09:34,38.7,176.0,218.3,6.0,2460.0,250.2
2019-02-05T10:10:05,38.7,176.0,216.5,6.6,2480.0,250.2
2019-02-05T10:10:36,38.6,180.1,218.3,6.3,2500.0,250.2
2019-02-05T10:11:08,38.7,178.9,224.2,6.3,2520.0,250.2
2019-02-05T10:11:39,38.9,171.3,218.8,6.3,2540.0,249.3
2019-02-05T10:12:10,38.9,177.2,214.7,6.5,2560.0,250.2
2019-02-05T10:12:41,39.0,176.0,224.8,6.6,2580.0,249.3
2019-02-05T10:13:12,39.1,176.0,214.7,6.6,2600.0,249.3
2019-02-05T10:13:43,39.2,175.4,215.3,6.5,2620.0,249.3
2019-02-05T10:14:14,39.3,178.9,204.6,5.4,2640.0,248.3
2019-02-05T10:14:45,39.3,172.4,212.9,6.5,2660.0,249.3
2019-02-05T10:15:16,39.4,176.6,215.3,5.8,2680.0,249.3
2019-02-05T10:15:47,39.3,176.6,221.2,5.8,2700.0,249.3
2019-02-05T10:16:19,39.4,178.9,207.0,6.5,2720.0,249.3
2019-02-05T10:16:50,39.4,172.4,217.7,7.0,2740.0,249.3
2019-02-05T10:17:21,39.5,176.6,217.7,6.5,2760.0,250.2
2019-02-05T10:17:52,39.5,177.8,216.5,6.6,2780.0,251.2
2019-02-05T10:18:23,39.7,171.9,213.5,6.8,2800.0,250.2
2019-02-05T10:18:54,39.8,169.5,217.7,7.0,2830.0,250.2
2019-02-05T10:19:25,39.9,170.7,218.3,7.0,2850.0,250.2
2019-02-05T10:19:56,40.0,175.4,196.4,7.1,2870.0,249.3
2019-02-05T10:20:27,40.0,168.9,198.1,1.4,2870.0,245.4
2019-02-05T10:20:58,40.1,172.4,203.5,7.1,2890.0,251.2
2019-02-05T10:21:30,40.1,173.0,211.2,6.9,2910.0,251.2
2019-02-05T10:22:01,40.2,174.8,210.6,6.7,2940.0,251.2
2019-02-05T10:22:32,40.2,173.0,213.5,6.8,2960.0,250.2
2019-02-05T10:23:03,40.4,168.3,208.8,6.6,2980.0,249.3
2019-02-05T10:23:34,40.4,173.0,204.6,6.8,3000.0,250.2
2019-02-05T10:24:05,40.4,170.1,220.6,7.4,3020.0,251.2
2019-02-05T10:24:36,40.4,160.6,215.3,1.3,3030.0,244.4
2019-02-05T10:25:07,40.4,173.6,187.5,5.5,3040.0,245.4
2019-02-05T10:25:38,40.5,177.2,221.2,7.1,3050.0,250.2
2019-02-05T10:26:10,40.5,174.2,217.7,6.6,3080.0,249.3
2019-02-05T10:26:41,40.6,159.4,229.5,7.4,3100.0,249.3
2019-02-05T10:27:12,40.5,176.0,211.2,7.1,3120.0,250.2
2019-02-05T10:27:43,40.6,173.0,214.7,6.9,3140.0,250.2
2019-02-05T10:28:14,40.7,174.8,212.3,6.8,3160.0,250.2
2019-02-05T10:28:45,40.8,174.2,212.3,6.5,3180.0,251.2
2019-02-05T10:29:16,40.8,178.3,216.5,6.7,3200.0,250.2
2019-02-05T10:29:47,40.8,167.1,214.1,6.8,3230.0,251.2
2019-02-05T10:30:18,40.8,170.1,209.4,6.4,3250.0,250.2
2019-02-05T10:30:49,40.7,176.6,210.6,6.6,3270.0,250.2
2019-02-05T10:31:21,40.8,177.8,211.2,5.8,3290.0,249.3
2019-02-05T10:31:52,40.8,165.9,215.9,6.9,3310.0,250.2
2019-02-05T10:32:23,40.9,164.8,217.1,7.1,3330.0,249.3
2019-02-05T10:32:54,40.9,174.2,208.8,6.9,3350.0,248.3
2019-02-05T10:33:25,41.0,171.3,209.4,6.8,3370.0,248.3
2019-02-05T10:33:56,41.0,171.9,208.2,6.8,3390.0,248.3
2019-02-05T10:34:27,41.0,168.3,208.8,6.8,3410.0,249.3
2019-02-05T10:34:58,41.2,172.4,212.3,7.0,3430.0,249.3
2019-02-05T10:35:29,41.2,161.8,210.6,7.1,3450.0,248.3
2019-02-05T10:36:00,41.2,171.9,211.2,7.0,3480.0,248.3
2019-02-05T10:36:31,41.3,176.6,218.3,6.8,3500.0,249.3
2019-02-05T10:37:02,41.2,174.8,218.8,7.1,3520.0,249.3
2019-02-05T10:37:33,41.3,167.1,215.3,6.9,3540.0,248.3
2019-02-05T10:38:04,41.2,163.6,213.5,7.3,3560.0,248.3
2019-02-05T10:38:35,41.2,160.6,219.4,6.5,3580.0,248.3
2019-02-05T10:39:06,41.2,163.0,207.0,7.4,3600.0,249.3
2019-02-05T10:39:37,41.0,158.9,226.5,6.8,3620.0,247.3
2019-02-05T10:40:08,41.0,142.3,223.6,7.4,3640.0,245.4
2019-02-05T10:40:40,41.0,161.8,215.3,1.2,3650.0,240.6
2019-02-05T10:41:11,41.2,176.0,192.8,1.6,3650.0,241.5
2019-02-05T10:41:42,41.2,174.2,195.2,1.7,3660.0,240.6
2019-02-05T10:42:13,41.2,166.5,203.5,8.5,3660.0,247.3
2019-02-05T10:42:44,41.2,165.4,214.7,8.3,3690.0,249.3
2019-02-05T10:43:15,41.3,165.9,215.3,8.3,3710.0,247.3
2019-02-05T10:43:46,41.3,168.3,212.3,1.6,3720.0,242.5
2019-02-05T10:44:17,41.3,177.8,216.5,1.4,3730.0,240.6
2019-02-05T10:44:48,41.3,154.7,194.0,1.9,3730.0,240.6
2019-02-05T10:45:19,41.3,155.3,196.4,3.5,3740.0,243.5
2019-02-05T10:45:51,41.3,167.1,217.7,5.0,3750.0,246.4
2019-02-05T10:46:22,41.4,177.8,201.7,5.3,3770.0,246.4
2019-02-05T10:46:53,41.4,163.6,201.1,8.5,3790.0,250.2
2019-02-05T10:47:24,41.5,164.8,215.3,2.0,3810.0,244.4
2019-02-05T10:47:55,41.5,178.3,207.6,2.1,3820.0,244.4
2019-02-05T10:48:26,41.5,181.9,210.6,1.3,3820.0,241.5
2019-02-05T10:48:57,41.5,180.7,211.2,1.2,3830.0,242.5
2019-02-05T10:49:28,41.5,196.1,195.2,5.9,3840.0,250.2
2019-02-05T10:49:59,41.5,191.3,217.1,6.5,3870.0,252.2
2019-02-05T10:50:30,41.5,181.9,215.3,6.3,3890.0,251.2
2019-02-05T10:51:02,41.6,168.3,214.7,7.5,3910.0,251.2
2019-02-05T10:51:33,41.7,155.9,218.8,8.0,3940.0,250.2
2019-02-05T10:52:04,41.7,161.8,220.0,7.8,3960.0,250.2
2019-02-05T10:52:35,41.7,161.8,217.7,7.7,3980.0,250.2
2019-02-05T10:53:06,41.7,161.8,214.1,7.7,4000.0,249.3
2019-02-05T10:53:37,41.7,157.1,212.9,7.4,4030.0,251.2
2019-02-05T10:54:08,41.7,165.4,216.5,7.5,4050.0,252.2
2019-02-05T10:54:39,41.9,164.8,212.3,7.2,4070.0,251.2
2019-02-05T10:55:10,41.7,155.9,201.1,8.1,4090.0,252.2
2019-02-05T10:55:41,41.7,155.3,205.8,8.3,4120.0,252.2
2019-02-05T10:56:13,41.9,158.9,206.4,8.1,4140.0,252.2
2019-02-05T10:56:44,41.9,158.3,208.2,8.2,4170.0,251.2
2019-02-05T10:57:15,42.0,156.5,195.2,3.3,4190.0,248.3
2019-02-05T10:57:46,42.0,160.6,207.0,8.4,4210.0,251.2
2019-02-05T10:58:17,42.1,156.5,214.1,8.6,4230.0,249.3
2019-02-05T10:58:48,42.1,157.1,209.4,8.5,4260.0,250.2
2019-02-05T10:59:19,42.1,155.3,211.2,8.0,4280.0,250.2
2019-02-05T10:59:50,42.2,157.1,207.0,8.3,4300.0,251.2
2019-02-05T11:00:21,42.1,150.6,210.0,8.2,4330.0,250.2
2019-02-05T11:00:52,42.2,157.1,207.0,8.2,4350.0,251.2
2019-02-05T11:01:24,42.3,161.2,202.3,8.0,4380.0,251.2
2019-02-05T11:01:55,42.4,158.9,210.0,8.3,4400.0,251.2
2019-02-05T11:02:26,42.4,150.6,209.4,8.3,4420.0,251.2
2019-02-05T11:02:57,42.5,150.0,206.4,8.3,4450.0,250.2
2019-02-05T11:03:28,42.7,147.6,199.3,7.7,4470.0,251.2
2019-02-05T11:03:59,42.8,150.6,199.3,8.3,4500.0,250.2
2019-02-05T11:04:30,42.8,144.7,200.5,8.5,4520.0,251.2
2019-02-05T11:05:01,42.9,150.0,205.2,8.7,4550.0,251.2
2019-02-05T11:05:32,42.9,154.7,203.5,7.8,4570.0,251.2
2019-02-05T11:06:04,42.9,158.3,199.3,8.3,4590.0,251.2
2019-02-05T11:06:35,43.0,157.7,199.3,7.4,4620.0,251.2
2019-02-05T11:07:06,43.0,140.5,202.3,8.8,4640.0,250.2
2019-02-05T11:07:37,43.1,156.5,204.1,8.4,4660.0,251.2
2019-02-05T11:08:08,43.1,155.9,207.6,8.5,4690.0,251.2
2019-02-05T11:08:39,43.2,148.8,195.2,8.7,4710.0,250.2
2019-02-05T11:09:10,43.4,144.1,202.9,9.0,4740.0,250.2
2019-02-05T11:09:41,43.4,138.8,202.3,9.0,4760.0,250.2
2019-02-05T11:10:12,43.5,154.1,201.7,8.4,4790.0,249.3
2019-02-05T11:10:45,43.5,152.4,205.2,8.7,4810.0,251.2
2019-02-05T11:11:16,43.6,150.6,206.4,8.4,4840.0,250.2
2019-02-05T11:11:47,43.7,144.1,201.7,8.5,4860.0,251.2
2019-02-05T11:12:18,43.7,150.0,203.5,8.8,4880.0,250.2
2019-02-05T11:12:49,43.7,154.7,206.4,8.3,4910.0,250.2
2019-02-05T11:13:20,43.8,148.2,196.4,8.7,4930.0,250.2
2019-02-05T11:13:51,43.8,157.1,197.0,8.1,4960.0,250.2
2019-02-05T11:14:22,43.8,156.5,203.5,8.3,4980.0,250.2
2019-02-05T11:14:53,43.8,157.7,201.7,7.5,5000.0,252.2
2019-02-05T11:15:24,43.8,152.4,201.7,8.4,5030.0,251.2
2019-02-05T11:15:56,43.7,157.7,207.0,8.1,5050.0,249.3
2019-02-05T11:16:27,43.7,161.2,206.4,7.3,5070.0,252.2
2019-02-05T11:16:58,43.7,157.7,204.6,8.1,5100.0,250.2
2019-02-05T11:17:29,43.6,158.9,198.1,7.2,5120.0,251.2
2019-02-05T11:18:00,43.7,157.7,205.2,8.1,5140.0,250.2
2019-02-05T11:18:31,43.8,148.8,208.2,8.1,5160.0,249.3
2019-02-05T11:19:02,43.8,147.0,204.1,7.3,5190.0,249.3
2019-02-05T11:19:33,43.9,148.8,201.7,8.3,5210.0,250.2
2019-02-05T11:20:04,44.0,151.2,200.5,8.6,5230.0,248.3
2019-02-05T11:20:36,44.0,159.4,209.4,7.1,5250.0,249.3
2019-02-05T11:21:07,44.2,140.0,210.6,9.2,5280.0,249.3
2019-02-05T11:21:38,44.2,130.5,206.4,4.1,5300.0,248.3
2019-02-05T11:22:09,44.2,138.2,206.4,8.5,5310.0,249.3
2019-02-05T11:22:40,44.3,147.6,203.5,8.9,5340.0,249.3
2019-02-05T11:23:11,44.3,156.5,207.0,8.5,5360.0,247.3
2019-02-05T11:23:42,44.2,153.5,200.5,8.6,5380.0,249.3
2019-02-05T11:24:13,44.2,149.4,201.7,8.3,5410.0,249.3
2019-02-05T11:24:44,44.3,160.0,212.3,8.3,5430.0,249.3
2019-02-05T11:25:15,44.3,162.4,211.2,8.2,5460.0,249.3
2019-02-05T11:25:47,44.2,144.1,202.3,8.8,5480.0,248.3
2019-02-05T11:26:18,44.3,150.0,207.6,9.0,5510.0,248.3
2019-02-05T11:26:49,44.3,153.5,202.3,8.9,5530.0,248.3
2019-02-05T11:27:20,44.4,151.2,200.5,5.8,5550.0,247.3
2019-02-05T11:27:51,44.5,132.9,199.3,9.2,5580.0,249.3
2019-02-05T11:28:22,44.6,140.0,197.5,8.8,5600.0,249.3
2019-02-05T11:28:53,44.5,135.2,207.0,9.3,5630.0,250.2
2019-02-05T11:29:24,44.4,144.7,206.4,9.1,5650.0,252.2
2019-02-05T11:29:55,44.4,160.0,198.7,8.3,5680.0,252.2
2019-02-05T11:30:26,44.5,160.0,201.1,7.2,5700.0,252.2
2019-02-05T11:30:58,44.5,160.0,199.3,8.7,5720.0,253.1
2019-02-05T11:31:29,44.6,145.9,203.5,9.2,5750.0,252.2
2019-02-05T11:32:00,44.6,157.7,206.4,8.1,5780.0,252.2
2019-02-05T11:32:31,44.5,154.1,202.3,2.9,5800.0,249.3
2019-02-05T11:33:02,44.5,159.4,201.7,1.9,5810.0,245.4
2019-02-05T11:33:33,44.6,124.6,234.2,9.6,5820.0,251.2
2019-02-05T11:34:04,44.5,135.8,219.4,3.1,5830.0,246.4
2019-02-05T11:34:35,44.5,147.0,209.4,4.5,5840.0,248.3
2019-02-05T11:35:06,44.6,133.5,228.3,9.9,5860.0,252.2
2019-02-05T11:35:38,44.5,142.3,207.0,8.9,5890.0,252.2
2019-02-05T11:36:09,44.6,135.2,208.2,9.4,5910.0,253.1
2019-02-05T11:36:40,44.7,159.4,204.6,9.1,5940.0,253.1
2019-02-05T11:37:11,44.7,157.1,203.5,8.2,5960.0,251.2
2019-02-05T11:37:42,44.7,159.4,207.0,8.9,5990.0,252.2
2019-02-05T11:38:13,44.7,157.7,200.5,9.0,6020.0,253.1
2019-02-05T11:38:44,44.9,153.5,201.1,9.2,6040.0,254.1
2019-02-05T11:39:15,44.9,154.7,200.5,8.5,6070.0,254.1
2019-02-05T11:39:46,45.0,151.8,202.9,2.6,6090.0,249.3
2019-02-05T11:40:17,45.0,128.1,208.2,7.9,6100.0,253.1
2019-02-05T11:40:49,44.9,123.4,195.8,8.9,6120.0,253.1
2019-02-05T11:41:20,45.0,138.8,204.1,9.1,6150.0,253.1
2019-02-05T11:41:51,45.1,135.2,207.0,9.2,6170.0,254.1
2019-02-05T11:42:22,45.1,132.3,201.1,9.5,6200.0,252.2
2019-02-05T11:42:53,0.0,0.0,0.0,0.0,0.0,0.0
2019-02-05T11:43:24,45.2,135.2,195.8,2.2,6240.0,245.4
2019-02-05T11:43:55,45.2,142.9,193.4,7.6,6250.0,249.3
2019-02-05T11:44:26,45.2,137.6,203.5,9.1,6280.0,252.2
2019-02-05T11:44:57,45.2,141.1,202.9,9.3,6300.0,252.2
2019-02-05T11:45:28,45.2,156.5,192.8,8.9,6330.0,252.2
2019-02-05T11:46:00,45.2,152.4,201.7,9.1,6350.0,250.2
2019-02-05T11:46:31,45.2,161.2,211.7,5.7,6380.0,250.2
2019-02-05T11:47:02,45.3,156.5,210.6,6.9,6400.0,252.2
2019-02-05T11:47:33,45.3,165.9,222.4,7.3,6430.0,252.2
2019-02-05T11:48:04,45.3,153.5,173.9,6.5,6440.0,251.2
2019-02-05T11:48:35,45.4,129.9,193.4,10.1,6470.0,252.2
2019-02-05T11:49:06,45.4,128.7,202.3,5.5,6490.0,251.2
2019-02-05T11:49:37,45.5,137.0,221.2,3.6,6500.0,250.2
2019-02-05T11:50:08,45.4,141.7,211.2,2.1,6510.0,246.4
2019-02-05T11:50:39,45.4,157.7,207.0,8.4,6520.0,250.2
2019-02-05T11:51:11,45.4,144.7,197.5,4.5,6540.0,251.2
2019-02-05T11:51:42,45.4,141.7,189.9,3.3,6550.0,247.3
2019-02-05T11:52:13,45.4,139.4,175.1,9.4,6570.0,253.1
2019-02-05T11:52:44,45.4,137.0,198.1,9.6,6600.0,253.1
2019-02-05T11:53:15,45.4,137.6,203.5,9.0,6620.0,255.1
2019-02-05T11:53:46,45.5,134.6,205.8,9.2,6650.0,254.1
2019-02-05T11:54:17,45.5,138.8,202.3,8.8,6670.0,254.1
2019-02-05T11:54:48,45.7,134.0,200.5,9.0,6690.0,254.1
2019-02-05T11:55:19,45.7,140.0,199.3,8.6,6720.0,254.1
2019-02-05T11:55:50,45.8,136.4,203.5,9.3,6740.0,253.1
2019-02-05T11:56:22,45.8,135.8,210.0,8.8,6760.0,254.1
2019-02-05T11:56:53,45.8,134.6,201.1,9.0,6790.0,254.1
2019-02-05T11:57:24,45.9,138.2,196.4,9.1,6810.0,254.1
2019-02-05T11:57:55,45.9,134.6,195.8,9.0,6840.0,254.1
2019-02-05T11:58:26,45.9,127.5,196.4,9.6,6860.0,254.1
2019-02-05T11:58:57,45.9,137.0,199.9,9.1,6880.0,253.1
2019-02-05T11:59:28,45.9,128.7,207.0,10.3,6910.0,252.2
2019-02-05T11:59:59,46.0,149.4,198.7,9.7,6930.0,252.2
2019-02-05T12:00:30,46.0,158.9,203.5,1.5,6950.0,246.4
2019-02-05T12:01:01,46.0,147.6,223.0,1.6,6960.0,246.4
2019-02-05T12:01:32,46.0,144.1,206.4,1.4,6960.0,246.4
2019-02-05T12:02:03,46.0,123.4,175.7,10.1,6970.0,252.2
2019-02-05T12:02:34,45.7,130.5,202.3,9.6,7000.0,251.2
2019-02-05T12:03:05,45.5,135.2,202.3,9.0,7020.0,251.2
2019-02-05T12:03:36,45.7,148.2,202.3,8.7,7050.0,252.2
2019-02-05T12:04:07,45.7,137.6,207.6,8.9,7070.0,253.1
2019-02-05T12:04:38,45.8,130.5,201.1,9.1,7090.0,252.2
2019-02-05T12:05:09,45.8,144.1,206.4,8.2,7120.0,253.1
2019-02-05T12:05:41,45.7,142.3,202.3,8.4,7140.0,252.2
2019-02-05T12:06:12,45.5,145.3,198.1,8.6,7170.0,253.1
2019-02-05T12:06:43,45.7,135.2,197.0,8.9,7190.0,253.1
2019-02-05T12:07:14,45.7,141.7,197.5,8.5,7210.0,253.1
2019-02-05T12:07:45,45.8,128.7,200.5,9.6,7240.0,253.1
2019-02-05T12:08:16,45.8,135.2,205.2,9.1,7260.0,253.1
2019-02-05T12:08:47,45.8,132.3,201.1,9.3,7280.0,254.1
2019-02-05T12:09:18,45.8,140.5,200.5,8.6,7310.0,253.1
2019-02-05T12:09:49,0.0,0.0,0.0,0.0,0.0,0.0
2019-02-05T12:10:20,45.8,143.5,197.5,8.4,7360.0,252.2
2019-02-05T12:10:52,45.8,140.5,205.2,8.0,7380.0,253.1
2019-02-05T12:11:23,45.8,135.2,210.0,8.9,7410.0,251.2
2019-02-05T12:11:54,45.9,136.4,201.1,9.1,7430.0,252.2
2019-02-05T12:12:25,45.8,137.6,201.1,9.0,7450.0,252.2
2019-02-05T12:12:56,45.8,141.7,202.9,8.5,7480.0,252.2
2019-02-05T12:13:27,45.9,132.3,201.7,8.7,7500.0,251.2
2019-02-05T12:13:58,45.8,135.2,204.1,9.2,7530.0,250.2
2019-02-05T12:14:29,45.9,138.2,199.9,7.9,7550.0,250.2
2019-02-05T12:15:00,45.9,136.4,202.9,9.0,7580.0,252.2
2019-02-05T12:15:32,46.0,128.1,201.7,9.7,7600.0,251.2
2019-02-05T12:16:03,45.9,126.4,203.5,9.3,7630.0,251.2
2019-02-05T12:16:34,45.8,135.8,196.4,8.0,7650.0,251.2
2019-02-05T12:17:05,45.8,139.4,198.1,7.7,7670.0,251.2
2019-02-05T12:17:36,45.7,133.5,195.8,8.2,7690.0,251.2
2019-02-05T12:18:07,45.7,124.0,204.6,9.2,7720.0,252.2
2019-02-05T12:18:38,45.8,127.5,204.1,9.4,7740.0,251.2
2019-02-05T12:19:09,45.8,125.8,200.5,9.4,7760.0,251.2
2019-02-05T12:19:40,45.7,131.1,200.5,9.2,7790.0,251.2
2019-02-05T12:20:11,45.8,142.3,202.9,8.4,7810.0,252.2
2019-02-05T12:20:43,45.8,141.1,202.3,8.5,7830.0,253.1
2019-02-05T12:21:14,0.0,0.0,0.0,0.0,0.0,0.0
2019-02-05T12:21:45,46.0,129.9,201.1,9.1,7880.0,253.1
2019-02-05T12:22:16,45.9,129.9,203.5,8.1,7900.0,254.1
2019-02-05T12:22:47,45.9,128.1,198.1,7.6,7930.0,254.1
2019-02-05T12:23:18,46.0,139.4,199.3,8.6,7950.0,254.1
2019-02-05T12:23:49,46.1,129.9,205.8,6.2,7970.0,251.2
2019-02-05T12:24:20,46.1,125.8,206.4,9.2,7990.0,252.2
2019-02-05T12:24:51,46.2,123.4,204.6,9.7,8020.0,252.2
2019-02-05T12:25:22,46.0,124.0,207.0,9.8,8040.0,252.2
2019-02-05T12:25:54,46.0,118.1,202.3,9.7,8060.0,251.2
2019-02-05T12:26:25,46.1,134.0,199.9,9.2,8090.0,252.2
2019-02-05T12:26:56,46.1,126.4,204.6,6.1,8110.0,252.2
2019-02-05T12:27:27,46.2,108.6,195.8,9.0,8130.0,252.2
2019-02-05T12:27:58,46.2,107.5,201.7,9.1,8150.0,252.2
2019-02-05T12:28:29,46.4,116.3,198.7,7.9,8180.0,251.2
2019-02-05T12:29:00,46.4,111.0,199.9,9.0,8200.0,251.2
2019-02-05T12:29:31,46.5,113.4,198.1,9.8,8220.0,249.3
2019-02-05T12:30:02,46.5,114.0,195.8,9.8,8240.0,250.2
2019-02-05T12:30:34,46.4,119.9,199.9,8.9,8270.0,250.2
2019-02-05T12:31:05,46.5,117.5,207.0,9.9,8290.0,250.2
2019-02-05T12:31:36,46.5,112.2,191.6,10.3,8310.0,251.2
2019-02-05T12:32:07,46.5,103.3,194.6,9.4,8330.0,250.2
2019-02-05T12:32:38,46.5,106.9,202.3,6.2,8350.0,247.3
2019-02-05T12:33:09,46.5,102.7,191.6,2.3,8360.0,246.4
2019-02-05T12:33:40,46.5,114.6,192.8,8.8,8370.0,252.2
2019-02-05T12:34:11,46.4,112.8,202.9,9.7,8390.0,251.2
2019-02-05T12:34:42,46.2,116.9,205.8,7.9,8410.0,251.2
2019-02-05T12:35:13,46.4,102.1,207.6,8.9,8440.0,252.2
2019-02-05T12:35:45,46.4,111.0,206.4,9.9,8460.0,251.2
2019-02-05T12:36:16,46.4,114.6,204.6,7.5,8480.0,250.2
2019-02-05T12:36:47,46.4,119.9,204.1,5.1,8500.0,252.2
2019-02-05T12:37:18,46.5,103.3,196.4,8.9,8520.0,252.2
2019-02-05T12:37:49,0.0,0.0,0.0,0.0,0.0,0.0
2019-02-05T12:38:20,46.2,122.8,213.5,1.6,8540.0,243.5
2019-02-05T12:38:51,46.2,125.8,212.3,6.7,8560.0,250.2
2019-02-05T12:39:22,46.2,121.0,204.1,5.4,8580.0,251.2
2019-02-05T12:39:53,46.4,102.1,196.4,8.6,8600.0,252.2
2019-02-05T12:40:24,46.4,103.9,198.1,8.8,8630.0,250.2
2019-02-05T12:40:56,46.4,102.7,205.8,9.9,8650.0,250.2
2019-02-05T12:41:27,46.4,108.1,195.8,7.3,8670.0,251.2
2019-02-05T12:41:59,46.4,104.5,199.3,9.7,8690.0,252.2
2019-02-05T12:42:30,46.4,124.0,198.7,5.2,8720.0,250.2
2019-02-05T12:43:01,46.4,107.5,199.3,7.9,8740.0,249.3
2019-02-05T12:43:32,46.5,106.3,200.5,8.1,8760.0,251.2
2019-02-05T12:44:03,46.5,114.6,201.7,9.5,8780.0,252.2
2019-02-05T12:44:34,46.5,109.8,193.4,7.7,8800.0,251.2
2019-02-05T12:45:05,46.5,107.5,197.0,5.7,8820.0,250.2
2019-02-05T12:45:36,46.2,106.3,192.2,8.8,8840.0,251.2
2019-02-05T12:46:08,46.4,102.7,201.7,7.5,8870.0,252.2
2019-02-05T12:46:39,46.4,116.3,195.2,9.4,8890.0,253.1
2019-02-05T12:47:10,46.2,113.4,211.2,6.9,8910.0,251.2
2019-02-05T12:47:41,46.1,112.8,196.4,10.1,8930.0,252.2
2019-02-05T12:48:12,46.0,112.2,195.2,7.4,8950.0,249.3
2019-02-05T12:48:43,46.1,105.7,196.4,8.4,8970.0,251.2
2019-02-05T12:49:14,46.1,103.3,196.4,7.4,8990.0,250.2
2019-02-05T12:49:45,46.2,111.0,181.0,6.9,9010.0,249.3
2019-02-05T12:50:16,46.2,111.0,196.4,10.1,9030.0,252.2
2019-02-05T12:50:47,46.4,106.9,190.4,6.4,9050.0,250.2
2019-02-05T12:51:19,46.4,110.4,198.1,6.6,9080.0,249.3
2019-02-05T12:51:50,46.4,102.7,200.5,7.0,9100.0,249.3
2019-02-05T12:52:21,46.4,107.5,187.5,5.7,9120.0,250.2
2019-02-05T12:52:52,46.4,113.4,198.7,6.3,9140.0,250.2
2019-02-05T12:53:23,46.4,108.1,198.7,6.3,9160.0,248.3
2019-02-05T12:53:54,46.5,114.6,209.4,3.2,9170.0,247.3
2019-02-05T12:54:25,0.0,0.0,0.0,0.0,0.0,0.0
2019-02-05T12:54:56,46.1,107.5,190.4,1.5,9190.0,242.5
2019-02-05T12:55:27,45.4,102.7,185.1,4.7,9200.0,247.3
2019-02-05T12:55:58,0.0,0.0,0.0,0.0,0.0,0.0
2019-02-05T12:56:30,45.2,102.7,200.5,6.6,9240.0,249.3
2019-02-05T12:57:01,45.2,104.5,199.9,5.5,9260.0,248.3
2019-02-05T12:57:32,0.0,0.0,0.0,0.0,0.0,0.0
2019-02-05T12:58:03,45.4,110.4,204.1,3.9,9290.0,250.2
2019-02-05T12:58:34,45.4,117.5,199.3,5.2,9310.0,250.2
2019-02-05T12:59:05,45.5,116.9,197.5,4.4,9330.0,249.3
2019-02-05T12:59:36,45.7,107.5,192.8,3.8,9350.0,251.2
2019-02-05T13:00:07,45.7,114.6,199.9,9.2,9370.0,251.2
2019-02-05T13:00:38,45.7,112.8,197.5,4.6,9390.0,249.3
2019-02-05T13:01:10,45.8,117.5,199.3,4.2,9410.0,249.3
2019-02-05T13:01:41,45.8,118.1,204.1,3.9,9420.0,250.2
2019-02-05T13:02:12,45.8,124.0,199.3,5.0,9440.0,250.2
2019-02-05T13:02:43,0.0,0.0,0.0,0.0,0.0,0.0
2019-02-05T13:03:14,45.8,96.2,197.0,6.8,9480.0,250.2
2019-02-05T13:03:45,45.8,118.1,199.3,7.4,9500.0,250.2
2019-02-05T13:04:16,45.8,103.9,195.2,3.3,9520.0,250.2
2019-02-05T13:04:47,45.8,104.5,194.6,5.8,9540.0,250.2
2019-02-05T13:05:18,45.8,101.0,201.7,8.3,9550.0,251.2
2019-02-05T13:05:49,45.8,104.5,199.3,5.7,9570.0,251.2
2019-02-05T13:06:21,45.8,135.2,192.8,2.0,9590.0,250.2
2019-02-05T13:06:52,45.8,124.6,189.3,2.3,9610.0,251.2
2019-02-05T13:07:23,45.9,131.1,194.0,2.7,9620.0,251.2
2019-02-05T13:07:54,45.8,145.9,197.0,1.8,9640.0,251.2
2019-02-05T13:08:25,45.8,154.1,205.2,2.0,9660.0,251.2
2019-02-05T13:08:56,45.8,148.2,191.6,1.4,9670.0,245.4
2019-02-05T13:09:27,45.8,150.0,199.3,1.4,9680.0,245.4
2019-02-05T13:09:58,45.8,145.9,210.0,2.3,9680.0,248.3
2019-02-05T13:10:29,45.7,157.7,192.8,2.5,9700.0,250.2
2019-02-05T13:11:00,45.7,157.1,204.1,2.2,9720.0,251.2
2019-02-05T13:11:31,45.7,158.9,188.1,1.9,9740.0,250.2
2019-02-05T13:12:02,45.7,165.4,197.5,1.4,9750.0,244.4
2019-02-05T13:12:33,45.5,175.4,199.9,1.1,9760.0,241.5
2019-02-05T13:13:04,45.4,174.8,208.2,1.1,9760.0,242.5
2019-02-05T13:13:35,45.4,194.3,202.3,1.2,9770.0,242.5
2019-02-05T13:14:06,45.3,199.0,177.4,1.3,9770.0,244.4
2019-02-05T13:14:37,45.1,170.1,140.2,2.1,9780.0,249.3
2019-02-05T13:15:08,44.9,183.7,170.9,2.1,9800.0,251.2
2019-02-05T13:15:40,44.7,181.3,202.3,2.3,9820.0,249.3
2019-02-05T13:16:11,44.9,192.5,199.3,2.1,9830.0,246.4
2019-02-05T13:16:42,44.9,197.8,198.7,1.5,9840.0,242.5
2019-02-05T13:17:13,44.9,196.7,211.2,1.5,9850.0,244.4
2019-02-05T13:17:44,45.0,204.9,208.8,1.4,9860.0,243.5
2019-02-05T13:18:15,45.0,204.3,201.7,1.5,9860.0,243.5
2019-02-05T13:18:46,44.9,200.2,224.2,1.5,9870.0,243.5
2019-02-05T13:19:17,44.9,210.2,191.6,1.8,9880.0,243.5
2019-02-05T13:19:48,44.7,200.8,240.7,2.0,9890.0,244.4
2019-02-05T13:20:19,44.7,210.2,215.3,2.1,9900.0,247.3
2019-02-05T13:20:51,44.6,204.3,211.7,2.1,9910.0,245.4
2019-02-05T13:21:22,44.6,200.8,216.5,2.0,9920.0,247.3
2019-02-05T13:21:53,44.6,211.4,206.4,2.0,9930.0,245.4
2019-02-05T13:22:24,44.6,201.4,210.0,1.9,9940.0,244.4
2019-02-05T13:22:55,44.6,204.9,225.9,2.0,9950.0,245.4
2019-02-05T13:23:26,44.6,193.1,208.2,2.1,9960.0,247.3
2019-02-05T13:23:57,44.6,187.8,239.5,2.3,9970.0,249.3
2019-02-05T13:24:28,44.6,165.9,241.3,2.6,9990.0,250.2
2019-02-05T13:24:59,44.6,168.9,214.1,2.4,10010.0,250.2
2019-02-05T13:25:30,0.0,0.0,0.0,0.0,0.0,0.0
2019-02-05T13:26:02,44.6,169.5,207.6,2.0,10040.0,250.2
2019-02-05T13:26:33,44.7,158.9,198.1,2.0,10060.0,253.1
2019-02-05T13:27:04,44.6,180.1,191.0,2.1,10080.0,252.2
2019-02-05T13:27:35,44.6,173.0,154.9,2.0,10090.0,250.2
2019-02-05T13:28:06,44.6,194.9,213.5,2.0,10110.0,251.2
2019-02-05T13:28:37,0.0,0.0,0.0,0.0,0.0,0.0
2019-02-05T13:29:08,44.6,176.6,196.4,2.5,10150.0,252.2
2019-02-05T13:29:39,0.0,0.0,0.0,0.0,0.0,0.0
2019-02-05T13:30:10,44.7,173.0,204.1,2.6,10190.0,250.2
2019-02-05T13:30:41,44.9,178.3,202.9,2.7,10210.0,249.3
2019-02-05T13:31:13,45.0,174.8,197.0,2.9,10230.0,250.2
2019-02-05T13:31:44,45.0,187.2,186.3,2.3,10250.0,247.3
2019-02-05T13:32:15,45.0,194.3,192.2,1.8,10260.0,245.4
2019-02-05T13:32:46,45.0,202.6,199.9,1.6,10270.0,245.4
2019-02-05T13:33:17,45.0,206.1,185.7,1.7,10280.0,245.4
2019-02-05T13:33:48,45.0,196.1,198.1,1.8,10280.0,245.4
2019-02-05T13:34:19,44.9,199.0,208.8,1.8,10290.0,244.4
2019-02-05T13:34:50,44.7,204.9,210.6,1.6,10300.0,244.4
2019-02-05T13:35:21,44.4,209.1,206.4,1.7,10310.0,244.4
2019-02-05T13:35:52,44.3,212.0,213.5,1.6,10310.0,242.5
2019-02-05T13:36:24,44.2,206.1,224.2,1.6,10320.0,243.5
2019-02-05T13:36:55,44.3,210.8,215.3,1.5,10330.0,244.4
2019-02-05T13:37:26,44.3,204.3,212.9,1.3,10340.0,247.3
2019-02-05T13:37:57,44.4,205.5,214.7,1.2,10340.0,246.4
2019-02-05T13:38:28,44.3,210.8,221.2,1.2,10350.0,246.4
2019-02-05T13:38:59,44.3,207.9,217.1,1.3,10360.0,246.4
2019-02-05T13:39:30,44.2,209.7,218.3,1.1,10360.0,246.4
2019-02-05T13:40:01,44.2,202.0,215.3,1.1,10370.0,244.4
2019-02-05T13:40:32,44.2,207.9,218.3,1.1,10370.0,245.4
2019-02-05T13:41:04,44.2,203.7,221.2,1.0,10380.0,246.4
2019-02-05T13:41:35,44.2,204.3,221.8,1.1,10390.0,246.4
2019-02-05T13:42:06,44.2,206.7,224.2,1.0,10390.0,245.4
2019-02-05T13:42:37,44.0,192.5,223.0,1.1,10390.0,245.4
2019-02-05T13:43:08,44.0,172.4,222.4,1.3,10400.0,245.4
2019-02-05T13:43:39,43.9,182.5,208.2,1.3,10400.0,245.4
2019-02-05T13:44:10,43.9,197.3,228.3,1.2,10410.0,245.4
2019-02-05T13:44:41,43.9,215.0,205.2,1.0,10410.0,245.4
2019-02-05T13:45:12,43.8,215.0,230.1,1.1,10420.0,246.4
2019-02-05T13:45:43,43.7,206.1,216.5,1.1,10420.0,245.4
2019-02-05T13:46:15,43.7,215.6,221.8,1.1,10430.0,245.4
2019-02-05T13:46:46,43.5,212.6,219.4,1.0,10430.0,244.4
2019-02-05T13:47:17,43.4,204.9,223.0,1.1,10440.0,246.4
2019-02-05T13:47:48,43.4,204.9,220.0,1.0,10440.0,245.4
2019-02-05T13:48:19,43.4,213.2,218.3,1.0,10450.0,245.4
2019-02-05T13:48:50,43.4,196.7,225.9,1.1,10450.0,246.4
2019-02-05T13:49:21,43.4,207.9,217.1,1.0,10460.0,245.4
2019-02-05T13:49:52,43.2,209.1,230.1,1.2,10460.0,246.4
2019-02-05T13:50:23,43.2,206.1,224.8,1.2,10460.0,247.3
2019-02-05T13:50:54,43.1,202.6,224.2,1.1,10470.0,246.4
2019-02-05T13:51:26,43.0,208.5,225.9,1.3,10470.0,247.3
2019-02-05T13:51:57,43.0,212.0,221.8,1.3,10480.0,247.3
2019-02-05T13:52:28,43.0,203.7,227.7,1.3,10490.0,247.3
2019-02-05T13:52:59,43.0,210.8,221.2,1.3,10490.0,246.4
2019-02-05T13:53:30,42.9,204.3,227.1,1.4,10500.0,247.3
2019-02-05T13:54:01,42.9,215.0,218.3,1.3,10500.0,248.3
2019-02-05T13:54:32,42.5,215.6,231.3,1.3,10510.0,246.4
2019-02-05T13:55:03,42.5,215.6,213.5,1.2,10510.0,247.3
2019-02-05T13:55:34,42.5,211.4,231.3,1.3,10520.0,248.3
2019-02-05T13:56:06,42.5,215.6,229.5,1.2,10520.0,247.3
2019-02-05T13:56:37,42.5,213.8,227.1,1.2,10530.0,247.3
2019-02-05T13:57:08,42.5,213.2,226.5,1.3,10540.0,247.3
2019-02-05T13:57:39,42.5,213.8,223.6,1.1,10540.0,247.3
2019-02-05T13:58:10,42.5,204.9,223.0,1.2,10550.0,247.3
2019-02-05T13:58:41,42.5,213.8,228.9,1.2,10550.0,247.3
2019-02-05T13:59:12,42.4,216.2,215.9,1.1,10560.0,246.4
2019-02-05T13:59:43,42.4,209.1,219.4,1.1,10560.0,247.3
2019-02-05T14:00:14,42.4,190.8,226.5,1.4,10570.0,246.4
2019-02-05T14:00:45,42.3,186.6,219.4,1.4,10570.0,247.3
2019-02-05T14:01:17,42.3,177.8,225.9,1.5,10580.0,246.4
2019-02-05T14:01:48,42.3,191.9,215.3,1.2,10580.0,246.4
2019-02-05T14:02:19,42.2,189.0,223.0,1.2,10590.0,246.4
2019-02-05T14:02:50,42.2,189.6,222.4,1.1,10590.0,246.4
2019-02-05T14:03:21,42.2,180.7,222.4,1.1,10600.0,245.4
2019-02-05T14:03:52,42.1,202.0,219.4,1.1,10600.0,244.4
2019-02-05T14:04:23,42.1,209.1,228.3,0.9,10610.0,245.4
2019-02-05T14:04:54,42.1,204.3,216.5,1.0,10610.0,246.4
2019-02-05T14:05:25,42.1,202.0,230.7,1.0,10610.0,245.4
2019-02-05T14:05:56,42.0,183.1,224.2,1.1,10620.0,244.4
2019-02-05T14:06:28,42.0,206.7,225.4,1.0,10620.0,246.4
2019-02-05T14:06:59,41.9,201.4,217.1,1.1,10630.0,245.4
2019-02-05T14:07:30,41.9,187.8,226.5,1.1,10630.0,247.3
2019-02-05T14:08:01,41.7,187.2,227.1,1.1,10640.0,246.4
2019-02-05T14:08:32,41.7,191.3,224.2,1.2,10640.0,247.3
2019-02-05T14:09:03,41.6,196.7,229.5,1.2,10650.0,248.3
2019-02-05T14:09:34,41.6,213.8,218.8,1.1,10650.0,247.3
2019-02-05T14:10:05,41.5,210.8,231.3,1.1,10660.0,248.3
2019-02-05T14:10:36,41.5,206.1,225.9,1.1,10660.0,247.3
2019-02-05T14:11:08,41.5,216.7,222.4,1.0,10670.0,246.4
2019-02-05T14:11:39,41.4,194.9,227.1,1.1,10670.0,247.3
2019-02-05T14:12:10,41.4,172.4,221.2,1.3,10670.0,247.3
2019-02-05T14:12:41,41.2,195.5,201.1,1.3,10680.0,247.3
2019-02-05T14:13:12,41.2,191.9,227.1,1.4,10690.0,249.3
2019-02-05T14:13:43,41.3,189.0,227.1,1.4,10690.0,247.3
2019-02-05T14:14:14,41.3,189.0,231.3,1.4,10700.0,247.3
2019-02-05T14:14:45,41.3,184.8,220.6,1.6,10700.0,248.3
2019-02-05T14:15:16,41.3,188.4,204.1,1.7,10710.0,248.3
2019-02-05T14:15:47,41.3,189.0,181.6,1.6,10720.0,249.3
2019-02-05T14:16:19,41.3,199.6,152.0,1.6,10720.0,249.3
2019-02-05T14:16:50,41.3,194.9,159.7,1.9,10730.0,250.2
2019-02-05T14:17:21,41.3,200.8,188.1,1.7,10740.0,252.2
2019-02-05T14:17:52,41.3,190.2,199.9,1.7,10750.0,251.2
2019-02-05T14:18:23,41.4,181.9,217.7,1.7,10760.0,249.3
2019-02-05T14:18:54,41.4,194.9,230.1,1.8,10770.0,250.2
2019-02-05T14:19:25,41.4,193.1,225.4,1.8,10780.0,249.3
2019-02-05T14:19:56,41.4,187.2,221.8,1.7,10780.0,249.3
2019-02-05T14:20:27,41.4,191.9,235.4,1.8,10790.0,250.2
2019-02-05T14:20:58,41.5,193.1,233.0,2.0,10800.0,250.2
2019-02-05T14:21:30,41.5,187.2,230.1,2.1,10810.0,247.3
2019-02-05T14:22:01,41.5,188.4,229.5,2.2,10820.0,248.3
2019-02-05T14:22:32,41.5,183.7,218.3,2.3,10830.0,247.3
2019-02-05T14:23:03,41.5,191.9,221.2,2.2,10840.0,248.3
2019-02-05T14:23:34,41.5,199.0,186.9,2.4,10850.0,249.3
2019-02-05T14:24:05,41.5,199.0,181.0,2.1,10860.0,247.3
2019-02-05T14:24:36,41.5,192.5,204.6,2.0,10870.0,248.3
2019-02-05T14:25:07,41.5,193.7,211.7,1.7,10880.0,249.3
2019-02-05T14:25:38,41.6,192.5,225.9,1.6,10890.0,248.3
2019-02-05T14:26:10,41.6,191.3,227.1,1.5,10890.0,246.4
2019-02-05T14:26:41,41.5,190.8,225.4,1.4,10900.0,246.4
2019-02-05T14:27:12,41.5,189.6,224.2,1.2,10910.0,245.4
2019-02-05T14:27:43,41.6,187.8,221.2,1.1,10910.0,245.4
2019-02-05T14:28:14,41.5,184.8,222.4,1.1,10920.0,244.4
2019-02-05T14:28:45,41.5,183.1,220.0,1.1,10920.0,244.4
2019-02-05T14:29:16,41.5,178.3,222.4,1.0,10930.0,243.5
2019-02-05T14:29:47,41.5,180.7,221.2,0.9,10930.0,242.5
2019-02-05T14:30:18,41.5,177.8,220.0,0.9,10930.0,243.5
2019-02-05T14:30:50,41.5,199.0,214.7,0.8,10940.0,242.5
2019-02-05T14:31:21,41.4,202.0,217.7,0.9,10940.0,242.5
2019-02-05T14:31:52,41.4,210.8,225.4,0.8,10940.0,242.5
2019-02-05T14:32:23,41.4,201.4,211.7,0.8,10950.0,241.5
2019-02-05T14:32:54,41.3,210.8,219.4,0.7,10950.0,241.5
2019-02-05T14:33:25,41.3,209.1,224.2,0.8,10950.0,242.5
2019-02-05T14:33:56,41.3,203.2,215.9,0.8,10950.0,242.5
2019-02-05T14:34:27,41.3,202.6,233.0,0.9,10960.0,241.5
2019-02-05T14:34:58,41.3,213.8,227.1,0.8,10960.0,241.5
2019-02-05T14:35:29,41.2,199.6,216.5,0.9,10970.0,240.6
2019-02-05T14:36:01,41.2,212.0,216.5,0.8,10970.0,240.6
2019-02-05T14:36:32,41.2,197.3,230.1,1.0,10970.0,241.5
2019-02-05T14:37:03,41.2,216.2,211.7,0.9,10980.0,242.5
2019-02-05T14:37:34,41.0,197.3,222.4,0.9,10980.0,241.5
2019-02-05T14:38:05,40.9,187.2,229.5,1.1,10980.0,243.5
2019-02-05T14:38:36,40.9,178.3,218.3,1.1,10990.0,243.5
2019-02-05T14:39:07,40.8,158.9,234.2,1.3,10990.0,243.5
2019-02-05T14:39:38,40.8,184.8,210.6,1.2,11000.0,243.5
2019-02-05T14:40:09,40.8,185.4,234.2,1.2,11000.0,244.4
2019-02-05T14:40:40,40.8,185.4,218.3,1.3,11010.0,243.5
2019-02-05T14:41:12,40.8,183.7,228.9,1.4,11010.0,246.4
2019-02-05T14:41:43,40.8,188.4,224.2,1.4,11020.0,246.4
2019-02-05T14:42:14,40.8,182.5,209.4,1.5,11030.0,246.4
2019-02-05T14:42:45,40.8,191.3,227.7,1.4,11030.0,247.3
2019-02-05T14:43:16,40.8,192.5,225.4,1.5,11040.0,248.3
2019-02-05T14:43:47,40.9,184.8,229.5,1.5,11040.0,248.3
2019-02-05T14:44:18,40.9,188.4,221.8,1.6,11050.0,248.3
2019-02-05T14:44:49,40.9,186.0,232.4,1.7,11060.0,247.3
2019-02-05T14:45:20,40.9,196.1,233.0,1.7,11070.0,247.3
2019-02-05T14:45:51,40.8,186.0,224.8,1.7,11070.0,247.3
2019-02-05T14:46:23,40.9,193.1,230.1,1.8,11080.0,247.3
2019-02-05T14:46:54,40.9,190.8,219.4,1.8,11090.0,247.3
2019-02-05T14:47:25,40.9,189.0,231.3,2.0,11100.0,249.3
2019-02-05T14:47:56,40.9,183.7,217.7,2.1,11110.0,248.3
2019-02-05T14:48:27,40.9,191.3,212.3,2.0,11120.0,251.2
2019-02-05T14:48:58,40.9,196.7,225.4,2.1,11130.0,250.2
2019-02-05T14:49:29,41.0,198.4,241.9,2.0,11140.0,250.2
2019-02-05T14:50:00,41.0,189.0,230.1,2.2,11150.0,250.2
2019-02-05T14:50:31,41.2,197.8,229.5,1.9,11170.0,249.3
2019-02-05T14:51:03,41.2,186.6,228.3,2.1,11180.0,250.2
2019-02-05T14:51:34,41.2,191.9,225.9,2.1,11190.0,248.3
2019-02-05T14:52:05,41.3,190.2,224.8,2.1,11200.0,249.3
2019-02-05T14:52:36,41.3,193.1,228.3,2.0,11210.0,249.3
2019-02-05T14:53:07,41.3,194.3,228.3,2.0,11210.0,249.3
2019-02-05T14:53:38,41.3,193.1,228.3,2.0,11220.0,249.3
2019-02-05T14:54:09,41.3,190.8,225.4,2.1,11230.0,250.2
2019-02-05T14:54:40,41.3,193.1,225.9,2.0,11240.0,248.3
2019-02-05T14:55:11,41.3,193.1,230.7,1.9,11250.0,248.3
2019-02-05T14:55:42,41.2,196.7,224.2,1.7,11260.0,247.3
2019-02-05T14:56:14,41.2,191.3,230.1,1.8,11270.0,247.3
2019-02-05T14:56:45,41.2,189.0,230.7,1.7,11280.0,248.3
2019-02-05T14:57:16,41.0,187.2,229.5,1.7,11280.0,248.3
2019-02-05T14:57:47,41.0,187.2,230.1,1.6,11290.0,247.3
2019-02-05T14:58:18,41.0,185.4,231.9,1.7,11300.0,248.3
2019-02-05T14:58:49,41.0,191.9,225.4,1.5,11300.0,248.3
2019-02-05T14:59:20,41.0,189.0,228.3,1.5,11310.0,247.3
2019-02-05T14:59:51,41.2,188.4,230.1,1.6,11320.0,246.4
2019-02-05T15:00:22,41.2,184.8,231.3,1.5,11320.0,249.3
2019-02-05T15:00:53,41.0,189.6,232.4,1.6,11330.0,248.3
2019-02-05T15:01:25,41.0,189.0,231.9,1.5,11340.0,247.3
2019-02-05T15:01:56,41.0,190.2,223.0,1.7,11350.0,248.3
2019-02-05T15:02:27,41.0,187.8,224.8,1.5,11350.0,247.3
2019-02-05T15:02:58,41.0,187.8,227.1,1.5,11360.0,247.3
2019-02-05T15:03:29,41.0,191.3,230.7,1.5,11360.0,247.3
2019-02-05T15:04:00,41.0,187.2,227.1,1.4,11370.0,246.4
2019-02-05T15:04:31,41.0,194.9,225.9,1.4,11380.0,247.3
2019-02-05T15:05:02,41.0,191.9,231.3,1.2,11380.0,247.3
2019-02-05T15:05:33,41.0,183.1,228.9,1.4,11390.0,247.3
2019-02-05T15:06:05,41.0,184.8,222.4,1.3,11390.0,248.3
2019-02-05T15:06:36,41.0,206.1,224.8,1.2,11400.0,248.3
2019-02-05T15:07:07,41.0,202.6,222.4,1.3,11410.0,246.4
2019-02-05T15:07:38,41.0,199.0,211.2,1.4,11410.0,246.4
2019-02-05T15:08:09,41.0,213.8,222.4,1.3,11420.0,245.4
2019-02-05T15:08:40,40.9,209.7,224.8,1.2,11420.0,246.4
2019-02-05T15:09:11,40.9,215.6,228.3,1.3,11430.0,245.4
2019-02-05T15:09:42,40.9,215.6,224.8,1.3,11430.0,245.4
2019-02-05T15:10:13,40.9,217.9,218.3,1.2,11440.0,246.4
2019-02-05T15:10:44,40.8,199.0,225.4,1.3,11440.0,246.4
2019-02-05T15:11:16,40.9,206.1,229.5,1.4,11450.0,246.4
2019-02-05T15:11:47,40.9,211.4,225.4,1.3,11460.0,246.4
2019-02-05T15:12:18,40.8,216.2,229.5,1.2,11460.0,245.4
2019-02-05T15:12:49,40.8,216.7,227.1,1.1,11470.0,246.4
2019-02-05T15:13:20,40.7,219.1,225.9,1.1,11470.0,246.4
2019-02-05T15:13:51,40.6,213.8,225.4,1.1,11480.0,246.4
2019-02-05T15:14:22,40.5,215.0,227.1,1.0,11480.0,245.4
2019-02-05T15:14:53,40.5,213.8,227.7,0.9,11490.0,245.4
2019-02-05T15:15:24,40.6,215.6,223.6,0.9,11490.0,244.4
2019-02-05T15:15:55,40.6,211.4,221.8,1.0,11500.0,245.4
2019-02-05T15:16:27,40.6,197.8,224.2,0.9,11500.0,244.4
2019-02-05T15:16:58,40.6,215.0,232.4,0.9,11510.0,244.4
2019-02-05T15:17:29,40.6,212.0,221.8,0.8,11510.0,243.5
2019-02-05T15:18:00,40.5,209.1,225.9,1.0,11510.0,244.4
2019-02-05T15:18:31,40.5,192.5,225.4,0.9,11520.0,245.4
2019-02-05T15:19:02,40.5,191.3,230.7,1.0,11520.0,243.5
2019-02-05T15:19:33,40.5,190.8,221.2,1.0,11530.0,244.4
2019-02-05T15:20:04,40.5,183.7,234.2,1.0,11530.0,244.4
2019-02-05T15:20:35,40.5,180.1,223.0,1.1,11530.0,245.4
2019-02-05T15:21:07,40.5,183.1,226.5,1.0,11540.0,245.4
2019-02-05T15:21:38,40.5,189.6,227.1,1.1,11540.0,245.4
2019-02-05T15:22:09,40.5,200.2,225.9,1.0,11550.0,245.4
2019-02-05T15:22:40,40.4,213.8,220.0,1.1,11550.0,246.4
2019-02-05T15:23:11,40.4,212.0,236.0,1.0,11560.0,246.4
2019-02-05T15:23:42,40.2,207.9,217.7,1.0,11560.0,246.4
2019-02-05T15:24:13,40.2,213.8,231.3,1.0,11560.0,246.4
2019-02-05T15:24:44,40.2,207.9,230.1,1.0,11570.0,245.4
2019-02-05T15:25:15,40.2,215.0,225.4,0.8,11570.0,244.4
2019-02-05T15:25:46,40.2,215.6,227.7,0.9,11580.0,245.4
2019-02-05T15:26:18,40.1,210.8,223.0,0.9,11580.0,245.4
2019-02-05T15:26:49,40.1,201.4,228.3,0.9,11580.0,245.4
2019-02-05T15:27:20,40.1,204.3,223.0,0.8,11590.0,246.4
2019-02-05T15:27:51,40.1,210.2,224.8,0.7,11590.0,244.4
2019-02-05T15:28:22,40.1,206.7,225.4,0.9,11600.0,246.4
2019-02-05T15:28:53,40.1,201.4,222.4,0.8,11600.0,245.4
2019-02-05T15:29:24,40.0,213.8,233.0,0.9,11600.0,247.3
2019-02-05T15:29:55,40.0,204.9,217.7,0.9,11610.0,247.3
2019-02-05T15:30:26,40.0,211.4,230.1,0.8,11610.0,245.4
2019-02-05T15:30:57,39.9,212.0,215.3,0.9,11610.0,246.4
2019-02-05T15:31:29,39.9,204.9,236.0,0.8,11620.0,246.4
2019-02-05T15:32:00,39.9,206.1,225.9,0.8,11620.0,246.4
2019-02-05T15:32:31,39.9,184.8,216.5,1.0,11620.0,246.4
2019-02-05T15:33:02,39.8,164.2,237.8,1.1,11630.0,245.4
2019-02-05T15:33:33,39.8,144.1,212.9,1.2,11630.0,247.3
2019-02-05T15:34:04,39.8,161.2,227.1,1.2,11630.0,246.4
2019-02-05T15:34:35,39.8,181.9,233.0,1.2,11640.0,247.3
2019-02-05T15:35:06,39.7,160.0,218.3,1.2,11640.0,246.4
2019-02-05T15:35:37,39.7,166.5,237.2,1.3,11650.0,245.4
2019-02-05T15:36:09,39.7,190.8,224.2,1.2,11650.0,247.3
2019-02-05T15:36:40,39.7,194.9,233.0,1.1,11660.0,247.3
2019-02-05T15:37:11,39.7,194.9,232.4,1.3,11660.0,245.4
2019-02-05T15:37:42,39.7,192.5,226.5,1.2,11670.0,247.3
2019-02-05T15:38:13,39.7,196.1,221.8,1.2,11670.0,247.3
2019-02-05T15:38:44,39.8,193.7,233.0,1.1,11680.0,248.3
2019-02-05T15:39:15,39.8,191.9,226.5,1.2,11680.0,246.4
2019-02-05T15:39:46,39.7,191.3,230.1,1.0,11690.0,246.4
2019-02-05T15:40:17,39.5,193.7,230.7,1.0,11690.0,246.4
2019-02-05T15:40:48,39.5,215.0,227.7,0.9,11700.0,245.4
2019-02-05T15:41:21,39.5,202.6,232.4,0.8,11700.0,246.4
2019-02-05T15:41:52,39.5,205.5,233.6,0.9,11710.0,245.4
2019-02-05T15:42:23,39.4,210.8,231.3,0.7,11710.0,245.4
2019-02-05T15:42:54,39.4,206.7,230.7,0.7,11710.0,246.4
2019-02-05T15:43:25,39.4,197.3,227.1,0.7,11720.0,245.4
2019-02-05T15:43:56,39.4,208.5,224.8,0.7,11720.0,244.4
2019-02-05T15:44:27,39.4,204.3,226.5,0.8,11720.0,245.4
2019-02-05T15:44:58,39.3,202.0,221.2,0.8,11720.0,244.4
2019-02-05T15:45:29,39.3,206.1,206.4,0.8,11730.0,244.4
2019-02-05T15:46:01,39.3,208.5,230.1,0.8,11730.0,245.4
2019-02-05T15:46:32,39.3,199.6,221.2,0.9,11730.0,245.4
2019-02-05T15:47:03,39.2,210.2,199.3,0.8,11740.0,245.4
2019-02-05T15:47:34,39.3,215.6,204.6,0.8,11740.0,245.4
2019-02-05T15:48:05,39.3,217.3,227.7,0.8,11740.0,244.4
2019-02-05T15:48:36,39.3,205.5,225.4,0.9,11750.0,244.4
2019-02-05T15:49:07,39.3,203.7,224.2,0.9,11750.0,245.4
2019-02-05T15:49:38,39.2,213.2,225.9,0.9,11750.0,243.5
2019-02-05T15:50:09,39.1,217.9,205.2,0.8,11760.0,243.5
2019-02-05T15:50:40,39.1,196.1,227.1,0.9,11760.0,243.5
2019-02-05T15:51:12,39.0,193.7,225.9,1.0,11770.0,242.5
2019-02-05T15:51:43,39.0,190.2,230.7,0.9,11770.0,243.5
2019-02-05T15:52:14,39.0,202.0,222.4,0.9,11770.0,243.5
2019-02-05T15:52:45,39.0,212.0,224.2,0.8,11780.0,243.5
2019-02-05T15:53:16,39.0,214.4,227.1,0.9,11780.0,243.5
2019-02-05T15:53:47,39.0,198.4,231.3,0.9,11790.0,242.5
2019-02-05T15:54:18,39.0,216.2,228.3,0.9,11790.0,243.5
2019-02-05T15:54:49,39.0,200.2,225.4,1.0,11790.0,243.5
2019-02-05T15:55:20,38.9,217.9,237.2,0.9,11800.0,242.5
2019-02-05T15:55:51,38.9,207.9,232.4,0.9,11800.0,242.5
2019-02-05T15:56:23,39.0,216.2,230.7,0.8,11810.0,242.5
2019-02-05T15:56:54,38.9,217.9,215.9,0.8,11810.0,243.5
2019-02-05T15:57:25,38.7,201.4,235.4,0.9,11810.0,241.5
2019-02-05T15:57:56,38.7,218.5,218.3,0.8,11820.0,243.5
2019-02-05T15:58:27,38.7,215.0,232.4,0.9,11820.0,243.5
2019-02-05T15:58:58,38.7,194.3,225.4,1.0,11830.0,243.5
2019-02-05T15:59:29,38.7,197.3,228.3,0.9,11830.0,244.4
2019-02-05T16:00:00,38.4,217.9,225.9,0.9,11840.0,244.4
2019-02-05T16:00:31,38.2,206.1,231.9,0.9,11840.0,244.4
2019-02-05T16:01:03,38.0,208.5,236.0,0.9,11840.0,245.4
2019-02-05T16:01:34,38.0,209.1,231.3,1.0,11850.0,243.5
2019-02-05T16:02:05,38.2,205.5,227.1,1.0,11850.0,244.4
2019-02-05T16:02:36,38.3,189.6,236.0,1.1,11860.0,244.4
2019-02-05T16:03:07,38.3,212.0,233.0,1.0,11860.0,243.5
2019-02-05T16:03:38,38.3,215.0,223.0,1.0,11870.0,244.4
2019-02-05T16:04:09,38.3,210.2,234.2,1.0,11870.0,244.4
2019-02-05T16:04:40,38.2,191.3,223.6,1.2,11880.0,245.4
2019-02-05T16:05:11,38.2,190.8,228.9,1.2,11880.0,245.4
2019-02-05T16:05:42,38.3,194.3,232.4,1.3,11890.0,246.4
2019-02-05T16:06:14,38.3,206.7,232.4,1.3,11900.0,247.3
2019-02-05T16:06:45,38.4,202.6,235.4,1.4,11900.0,246.4
2019-02-05T16:07:16,38.4,216.2,235.4,1.3,11910.0,246.4
2019-02-05T16:07:47,38.4,212.6,248.4,1.3,11920.0,247.3
2019-02-05T16:08:18,38.4,219.1,247.8,1.2,11920.0,247.3
2019-02-05T16:08:49,38.4,216.2,241.3,1.2,11930.0,245.4
2019-02-05T16:09:20,38.4,213.8,234.2,1.0,11930.0,244.4
2019-02-05T16:09:51,38.4,210.2,233.6,0.9,11940.0,244.4
2019-02-05T16:10:22,38.4,206.1,233.0,0.9,11940.0,243.5
2019-02-05T16:10:53,38.4,212.0,228.3,0.9,11950.0,244.4
2019-02-05T16:11:25,38.4,208.5,225.4,0.8,11950.0,243.5
2019-02-05T16:11:56,38.4,203.7,220.0,0.9,11960.0,243.5
2019-02-05T16:12:27,38.4,210.8,230.7,0.8,11960.0,242.5
2019-02-05T16:12:58,38.4,207.9,220.0,0.8,11960.0,242.5
2019-02-05T16:13:29,38.4,205.5,231.3,0.8,11970.0,244.4
2019-02-05T16:14:00,38.4,184.8,219.4,1.0,11970.0,241.5
2019-02-05T16:14:31,38.4,164.2,228.9,1.0,11970.0,242.5
2019-02-05T16:15:02,38.3,184.8,222.4,1.0,11980.0,244.4
2019-02-05T16:15:33,38.3,190.2,228.9,0.9,11980.0,243.5
2019-02-05T16:16:05,38.4,183.1,225.4,0.9,11990.0,242.5
2019-02-05T16:16:36,38.4,184.3,230.7,0.8,11990.0,240.6
2019-02-05T16:17:07,38.4,184.8,220.6,0.8,11990.0,242.5
2019-02-05T16:17:38,38.4,191.9,237.8,0.8,12000.0,242.5
2019-02-05T16:18:09,38.4,172.4,228.3,0.9,12000.0,242.5
2019-02-05T16:18:40,38.4,189.6,217.1,0.9,12000.0,242.5
2019-02-05T16:19:11,38.4,213.2,194.0,0.7,12010.0,243.5
2019-02-05T16:19:42,38.4,203.7,182.2,0.8,12010.0,243.5
2019-02-05T16:20:13,38.4,209.7,212.3,0.9,12010.0,243.5
2019-02-05T16:20:44,38.5,208.5,233.0,0.9,12020.0,243.5
2019-02-05T16:21:16,38.4,205.5,236.6,0.9,12020.0,244.4
2019-02-05T16:21:47,38.3,216.2,228.9,0.9,12030.0,244.4
2019-02-05T16:22:18,38.3,203.2,235.4,1.0,12030.0,243.5
2019-02-05T16:22:49,38.3,212.6,240.1,0.9,12040.0,244.4
2019-02-05T16:23:20,38.2,209.1,231.9,0.9,12040.0,243.5
2019-02-05T16:23:51,38.3,207.9,234.8,1.0,12050.0,244.4
2019-02-05T16:24:22,38.3,206.1,231.9,0.9,12050.0,243.5
2019-02-05T16:24:53,38.3,207.3,237.8,0.9,12060.0,244.4
2019-02-05T16:25:24,38.3,209.1,233.6,0.9,12060.0,244.4
2019-02-05T16:25:55,38.3,213.8,234.8,1.0,12070.0,245.4
2019-02-05T16:26:27,38.3,209.7,252.0,0.9,12070.0,244.4
2019-02-05T16:26:58,38.3,213.8,241.9,0.9,12080.0,246.4
2019-02-05T16:27:29,38.3,217.3,260.3,1.0,12080.0,247.3
2019-02-05T16:28:00,38.2,222.7,267.4,1.0,12090.0,246.4
2019-02-05T16:28:31,38.3,213.2,256.7,0.9,12090.0,246.4
2019-02-05T16:29:02,38.3,209.1,252.0,0.8,12100.0,243.5
2019-02-05T16:29:33,38.3,207.3,239.0,0.7,12100.0,243.5
2019-02-05T16:30:04,38.3,199.0,237.2,0.8,12100.0,244.4
2019-02-05T16:30:35,38.4,209.1,228.3,0.7,12110.0,243.5
2019-02-05T16:31:07,38.4,191.9,228.9,0.8,12110.0,244.4
2019-02-05T16:31:38,38.4,207.9,236.0,0.8,12110.0,244.4
2019-02-05T16:32:09,38.5,215.0,231.9,0.7,12120.0,245.4
2019-02-05T16:32:40,38.5,206.1,223.6,0.8,12120.0,244.4
2019-02-05T16:33:11,38.5,200.2,239.5,0.8,12130.0,244.4
2019-02-05T16:33:42,38.5,209.7,231.3,0.8,12130.0,244.4
2019-02-05T16:34:13,38.5,200.2,226.5,0.9,12130.0,242.5
2019-02-05T16:34:44,38.5,213.8,231.9,0.8,12140.0,242.5
2019-02-05T16:35:15,38.5,193.1,228.3,0.9,12140.0,244.4
2019-02-05T16:35:46,38.5,187.8,206.4,1.0,12150.0,245.4
2019-02-05T16:36:18,38.5,191.9,235.4,1.0,12150.0,246.4
2019-02-05T16:36:49,38.5,188.4,231.9,1.0,12150.0,246.4
2019-02-05T16:37:20,38.5,215.0,208.2,1.0,12160.0,246.4
2019-02-05T16:37:51,38.5,207.9,185.7,1.1,12170.0,247.3
2019-02-05T16:38:22,38.5,196.1,187.5,1.3,12170.0,247.3
2019-02-05T16:38:53,38.5,203.2,183.3,1.2,12180.0,247.3
2019-02-05T16:39:24,38.5,218.5,167.4,1.0,12190.0,247.3
2019-02-05T16:39:55,38.5,208.5,181.6,1.0,12190.0,246.4
2019-02-05T16:40:26,38.6,213.8,182.2,1.1,12200.0,246.4
2019-02-05T16:40:57,38.6,215.6,177.4,1.1,12200.0,247.3
2019-02-05T16:41:29,38.4,200.2,175.7,1.2,12210.0,248.3
2019-02-05T16:42:00,38.4,222.7,154.9,1.1,12220.0,249.3
2019-02-05T16:42:31,38.5,215.6,163.8,1.4,12230.0,250.2
2019-02-05T16:43:02,38.5,220.9,170.9,1.4,12240.0,249.3
2019-02-05T16:43:33,38.6,213.8,173.9,1.2,12240.0,247.3
2019-02-05T16:44:04,38.6,202.0,173.9,1.2,12250.0,249.3
2019-02-05T16:44:35,38.6,216.7,173.3,1.3,12260.0,248.3
2019-02-05T16:45:06,38.7,210.8,167.4,1.3,12260.0,248.3
2019-02-05T16:45:37,38.7,213.8,159.1,1.2,12270.0,247.3
2019-02-05T16:46:09,38.6,210.8,167.4,1.2,12280.0,247.3
2019-02-05T16:46:40,38.7,213.8,179.2,1.3,12280.0,245.4
2019-02-05T16:47:11,38.7,208.5,186.9,1.2,12290.0,245.4
2019-02-05T16:47:42,38.7,210.8,208.2,1.1,12290.0,246.4
2019-02-05T16:48:13,38.9,210.8,231.3,1.1,12300.0,245.4
2019-02-05T16:48:44,38.9,203.7,225.9,1.0,12300.0,246.4
2019-02-05T16:49:15,38.9,210.2,226.5,1.0,12300.0,246.4
2019-02-05T16:49:46,38.9,196.1,230.1,1.1,12310.0,245.4
2019-02-05T16:50:17,38.9,217.9,217.1,1.0,12310.0,246.4
2019-02-05T16:50:48,38.9,213.2,234.2,1.0,12320.0,246.4
2019-02-05T16:51:20,38.9,204.9,231.3,1.0,12320.0,245.4
2019-02-05T16:51:51,38.9,210.2,228.3,1.0,12330.0,245.4
2019-02-05T16:52:22,38.9,216.2,236.6,1.0,12330.0,246.4
2019-02-05T16:52:53,38.9,199.0,227.7,1.0,12340.0,246.4
2019-02-05T16:53:24,39.0,212.6,233.0,1.1,12340.0,245.4
2019-02-05T16:53:55,39.0,213.2,239.5,1.0,12350.0,246.4
2019-02-05T16:54:26,39.0,204.3,235.4,1.0,12350.0,248.3
2019-02-05T16:54:57,39.0,206.7,240.1,1.0,12360.0,247.3
2019-02-05T16:55:28,39.0,210.8,239.0,1.0,12360.0,246.4
2019-02-05T16:55:59,39.0,206.7,237.8,1.1,12360.0,246.4
2019-02-05T16:56:31,39.0,203.7,235.4,1.0,12370.0,248.3
2019-02-05T16:57:02,39.0,206.1,239.5,1.1,12370.0,246.4
2019-02-05T16:57:33,39.0,207.3,235.4,1.1,12380.0,248.3
2019-02-05T16:58:04,38.9,213.2,240.1,1.0,12380.0,245.4
2019-02-05T16:58:35,38.9,215.0,239.0,0.9,12390.0,246.4
2019-02-05T16:59:06,38.9,217.9,237.2,0.9,12390.0,246.4
2019-02-05T16:59:37,38.7,210.8,235.4,1.0,12400.0,244.4
2019-02-05T17:00:08,38.6,201.4,228.3,1.0,12400.0,246.4
2019-02-05T17:00:39,38.6,211.4,231.3,1.0,12410.0,246.4
2019-02-05T17:01:11,38.6,210.8,235.4,0.9,12410.0,246.4
2019-02-05T17:01:42,38.6,214.4,231.9,0.9,12420.0,245.4
2019-02-05T17:02:13,38.6,215.0,231.9,0.8,12420.0,245.4
2019-02-05T17:02:44,38.7,210.8,230.7,0.8,12420.0,246.4
2019-02-05T17:03:15,38.7,204.9,230.1,0.9,12430.0,244.4
2019-02-05T17:03:46,38.7,209.1,234.2,0.8,12430.0,244.4
2019-02-05T17:04:17,38.7,209.1,238.4,0.8,12440.0,246.4
2019-02-05T17:04:48,38.7,206.7,239.5,0.8,12440.0,244.4
2019-02-05T17:05:19,38.7,199.6,239.0,0.8,12440.0,243.5
2019-02-05T17:05:50,38.7,206.1,228.3,0.8,12450.0,244.4
2019-02-05T17:06:22,38.7,213.2,239.5,0.8,12450.0,244.4
2019-02-05T17:06:53,38.6,197.8,239.5,0.8,12460.0,244.4
2019-02-05T17:07:24,38.6,216.2,241.9,0.8,12460.0,241.5
2019-02-05T17:07:55,38.6,200.8,242.5,1.0,12460.0,239.6
2019-02-05T17:08:26,38.6,202.0,245.5,1.0,12470.0,239.6
2019-02-05T17:08:57,38.6,205.5,238.4,0.8,12470.0,239.6
2019-02-05T17:09:28,38.6,209.1,234.8,0.9,12480.0,241.5
2019-02-05T17:09:59,38.6,202.0,238.4,0.7,12480.0,238.6
2019-02-05T17:10:30,38.5,212.6,231.9,0.7,12480.0,241.5
2019-02-05T17:11:01,38.4,206.7,240.1,0.8,12490.0,243.5
2019-02-05T17:11:32,38.4,214.4,236.6,0.8,12490.0,244.4
2019-02-05T17:12:03,38.4,194.3,243.1,0.8,12490.0,242.5
2019-02-05T17:12:34,38.5,206.1,240.7,0.8,12500.0,242.5
2019-02-05T17:13:05,38.4,211.4,241.3,0.7,12500.0,242.5
2019-02-05T17:13:36,38.5,204.3,241.9,0.7,12500.0,241.5
2019-02-05T17:14:07,38.4,190.8,225.9,0.7,12510.0,241.5
2019-02-05T17:14:38,38.4,202.0,237.2,0.6,12510.0,243.5
2019-02-05T17:15:09,38.4,200.2,236.0,0.7,12510.0,243.5
2019-02-05T17:15:41,38.5,197.8,227.1,0.7,12510.0,243.5
2019-02-05T17:16:12,38.4,207.3,231.9,0.7,12520.0,242.5
2019-02-05T17:16:43,38.4,186.0,235.4,0.7,12520.0,242.5
2019-02-05T17:17:14,38.4,179.5,237.8,0.8,12520.0,245.4
2019-02-05T17:17:45,38.4,182.5,234.8,0.7,12530.0,243.5
2019-02-05T17:18:16,38.4,207.3,239.0,0.7,12530.0,243.5
2019-02-05T17:18:48,38.4,212.0,237.8,0.7,12530.0,242.5
2019-02-05T17:19:19,38.3,209.1,237.2,0.7,12540.0,242.5
2019-02-05T17:19:50,38.3,198.4,243.7,0.9,12540.0,241.5
2019-02-05T17:20:21,38.3,203.2,246.6,0.8,12540.0,242.5
2019-02-05T17:20:52,38.3,213.2,246.1,0.9,12550.0,240.6
2019-02-05T17:21:23,38.3,206.1,230.7,0.6,12550.0,242.5
2019-02-05T17:21:54,38.4,208.5,233.6,0.7,12550.0,240.6
2019-02-05T17:22:25,38.3,210.2,234.2,0.6,12560.0,240.6
2019-02-05T17:22:56,38.3,197.3,228.9,0.6,12560.0,242.5
2019-02-05T17:23:28,38.3,207.3,225.4,0.5,12560.0,242.5
2019-02-05T17:23:59,38.3,194.9,227.7,0.5,12560.0,240.6
2019-02-05T17:24:30,38.3,207.3,228.3,0.5,12570.0,241.5
2019-02-05T17:25:01,38.3,199.6,236.0,0.5,12570.0,240.6
2019-02-05T17:25:32,38.3,199.0,218.3,0.5,12570.0,242.5
2019-02-05T17:26:03,38.3,206.7,221.2,0.4,12570.0,241.5
2019-02-05T17:26:34,38.3,186.6,214.1,0.5,12570.0,241.5
2019-02-05T17:27:05,38.3,179.5,236.0,0.5,12580.0,240.6
2019-02-05T17:27:36,38.3,200.8,215.9,0.5,12580.0,241.5
2019-02-05T17:28:07,38.2,201.4,224.2,0.4,12580.0,241.5
2019-02-05T17:28:38,38.2,204.3,228.9,0.4,12580.0,242.5
2019-02-05T17:29:09,38.2,210.2,223.0,0.3,12580.0,240.6
2019-02-05T17:29:40,38.2,187.8,220.0,0.4,12580.0,242.5
2019-02-05T17:30:11,38.2,207.9,215.3,0.3,12580.0,240.6
2019-02-05T17:30:43,38.0,186.6,223.0,0.3,12590.0,242.5
2019-02-05T17:31:14,38.0,194.3,211.7,0.3,12590.0,240.6
2019-02-05T17:31:45,38.0,200.8,218.8,0.3,12590.0,241.5
2019-02-05T17:32:16,38.0,180.1,220.6,0.3,12590.0,240.6
2019-02-05T17:32:47,37.9,191.9,221.2,0.3,12590.0,241.5
2019-02-05T17:33:18,37.9,188.4,218.8,0.2,12590.0,241.5
2019-02-05T17:33:49,37.9,200.8,209.4,0.2,12590.0,240.6
2019-02-05T17:34:20,37.9,183.1,205.8,0.2,12590.0,238.6
2019-02-05T17:34:51,37.9,163.0,209.4,0.2,12590.0,237.7
2019-02-05T17:35:22,37.8,164.8,211.7,0.2,12590.0,239.6
2019-02-05T17:35:54,37.8,186.6,190.4,0.2,12590.0,241.5
2019-02-05T17:36:25,37.8,201.4,179.8,0.1,12590.0,241.5
2019-02-05T17:36:56,37.7,178.3,200.5,0.1,12590.0,239.6
2019-02-05T17:37:27,37.7,157.7,220.6,0.2,12590.0,240.6
2019-02-05T17:37:58,37.6,140.5,213.5,0.2,12600.0,240.6
2019-02-05T17:38:29,37.6,163.6,192.8,0.1,12600.0,240.6
2019-02-05T17:39:01,37.4,185.4,171.5,0.1,12600.0,240.6
2019-02-05T17:39:32,37.4,202.0,160.3,0.1,12600.0,239.6
2019-02-05T17:40:03,37.4,180.1,182.8,0.1,12600.0,239.6
2019-02-05T17:40:34,37.4,158.3,202.3,0.2,12600.0,240.6
2019-02-05T17:41:06,37.4,138.2,225.4,0.2,12600.0,240.6
2019-02-05T17:41:37,37.2,135.8,220.6,0.2,12600.0,240.6
2019-02-05T17:42:08,37.1,157.7,199.3,0.2,12600.0,240.6
2019-02-05T17:42:39,37.0,178.9,178.0,0.2,12600.0,240.6
2019-02-05T17:43:10,37.0,200.2,157.3,0.2,12600.0,242.5
2019-02-05T17:43:41,37.0,199.0,169.1,0.2,12600.0,239.6
2019-02-05T17:44:12,36.9,177.8,191.6,0.2,12600.0,240.6
2019-02-05T17:44:43,36.9,157.7,213.5,0.2,12600.0,240.6
2019-02-05T17:45:14,36.9,140.0,232.4,0.2,12600.0,240.6
2019-02-05T17:45:45,36.9,161.8,211.7,0.2,12600.0,241.5
2019-02-05T17:46:17,36.8,183.1,191.0,0.2,12600.0,242.5
2019-02-05T17:46:48,36.8,203.7,170.3,0.2,12600.0,241.5
2019-02-05T17:47:19,36.8,198.4,170.9,0.2,12600.0,242.5
2019-02-05T17:47:50,36.7,178.3,194.0,0.2,12600.0,241.5
2019-02-05T17:48:21,36.7,157.7,217.1,0.3,12610.0,241.5
2019-02-05T17:48:52,36.7,137.6,237.2,0.3,12610.0,242.5
2019-02-05T17:49:23,36.7,160.0,216.5,0.2,12610.0,243.5
2019-02-05T17:49:54,36.5,180.7,195.8,0.2,12610.0,243.5
2019-02-05T17:50:25,36.5,202.6,212.3,0.2,12610.0,242.5
2019-02-05T17:50:56,36.4,193.7,233.0,0.2,12610.0,242.5
2019-02-05T17:51:28,36.3,173.6,214.7,0.2,12610.0,242.5
2019-02-05T17:51:59,36.3,183.1,210.6,0.2,12610.0,240.6
2019-02-05T17:52:30,36.3,203.2,227.7,0.2,12610.0,238.6
2019-02-05T17:53:01,36.3,192.5,206.4,0.2,12610.0,241.5
2019-02-05T17:53:32,36.3,173.0,206.4,0.2,12610.0,241.5
2019-02-05T17:54:03,36.2,151.2,225.9,0.2,12610.0,241.5
2019-02-05T17:54:34,36.2,137.0,215.9,0.3,12610.0,238.6
2019-02-05T17:55:05,36.1,157.7,195.8,0.3,12620.0,240.6
2019-02-05T17:55:36,36.1,180.1,185.1,0.2,12620.0,242.5
2019-02-05T17:56:08,36.1,200.2,207.6,0.2,12620.0,241.5
2019-02-05T17:56:39,36.1,197.3,228.3,0.2,12620.0,240.6
2019-02-05T17:57:10,36.1,175.4,220.6,0.2,12620.0,241.5
2019-02-05T17:57:41,36.1,155.3,201.1,0.3,12620.0,242.5
2019-02-05T17:58:12,36.1,157.1,180.4,0.2,12620.0,241.5
2019-02-05T17:58:43,36.1,178.9,159.7,0.3,12620.0,242.5
2019-02-05T17:59:14,36.0,165.9,145.5,0.3,12620.0,241.5
2019-02-05T17:59:45,36.0,156.5,170.3,0.3,12620.0,242.5
2019-02-05T18:00:16,36.0,178.3,194.6,0.3,12620.0,243.5
2019-02-05T18:00:47,36.0,200.2,217.7,0.3,12620.0,242.5
2019-02-05T18:01:19,36.0,205.5,237.2,0.3,12630.0,243.5
2019-02-05T18:01:50,35.9,185.4,215.9,0.3,12630.0,243.5
2019-02-05T18:02:21,35.9,164.2,197.5,0.4,12630.0,244.4
2019-02-05T18:02:52,35.9,143.5,219.4,0.4,12630.0,242.5
2019-02-05T18:03:23,35.9,161.2,235.4,0.4,12630.0,243.5
2019-02-05T18:03:54,35.9,183.1,212.3,0.3,12630.0,243.5
2019-02-05T18:04:25,35.7,203.7,228.3,0.3,12630.0,244.4
2019-02-05T18:04:56,35.7,199.0,211.7,0.3,12630.0,243.5
2019-02-05T18:05:27,35.7,177.8,225.4,0.3,12630.0,244.4
2019-02-05T18:05:58,35.7,183.1,215.3,0.2,12640.0,244.4
2019-02-05T18:06:30,35.7,203.7,220.0,0.2,12640.0,243.5
2019-02-05T18:07:01,35.7,190.2,221.8,0.2,12640.0,240.6
2019-02-05T18:07:32,35.7,170.7,201.7,0.2,12640.0,242.5
2019-02-05T18:08:03,35.7,171.9,203.5,0.2,12640.0,241.5
2019-02-05T18:08:34,35.6,193.7,209.4,0.2,12640.0,242.5
2019-02-05T18:09:05,35.6,195.5,208.8,0.2,12640.0,240.6
2019-02-05T18:09:36,35.6,173.6,205.2,0.2,12640.0,240.6
2019-02-05T18:10:07,35.6,164.2,225.9,0.2,12640.0,241.5
2019-02-05T18:10:38,35.6,184.8,215.3,0.2,12640.0,238.6
2019-02-05T18:11:10,35.6,204.9,204.1,0.1,12640.0,239.6
2019-02-05T18:11:41,35.5,189.6,224.8,0.2,12640.0,239.6
2019-02-05T18:12:12,35.5,170.1,214.1,0.2,12640.0,239.6
2019-02-05T18:12:43,35.5,149.4,202.3,0.2,12640.0,238.6
2019-02-05T18:13:14,35.5,166.5,223.0,0.1,12650.0,238.6
2019-02-05T18:13:45,35.5,187.8,218.8,0.1,12650.0,238.6
2019-02-05T18:14:16,35.6,206.7,197.5,0.1,12650.0,238.6
2019-02-05T18:14:47,35.5,183.1,177.4,0.1,12650.0,237.7
2019-02-05T18:15:18,35.5,161.8,199.3,0.1,12650.0,238.6
2019-02-05T18:15:49,35.5,158.3,221.2,0.1,12650.0,236.7
2019-02-05T18:16:21,35.5,180.1,213.5,0.1,12650.0,236.7
2019-02-05T18:16:52,35.5,198.4,194.6,0.1,12650.0,236.7
2019-02-05T18:17:23,35.4,190.2,180.4,0.1,12650.0,236.7
2019-02-05T18:17:54,35.4,168.9,202.3,0.1,12650.0,235.7
2019-02-05T18:18:25,35.4,147.6,223.0,0.1,12650.0,235.7
2019-02-05T18:18:56,35.4,128.1,211.7,0.1,12650.0,237.7
2019-02-05T18:19:27,35.3,144.1,190.4,0.1,12650.0,237.7
2019-02-05T18:19:58,35.3,165.4,169.7,0.1,12650.0,237.7
2019-02-05T18:20:29,35.3,184.8,166.2,0.1,12650.0,234.8
2019-02-05T18:21:00,35.3,198.4,188.1,0.0,12650.0,236.7
2019-02-05T18:21:31,35.3,173.6,209.4,0.1,12650.0,237.7
2019-02-05T18:22:02,35.3,153.5,199.9,0.1,12650.0,237.7
2019-02-05T18:22:33,35.2,154.1,179.8,0.1,12650.0,236.7
2019-02-05T18:23:04,35.2,177.8,183.3,0.1,12650.0,236.7
2019-02-05T18:23:35,35.2,197.3,203.5,0.0,12650.0,236.7
2019-02-05T18:24:06,35.2,183.7,222.4,0.0,12650.0,235.7
2019-02-05T18:24:37,35.0,163.6,199.9,0.1,12650.0,237.7
2019-02-05T18:25:08,35.0,143.5,180.4,0.1,12650.0,237.7
2019-02-05T18:25:40,34.9,134.6,160.3,0.1,12650.0,237.7
2019-02-05T18:26:11,34.9,156.5,181.0,0.1,12650.0,236.7
2019-02-05T18:26:42,34.9,179.5,201.7,0.0,12650.0,237.7
2019-02-05T18:27:13,34.8,198.4,221.8,0.0,12650.0,236.7
2019-02-05T18:27:44,34.8,197.3,200.5,0.0,12650.0,235.7
2019-02-05T18:28:15,34.8,182.5,181.6,0.0,12650.0,234.8
2019-02-05T18:28:46,34.8,161.2,161.5,0.0,12650.0,236.7
2019-02-05T18:29:17,34.8,139.4,140.2,0.0,12650.0,235.7
2019-02-05T18:29:48,34.8,121.0,154.4,0.0,12650.0,236.7
2019-02-05T18:30:19,34.8,102.7,174.5,0.0,12650.0,235.7
2019-02-05T18:30:51,34.8,124.6,197.0,0.0,12650.0,235.7
2019-02-05T18:31:22,34.7,145.3,214.7,0.0,12650.0,236.7
2019-02-05T18:31:53,34.7,164.2,208.2,0.0,12650.0,235.7
2019-02-05T18:32:24,34.6,186.6,191.0,0.0,12650.0,236.7
2019-02-05T18:32:55,34.6,189.6,165.0,0.0,12650.0,234.8
2019-02-05T18:33:26,34.6,188.4,214.1,0.0,12650.0,234.8
2019-02-05T18:33:57,34.5,187.2,208.8,0.0,12650.0,234.8
2019-02-05T18:34:28,34.5,186.0,205.8,0.0,12650.0,236.7
2019-02-05T18:34:59,34.5,184.3,201.7,0.0,12650.0,234.8
2019-02-05T18:35:30,34.4,182.5,197.0,0.0,12650.0,235.7
2019-02-05T18:36:02,34.4,180.7,189.3,0.0,12650.0,236.7
2019-02-05T18:36:33,34.4,178.3,182.2,0.0,12650.0,235.7
2019-02-05T18:37:04,34.2,172.4,172.7,0.0,12650.0,235.7
2019-02-05T18:37:35,34.1,131.7,161.5,0.0,12650.0,234.8
2019-02-05T18:38:06,34.1,138.8,139.0,0.0,12650.0,235.7
2019-02-05T18:38:37,34.0,96.2,96.4,0.0,12650.0,234.8
