2019-02-10T06:35:28,30.3,189.6,228.9,0.4,60.0,240.6
2019-02-10T06:36:00,30.3,179.5,230.1,0.4,60.0,241.5
2019-02-10T06:36:31,30.4,200.8,210.6,0.4,60.0,240.6
2019-02-10T06:37:02,30.3,207.9,192.8,0.3,60.0,239.6
2019-02-10T06:37:33,30.4,186.0,214.1,0.4,60.0,239.6
2019-02-10T06:38:04,30.4,177.8,234.2,0.5,70.0,240.6
2019-02-10T06:38:35,30.4,202.0,229.5,0.4,70.0,241.5
2019-02-10T06:39:06,30.5,203.2,208.2,0.4,70.0,240.6
2019-02-10T06:39:37,30.5,180.7,207.0,0.5,70.0,241.5
2019-02-10T06:40:08,30.5,203.7,228.9,0.4,70.0,240.6
2019-02-10T06:40:40,30.5,201.4,231.9,0.5,70.0,240.6
2019-02-10T06:41:11,30.5,210.2,211.2,0.3,70.0,240.6
2019-02-10T06:41:42,30.5,196.7,212.9,0.4,70.0,240.6
2019-02-10T06:42:13,30.7,199.6,221.2,0.4,70.0,240.6
2019-02-10T06:42:44,30.7,194.9,201.1,0.4,80.0,241.5
2019-02-10T06:43:15,30.7,180.7,214.1,0.4,80.0,241.5
2019-02-10T06:43:46,30.7,202.0,234.8,0.4,80.0,241.5
2019-02-10T06:44:17,30.8,206.7,224.2,0.4,80.0,242.5
2019-02-10T06:44:48,30.8,184.8,203.5,0.5,80.0,238.6
2019-02-10T06:45:19,30.8,180.7,198.1,0.4,80.0,239.6
2019-02-10T06:45:51,30.8,203.7,221.2,0.4,80.0,240.6
2019-02-10T06:46:22,30.8,205.5,241.9,0.4,80.0,241.5
2019-02-10T06:46:53,30.9,183.1,221.8,0.4,90.0,244.4
2019-02-10T06:47:24,30.9,199.6,199.9,0.5,90.0,242.5
2019-02-10T06:47:55,30.9,207.9,221.8,0.4,90.0,243.5
2019-02-10T06:48:26,30.9,185.4,238.4,0.5,90.0,243.5
2019-02-10T06:48:57,30.9,190.2,216.5,0.4,90.0,242.5
2019-02-10T06:49:28,31.0,209.7,196.4,0.4,90.0,241.5
2019-02-10T06:49:59,31.0,197.8,214.1,0.4,90.0,241.5
2019-02-10T06:50:30,31.0,211.4,198.1,0.4,90.0,244.4
2019-02-10T06:51:02,31.1,202.0,217.7,0.5,90.0,244.4
2019-02-10T06:51:33,31.0,184.3,199.3,0.5,100.0,244.4
2019-02-10T06:52:04,31.0,196.7,214.1,0.4,100.0,243.5
2019-02-10T06:52:35,31.1,210.2,234.8,0.4,100.0,243.5
2019-02-10T06:53:06,31.1,187.8,225.4,0.5,100.0,244.4
2019-02-10T06:53:37,31.1,186.0,205.2,0.5,100.0,243.5
2019-02-10T06:54:08,31.1,207.9,200.5,0.4,100.0,242.5
2019-02-10T06:54:39,31.1,200.8,221.8,0.4,100.0,242.5
2019-02-10T06:55:10,31.1,183.1,241.9,0.5,100.0,241.5
2019-02-10T06:55:41,31.2,204.9,221.8,0.5,110.0,242.5
2019-02-10T06:56:13,31.2,200.8,201.1,0.4,110.0,241.5
2019-02-10T06:56:44,31.2,179.5,202.3,0.5,110.0,243.5
2019-02-10T06:57:15,31.2,197.8,224.2,0.5,110.0,243.5
2019-02-10T06:57:46,31.2,211.4,241.9,0.4,110.0,242.5
2019-02-10T06:58:17,31.2,189.6,218.8,0.5,110.0,243.5
2019-02-10T06:58:48,31.2,176.0,211.7,0.5,110.0,241.5
2019-02-10T06:59:19,31.2,196.1,199.9,0.5,110.0,242.5
2019-02-10T06:59:50,31.4,203.7,222.4,0.5,120.0,240.6
2019-02-10T07:00:21,31.4,210.2,231.3,0.5,120.0,241.5
2019-02-10T07:00:52,31.4,194.3,224.2,0.5,120.0,242.5
2019-02-10T07:01:24,31.4,179.5,204.1,0.5,120.0,242.5
2019-02-10T07:01:55,31.4,200.8,215.9,0.5,120.0,242.5
2019-02-10T07:02:26,31.4,209.1,236.0,0.4,120.0,241.5
2019-02-10T07:02:57,31.4,186.6,224.2,0.5,120.0,242.5
2019-02-10T07:03:28,31.4,202.0,202.9,0.5,130.0,241.5
2019-02-10T07:03:59,31.5,201.4,202.9,0.5,130.0,241.5
2019-02-10T07:04:30,31.5,180.7,226.5,0.5,130.0,241.5
2019-02-10T07:05:01,31.5,196.7,235.4,0.5,130.0,241.5
2019-02-10T07:05:33,31.5,212.0,212.9,0.5,130.0,241.5
2019-02-10T07:06:04,31.6,189.6,199.9,0.5,130.0,242.5
2019-02-10T07:06:35,31.6,183.7,221.2,0.5,130.0,240.6
2019-02-10T07:07:06,31.6,206.7,239.0,0.5,140.0,240.6
2019-02-10T07:07:37,31.6,194.3,216.5,0.5,140.0,241.5
2019-02-10T07:08:08,31.7,190.2,196.4,0.5,140.0,240.6
2019-02-10T07:08:39,31.7,212.6,218.8,0.4,140.0,237.7
2019-02-10T07:09:10,31.7,191.9,241.3,0.5,140.0,238.6
2019-02-10T07:09:41,31.7,208.5,219.4,0.5,140.0,237.7
2019-02-10T07:10:12,31.8,192.5,205.8,0.5,140.0,237.7
2019-02-10T07:10:44,31.8,209.7,227.7,0.5,150.0,236.7
2019-02-10T07:11:15,31.8,197.3,240.1,0.5,150.0,238.6
2019-02-10T07:11:46,31.8,194.9,217.1,0.5,150.0,238.6
2019-02-10T07:12:17,31.8,213.8,198.1,0.5,150.0,239.6
2019-02-10T07:12:48,31.9,191.3,215.9,0.5,150.0,239.6
2019-02-10T07:13:19,31.9,186.6,237.8,0.6,150.0,239.6
2019-02-10T07:13:50,31.9,208.5,226.5,0.5,150.0,239.6
2019-02-10T07:14:21,31.9,196.7,205.2,0.6,160.0,239.6
2019-02-10T07:14:52,31.9,191.3,208.2,0.6,160.0,238.6
2019-02-10T07:15:23,32.0,213.2,228.9,0.5,160.0,240.6
2019-02-10T07:15:55,32.0,191.3,236.6,0.6,160.0,239.6
2019-02-10T07:16:26,32.0,204.3,214.1,0.6,160.0,240.6
2019-02-10T07:16:57,32.0,206.7,212.9,0.6,170.0,238.6
2019-02-10T07:17:28,32.2,201.4,235.4,0.6,170.0,240.6
2019-02-10T07:17:59,32.2,192.5,225.9,0.6,170.0,239.6
2019-02-10T07:18:30,32.2,207.9,220.6,0.6,170.0,238.6
2019-02-10T07:19:01,32.2,202.0,241.9,0.7,170.0,242.5
2019-02-10T07:19:32,32.2,202.0,221.2,0.7,170.0,241.5
2019-02-10T07:20:03,32.3,207.3,203.5,0.6,180.0,239.6
2019-02-10T07:20:35,32.3,188.4,227.1,0.6,180.0,238.6
2019-02-10T07:21:06,32.3,186.6,237.2,0.7,180.0,239.6
2019-02-10T07:21:37,32.3,210.2,214.1,0.6,180.0,240.6
2019-02-10T07:22:08,32.3,200.2,225.4,0.7,180.0,240.6
2019-02-10T07:22:39,32.4,206.7,240.7,0.6,190.0,240.6
2019-02-10T07:23:10,32.4,203.7,217.7,0.7,190.0,241.5
2019-02-10T07:23:41,32.4,210.8,220.0,0.7,190.0,241.5
2019-02-10T07:24:12,32.4,196.7,241.3,0.7,190.0,242.5
2019-02-10T07:24:43,32.5,210.2,218.3,0.7,190.0,242.5
2019-02-10T07:25:14,32.5,199.0,217.1,0.7,200.0,242.5
2019-02-10T07:25:46,32.5,209.7,239.0,0.7,200.0,241.5
2019-02-10T07:26:17,32.5,202.0,224.2,0.7,200.0,241.5
2019-02-10T07:26:48,32.6,209.7,221.2,0.8,200.0,240.6
2019-02-10T07:27:19,32.6,200.8,242.5,0.7,210.0,240.6
2019-02-10T07:27:50,32.6,212.6,223.0,0.7,210.0,240.6
2019-02-10T07:28:21,32.7,200.8,214.1,0.7,210.0,240.6
2019-02-10T07:28:52,32.7,204.9,211.2,0.8,210.0,241.5
2019-02-10T07:29:23,32.7,207.9,233.0,0.8,220.0,242.5
2019-02-10T07:29:54,32.7,196.1,231.9,0.8,220.0,241.5
2019-02-10T07:30:25,32.7,210.8,220.6,0.7,220.0,242.5
2019-02-10T07:30:57,32.7,202.0,241.9,0.8,220.0,243.5
2019-02-10T07:31:28,32.7,207.3,221.2,0.8,230.0,243.5
2019-02-10T07:31:59,32.7,201.4,218.3,0.8,230.0,242.5
2019-02-10T07:32:31,32.9,209.7,239.5,0.9,230.0,243.5
2019-02-10T07:33:02,32.9,203.7,224.8,0.9,230.0,241.5
2019-02-10T07:33:33,32.9,207.3,233.0,0.8,240.0,241.5
2019-02-10T07:34:04,33.0,214.4,230.7,0.8,240.0,241.5
2019-02-10T07:34:35,32.9,202.0,219.4,0.8,240.0,242.5
2019-02-10T07:35:06,32.9,208.5,240.1,0.8,250.0,243.5
2019-02-10T07:35:37,32.9,215.0,221.2,0.9,250.0,243.5
2019-02-10T07:36:09,32.9,209.7,220.6,0.8,250.0,243.5
2019-02-10T07:36:40,32.9,210.8,228.3,0.9,250.0,244.4
2019-02-10T07:37:11,32.7,218.5,230.7,0.8,260.0,244.4
2019-02-10T07:37:42,32.7,217.3,216.5,0.8,260.0,244.4
2019-02-10T07:38:13,32.7,215.0,220.0,0.7,260.0,243.5
2019-02-10T07:38:44,32.7,215.6,224.2,0.8,270.0,243.5
2019-02-10T07:39:15,32.7,191.9,237.8,0.9,270.0,243.5
2019-02-10T07:39:46,32.7,170.7,221.2,1.1,270.0,243.5
2019-02-10T07:40:17,32.7,173.6,234.8,1.1,280.0,244.4
2019-02-10T07:40:48,32.9,194.9,227.7,0.9,280.0,242.5
2019-02-10T07:41:20,32.9,180.1,225.4,1.2,280.0,242.5
2019-02-10T07:41:51,33.0,170.7,233.6,1.2,290.0,243.5
2019-02-10T07:42:22,33.0,174.8,212.9,1.2,290.0,244.4
2019-02-10T07:42:53,33.0,176.6,234.8,1.2,290.0,242.5
2019-02-10T07:43:24,33.1,170.1,229.5,1.2,300.0,244.4
2019-02-10T07:43:55,33.1,180.1,225.9,1.1,300.0,244.4
2019-02-10T07:44:26,33.2,168.9,233.0,1.3,300.0,243.5
2019-02-10T07:44:57,33.2,171.3,218.3,1.2,310.0,243.5
2019-02-10T07:45:28,33.2,176.0,239.5,1.2,310.0,241.5
2019-02-10T07:45:59,33.3,173.0,221.2,1.3,310.0,242.5
2019-02-10T07:46:31,33.3,176.0,241.3,1.2,320.0,241.5
2019-02-10T07:47:02,33.3,171.3,218.3,1.3,320.0,242.5
2019-02-10T07:47:33,33.3,192.5,234.2,1.1,320.0,242.5
2019-02-10T07:48:04,33.4,178.3,227.1,1.1,330.0,243.5
2019-02-10T07:48:35,33.4,180.1,224.8,1.1,330.0,242.5
2019-02-10T07:49:06,33.4,157.7,242.5,1.3,340.0,243.5
2019-02-10T07:49:37,33.5,171.3,221.2,1.3,340.0,242.5
2019-02-10T07:50:08,33.5,180.7,234.2,1.3,340.0,242.5
2019-02-10T07:50:39,33.7,184.8,221.2,1.1,350.0,242.5
2019-02-10T07:51:11,33.7,177.2,233.0,1.2,350.0,243.5
2019-02-10T07:51:42,33.7,178.3,225.9,1.2,360.0,240.6
2019-02-10T07:52:13,33.7,178.3,233.0,1.2,360.0,239.6
2019-02-10T07:52:44,33.8,178.3,227.7,1.3,360.0,238.6
2019-02-10T07:53:15,33.8,164.2,227.7,1.2,370.0,240.6
2019-02-10T07:53:46,33.8,170.7,228.9,1.2,370.0,238.6
2019-02-10T07:54:17,33.9,171.3,216.5,1.2,380.0,240.6
2019-02-10T07:54:48,33.9,194.9,239.5,1.2,380.0,240.6
2019-02-10T07:55:19,33.9,176.6,221.2,1.2,390.0,241.5
2019-02-10T07:55:50,33.9,161.8,237.8,1.4,390.0,241.5
2019-02-10T07:56:22,33.9,168.9,221.2,1.4,390.0,241.5
2019-02-10T07:56:53,33.9,174.8,237.2,1.3,400.0,241.5
2019-02-10T07:57:24,34.0,163.6,223.0,1.3,400.0,241.5
2019-02-10T07:57:55,34.0,167.7,231.3,1.5,410.0,239.6
2019-02-10T07:58:26,34.0,168.9,227.7,1.4,410.0,241.5
2019-02-10T07:58:57,34.0,188.4,225.9,1.3,420.0,241.5
2019-02-10T07:59:28,34.0,181.9,230.1,1.5,420.0,241.5
2019-02-10T07:59:59,34.0,182.5,228.9,1.4,430.0,240.6
2019-02-10T08:00:30,34.1,177.8,231.3,1.5,430.0,241.5
2019-02-10T08:01:01,34.1,179.5,227.7,1.3,440.0,242.5
2019-02-10T08:01:32,34.2,172.4,230.7,1.5,440.0,240.6
2019-02-10T08:02:03,34.2,187.8,236.6,1.3,450.0,240.6
2019-02-10T08:02:34,34.4,183.1,235.4,1.4,450.0,241.5
2019-02-10T08:03:05,34.4,173.0,235.4,1.7,460.0,240.6
2019-02-10T08:03:36,34.4,180.1,227.7,1.6,460.0,239.6
2019-02-10T08:04:07,34.5,184.8,230.1,1.6,470.0,242.5
2019-02-10T08:04:38,34.4,184.8,227.1,1.6,470.0,242.5
2019-02-10T08:05:09,34.4,189.0,231.9,1.6,480.0,241.5
2019-02-10T08:05:41,34.4,183.1,221.2,1.8,480.0,241.5
2019-02-10T08:06:12,34.5,187.8,233.0,1.6,490.0,239.6
2019-02-10T08:06:43,34.6,189.6,227.7,1.6,490.0,242.5
2019-02-10T08:07:14,34.6,191.3,234.8,1.6,500.0,242.5
2019-02-10T08:07:45,34.6,180.1,221.2,1.7,510.0,243.5
2019-02-10T08:08:16,34.7,190.8,234.2,1.7,510.0,244.4
2019-02-10T08:08:47,34.7,187.8,220.6,1.6,520.0,244.4
2019-02-10T08:09:18,34.7,177.8,236.0,1.8,520.0,242.5
2019-02-10T08:09:49,34.7,183.7,217.7,1.8,530.0,242.5
2019-02-10T08:10:20,34.7,184.8,239.0,1.6,530.0,242.5
2019-02-10T08:10:52,34.7,176.0,218.3,1.9,540.0,244.4
2019-02-10T08:11:23,34.7,174.2,237.2,2.0,550.0,243.5
2019-02-10T08:11:54,34.7,181.3,226.5,1.8,550.0,243.5
2019-02-10T08:12:25,34.7,183.7,230.1,1.8,560.0,243.5
2019-02-10T08:12:56,34.8,178.3,231.3,2.0,570.0,242.5
2019-02-10T08:13:27,34.8,177.2,223.6,1.9,570.0,240.6
2019-02-10T08:13:58,34.9,176.6,234.8,1.9,580.0,242.5
2019-02-10T08:14:29,35.0,173.0,219.4,1.9,580.0,242.5
2019-02-10T08:15:00,35.0,175.4,234.8,2.0,590.0,243.5
2019-02-10T08:15:32,35.0,177.8,220.0,2.0,600.0,243.5
2019-02-10T08:16:03,35.2,180.1,233.0,2.0,600.0,242.5
2019-02-10T08:16:34,35.2,178.9,224.8,1.9,610.0,241.5
2019-02-10T08:17:05,35.2,178.9,232.4,2.1,620.0,241.5
2019-02-10T08:17:36,35.2,176.6,228.9,2.1,620.0,241.5
2019-02-10T08:18:07,35.3,177.8,223.6,2.0,630.0,241.5
2019-02-10T08:18:38,35.3,175.4,221.8,2.1,640.0,242.5
2019-02-10T08:19:09,35.3,186.0,230.1,2.1,640.0,242.5
2019-02-10T08:19:40,35.3,193.7,215.3,2.0,650.0,245.4
2019-02-10T08:20:11,35.3,188.4,233.6,2.1,660.0,247.3
2019-02-10T08:20:43,35.3,179.5,224.8,2.2,670.0,243.5
2019-02-10T08:21:14,35.4,181.9,223.0,2.2,670.0,246.4
2019-02-10T08:21:45,35.2,185.4,231.9,2.1,680.0,246.4
2019-02-10T08:22:16,35.2,179.5,221.2,2.2,690.0,245.4
2019-02-10T08:22:47,35.3,175.4,237.2,2.2,700.0,243.5
2019-02-10T08:23:18,35.4,182.5,221.8,2.1,700.0,246.4
2019-02-10T08:23:49,35.5,177.8,224.8,2.2,710.0,245.4
2019-02-10T08:24:20,35.5,174.8,233.0,2.2,720.0,245.4
2019-02-10T08:24:51,35.6,180.7,220.0,2.2,720.0,245.4
2019-02-10T08:25:22,35.6,177.8,233.6,2.3,730.0,245.4
2019-02-10T08:25:54,35.7,181.9,223.0,2.3,740.0,246.4
2019-02-10T08:26:25,35.9,177.2,223.0,2.4,750.0,243.5
2019-02-10T08:26:56,35.9,173.0,232.4,2.4,760.0,244.4
2019-02-10T08:27:27,36.0,177.8,218.8,2.4,760.0,245.4
2019-02-10T08:27:58,36.0,178.9,229.5,2.4,770.0,244.4
2019-02-10T08:28:29,36.0,177.8,231.3,2.4,780.0,241.5
2019-02-10T08:29:00,36.0,174.8,220.0,2.4,790.0,243.5
2019-02-10T08:29:31,36.1,173.6,230.1,2.5,790.0,243.5
2019-02-10T08:30:02,36.1,180.1,224.8,2.4,800.0,242.5
2019-02-10T08:30:34,36.2,174.2,223.6,2.5,810.0,242.5
2019-02-10T08:31:05,36.2,194.3,231.3,2.3,820.0,243.5
2019-02-10T08:31:36,36.3,190.8,220.0,2.5,830.0,243.5
2019-02-10T08:32:07,36.3,189.6,231.3,2.6,840.0,244.4
2019-02-10T08:32:38,36.3,184.8,228.9,2.6,840.0,244.4
2019-02-10T08:33:09,36.4,187.8,221.2,2.6,850.0,243.5
2019-02-10T08:33:40,36.4,190.2,231.9,2.5,860.0,244.4
2019-02-10T08:34:11,36.4,185.4,230.7,2.7,870.0,244.4
2019-02-10T08:34:42,36.5,189.6,227.1,2.7,880.0,242.5
2019-02-10T08:35:13,36.5,192.5,220.6,2.6,890.0,241.5
2019-02-10T08:35:45,36.4,189.6,230.7,2.5,900.0,242.5
2019-02-10T08:36:16,36.4,186.6,230.1,2.8,910.0,243.5
2019-02-10T08:36:47,36.5,184.3,234.8,2.7,920.0,244.4
2019-02-10T08:37:18,36.5,190.8,227.1,2.6,920.0,244.4
2019-02-10T08:37:49,36.5,191.9,233.0,2.7,930.0,244.4
2019-02-10T08:38:20,36.5,184.8,215.9,2.8,940.0,242.5
2019-02-10T08:38:51,36.5,196.1,215.9,2.7,950.0,243.5
2019-02-10T08:39:22,36.4,194.9,230.1,2.7,960.0,243.5
2019-02-10T08:39:53,36.4,194.9,224.8,2.8,970.0,242.5
2019-02-10T08:40:24,36.4,197.3,223.6,2.8,980.0,243.5
2019-02-10T08:40:56,36.5,203.7,231.3,2.6,990.0,244.4
2019-02-10T08:41:27,36.7,196.7,217.7,2.9,1000.0,243.5
2019-02-10T08:41:58,36.7,199.0,230.7,2.9,1010.0,242.5
2019-02-10T08:42:29,36.7,197.8,229.5,2.9,1020.0,245.4
2019-02-10T08:43:00,36.7,195.5,220.0,2.9,1030.0,242.5
2019-02-10T08:43:31,36.5,197.8,227.7,2.9,1040.0,242.5
2019-02-10T08:44:02,36.5,198.4,227.1,2.9,1050.0,245.4
2019-02-10T08:44:33,36.4,202.6,220.0,2.9,1060.0,244.4
2019-02-10T08:45:04,36.4,200.2,229.5,2.9,1070.0,245.4
2019-02-10T08:45:36,36.4,202.0,226.5,2.9,1080.0,243.5
2019-02-10T08:46:07,36.4,194.9,222.4,3.0,1090.0,245.4
2019-02-10T08:46:38,36.4,199.6,231.9,3.0,1100.0,246.4
2019-02-10T08:47:09,36.5,196.7,218.3,3.0,1110.0,246.4
2019-02-10T08:47:40,36.7,202.6,229.5,3.0,1120.0,244.4
2019-02-10T08:48:11,36.7,204.3,227.1,3.1,1130.0,243.5
2019-02-10T08:48:42,36.8,205.5,221.2,3.2,1140.0,242.5
2019-02-10T08:49:13,36.8,206.1,237.2,3.1,1160.0,243.5
2019-02-10T08:49:44,36.8,209.1,220.0,3.2,1170.0,244.4
2019-02-10T08:50:15,36.9,207.9,228.9,3.2,1180.0,245.4
2019-02-10T08:50:47,36.7,212.6,220.0,3.1,1190.0,242.5
2019-02-10T08:51:18,36.8,204.9,224.2,3.1,1200.0,244.4
2019-02-10T08:51:49,36.9,210.2,228.3,3.2,1210.0,245.4
2019-02-10T08:52:20,36.9,203.2,218.8,3.2,1220.0,246.4
2019-02-10T08:52:51,36.9,209.7,227.1,3.2,1230.0,244.4
2019-02-10T08:53:22,37.0,208.5,225.9,3.2,1240.0,245.4
2019-02-10T08:53:53,37.0,201.4,217.7,3.3,1260.0,246.4
2019-02-10T08:54:24,37.0,196.7,232.4,3.3,1270.0,246.4
2019-02-10T08:54:55,37.0,206.1,221.2,3.4,1280.0,246.4
2019-02-10T08:55:26,37.0,206.1,223.0,3.3,1290.0,246.4
2019-02-10T08:55:58,37.1,206.1,229.5,3.3,1300.0,246.4
2019-02-10T08:56:29,37.2,212.6,227.1,3.2,1310.0,244.4
2019-02-10T08:57:00,37.2,204.9,216.5,3.3,1330.0,246.4
2019-02-10T08:57:31,37.4,199.0,216.5,3.4,1340.0,243.5
2019-02-10T08:58:02,37.4,202.0,222.4,3.2,1350.0,243.5
2019-02-10T08:58:33,37.5,196.1,229.5,3.5,1360.0,243.5
2019-02-10T08:59:04,37.6,200.2,228.9,3.3,1370.0,243.5
2019-02-10T08:59:36,37.6,199.0,215.9,3.4,1380.0,244.4
2019-02-10T09:00:07,37.7,192.5,225.4,3.6,1400.0,245.4
2019-02-10T09:00:38,37.7,191.3,224.2,3.5,1410.0,244.4
2019-02-10T09:01:09,37.8,196.1,223.6,3.6,1420.0,243.5
2019-02-10T09:01:41,37.8,193.7,229.5,3.5,1430.0,243.5
2019-02-10T09:02:12,37.8,194.9,231.3,3.7,1450.0,244.4
2019-02-10T09:02:43,37.9,194.9,222.4,3.7,1460.0,243.5
2019-02-10T09:03:14,37.9,196.7,227.1,3.5,1470.0,243.5
2019-02-10T09:03:45,38.0,191.9,221.2,3.6,1480.0,244.4
2019-02-10T09:04:16,38.0,191.9,230.1,3.8,1490.0,246.4
2019-02-10T09:04:47,38.2,192.5,218.8,3.6,1510.0,245.4
2019-02-10T09:05:18,38.2,195.5,220.6,3.7,1520.0,244.4
2019-02-10T09:05:49,38.3,192.5,228.9,3.7,1530.0,245.4
2019-02-10T09:06:21,38.3,191.3,218.8,3.8,1540.0,244.4
2019-02-10T09:06:52,38.4,195.5,222.4,3.7,1560.0,244.4
2019-02-10T09:07:23,38.4,195.5,221.2,3.8,1570.0,243.5
2019-02-10T09:07:54,38.4,194.9,220.0,3.9,1580.0,242.5
2019-02-10T09:08:25,38.5,197.8,223.0,3.8,1600.0,243.5
2019-02-10T09:08:56,38.5,191.3,230.1,3.8,1610.0,243.5
2019-02-10T09:09:27,38.6,192.5,218.3,2.4,1620.0,243.5
2019-02-10T09:09:58,38.5,198.4,228.9,3.8,1630.0,244.4
2019-02-10T09:10:29,38.5,194.9,217.7,3.9,1650.0,244.4
2019-02-10T09:11:00,38.4,196.7,218.3,3.8,1660.0,242.5
2019-02-10T09:11:31,38.4,192.5,220.0,3.9,1670.0,244.4
2019-02-10T09:12:02,38.2,190.2,231.3,4.0,1690.0,242.5
2019-02-10T09:12:33,37.9,191.9,218.3,3.9,1700.0,242.5
2019-02-10T09:13:04,37.8,193.1,218.3,3.9,1710.0,243.5
2019-02-10T09:13:35,37.9,193.1,219.4,4.0,1730.0,243.5
2019-02-10T09:14:06,37.9,197.3,226.5,4.0,1740.0,244.4
2019-02-10T09:14:37,37.8,197.3,223.6,3.9,1750.0,243.5
2019-02-10T09:15:08,37.9,196.1,214.1,3.9,1770.0,243.5
2019-02-10T09:15:40,38.0,194.3,227.1,4.1,1780.0,245.4
2019-02-10T09:16:11,37.9,194.9,224.8,4.1,1790.0,243.5
2019-02-10T09:16:42,37.9,196.1,215.9,4.1,1810.0,243.5
2019-02-10T09:17:13,37.9,193.7,216.5,4.1,1820.0,244.4
2019-02-10T09:17:44,37.7,191.9,224.2,4.0,1840.0,244.4
2019-02-10T09:18:15,37.7,192.5,223.0,4.1,1850.0,243.5
2019-02-10T09:18:46,37.8,191.3,224.8,4.2,1860.0,245.4
2019-02-10T09:19:17,37.8,191.3,214.1,4.2,1880.0,245.4
2019-02-10T09:19:48,37.9,191.3,218.3,4.1,1890.0,243.5
2019-02-10T09:20:19,37.9,189.0,225.9,4.3,1910.0,245.4
2019-02-10T09:20:51,38.0,192.5,219.4,4.3,1920.0,244.4
2019-02-10T09:21:22,38.0,193.7,214.1,4.1,1930.0,244.4
2019-02-10T09:21:53,38.2,196.1,221.2,4.2,1950.0,245.4
2019-02-10T09:22:24,38.2,190.8,214.7,4.4,1960.0,246.4
2019-02-10T09:22:55,38.2,194.9,214.1,4.2,1980.0,245.4
2019-02-10T09:23:26,38.0,191.3,221.2,4.4,1990.0,245.4
2019-02-10T09:23:57,38.2,192.5,227.1,4.4,2010.0,244.4
2019-02-10T09:24:28,38.3,193.7,215.3,4.4,2020.0,244.4
2019-02-10T09:24:59,38.4,194.9,211.7,4.2,2030.0,240.6
2019-02-10T09:25:30,38.5,193.1,215.9,4.4,2050.0,242.5
2019-02-10T09:26:02,38.6,190.2,223.6,4.4,2060.0,241.5
2019-02-10T09:26:33,38.7,190.2,219.4,4.4,2080.0,244.4
2019-02-10T09:27:04,38.9,191.3,209.4,4.5,2090.0,245.4
2019-02-10T09:27:35,39.0,192.5,217.1,4.4,2110.0,245.4
2019-02-10T09:28:06,39.1,189.6,222.4,4.5,2120.0,244.4
2019-02-10T09:28:37,39.1,190.8,217.7,4.6,2140.0,243.5
2019-02-10T09:29:08,39.2,187.8,208.8,4.6,2150.0,244.4
2019-02-10T09:29:39,39.2,194.9,212.9,4.3,2170.0,244.4
2019-02-10T09:30:10,39.3,192.5,217.1,4.1,2180.0,243.5
2019-02-10T09:30:41,39.2,181.9,224.2,4.7,2200.0,242.5
2019-02-10T09:31:13,39.1,174.8,220.0,4.9,2210.0,244.4
2019-02-10T09:31:44,38.9,180.7,212.3,4.7,2230.0,245.4
2019-02-10T09:32:15,38.7,177.8,217.7,4.9,2240.0,246.4
2019-02-10T09:32:46,38.9,175.4,211.7,5.0,2260.0,244.4
2019-02-10T09:33:17,39.0,175.4,224.8,5.0,2270.0,245.4
2019-02-10T09:33:48,39.0,177.8,221.2,5.0,2290.0,245.4
2019-02-10T09:34:19,39.1,178.3,213.5,5.0,2300.0,243.5
2019-02-10T09:34:50,39.2,180.1,212.3,4.9,2320.0,241.5
2019-02-10T09:35:21,39.3,175.4,220.6,5.0,2340.0,245.4
2019-02-10T09:35:52,39.3,175.4,221.8,5.1,2350.0,245.4
2019-02-10T09:36:24,39.2,179.5,225.4,5.0,2370.0,247.3
2019-02-10T09:36:55,39.2,176.0,220.6,5.0,2380.0,245.4
2019-02-10T09:37:26,39.2,180.1,215.3,5.0,2400.0,248.3
2019-02-10T09:37:57,39.2,176.6,210.6,5.0,2410.0,247.3
2019-02-10T09:38:28,39.2,179.5,213.5,5.0,2430.0,249.3
2019-02-10T09:38:59,39.2,177.8,225.4,5.2,2450.0,248.3
2019-02-10T09:39:30,39.2,176.0,215.3,5.1,2460.0,247.3
2019-02-10T09:40:01,39.2,182.5,208.8,5.1,2480.0,246.4
2019-02-10T09:40:32,39.3,179.5,217.7,5.1,2500.0,247.3
2019-02-10T09:41:04,39.4,175.4,218.3,5.3,2510.0,248.3
2019-02-10T09:41:35,39.3,175.4,220.0,5.5,2530.0,245.4
2019-02-10T09:42:06,39.4,181.3,215.9,5.2,2550.0,247.3
2019-02-10T09:42:37,39.5,180.7,219.4,5.2,2560.0,246.4
2019-02-10T09:43:08,39.7,178.9,220.6,5.4,2580.0,248.3
2019-02-10T09:43:39,39.8,182.5,215.9,5.3,2600.0,248.3
2019-02-10T09:44:10,39.8,178.3,212.9,1.3,2600.0,242.5
2019-02-10T09:44:41,39.8,148.8,183.3,5.9,2610.0,246.4
2019-02-10T09:45:12,39.7,141.7,205.2,6.6,2620.0,247.3
2019-02-10T09:45:43,39.5,175.4,211.7,5.8,2640.0,248.3
2019-02-10T09:46:15,39.7,165.4,219.4,6.2,2660.0,247.3
2019-02-10T09:46:46,39.5,151.8,207.6,5.7,2670.0,246.4
2019-02-10T09:47:17,39.7,144.1,200.5,2.1,2690.0,243.5
2019-02-10T09:47:48,39.7,168.9,205.8,6.2,2700.0,249.3
2019-02-10T09:48:19,39.8,178.3,214.1,5.9,2720.0,247.3
2019-02-10T09:48:50,39.9,174.2,211.7,5.9,2740.0,248.3
2019-02-10T09:49:21,39.7,175.4,211.7,5.9,2750.0,248.3
2019-02-10T09:49:52,39.7,175.4,218.3,6.0,2770.0,249.3
2019-02-10T09:50:23,39.9,177.2,210.0,5.8,2790.0,247.3
2019-02-10T09:50:54,40.0,174.2,215.3,6.0,2810.0,248.3
2019-02-10T09:51:26,40.1,174.8,208.8,6.0,2830.0,247.3
2019-02-10T09:51:57,40.4,177.2,214.1,6.0,2850.0,245.4
2019-02-10T09:52:28,40.4,176.6,217.1,6.1,2870.0,247.3
2019-02-10T09:52:59,40.4,171.9,217.1,1.6,2880.0,242.5
2019-02-10T09:53:30,40.4,163.6,236.0,6.3,2890.0,248.3
2019-02-10T09:54:01,40.4,173.6,210.0,4.4,2910.0,245.4
2019-02-10T09:54:32,40.1,165.4,227.1,1.9,2920.0,244.4
2019-02-10T09:55:03,40.1,164.2,221.8,1.5,2920.0,242.5
2019-02-10T09:55:34,40.1,171.3,207.0,1.2,2930.0,243.5
2019-02-10T09:56:06,40.2,170.7,206.4,1.1,2930.0,243.5
2019-02-10T09:56:37,40.1,193.7,215.9,1.1,2930.0,241.5
2019-02-10T09:57:08,39.9,199.6,221.2,1.3,2940.0,242.5
2019-02-10T09:57:39,39.9,189.6,215.3,1.2,2940.0,240.6
2019-02-10T09:58:10,39.9,180.1,214.1,1.2,2950.0,240.6
2019-02-10T09:58:41,39.9,176.6,218.8,1.2,2950.0,237.7
2019-02-10T09:59:12,39.8,182.5,212.9,1.2,2950.0,238.6
2019-02-10T09:59:43,39.9,205.5,217.1,1.0,2960.0,239.6
2019-02-10T10:00:14,39.9,201.4,220.6,1.0,2960.0,240.6
2019-02-10T10:00:45,39.9,177.8,198.1,1.3,2970.0,240.6
2019-02-10T10:01:17,39.8,172.4,191.0,6.5,2980.0,245.4
2019-02-10T10:01:48,39.9,178.9,225.9,6.6,3000.0,247.3
2019-02-10T10:02:19,39.8,181.9,218.8,6.4,3020.0,245.4
2019-02-10T10:02:50,39.7,172.4,217.1,6.7,3040.0,246.4
2019-02-10T10:03:21,39.7,178.9,217.7,6.3,3060.0,244.4
2019-02-10T10:03:52,39.7,177.8,215.9,6.3,3080.0,246.4
2019-02-10T10:04:23,39.8,176.0,220.0,6.3,3100.0,247.3
2019-02-10T10:04:54,39.9,172.4,217.1,6.4,3120.0,246.4
2019-02-10T10:05:25,40.1,179.5,214.1,6.1,3140.0,245.4
2019-02-10T10:05:56,40.1,170.7,214.7,6.5,3160.0,245.4
2019-02-10T10:06:28,40.4,171.9,214.1,6.5,3180.0,246.4
2019-02-10T10:06:59,40.2,170.7,217.7,6.5,3200.0,246.4
2019-02-10T10:07:30,40.4,174.8,211.7,6.5,3220.0,248.3
2019-02-10T10:08:01,40.5,177.8,205.2,6.3,3240.0,246.4
2019-02-10T10:08:32,40.5,175.4,206.4,6.5,3260.0,247.3
2019-02-10T10:09:03,40.5,156.5,211.2,7.0,3280.0,247.3
2019-02-10T10:09:34,40.7,171.3,210.6,6.6,3300.0,247.3
2019-02-10T10:10:05,40.8,173.0,208.2,6.7,3330.0,244.4
2019-02-10T10:10:36,40.9,171.3,201.1,6.9,3350.0,246.4
2019-02-10T10:11:08,41.0,173.6,207.0,6.7,3370.0,246.4
2019-02-10T10:11:39,41.0,173.6,204.1,6.8,3390.0,247.3
2019-02-10T10:12:10,41.0,174.8,207.0,6.7,3410.0,246.4
2019-02-10T10:12:41,41.0,169.5,199.3,5.1,3430.0,246.4
2019-02-10T10:13:12,41.0,142.9,202.3,7.6,3440.0,244.4
2019-02-10T10:13:43,41.0,141.7,208.2,2.2,3460.0,240.6
2019-02-10T10:14:14,41.0,139.4,194.6,1.9,3460.0,239.6
2019-02-10T10:14:45,40.9,156.5,208.2,1.7,3470.0,239.6
2019-02-10T10:15:16,40.7,181.9,229.5,1.7,3470.0,239.6
2019-02-10T10:15:47,40.7,180.1,205.2,1.6,3480.0,240.6
2019-02-10T10:16:19,40.7,158.9,171.5,4.1,3490.0,242.5
2019-02-10T10:16:50,40.6,167.7,183.3,3.9,3500.0,242.5
2019-02-10T10:17:21,40.7,148.2,176.2,2.1,3510.0,241.5
2019-02-10T10:17:52,40.5,124.0,202.9,7.8,3520.0,247.3
2019-02-10T10:18:23,40.6,164.2,207.0,7.4,3540.0,249.3
2019-02-10T10:18:54,40.7,166.5,221.8,3.8,3560.0,246.4
2019-02-10T10:19:25,40.7,175.4,213.5,2.9,3570.0,243.5
2019-02-10T10:19:56,40.7,172.4,215.9,1.9,3580.0,243.5
2019-02-10T10:20:27,40.6,178.3,214.1,1.5,3580.0,242.5
2019-02-10T10:20:58,40.5,177.8,205.8,1.5,3590.0,242.5
2019-02-10T10:21:30,40.4,168.3,226.5,1.6,3590.0,240.6
2019-02-10T10:22:01,40.2,142.9,197.5,2.2,3600.0,240.6
2019-02-10T10:22:32,40.2,151.8,205.8,3.6,3600.0,241.5
2019-02-10T10:23:03,40.1,167.7,222.4,3.4,3610.0,241.5
2019-02-10T10:23:34,40.1,152.9,221.8,6.1,3630.0,244.4
2019-02-10T10:24:05,40.1,150.6,204.1,3.8,3650.0,244.4
2019-02-10T10:24:36,40.1,143.5,218.8,2.5,3650.0,241.5
2019-02-10T10:25:07,40.2,152.4,215.3,1.9,3660.0,241.5
2019-02-10T10:25:38,40.2,151.8,211.7,1.6,3660.0,240.6
2019-02-10T10:26:10,40.1,172.4,213.5,1.5,3670.0,238.6
2019-02-10T10:26:41,39.9,152.4,214.1,1.5,3670.0,237.7
2019-02-10T10:27:12,39.7,170.7,216.5,1.4,3680.0,237.7
2019-02-10T10:27:43,39.5,191.3,236.0,1.5,3680.0,238.6
2019-02-10T10:28:14,39.5,167.7,230.1,6.0,3690.0,240.6
2019-02-10T10:28:45,39.7,169.5,230.7,7.3,3710.0,243.5
2019-02-10T10:29:16,39.7,171.9,217.7,7.3,3730.0,245.4
2019-02-10T10:29:47,39.7,176.6,215.9,7.4,3760.0,247.3
2019-02-10T10:30:18,39.9,178.9,218.8,7.1,3780.0,246.4
2019-02-10T10:30:49,39.9,158.3,223.0,6.4,3800.0,243.5
2019-02-10T10:31:21,40.1,177.8,217.7,7.1,3820.0,245.4
2019-02-10T10:31:52,40.4,172.4,218.3,7.2,3840.0,247.3
2019-02-10T10:32:23,40.5,174.2,205.2,7.3,3860.0,247.3
2019-02-10T10:32:54,40.6,173.0,217.7,7.4,3890.0,248.3
2019-02-10T10:33:25,40.8,166.5,201.7,7.1,3910.0,245.4
2019-02-10T10:33:56,40.9,165.9,203.5,7.3,3930.0,244.4
2019-02-10T10:34:27,41.0,161.2,220.6,7.0,3950.0,245.4
2019-02-10T10:34:58,41.2,163.6,213.5,2.9,3970.0,243.5
2019-02-10T10:35:29,41.2,172.4,214.1,2.1,3980.0,240.6
2019-02-10T10:36:00,41.0,172.4,185.7,7.1,3990.0,242.5
2019-02-10T10:36:31,41.0,165.9,208.2,7.8,4010.0,246.4
2019-02-10T10:37:02,41.2,158.3,211.2,7.7,4030.0,245.4
2019-02-10T10:37:33,41.4,170.7,208.8,7.4,4060.0,247.3
2019-02-10T10:38:04,41.5,170.7,208.2,7.5,4080.0,246.4
2019-02-10T10:38:35,41.7,172.4,211.2,7.3,4100.0,245.4
2019-02-10T10:39:06,41.9,171.9,208.8,6.8,4120.0,245.4
2019-02-10T10:39:37,42.0,165.9,202.9,7.6,4140.0,247.3
2019-02-10T10:40:08,42.1,164.8,201.1,7.5,4170.0,248.3
2019-02-10T10:40:40,42.1,160.0,201.1,7.6,4190.0,248.3
2019-02-10T10:41:11,42.2,176.6,208.8,6.1,4210.0,247.3
2019-02-10T10:41:42,42.1,174.2,205.2,1.7,4230.0,243.5
2019-02-10T10:42:13,42.1,165.9,211.2,1.8,4230.0,241.5
2019-02-10T10:42:44,42.0,173.6,205.2,1.5,4240.0,241.5
2019-02-10T10:43:15,41.7,176.0,201.1,1.5,4240.0,240.6
2019-02-10T10:43:46,41.7,170.7,211.2,1.5,4250.0,238.6
2019-02-10T10:44:17,41.7,184.8,210.0,1.4,4250.0,239.6
2019-02-10T10:44:48,41.9,194.9,223.0,2.5,4260.0,241.5
2019-02-10T10:45:19,41.6,173.6,227.7,4.9,4270.0,244.4
2019-02-10T10:45:51,41.6,189.0,212.3,6.2,4290.0,246.4
2019-02-10T10:46:22,41.7,180.7,214.1,7.1,4310.0,244.4
2019-02-10T10:46:53,41.9,168.3,205.8,7.1,4340.0,247.3
2019-02-10T10:47:24,42.0,160.6,208.8,7.5,4360.0,247.3
2019-02-10T10:47:55,41.9,154.7,205.8,7.2,4380.0,247.3
2019-02-10T10:48:26,41.7,158.9,210.0,5.2,4400.0,246.4
2019-02-10T10:48:57,41.7,147.6,197.5,7.2,4420.0,246.4
2019-02-10T10:49:28,41.9,160.0,212.3,7.6,4440.0,247.3
2019-02-10T10:49:59,41.7,159.4,208.8,7.6,4460.0,247.3
2019-02-10T10:50:30,41.7,160.0,211.2,7.7,4480.0,247.3
2019-02-10T10:51:02,41.7,167.1,205.8,7.2,4500.0,247.3
2019-02-10T10:51:33,42.0,155.3,200.5,7.8,4530.0,247.3
2019-02-10T10:52:04,42.1,160.0,200.5,6.8,4550.0,247.3
2019-02-10T10:52:35,42.2,160.6,204.1,7.5,4570.0,248.3
2019-02-10T10:53:06,42.4,155.9,208.2,7.7,4590.0,245.4
2019-02-10T10:53:37,42.2,153.5,204.6,7.5,4610.0,246.4
2019-02-10T10:54:08,42.3,152.9,211.7,7.6,4640.0,246.4
2019-02-10T10:54:39,42.4,149.4,199.9,7.9,4660.0,247.3
2019-02-10T10:55:10,42.4,148.8,200.5,8.1,4680.0,245.4
2019-02-10T10:55:41,42.2,158.3,204.6,7.6,4700.0,243.5
2019-02-10T10:56:13,42.1,150.0,204.6,7.6,4720.0,245.4
2019-02-10T10:56:44,42.0,138.8,200.5,7.8,4750.0,245.4
2019-02-10T10:57:15,42.0,144.1,200.5,8.0,4770.0,243.5
2019-02-10T10:57:46,41.7,149.4,199.3,5.9,4790.0,240.6
2019-02-10T10:58:17,41.5,147.6,201.7,1.4,4790.0,239.6
2019-02-10T10:58:48,41.5,155.9,211.7,1.3,4800.0,240.6
2019-02-10T10:59:19,41.6,178.3,199.9,1.2,4800.0,239.6
2019-02-10T10:59:50,41.7,158.3,214.1,1.4,4810.0,237.7
2019-02-10T11:00:21,41.9,178.3,197.5,1.2,4810.0,239.6
2019-02-10T11:00:52,42.0,180.7,220.0,1.2,4810.0,240.6
2019-02-10T11:01:24,0.0,0.0,0.0,0.0,0.0,0.0
2019-02-10T11:01:55,41.7,149.4,206.4,7.6,4850.0,246.4
2019-02-10T11:02:26,41.7,152.9,212.9,8.2,4870.0,246.4
2019-02-10T11:02:57,42.0,157.1,210.0,8.0,4890.0,248.3
2019-02-10T11:03:28,42.0,158.3,214.1,8.0,4920.0,248.3
2019-02-10T11:03:59,42.2,162.4,210.0,7.7,4940.0,248.3
2019-02-10T11:04:30,42.3,163.6,207.0,7.6,4960.0,246.4
2019-02-10T11:05:01,42.2,159.4,204.1,7.7,4980.0,248.3
2019-02-10T11:05:32,42.3,161.8,209.4,7.7,5010.0,247.3
2019-02-10T11:06:04,42.5,150.0,207.6,8.0,5030.0,246.4
2019-02-10T11:06:35,42.4,157.7,201.1,8.1,5050.0,247.3
2019-02-10T11:07:06,42.5,145.9,207.0,8.5,5080.0,249.3
2019-02-10T11:07:37,42.8,152.4,202.9,8.1,5100.0,248.3
2019-02-10T11:08:08,42.8,146.4,198.7,8.4,5120.0,249.3
2019-02-10T11:08:39,42.9,151.8,205.8,8.6,5150.0,246.4
2019-02-10T11:09:10,43.0,144.7,197.0,8.5,5170.0,246.4
2019-02-10T11:09:41,43.1,159.4,195.2,8.0,5200.0,244.4
2019-02-10T11:10:12,43.2,155.3,202.9,7.0,5220.0,241.5
2019-02-10T11:10:43,43.5,171.3,204.6,1.7,5230.0,238.6
2019-02-10T11:11:15,43.5,162.4,202.9,1.7,5230.0,239.6
2019-02-10T11:11:46,43.5,161.8,199.9,1.6,5240.0,240.6
2019-02-10T11:12:17,43.6,176.6,204.6,1.5,5250.0,239.6
2019-02-10T11:12:48,43.6,169.5,210.0,1.6,5250.0,238.6
2019-02-10T11:13:19,43.6,184.8,211.7,1.4,5260.0,237.7
2019-02-10T11:13:50,43.6,199.0,211.7,1.3,5260.0,237.7
2019-02-10T11:14:21,43.5,191.3,202.3,1.3,5270.0,237.7
2019-02-10T11:14:52,43.5,199.0,218.8,1.5,5270.0,236.7
2019-02-10T11:15:23,43.5,205.5,213.5,1.4,5280.0,237.7
2019-02-10T11:15:54,43.5,206.1,211.7,1.5,5290.0,239.6
2019-02-10T11:16:26,43.5,200.8,215.9,1.5,5290.0,241.5
2019-02-10T11:16:57,43.5,206.7,223.6,1.4,5300.0,238.6
2019-02-10T11:17:28,43.4,206.1,211.2,1.4,5310.0,238.6
2019-02-10T11:17:59,43.4,203.7,213.5,1.3,5310.0,239.6
2019-02-10T11:18:30,43.5,198.4,221.8,1.5,5320.0,236.7
2019-02-10T11:19:01,43.5,165.4,250.8,6.0,5330.0,240.6
2019-02-10T11:19:32,43.5,154.7,232.4,8.8,5350.0,245.4
2019-02-10T11:20:03,43.6,158.9,220.0,8.3,5370.0,244.4
2019-02-10T11:20:34,43.7,157.1,227.1,6.3,5400.0,242.5
2019-02-10T11:21:06,43.7,151.2,221.2,4.1,5420.0,244.4
2019-02-10T11:21:37,43.8,140.5,223.0,2.5,5430.0,239.6
2019-02-10T11:22:08,43.8,141.1,208.8,2.1,5440.0,238.6
2019-02-10T11:22:39,43.8,154.7,195.8,2.3,5450.0,240.6
2019-02-10T11:23:10,43.7,178.3,202.3,3.0,5460.0,239.6
2019-02-10T11:23:41,43.8,151.8,234.2,8.2,5470.0,244.4
2019-02-10T11:24:12,43.8,149.4,208.8,8.6,5500.0,245.4
2019-02-10T11:24:43,43.9,150.0,212.9,8.6,5520.0,246.4
2019-02-10T11:25:14,43.9,153.5,211.7,8.2,5550.0,245.4
2019-02-10T11:25:46,44.0,148.8,208.8,8.6,5570.0,244.4
2019-02-10T11:26:17,44.2,152.4,204.1,8.1,5590.0,244.4
2019-02-10T11:26:48,44.2,148.8,204.1,8.2,5620.0,244.4
2019-02-10T11:27:19,44.0,150.6,201.7,8.1,5640.0,243.5
2019-02-10T11:27:50,44.3,145.9,204.1,8.5,5670.0,246.4
2019-02-10T11:28:21,44.4,139.4,205.2,8.3,5690.0,246.4
2019-02-10T11:28:52,44.5,142.3,208.2,8.3,5710.0,244.4
2019-02-10T11:29:23,44.6,144.7,207.0,8.7,5740.0,244.4
2019-02-10T11:29:54,44.6,153.5,207.0,8.5,5760.0,244.4
2019-02-10T11:30:25,44.7,150.0,204.6,7.0,5780.0,243.5
2019-02-10T11:30:57,44.7,137.6,202.3,8.6,5810.0,244.4
2019-02-10T11:31:28,44.9,137.6,201.1,8.5,5830.0,244.4
2019-02-10T11:31:59,45.0,144.7,192.2,2.1,5850.0,238.6
2019-02-10T11:32:30,45.0,148.8,201.1,1.8,5860.0,237.7
2019-02-10T11:33:01,45.0,152.4,198.7,1.7,5860.0,238.6
2019-02-10T11:33:32,45.0,155.9,208.8,1.5,5870.0,235.7
2019-02-10T11:34:03,45.0,158.3,207.0,1.6,5870.0,237.7
2019-02-10T11:34:34,0.0,0.0,0.0,0.0,0.0,0.0
2019-02-10T11:35:05,45.0,181.9,205.2,1.4,5890.0,237.7
2019-02-10T11:35:37,44.9,158.9,205.8,1.7,5890.0,239.6
2019-02-10T11:36:08,44.9,148.8,203.5,1.7,5900.0,240.6
2019-02-10T11:36:39,44.9,151.8,211.7,1.7,5900.0,239.6
2019-02-10T11:37:10,44.9,157.1,202.9,1.8,5910.0,241.5
2019-02-10T11:37:41,44.7,150.0,209.4,1.9,5920.0,241.5
2019-02-10T11:38:12,44.5,169.5,188.1,1.7,5920.0,240.6
2019-02-10T11:38:43,44.3,141.7,154.4,6.0,5930.0,243.5
2019-02-10T11:39:14,44.2,149.4,153.8,8.6,5950.0,244.4
2019-02-10T11:39:45,44.2,143.5,185.7,8.3,5980.0,247.3
2019-02-10T11:40:16,44.2,164.2,183.3,5.6,6000.0,245.4
2019-02-10T11:40:48,44.3,169.5,201.7,6.3,6020.0,248.3
2019-02-10T11:41:19,44.3,170.7,203.5,6.2,6040.0,245.4
2019-02-10T11:41:50,44.4,154.7,202.9,7.2,6060.0,247.3
2019-02-10T11:42:21,44.5,158.9,204.6,7.4,6090.0,246.4
2019-02-10T11:42:52,44.6,155.9,200.5,8.3,6110.0,247.3
2019-02-10T11:43:23,0.0,0.0,0.0,0.0,0.0,0.0
2019-02-10T11:43:54,44.7,163.0,205.8,8.1,6160.0,246.4
2019-02-10T11:44:25,44.6,165.9,204.1,7.8,6180.0,249.3
2019-02-10T11:44:56,44.7,165.4,196.4,7.5,6210.0,247.3
2019-02-10T11:45:27,44.9,160.6,195.8,8.0,6230.0,246.4
2019-02-10T11:45:59,45.0,163.0,199.3,7.5,6260.0,247.3
2019-02-10T11:46:30,45.2,162.4,195.8,7.5,6280.0,248.3
2019-02-10T11:47:01,45.3,141.7,194.6,8.2,6310.0,247.3
2019-02-10T11:47:32,45.4,144.1,201.1,9.1,6330.0,246.4
2019-02-10T11:48:03,0.0,0.0,0.0,0.0,0.0,0.0
2019-02-10T11:48:34,45.7,142.9,192.2,8.3,6380.0,245.4
2019-02-10T11:49:05,45.8,145.9,204.6,7.7,6400.0,245.4
2019-02-10T11:49:36,45.9,129.3,187.5,7.3,6420.0,241.5
2019-02-10T11:50:07,45.9,158.9,203.5,7.3,6440.0,242.5
2019-02-10T11:50:39,46.0,157.7,211.2,2.3,6460.0,238.6
2019-02-10T11:51:10,46.0,164.8,194.6,2.0,6470.0,239.6
2019-02-10T11:51:41,46.0,155.9,212.3,2.1,6470.0,238.6
2019-02-10T11:52:12,0.0,0.0,0.0,0.0,0.0,0.0
2019-02-10T11:52:43,46.0,103.9,152.6,3.1,6490.0,241.5
2019-02-10T11:53:14,46.0,131.1,180.4,3.1,6500.0,239.6
2019-02-10T11:53:45,46.0,140.5,212.3,4.6,6510.0,242.5
2019-02-10T11:54:16,46.0,127.0,217.1,9.8,6530.0,245.4
2019-02-10T11:54:47,46.0,147.6,201.7,9.3,6560.0,247.3
2019-02-10T11:55:18,46.0,156.5,200.5,8.6,6580.0,247.3
2019-02-10T11:55:50,46.1,153.5,205.2,8.8,6610.0,246.4
2019-02-10T11:56:21,46.1,156.5,200.5,8.4,6630.0,246.4
2019-02-10T11:56:52,46.2,154.1,202.3,8.7,6660.0,248.3
2019-02-10T11:57:23,0.0,0.0,0.0,0.0,0.0,0.0
2019-02-10T11:57:54,46.4,156.5,195.8,8.5,6710.0,247.3
2019-02-10T11:58:25,46.5,155.3,199.3,8.7,6730.0,248.3
2019-02-10T11:58:56,46.6,164.2,195.2,5.9,6760.0,248.3
2019-02-10T11:59:27,46.7,161.8,201.7,7.5,6780.0,248.3
2019-02-10T11:59:58,46.7,152.9,199.3,8.3,6800.0,248.3
2019-02-10T12:00:29,46.7,163.6,194.6,7.4,6830.0,249.3
2019-02-10T12:01:01,46.7,176.0,197.0,5.5,6850.0,248.3
2019-02-10T12:01:32,46.7,183.1,195.2,3.3,6870.0,247.3
2019-02-10T12:02:03,46.5,177.2,199.9,4.6,6890.0,248.3
2019-02-10T12:02:34,46.4,170.7,200.5,4.6,6910.0,249.3
2019-02-10T12:03:05,46.5,166.5,191.0,3.8,6930.0,248.3
2019-02-10T12:03:36,46.4,169.5,193.4,4.4,6950.0,248.3
2019-02-10T12:04:07,46.2,147.0,187.5,8.0,6970.0,248.3
2019-02-10T12:04:38,46.2,135.2,195.2,8.7,7000.0,248.3
2019-02-10T12:05:09,46.2,128.7,192.8,9.3,7020.0,247.3
2019-02-10T12:05:40,46.0,132.9,198.1,5.8,7040.0,247.3
2019-02-10T12:06:12,0.0,0.0,0.0,0.0,0.0,0.0
2019-02-10T12:06:43,45.8,135.2,190.4,9.0,7070.0,246.4
2019-02-10T12:07:14,45.9,137.6,195.2,9.1,7100.0,246.4
2019-02-10T12:07:45,46.1,132.9,197.0,8.5,7120.0,246.4
2019-02-10T12:08:16,46.2,136.4,199.3,9.2,7150.0,248.3
2019-02-10T12:08:47,46.1,135.2,199.3,9.2,7170.0,245.4
2019-02-10T12:09:18,46.4,132.3,199.3,8.7,7200.0,247.3
2019-02-10T12:09:49,0.0,0.0,0.0,0.0,0.0,0.0
2019-02-10T12:10:20,46.5,128.1,185.1,7.9,7250.0,243.5
2019-02-10T12:10:51,46.6,116.9,188.7,5.8,7270.0,243.5
2019-02-10T12:11:23,46.7,125.8,205.2,3.3,7280.0,244.4
2019-02-10T12:11:54,46.8,116.9,196.4,2.8,7290.0,245.4
2019-02-10T12:12:25,46.8,125.2,204.1,3.0,7290.0,244.4
2019-02-10T12:12:56,46.8,116.3,244.3,9.6,7310.0,243.5
2019-02-10T12:13:27,46.8,121.0,206.4,9.2,7330.0,244.4
2019-02-10T12:13:58,46.9,121.0,197.5,10.1,7350.0,246.4
2019-02-10T12:14:29,46.9,116.3,202.3,9.4,7380.0,246.4
2019-02-10T12:15:00,47.0,120.5,200.5,10.0,7400.0,246.4
2019-02-10T12:15:31,0.0,0.0,0.0,0.0,0.0,0.0
2019-02-10T12:16:03,0.0,0.0,0.0,0.0,0.0,0.0
2019-02-10T12:16:34,47.3,132.3,186.9,7.5,7470.0,247.3
2019-02-10T12:17:05,46.9,128.1,186.3,7.6,7500.0,245.4
2019-02-10T12:17:36,47.0,137.0,184.5,6.7,7520.0,243.5
2019-02-10T12:18:07,46.8,136.4,187.5,2.7,7530.0,240.6
2019-02-10T12:18:38,46.5,138.2,211.2,2.7,7540.0,239.6
2019-02-10T12:19:09,0.0,0.0,0.0,0.0,0.0,0.0
2019-02-10T12:19:40,46.4,144.7,202.9,2.2,7560.0,240.6
2019-02-10T12:20:11,46.4,149.4,201.7,2.2,7570.0,239.6
2019-02-10T12:20:42,46.4,148.2,208.2,2.2,7570.0,238.6
2019-02-10T12:21:14,0.0,0.0,0.0,0.0,0.0,0.0
2019-02-10T12:21:45,46.2,154.1,199.3,2.1,7590.0,238.6
2019-02-10T12:22:16,46.4,157.1,205.2,2.1,7600.0,238.6
2019-02-10T12:22:47,0.0,0.0,0.0,0.0,0.0,0.0
2019-02-10T12:23:18,46.4,152.9,211.7,2.0,7610.0,237.7
2019-02-10T12:23:49,46.2,165.4,212.9,2.0,7620.0,237.7
2019-02-10T12:24:20,46.1,180.7,209.4,1.7,7620.0,238.6
2019-02-10T12:24:51,46.0,180.1,211.2,1.8,7630.0,238.6
2019-02-10T12:25:22,0.0,0.0,0.0,0.0,0.0,0.0
2019-02-10T12:25:53,46.0,182.5,209.4,1.6,7650.0,236.7
2019-02-10T12:26:25,45.5,181.9,215.9,1.8,7650.0,236.7
2019-02-10T12:26:56,45.3,183.7,208.8,1.7,7660.0,237.7
2019-02-10T12:27:27,45.2,186.0,208.2,1.5,7670.0,237.7
2019-02-10T12:27:58,0.0,0.0,0.0,0.0,0.0,0.0
2019-02-10T12:28:29,45.1,186.6,215.9,1.4,7680.0,237.7
2019-02-10T12:29:00,45.1,182.5,218.8,1.5,7690.0,237.7
2019-02-10T12:29:31,45.1,182.5,215.9,1.5,7690.0,236.7
2019-02-10T12:30:02,45.2,186.6,217.1,1.5,7700.0,236.7
2019-02-10T12:30:33,45.2,183.1,211.2,1.4,7700.0,236.7
2019-02-10T12:31:05,45.2,183.1,215.3,1.4,7710.0,236.7
2019-02-10T12:31:36,45.2,186.0,212.9,1.3,7710.0,235.7
2019-02-10T12:32:07,44.7,173.0,211.7,1.4,7720.0,237.7
2019-02-10T12:32:38,44.6,179.5,208.2,1.3,7720.0,236.7
2019-02-10T12:33:09,44.5,179.5,207.0,1.2,7730.0,237.7
2019-02-10T12:33:40,44.4,177.8,225.9,1.3,7730.0,235.7
2019-02-10T12:34:11,44.3,189.6,201.1,1.3,7740.0,236.7
2019-02-10T12:34:42,44.4,169.5,180.4,1.6,7750.0,236.7
2019-02-10T12:35:13,44.4,144.1,218.8,2.3,7750.0,240.6
2019-02-10T12:35:44,44.3,154.7,246.1,3.9,7770.0,241.5
2019-02-10T12:36:16,44.3,148.8,231.9,2.4,7780.0,241.5
2019-02-10T12:36:47,44.3,161.2,223.6,1.8,7790.0,238.6
2019-02-10T12:37:18,44.4,151.8,215.3,1.8,7800.0,239.6
2019-02-10T12:37:49,44.4,157.7,201.7,1.6,7800.0,237.7
2019-02-10T12:38:20,44.2,180.1,178.0,1.7,7810.0,238.6
2019-02-10T12:38:51,43.8,152.9,211.7,3.6,7820.0,243.5
2019-02-10T12:39:22,43.8,150.0,230.7,3.6,7840.0,242.5
2019-02-10T12:39:53,0.0,0.0,0.0,0.0,0.0,0.0
2019-02-10T12:40:24,43.9,181.3,207.6,2.0,7860.0,238.6
2019-02-10T12:40:55,43.9,181.3,175.7,2.9,7870.0,241.5
2019-02-10T12:41:27,44.0,183.1,173.9,1.9,7890.0,239.6
2019-02-10T12:41:58,44.0,160.0,148.4,3.0,7900.0,243.5
2019-02-10T12:42:29,44.2,160.0,183.3,2.8,7910.0,242.5
2019-02-10T12:43:00,44.0,152.9,207.0,2.4,7930.0,239.6
2019-02-10T12:43:31,44.2,154.1,212.9,3.3,7950.0,242.5
2019-02-10T12:44:02,44.3,157.7,203.5,3.0,7970.0,243.5
2019-02-10T12:44:33,44.3,155.9,195.2,3.2,7990.0,243.5
2019-02-10T12:45:04,44.4,154.1,205.8,3.5,8010.0,244.4
2019-02-10T12:45:35,44.4,155.3,208.2,3.5,8030.0,244.4
2019-02-10T12:46:07,44.5,154.7,204.1,3.6,8050.0,244.4
2019-02-10T12:46:38,44.5,159.4,195.8,2.9,8060.0,243.5
2019-02-10T12:47:09,44.6,151.2,200.5,3.0,8080.0,243.5
2019-02-10T12:47:40,44.6,154.7,201.1,3.3,8100.0,243.5
2019-02-10T12:48:11,44.7,155.9,198.1,2.9,8120.0,242.5
2019-02-10T12:48:42,44.6,150.6,190.4,3.2,8140.0,244.4
2019-02-10T12:49:13,44.7,164.8,192.8,2.8,8160.0,243.5
2019-02-10T12:49:44,44.7,162.4,199.3,2.4,8170.0,244.4
2019-02-10T12:50:15,44.7,166.5,199.9,2.3,8190.0,243.5
2019-02-10T12:50:46,44.6,164.2,199.3,2.2,8210.0,244.4
2019-02-10T12:51:18,44.7,179.5,194.6,1.9,8220.0,242.5
2019-02-10T12:51:49,44.4,171.3,194.6,2.1,8240.0,243.5
2019-02-10T12:52:20,44.4,175.4,197.0,1.8,8260.0,244.4
2019-02-10T12:52:51,44.5,173.0,197.5,2.4,8280.0,241.5
2019-02-10T12:53:22,44.6,166.5,201.7,2.4,8290.0,241.5
2019-02-10T12:53:53,44.7,154.7,197.0,2.3,8310.0,239.6
2019-02-10T12:54:24,44.7,144.1,198.7,2.6,8330.0,240.6
2019-02-10T12:54:55,44.9,146.4,195.8,2.3,8340.0,240.6
2019-02-10T12:55:26,44.9,146.4,190.4,2.4,8360.0,241.5
2019-02-10T12:55:57,45.0,136.4,198.1,2.8,8380.0,241.5
2019-02-10T12:56:29,45.0,138.8,191.0,2.2,8390.0,242.5
2019-02-10T12:57:00,45.1,125.8,194.0,2.4,8410.0,242.5
2019-02-10T12:57:31,45.1,132.9,198.1,2.1,8430.0,243.5
2019-02-10T12:58:02,45.2,133.5,195.2,2.8,8440.0,241.5
2019-02-10T12:58:33,45.2,146.4,195.8,2.1,8460.0,242.5
2019-02-10T12:59:04,45.2,150.0,192.8,1.8,8470.0,242.5
2019-02-10T12:59:35,45.2,146.4,192.2,1.6,8490.0,241.5
2019-02-10T13:00:06,45.3,140.5,192.8,1.8,8500.0,242.5
2019-02-10T13:00:37,0.0,0.0,0.0,0.0,0.0,0.0
2019-02-10T13:01:09,0.0,0.0,0.0,0.0,0.0,0.0
2019-02-10T13:01:40,45.4,150.0,194.0,1.8,8550.0,244.4
2019-02-10T13:02:11,45.2,144.1,192.2,1.5,8570.0,243.5
2019-02-10T13:02:42,0.0,0.0,0.0,0.0,0.0,0.0
2019-02-10T13:03:13,45.3,154.1,195.2,1.5,8600.0,244.4
2019-02-10T13:03:44,45.3,162.4,197.0,1.5,8610.0,243.5
2019-02-10T13:04:15,45.3,172.4,194.0,1.5,8630.0,243.5
2019-02-10T13:04:46,45.4,166.5,186.9,1.4,8640.0,244.4
2019-02-10T13:05:17,45.4,173.0,189.9,1.4,8660.0,243.5
2019-02-10T13:05:48,45.5,163.6,191.6,1.4,8670.0,242.5
2019-02-10T13:06:20,45.4,184.3,195.8,1.2,8690.0,243.5
2019-02-10T13:06:51,45.5,200.8,195.2,1.2,8700.0,243.5
2019-02-10T13:07:22,45.5,215.0,195.8,1.0,8720.0,244.4
2019-02-10T13:07:53,45.5,212.6,191.0,1.1,8730.0,243.5
2019-02-10T13:08:24,45.5,202.6,188.1,1.2,8750.0,244.4
2019-02-10T13:08:55,45.5,217.9,188.7,1.0,8760.0,244.4
2019-02-10T13:09:26,45.7,214.4,192.2,1.1,8780.0,242.5
2019-02-10T13:09:57,45.7,213.8,195.2,1.2,8790.0,242.5
2019-02-10T13:10:28,45.7,215.6,195.8,1.2,8810.0,242.5
2019-02-10T13:10:59,45.7,219.1,192.8,1.2,8820.0,242.5
2019-02-10T13:11:31,0.0,0.0,0.0,0.0,0.0,0.0
2019-02-10T13:12:02,45.8,202.0,192.2,1.3,8860.0,242.5
2019-02-10T13:12:33,45.7,217.3,190.4,1.2,8870.0,242.5
2019-02-10T13:13:04,0.0,0.0,0.0,0.0,0.0,0.0
2019-02-10T13:13:35,45.8,214.4,189.3,1.3,8900.0,244.4
2019-02-10T13:14:06,0.0,0.0,0.0,0.0,0.0,0.0
2019-02-10T13:14:37,45.8,215.0,188.1,1.2,8930.0,241.5
2019-02-10T13:15:08,45.8,218.5,191.6,1.2,8950.0,242.5
2019-02-10T13:15:39,45.9,217.9,195.2,1.2,8960.0,241.5
2019-02-10T13:16:11,45.9,215.0,192.2,1.4,8980.0,242.5
2019-02-10T13:16:42,45.9,218.5,191.6,1.3,8990.0,241.5
2019-02-10T13:17:13,45.8,210.2,195.2,1.4,9010.0,241.5
2019-02-10T13:17:44,45.8,215.6,188.1,1.3,9030.0,241.5
2019-02-10T13:18:15,45.9,213.2,191.6,1.3,9040.0,242.5
2019-02-10T13:18:46,45.9,212.6,188.7,1.4,9060.0,243.5
2019-02-10T13:19:17,45.9,213.2,189.3,1.4,9070.0,242.5
2019-02-10T13:19:48,45.8,209.1,189.9,1.4,9090.0,242.5
2019-02-10T13:20:19,45.9,218.5,188.1,1.3,9100.0,241.5
2019-02-10T13:20:51,45.9,200.8,190.4,1.3,9120.0,241.5
2019-02-10T13:21:22,45.9,218.5,191.0,1.2,9140.0,240.6
2019-02-10T13:21:53,46.0,218.5,185.1,1.2,9150.0,242.5
2019-02-10T13:22:24,46.0,214.4,193.4,0.9,9170.0,237.7
2019-02-10T13:22:55,0.0,0.0,0.0,0.0,0.0,0.0
2019-02-10T13:23:26,45.9,182.5,179.8,1.2,9180.0,238.6
2019-02-10T13:23:57,45.9,171.9,199.3,1.3,9180.0,240.6
2019-02-10T13:24:28,45.9,195.5,209.4,1.2,9190.0,240.6
2019-02-10T13:24:59,45.9,198.4,201.7,1.0,9200.0,237.7
2019-02-10T13:25:30,45.8,194.3,203.5,0.9,9200.0,234.8
2019-02-10T13:26:02,45.8,199.0,204.6,0.9,9210.0,235.7
2019-02-10T13:26:33,45.8,183.7,201.1,0.9,9210.0,235.7
2019-02-10T13:27:04,45.7,197.3,211.7,0.9,9210.0,236.7
2019-02-10T13:27:35,45.7,191.9,214.1,0.9,9220.0,236.7
2019-02-10T13:28:06,45.7,191.9,201.7,1.0,9220.0,235.7
2019-02-10T13:28:37,45.7,170.7,219.4,1.0,9230.0,234.8
2019-02-10T13:29:08,45.5,183.1,201.1,1.1,9230.0,233.8
2019-02-10T13:29:39,45.4,207.3,221.8,1.1,9240.0,233.8
2019-02-10T13:30:10,45.3,208.5,239.0,1.2,9250.0,235.7
2019-02-10T13:30:41,45.3,212.6,208.2,1.2,9250.0,235.7
2019-02-10T13:31:13,45.2,213.2,224.2,1.3,9260.0,237.7
2019-02-10T13:31:44,45.2,202.0,230.1,1.5,9270.0,240.6
2019-02-10T13:32:15,45.2,177.8,212.9,1.8,9280.0,243.5
2019-02-10T13:32:46,45.2,186.6,191.0,1.9,9300.0,244.4
2019-02-10T13:33:17,45.2,191.9,215.3,1.9,9320.0,242.5
2019-02-10T13:33:48,45.2,212.0,205.8,1.8,9340.0,240.6
2019-02-10T13:34:19,45.2,208.5,204.6,1.6,9350.0,241.5
2019-02-10T13:34:50,45.3,206.7,202.9,1.6,9370.0,242.5
2019-02-10T13:35:21,45.3,210.2,205.2,1.4,9390.0,240.6
2019-02-10T13:35:52,45.3,213.2,204.6,1.3,9410.0,242.5
2019-02-10T13:36:24,45.3,204.9,204.6,1.4,9420.0,241.5
2019-02-10T13:36:55,45.3,210.2,202.9,1.3,9440.0,240.6
2019-02-10T13:37:26,0.0,0.0,0.0,0.0,0.0,0.0
2019-02-10T13:37:57,45.4,208.5,194.0,1.3,9470.0,241.5
2019-02-10T13:38:28,45.4,220.9,196.4,1.3,9490.0,240.6
2019-02-10T13:38:59,45.4,217.9,199.9,1.3,9500.0,242.5
2019-02-10T13:39:30,45.5,208.5,202.9,1.3,9520.0,241.5
2019-02-10T13:40:01,45.5,219.7,192.8,1.3,9530.0,242.5
2019-02-10T13:40:32,45.4,214.4,204.1,1.4,9550.0,243.5
2019-02-10T13:41:04,45.1,209.7,189.3,1.3,9570.0,242.5
2019-02-10T13:41:35,45.3,219.7,183.3,1.2,9580.0,242.5
2019-02-10T13:42:06,45.3,197.3,203.5,1.3,9600.0,242.5
2019-02-10T13:42:37,0.0,0.0,0.0,0.0,0.0,0.0
2019-02-10T13:43:08,45.5,209.1,195.2,1.3,9630.0,240.6
2019-02-10T13:43:39,45.5,209.1,197.0,1.4,9640.0,241.5
2019-02-10T13:44:10,45.7,216.2,208.2,1.3,9660.0,240.6
2019-02-10T13:44:41,45.7,219.1,195.8,1.2,9670.0,239.6
2019-02-10T13:45:12,45.8,209.1,192.8,1.3,9690.0,239.6
2019-02-10T13:45:43,45.8,207.3,194.0,1.3,9710.0,239.6
2019-02-10T13:46:15,45.8,213.2,194.6,1.3,9720.0,239.6
2019-02-10T13:46:46,45.5,203.7,189.9,1.4,9740.0,240.6
2019-02-10T13:47:17,45.5,215.6,186.9,1.4,9750.0,241.5
2019-02-10T13:47:48,45.7,204.3,192.2,1.5,9770.0,240.6
2019-02-10T13:48:19,45.7,211.4,198.1,1.5,9780.0,239.6
2019-02-10T13:48:50,45.7,215.0,199.3,1.5,9800.0,239.6
2019-02-10T13:49:21,0.0,0.0,0.0,0.0,0.0,0.0
2019-02-10T13:49:52,45.7,212.6,192.2,1.5,9830.0,239.6
2019-02-10T13:50:23,45.7,207.9,197.0,1.6,9850.0,238.6
2019-02-10T13:50:54,45.7,219.1,192.8,1.6,9870.0,238.6
2019-02-10T13:51:26,45.8,212.6,194.6,1.6,9880.0,240.6
2019-02-10T13:51:57,45.8,217.3,197.5,1.7,9900.0,240.6
2019-02-10T13:52:28,45.9,217.3,191.0,1.6,9920.0,240.6
2019-02-10T13:52:59,45.9,213.8,199.3,1.6,9930.0,239.6
2019-02-10T13:53:30,45.9,217.9,198.1,1.5,9950.0,240.6
2019-02-10T13:54:01,45.9,208.5,197.5,1.5,9970.0,238.6
2019-02-10T13:54:32,45.9,210.2,192.2,1.6,9980.0,238.6
2019-02-10T13:55:03,46.0,212.6,192.2,1.6,10000.0,237.7
2019-02-10T13:55:34,46.0,213.2,192.2,1.4,10020.0,238.6
2019-02-10T13:56:06,45.8,218.5,195.2,1.3,10030.0,237.7
2019-02-10T13:56:37,45.7,212.6,194.6,1.2,10050.0,236.7
2019-02-10T13:57:08,45.7,216.2,197.0,1.2,10060.0,236.7
2019-02-10T13:57:39,45.8,212.0,195.8,1.2,10080.0,235.7
2019-02-10T13:58:10,45.8,217.9,195.2,1.2,10090.0,239.6
2019-02-10T13:58:41,45.7,206.7,195.2,1.2,10110.0,240.6
2019-02-10T13:59:12,45.8,216.7,198.7,1.2,10120.0,240.6
2019-02-10T13:59:43,45.8,215.0,199.9,1.1,10140.0,241.5
2019-02-10T14:00:14,45.8,206.7,199.3,1.1,10150.0,242.5
2019-02-10T14:00:45,0.0,0.0,0.0,0.0,0.0,0.0
2019-02-10T14:01:17,45.9,218.5,195.2,1.1,10180.0,242.5
2019-02-10T14:01:48,45.7,200.8,195.2,1.1,10200.0,242.5
2019-02-10T14:02:19,45.7,216.2,197.0,1.0,10210.0,241.5
2019-02-10T14:02:50,45.7,210.2,195.8,1.0,10230.0,243.5
2019-02-10T14:03:21,45.8,216.7,195.8,0.9,10240.0,242.5
2019-02-10T14:03:52,45.8,202.0,195.8,1.0,10260.0,243.5
2019-02-10T14:04:23,45.7,196.1,195.2,1.0,10270.0,244.4
2019-02-10T14:04:54,45.4,204.9,194.6,1.0,10280.0,241.5
2019-02-10T14:05:25,45.5,216.2,197.0,1.0,10300.0,243.5
2019-02-10T14:05:56,45.5,216.2,195.2,1.0,10310.0,244.4
2019-02-10T14:06:28,45.7,210.8,195.8,0.9,10330.0,243.5
2019-02-10T14:06:59,0.0,0.0,0.0,0.0,0.0,0.0
2019-02-10T14:07:30,45.8,203.7,196.4,0.9,10360.0,243.5
2019-02-10T14:08:01,45.8,197.3,194.0,1.0,10370.0,243.5
2019-02-10T14:08:32,45.8,213.2,195.8,1.0,10380.0,244.4
2019-02-10T14:09:03,45.9,213.2,193.4,0.9,10400.0,243.5
2019-02-10T14:09:34,45.9,210.2,191.6,0.9,10410.0,243.5
2019-02-10T14:10:05,45.9,215.0,195.2,0.9,10430.0,244.4
2019-02-10T14:10:36,45.9,216.7,195.2,0.9,10440.0,243.5
2019-02-10T14:11:08,45.9,212.6,192.8,0.9,10460.0,242.5
2019-02-10T14:11:39,45.9,209.7,192.2,0.9,10470.0,244.4
2019-02-10T14:12:10,45.9,217.9,199.3,0.8,10480.0,244.4
2019-02-10T14:12:41,45.9,212.0,194.0,1.0,10500.0,244.4
2019-02-10T14:13:12,0.0,0.0,0.0,0.0,0.0,0.0
2019-02-10T14:13:43,0.0,0.0,0.0,0.0,0.0,0.0
2019-02-10T14:14:14,0.0,0.0,0.0,0.0,0.0,0.0
2019-02-10T14:14:45,45.5,212.6,197.5,0.8,10550.0,244.4
2019-02-10T14:15:16,0.0,0.0,0.0,0.0,0.0,0.0
2019-02-10T14:15:47,45.7,215.0,194.0,0.9,10580.0,244.4
2019-02-10T14:16:19,45.7,209.1,192.2,0.9,10600.0,245.4
2019-02-10T14:16:50,45.7,215.0,198.7,0.9,10610.0,243.5
2019-02-10T14:17:21,45.5,219.1,199.3,0.8,10630.0,243.5
2019-02-10T14:17:52,45.7,216.2,198.1,0.9,10640.0,244.4
2019-02-10T14:18:23,45.5,203.2,194.0,0.8,10650.0,243.5
2019-02-10T14:18:54,45.5,206.1,197.5,0.8,10670.0,242.5
2019-02-10T14:19:25,45.5,211.4,201.7,0.8,10680.0,243.5
2019-02-10T14:19:56,0.0,0.0,0.0,0.0,0.0,0.0
2019-02-10T14:20:27,45.5,213.2,202.9,0.9,10710.0,244.4
2019-02-10T14:20:58,45.5,208.5,201.1,0.9,10720.0,245.4
2019-02-10T14:21:30,45.5,209.7,202.9,0.8,10740.0,244.4
2019-02-10T14:22:01,45.5,215.0,202.3,0.8,10750.0,243.5
2019-02-10T14:22:32,45.7,208.5,202.3,0.8,10760.0,243.5
2019-02-10T14:23:03,45.7,208.5,198.7,0.9,10780.0,243.5
2019-02-10T14:23:34,45.7,211.4,195.2,0.8,10790.0,244.4
2019-02-10T14:24:05,0.0,0.0,0.0,0.0,0.0,0.0
2019-02-10T14:24:36,45.7,212.0,195.2,0.8,10820.0,244.4
2019-02-10T14:25:07,45.7,218.5,197.0,0.8,10830.0,244.4
2019-02-10T14:25:38,45.7,203.2,194.0,0.9,10850.0,244.4
2019-02-10T14:26:10,45.7,211.4,195.2,0.9,10860.0,244.4
2019-02-10T14:26:41,45.7,202.0,194.6,0.8,10870.0,244.4
2019-02-10T14:27:12,45.7,201.4,198.1,0.9,10890.0,245.4
2019-02-10T14:27:43,45.7,193.1,199.3,0.9,10900.0,244.4
2019-02-10T14:28:14,45.7,207.9,198.1,0.8,10910.0,244.4
2019-02-10T14:28:45,45.5,201.4,204.1,0.8,10930.0,244.4
2019-02-10T14:29:16,45.5,213.2,204.6,0.9,10940.0,244.4
2019-02-10T14:29:47,45.4,215.6,201.7,0.9,10960.0,244.4
2019-02-10T14:30:18,45.4,202.0,199.3,0.9,10970.0,243.5
2019-02-10T14:30:49,45.3,215.0,197.5,0.9,10980.0,243.5
2019-02-10T14:31:21,45.4,207.9,204.6,0.9,11000.0,244.4
2019-02-10T14:31:52,45.3,206.7,197.0,0.8,11010.0,244.4
2019-02-10T14:32:23,45.4,207.9,192.8,0.9,11020.0,243.5
2019-02-10T14:32:54,45.4,215.0,197.0,0.8,11040.0,243.5
2019-02-10T14:33:25,45.5,206.1,195.2,0.8,11050.0,244.4
2019-02-10T14:33:56,45.4,204.9,202.3,0.8,11070.0,243.5
2019-02-10T14:34:27,45.5,209.7,204.1,0.8,11080.0,245.4
2019-02-10T14:34:58,0.0,0.0,0.0,0.0,0.0,0.0
2019-02-10T14:35:29,45.5,210.8,201.7,0.7,11110.0,244.4
2019-02-10T14:36:00,45.5,210.8,198.1,0.8,11120.0,243.5
2019-02-10T14:36:31,45.5,215.0,196.4,0.8,11130.0,244.4
2019-02-10T14:37:02,45.5,207.9,198.1,0.9,11150.0,244.4
2019-02-10T14:37:33,45.7,207.9,199.9,0.7,11160.0,244.4
2019-02-10T14:38:04,45.7,211.4,204.1,0.8,11170.0,243.5
2019-02-10T14:38:35,45.7,215.6,201.7,0.7,11190.0,242.5
2019-02-10T14:39:06,45.7,210.8,204.1,0.7,11200.0,243.5
2019-02-10T14:39:37,45.5,204.3,199.3,0.9,11210.0,243.5
2019-02-10T14:40:08,45.4,214.4,199.9,0.8,11230.0,240.6
2019-02-10T14:40:40,45.5,204.3,199.3,0.9,11240.0,242.5
2019-02-10T14:41:11,45.5,212.6,202.3,0.9,11250.0,240.6
2019-02-10T14:41:42,45.7,203.7,194.6,0.9,11270.0,241.5
2019-02-10T14:42:13,45.7,199.6,195.8,0.8,11280.0,242.5
2019-02-10T14:42:44,45.7,202.6,195.2,0.8,11290.0,240.6
2019-02-10T14:43:15,45.5,208.5,201.7,0.8,11310.0,241.5
2019-02-10T14:43:46,45.5,202.6,202.9,0.8,11320.0,241.5
2019-02-10T14:44:17,45.4,214.4,201.1,0.7,11330.0,241.5
2019-02-10T14:44:48,45.4,216.2,197.0,0.7,11350.0,242.5
2019-02-10T14:45:19,45.4,197.8,194.0,0.8,11360.0,240.6
2019-02-10T14:45:51,45.4,217.9,195.2,0.8,11370.0,239.6
2019-02-10T14:46:22,45.3,214.4,198.7,0.7,11390.0,243.5
2019-02-10T14:46:53,45.3,216.7,201.1,0.8,11400.0,241.5
2019-02-10T14:47:24,0.0,0.0,0.0,0.0,0.0,0.0
2019-02-10T14:47:55,45.3,206.1,198.7,0.8,11430.0,242.5
2019-02-10T14:48:26,45.3,203.7,195.2,0.7,11440.0,242.5
2019-02-10T14:48:57,0.0,0.0,0.0,0.0,0.0,0.0
2019-02-10T14:49:28,45.2,203.7,195.2,0.8,11470.0,240.6
2019-02-10T14:49:59,45.2,206.7,201.1,0.8,11480.0,240.6
2019-02-10T14:50:30,45.3,207.9,205.2,0.9,11490.0,239.6
2019-02-10T14:51:02,45.2,212.6,197.0,0.9,11500.0,240.6
2019-02-10T14:51:33,0.0,0.0,0.0,0.0,0.0,0.0
2019-02-10T14:52:04,45.3,210.2,197.0,0.7,11530.0,239.6
2019-02-10T14:52:35,45.3,203.2,199.3,0.7,11540.0,239.6
2019-02-10T14:53:06,45.3,203.7,195.8,0.8,11560.0,239.6
2019-02-10T14:53:37,0.0,0.0,0.0,0.0,0.0,0.0
2019-02-10T14:54:08,45.2,207.9,202.3,0.7,11580.0,240.6
2019-02-10T14:54:39,45.2,210.8,207.6,0.7,11600.0,243.5
2019-02-10T14:55:10,0.0,0.0,0.0,0.0,0.0,0.0
2019-02-10T14:55:41,45.2,216.7,199.3,0.7,11620.0,240.6
2019-02-10T14:56:13,45.0,206.7,205.8,0.7,11630.0,241.5
2019-02-10T14:56:44,45.0,213.2,207.0,0.8,11650.0,240.6
2019-02-10T14:57:15,45.0,202.0,204.6,0.7,11660.0,242.5
2019-02-10T14:57:46,45.0,215.6,198.1,0.8,11670.0,241.5
2019-02-10T14:58:17,45.1,203.7,206.4,0.7,11690.0,240.6
2019-02-10T14:58:48,45.1,212.6,205.2,0.7,11700.0,240.6
2019-02-10T14:59:19,45.1,207.9,204.1,0.8,11710.0,241.5
2019-02-10T14:59:50,45.0,204.3,199.3,0.7,11730.0,242.5
2019-02-10T15:00:21,0.0,0.0,0.0,0.0,0.0,0.0
2019-02-10T15:00:54,0.0,0.0,0.0,0.0,0.0,0.0
2019-02-10T15:01:25,45.0,216.2,208.8,0.7,11760.0,240.6
2019-02-10T15:01:56,45.0,210.2,205.8,0.7,11780.0,240.6
2019-02-10T15:02:27,45.0,213.2,206.4,0.7,11790.0,243.5
2019-02-10T15:02:58,44.9,213.8,205.8,0.7,11800.0,241.5
2019-02-10T15:03:29,44.9,207.9,204.6,0.7,11820.0,242.5
2019-02-10T15:04:00,44.9,217.9,210.6,0.7,11830.0,241.5
2019-02-10T15:04:31,44.9,209.7,203.5,0.8,11840.0,243.5
2019-02-10T15:05:02,44.9,217.3,202.3,0.7,11850.0,243.5
2019-02-10T15:05:34,44.7,204.9,201.1,0.7,11870.0,243.5
2019-02-10T15:06:05,44.7,213.2,199.3,0.8,11880.0,242.5
2019-02-10T15:06:36,44.7,207.9,199.3,0.7,11890.0,243.5
2019-02-10T15:07:07,44.7,205.5,201.7,0.8,11910.0,241.5
2019-02-10T15:07:38,44.7,215.6,204.1,0.7,11920.0,242.5
2019-02-10T15:08:09,44.7,196.1,203.5,0.8,11930.0,241.5
2019-02-10T15:08:40,44.7,216.2,201.1,0.7,11940.0,244.4
2019-02-10T15:09:11,44.6,206.7,203.5,0.8,11960.0,243.5
2019-02-10T15:09:42,44.7,206.1,201.1,0.7,11970.0,244.4
2019-02-10T15:10:13,44.7,212.0,202.3,0.7,11980.0,241.5
2019-02-10T15:10:45,44.7,212.0,199.9,0.8,11990.0,243.5
2019-02-10T15:11:16,44.7,212.0,211.2,0.8,12010.0,243.5
2019-02-10T15:11:47,44.7,213.8,208.2,0.8,12020.0,245.4
2019-02-10T15:12:18,44.7,216.7,201.1,0.6,12030.0,242.5
2019-02-10T15:12:49,44.6,216.7,205.8,0.7,12040.0,242.5
2019-02-10T15:13:20,44.6,212.6,203.5,0.8,12060.0,242.5
2019-02-10T15:13:51,44.6,201.4,202.3,0.7,12070.0,245.4
2019-02-10T15:14:22,44.6,199.0,204.1,0.8,12080.0,243.5
2019-02-10T15:14:53,44.6,189.0,204.1,0.8,12090.0,244.4
2019-02-10T15:15:24,44.7,211.4,203.5,0.8,12110.0,244.4
2019-02-10T15:15:56,44.7,202.0,204.1,0.7,12120.0,245.4
2019-02-10T15:16:27,0.0,0.0,0.0,0.0,0.0,0.0
2019-02-10T15:16:58,44.7,202.0,211.2,0.8,12140.0,244.4
2019-02-10T15:17:29,44.7,212.0,208.2,0.7,12160.0,242.5
2019-02-10T15:18:00,44.6,193.1,204.1,0.8,12170.0,245.4
2019-02-10T15:18:31,44.7,199.6,201.7,0.8,12180.0,245.4
2019-02-10T15:19:02,44.7,209.7,207.0,0.7,12190.0,244.4
2019-02-10T15:19:33,44.7,204.9,208.8,0.8,12200.0,244.4
2019-02-10T15:20:04,44.7,209.7,208.2,0.7,12220.0,243.5
2019-02-10T15:20:36,44.9,204.3,207.0,0.9,12230.0,246.4
2019-02-10T15:21:07,44.9,197.8,206.4,0.8,12240.0,245.4
2019-02-10T15:21:38,44.7,207.9,211.2,0.7,12250.0,245.4
2019-02-10T15:22:09,44.7,203.7,208.2,0.7,12270.0,244.4
2019-02-10T15:22:40,44.7,211.4,211.7,0.8,12280.0,245.4
2019-02-10T15:23:11,44.7,213.2,208.8,0.7,12290.0,245.4
2019-02-10T15:23:42,0.0,0.0,0.0,0.0,0.0,0.0
2019-02-10T15:24:13,44.7,215.6,201.1,0.7,12310.0,243.5
2019-02-10T15:24:44,0.0,0.0,0.0,0.0,0.0,0.0
2019-02-10T15:25:15,44.6,219.1,205.8,0.7,12340.0,245.4
2019-02-10T15:25:47,44.7,196.1,208.2,0.8,12350.0,245.4
2019-02-10T15:26:18,44.6,192.5,204.1,0.8,12360.0,246.4
2019-02-10T15:26:49,44.6,212.0,204.6,0.8,12380.0,244.4
2019-02-10T15:27:20,44.7,203.7,205.2,0.8,12390.0,244.4
2019-02-10T15:27:51,44.7,199.6,210.0,0.8,12400.0,244.4
2019-02-10T15:28:22,44.7,217.9,205.2,0.7,12410.0,244.4
2019-02-10T15:28:53,44.9,194.9,205.2,0.8,12420.0,242.5
2019-02-10T15:29:24,44.9,212.0,205.8,0.8,12440.0,242.5
2019-02-10T15:29:55,44.9,202.6,205.2,0.7,12450.0,242.5
2019-02-10T15:30:26,45.0,213.2,211.7,0.7,12460.0,242.5
2019-02-10T15:30:58,44.9,200.8,208.2,0.7,12470.0,241.5
2019-02-10T15:31:29,45.0,213.8,211.2,0.7,12480.0,242.5
2019-02-10T15:32:00,45.0,204.3,207.6,0.8,12490.0,242.5
2019-02-10T15:32:31,45.0,206.7,208.8,0.8,12510.0,242.5
2019-02-10T15:33:02,45.0,215.0,208.2,0.7,12520.0,242.5
2019-02-10T15:33:33,45.1,202.0,204.1,0.7,12530.0,240.6
2019-02-10T15:34:04,45.1,210.2,210.6,0.7,12540.0,242.5
2019-02-10T15:34:35,45.1,206.7,211.2,0.7,12550.0,242.5
2019-02-10T15:35:06,45.2,207.9,210.0,0.8,12560.0,243.5
2019-02-10T15:35:38,0.0,0.0,0.0,0.0,0.0,0.0
2019-02-10T15:36:09,45.3,213.8,208.2,0.7,12590.0,242.5
2019-02-10T15:36:40,0.0,0.0,0.0,0.0,0.0,0.0
2019-02-10T15:37:11,45.4,207.9,210.0,0.7,12610.0,244.4
2019-02-10T15:37:42,45.4,203.7,214.1,0.8,12620.0,244.4
2019-02-10T15:38:13,45.5,203.7,212.3,0.9,12630.0,244.4
2019-02-10T15:38:44,0.0,0.0,0.0,0.0,0.0,0.0
2019-02-10T15:39:15,45.7,210.8,202.3,0.8,12660.0,243.5
2019-02-10T15:39:46,45.4,204.3,201.7,0.8,12670.0,243.5
2019-02-10T15:40:17,45.4,215.6,207.0,0.7,12680.0,243.5
2019-02-10T15:40:49,45.4,203.2,207.0,0.7,12690.0,242.5
2019-02-10T15:41:20,0.0,0.0,0.0,0.0,0.0,0.0
2019-02-10T15:41:51,45.5,217.9,211.7,0.7,12710.0,243.5
2019-02-10T15:42:22,45.7,215.0,208.2,0.8,12730.0,244.4
2019-02-10T15:42:53,45.7,206.1,209.4,0.8,12740.0,243.5
2019-02-10T15:43:24,0.0,0.0,0.0,0.0,0.0,0.0
2019-02-10T15:43:55,45.8,204.3,203.5,0.7,12760.0,243.5
2019-02-10T15:44:26,45.9,204.9,207.0,0.7,12770.0,243.5
2019-02-10T15:44:57,45.9,203.2,211.7,0.8,12780.0,244.4
2019-02-10T15:45:28,45.9,217.3,211.2,0.8,12790.0,244.4
2019-02-10T15:46:00,45.9,207.9,215.9,0.7,12800.0,244.4
2019-02-10T15:46:31,45.8,206.1,213.5,0.7,12820.0,243.5
2019-02-10T15:47:02,45.7,215.6,212.3,0.7,12830.0,245.4
2019-02-10T15:47:33,45.7,213.2,215.3,0.8,12840.0,243.5
2019-02-10T15:48:04,45.7,212.0,212.3,0.7,12850.0,243.5
2019-02-10T15:48:35,0.0,0.0,0.0,0.0,0.0,0.0
2019-02-10T15:49:06,45.7,209.7,208.8,0.7,12870.0,243.5
2019-02-10T15:49:37,45.7,210.8,212.9,0.7,12880.0,241.5
2019-02-10T15:50:08,0.0,0.0,0.0,0.0,0.0,0.0
2019-02-10T15:50:39,45.7,202.6,211.7,0.8,12910.0,242.5
2019-02-10T15:51:11,45.5,215.0,213.5,0.8,12920.0,244.4
2019-02-10T15:51:42,45.5,205.5,215.3,0.8,12930.0,244.4
2019-02-10T15:52:13,45.5,207.9,213.5,0.9,12940.0,245.4
2019-02-10T15:52:44,45.5,210.8,215.3,0.8,12950.0,245.4
2019-02-10T15:53:15,45.4,210.2,208.8,0.8,12960.0,243.5
2019-02-10T15:53:46,45.2,210.8,212.9,0.7,12970.0,243.5
2019-02-10T15:54:17,45.3,212.0,214.7,0.9,12980.0,243.5
2019-02-10T15:54:48,45.3,209.7,204.6,0.8,12990.0,243.5
2019-02-10T15:55:19,45.3,200.2,206.4,0.8,13000.0,242.5
2019-02-10T15:55:50,45.2,201.4,207.6,0.8,13010.0,244.4
2019-02-10T15:56:22,45.2,213.8,215.3,0.7,13030.0,243.5
2019-02-10T15:56:53,45.2,198.4,212.9,0.8,13040.0,242.5
2019-02-10T15:57:24,45.1,215.0,202.3,0.7,13050.0,242.5
2019-02-10T15:57:55,45.1,199.6,208.8,0.8,13060.0,244.4
2019-02-10T15:58:26,45.1,216.7,202.3,0.7,13070.0,243.5
2019-02-10T15:58:57,45.0,216.7,201.7,0.8,13080.0,243.5
2019-02-10T15:59:28,44.9,215.0,205.2,0.8,13090.0,242.5
2019-02-10T15:59:59,44.9,194.3,204.6,0.8,13100.0,243.5
2019-02-10T16:00:30,45.0,213.8,208.2,0.7,13110.0,244.4
2019-02-10T16:01:01,45.0,204.3,204.1,0.8,13120.0,245.4
2019-02-10T16:01:32,44.9,203.7,204.6,0.8,13130.0,243.5
2019-02-10T16:02:03,45.0,211.4,207.0,0.7,13140.0,243.5
2019-02-10T16:02:34,45.0,217.9,206.4,0.8,13150.0,242.5
2019-02-10T16:03:05,44.9,205.5,204.1,0.7,13160.0,243.5
2019-02-10T16:03:36,44.9,207.9,208.2,0.8,13170.0,243.5
2019-02-10T16:04:07,44.9,212.0,202.3,0.8,13180.0,242.5
2019-02-10T16:04:38,44.7,211.4,200.5,0.7,13190.0,243.5
2019-02-10T16:05:09,44.7,213.8,205.2,0.8,13200.0,244.4
2019-02-10T16:05:41,44.7,213.2,203.5,0.8,13210.0,244.4
2019-02-10T16:06:12,44.7,217.3,198.1,0.8,13220.0,242.5
2019-02-10T16:06:43,44.7,204.9,197.0,0.7,13230.0,243.5
2019-02-10T16:07:14,44.7,210.2,195.2,0.8,13240.0,244.4
2019-02-10T16:07:45,44.7,206.7,189.9,0.8,13250.0,244.4
2019-02-10T16:08:16,44.7,217.9,195.2,0.8,13260.0,243.5
2019-02-10T16:08:47,44.7,219.7,200.5,0.7,13270.0,245.4
2019-02-10T16:09:18,44.7,215.0,196.4,0.8,13280.0,243.5
2019-02-10T16:09:49,44.9,204.3,195.2,0.8,13290.0,243.5
2019-02-10T16:10:20,44.9,215.6,192.8,0.7,13300.0,244.4
2019-02-10T16:10:52,44.9,204.3,191.0,0.8,13310.0,244.4
2019-02-10T16:11:23,45.0,194.3,192.8,0.9,13320.0,244.4
2019-02-10T16:11:54,45.0,202.0,193.4,0.7,13330.0,244.4
2019-02-10T16:12:25,44.9,214.4,199.3,0.7,13330.0,244.4
2019-02-10T16:12:56,44.9,215.0,192.2,0.7,13340.0,244.4
2019-02-10T16:13:27,0.0,0.0,0.0,0.0,0.0,0.0
2019-02-10T16:13:58,44.9,218.5,179.8,0.8,13360.0,244.4
2019-02-10T16:14:29,44.9,217.3,182.8,0.7,13370.0,242.5
2019-02-10T16:15:00,44.7,201.4,188.1,0.8,13380.0,244.4
2019-02-10T16:15:32,44.7,217.9,183.3,0.8,13390.0,243.5
2019-02-10T16:16:03,44.6,201.4,186.3,0.7,13400.0,243.5
2019-02-10T16:16:34,44.6,215.0,185.1,0.7,13410.0,242.5
2019-02-10T16:17:05,44.7,207.9,189.3,0.7,13410.0,244.4
2019-02-10T16:17:36,44.6,210.8,186.9,0.7,13420.0,243.5
2019-02-10T16:18:07,0.0,0.0,0.0,0.0,0.0,0.0
2019-02-10T16:18:38,44.6,215.6,185.1,0.8,13440.0,243.5
2019-02-10T16:19:09,44.5,202.0,186.9,0.7,13450.0,244.4
2019-02-10T16:19:40,44.5,218.5,186.9,0.7,13460.0,241.5
2019-02-10T16:20:11,44.5,210.2,182.2,0.7,13470.0,241.5
2019-02-10T16:20:43,44.5,213.2,191.0,0.7,13470.0,241.5
2019-02-10T16:21:14,44.5,208.5,182.8,0.7,13480.0,242.5
2019-02-10T16:21:45,44.5,208.5,181.6,0.7,13490.0,241.5
2019-02-10T16:22:16,44.4,212.0,184.5,0.8,13500.0,242.5
2019-02-10T16:22:47,44.4,213.2,192.2,0.7,13510.0,243.5
2019-02-10T16:23:18,44.3,213.8,195.8,0.8,13520.0,243.5
2019-02-10T16:23:49,44.3,201.4,192.8,0.8,13520.0,243.5
2019-02-10T16:24:20,44.2,212.0,199.9,0.8,13530.0,243.5
2019-02-10T16:24:51,44.2,208.5,194.0,0.7,13540.0,243.5
2019-02-10T16:25:22,44.0,200.8,179.8,0.8,13550.0,243.5
2019-02-10T16:25:54,43.9,216.7,176.2,0.7,13560.0,243.5
2019-02-10T16:26:25,43.9,206.7,176.8,0.8,13560.0,243.5
2019-02-10T16:26:56,43.8,212.0,175.7,0.7,13570.0,244.4
2019-02-10T16:27:27,43.8,204.9,178.6,0.7,13580.0,243.5
2019-02-10T16:27:58,43.9,213.2,179.2,0.7,13590.0,242.5
2019-02-10T16:28:29,43.8,213.8,183.3,0.7,13600.0,242.5
2019-02-10T16:29:00,43.8,202.6,182.2,0.8,13600.0,242.5
2019-02-10T16:29:31,43.8,213.2,175.7,0.7,13610.0,241.5
2019-02-10T16:30:02,43.8,205.5,178.0,0.8,13620.0,243.5
2019-02-10T16:30:34,43.8,199.6,183.9,0.8,13630.0,243.5
2019-02-10T16:31:05,43.8,211.4,181.0,0.7,13630.0,242.5
2019-02-10T16:31:36,43.8,204.3,175.7,0.7,13640.0,243.5
2019-02-10T16:32:07,43.8,213.8,175.1,0.7,13650.0,243.5
2019-02-10T16:32:38,43.8,204.3,178.0,0.7,13660.0,243.5
2019-02-10T16:33:09,43.7,216.2,186.9,0.6,13660.0,242.5
2019-02-10T16:33:40,43.7,195.5,172.1,0.8,13670.0,242.5
2019-02-10T16:34:11,43.7,204.9,178.0,0.7,13680.0,241.5
2019-02-10T16:34:42,43.6,209.7,186.3,0.7,13690.0,241.5
2019-02-10T16:35:13,43.6,206.7,171.5,0.7,13690.0,240.6
2019-02-10T16:35:45,43.6,207.3,176.2,0.8,13700.0,240.6
2019-02-10T16:36:16,43.6,212.0,175.1,0.8,13710.0,241.5
2019-02-10T16:36:47,43.5,207.9,186.9,0.8,13710.0,239.6
2019-02-10T16:37:18,43.4,204.3,182.8,0.8,13720.0,240.6
2019-02-10T16:37:49,43.5,210.8,182.8,0.7,13730.0,241.5
2019-02-10T16:38:20,43.5,202.0,175.7,0.7,13740.0,241.5
2019-02-10T16:38:51,43.5,209.7,176.2,0.8,13740.0,241.5
2019-02-10T16:39:22,0.0,0.0,0.0,0.0,0.0,0.0
2019-02-10T16:39:53,43.5,204.9,178.0,0.7,13760.0,240.6
2019-02-10T16:40:24,43.5,216.2,172.1,0.7,13760.0,241.5
2019-02-10T16:40:56,43.2,209.7,168.0,0.7,13770.0,241.5
2019-02-10T16:41:27,43.4,207.3,173.9,0.7,13780.0,240.6
2019-02-10T16:41:58,43.4,212.0,162.6,0.8,13780.0,241.5
2019-02-10T16:42:29,43.4,203.7,165.0,0.7,13790.0,240.6
2019-02-10T16:43:00,43.2,215.0,175.1,0.7,13800.0,239.6
2019-02-10T16:43:31,43.2,203.7,168.0,0.8,13800.0,240.6
2019-02-10T16:44:02,43.2,213.2,173.3,0.7,13810.0,239.6
2019-02-10T16:44:33,43.2,203.7,173.3,0.7,13820.0,240.6
2019-02-10T16:45:04,43.2,212.0,173.3,0.7,13820.0,241.5
2019-02-10T16:45:36,43.2,196.1,179.2,0.7,13830.0,242.5
2019-02-10T16:46:07,43.1,217.9,179.2,0.6,13840.0,239.6
2019-02-10T16:46:38,0.0,0.0,0.0,0.0,0.0,0.0
2019-02-10T16:47:09,43.1,210.2,160.9,0.7,13850.0,240.6
2019-02-10T16:47:40,43.1,206.1,162.6,0.7,13850.0,240.6
2019-02-10T16:48:11,43.1,208.5,160.3,0.7,13860.0,241.5
2019-02-10T16:48:42,43.1,218.5,155.5,0.7,13870.0,243.5
2019-02-10T16:49:13,43.1,196.1,159.7,0.7,13870.0,242.5
2019-02-10T16:49:44,43.1,217.3,163.2,0.6,13880.0,242.5
2019-02-10T16:50:15,43.1,206.7,165.0,0.6,13880.0,239.6
2019-02-10T16:50:47,43.0,215.0,154.9,0.6,13890.0,241.5
2019-02-10T16:51:18,42.7,204.9,160.9,0.6,13890.0,240.6
2019-02-10T16:51:49,42.8,210.8,156.1,0.6,13900.0,240.6
2019-02-10T16:52:20,42.8,213.8,165.0,0.6,13900.0,240.6
2019-02-10T16:52:51,42.8,205.5,167.4,0.6,13910.0,241.5
2019-02-10T16:53:22,42.8,206.1,154.4,0.7,13910.0,241.5
2019-02-10T16:53:53,42.8,216.2,153.2,0.7,13920.0,239.6
2019-02-10T16:54:24,42.8,213.2,152.6,0.6,13920.0,241.5
2019-02-10T16:54:55,42.8,206.1,153.8,0.6,13930.0,240.6
2019-02-10T16:55:26,42.8,204.3,155.5,0.6,13930.0,239.6
2019-02-10T16:55:58,42.7,207.9,157.3,0.5,13940.0,237.7
2019-02-10T16:56:29,42.7,208.5,143.1,0.5,13940.0,237.7
2019-02-10T16:57:00,42.7,202.0,157.3,0.5,13940.0,237.7
2019-02-10T16:57:31,42.7,210.2,145.5,0.5,13950.0,235.7
2019-02-10T16:58:02,42.5,196.1,156.1,0.5,13950.0,235.7
2019-02-10T16:58:33,42.5,204.9,163.8,0.4,13950.0,236.7
2019-02-10T16:59:04,42.5,194.3,159.7,0.5,13950.0,237.7
2019-02-10T16:59:35,42.4,209.7,162.0,0.5,13950.0,234.8
2019-02-10T17:00:06,42.3,186.0,145.5,0.5,13960.0,237.7
2019-02-10T17:00:38,42.2,178.9,144.9,0.5,13960.0,236.7
2019-02-10T17:01:09,42.2,189.0,144.3,0.5,13960.0,236.7
2019-02-10T17:01:40,42.1,202.0,139.0,0.4,13960.0,236.7
2019-02-10T17:02:11,42.1,186.0,134.8,0.5,13960.0,236.7
2019-02-10T17:02:42,42.1,206.1,144.3,0.4,13970.0,237.7
2019-02-10T17:03:13,42.0,200.8,141.3,0.5,13970.0,235.7
2019-02-10T17:03:44,42.0,189.6,135.4,0.5,13970.0,237.7
2019-02-10T17:04:15,42.0,208.5,122.4,0.5,13970.0,236.7
2019-02-10T17:04:46,41.9,200.8,143.1,0.5,13970.0,236.7
2019-02-10T17:05:17,41.9,178.9,121.8,0.5,13970.0,237.7
2019-02-10T17:05:49,41.9,181.9,139.6,0.5,13980.0,236.7
2019-02-10T17:06:21,41.9,204.9,126.0,0.5,13980.0,235.7
2019-02-10T17:06:52,41.7,207.9,123.0,0.5,13980.0,235.7
2019-02-10T17:07:23,41.7,187.2,141.9,0.6,13980.0,235.7
2019-02-10T17:07:54,41.7,200.8,126.0,0.5,13990.0,238.6
2019-02-10T17:08:25,41.6,217.3,144.3,0.5,13990.0,239.6
2019-02-10T17:08:56,41.6,194.3,140.2,0.6,13990.0,237.7
2019-02-10T17:09:27,41.6,196.1,137.2,0.6,14000.0,238.6
2019-02-10T17:09:58,41.5,217.9,134.2,0.6,14000.0,237.7
2019-02-10T17:10:29,41.5,201.4,140.8,0.6,14000.0,239.6
2019-02-10T17:11:00,41.5,213.8,134.8,0.5,14010.0,238.6
2019-02-10T17:11:31,41.5,204.3,146.1,0.6,14010.0,239.6
2019-02-10T17:12:02,41.5,206.7,137.8,0.7,14010.0,239.6
2019-02-10T17:12:33,41.5,213.8,136.0,0.6,14010.0,239.6
2019-02-10T17:13:04,41.5,201.4,139.6,0.6,14020.0,241.5
2019-02-10T17:13:35,41.4,222.1,146.1,0.6,14020.0,240.6
2019-02-10T17:14:06,41.4,203.2,150.2,0.6,14030.0,241.5
2019-02-10T17:14:37,41.4,213.8,147.3,0.6,14030.0,238.6
2019-02-10T17:15:08,41.4,212.0,143.1,0.6,14030.0,240.6
2019-02-10T17:15:40,41.4,206.1,124.8,0.6,14040.0,239.6
2019-02-10T17:16:11,41.4,213.8,127.7,0.5,14040.0,240.6
2019-02-10T17:16:42,41.4,190.2,114.7,0.6,14040.0,239.6
2019-02-10T17:17:13,41.4,191.3,128.9,0.7,14040.0,240.6
2019-02-10T17:17:44,41.4,215.0,128.9,0.6,14050.0,240.6
2019-02-10T17:18:15,41.3,211.4,130.7,0.7,14050.0,240.6
2019-02-10T17:18:46,41.3,216.2,130.7,0.6,14050.0,239.6
2019-02-10T17:19:17,41.4,210.8,128.9,0.6,14060.0,239.6
2019-02-10T17:19:48,41.4,219.1,110.0,0.7,14060.0,240.6
2019-02-10T17:20:19,41.4,209.1,122.4,0.7,14060.0,236.7
2019-02-10T17:20:51,41.4,206.1,115.9,0.6,14070.0,237.7
2019-02-10T17:21:22,41.4,215.0,120.0,0.7,14070.0,237.7
2019-02-10T17:21:53,41.4,210.8,121.8,0.7,14080.0,237.7
2019-02-10T17:22:24,41.4,215.6,124.8,0.7,14080.0,237.7
2019-02-10T17:22:55,41.4,219.1,124.2,0.7,14080.0,236.7
2019-02-10T17:23:26,41.4,210.8,127.1,0.8,14080.0,237.7
2019-02-10T17:23:57,41.4,222.7,117.1,0.7,14090.0,237.7
2019-02-10T17:24:28,41.4,216.2,114.1,0.7,14090.0,236.7
2019-02-10T17:24:59,41.4,214.4,111.2,0.7,14090.0,237.7
2019-02-10T17:25:30,41.4,211.4,108.8,0.7,14100.0,237.7
2019-02-10T17:26:02,41.4,216.7,105.3,0.7,14100.0,238.6
2019-02-10T17:26:33,41.3,212.0,108.8,0.7,14100.0,237.7
2019-02-10T17:27:04,41.3,218.5,107.0,0.7,14110.0,237.7
2019-02-10T17:27:35,41.3,217.9,114.7,0.6,14110.0,235.7
2019-02-10T17:28:06,41.3,204.3,102.3,0.7,14110.0,235.7
2019-02-10T17:28:37,41.2,202.6,104.7,0.5,14110.0,236.7
2019-02-10T17:29:08,41.2,178.9,118.9,0.7,14120.0,237.7
2019-02-10T17:29:39,41.2,198.4,113.5,0.5,14120.0,237.7
2019-02-10T17:30:10,41.0,199.0,121.8,0.5,14120.0,237.7
2019-02-10T17:30:41,41.0,192.5,146.1,0.5,14120.0,236.7
2019-02-10T17:31:13,41.0,204.9,168.6,0.4,14120.0,236.7
2019-02-10T17:31:44,40.9,194.9,192.8,0.5,14120.0,235.7
2019-02-10T17:32:15,40.9,193.7,214.7,0.5,14130.0,236.7
2019-02-10T17:32:46,40.8,202.0,231.3,0.5,14130.0,236.7
2019-02-10T17:33:17,40.8,187.8,228.3,0.5,14130.0,235.7
2019-02-10T17:33:48,40.7,171.9,214.1,0.5,14130.0,237.7
2019-02-10T17:34:19,40.7,193.1,227.7,0.4,14130.0,235.7
2019-02-10T17:34:50,40.7,200.8,214.7,0.4,14130.0,237.7
2019-02-10T17:35:21,40.6,184.3,222.4,0.4,14140.0,236.7
2019-02-10T17:35:52,40.6,205.5,213.5,0.4,14140.0,235.7
2019-02-10T17:36:24,40.6,190.8,227.7,0.4,14140.0,236.7
2019-02-10T17:36:55,40.5,170.1,206.4,0.4,14140.0,235.7
2019-02-10T17:37:26,40.5,191.3,214.7,0.4,14140.0,235.7
2019-02-10T17:37:57,40.4,204.9,226.5,0.3,14140.0,237.7
2019-02-10T17:38:28,40.4,191.3,207.0,0.4,14150.0,238.6
2019-02-10T17:38:59,40.4,210.2,227.7,0.3,14150.0,238.6
2019-02-10T17:39:30,40.2,189.0,213.5,0.3,14150.0,238.6
2019-02-10T17:40:01,40.2,167.1,202.9,0.4,14150.0,236.7
2019-02-10T17:40:32,40.1,176.0,203.5,0.4,14150.0,237.7
2019-02-10T17:41:04,40.1,196.7,225.9,0.4,14150.0,236.7
2019-02-10T17:41:35,40.1,196.7,222.4,0.4,14150.0,238.6
2019-02-10T17:42:06,40.1,194.9,223.0,0.4,14160.0,238.6
2019-02-10T17:42:37,40.0,204.3,210.6,0.3,14160.0,236.7
2019-02-10T17:43:08,40.0,202.0,218.8,0.4,14160.0,236.7
2019-02-10T17:43:39,40.0,191.9,211.2,0.4,14160.0,236.7
2019-02-10T17:44:10,40.0,189.6,214.7,0.4,14160.0,236.7
2019-02-10T17:44:41,39.9,211.4,236.0,0.4,14160.0,236.7
2019-02-10T17:45:12,39.9,217.9,241.9,0.4,14160.0,236.7
2019-02-10T17:45:43,39.8,210.8,232.4,0.4,14170.0,236.7
2019-02-10T17:46:15,39.8,202.0,223.6,0.4,14170.0,234.8
2019-02-10T17:46:46,39.8,201.4,220.6,0.3,14170.0,233.8
2019-02-10T17:47:17,39.8,188.4,226.5,0.3,14170.0,236.7
2019-02-10T17:47:48,39.7,199.6,205.8,0.3,14170.0,235.7
2019-02-10T17:48:19,39.7,200.2,219.4,0.3,14170.0,236.7
2019-02-10T17:48:50,39.5,178.9,223.6,0.4,14170.0,234.8
2019-02-10T17:49:21,39.5,164.8,210.6,0.4,14180.0,234.8
2019-02-10T17:49:52,39.5,186.0,231.9,0.4,14180.0,236.7
2019-02-10T17:50:23,39.4,203.2,210.0,0.3,14180.0,237.7
2019-02-10T17:50:54,39.4,191.3,217.7,0.3,14180.0,238.6
2019-02-10T17:51:26,39.4,201.4,220.6,0.3,14180.0,237.7
2019-02-10T17:51:57,39.3,180.7,231.9,0.3,14180.0,236.7
2019-02-10T17:52:28,39.3,173.0,209.4,0.3,14180.0,236.7
2019-02-10T17:52:59,39.2,196.1,211.7,0.3,14180.0,236.7
2019-02-10T17:53:30,39.2,196.1,232.4,0.3,14190.0,236.7
2019-02-10T17:54:01,39.2,174.8,216.5,0.3,14190.0,236.7
2019-02-10T17:54:32,39.2,189.6,202.9,0.3,14190.0,237.7
2019-02-10T17:55:03,39.1,208.5,225.9,0.2,14190.0,237.7
2019-02-10T17:55:34,39.1,186.0,225.4,0.3,14190.0,238.6
2019-02-10T17:56:06,39.1,176.0,208.8,0.3,14190.0,237.7
2019-02-10T17:56:37,39.0,183.7,228.9,0.3,14190.0,237.7
2019-02-10T17:57:08,39.0,164.2,217.1,0.3,14190.0,237.7
2019-02-10T17:57:39,38.9,173.0,201.1,0.3,14190.0,238.6
2019-02-10T17:58:10,38.9,193.1,223.0,0.3,14190.0,238.6
2019-02-10T17:58:41,38.9,191.9,220.6,0.3,14200.0,237.7
2019-02-10T17:59:12,38.9,170.7,199.3,0.3,14200.0,238.6
2019-02-10T17:59:43,38.9,158.9,179.8,0.3,14200.0,237.7
2019-02-10T18:00:14,38.7,180.7,201.7,0.3,14200.0,236.7
2019-02-10T18:00:45,38.7,202.0,222.4,0.3,14200.0,237.7
2019-02-10T18:01:17,38.7,192.5,216.5,0.3,14200.0,237.7
2019-02-10T18:01:48,38.6,181.9,212.9,0.3,14200.0,238.6
2019-02-10T18:02:19,38.6,202.6,223.6,0.2,14200.0,237.7
2019-02-10T18:02:50,38.6,192.5,202.3,0.2,14200.0,238.6
2019-02-10T18:03:21,38.6,172.4,187.5,0.3,14200.0,237.7
2019-02-10T18:03:52,38.5,151.2,208.8,0.3,14200.0,236.7
2019-02-10T18:04:23,38.5,147.0,230.7,0.3,14200.0,238.6
2019-02-10T18:04:54,38.5,168.3,231.9,0.3,14210.0,236.7
2019-02-10T18:05:25,38.4,189.6,211.2,0.3,14210.0,237.7
2019-02-10T18:05:56,38.4,209.1,212.3,0.2,14210.0,236.7
2019-02-10T18:06:28,38.4,190.2,234.2,0.2,14210.0,236.7
2019-02-10T18:06:59,38.4,187.8,222.4,0.2,14210.0,236.7
2019-02-10T18:07:30,38.3,209.1,214.1,0.2,14210.0,234.8
2019-02-10T18:08:01,38.3,189.6,234.8,0.2,14210.0,235.7
2019-02-10T18:08:32,38.3,183.1,215.9,0.2,14210.0,235.7
2019-02-10T18:09:03,38.2,204.3,202.3,0.2,14210.0,235.7
2019-02-10T18:09:34,38.2,194.3,223.6,0.2,14210.0,235.7
2019-02-10T18:10:05,38.0,173.0,214.1,0.2,14210.0,235.7
2019-02-10T18:10:36,38.2,183.7,197.5,0.2,14210.0,236.7
2019-02-10T18:11:08,38.2,202.6,217.7,0.1,14210.0,236.7
2019-02-10T18:11:39,38.0,183.7,209.4,0.1,14210.0,235.7
2019-02-10T18:12:10,38.0,163.6,190.4,0.1,14210.0,236.7
2019-02-10T18:12:41,38.0,143.5,183.9,0.1,14210.0,235.7
2019-02-10T18:13:12,37.9,152.9,204.6,0.1,14210.0,235.7
2019-02-10T18:13:43,37.9,173.0,225.9,0.1,14210.0,235.7
2019-02-10T18:14:14,37.9,196.1,207.0,0.1,14220.0,235.7
2019-02-10T18:14:45,37.8,189.6,185.1,0.1,14220.0,233.8
2019-02-10T18:15:16,37.8,171.3,165.0,0.1,14220.0,234.8
2019-02-10T18:15:47,37.8,149.4,167.4,0.1,14220.0,235.7
2019-02-10T18:16:19,37.7,127.5,188.1,0.1,14220.0,235.7
2019-02-10T18:16:50,37.7,148.8,208.2,0.1,14220.0,235.7
2019-02-10T18:17:21,37.7,168.9,227.7,0.1,14220.0,233.8
2019-02-10T18:17:52,37.6,191.3,204.1,0.1,14220.0,234.8
2019-02-10T18:18:23,37.6,192.5,183.9,0.1,14220.0,234.8
2019-02-10T18:18:54,37.6,175.4,172.7,0.1,14220.0,233.8
2019-02-10T18:19:25,37.5,153.5,191.6,0.1,14220.0,234.8
2019-02-10T18:19:56,37.5,133.5,213.5,0.1,14220.0,232.8
2019-02-10T18:20:27,37.4,125.2,205.8,0.1,14220.0,234.8
2019-02-10T18:20:58,37.4,147.0,185.7,0.0,14220.0,234.8
2019-02-10T18:21:30,37.2,165.9,165.0,0.1,14220.0,234.8
2019-02-10T18:22:01,37.2,187.8,144.3,0.0,14220.0,235.7
2019-02-10T18:22:32,37.1,197.3,124.2,0.0,14220.0,235.7
2019-02-10T18:23:03,37.0,188.4,132.5,0.0,14220.0,235.7
2019-02-10T18:23:34,37.1,165.4,151.4,0.0,14220.0,235.7
2019-02-10T18:24:05,37.0,147.0,170.9,0.0,14220.0,235.7
2019-02-10T18:24:36,37.0,127.0,192.2,0.0,14220.0,234.8
2019-02-10T18:25:07,36.9,103.9,214.1,0.0,14220.0,234.8
2019-02-10T18:25:38,36.8,186.6,218.3,0.0,14220.0,234.8
2019-02-10T18:26:10,36.8,184.8,195.2,0.0,14220.0,233.8
2019-02-10T18:26:41,36.7,183.1,188.1,0.0,14220.0,233.8
2019-02-10T18:27:12,36.7,181.3,182.2,0.0,14220.0,233.8
2019-02-10T18:27:43,36.5,174.2,178.6,0.0,14220.0,233.8
2019-02-10T18:28:14,36.5,77.9,177.4,0.0,14220.0,232.8
2019-02-10T18:28:45,36.4,163.0,163.2,0.0,14220.0,233.8
2019-02-10T18:29:16,36.4,152.9,153.2,0.0,14220.0,233.8
2019-02-10T18:29:47,36.4,138.2,138.4,0.0,14220.0,233.8
2019-02-10T18:30:18,36.3,109.8,110.0,0.0,14220.0,233.8
