2019-02-20T06:35:29,30.5,187.8,231.9,0.4,40.0,236.7
2019-02-20T06:36:00,30.5,197.3,210.6,0.4,40.0,237.7
2019-02-20T06:36:31,30.5,209.7,189.3,0.4,40.0,236.7
2019-02-20T06:37:02,30.5,187.2,208.2,0.4,50.0,235.7
2019-02-20T06:37:33,30.5,166.5,228.3,0.4,50.0,234.8
2019-02-20T06:38:04,30.7,187.2,233.6,0.4,50.0,236.7
2019-02-20T06:38:35,30.7,207.9,213.5,0.4,50.0,237.7
2019-02-20T06:39:06,30.7,194.3,192.8,0.4,50.0,236.7
2019-02-20T06:39:37,30.7,177.2,194.6,0.4,50.0,235.7
2019-02-20T06:40:08,30.8,199.0,218.8,0.4,50.0,234.8
2019-02-20T06:40:40,30.8,210.8,238.4,0.4,50.0,232.8
2019-02-20T06:41:11,30.8,187.8,220.6,0.4,50.0,233.8
2019-02-20T06:41:42,30.8,170.7,200.5,0.4,50.0,234.8
2019-02-20T06:42:13,30.8,191.9,199.3,0.4,60.0,235.7
2019-02-20T06:42:44,30.9,210.8,221.2,0.4,60.0,233.8
2019-02-20T06:43:15,30.9,187.8,241.3,0.5,60.0,234.8
2019-02-20T06:43:46,30.9,186.0,220.6,0.4,60.0,235.7
2019-02-20T06:44:17,30.9,207.9,199.9,0.4,60.0,234.8
2019-02-20T06:44:48,31.0,198.4,191.6,0.5,60.0,233.8
2019-02-20T06:45:19,31.0,177.8,213.5,0.4,60.0,233.8
2019-02-20T06:45:51,31.0,186.0,234.2,0.5,60.0,234.8
2019-02-20T06:46:22,31.0,183.1,229.5,0.5,70.0,235.7
2019-02-20T06:46:53,31.0,191.3,206.4,0.5,70.0,235.7
2019-02-20T06:47:24,31.0,212.0,229.5,0.4,70.0,234.8
2019-02-20T06:47:55,31.0,191.3,232.4,0.5,70.0,235.7
2019-02-20T06:48:26,31.0,178.9,210.6,0.5,70.0,235.7
2019-02-20T06:48:57,31.0,201.4,210.0,0.6,70.0,235.7
2019-02-20T06:49:28,31.0,210.8,231.3,0.5,70.0,235.7
2019-02-20T06:49:59,31.0,190.8,230.7,0.6,80.0,236.7
2019-02-20T06:50:30,31.1,212.0,210.6,0.5,80.0,235.7
2019-02-20T06:51:02,31.1,194.9,211.2,0.6,80.0,234.8
2019-02-20T06:51:33,31.1,205.5,226.5,0.6,80.0,235.7
2019-02-20T06:52:04,31.1,207.3,223.6,0.5,80.0,234.8
2019-02-20T06:52:35,31.1,189.6,241.3,0.5,80.0,235.7
2019-02-20T06:53:06,31.1,211.4,218.8,0.4,90.0,235.7
2019-02-20T06:53:37,31.2,189.6,204.6,0.5,90.0,235.7
2019-02-20T06:54:08,31.2,208.5,225.9,0.5,90.0,234.8
2019-02-20T06:54:39,31.2,193.7,234.2,0.6,90.0,236.7
2019-02-20T06:55:10,31.4,196.1,211.7,0.6,90.0,236.7
2019-02-20T06:55:41,31.4,213.2,211.7,0.5,90.0,238.6
2019-02-20T06:56:13,31.4,196.7,233.6,0.6,100.0,241.5
2019-02-20T06:56:44,31.4,216.2,230.7,0.5,100.0,242.5
2019-02-20T06:57:15,31.5,194.3,210.0,0.6,100.0,243.5
2019-02-20T06:57:46,31.5,200.8,213.5,0.6,100.0,242.5
2019-02-20T06:58:17,31.5,206.7,236.0,0.6,100.0,242.5
2019-02-20T06:58:48,31.5,185.4,233.0,0.7,100.0,244.4
2019-02-20T06:59:19,31.5,186.0,211.7,0.7,110.0,243.5
2019-02-20T06:59:50,31.6,206.7,208.8,0.7,110.0,244.4
2019-02-20T07:00:21,31.6,202.6,230.7,0.7,110.0,244.4
2019-02-20T07:00:52,31.6,213.8,228.3,0.6,110.0,244.4
2019-02-20T07:01:24,31.7,193.7,215.9,0.7,120.0,243.5
2019-02-20T07:01:55,31.7,202.0,237.2,0.7,120.0,245.4
2019-02-20T07:02:26,31.7,206.7,225.9,0.6,120.0,245.4
2019-02-20T07:02:57,31.7,200.8,223.6,0.6,120.0,244.4
2019-02-20T07:03:28,31.8,203.7,225.4,0.6,120.0,244.4
2019-02-20T07:03:59,31.8,199.0,228.3,0.6,130.0,243.5
2019-02-20T07:04:30,31.8,203.2,228.3,0.6,130.0,244.4
2019-02-20T07:05:01,31.8,202.6,231.9,0.5,130.0,244.4
2019-02-20T07:05:32,31.9,196.7,220.6,0.6,130.0,244.4
2019-02-20T07:06:04,31.9,200.8,214.7,0.6,130.0,244.4
2019-02-20T07:06:35,31.9,198.4,235.4,0.6,130.0,245.4
2019-02-20T07:07:06,31.9,197.3,222.4,0.6,140.0,242.5
2019-02-20T07:07:37,31.9,203.7,201.1,0.6,140.0,243.5
2019-02-20T07:08:08,31.9,199.0,220.6,0.4,140.0,244.4
2019-02-20T07:08:39,31.9,198.4,240.1,0.4,140.0,242.5
2019-02-20T07:09:10,31.9,217.9,214.7,0.4,140.0,243.5
2019-02-20T07:09:41,31.8,195.5,194.0,0.6,140.0,243.5
2019-02-20T07:10:12,31.9,216.7,216.5,0.5,150.0,243.5
2019-02-20T07:10:43,31.9,199.0,212.9,0.7,150.0,243.5
2019-02-20T07:11:15,31.9,178.3,192.2,0.9,150.0,243.5
2019-02-20T07:11:46,31.9,157.7,183.3,0.9,150.0,244.4
2019-02-20T07:12:17,31.9,175.4,209.4,1.0,160.0,245.4
2019-02-20T07:12:48,32.0,196.7,233.0,0.8,160.0,243.5
2019-02-20T07:13:19,32.0,216.2,230.7,0.9,160.0,244.4
2019-02-20T07:13:50,32.0,205.5,222.4,0.8,160.0,244.4
2019-02-20T07:14:21,32.0,200.8,240.1,0.8,170.0,243.5
2019-02-20T07:14:52,32.0,209.1,218.3,0.9,170.0,244.4
2019-02-20T07:15:23,32.0,211.4,237.2,0.9,170.0,244.4
2019-02-20T07:15:54,32.2,197.3,223.0,0.9,180.0,244.4
2019-02-20T07:16:26,32.2,206.1,211.7,0.9,180.0,244.4
2019-02-20T07:16:57,32.2,216.2,225.9,0.7,180.0,244.4
2019-02-20T07:17:28,32.3,203.2,239.5,0.8,180.0,244.4
2019-02-20T07:17:59,32.3,206.7,216.5,0.8,190.0,243.5
2019-02-20T07:18:30,32.2,216.2,230.1,0.9,190.0,243.5
2019-02-20T07:19:01,32.2,214.4,220.6,1.0,190.0,243.5
2019-02-20T07:19:32,32.2,217.3,227.7,1.0,200.0,242.5
2019-02-20T07:20:03,32.2,218.5,244.3,1.0,200.0,243.5
2019-02-20T07:20:34,32.2,207.9,225.9,1.2,210.0,243.5
2019-02-20T07:21:06,32.3,210.2,230.7,1.1,210.0,244.4
2019-02-20T07:21:37,32.3,209.7,233.0,1.1,210.0,244.4
2019-02-20T07:22:08,32.3,206.7,233.6,1.1,220.0,244.4
2019-02-20T07:22:39,32.4,210.2,231.9,1.1,220.0,244.4
2019-02-20T07:23:10,32.4,213.8,230.7,1.0,230.0,244.4
2019-02-20T07:23:41,32.5,203.7,229.5,1.1,230.0,244.4
2019-02-20T07:24:12,32.5,216.2,226.5,0.9,230.0,243.5
2019-02-20T07:24:43,32.5,215.0,228.3,1.0,240.0,244.4
2019-02-20T07:25:14,32.5,213.2,227.7,0.9,240.0,243.5
2019-02-20T07:25:45,32.5,197.3,215.3,0.9,240.0,243.5
2019-02-20T07:26:17,32.4,211.4,228.3,0.9,250.0,243.5
2019-02-20T07:26:48,32.5,202.0,230.1,0.9,250.0,244.4
2019-02-20T07:27:19,32.5,207.9,225.9,0.5,250.0,243.5
2019-02-20T07:27:50,32.6,196.7,222.4,0.6,250.0,243.5
2019-02-20T07:28:21,32.6,213.8,217.7,0.5,260.0,242.5
2019-02-20T07:28:52,32.7,189.0,244.3,0.9,260.0,243.5
2019-02-20T07:29:23,32.7,170.7,228.9,1.0,260.0,243.5
2019-02-20T07:29:54,32.7,186.0,236.0,0.7,270.0,242.5
2019-02-20T07:30:25,32.6,181.3,225.9,0.6,270.0,243.5
2019-02-20T07:30:56,32.6,199.6,210.6,0.6,270.0,241.5
2019-02-20T07:31:28,32.6,210.8,223.0,0.6,270.0,241.5
2019-02-20T07:31:59,32.6,193.1,246.1,0.8,270.0,242.5
2019-02-20T07:32:30,32.7,167.1,215.9,1.2,280.0,242.5
2019-02-20T07:33:01,32.9,158.9,224.8,1.3,280.0,240.6
2019-02-20T07:33:32,32.9,177.8,211.7,1.4,280.0,241.5
2019-02-20T07:34:03,32.9,203.2,192.2,1.3,290.0,241.5
2019-02-20T07:34:34,32.7,213.2,220.6,1.3,290.0,243.5
2019-02-20T07:35:05,32.7,213.8,241.3,1.3,300.0,241.5
2019-02-20T07:35:36,32.9,217.3,230.7,1.3,300.0,242.5
2019-02-20T07:36:08,32.7,215.6,230.7,1.2,310.0,242.5
2019-02-20T07:36:39,32.7,215.6,225.9,1.1,310.0,241.5
2019-02-20T07:37:10,32.7,215.0,224.2,1.0,320.0,242.5
2019-02-20T07:37:41,32.9,213.2,227.7,1.0,320.0,242.5
2019-02-20T07:38:12,32.9,213.2,233.6,1.0,320.0,242.5
2019-02-20T07:38:43,33.0,203.7,222.4,1.1,330.0,241.5
2019-02-20T07:39:14,33.0,213.2,228.3,0.8,330.0,241.5
2019-02-20T07:39:45,33.1,195.5,222.4,0.6,330.0,242.5
2019-02-20T07:40:16,33.1,180.1,211.7,1.2,340.0,242.5
2019-02-20T07:40:47,33.2,199.0,217.1,1.2,340.0,241.5
2019-02-20T07:41:19,33.2,220.3,240.1,1.1,340.0,241.5
2019-02-20T07:41:50,33.2,199.6,220.6,1.1,350.0,242.5
2019-02-20T07:42:21,33.2,194.9,229.5,1.3,350.0,241.5
2019-02-20T07:42:52,33.3,185.4,220.6,1.3,360.0,242.5
2019-02-20T07:43:23,33.3,165.9,235.4,1.5,360.0,243.5
2019-02-20T07:43:54,33.2,188.4,227.1,1.4,370.0,244.4
2019-02-20T07:44:25,33.1,184.8,230.7,1.4,370.0,244.4
2019-02-20T07:44:56,33.1,163.0,229.5,1.7,380.0,245.4
2019-02-20T07:45:27,33.2,185.4,227.7,1.4,380.0,245.4
2019-02-20T07:45:58,33.3,189.6,226.5,1.5,390.0,244.4
2019-02-20T07:46:30,33.2,168.3,239.0,1.6,390.0,243.5
2019-02-20T07:47:01,33.2,168.9,241.3,1.6,400.0,244.4
2019-02-20T07:47:32,33.3,170.7,225.9,1.7,400.0,245.4
2019-02-20T07:48:03,33.3,171.3,218.8,1.8,410.0,244.4
2019-02-20T07:48:34,33.4,174.2,234.8,1.7,410.0,245.4
2019-02-20T07:49:05,33.5,176.6,225.4,1.6,420.0,244.4
2019-02-20T07:49:36,33.5,178.3,218.3,1.6,420.0,245.4
2019-02-20T07:50:07,33.7,177.8,232.4,1.6,430.0,245.4
2019-02-20T07:50:39,33.7,178.3,235.4,1.5,430.0,245.4
2019-02-20T07:51:10,33.8,173.0,223.6,1.6,440.0,245.4
2019-02-20T07:51:41,33.8,177.2,225.9,1.6,440.0,246.4
2019-02-20T07:52:12,33.8,181.3,229.5,1.4,450.0,245.4
2019-02-20T07:52:43,33.7,167.7,230.7,1.2,450.0,244.4
2019-02-20T07:53:14,33.8,164.2,220.0,0.7,450.0,244.4
2019-02-20T07:53:45,33.8,151.8,207.6,0.7,450.0,244.4
2019-02-20T07:54:16,33.8,173.0,229.5,0.6,460.0,244.4
2019-02-20T07:54:47,33.8,196.1,207.6,0.6,460.0,245.4
2019-02-20T07:55:18,33.9,216.7,225.9,0.8,460.0,244.4
2019-02-20T07:55:50,33.9,190.2,241.3,1.4,470.0,246.4
2019-02-20T07:56:21,34.0,173.6,223.6,1.5,470.0,245.4
2019-02-20T07:56:52,34.1,174.2,220.0,0.9,480.0,244.4
2019-02-20T07:57:23,34.1,205.5,220.6,1.3,480.0,245.4
2019-02-20T07:57:54,34.2,227.4,195.2,1.2,480.0,244.4
2019-02-20T07:58:25,34.2,222.7,178.6,1.3,490.0,246.4
2019-02-20T07:58:56,34.1,213.8,199.3,1.4,500.0,246.4
2019-02-20T07:59:27,34.2,223.2,215.3,1.3,500.0,246.4
2019-02-20T07:59:58,34.2,225.0,225.4,1.2,510.0,244.4
2019-02-20T08:00:29,34.2,207.3,225.9,1.4,510.0,246.4
2019-02-20T08:01:01,34.2,195.5,220.6,1.5,520.0,244.4
2019-02-20T08:01:32,34.4,217.9,225.9,1.5,520.0,245.4
2019-02-20T08:02:03,34.4,213.2,230.1,1.6,530.0,245.4
2019-02-20T08:02:34,34.5,191.9,235.4,2.0,540.0,245.4
2019-02-20T08:03:05,34.5,195.5,237.2,1.9,540.0,246.4
2019-02-20T08:03:36,34.5,197.3,220.0,2.0,550.0,246.4
2019-02-20T08:04:07,34.5,194.3,233.0,2.1,560.0,246.4
2019-02-20T08:04:38,34.6,194.3,229.5,2.2,570.0,247.3
2019-02-20T08:05:09,34.6,190.8,224.2,2.2,570.0,247.3
2019-02-20T08:05:40,34.7,186.6,235.4,2.2,580.0,248.3
2019-02-20T08:06:12,34.7,191.9,231.3,2.3,590.0,246.4
2019-02-20T08:06:43,34.8,188.4,239.5,2.0,600.0,245.4
2019-02-20T08:07:14,34.8,181.3,230.1,2.2,610.0,245.4
2019-02-20T08:07:45,34.9,177.2,233.0,2.3,610.0,247.3
2019-02-20T08:08:16,35.0,179.5,230.1,2.1,620.0,247.3
2019-02-20T08:08:47,34.9,184.3,227.7,2.2,630.0,246.4
2019-02-20T08:09:18,35.0,176.0,226.5,2.2,640.0,247.3
2019-02-20T08:09:49,35.0,182.5,236.0,2.2,640.0,244.4
2019-02-20T08:10:20,34.9,181.9,221.8,2.2,650.0,245.4
2019-02-20T08:10:51,34.8,177.8,223.0,2.2,660.0,245.4
2019-02-20T08:11:23,34.9,180.7,234.2,0.9,670.0,244.4
2019-02-20T08:11:54,34.9,175.4,221.8,1.0,670.0,243.5
2019-02-20T08:12:25,34.8,197.3,210.0,0.9,670.0,243.5
2019-02-20T08:12:56,34.9,202.6,231.9,0.9,670.0,243.5
2019-02-20T08:13:27,34.8,194.9,227.7,0.8,680.0,243.5
2019-02-20T08:13:58,34.8,175.4,205.8,0.9,680.0,243.5
2019-02-20T08:14:29,34.7,175.4,227.7,0.9,680.0,243.5
2019-02-20T08:15:00,34.6,159.4,210.0,1.0,690.0,243.5
2019-02-20T08:15:31,34.6,170.1,210.0,1.0,690.0,244.4
2019-02-20T08:16:03,34.6,194.3,234.2,1.0,690.0,242.5
2019-02-20T08:16:34,34.5,219.1,218.8,1.0,700.0,245.4
2019-02-20T08:17:05,34.5,222.7,199.9,1.8,700.0,246.4
2019-02-20T08:17:36,34.6,213.2,227.7,1.9,710.0,246.4
2019-02-20T08:18:07,34.7,226.2,225.4,1.7,720.0,246.4
2019-02-20T08:18:38,34.8,217.3,222.4,1.8,730.0,246.4
2019-02-20T08:19:09,34.9,194.3,232.4,2.3,740.0,246.4
2019-02-20T08:19:40,35.0,181.9,217.7,2.5,750.0,246.4
2019-02-20T08:20:11,35.2,184.8,227.7,1.3,750.0,243.5
2019-02-20T08:20:42,35.2,164.2,246.6,2.1,760.0,243.5
2019-02-20T08:21:14,35.2,145.3,229.5,2.8,770.0,247.3
2019-02-20T08:21:45,35.2,147.0,223.6,3.2,780.0,246.4
2019-02-20T08:22:16,35.3,158.3,238.4,3.1,790.0,246.4
2019-02-20T08:22:47,35.3,157.1,222.4,2.3,800.0,246.4
2019-02-20T08:23:18,35.3,170.7,214.7,1.4,800.0,244.4
2019-02-20T08:23:49,35.3,165.4,228.3,1.4,800.0,245.4
2019-02-20T08:24:20,35.3,184.3,231.3,1.5,810.0,246.4
2019-02-20T08:24:51,35.3,181.3,229.5,1.2,820.0,244.4
2019-02-20T08:25:22,35.3,180.7,230.1,1.3,820.0,244.4
2019-02-20T08:25:53,35.2,191.3,211.2,1.1,820.0,245.4
2019-02-20T08:26:25,35.2,168.9,230.7,1.4,830.0,244.4
2019-02-20T08:26:56,35.3,141.1,199.3,3.5,830.0,247.3
2019-02-20T08:27:27,35.4,145.9,202.9,1.9,840.0,246.4
2019-02-20T08:27:58,35.4,158.3,219.4,1.5,850.0,245.4
2019-02-20T08:28:29,35.5,185.4,242.5,1.6,850.0,246.4
2019-02-20T08:29:00,35.5,217.3,249.0,2.1,860.0,247.3
2019-02-20T08:29:31,35.6,212.0,238.4,1.1,870.0,246.4
2019-02-20T08:30:02,35.5,215.6,216.5,1.0,870.0,245.4
2019-02-20T08:30:33,35.5,200.8,205.8,1.9,880.0,247.3
2019-02-20T08:31:05,35.6,217.3,222.4,2.5,890.0,247.3
2019-02-20T08:31:36,35.6,215.6,223.0,1.1,890.0,246.4
2019-02-20T08:32:07,35.6,213.2,227.1,1.1,900.0,246.4
2019-02-20T08:32:38,35.5,207.3,211.7,1.2,900.0,245.4
2019-02-20T08:33:09,35.5,204.3,235.4,1.2,910.0,245.4
2019-02-20T08:33:40,35.4,208.5,216.5,1.2,910.0,244.4
2019-02-20T08:34:11,35.5,208.5,229.5,1.3,920.0,245.4
2019-02-20T08:34:42,35.5,215.0,217.1,1.2,920.0,245.4
2019-02-20T08:35:13,35.6,213.8,227.7,1.1,930.0,245.4
2019-02-20T08:35:44,35.5,196.1,228.9,1.3,930.0,243.5
2019-02-20T08:36:16,35.5,185.4,223.0,1.3,940.0,244.4
2019-02-20T08:36:47,35.5,187.8,229.5,1.2,940.0,244.4
2019-02-20T08:37:18,35.6,189.0,225.4,1.1,940.0,244.4
2019-02-20T08:37:49,35.6,188.4,225.9,1.0,950.0,243.5
2019-02-20T08:38:20,35.7,209.7,223.6,1.0,950.0,244.4
2019-02-20T08:38:51,35.7,196.1,223.6,1.1,960.0,244.4
2019-02-20T08:39:22,35.9,204.3,230.7,0.9,960.0,245.4
2019-02-20T08:39:53,35.9,201.4,214.7,1.0,960.0,244.4
2019-02-20T08:40:24,35.9,203.2,195.2,1.1,970.0,244.4
2019-02-20T08:40:56,35.9,176.0,169.1,1.5,970.0,244.4
2019-02-20T08:41:27,35.9,147.0,137.8,3.4,980.0,247.3
2019-02-20T08:41:58,35.9,160.0,162.6,1.7,980.0,245.4
2019-02-20T08:42:29,36.0,160.0,185.7,1.6,990.0,244.4
2019-02-20T08:43:00,36.0,173.6,205.2,1.4,990.0,243.5
2019-02-20T08:43:31,36.1,197.8,224.8,1.3,1000.0,244.4
2019-02-20T08:44:02,36.1,229.7,216.5,2.5,1010.0,247.3
2019-02-20T08:44:33,36.2,200.2,230.7,3.3,1020.0,246.4
2019-02-20T08:45:04,36.2,200.2,229.5,3.5,1030.0,247.3
2019-02-20T08:45:36,36.3,203.7,231.3,3.2,1040.0,247.3
2019-02-20T08:46:07,36.3,203.2,223.6,3.2,1050.0,247.3
2019-02-20T08:46:38,36.4,199.6,230.1,3.3,1070.0,246.4
2019-02-20T08:47:09,36.5,203.7,226.5,3.4,1080.0,247.3
2019-02-20T08:47:40,36.5,197.3,238.4,3.5,1090.0,247.3
2019-02-20T08:48:11,36.5,189.0,235.4,3.4,1100.0,247.3
2019-02-20T08:48:42,36.5,200.8,223.0,3.3,1110.0,248.3
2019-02-20T08:49:13,36.5,209.1,225.4,3.3,1120.0,248.3
2019-02-20T08:49:44,36.5,209.7,232.4,3.3,1140.0,248.3
2019-02-20T08:50:15,36.7,209.7,220.6,3.4,1150.0,248.3
2019-02-20T08:50:47,36.5,205.5,217.7,3.6,1160.0,248.3
2019-02-20T08:51:18,36.7,206.1,224.2,3.5,1170.0,248.3
2019-02-20T08:51:49,36.8,220.3,238.4,0.7,1180.0,243.5
2019-02-20T08:52:20,36.8,206.7,224.8,1.0,1190.0,243.5
2019-02-20T08:52:51,36.9,180.1,200.5,2.0,1190.0,245.4
2019-02-20T08:53:22,36.8,169.5,194.6,2.4,1200.0,244.4
2019-02-20T08:53:53,36.9,168.3,197.0,4.1,1210.0,249.3
2019-02-20T08:54:24,36.9,187.8,230.7,4.0,1220.0,248.3
2019-02-20T08:54:55,37.0,178.3,221.8,2.3,1230.0,245.4
2019-02-20T08:55:26,37.0,192.5,236.6,1.7,1240.0,243.5
2019-02-20T08:55:58,36.8,210.2,241.9,1.4,1240.0,245.4
2019-02-20T08:56:29,36.7,216.2,227.1,2.6,1250.0,244.4
2019-02-20T08:57:00,36.5,207.9,217.7,1.0,1260.0,242.5
2019-02-20T08:57:31,36.5,197.3,212.9,1.1,1260.0,242.5
2019-02-20T08:58:02,36.7,188.4,191.0,2.7,1270.0,244.4
2019-02-20T08:58:33,36.7,202.0,188.1,1.2,1280.0,243.5
2019-02-20T08:59:04,36.8,222.1,220.0,1.4,1280.0,242.5
2019-02-20T08:59:35,36.9,217.9,218.3,3.7,1290.0,244.4
2019-02-20T09:00:06,36.9,211.4,225.4,3.8,1300.0,245.4
2019-02-20T09:00:38,37.0,192.5,239.0,3.2,1320.0,245.4
2019-02-20T09:01:09,36.9,198.4,236.6,1.4,1320.0,242.5
2019-02-20T09:01:40,36.9,207.9,228.3,1.1,1330.0,241.5
2019-02-20T09:02:11,36.9,212.6,227.7,1.2,1330.0,242.5
2019-02-20T09:02:42,37.0,225.0,248.4,3.1,1340.0,243.5
2019-02-20T09:03:13,37.0,221.5,242.5,3.6,1350.0,246.4
2019-02-20T09:03:44,37.1,209.1,221.2,4.2,1370.0,250.2
2019-02-20T09:04:15,37.1,208.5,223.6,4.2,1380.0,250.2
2019-02-20T09:04:46,37.2,208.5,227.7,4.2,1400.0,250.2
2019-02-20T09:05:17,37.4,205.5,223.0,4.2,1420.0,249.3
2019-02-20T09:05:49,37.4,207.3,224.8,4.0,1430.0,249.3
2019-02-20T09:06:20,37.4,205.5,225.4,4.1,1450.0,250.2
2019-02-20T09:06:51,37.4,202.6,225.9,4.1,1460.0,249.3
2019-02-20T09:07:22,37.4,196.1,224.2,4.0,1470.0,250.2
2019-02-20T09:07:53,37.4,207.3,227.1,4.0,1490.0,249.3
2019-02-20T09:08:24,37.5,206.1,221.2,4.0,1500.0,250.2
2019-02-20T09:08:55,37.6,204.3,220.6,4.1,1510.0,250.2
2019-02-20T09:09:26,37.7,202.6,212.9,4.0,1530.0,250.2
2019-02-20T09:09:57,37.8,201.4,227.1,4.1,1540.0,250.2
2019-02-20T09:10:28,37.9,206.7,218.8,4.0,1560.0,251.2
2019-02-20T09:11:00,37.9,204.3,214.7,4.0,1570.0,251.2
2019-02-20T09:11:31,38.0,207.3,224.2,4.1,1590.0,251.2
2019-02-20T09:12:02,38.2,207.9,215.9,4.0,1600.0,251.2
2019-02-20T09:12:33,38.2,207.3,219.4,4.2,1610.0,250.2
2019-02-20T09:13:04,38.3,202.6,222.4,4.0,1630.0,251.2
2019-02-20T09:13:35,38.4,191.3,206.4,4.6,1640.0,251.2
2019-02-20T09:14:06,38.4,183.1,212.3,1.4,1650.0,247.3
2019-02-20T09:14:37,38.4,176.0,204.1,1.5,1660.0,247.3
2019-02-20T09:15:08,38.4,186.0,184.5,3.0,1670.0,249.3
2019-02-20T09:15:39,38.4,191.3,170.9,1.7,1680.0,248.3
2019-02-20T09:16:11,38.3,178.9,191.6,5.1,1690.0,249.3
2019-02-20T09:16:42,38.3,184.8,214.7,4.8,1700.0,251.2
2019-02-20T09:17:13,38.3,181.9,228.9,1.8,1710.0,247.3
2019-02-20T09:17:44,38.3,177.2,206.4,3.4,1720.0,247.3
2019-02-20T09:18:15,38.3,199.0,230.7,4.7,1740.0,249.3
2019-02-20T09:18:46,38.0,193.7,217.7,5.0,1750.0,250.2
2019-02-20T09:19:17,37.8,196.7,223.6,5.0,1770.0,251.2
2019-02-20T09:19:48,37.8,194.9,223.6,5.1,1790.0,253.1
2019-02-20T09:20:19,37.8,196.7,217.7,5.1,1810.0,253.1
2019-02-20T09:20:50,37.8,199.0,230.1,4.4,1830.0,250.2
2019-02-20T09:21:22,37.9,190.8,218.8,4.6,1840.0,250.2
2019-02-20T09:21:53,37.9,176.6,208.2,3.0,1850.0,249.3
2019-02-20T09:22:24,38.2,183.1,214.1,2.0,1860.0,245.4
2019-02-20T09:22:55,38.3,199.0,217.1,4.7,1870.0,249.3
2019-02-20T09:23:26,38.3,215.0,232.4,1.8,1880.0,246.4
2019-02-20T09:23:57,38.4,190.2,220.6,2.4,1890.0,248.3
2019-02-20T09:24:28,38.5,203.2,236.6,1.8,1900.0,246.4
2019-02-20T09:24:59,38.5,199.0,223.0,1.5,1900.0,243.5
2019-02-20T09:25:30,38.6,178.9,214.1,1.6,1910.0,245.4
2019-02-20T09:26:01,38.6,172.4,224.8,1.7,1910.0,246.4
2019-02-20T09:26:32,38.7,148.2,196.4,2.2,1920.0,246.4
2019-02-20T09:27:03,38.7,161.8,204.1,2.2,1930.0,245.4
2019-02-20T09:27:34,38.9,184.8,225.9,5.8,1940.0,249.3
2019-02-20T09:28:05,38.9,193.7,210.6,2.5,1950.0,247.3
2019-02-20T09:28:36,39.0,199.0,204.1,3.1,1970.0,249.3
2019-02-20T09:29:07,39.0,184.8,221.8,3.0,1980.0,249.3
2019-02-20T09:29:38,39.1,171.3,211.7,1.8,1980.0,246.4
2019-02-20T09:30:09,39.1,160.0,222.4,2.1,1990.0,247.3
2019-02-20T09:30:41,39.1,163.0,240.7,5.5,2000.0,249.3
2019-02-20T09:31:12,39.2,175.4,241.9,5.0,2020.0,251.2
2019-02-20T09:31:43,39.2,181.9,219.4,5.4,2030.0,251.2
2019-02-20T09:32:14,39.3,181.3,218.3,5.5,2050.0,249.3
2019-02-20T09:32:45,39.4,196.1,230.1,5.0,2070.0,250.2
2019-02-20T09:33:16,39.4,193.7,213.5,5.0,2080.0,249.3
2019-02-20T09:33:47,39.3,191.3,200.5,1.9,2090.0,246.4
2019-02-20T09:34:18,39.4,163.0,221.2,5.7,2110.0,248.3
2019-02-20T09:34:49,39.5,178.9,211.2,3.3,2120.0,248.3
2019-02-20T09:35:20,39.5,182.5,204.6,2.3,2130.0,245.4
2019-02-20T09:35:52,39.7,184.3,201.1,1.3,2140.0,246.4
2019-02-20T09:36:23,39.7,187.8,205.2,1.0,2140.0,246.4
2019-02-20T09:36:54,39.7,217.9,176.2,1.2,2150.0,245.4
2019-02-20T09:37:25,39.7,198.4,193.4,1.3,2150.0,245.4
2019-02-20T09:37:56,39.7,204.9,194.0,1.1,2160.0,245.4
2019-02-20T09:38:27,39.5,174.8,231.9,5.4,2170.0,250.2
2019-02-20T09:38:58,39.7,194.9,220.6,5.0,2180.0,249.3
2019-02-20T09:39:29,39.7,194.3,214.7,5.0,2200.0,249.3
2019-02-20T09:40:00,39.8,193.7,222.4,5.0,2220.0,249.3
2019-02-20T09:40:32,39.9,189.6,223.0,5.1,2230.0,251.2
2019-02-20T09:41:03,40.0,191.3,217.1,5.0,2250.0,250.2
2019-02-20T09:41:34,40.0,191.3,219.4,5.0,2270.0,250.2
2019-02-20T09:42:05,40.1,186.6,220.6,4.9,2280.0,249.3
2019-02-20T09:42:36,40.2,173.6,219.4,5.3,2300.0,250.2
2019-02-20T09:43:07,40.1,181.9,222.4,5.1,2320.0,250.2
2019-02-20T09:43:38,40.0,189.0,218.3,5.1,2330.0,250.2
2019-02-20T09:44:09,40.1,197.3,215.3,4.6,2350.0,250.2
2019-02-20T09:44:40,40.2,190.2,217.1,5.0,2370.0,250.2
2019-02-20T09:45:11,40.4,187.2,221.2,5.1,2380.0,251.2
2019-02-20T09:45:43,40.4,188.4,213.5,5.0,2400.0,251.2
2019-02-20T09:46:14,40.5,190.8,208.8,5.0,2420.0,252.2
2019-02-20T09:46:45,40.6,187.2,213.5,5.1,2430.0,251.2
2019-02-20T09:47:16,40.6,185.4,221.2,5.3,2450.0,252.2
2019-02-20T09:47:47,40.7,186.0,204.1,5.4,2470.0,251.2
2019-02-20T09:48:18,40.7,199.0,221.2,3.4,2480.0,248.3
2019-02-20T09:48:49,40.8,187.2,207.6,5.2,2490.0,251.2
2019-02-20T09:49:20,40.8,186.6,214.7,5.3,2510.0,252.2
2019-02-20T09:49:51,40.9,185.4,215.3,5.2,2530.0,250.2
2019-02-20T09:50:22,40.9,178.3,220.6,5.3,2550.0,251.2
2019-02-20T09:50:54,41.0,171.3,220.0,5.5,2560.0,250.2
2019-02-20T09:51:25,41.0,175.4,217.1,5.4,2580.0,251.2
2019-02-20T09:51:56,41.0,185.4,212.9,5.3,2600.0,250.2
2019-02-20T09:52:27,41.2,184.8,208.2,5.0,2610.0,250.2
2019-02-20T09:52:58,41.2,185.4,211.2,4.9,2630.0,250.2
2019-02-20T09:53:30,41.2,189.0,211.7,5.1,2650.0,251.2
2019-02-20T09:54:01,41.3,183.1,213.5,5.3,2660.0,250.2
2019-02-20T09:54:32,41.2,187.8,213.5,5.1,2680.0,249.3
2019-02-20T09:55:03,41.3,184.8,218.8,5.2,2700.0,250.2
2019-02-20T09:55:34,41.4,184.8,220.0,5.2,2710.0,250.2
2019-02-20T09:56:06,41.4,185.4,211.7,5.2,2730.0,249.3
2019-02-20T09:56:37,41.5,186.6,220.0,5.4,2750.0,250.2
2019-02-20T09:57:08,41.5,185.4,214.1,5.3,2770.0,249.3
2019-02-20T09:57:39,41.6,184.8,209.4,5.0,2780.0,249.3
2019-02-20T09:58:10,41.6,170.7,217.7,5.6,2800.0,250.2
2019-02-20T09:58:41,41.7,174.2,206.4,5.5,2820.0,249.3
2019-02-20T09:59:12,41.7,162.4,210.0,1.0,2830.0,244.4
2019-02-20T09:59:43,41.7,178.3,186.9,2.3,2830.0,245.4
2019-02-20T10:00:14,41.9,190.2,172.7,3.6,2840.0,248.3
2019-02-20T10:00:45,41.9,187.8,205.2,5.0,2860.0,249.3
2019-02-20T10:01:17,41.9,191.9,208.8,5.3,2880.0,250.2
2019-02-20T10:01:48,41.9,184.8,210.6,5.5,2890.0,251.2
2019-02-20T10:02:19,42.0,170.7,210.0,5.7,2910.0,250.2
2019-02-20T10:02:50,42.0,171.3,213.5,5.7,2930.0,250.2
2019-02-20T10:03:21,42.0,173.0,204.1,5.5,2950.0,249.3
2019-02-20T10:03:52,42.1,187.8,207.0,5.4,2960.0,251.2
2019-02-20T10:04:23,42.1,184.8,218.8,5.4,2980.0,250.2
2019-02-20T10:04:54,42.2,193.7,211.7,4.5,3000.0,247.3
2019-02-20T10:05:25,42.2,176.0,192.2,1.8,3010.0,246.4
2019-02-20T10:05:56,42.2,177.2,208.8,1.8,3010.0,245.4
2019-02-20T10:06:28,42.2,180.1,205.2,1.1,3020.0,244.4
2019-02-20T10:06:59,42.2,163.0,183.3,2.4,3030.0,246.4
2019-02-20T10:07:30,42.2,190.8,208.8,3.8,3040.0,245.4
2019-02-20T10:08:01,42.2,186.6,201.7,4.6,3050.0,248.3
2019-02-20T10:08:32,42.1,169.5,208.2,1.6,3060.0,244.4
2019-02-20T10:09:03,42.1,141.1,179.2,2.9,3070.0,244.4
2019-02-20T10:09:34,41.7,156.5,210.6,2.2,3070.0,244.4
2019-02-20T10:10:05,41.3,131.1,216.5,5.8,3090.0,245.4
2019-02-20T10:10:36,40.8,148.8,218.3,6.4,3100.0,249.3
2019-02-20T10:11:08,40.7,177.8,214.7,5.8,3120.0,249.3
2019-02-20T10:11:39,40.8,173.0,221.2,5.9,3140.0,248.3
2019-02-20T10:12:10,41.0,168.3,211.7,6.1,3160.0,249.3
2019-02-20T10:12:41,41.2,173.0,214.1,6.0,3180.0,249.3
2019-02-20T10:13:12,41.3,168.9,212.9,6.2,3200.0,249.3
2019-02-20T10:13:43,41.4,171.3,214.1,6.1,3210.0,248.3
2019-02-20T10:14:14,41.5,173.0,214.7,5.9,3230.0,249.3
2019-02-20T10:14:45,41.6,174.8,220.0,5.9,3250.0,248.3
2019-02-20T10:15:16,41.7,168.3,215.9,6.2,3270.0,248.3
2019-02-20T10:15:47,41.9,174.2,215.3,5.9,3290.0,248.3
2019-02-20T10:16:19,42.0,174.8,217.7,5.9,3310.0,250.2
2019-02-20T10:16:50,42.0,173.0,210.6,6.0,3330.0,250.2
2019-02-20T10:17:21,42.1,165.4,212.3,6.3,3340.0,250.2
2019-02-20T10:17:52,42.2,173.6,216.5,5.9,3360.0,250.2
2019-02-20T10:18:23,42.3,168.9,215.3,6.1,3380.0,250.2
2019-02-20T10:18:54,42.3,165.4,207.0,6.2,3400.0,250.2
2019-02-20T10:19:25,42.4,171.3,211.2,6.1,3420.0,250.2
2019-02-20T10:19:56,42.5,169.5,213.5,6.2,3430.0,249.3
2019-02-20T10:20:27,42.5,168.9,211.7,6.2,3450.0,250.2
2019-02-20T10:20:58,42.5,168.9,215.3,6.1,3470.0,250.2
2019-02-20T10:21:30,42.7,170.7,214.1,6.1,3490.0,250.2
2019-02-20T10:22:01,42.7,170.1,216.5,6.2,3510.0,250.2
2019-02-20T10:22:32,42.7,167.7,211.7,6.2,3530.0,249.3
2019-02-20T10:23:03,42.8,173.6,203.5,6.0,3550.0,250.2
2019-02-20T10:23:34,42.8,170.1,210.6,6.1,3560.0,250.2
2019-02-20T10:24:05,42.9,165.4,215.3,6.4,3580.0,250.2
2019-02-20T10:24:36,42.7,168.9,214.1,6.2,3600.0,250.2
2019-02-20T10:25:07,42.7,164.2,207.6,6.3,3620.0,250.2
2019-02-20T10:25:38,42.8,166.5,210.6,6.4,3640.0,250.2
2019-02-20T10:26:10,42.8,167.7,208.8,6.3,3660.0,251.2
2019-02-20T10:26:41,42.9,168.9,207.6,6.2,3680.0,251.2
2019-02-20T10:27:12,42.9,163.6,202.3,6.5,3690.0,251.2
2019-02-20T10:27:43,42.9,168.3,208.2,6.3,3710.0,250.2
2019-02-20T10:28:14,42.8,176.0,213.5,5.7,3730.0,250.2
2019-02-20T10:28:45,42.8,164.2,210.0,6.2,3750.0,250.2
2019-02-20T10:29:16,42.7,164.2,213.5,6.4,3770.0,248.3
2019-02-20T10:29:47,42.3,168.3,210.6,6.3,3790.0,249.3
2019-02-20T10:30:18,42.2,172.4,207.0,6.1,3810.0,249.3
2019-02-20T10:30:49,42.3,166.5,204.1,6.4,3830.0,250.2
2019-02-20T10:31:21,42.4,169.5,209.4,6.4,3840.0,250.2
2019-02-20T10:31:52,42.5,170.7,205.2,6.4,3860.0,250.2
2019-02-20T10:32:23,0.0,0.0,0.0,0.0,0.0,0.0
2019-02-20T10:32:54,42.7,158.3,208.8,6.4,3900.0,250.2
2019-02-20T10:33:25,42.8,165.9,212.3,6.4,3920.0,249.3
2019-02-20T10:33:56,42.9,168.9,214.1,6.4,3940.0,249.3
2019-02-20T10:34:27,42.9,167.7,207.6,6.5,3960.0,249.3
2019-02-20T10:34:58,42.9,165.9,204.6,6.7,3980.0,251.2
2019-02-20T10:35:29,43.0,170.1,202.9,6.3,4000.0,249.3
2019-02-20T10:36:00,43.0,170.1,202.3,6.4,4020.0,249.3
2019-02-20T10:36:31,43.1,165.4,207.0,6.7,4030.0,251.2
2019-02-20T10:37:02,43.2,161.2,212.9,6.7,4050.0,249.3
2019-02-20T10:37:33,43.4,163.6,211.2,6.7,4070.0,250.2
2019-02-20T10:38:04,43.5,161.2,208.8,6.4,4090.0,250.2
2019-02-20T10:38:35,43.5,158.9,205.8,6.5,4110.0,248.3
2019-02-20T10:39:06,43.5,170.7,205.8,5.9,4130.0,248.3
2019-02-20T10:39:37,43.6,164.2,208.2,6.4,4150.0,248.3
2019-02-20T10:40:08,43.6,163.0,201.1,6.8,4170.0,247.3
2019-02-20T10:40:40,43.7,163.6,201.7,6.8,4190.0,247.3
2019-02-20T10:41:11,43.7,167.7,207.0,6.7,4210.0,250.2
2019-02-20T10:41:42,43.8,168.9,211.7,6.6,4230.0,247.3
2019-02-20T10:42:13,43.8,168.9,215.3,6.5,4250.0,248.3
2019-02-20T10:42:44,43.9,161.8,209.4,6.9,4270.0,250.2
2019-02-20T10:43:15,43.9,160.6,208.8,6.8,4290.0,248.3
2019-02-20T10:43:46,44.0,152.9,203.5,6.8,4310.0,249.3
2019-02-20T10:44:17,44.0,151.8,202.3,6.9,4320.0,250.2
2019-02-20T10:44:48,44.2,160.0,203.5,6.9,4340.0,248.3
2019-02-20T10:45:19,44.2,157.1,204.6,6.7,4360.0,249.3
2019-02-20T10:45:51,44.2,160.6,207.6,6.6,4380.0,248.3
2019-02-20T10:46:22,44.2,153.5,212.3,6.9,4400.0,249.3
2019-02-20T10:46:53,44.0,161.2,206.4,6.5,4420.0,248.3
2019-02-20T10:47:24,43.9,155.3,205.8,6.8,4440.0,249.3
2019-02-20T10:47:55,43.9,158.3,211.2,6.6,4460.0,249.3
2019-02-20T10:48:26,44.0,158.3,204.6,6.7,4480.0,249.3
2019-02-20T10:48:57,44.2,157.1,205.8,6.8,4500.0,249.3
2019-02-20T10:49:28,44.2,150.6,211.7,7.0,4520.0,248.3
2019-02-20T10:49:59,44.3,155.3,211.2,6.8,4540.0,249.3
2019-02-20T10:50:30,44.4,155.9,207.6,6.7,4560.0,249.3
2019-02-20T10:51:02,44.4,157.7,205.2,6.7,4580.0,249.3
2019-02-20T10:51:33,44.5,151.2,207.6,7.0,4600.0,248.3
2019-02-20T10:52:04,44.5,150.0,211.2,6.9,4620.0,249.3
2019-02-20T10:52:35,44.6,152.4,205.2,6.9,4630.0,248.3
2019-02-20T10:53:06,44.6,158.3,207.0,6.7,4650.0,248.3
2019-02-20T10:53:37,44.6,158.3,202.3,6.8,4670.0,249.3
2019-02-20T10:54:08,44.7,167.7,201.1,6.7,4690.0,249.3
2019-02-20T10:54:39,44.7,154.1,197.0,7.0,4710.0,250.2
2019-02-20T10:55:10,44.7,162.4,203.5,6.9,4730.0,250.2
2019-02-20T10:55:41,44.9,151.2,210.6,7.1,4750.0,250.2
2019-02-20T10:56:13,44.9,152.9,202.9,7.2,4770.0,249.3
2019-02-20T10:56:44,44.7,158.3,200.5,6.9,4790.0,249.3
2019-02-20T10:57:15,44.6,153.5,206.4,7.1,4810.0,249.3
2019-02-20T10:57:46,44.6,154.7,205.8,7.0,4830.0,249.3
2019-02-20T10:58:17,44.6,160.6,206.4,6.7,4850.0,249.3
2019-02-20T10:58:48,44.7,151.8,207.0,7.1,4870.0,249.3
2019-02-20T10:59:19,44.9,150.0,201.7,7.3,4890.0,249.3
2019-02-20T10:59:50,45.0,155.3,200.5,7.0,4910.0,248.3
2019-02-20T11:00:21,45.0,158.3,196.4,6.8,4930.0,249.3
2019-02-20T11:00:52,45.0,157.1,200.5,6.9,4950.0,248.3
2019-02-20T11:01:24,45.1,152.9,198.1,7.1,4970.0,249.3
2019-02-20T11:01:55,45.1,149.4,198.7,7.3,4990.0,248.3
2019-02-20T11:02:26,45.2,155.3,198.1,7.0,5010.0,248.3
2019-02-20T11:02:57,45.2,155.3,200.5,7.1,5030.0,250.2
2019-02-20T11:03:28,45.3,154.1,205.8,7.1,5050.0,249.3
2019-02-20T11:03:59,45.2,150.6,209.4,7.3,5070.0,249.3
2019-02-20T11:04:30,45.1,161.2,210.0,6.8,5090.0,250.2
2019-02-20T11:05:01,45.2,151.8,208.8,7.3,5110.0,250.2
2019-02-20T11:05:32,45.2,155.9,209.4,7.2,5130.0,249.3
2019-02-20T11:06:04,45.2,154.1,206.4,7.2,5150.0,250.2
2019-02-20T11:06:35,45.3,152.4,202.9,7.2,5170.0,249.3
2019-02-20T11:07:06,45.3,155.3,206.4,7.2,5190.0,250.2
2019-02-20T11:07:37,0.0,0.0,0.0,0.0,0.0,0.0
2019-02-20T11:08:08,45.2,153.5,207.0,7.1,5230.0,249.3
2019-02-20T11:08:39,45.2,152.9,201.7,7.3,5250.0,249.3
2019-02-20T11:09:10,45.3,149.4,197.5,7.3,5270.0,249.3
2019-02-20T11:09:41,45.1,152.4,199.9,7.3,5290.0,249.3
2019-02-20T11:10:12,45.2,155.9,201.7,7.2,5310.0,249.3
2019-02-20T11:10:43,45.4,150.0,205.2,7.4,5330.0,249.3
2019-02-20T11:11:15,45.5,150.6,197.5,7.4,5350.0,249.3
2019-02-20T11:11:46,45.5,148.8,198.1,7.5,5370.0,249.3
2019-02-20T11:12:17,45.7,149.4,208.2,7.4,5390.0,249.3
2019-02-20T11:12:48,45.8,151.2,206.4,7.3,5410.0,249.3
2019-02-20T11:13:19,45.8,155.9,198.1,7.1,5430.0,250.2
2019-02-20T11:13:50,45.7,155.9,199.9,7.1,5450.0,248.3
2019-02-20T11:14:21,45.5,151.2,199.9,7.4,5470.0,249.3
2019-02-20T11:14:52,45.4,150.6,199.9,7.4,5500.0,250.2
2019-02-20T11:15:23,45.1,154.7,199.3,7.2,5520.0,249.3
2019-02-20T11:15:55,45.1,147.6,202.9,7.2,5540.0,249.3
2019-02-20T11:16:26,45.0,141.7,208.8,7.0,5560.0,250.2
2019-02-20T11:16:57,44.5,139.4,209.4,7.6,5580.0,251.2
2019-02-20T11:17:28,44.5,140.5,206.4,7.5,5600.0,250.2
2019-02-20T11:17:59,44.5,152.4,204.6,7.1,5620.0,250.2
2019-02-20T11:18:30,44.7,151.8,207.0,7.5,5640.0,249.3
2019-02-20T11:19:01,44.9,152.4,205.8,7.4,5660.0,250.2
2019-02-20T11:19:32,44.9,152.4,205.8,7.4,5680.0,249.3
2019-02-20T11:20:03,45.0,151.2,203.5,7.5,5700.0,249.3
2019-02-20T11:20:35,45.0,154.7,208.2,7.0,5720.0,250.2
2019-02-20T11:21:06,45.1,152.4,201.7,7.4,5740.0,250.2
2019-02-20T11:21:37,45.3,158.3,197.0,7.2,5760.0,250.2
2019-02-20T11:22:08,45.4,153.5,197.5,6.9,5780.0,249.3
2019-02-20T11:22:39,45.5,148.2,197.5,7.3,5800.0,250.2
2019-02-20T11:23:10,45.7,155.9,208.2,7.3,5820.0,250.2
2019-02-20T11:23:41,45.8,154.7,205.8,7.3,5840.0,250.2
2019-02-20T11:24:12,45.8,150.0,204.1,7.6,5860.0,251.2
2019-02-20T11:24:43,46.0,149.4,201.1,7.6,5890.0,251.2
2019-02-20T11:25:14,46.0,148.2,194.6,7.6,5910.0,249.3
2019-02-20T11:25:46,46.0,151.2,195.8,7.7,5930.0,249.3
2019-02-20T11:26:17,46.1,155.9,197.5,7.3,5950.0,250.2
2019-02-20T11:26:48,46.1,153.5,197.0,7.5,5970.0,250.2
2019-02-20T11:27:19,46.2,150.0,197.0,7.7,5990.0,251.2
2019-02-20T11:27:50,46.2,146.4,205.2,7.7,6010.0,249.3
2019-02-20T11:28:21,46.2,150.0,199.9,7.6,6030.0,249.3
2019-02-20T11:28:52,46.4,155.9,196.4,7.3,6050.0,250.2
2019-02-20T11:29:23,46.4,150.0,201.1,7.7,6070.0,250.2
2019-02-20T11:29:54,46.5,146.4,198.7,6.8,6100.0,249.3
2019-02-20T11:30:25,46.5,155.9,205.2,7.4,6120.0,250.2
2019-02-20T11:30:57,46.5,147.0,208.2,7.9,6140.0,250.2
2019-02-20T11:31:28,46.6,154.7,201.7,7.4,6160.0,249.3
2019-02-20T11:31:59,46.6,141.1,202.9,7.8,6180.0,248.3
2019-02-20T11:32:30,46.6,151.2,208.8,7.7,6200.0,248.3
2019-02-20T11:33:01,46.6,152.9,199.3,7.5,6220.0,248.3
2019-02-20T11:33:32,46.7,151.2,201.1,7.7,6240.0,248.3
2019-02-20T11:34:03,46.7,160.0,204.6,7.1,6260.0,248.3
2019-02-20T11:34:34,46.7,154.1,203.5,7.5,6290.0,247.3
2019-02-20T11:35:05,46.8,152.9,198.7,7.6,6310.0,248.3
2019-02-20T11:35:37,46.8,142.3,194.0,7.5,6330.0,248.3
2019-02-20T11:36:08,46.8,150.0,194.6,7.7,6350.0,249.3
2019-02-20T11:36:39,46.8,144.7,197.5,7.9,6370.0,249.3
2019-02-20T11:37:10,46.8,154.1,197.5,7.6,6390.0,248.3
2019-02-20T11:37:41,46.9,155.9,203.5,6.8,6410.0,248.3
2019-02-20T11:38:12,46.9,161.8,206.4,7.4,6430.0,248.3
2019-02-20T11:38:43,0.0,0.0,0.0,0.0,0.0,0.0
2019-02-20T11:39:14,47.0,165.4,204.6,7.4,6480.0,247.3
2019-02-20T11:39:45,47.0,157.7,204.6,7.7,6500.0,247.3
2019-02-20T11:40:16,0.0,0.0,0.0,0.0,0.0,0.0
2019-02-20T11:40:48,47.2,153.5,204.6,7.4,6540.0,245.4
2019-02-20T11:41:19,47.2,160.0,207.0,7.1,6560.0,247.3
2019-02-20T11:41:50,47.2,138.8,204.6,7.3,6580.0,246.4
2019-02-20T11:42:21,47.2,141.7,198.7,7.7,6600.0,246.4
2019-02-20T11:42:52,47.2,153.5,201.7,7.6,6620.0,245.4
2019-02-20T11:43:23,47.3,160.0,198.1,7.7,6650.0,245.4
2019-02-20T11:43:54,0.0,0.0,0.0,0.0,0.0,0.0
2019-02-20T11:44:25,47.3,159.4,199.3,7.6,6690.0,247.3
2019-02-20T11:44:56,47.4,159.4,201.1,7.7,6710.0,247.3
2019-02-20T11:45:27,47.4,164.8,202.9,7.4,6730.0,246.4
2019-02-20T11:45:59,47.4,159.4,205.2,7.7,6760.0,247.3
2019-02-20T11:46:30,47.5,160.0,202.3,7.6,6780.0,247.3
2019-02-20T11:47:01,47.5,158.3,196.4,7.8,6800.0,247.3
2019-02-20T11:47:32,0.0,0.0,0.0,0.0,0.0,0.0
2019-02-20T11:48:03,47.6,158.3,202.9,7.8,6840.0,246.4
2019-02-20T11:48:34,47.6,162.4,201.1,7.5,6870.0,247.3
2019-02-20T11:49:05,47.6,157.7,202.3,6.0,6890.0,246.4
2019-02-20T11:49:36,47.5,159.4,199.9,7.6,6910.0,248.3
2019-02-20T11:50:07,47.6,159.4,198.1,7.6,6930.0,246.4
2019-02-20T11:50:39,47.6,159.4,198.1,7.2,6950.0,246.4
2019-02-20T11:51:10,0.0,0.0,0.0,0.0,0.0,0.0
2019-02-20T11:51:41,47.6,160.0,202.9,7.7,6990.0,246.4
2019-02-20T11:52:12,47.7,170.7,200.5,7.0,7020.0,247.3
2019-02-20T11:52:43,47.7,158.3,205.2,7.3,7040.0,246.4
2019-02-20T11:53:14,0.0,0.0,0.0,0.0,0.0,0.0
2019-02-20T11:53:45,0.0,0.0,0.0,0.0,0.0,0.0
2019-02-20T11:54:16,0.0,0.0,0.0,0.0,0.0,0.0
2019-02-20T11:54:47,47.6,163.6,204.1,6.9,7120.0,247.3
2019-02-20T11:55:18,47.6,174.8,199.9,6.6,7140.0,247.3
2019-02-20T11:55:50,47.7,164.2,201.1,6.8,7160.0,247.3
2019-02-20T11:56:21,0.0,0.0,0.0,0.0,0.0,0.0
2019-02-20T11:56:52,47.5,167.1,203.5,6.6,7200.0,247.3
2019-02-20T11:57:23,0.0,0.0,0.0,0.0,0.0,0.0
2019-02-20T11:57:54,47.6,135.2,202.3,7.7,7240.0,247.3
2019-02-20T11:58:25,47.6,137.6,201.1,8.2,7260.0,248.3
2019-02-20T11:58:56,47.6,137.0,205.8,7.7,7290.0,247.3
2019-02-20T11:59:27,0.0,0.0,0.0,0.0,0.0,0.0
2019-02-20T11:59:58,47.6,131.1,202.3,8.2,7330.0,246.4
2019-02-20T12:00:29,47.6,138.8,204.6,7.7,7350.0,245.4
2019-02-20T12:01:01,47.6,124.0,204.1,8.5,7370.0,245.4
2019-02-20T12:01:32,47.4,122.8,198.7,8.2,7390.0,246.4
2019-02-20T12:02:03,47.0,131.1,197.5,8.1,7410.0,246.4
2019-02-20T12:02:34,47.0,118.1,198.1,8.4,7430.0,246.4
2019-02-20T12:03:05,47.2,121.6,200.5,8.2,7450.0,246.4
2019-02-20T12:03:36,47.3,125.2,199.3,8.0,7470.0,247.3
2019-02-20T12:04:07,47.4,125.2,193.4,8.0,7490.0,246.4
2019-02-20T12:04:38,47.5,130.5,194.6,8.0,7510.0,246.4
2019-02-20T12:05:09,0.0,0.0,0.0,0.0,0.0,0.0
2019-02-20T12:05:40,47.6,127.5,199.9,7.7,7550.0,247.3
2019-02-20T12:06:12,47.6,121.6,202.9,8.1,7580.0,249.3
2019-02-20T12:06:43,47.7,127.5,202.3,8.3,7600.0,250.2
2019-02-20T12:07:14,47.7,130.5,194.6,8.2,7620.0,249.3
2019-02-20T12:07:45,47.7,129.9,198.1,8.3,7640.0,250.2
2019-02-20T12:08:16,47.7,135.2,192.2,8.0,7660.0,251.2
2019-02-20T12:08:47,47.7,131.1,197.0,7.9,7680.0,250.2
2019-02-20T12:09:18,47.9,130.5,193.4,8.2,7700.0,250.2
2019-02-20T12:09:49,47.9,122.2,199.3,8.2,7720.0,249.3
2019-02-20T12:10:20,47.9,125.2,199.3,8.4,7740.0,251.2
2019-02-20T12:10:51,47.9,135.2,202.3,7.0,7760.0,250.2
2019-02-20T12:11:23,47.9,129.3,202.3,7.3,7780.0,250.2
2019-02-20T12:11:54,47.9,129.3,200.5,8.3,7800.0,250.2
2019-02-20T12:12:25,47.9,131.1,202.3,7.5,7820.0,249.3
2019-02-20T12:12:56,48.0,135.2,199.9,7.9,7850.0,250.2
2019-02-20T12:13:27,48.0,126.4,199.3,8.5,7870.0,251.2
2019-02-20T12:13:58,48.0,129.3,202.3,6.8,7890.0,250.2
2019-02-20T12:14:29,48.0,116.3,204.6,8.2,7910.0,249.3
2019-02-20T12:15:00,0.0,0.0,0.0,0.0,0.0,0.0
2019-02-20T12:15:31,47.7,119.9,203.5,7.8,7950.0,250.2
2019-02-20T12:16:03,47.3,114.6,202.3,8.1,7970.0,249.3
2019-02-20T12:16:34,47.2,111.0,201.1,8.4,7990.0,250.2
2019-02-20T12:17:05,0.0,0.0,0.0,0.0,0.0,0.0
2019-02-20T12:17:36,47.4,113.4,197.0,8.3,8030.0,250.2
2019-02-20T12:18:07,47.5,115.7,192.2,8.1,8050.0,250.2
2019-02-20T12:18:38,47.5,119.3,199.3,7.8,8070.0,249.3
2019-02-20T12:19:09,0.0,0.0,0.0,0.0,0.0,0.0
2019-02-20T12:19:40,47.7,112.8,194.6,8.3,8110.0,249.3
2019-02-20T12:20:11,47.7,106.9,192.2,8.8,8130.0,248.3
2019-02-20T12:20:42,47.9,114.0,196.4,8.3,8150.0,249.3
2019-02-20T12:21:14,47.9,112.2,195.8,8.3,8170.0,248.3
2019-02-20T12:21:45,48.0,114.0,199.3,8.1,8190.0,249.3
2019-02-20T12:22:16,48.0,117.5,198.7,8.0,8210.0,248.3
2019-02-20T12:22:47,47.9,116.3,198.7,8.1,8230.0,249.3
2019-02-20T12:23:18,48.0,112.2,201.7,8.2,8250.0,249.3
2019-02-20T12:23:49,0.0,0.0,0.0,0.0,0.0,0.0
2019-02-20T12:24:20,47.9,117.5,199.9,7.8,8290.0,249.3
2019-02-20T12:24:51,48.0,108.6,201.7,8.4,8310.0,248.3
2019-02-20T12:25:22,48.1,109.2,193.4,8.5,8330.0,248.3
2019-02-20T12:25:53,48.1,116.3,194.6,7.9,8350.0,248.3
2019-02-20T12:26:25,48.1,102.7,197.5,8.3,8370.0,249.3
2019-02-20T12:26:56,48.2,102.7,192.8,8.4,8390.0,249.3
2019-02-20T12:27:27,48.2,114.6,199.3,8.0,8410.0,249.3
2019-02-20T12:27:58,48.2,111.0,200.5,8.2,8430.0,250.2
2019-02-20T12:28:29,0.0,0.0,0.0,0.0,0.0,0.0
2019-02-20T12:29:00,48.3,124.0,197.0,7.0,8460.0,249.3
2019-02-20T12:29:31,0.0,0.0,0.0,0.0,0.0,0.0
2019-02-20T12:30:02,48.4,102.7,196.4,8.3,8500.0,249.3
2019-02-20T12:30:33,48.4,106.9,200.5,8.0,8520.0,250.2
2019-02-20T12:31:05,48.4,116.9,200.5,7.8,8540.0,250.2
2019-02-20T12:31:36,48.4,124.0,195.8,6.3,8560.0,250.2
2019-02-20T12:32:07,48.4,121.6,198.7,5.8,8580.0,249.3
2019-02-20T12:32:38,48.5,108.1,201.7,7.8,8600.0,250.2
2019-02-20T12:33:09,48.5,103.9,199.3,8.3,8620.0,249.3
2019-02-20T12:33:40,48.5,106.9,194.6,8.0,8640.0,250.2
2019-02-20T12:34:11,48.5,103.9,192.2,8.2,8660.0,249.3
2019-02-20T12:34:42,48.5,109.2,192.2,7.7,8680.0,249.3
2019-02-20T12:35:13,48.7,105.7,195.2,8.1,8700.0,249.3
2019-02-20T12:35:44,48.7,103.9,192.2,8.2,8710.0,249.3
2019-02-20T12:36:16,0.0,0.0,0.0,0.0,0.0,0.0
2019-02-20T12:36:47,48.7,102.7,190.4,8.4,8750.0,249.3
2019-02-20T12:37:18,48.8,104.5,191.6,8.2,8770.0,248.3
2019-02-20T12:37:49,48.8,106.9,191.6,8.0,8790.0,249.3
2019-02-20T12:38:20,48.8,105.7,196.4,8.1,8810.0,250.2
2019-02-20T12:38:51,48.8,103.9,198.1,8.3,8830.0,248.3
2019-02-20T12:39:22,48.7,103.9,197.0,8.2,8850.0,248.3
2019-02-20T12:39:53,48.4,106.9,188.7,8.0,8870.0,247.3
2019-02-20T12:40:24,48.4,102.7,192.2,8.4,8890.0,249.3
2019-02-20T12:40:56,48.4,109.2,191.6,7.8,8910.0,248.3
2019-02-20T12:41:27,48.4,109.2,189.9,7.9,8930.0,248.3
2019-02-20T12:41:58,48.4,103.9,192.2,8.3,8950.0,248.3
2019-02-20T12:42:29,48.3,105.7,193.4,8.2,8970.0,249.3
2019-02-20T12:43:00,48.4,104.5,192.8,8.3,8990.0,248.3
2019-02-20T12:43:31,48.4,106.9,194.6,8.0,9010.0,249.3
2019-02-20T12:44:02,48.5,107.5,192.8,8.0,9030.0,248.3
2019-02-20T12:44:33,48.5,102.7,190.4,8.4,9050.0,249.3
2019-02-20T12:45:04,48.4,106.9,194.0,8.1,9060.0,248.3
2019-02-20T12:45:36,48.1,105.7,192.2,8.2,9080.0,248.3
2019-02-20T12:46:07,48.1,105.1,189.9,8.1,9100.0,248.3
2019-02-20T12:46:38,47.9,107.5,199.3,7.9,9120.0,248.3
2019-02-20T12:47:09,0.0,0.0,0.0,0.0,0.0,0.0
2019-02-20T12:47:40,48.1,107.5,196.4,7.9,9160.0,248.3
2019-02-20T12:48:11,48.2,103.9,194.6,8.3,9180.0,248.3
2019-02-20T12:48:42,48.2,105.7,192.8,8.2,9200.0,249.3
2019-02-20T12:49:13,48.3,108.1,192.8,7.9,9220.0,250.2
2019-02-20T12:49:44,48.4,111.6,194.6,7.5,9240.0,248.3
2019-02-20T12:50:15,48.4,103.9,191.0,8.1,9260.0,248.3
2019-02-20T12:50:47,0.0,0.0,0.0,0.0,0.0,0.0
2019-02-20T12:51:18,48.7,109.2,187.5,7.7,9300.0,249.3
2019-02-20T12:51:49,48.7,112.8,193.4,7.3,9320.0,248.3
2019-02-20T12:52:20,0.0,0.0,0.0,0.0,0.0,0.0
2019-02-20T12:52:51,48.8,103.9,191.6,7.4,9350.0,248.3
2019-02-20T12:53:22,48.8,104.5,192.8,7.2,9370.0,248.3
2019-02-20T12:53:53,48.8,102.7,194.6,7.5,9390.0,249.3
2019-02-20T12:54:24,0.0,0.0,0.0,0.0,0.0,0.0
2019-02-20T12:54:55,0.0,0.0,0.0,0.0,0.0,0.0
2019-02-20T12:55:26,0.0,0.0,0.0,0.0,0.0,0.0
2019-02-20T12:55:58,0.0,0.0,0.0,0.0,0.0,0.0
2019-02-20T12:56:29,48.9,102.7,198.7,7.4,9490.0,249.3
2019-02-20T12:57:00,49.0,102.7,191.6,7.4,9500.0,250.2
2019-02-20T12:57:31,0.0,0.0,0.0,0.0,0.0,0.0
2019-02-20T12:58:02,48.9,102.7,193.4,7.4,9540.0,250.2
2019-02-20T12:58:33,0.0,0.0,0.0,0.0,0.0,0.0
2019-02-20T12:59:04,0.0,0.0,0.0,0.0,0.0,0.0
2019-02-20T12:59:35,48.9,103.3,194.6,6.8,9600.0,250.2
2019-02-20T13:00:06,48.9,102.7,195.8,7.6,9610.0,250.2
2019-02-20T13:00:38,0.0,0.0,0.0,0.0,0.0,0.0
2019-02-20T13:01:09,48.9,104.5,195.8,6.5,9650.0,249.3
2019-02-20T13:01:40,0.0,0.0,0.0,0.0,0.0,0.0
2019-02-20T13:02:11,48.9,106.3,197.5,6.4,9690.0,249.3
2019-02-20T13:02:42,48.9,109.8,191.6,6.1,9710.0,250.2
2019-02-20T13:03:13,48.9,104.5,192.2,7.1,9720.0,249.3
2019-02-20T13:03:44,48.9,103.3,191.6,7.2,9740.0,250.2
2019-02-20T13:04:15,48.9,103.9,194.6,7.4,9760.0,250.2
2019-02-20T13:04:46,0.0,0.0,0.0,0.0,0.0,0.0
2019-02-20T13:05:17,48.9,106.9,195.2,6.5,9800.0,250.2
2019-02-20T13:05:49,48.9,102.7,196.4,6.1,9820.0,250.2
2019-02-20T13:06:20,0.0,0.0,0.0,0.0,0.0,0.0
2019-02-20T13:06:51,48.9,103.3,195.2,7.5,9850.0,249.3
2019-02-20T13:07:22,48.8,102.7,198.1,7.4,9870.0,249.3
2019-02-20T13:07:53,0.0,0.0,0.0,0.0,0.0,0.0
2019-02-20T13:08:24,48.9,107.5,197.5,7.0,9910.0,249.3
2019-02-20T13:08:55,48.8,102.7,191.0,7.6,9930.0,249.3
2019-02-20T13:09:26,48.9,102.7,202.3,7.6,9950.0,249.3
2019-02-20T13:09:57,0.0,0.0,0.0,0.0,0.0,0.0
2019-02-20T13:10:28,48.9,103.9,202.9,7.5,9990.0,248.3
2019-02-20T13:11:00,48.9,108.1,197.5,6.5,10000.0,248.3
2019-02-20T13:11:31,48.9,102.7,196.4,5.7,10020.0,247.3
2019-02-20T13:12:02,48.9,102.7,193.4,5.7,10040.0,247.3
2019-02-20T13:12:33,48.9,103.9,191.0,5.3,10060.0,247.3
2019-02-20T13:13:04,48.9,102.7,197.0,5.6,10070.0,247.3
2019-02-20T13:13:35,48.9,102.1,199.3,5.5,10090.0,248.3
2019-02-20T13:14:06,48.9,104.5,201.7,4.9,10110.0,247.3
2019-02-20T13:14:37,48.8,102.1,198.1,5.6,10120.0,247.3
2019-02-20T13:15:08,48.8,102.7,197.5,5.5,10140.0,248.3
2019-02-20T13:15:39,48.9,105.7,194.0,7.1,10160.0,248.3
2019-02-20T13:16:11,48.9,102.7,192.2,5.6,10180.0,248.3
2019-02-20T13:16:42,48.8,103.9,192.2,5.1,10190.0,248.3
2019-02-20T13:17:13,48.9,103.3,192.8,5.2,10210.0,249.3
2019-02-20T13:17:44,48.9,102.1,197.0,5.5,10230.0,248.3
2019-02-20T13:18:15,0.0,0.0,0.0,0.0,0.0,0.0
2019-02-20T13:18:46,48.8,102.7,192.2,5.4,10260.0,249.3
2019-02-20T13:19:17,48.8,102.7,190.4,5.3,10280.0,249.3
2019-02-20T13:19:48,48.9,102.7,191.6,5.8,10300.0,248.3
2019-02-20T13:20:19,48.8,104.5,191.6,4.8,10310.0,249.3
2019-02-20T13:20:50,48.8,104.5,191.0,4.6,10330.0,250.2
2019-02-20T13:21:22,48.8,104.5,190.4,4.8,10350.0,249.3
2019-02-20T13:21:53,48.9,104.5,191.6,4.6,10360.0,249.3
2019-02-20T13:22:24,48.9,103.9,188.1,4.6,10380.0,249.3
2019-02-20T13:22:55,48.9,104.5,191.0,3.9,10400.0,249.3
2019-02-20T13:23:26,48.9,105.7,189.9,3.5,10410.0,249.3
2019-02-20T13:23:57,48.9,104.5,189.3,4.1,10430.0,249.3
2019-02-20T13:24:28,48.9,105.1,197.0,4.1,10440.0,248.3
2019-02-20T13:24:59,48.8,102.1,192.2,3.6,10460.0,249.3
2019-02-20T13:25:30,48.8,102.1,191.6,3.3,10470.0,248.3
2019-02-20T13:26:02,48.8,104.5,195.2,4.0,10490.0,249.3
2019-02-20T13:26:33,48.8,105.1,192.8,3.7,10500.0,249.3
2019-02-20T13:27:04,48.8,104.5,196.4,3.6,10520.0,249.3
2019-02-20T13:27:35,48.8,107.5,196.4,2.4,10530.0,248.3
2019-02-20T13:28:06,48.8,102.1,194.6,2.4,10550.0,249.3
2019-02-20T13:28:37,0.0,0.0,0.0,0.0,0.0,0.0
2019-02-20T13:29:08,48.7,102.7,194.0,3.2,10580.0,249.3
2019-02-20T13:29:39,0.0,0.0,0.0,0.0,0.0,0.0
2019-02-20T13:30:10,0.0,0.0,0.0,0.0,0.0,0.0
2019-02-20T13:30:41,48.7,103.9,190.4,1.8,10620.0,250.2
2019-02-20T13:31:13,48.5,101.6,192.2,1.9,10640.0,248.3
2019-02-20T13:31:44,48.5,105.7,195.2,1.5,10650.0,247.3
2019-02-20T13:32:15,48.4,109.2,192.2,1.9,10660.0,247.3
2019-02-20T13:32:46,0.0,0.0,0.0,0.0,0.0,0.0
2019-02-20T13:33:17,48.2,112.8,192.2,1.6,10690.0,247.3
2019-02-20T13:33:48,48.2,102.1,189.9,1.8,10710.0,246.4
2019-02-20T13:34:19,48.2,106.3,194.6,1.7,10720.0,248.3
2019-02-20T13:34:50,48.2,105.1,194.0,1.7,10730.0,248.3
2019-02-20T13:35:21,48.3,105.7,192.8,1.5,10750.0,246.4
2019-02-20T13:35:52,48.3,102.7,191.0,1.4,10760.0,247.3
2019-02-20T13:36:24,48.2,108.6,191.6,1.2,10780.0,247.3
2019-02-20T13:36:55,0.0,0.0,0.0,0.0,0.0,0.0
2019-02-20T13:37:26,48.1,102.7,186.9,1.4,10800.0,247.3
2019-02-20T13:37:57,48.2,102.7,192.2,1.5,10820.0,248.3
2019-02-20T13:38:28,48.2,103.3,198.7,1.3,10830.0,248.3
2019-02-20T13:38:59,48.2,102.7,191.6,1.4,10840.0,248.3
2019-02-20T13:39:30,48.2,102.7,196.4,1.4,10860.0,248.3
2019-02-20T13:40:01,48.1,102.7,199.9,1.4,10870.0,248.3
2019-02-20T13:40:32,48.0,104.5,195.2,1.2,10880.0,248.3
2019-02-20T13:41:04,48.1,111.0,195.2,1.2,10900.0,247.3
2019-02-20T13:41:35,48.1,103.9,193.4,1.3,10910.0,247.3
2019-02-20T13:42:06,48.1,102.7,191.6,1.5,10930.0,247.3
2019-02-20T13:42:37,48.1,102.7,190.4,1.3,10940.0,247.3
2019-02-20T13:43:08,48.1,112.8,192.2,1.1,10950.0,248.3
2019-02-20T13:43:39,48.1,109.8,195.2,1.1,10970.0,247.3
2019-02-20T13:44:10,0.0,0.0,0.0,0.0,0.0,0.0
2019-02-20T13:44:41,48.1,104.5,187.5,1.3,10990.0,247.3
2019-02-20T13:45:12,48.0,105.1,188.7,1.4,11010.0,249.3
2019-02-20T13:45:43,0.0,0.0,0.0,0.0,0.0,0.0
2019-02-20T13:46:15,48.0,117.5,190.4,1.0,11030.0,248.3
2019-02-20T13:46:46,48.0,141.1,189.3,1.0,11050.0,247.3
2019-02-20T13:47:17,0.0,0.0,0.0,0.0,0.0,0.0
2019-02-20T13:47:48,47.9,148.8,190.4,0.9,11070.0,248.3
2019-02-20T13:48:19,47.7,144.7,194.6,1.0,11090.0,249.3
2019-02-20T13:48:50,47.3,140.0,192.8,0.9,11100.0,250.2
2019-02-20T13:49:21,47.3,155.9,194.6,0.8,11110.0,250.2
2019-02-20T13:49:52,47.4,140.5,195.2,0.9,11130.0,249.3
2019-02-20T13:50:23,47.4,160.0,198.1,0.8,11140.0,249.3
2019-02-20T13:50:54,47.5,183.7,195.8,0.7,11160.0,249.3
2019-02-20T13:51:26,47.5,206.1,195.8,0.7,11170.0,248.3
2019-02-20T13:51:57,47.6,208.5,197.5,0.7,11180.0,248.3
2019-02-20T13:52:28,47.6,206.7,197.5,0.7,11200.0,249.3
2019-02-20T13:52:59,47.6,210.2,194.0,0.7,11210.0,250.2
2019-02-20T13:53:30,47.6,207.9,195.2,0.8,11220.0,249.3
2019-02-20T13:54:01,47.6,206.7,194.6,0.7,11240.0,249.3
2019-02-20T13:54:32,47.6,207.9,194.6,0.8,11250.0,249.3
2019-02-20T13:55:03,47.6,205.5,191.6,0.8,11260.0,248.3
2019-02-20T13:55:34,47.6,215.6,192.8,0.7,11280.0,249.3
2019-02-20T13:56:06,47.6,210.2,197.5,0.7,11290.0,249.3
2019-02-20T13:56:37,47.6,204.9,201.1,0.7,11300.0,249.3
2019-02-20T13:57:08,47.5,217.3,202.3,0.7,11320.0,249.3
2019-02-20T13:57:39,47.4,199.0,199.3,0.8,11330.0,249.3
2019-02-20T13:58:10,47.3,216.7,197.5,0.7,11350.0,248.3
2019-02-20T13:58:41,47.4,199.0,194.6,0.7,11360.0,247.3
2019-02-20T13:59:12,0.0,0.0,0.0,0.0,0.0,0.0
2019-02-20T13:59:43,47.4,202.0,198.7,0.8,11390.0,247.3
2019-02-20T14:00:14,47.4,210.8,196.4,0.7,11400.0,247.3
2019-02-20T14:00:45,0.0,0.0,0.0,0.0,0.0,0.0
2019-02-20T14:01:17,0.0,0.0,0.0,0.0,0.0,0.0
2019-02-20T14:01:48,47.4,215.0,192.2,0.7,11440.0,247.3
2019-02-20T14:02:19,47.4,213.8,199.3,0.7,11450.0,248.3
2019-02-20T14:02:50,47.4,203.2,197.0,0.8,11470.0,248.3
2019-02-20T14:03:21,47.4,212.6,201.1,0.7,11480.0,247.3
2019-02-20T14:03:52,47.3,216.7,194.6,0.7,11490.0,247.3
2019-02-20T14:04:23,47.2,202.6,199.3,0.7,11510.0,248.3
2019-02-20T14:04:54,47.2,210.2,201.1,0.7,11520.0,247.3
2019-02-20T14:05:25,47.2,217.3,191.6,0.7,11540.0,246.4
2019-02-20T14:05:56,47.3,215.6,195.2,0.7,11550.0,247.3
2019-02-20T14:06:28,47.2,202.6,202.3,0.7,11560.0,247.3
2019-02-20T14:06:59,47.3,209.7,199.3,0.7,11580.0,247.3
2019-02-20T14:07:30,47.3,213.8,189.9,0.8,11590.0,247.3
2019-02-20T14:08:01,47.3,202.6,194.6,0.7,11600.0,246.4
2019-02-20T14:08:32,47.3,212.6,195.2,0.7,11620.0,247.3
2019-02-20T14:09:03,47.3,212.0,193.4,0.7,11630.0,248.3
2019-02-20T14:09:34,47.3,203.7,189.9,0.7,11640.0,247.3
2019-02-20T14:10:05,47.3,204.9,189.3,0.8,11660.0,247.3
2019-02-20T14:10:36,47.3,215.0,192.2,0.7,11670.0,247.3
2019-02-20T14:11:08,47.3,211.4,199.3,0.7,11680.0,249.3
2019-02-20T14:11:39,47.3,200.8,198.7,0.7,11700.0,249.3
2019-02-20T14:12:10,47.3,206.7,195.2,0.7,11710.0,250.2
2019-02-20T14:12:41,47.3,211.4,204.6,0.7,11720.0,249.3
2019-02-20T14:13:12,47.2,211.4,199.9,0.7,11740.0,248.3
2019-02-20T14:13:43,47.2,203.7,195.2,0.8,11750.0,248.3
2019-02-20T14:14:14,0.0,0.0,0.0,0.0,0.0,0.0
2019-02-20T14:14:45,47.2,203.7,194.6,0.7,11780.0,248.3
2019-02-20T14:15:16,47.2,204.3,195.8,0.7,11790.0,248.3
2019-02-20T14:15:47,47.2,208.5,195.2,0.7,11800.0,248.3
2019-02-20T14:16:19,47.2,208.5,197.5,0.7,11820.0,248.3
2019-02-20T14:16:50,47.2,212.6,204.6,0.7,11830.0,248.3
2019-02-20T14:17:21,47.2,206.1,200.5,0.7,11840.0,248.3
2019-02-20T14:17:52,47.2,196.1,196.4,0.8,11860.0,249.3
2019-02-20T14:18:23,47.2,217.3,192.2,0.7,11870.0,249.3
2019-02-20T14:18:54,47.2,199.6,191.6,0.7,11880.0,248.3
2019-02-20T14:19:25,47.2,210.2,193.4,0.8,11900.0,249.3
2019-02-20T14:19:56,47.2,213.8,193.4,0.7,11910.0,249.3
2019-02-20T14:20:27,47.2,202.0,192.2,0.7,11920.0,248.3
2019-02-20T14:20:58,47.2,217.3,192.2,0.6,11940.0,248.3
2019-02-20T14:21:30,47.0,212.0,192.8,0.7,11950.0,249.3
2019-02-20T14:22:01,47.0,199.0,191.6,0.7,11960.0,248.3
2019-02-20T14:22:32,0.0,0.0,0.0,0.0,0.0,0.0
2019-02-20T14:23:03,46.8,212.0,192.8,0.6,11990.0,248.3
2019-02-20T14:23:34,46.9,212.6,198.1,0.7,12000.0,248.3
2019-02-20T14:24:05,46.8,211.4,197.0,0.6,12020.0,248.3
2019-02-20T14:24:36,0.0,0.0,0.0,0.0,0.0,0.0
2019-02-20T14:25:07,46.9,208.5,191.0,0.7,12040.0,248.3
2019-02-20T14:25:38,46.9,207.9,192.2,0.7,12050.0,248.3
2019-02-20T14:26:10,46.9,206.7,195.2,0.7,12070.0,249.3
2019-02-20T14:26:41,0.0,0.0,0.0,0.0,0.0,0.0
2019-02-20T14:27:12,46.9,196.7,195.2,0.7,12090.0,249.3
2019-02-20T14:27:43,0.0,0.0,0.0,0.0,0.0,0.0
2019-02-20T14:28:14,46.9,209.1,194.6,0.7,12120.0,248.3
2019-02-20T14:28:45,47.0,207.3,196.4,0.6,12130.0,247.3
2019-02-20T14:29:16,47.0,207.9,194.0,0.7,12150.0,248.3
2019-02-20T14:29:47,46.8,207.3,199.3,0.7,12160.0,248.3
2019-02-20T14:30:18,46.7,206.7,199.3,0.7,12170.0,248.3
2019-02-20T14:30:49,46.7,210.8,196.4,0.7,12180.0,249.3
2019-02-20T14:31:21,46.8,204.3,191.6,0.7,12200.0,247.3
2019-02-20T14:31:52,46.9,207.9,191.6,0.6,12210.0,247.3
2019-02-20T14:32:23,0.0,0.0,0.0,0.0,0.0,0.0
2019-02-20T14:32:54,0.0,0.0,0.0,0.0,0.0,0.0
2019-02-20T14:33:25,0.0,0.0,0.0,0.0,0.0,0.0
2019-02-20T14:33:56,46.8,207.9,195.8,0.7,12260.0,247.3
2019-02-20T14:34:27,46.9,206.7,195.2,0.7,12270.0,247.3
2019-02-20T14:34:58,0.0,0.0,0.0,0.0,0.0,0.0
2019-02-20T14:35:29,46.9,201.4,192.2,0.7,12300.0,247.3
2019-02-20T14:36:01,0.0,0.0,0.0,0.0,0.0,0.0
2019-02-20T14:36:32,46.9,217.3,195.2,0.6,12330.0,249.3
2019-02-20T14:37:03,47.0,212.0,195.2,0.7,12340.0,248.3
2019-02-20T14:37:34,47.0,201.4,190.4,0.7,12350.0,248.3
2019-02-20T14:38:05,47.0,211.4,201.7,0.7,12360.0,248.3
2019-02-20T14:38:36,46.9,201.4,201.7,0.6,12380.0,248.3
2019-02-20T14:39:07,0.0,0.0,0.0,0.0,0.0,0.0
2019-02-20T14:39:38,0.0,0.0,0.0,0.0,0.0,0.0
2019-02-20T14:40:09,0.0,0.0,0.0,0.0,0.0,0.0
2019-02-20T14:40:40,47.0,209.1,192.2,0.7,12430.0,246.4
2019-02-20T14:41:12,47.0,202.6,191.0,0.7,12440.0,247.3
2019-02-20T14:41:43,47.0,215.6,195.8,0.6,12450.0,247.3
2019-02-20T14:42:14,0.0,0.0,0.0,0.0,0.0,0.0
2019-02-20T14:42:45,47.0,200.8,192.2,0.6,12480.0,247.3
2019-02-20T14:43:16,47.2,215.0,191.6,0.6,12490.0,246.4
2019-02-20T14:43:47,47.2,192.5,192.2,0.6,12500.0,248.3
2019-02-20T14:44:18,47.0,215.6,193.4,0.6,12520.0,248.3
2019-02-20T14:44:49,47.0,207.9,192.2,0.6,12530.0,248.3
2019-02-20T14:45:20,47.0,200.8,201.1,0.7,12540.0,247.3
2019-02-20T14:45:51,47.0,211.4,202.3,0.6,12550.0,247.3
2019-02-20T14:46:23,47.0,208.5,203.5,0.6,12570.0,247.3
2019-02-20T14:46:54,47.0,207.3,197.0,0.6,12580.0,247.3
2019-02-20T14:47:25,0.0,0.0,0.0,0.0,0.0,0.0
2019-02-20T14:47:56,47.0,199.0,193.4,0.6,12600.0,248.3
2019-02-20T14:48:27,47.0,213.2,194.6,0.6,12620.0,247.3
2019-02-20T14:48:58,46.9,209.1,195.8,0.7,12630.0,247.3
2019-02-20T14:49:29,46.8,204.9,195.8,0.6,12640.0,248.3
2019-02-20T14:50:00,46.8,199.6,195.2,0.6,12650.0,247.3
2019-02-20T14:50:31,46.8,207.9,194.0,0.7,12670.0,247.3
2019-02-20T14:51:03,46.9,202.6,195.8,0.7,12680.0,246.4
2019-02-20T14:51:34,0.0,0.0,0.0,0.0,0.0,0.0
2019-02-20T14:52:05,46.7,193.7,201.7,0.6,12700.0,247.3
2019-02-20T14:52:36,46.8,215.6,200.5,0.6,12720.0,246.4
2019-02-20T14:53:07,46.8,203.2,198.1,0.7,12730.0,246.4
2019-02-20T14:53:38,46.8,211.4,196.4,0.6,12740.0,246.4
2019-02-20T14:54:09,46.8,202.0,200.5,0.7,12750.0,245.4
2019-02-20T14:54:40,46.8,210.2,200.5,0.6,12770.0,246.4
2019-02-20T14:55:11,0.0,0.0,0.0,0.0,0.0,0.0
2019-02-20T14:55:42,46.8,210.8,201.7,0.6,12790.0,247.3
2019-02-20T14:56:14,46.9,200.2,199.9,0.6,12800.0,246.4
2019-02-20T14:56:45,46.9,212.6,201.7,0.6,12810.0,247.3
2019-02-20T14:57:16,46.9,199.0,202.9,0.7,12830.0,246.4
2019-02-20T14:57:47,46.8,215.6,204.6,0.6,12840.0,247.3
2019-02-20T14:58:18,46.8,197.8,204.1,0.7,12850.0,245.4
2019-02-20T14:58:49,46.8,211.4,203.5,0.6,12860.0,247.3
2019-02-20T14:59:20,46.8,200.8,201.7,0.6,12880.0,247.3
2019-02-20T14:59:51,46.9,215.0,203.5,0.6,12890.0,246.4
2019-02-20T15:00:22,0.0,0.0,0.0,0.0,0.0,0.0
2019-02-20T15:00:53,0.0,0.0,0.0,0.0,0.0,0.0
2019-02-20T15:01:25,0.0,0.0,0.0,0.0,0.0,0.0
2019-02-20T15:01:56,46.8,201.4,202.3,0.6,12940.0,247.3
2019-02-20T15:02:27,46.8,194.3,198.1,0.6,12950.0,246.4
2019-02-20T15:02:58,46.8,215.0,199.3,0.6,12960.0,247.3
2019-02-20T15:03:29,46.8,199.6,197.5,0.6,12970.0,245.4
2019-02-20T15:04:00,46.8,210.2,196.4,0.6,12980.0,247.3
2019-02-20T15:04:31,46.8,205.5,194.6,0.7,13000.0,245.4
2019-02-20T15:05:02,46.8,204.9,194.6,0.6,13010.0,246.4
2019-02-20T15:05:34,46.8,203.2,196.4,0.6,13020.0,246.4
2019-02-20T15:06:05,0.0,0.0,0.0,0.0,0.0,0.0
2019-02-20T15:06:36,46.8,210.8,194.0,0.6,13050.0,246.4
2019-02-20T15:07:07,46.8,199.6,193.4,0.7,13060.0,245.4
2019-02-20T15:07:38,46.8,210.8,194.6,0.6,13070.0,246.4
2019-02-20T15:08:09,46.8,190.2,194.6,0.6,13080.0,246.4
2019-02-20T15:08:40,46.7,213.2,203.5,0.6,13090.0,247.3
2019-02-20T15:09:11,46.6,199.6,202.3,0.6,13100.0,245.4
2019-02-20T15:09:42,46.5,207.3,204.1,0.6,13120.0,245.4
2019-02-20T15:10:13,0.0,0.0,0.0,0.0,0.0,0.0
2019-02-20T15:10:45,46.1,189.6,195.2,0.6,13140.0,246.4
2019-02-20T15:11:16,0.0,0.0,0.0,0.0,0.0,0.0
2019-02-20T15:11:47,46.0,196.7,195.2,0.7,13160.0,246.4
2019-02-20T15:12:18,46.0,211.4,199.9,0.7,13180.0,246.4
2019-02-20T15:12:49,46.0,199.0,192.8,0.7,13190.0,245.4
2019-02-20T15:13:20,46.0,209.7,198.1,0.6,13200.0,245.4
2019-02-20T15:13:51,46.1,202.0,201.1,0.7,13210.0,246.4
2019-02-20T15:14:22,46.1,204.3,199.3,0.6,13220.0,244.4
2019-02-20T15:14:53,0.0,0.0,0.0,0.0,0.0,0.0
2019-02-20T15:15:24,46.4,195.5,204.6,0.6,13250.0,244.4
2019-02-20T15:15:56,46.4,209.7,198.7,0.6,13260.0,245.4
2019-02-20T15:16:27,46.4,206.7,207.0,0.7,13270.0,245.4
2019-02-20T15:16:58,46.4,199.0,199.3,0.7,13280.0,245.4
2019-02-20T15:17:29,46.4,200.2,201.7,0.6,13290.0,245.4
2019-02-20T15:18:00,46.5,215.6,199.3,0.5,13300.0,244.4
2019-02-20T15:18:31,46.5,204.9,198.1,0.7,13320.0,245.4
2019-02-20T15:19:02,46.5,212.0,197.5,0.6,13330.0,247.3
2019-02-20T15:19:33,0.0,0.0,0.0,0.0,0.0,0.0
2019-02-20T15:20:04,46.5,204.3,206.4,0.7,13350.0,245.4
2019-02-20T15:20:36,46.5,199.0,202.9,0.7,13360.0,245.4
2019-02-20T15:21:07,46.5,209.1,197.5,0.7,13370.0,245.4
2019-02-20T15:21:38,46.5,204.3,207.6,0.6,13390.0,246.4
2019-02-20T15:22:09,46.6,202.0,205.2,0.6,13400.0,246.4
2019-02-20T15:22:40,0.0,0.0,0.0,0.0,0.0,0.0
2019-02-20T15:23:11,46.5,195.5,203.5,0.6,13420.0,246.4
2019-02-20T15:23:42,46.4,194.9,202.3,0.6,13430.0,246.4
2019-02-20T15:24:13,46.5,212.6,202.3,0.6,13440.0,247.3
2019-02-20T15:24:44,46.5,199.6,200.5,0.6,13450.0,243.5
2019-02-20T15:25:15,46.5,204.3,202.9,0.6,13470.0,245.4
2019-02-20T15:25:47,46.4,201.4,207.0,0.6,13480.0,246.4
2019-02-20T15:26:18,46.5,207.9,204.6,0.6,13490.0,245.4
2019-02-20T15:26:49,46.5,204.9,204.6,0.6,13500.0,245.4
2019-02-20T15:27:20,46.5,199.0,202.3,0.7,13510.0,244.4
2019-02-20T15:27:51,46.5,192.5,204.1,0.7,13520.0,245.4
2019-02-20T15:28:22,0.0,0.0,0.0,0.0,0.0,0.0
2019-02-20T15:28:53,46.5,213.8,207.6,0.6,13540.0,245.4
2019-02-20T15:29:24,46.5,196.7,204.1,0.6,13560.0,246.4
2019-02-20T15:29:55,46.4,216.7,199.3,0.6,13570.0,247.3
2019-02-20T15:30:26,46.5,199.0,201.1,0.6,13580.0,247.3
2019-02-20T15:30:58,0.0,0.0,0.0,0.0,0.0,0.0
2019-02-20T15:31:29,46.5,192.5,204.6,0.7,13600.0,246.4
2019-02-20T15:32:00,0.0,0.0,0.0,0.0,0.0,0.0
2019-02-20T15:32:31,46.4,204.3,205.8,0.6,13620.0,247.3
2019-02-20T15:33:02,46.4,199.0,207.6,0.6,13640.0,245.4
2019-02-20T15:33:33,46.4,213.2,205.2,0.6,13650.0,246.4
2019-02-20T15:34:04,0.0,0.0,0.0,0.0,0.0,0.0
2019-02-20T15:34:35,46.4,205.5,210.6,0.7,13670.0,245.4
2019-02-20T15:35:06,46.4,212.6,207.6,0.6,13680.0,246.4
2019-02-20T15:35:38,46.4,191.3,207.6,0.6,13690.0,246.4
2019-02-20T15:36:09,46.2,206.1,206.4,0.6,13700.0,246.4
2019-02-20T15:36:40,46.2,206.7,204.1,0.6,13710.0,245.4
2019-02-20T15:37:11,46.2,202.0,202.3,0.6,13720.0,246.4
2019-02-20T15:37:42,46.2,212.6,203.5,0.6,13740.0,246.4
2019-02-20T15:38:13,46.2,192.5,199.9,0.7,13750.0,246.4
2019-02-20T15:38:44,46.2,213.8,199.9,0.6,13760.0,245.4
2019-02-20T15:39:15,46.2,206.1,204.6,0.6,13770.0,246.4
2019-02-20T15:39:46,46.2,206.7,209.4,0.6,13780.0,246.4
2019-02-20T15:40:17,46.2,204.3,211.7,0.6,13790.0,244.4
2019-02-20T15:40:49,46.2,210.2,210.0,0.6,13800.0,245.4
2019-02-20T15:41:20,46.2,200.8,211.2,0.6,13810.0,246.4
2019-02-20T15:41:51,46.2,211.4,211.7,0.6,13820.0,244.4
2019-02-20T15:42:22,46.2,194.9,210.6,0.6,13830.0,244.4
2019-02-20T15:42:53,0.0,0.0,0.0,0.0,0.0,0.0
2019-02-20T15:43:24,46.2,197.3,210.6,0.6,13860.0,243.5
2019-02-20T15:43:55,46.1,194.9,211.2,0.7,13870.0,244.4
2019-02-20T15:44:26,46.1,215.6,211.2,0.6,13880.0,244.4
2019-02-20T15:44:57,46.1,200.8,207.6,0.6,13890.0,243.5
2019-02-20T15:45:28,46.1,218.5,207.0,0.5,13900.0,244.4
2019-02-20T15:46:00,46.1,196.7,206.4,0.6,13910.0,242.5
2019-02-20T15:46:31,0.0,0.0,0.0,0.0,0.0,0.0
2019-02-20T15:47:02,46.1,197.3,208.2,0.6,13930.0,242.5
2019-02-20T15:47:33,46.1,213.8,207.6,0.6,13940.0,243.5
2019-02-20T15:48:04,46.1,207.3,208.8,0.6,13950.0,242.5
2019-02-20T15:48:35,46.1,204.3,203.5,0.6,13960.0,242.5
2019-02-20T15:49:06,46.1,215.0,206.4,0.6,13970.0,242.5
2019-02-20T15:49:37,46.1,199.6,204.6,0.7,13980.0,243.5
2019-02-20T15:50:08,0.0,0.0,0.0,0.0,0.0,0.0
2019-02-20T15:50:39,46.0,199.6,205.2,0.6,14010.0,242.5
2019-02-20T15:51:11,46.1,217.9,206.4,0.5,14020.0,243.5
2019-02-20T15:51:42,46.1,196.1,204.1,0.6,14030.0,241.5
2019-02-20T15:52:13,46.1,216.7,205.2,0.6,14040.0,241.5
2019-02-20T15:52:44,46.1,200.2,205.8,0.6,14050.0,241.5
2019-02-20T15:53:15,46.1,202.6,209.4,0.6,14060.0,243.5
2019-02-20T15:53:46,0.0,0.0,0.0,0.0,0.0,0.0
2019-02-20T15:54:17,46.1,195.5,208.2,0.6,14080.0,241.5
2019-02-20T15:54:48,46.1,216.2,209.4,0.5,14090.0,243.5
2019-02-20T15:55:19,46.1,204.9,208.8,0.6,14100.0,242.5
2019-02-20T15:55:50,46.1,197.8,204.6,0.7,14110.0,242.5
2019-02-20T15:56:22,46.1,216.7,205.8,0.6,14120.0,243.5
2019-02-20T15:56:53,46.1,194.3,207.0,0.6,14130.0,242.5
2019-02-20T15:57:24,46.1,214.4,210.0,0.6,14140.0,242.5
2019-02-20T15:57:55,46.1,215.0,204.1,0.6,14150.0,244.4
2019-02-20T15:58:26,46.0,211.4,202.3,0.6,14160.0,243.5
2019-02-20T15:58:57,46.1,201.4,204.1,0.6,14170.0,243.5
2019-02-20T15:59:28,46.1,194.9,204.6,0.6,14180.0,243.5
2019-02-20T15:59:59,46.1,213.2,207.6,0.6,14190.0,244.4
2019-02-20T16:00:30,46.1,200.8,202.3,0.6,14200.0,243.5
2019-02-20T16:01:01,46.1,209.1,203.5,0.6,14210.0,243.5
2019-02-20T16:01:32,46.1,204.3,209.4,0.6,14220.0,243.5
2019-02-20T16:02:03,46.1,208.5,202.3,0.6,14230.0,245.4
2019-02-20T16:02:34,0.0,0.0,0.0,0.0,0.0,0.0
2019-02-20T16:03:05,46.0,202.0,211.7,0.6,14250.0,244.4
2019-02-20T16:03:36,45.8,209.1,210.0,0.6,14260.0,243.5
2019-02-20T16:04:07,45.8,204.9,208.2,0.6,14270.0,245.4
2019-02-20T16:04:38,45.8,197.8,218.3,0.6,14280.0,245.4
2019-02-20T16:05:09,45.8,217.9,214.1,0.5,14290.0,245.4
2019-02-20T16:05:41,45.8,195.5,209.4,0.6,14300.0,246.4
2019-02-20T16:06:12,45.7,203.7,199.9,0.6,14310.0,245.4
2019-02-20T16:06:43,45.7,212.6,194.6,0.6,14320.0,244.4
2019-02-20T16:07:14,45.7,191.9,197.5,0.7,14330.0,245.4
2019-02-20T16:07:45,45.7,209.1,205.2,0.6,14340.0,243.5
2019-02-20T16:08:16,45.7,206.1,207.6,0.6,14350.0,245.4
2019-02-20T16:08:47,45.5,189.6,203.5,0.6,14360.0,244.4
2019-02-20T16:09:18,0.0,0.0,0.0,0.0,0.0,0.0
2019-02-20T16:09:49,45.7,202.0,205.2,0.6,14380.0,244.4
2019-02-20T16:10:20,45.5,202.0,199.3,0.6,14390.0,245.4
2019-02-20T16:10:52,0.0,0.0,0.0,0.0,0.0,0.0
2019-02-20T16:11:23,45.5,213.8,197.5,0.6,14400.0,245.4
2019-02-20T16:11:54,45.5,198.4,199.3,0.7,14410.0,245.4
2019-02-20T16:12:25,45.4,197.8,201.7,0.7,14420.0,245.4
2019-02-20T16:12:56,45.4,216.7,204.6,0.6,14430.0,245.4
2019-02-20T16:13:28,45.4,204.3,202.3,0.6,14440.0,244.4
2019-02-20T16:13:59,45.4,211.4,207.6,0.6,14450.0,244.4
2019-02-20T16:14:30,45.4,190.2,213.5,0.6,14460.0,244.4
2019-02-20T16:15:01,45.4,203.2,189.3,0.6,14470.0,244.4
2019-02-20T16:15:32,45.4,210.8,195.2,0.6,14470.0,244.4
2019-02-20T16:16:04,45.4,204.3,199.3,0.6,14480.0,244.4
2019-02-20T16:16:35,0.0,0.0,0.0,0.0,0.0,0.0
2019-02-20T16:17:06,0.0,0.0,0.0,0.0,0.0,0.0
2019-02-20T16:17:37,45.4,202.0,207.0,0.6,14510.0,243.5
2019-02-20T16:18:08,45.4,207.9,195.8,0.6,14520.0,243.5
2019-02-20T16:18:39,45.4,208.5,194.6,0.6,14530.0,243.5
2019-02-20T16:19:10,45.4,204.3,197.5,0.6,14530.0,242.5
2019-02-20T16:19:41,45.4,201.4,199.3,0.6,14540.0,242.5
2019-02-20T16:20:12,0.0,0.0,0.0,0.0,0.0,0.0
2019-02-20T16:20:43,0.0,0.0,0.0,0.0,0.0,0.0
2019-02-20T16:21:15,45.4,202.0,197.5,0.6,14570.0,243.5
2019-02-20T16:21:46,0.0,0.0,0.0,0.0,0.0,0.0
2019-02-20T16:22:17,45.3,196.1,204.1,0.6,14590.0,242.5
2019-02-20T16:22:48,45.3,217.9,207.0,0.6,14590.0,241.5
2019-02-20T16:23:19,45.3,197.8,208.2,0.6,14600.0,243.5
2019-02-20T16:23:50,45.3,202.0,191.6,0.6,14610.0,242.5
2019-02-20T16:24:21,45.2,215.0,191.6,0.6,14620.0,241.5
2019-02-20T16:24:52,45.2,193.1,192.2,0.6,14630.0,242.5
2019-02-20T16:25:23,0.0,0.0,0.0,0.0,0.0,0.0
2019-02-20T16:25:54,45.1,205.5,197.0,0.6,14640.0,242.5
2019-02-20T16:26:26,45.1,212.6,190.4,0.5,14650.0,242.5
2019-02-20T16:26:57,45.0,191.3,188.7,0.6,14660.0,243.5
2019-02-20T16:27:28,45.0,209.1,194.6,0.5,14670.0,241.5
2019-02-20T16:27:59,44.9,206.1,194.0,0.6,14680.0,240.6
2019-02-20T16:28:30,45.0,206.7,197.5,0.5,14680.0,241.5
2019-02-20T16:29:01,44.9,208.5,197.0,0.5,14690.0,240.6
2019-02-20T16:29:32,44.9,201.4,195.2,0.6,14700.0,242.5
2019-02-20T16:30:03,44.9,211.4,198.7,0.6,14710.0,241.5
2019-02-20T16:30:34,44.9,201.4,205.2,0.6,14710.0,240.6
2019-02-20T16:31:06,44.7,213.8,200.5,0.6,14720.0,241.5
2019-02-20T16:31:37,44.7,201.4,182.2,0.6,14730.0,241.5
2019-02-20T16:32:08,44.7,211.4,182.8,0.6,14740.0,241.5
2019-02-20T16:32:39,44.7,207.9,181.6,0.6,14740.0,241.5
2019-02-20T16:33:10,44.7,204.9,180.4,0.6,14750.0,241.5
2019-02-20T16:33:41,44.7,215.0,182.2,0.5,14760.0,242.5
2019-02-20T16:34:12,44.6,196.1,186.3,0.5,14770.0,241.5
2019-02-20T16:34:43,44.6,218.5,192.2,0.5,14770.0,241.5
2019-02-20T16:35:14,0.0,0.0,0.0,0.0,0.0,0.0
2019-02-20T16:35:45,44.6,199.0,188.7,0.5,14790.0,241.5
2019-02-20T16:36:17,44.5,209.7,185.7,0.6,14800.0,241.5
2019-02-20T16:36:48,44.6,206.1,186.3,0.6,14800.0,241.5
2019-02-20T16:37:19,44.5,207.9,182.2,0.6,14810.0,240.6
2019-02-20T16:37:50,44.5,197.8,184.5,0.6,14820.0,241.5
2019-02-20T16:38:21,44.5,217.3,188.7,0.5,14820.0,241.5
2019-02-20T16:38:52,44.5,194.9,178.6,0.6,14830.0,241.5
2019-02-20T16:39:23,44.4,201.4,175.7,0.5,14840.0,240.6
2019-02-20T16:39:54,0.0,0.0,0.0,0.0,0.0,0.0
2019-02-20T16:40:25,44.4,200.8,173.9,0.6,14850.0,239.6
2019-02-20T16:40:56,44.4,215.0,173.3,0.5,14860.0,240.6
2019-02-20T16:41:28,44.3,194.9,174.5,0.6,14860.0,240.6
2019-02-20T16:41:59,44.3,215.6,178.6,0.5,14870.0,241.5
2019-02-20T16:42:30,44.2,194.9,176.2,0.6,14880.0,241.5
2019-02-20T16:43:01,44.2,213.2,172.1,0.5,14880.0,240.6
2019-02-20T16:43:32,44.2,197.8,175.1,0.6,14890.0,240.6
2019-02-20T16:44:03,44.2,202.6,176.2,0.6,14900.0,240.6
2019-02-20T16:44:34,0.0,0.0,0.0,0.0,0.0,0.0
2019-02-20T16:45:05,44.2,191.9,181.6,0.6,14910.0,240.6
2019-02-20T16:45:36,44.0,209.7,179.8,0.6,14920.0,240.6
2019-02-20T16:46:08,0.0,0.0,0.0,0.0,0.0,0.0
2019-02-20T16:46:39,44.0,187.8,163.8,0.6,14930.0,239.6
2019-02-20T16:47:10,44.0,209.7,173.3,0.6,14930.0,239.6
2019-02-20T16:47:41,44.0,203.7,168.6,0.6,14940.0,240.6
2019-02-20T16:48:12,44.0,201.4,176.2,0.6,14950.0,238.6
2019-02-20T16:48:43,44.0,215.0,172.7,0.6,14950.0,238.6
2019-02-20T16:49:14,44.0,194.3,164.4,0.6,14960.0,240.6
2019-02-20T16:49:45,44.0,209.1,165.6,0.5,14960.0,238.6
2019-02-20T16:50:16,44.0,206.1,165.0,0.6,14970.0,238.6
2019-02-20T16:50:47,44.0,193.7,171.5,0.6,14980.0,240.6
2019-02-20T16:51:19,44.0,215.6,179.8,0.6,14980.0,239.6
2019-02-20T16:51:50,44.0,200.8,183.3,0.6,14990.0,239.6
2019-02-20T16:52:21,43.9,206.7,178.6,0.6,14990.0,239.6
2019-02-20T16:52:52,44.0,209.1,177.4,0.6,15000.0,239.6
2019-02-20T16:53:23,43.9,194.9,162.0,0.6,15000.0,240.6
2019-02-20T16:53:54,43.9,216.7,154.4,0.5,15010.0,239.6
2019-02-20T16:54:25,43.9,201.4,160.3,0.6,15010.0,239.6
2019-02-20T16:54:56,43.9,212.0,159.7,0.5,15020.0,239.6
2019-02-20T16:55:27,43.9,204.9,164.4,0.6,15020.0,238.6
2019-02-20T16:55:58,43.9,200.2,168.0,0.6,15030.0,239.6
2019-02-20T16:56:30,43.8,214.4,160.3,0.6,15030.0,239.6
2019-02-20T16:57:01,43.8,197.8,165.0,0.6,15040.0,239.6
2019-02-20T16:57:32,43.8,217.9,163.2,0.5,15050.0,241.5
2019-02-20T16:58:03,43.7,194.9,159.7,0.6,15050.0,240.6
2019-02-20T16:58:34,43.7,213.2,156.7,0.5,15060.0,241.5
2019-02-20T16:59:05,43.8,206.1,155.5,0.5,15060.0,242.5
2019-02-20T16:59:36,43.7,197.8,159.1,0.6,15070.0,240.6
2019-02-20T17:00:07,43.7,219.1,160.3,0.5,15070.0,240.6
2019-02-20T17:00:38,0.0,0.0,0.0,0.0,0.0,0.0
2019-02-20T17:01:10,43.7,213.2,152.6,0.5,15080.0,242.5
2019-02-20T17:01:41,43.7,206.7,162.0,0.5,15090.0,241.5
2019-02-20T17:02:12,43.6,215.0,150.2,0.5,15090.0,242.5
2019-02-20T17:02:43,43.6,207.3,146.7,0.5,15090.0,241.5
2019-02-20T17:03:14,43.6,203.7,147.9,0.6,15100.0,240.6
2019-02-20T17:03:45,43.6,216.2,150.2,0.5,15100.0,242.5
2019-02-20T17:04:16,43.6,203.7,152.6,0.6,15110.0,242.5
2019-02-20T17:04:47,43.5,220.9,159.7,0.5,15110.0,242.5
2019-02-20T17:05:18,43.5,200.8,149.0,0.6,15120.0,244.4
2019-02-20T17:05:49,43.4,222.1,146.1,0.5,15120.0,243.5
2019-02-20T17:06:21,43.4,207.9,146.7,0.5,15130.0,243.5
2019-02-20T17:06:52,43.4,189.0,150.2,0.6,15130.0,243.5
2019-02-20T17:07:23,43.4,210.8,145.5,0.6,15140.0,242.5
2019-02-20T17:07:54,43.4,215.0,148.4,0.5,15140.0,243.5
2019-02-20T17:08:25,43.4,206.1,146.7,0.5,15140.0,242.5
2019-02-20T17:08:56,43.4,220.9,141.3,0.5,15150.0,243.5
2019-02-20T17:09:27,43.4,201.4,147.3,0.5,15150.0,238.6
2019-02-20T17:09:58,43.2,222.1,147.9,0.5,15160.0,239.6
2019-02-20T17:10:29,43.2,203.2,152.0,0.5,15160.0,239.6
2019-02-20T17:11:00,43.2,206.1,134.2,0.6,15160.0,239.6
2019-02-20T17:11:31,43.2,197.8,137.2,0.6,15170.0,239.6
2019-02-20T17:12:02,43.2,219.7,146.1,0.6,15170.0,238.6
2019-02-20T17:12:33,43.2,207.9,133.7,0.6,15180.0,240.6
2019-02-20T17:13:04,43.2,191.3,133.1,0.6,15180.0,240.6
2019-02-20T17:13:35,43.1,213.8,130.7,0.6,15180.0,239.6
2019-02-20T17:14:06,43.1,215.6,130.1,0.6,15190.0,239.6
2019-02-20T17:14:37,43.1,197.3,128.9,0.6,15190.0,239.6
2019-02-20T17:15:08,43.1,219.1,133.1,0.6,15190.0,238.6
2019-02-20T17:15:40,43.1,210.8,132.5,0.5,15200.0,238.6
2019-02-20T17:16:11,43.1,219.7,136.0,0.5,15200.0,239.6
2019-02-20T17:16:42,43.1,214.4,139.0,0.5,15200.0,239.6
2019-02-20T17:17:13,43.0,196.1,131.9,0.5,15210.0,239.6
2019-02-20T17:17:44,43.0,217.3,135.4,0.5,15210.0,238.6
2019-02-20T17:18:15,43.0,214.4,141.3,0.5,15220.0,238.6
2019-02-20T17:18:46,42.9,196.7,135.4,0.5,15220.0,237.7
2019-02-20T17:19:17,42.9,217.9,130.7,0.5,15220.0,238.6
2019-02-20T17:19:48,42.9,225.6,135.4,0.5,15230.0,238.6
2019-02-20T17:20:19,42.9,217.9,140.8,0.6,15230.0,238.6
2019-02-20T17:20:51,42.8,197.3,140.2,0.6,15230.0,239.6
2019-02-20T17:21:22,42.8,215.6,120.6,0.5,15240.0,238.6
2019-02-20T17:21:53,42.8,199.0,117.1,0.6,15240.0,239.6
2019-02-20T17:22:24,42.8,186.6,133.1,0.6,15240.0,237.7
2019-02-20T17:22:55,42.8,202.6,120.6,0.5,15250.0,239.6
2019-02-20T17:23:26,42.7,212.6,130.7,0.5,15250.0,237.7
2019-02-20T17:23:57,42.7,219.7,126.6,0.5,15250.0,237.7
2019-02-20T17:24:28,42.7,212.0,124.8,0.5,15250.0,237.7
2019-02-20T17:24:59,42.7,220.3,120.0,0.5,15260.0,237.7
2019-02-20T17:25:30,42.7,226.2,128.9,0.5,15260.0,236.7
2019-02-20T17:26:02,42.5,204.3,128.9,0.5,15260.0,237.7
2019-02-20T17:26:33,42.5,207.9,126.6,0.5,15270.0,238.6
2019-02-20T17:27:04,42.4,228.0,130.7,0.5,15270.0,238.6
2019-02-20T17:27:35,42.4,206.7,124.8,0.6,15270.0,239.6
2019-02-20T17:28:06,42.4,187.8,124.2,0.6,15280.0,239.6
2019-02-20T17:28:37,42.4,207.9,126.0,0.6,15280.0,238.6
2019-02-20T17:29:08,42.3,224.4,123.6,0.5,15280.0,240.6
2019-02-20T17:29:39,42.3,222.1,128.9,0.5,15280.0,237.7
2019-02-20T17:30:10,42.2,217.3,127.1,0.5,15290.0,239.6
2019-02-20T17:30:41,42.2,196.7,125.4,0.5,15290.0,239.6
2019-02-20T17:31:13,42.2,206.1,123.6,0.5,15290.0,241.5
2019-02-20T17:31:44,42.2,226.8,133.1,0.5,15300.0,239.6
2019-02-20T17:32:15,42.1,211.4,121.8,0.6,15300.0,239.6
2019-02-20T17:32:46,42.1,200.2,124.2,0.6,15300.0,238.6
2019-02-20T17:33:17,42.1,202.0,120.0,0.6,15300.0,239.6
2019-02-20T17:33:48,42.0,207.9,127.1,0.5,15310.0,238.6
2019-02-20T17:34:19,42.0,205.5,126.6,0.6,15310.0,239.6
2019-02-20T17:34:50,42.0,211.4,130.7,0.6,15310.0,238.6
2019-02-20T17:35:21,42.0,195.5,138.4,0.7,15320.0,237.7
2019-02-20T17:35:53,42.0,183.7,131.9,0.6,15320.0,239.6
2019-02-20T17:36:24,42.0,188.4,132.5,0.7,15320.0,239.6
2019-02-20T17:36:55,42.0,200.8,133.1,0.6,15320.0,239.6
2019-02-20T17:37:26,41.9,187.8,129.5,0.7,15330.0,238.6
2019-02-20T17:37:57,42.0,200.8,109.4,0.6,15330.0,238.6
2019-02-20T17:38:28,42.0,187.8,116.5,0.6,15330.0,238.6
2019-02-20T17:38:59,42.0,203.2,116.5,0.5,15330.0,238.6
2019-02-20T17:39:30,42.0,190.2,111.2,0.6,15340.0,238.6
2019-02-20T17:40:01,42.0,191.3,112.9,0.5,15340.0,239.6
2019-02-20T17:40:33,42.0,204.3,131.9,0.5,15340.0,239.6
2019-02-20T17:41:04,41.9,217.9,133.1,0.4,15340.0,240.6
2019-02-20T17:41:35,41.9,213.8,132.5,0.4,15340.0,239.6
2019-02-20T17:42:06,41.9,211.4,131.3,0.4,15350.0,239.6
2019-02-20T17:42:37,41.9,191.3,143.7,0.4,15350.0,238.6
2019-02-20T17:43:08,41.9,178.3,145.5,0.5,15350.0,239.6
2019-02-20T17:43:39,41.9,199.0,150.2,0.5,15350.0,239.6
2019-02-20T17:44:10,41.9,220.3,140.8,0.4,15350.0,239.6
2019-02-20T17:44:41,41.9,212.0,142.5,0.4,15360.0,239.6
2019-02-20T17:45:12,41.9,207.9,131.9,0.4,15360.0,240.6
2019-02-20T17:45:44,41.9,223.8,141.3,0.4,15360.0,240.6
2019-02-20T17:46:15,41.9,202.0,140.8,0.5,15360.0,241.5
2019-02-20T17:46:46,42.0,219.7,129.5,0.4,15370.0,241.5
2019-02-20T17:47:17,42.0,207.3,144.3,0.4,15370.0,242.5
2019-02-20T17:47:48,0.0,0.0,0.0,0.0,0.0,0.0
2019-02-20T17:48:19,41.9,220.9,144.3,0.3,15370.0,242.5
2019-02-20T17:48:50,41.9,202.0,152.0,0.4,15370.0,241.5
2019-02-20T17:49:21,41.9,217.9,144.3,0.4,15370.0,242.5
2019-02-20T17:49:52,41.9,205.5,146.1,0.4,15380.0,241.5
2019-02-20T17:50:23,41.9,203.2,147.3,0.4,15380.0,240.6
2019-02-20T17:50:55,41.9,218.5,145.5,0.3,15380.0,239.6
2019-02-20T17:51:26,41.9,209.1,146.7,0.4,15380.0,237.7
2019-02-20T17:51:57,41.9,209.7,151.4,0.4,15380.0,237.7
2019-02-20T17:52:28,41.9,212.0,152.0,0.3,15380.0,237.7
2019-02-20T17:52:59,41.9,209.7,141.3,0.3,15390.0,238.6
2019-02-20T17:53:30,41.7,194.9,140.8,0.4,15390.0,238.6
2019-02-20T17:54:01,41.7,215.0,142.5,0.4,15390.0,238.6
2019-02-20T17:54:32,41.7,204.3,128.3,0.4,15390.0,238.6
2019-02-20T17:55:03,41.7,196.7,144.3,0.3,15390.0,237.7
2019-02-20T17:55:35,41.7,216.7,124.2,0.3,15390.0,237.7
2019-02-20T17:56:06,41.7,200.2,142.5,0.3,15390.0,236.7
2019-02-20T17:56:37,41.7,204.3,150.2,0.3,15400.0,238.6
2019-02-20T17:57:08,41.6,210.8,134.8,0.3,15400.0,238.6
2019-02-20T17:57:39,41.5,189.6,128.3,0.3,15400.0,239.6
2019-02-20T17:58:10,41.5,206.1,143.7,0.3,15400.0,239.6
2019-02-20T17:58:41,41.5,209.7,140.8,0.3,15400.0,239.6
2019-02-20T17:59:12,41.5,189.0,139.6,0.3,15400.0,238.6
2019-02-20T17:59:43,41.4,186.6,137.8,0.3,15400.0,236.7
2019-02-20T18:00:14,41.4,209.7,145.5,0.3,15400.0,235.7
2019-02-20T18:00:46,41.3,201.4,140.8,0.3,15400.0,236.7
2019-02-20T18:01:17,41.2,180.1,149.6,0.3,15410.0,235.7
2019-02-20T18:01:48,41.2,189.0,148.4,0.3,15410.0,237.7
2019-02-20T18:02:19,41.0,210.2,148.4,0.3,15410.0,236.7
2019-02-20T18:02:50,41.0,196.1,142.5,0.3,15410.0,235.7
2019-02-20T18:03:21,40.9,197.8,126.6,0.3,15410.0,235.7
2019-02-20T18:03:52,40.9,213.8,146.7,0.2,15410.0,235.7
2019-02-20T18:04:23,40.8,191.9,126.0,0.2,15410.0,236.7
2019-02-20T18:04:54,40.8,171.3,130.1,0.2,15410.0,236.7
2019-02-20T18:05:25,40.8,178.3,137.2,0.3,15410.0,236.7
2019-02-20T18:05:57,40.7,199.6,141.9,0.2,15410.0,235.7
2019-02-20T18:06:28,40.7,208.5,130.7,0.2,15410.0,235.7
2019-02-20T18:06:59,40.7,186.6,136.6,0.2,15420.0,237.7
2019-02-20T18:07:30,40.7,199.0,136.6,0.2,15420.0,234.8
2019-02-20T18:08:01,40.6,205.5,133.1,0.2,15420.0,236.7
2019-02-20T18:08:32,40.5,183.7,136.6,0.2,15420.0,237.7
2019-02-20T18:09:03,40.5,176.0,150.8,0.2,15420.0,237.7
2019-02-20T18:09:34,40.5,196.1,147.3,0.2,15420.0,237.7
2019-02-20T18:10:05,40.4,192.5,154.4,0.2,15420.0,235.7
2019-02-20T18:10:37,40.4,172.4,175.7,0.2,15420.0,236.7
2019-02-20T18:11:08,40.4,165.9,197.0,0.2,15420.0,235.7
2019-02-20T18:11:39,40.2,186.0,218.3,0.1,15420.0,234.8
2019-02-20T18:12:10,40.2,206.7,232.4,0.1,15420.0,233.8
2019-02-20T18:12:41,40.2,190.2,209.4,0.2,15420.0,234.8
2019-02-20T18:13:12,40.2,169.5,212.9,0.2,15420.0,234.8
2019-02-20T18:13:43,40.1,157.1,230.7,0.2,15420.0,235.7
2019-02-20T18:14:14,40.1,179.5,210.0,0.1,15420.0,235.7
2019-02-20T18:14:45,40.1,199.0,189.3,0.1,15420.0,234.8
2019-02-20T18:15:16,40.0,184.3,198.7,0.1,15420.0,235.7
2019-02-20T18:15:48,40.0,163.6,221.2,0.1,15420.0,234.8
2019-02-20T18:16:19,39.9,142.9,198.7,0.1,15420.0,235.7
2019-02-20T18:16:50,39.9,150.0,178.0,0.1,15420.0,238.6
2019-02-20T18:17:21,39.8,169.5,198.7,0.1,15420.0,236.7
2019-02-20T18:17:52,39.8,189.6,214.7,0.0,15420.0,235.7
2019-02-20T18:18:23,39.7,184.3,194.6,0.1,15420.0,235.7
2019-02-20T18:18:54,39.7,160.0,175.1,0.1,15420.0,234.8
2019-02-20T18:19:25,39.7,140.5,154.9,0.1,15420.0,235.7
2019-02-20T18:19:56,39.5,120.5,173.9,0.0,15430.0,233.8
2019-02-20T18:20:27,39.5,121.6,194.0,0.1,15430.0,235.7
2019-02-20T18:20:59,39.4,144.1,215.3,0.0,15430.0,233.8
2019-02-20T18:21:30,39.4,164.2,203.5,0.1,15430.0,233.8
2019-02-20T18:22:01,39.3,182.5,183.3,0.0,15430.0,234.8
2019-02-20T18:22:32,39.2,193.1,160.3,0.0,15430.0,233.8
2019-02-20T18:23:03,39.2,180.7,140.2,0.0,15430.0,233.8
2019-02-20T18:23:34,39.1,161.2,121.2,0.0,15430.0,235.7
2019-02-20T18:24:05,39.1,144.1,102.9,0.0,15430.0,232.8
2019-02-20T18:24:36,39.1,122.2,124.2,0.0,15430.0,234.8
2019-02-20T18:25:07,39.0,150.0,172.7,0.1,15430.0,234.8
2019-02-20T18:25:39,38.9,142.3,145.5,0.1,15430.0,234.8
2019-02-20T18:26:10,38.9,150.0,161.5,0.0,15430.0,234.8
2019-02-20T18:26:41,38.7,179.5,181.6,0.0,15430.0,233.8
2019-02-20T18:27:12,38.6,176.6,176.8,0.0,15430.0,232.8
2019-02-20T18:27:43,38.6,173.0,173.3,0.0,15430.0,233.8
2019-02-20T18:28:14,38.6,106.9,170.9,0.0,15430.0,234.8
2019-02-20T18:28:45,38.5,158.3,158.5,0.0,15430.0,232.8
2019-02-20T18:29:16,38.5,147.6,147.9,0.0,15430.0,230.9
2019-02-20T18:29:47,38.4,131.1,131.3,0.0,15430.0,232.8
2019-02-20T18:30:18,38.3,88.6,88.7,0.0,15430.0,233.8
