2019-02-28T06:35:29,23.5,163.6,217.7,0.3,20.0,240.6
2019-02-28T06:36:01,23.9,186.0,238.4,0.2,20.0,240.6
2019-02-28T06:36:32,23.9,206.1,225.9,0.2,20.0,240.6
2019-02-28T06:37:03,23.9,213.8,205.8,0.2,20.0,241.5
2019-02-28T06:37:34,23.9,190.8,214.7,0.2,20.0,241.5
2019-02-28T06:38:05,24.2,170.7,234.2,0.3,20.0,241.5
2019-02-28T06:38:36,23.9,150.0,237.2,0.3,20.0,239.6
2019-02-28T06:46:17,25.0,153.5,242.5,0.5,40.0,243.5
2019-02-28T06:46:48,25.0,155.9,220.0,0.6,40.0,242.5
2019-02-28T06:47:19,25.0,177.8,200.5,0.5,40.0,243.5
2019-02-28T06:47:50,25.3,199.0,213.5,0.5,40.0,243.5
2019-02-28T06:48:21,25.3,220.9,237.8,0.5,50.0,242.5
2019-02-28T06:48:52,25.3,208.5,234.2,0.5,50.0,242.5
2019-02-28T06:49:23,25.3,187.2,215.9,0.5,50.0,243.5
2019-02-28T06:49:54,25.3,166.5,237.8,0.6,50.0,245.4
2019-02-28T06:50:25,25.7,165.4,236.0,0.6,50.0,243.5
2019-02-28T06:50:56,25.7,188.4,215.9,0.6,60.0,242.5
2019-02-28T06:51:28,25.7,211.4,230.1,0.5,60.0,240.6
2019-02-28T06:51:59,25.7,218.5,240.1,0.6,60.0,241.5
2019-02-28T06:52:30,25.7,196.1,218.8,0.7,60.0,239.6
2019-02-28T06:53:01,26.1,173.6,207.6,0.8,70.0,241.5
2019-02-28T06:53:32,26.1,168.9,225.9,1.0,70.0,241.5
2019-02-28T06:54:03,26.1,189.6,247.8,0.7,70.0,240.6
2019-02-28T06:54:34,26.1,210.2,232.4,0.7,70.0,242.5
2019-02-28T06:55:05,26.1,220.3,218.8,0.7,80.0,241.5
2019-02-28T06:55:36,26.1,222.7,218.8,0.7,80.0,242.5
2019-02-28T06:56:08,26.1,208.5,228.9,0.8,80.0,242.5
2019-02-28T06:56:39,26.4,220.9,244.9,0.8,90.0,242.5
2019-02-28T06:57:10,26.4,213.2,223.6,0.7,90.0,242.5
2019-02-28T06:57:41,26.4,219.7,240.7,0.7,90.0,242.5
2019-02-28T06:58:12,26.8,211.4,232.4,0.7,100.0,244.4
2019-02-28T06:58:43,26.8,218.5,230.7,0.7,100.0,242.5
2019-02-28T06:59:14,26.8,213.8,243.7,0.8,100.0,243.5
2019-02-28T06:59:45,26.8,225.6,231.9,0.7,110.0,242.5
2019-02-28T07:00:16,26.8,223.2,237.2,0.7,110.0,243.5
2019-02-28T07:00:47,26.8,215.0,236.0,0.6,110.0,241.5
2019-02-28T07:01:19,26.8,213.8,239.0,0.6,120.0,245.4
2019-02-28T07:01:50,27.2,213.2,239.0,0.5,120.0,245.4
2019-02-28T07:02:21,27.2,210.2,237.2,0.6,120.0,245.4
2019-02-28T07:02:52,27.2,215.6,233.0,0.6,120.0,245.4
2019-02-28T07:03:23,27.5,194.9,225.9,0.7,130.0,246.4
2019-02-28T07:03:54,27.5,174.8,239.5,0.6,130.0,245.4
2019-02-28T07:04:25,27.5,191.9,228.9,0.6,130.0,245.4
2019-02-28T07:04:56,27.9,187.8,240.1,0.6,130.0,242.5
2019-02-28T07:05:27,27.9,166.5,218.3,0.7,140.0,244.4
2019-02-28T07:05:58,27.9,151.8,230.1,0.7,140.0,243.5
2019-02-28T07:06:30,28.3,174.8,222.4,0.7,140.0,243.5
2019-02-28T07:07:01,28.3,165.9,213.5,0.7,140.0,243.5
2019-02-28T07:07:32,28.3,182.5,218.8,0.6,140.0,242.5
2019-02-28T07:08:03,28.3,202.0,223.0,0.6,150.0,242.5
2019-02-28T07:08:34,28.6,181.3,244.9,0.7,150.0,243.5
2019-02-28T07:09:05,28.6,165.9,232.4,0.7,150.0,242.5
2019-02-28T07:09:36,29.0,180.7,236.0,0.7,160.0,243.5
2019-02-28T07:10:07,29.0,190.8,231.3,0.6,160.0,243.5
2019-02-28T07:10:38,29.0,210.8,237.8,0.5,160.0,242.5
2019-02-28T07:11:10,29.4,216.2,227.7,0.5,160.0,244.4
2019-02-28T07:11:41,29.4,221.5,227.7,0.5,160.0,245.4
2019-02-28T07:12:12,29.4,200.2,230.1,0.5,170.0,241.5
2019-02-28T07:12:43,29.4,219.7,230.1,0.4,170.0,242.5
2019-02-28T07:13:14,29.7,201.4,236.0,0.4,170.0,243.5
2019-02-28T07:13:45,29.7,212.6,234.8,0.4,170.0,242.5
2019-02-28T07:14:16,29.7,201.4,227.1,0.4,170.0,242.5
2019-02-28T07:14:47,29.7,212.0,225.4,0.4,170.0,240.6
2019-02-28T07:15:18,30.1,191.3,204.1,0.4,180.0,240.6
2019-02-28T07:15:49,30.1,170.7,224.8,0.4,180.0,239.6
2019-02-28T07:16:21,30.1,165.4,243.7,0.4,180.0,238.6
2019-02-28T07:16:52,30.1,187.2,237.2,0.4,180.0,239.6
2019-02-28T07:17:23,30.1,208.5,227.7,0.4,180.0,240.6
2019-02-28T07:17:54,30.2,210.2,206.4,0.4,180.0,241.5
2019-02-28T07:18:25,30.1,189.0,204.1,0.5,180.0,239.6
2019-02-28T07:18:56,30.2,168.3,227.7,0.5,190.0,240.6
2019-02-28T07:19:27,30.2,153.5,242.5,0.6,190.0,239.6
2019-02-28T07:19:58,30.2,176.0,219.4,0.6,190.0,241.5
2019-02-28T07:20:29,30.2,197.8,224.8,0.5,190.0,240.6
2019-02-28T07:21:00,30.2,219.7,242.5,0.4,190.0,240.6
2019-02-28T07:21:31,30.2,202.6,233.0,0.4,200.0,241.5
2019-02-28T07:22:02,30.2,214.4,230.7,0.4,200.0,243.5
2019-02-28T07:22:33,30.2,206.7,227.7,0.4,200.0,244.4
2019-02-28T07:23:04,30.2,212.0,228.3,0.4,200.0,244.4
2019-02-28T07:23:35,30.2,192.5,234.8,0.4,200.0,245.4
2019-02-28T07:24:06,30.2,182.5,225.9,0.4,200.0,246.4
2019-02-28T07:24:37,30.2,203.7,225.9,0.3,210.0,245.4
2019-02-28T07:25:08,30.2,206.7,237.2,0.4,210.0,244.4
2019-02-28T07:25:40,30.3,185.4,215.9,0.5,210.0,244.4
2019-02-28T07:26:11,30.3,164.8,195.2,0.5,210.0,244.4
2019-02-28T07:26:42,30.3,142.9,173.9,0.6,210.0,243.5
2019-02-28T07:27:13,30.3,122.2,153.8,0.7,210.0,243.5
2019-02-28T07:27:44,30.4,102.7,133.1,0.9,220.0,244.4
2019-02-28T07:28:15,30.4,129.3,111.8,1.1,220.0,244.4
2019-02-28T07:28:46,30.4,158.9,117.1,1.2,220.0,244.4
2019-02-28T07:29:17,30.4,183.1,147.9,1.1,220.0,244.4
2019-02-28T07:29:48,30.5,198.4,166.8,1.1,230.0,243.5
2019-02-28T07:30:19,30.4,197.3,182.8,1.0,230.0,244.4
2019-02-28T07:30:51,30.5,194.3,199.3,0.8,230.0,245.4
2019-02-28T07:31:22,30.7,196.1,212.9,0.7,240.0,244.4
2019-02-28T07:31:53,30.7,189.6,225.4,0.6,240.0,244.4
2019-02-28T07:32:24,30.7,188.4,236.0,0.6,240.0,244.4
2019-02-28T07:32:55,30.7,179.5,235.4,0.6,240.0,244.4
2019-02-28T07:33:26,30.7,197.3,233.6,0.6,250.0,244.4
2019-02-28T07:33:57,30.7,175.4,228.9,0.6,250.0,244.4
2019-02-28T07:34:28,30.7,168.9,229.5,0.6,250.0,245.4
2019-02-28T07:34:59,30.7,168.9,239.0,0.6,250.0,244.4
2019-02-28T07:35:30,30.8,178.3,230.7,0.5,250.0,244.4
2019-02-28T07:36:02,30.8,170.1,227.7,0.6,260.0,243.5
2019-02-28T07:36:33,30.8,190.2,229.5,0.5,260.0,243.5
2019-02-28T07:37:04,30.8,180.7,225.9,0.4,260.0,243.5
2019-02-28T07:37:35,30.8,202.0,230.1,0.4,260.0,242.5
2019-02-28T07:38:06,30.8,199.0,233.6,0.3,260.0,243.5
2019-02-28T07:38:37,30.8,212.6,230.1,0.3,260.0,243.5
2019-02-28T07:39:08,30.9,194.3,223.0,0.3,270.0,244.4
2019-02-28T07:39:39,30.9,204.9,230.1,0.3,270.0,243.5
2019-02-28T07:40:10,30.9,204.3,221.8,0.3,270.0,242.5
2019-02-28T07:40:42,30.9,212.6,232.4,0.3,270.0,242.5
2019-02-28T07:41:13,30.9,201.4,235.4,0.3,270.0,241.5
2019-02-28T07:41:44,30.9,180.1,212.9,0.4,270.0,243.5
2019-02-28T07:42:15,30.9,159.4,192.8,0.4,270.0,243.5
2019-02-28T07:42:46,30.9,160.6,197.5,0.4,270.0,243.5
2019-02-28T07:43:17,30.9,180.7,220.6,0.4,270.0,242.5
2019-02-28T07:43:48,31.0,203.2,243.1,0.4,280.0,244.4
2019-02-28T07:44:19,31.0,221.5,223.0,0.3,280.0,244.4
2019-02-28T07:44:50,31.0,200.2,202.9,0.3,280.0,244.4
2019-02-28T07:45:21,31.0,178.3,221.8,0.4,280.0,245.4
2019-02-28T07:45:53,31.0,157.1,244.9,0.5,280.0,244.4
2019-02-28T07:46:24,31.0,135.8,228.3,0.5,280.0,244.4
2019-02-28T07:46:55,31.1,140.5,207.6,0.6,290.0,244.4
2019-02-28T07:47:26,31.1,163.0,191.6,0.6,290.0,243.5
2019-02-28T07:47:57,31.1,185.4,217.1,0.6,290.0,242.5
2019-02-28T07:48:28,31.1,207.9,240.1,0.5,290.0,240.6
2019-02-28T07:48:59,31.2,217.3,236.6,0.5,300.0,238.6
2019-02-28T07:49:30,31.2,204.9,223.6,0.5,300.0,239.6
2019-02-28T07:50:01,31.2,223.8,242.5,0.4,300.0,240.6
2019-02-28T07:50:33,31.2,202.0,232.4,0.5,300.0,240.6
2019-02-28T07:51:04,31.2,220.9,237.2,0.5,300.0,243.5
2019-02-28T07:51:35,31.4,202.0,231.9,0.5,310.0,243.5
2019-02-28T07:52:06,31.4,216.7,239.0,0.4,310.0,243.5
2019-02-28T07:52:37,31.4,206.7,239.5,0.5,310.0,243.5
2019-02-28T07:53:08,31.4,209.7,239.5,0.4,310.0,243.5
2019-02-28T07:53:39,31.4,212.0,228.9,0.4,310.0,242.5
2019-02-28T07:54:10,31.4,203.7,243.1,0.4,320.0,243.5
2019-02-28T07:54:41,31.5,217.9,222.4,0.4,320.0,243.5
2019-02-28T07:55:12,31.4,199.6,237.8,0.4,320.0,243.5
2019-02-28T07:55:44,31.5,216.2,223.6,0.3,320.0,243.5
2019-02-28T07:56:15,31.5,218.5,239.0,0.4,320.0,244.4
2019-02-28T07:56:46,31.5,196.7,227.1,0.4,320.0,243.5
2019-02-28T07:57:17,31.5,189.6,215.9,0.4,330.0,244.4
2019-02-28T07:57:48,31.5,212.0,214.1,0.4,330.0,244.4
2019-02-28T07:58:19,31.5,212.0,237.2,0.5,330.0,243.5
2019-02-28T07:58:50,31.5,188.4,243.7,0.5,330.0,244.4
2019-02-28T07:59:21,31.5,166.5,218.8,0.7,330.0,243.5
2019-02-28T07:59:52,31.5,146.4,198.7,0.8,330.0,243.5
2019-02-28T08:00:23,31.5,158.9,219.4,0.9,340.0,243.5
2019-02-28T08:00:55,31.5,181.9,242.5,0.8,340.0,243.5
2019-02-28T08:01:26,31.5,204.9,234.8,0.7,340.0,243.5
2019-02-28T08:01:57,31.6,225.6,212.9,0.7,350.0,243.5
2019-02-28T08:02:28,31.6,203.7,233.6,0.8,350.0,243.5
2019-02-28T08:02:59,31.6,181.9,249.0,1.0,350.0,242.5
2019-02-28T08:03:30,31.5,160.6,223.6,1.1,360.0,244.4
2019-02-28T08:04:01,31.6,176.0,239.5,1.1,360.0,244.4
2019-02-28T08:04:32,31.6,197.8,239.0,1.1,360.0,244.4
2019-02-28T08:05:03,31.6,201.4,237.2,1.0,370.0,245.4
2019-02-28T08:05:35,31.6,199.6,239.0,0.9,370.0,244.4
2019-02-28T08:06:06,31.7,200.8,239.5,0.9,380.0,245.4
2019-02-28T08:06:37,31.7,193.7,242.5,1.0,380.0,245.4
2019-02-28T08:07:08,31.7,196.1,242.5,0.9,380.0,244.4
2019-02-28T08:07:39,31.7,191.3,234.8,0.9,390.0,244.4
2019-02-28T08:08:10,31.7,212.0,243.7,0.7,390.0,243.5
2019-02-28T08:08:41,31.7,216.2,240.7,0.7,390.0,242.5
2019-02-28T08:09:12,31.8,224.4,230.7,0.6,400.0,242.5
2019-02-28T08:09:43,31.8,221.5,239.0,0.6,400.0,243.5
2019-02-28T08:10:14,31.8,207.9,239.5,0.6,400.0,242.5
2019-02-28T08:10:46,31.8,223.8,237.2,0.5,410.0,242.5
2019-02-28T08:11:17,31.8,222.7,234.8,0.5,410.0,242.5
2019-02-28T08:11:48,31.8,208.5,240.1,0.5,410.0,244.4
2019-02-28T08:12:19,31.9,213.8,238.4,0.5,410.0,244.4
2019-02-28T08:12:50,31.9,212.6,231.9,0.4,420.0,243.5
2019-02-28T08:13:21,31.9,209.1,233.0,0.4,420.0,243.5
2019-02-28T08:13:52,31.9,213.8,233.6,0.4,420.0,241.5
2019-02-28T08:14:23,31.9,207.3,232.4,0.4,420.0,243.5
2019-02-28T08:14:54,31.9,210.2,225.9,0.3,420.0,242.5
2019-02-28T08:15:25,31.9,190.2,237.8,0.4,430.0,243.5
2019-02-28T08:15:57,31.9,174.8,216.5,0.4,430.0,243.5
2019-02-28T08:16:28,32.0,196.7,218.8,0.4,430.0,245.4
2019-02-28T08:16:59,32.0,217.3,240.1,0.3,430.0,243.5
2019-02-28T08:17:30,32.0,202.0,231.9,0.4,430.0,245.4
2019-02-28T08:18:01,32.0,180.7,210.6,0.4,430.0,246.4
2019-02-28T08:18:32,32.0,160.6,217.7,0.5,430.0,245.4
2019-02-28T08:19:03,32.0,171.9,239.0,0.4,440.0,244.4
2019-02-28T08:19:34,32.0,192.5,224.8,0.4,440.0,244.4
2019-02-28T08:20:05,32.0,212.0,234.8,0.4,440.0,244.4
2019-02-28T08:20:37,32.0,216.2,233.6,0.4,440.0,245.4
2019-02-28T08:21:08,32.0,194.9,211.2,0.4,440.0,245.4
2019-02-28T08:21:39,32.0,172.4,224.2,0.5,440.0,244.4
2019-02-28T08:22:10,32.0,150.0,246.6,0.6,450.0,245.4
2019-02-28T08:22:41,32.0,140.5,225.9,0.6,450.0,245.4
2019-02-28T08:23:12,32.0,164.8,205.2,0.6,450.0,246.4
2019-02-28T08:23:43,32.0,186.6,218.8,0.5,450.0,246.4
2019-02-28T08:24:14,32.0,207.9,241.3,0.5,450.0,246.4
2019-02-28T08:24:45,32.0,218.5,225.4,0.5,460.0,246.4
2019-02-28T08:25:16,32.0,197.8,231.3,0.5,460.0,246.4
2019-02-28T08:25:48,32.0,191.9,237.8,0.6,460.0,245.4
2019-02-28T08:26:19,32.0,206.1,230.7,0.5,460.0,245.4
2019-02-28T08:26:50,32.0,213.8,232.4,0.4,470.0,245.4
2019-02-28T08:27:21,32.0,210.8,233.6,0.4,470.0,244.4
2019-02-28T08:27:52,32.0,190.2,231.9,0.5,470.0,245.4
2019-02-28T08:28:23,32.0,204.3,230.7,0.4,470.0,245.4
2019-02-28T08:28:54,32.0,220.9,236.0,0.3,470.0,245.4
2019-02-28T08:29:25,32.0,199.6,221.2,0.4,470.0,244.4
2019-02-28T08:29:56,32.0,184.8,225.9,0.5,480.0,244.4
2019-02-28T08:30:27,32.0,163.0,217.1,0.5,480.0,244.4
2019-02-28T08:30:59,32.0,182.5,200.5,0.5,480.0,243.5
2019-02-28T08:31:30,32.0,204.9,223.0,0.5,480.0,244.4
2019-02-28T08:32:01,32.0,212.6,209.4,0.4,480.0,244.4
2019-02-28T08:32:32,32.0,222.1,204.1,0.5,490.0,243.5
2019-02-28T08:33:03,32.0,214.4,192.2,0.5,490.0,243.5
2019-02-28T08:33:34,32.2,216.2,212.3,0.5,490.0,244.4
2019-02-28T08:34:05,32.0,195.5,237.2,0.5,490.0,244.4
2019-02-28T08:34:36,32.2,174.2,237.8,0.6,490.0,244.4
2019-02-28T08:35:07,32.2,154.7,217.1,0.6,500.0,244.4
2019-02-28T08:35:39,32.0,138.2,221.8,0.8,500.0,244.4
2019-02-28T08:36:10,32.0,163.0,246.1,0.7,500.0,244.4
2019-02-28T08:36:41,32.0,185.4,236.0,0.8,500.0,244.4
2019-02-28T08:37:12,31.9,209.1,214.7,0.6,510.0,245.4
2019-02-28T08:37:43,31.9,228.0,230.7,0.6,510.0,243.5
2019-02-28T08:38:14,31.8,207.9,247.8,0.7,510.0,243.5
2019-02-28T08:38:45,31.8,185.4,223.6,0.8,520.0,244.4
2019-02-28T08:39:16,31.9,165.4,239.5,0.9,520.0,245.4
2019-02-28T08:39:47,31.9,185.4,234.8,0.8,520.0,243.5
2019-02-28T08:40:18,31.9,206.1,237.8,0.7,530.0,244.4
2019-02-28T08:40:50,31.9,209.1,236.0,0.6,530.0,244.4
2019-02-28T08:41:21,31.9,223.2,239.0,0.6,530.0,244.4
2019-02-28T08:41:52,32.0,213.8,238.4,0.5,540.0,242.5
2019-02-28T08:42:23,31.9,214.4,241.9,0.5,540.0,242.5
2019-02-28T08:42:54,32.0,217.9,237.8,0.5,540.0,242.5
2019-02-28T08:43:25,32.0,210.8,239.5,0.6,540.0,242.5
2019-02-28T08:43:56,32.0,209.1,236.0,0.5,550.0,242.5
2019-02-28T08:44:27,32.0,215.0,239.5,0.6,550.0,242.5
2019-02-28T08:44:58,32.0,209.7,239.0,0.6,550.0,241.5
2019-02-28T08:45:29,32.0,191.9,225.9,0.6,550.0,243.5
2019-02-28T08:46:01,32.2,193.1,222.4,0.6,560.0,242.5
2019-02-28T08:46:32,32.2,215.0,222.4,0.6,560.0,242.5
2019-02-28T08:47:03,32.2,210.8,223.0,0.7,560.0,244.4
2019-02-28T08:47:34,32.0,222.7,237.8,0.6,560.0,243.5
2019-02-28T08:48:05,32.2,206.7,231.3,0.7,570.0,243.5
2019-02-28T08:48:36,32.2,185.4,223.6,0.7,570.0,243.5
2019-02-28T08:49:07,31.9,186.0,212.9,0.8,570.0,242.5
2019-02-28T08:49:38,31.9,164.2,216.5,0.9,580.0,243.5
2019-02-28T08:50:09,31.9,164.8,243.1,0.9,580.0,242.5
2019-02-28T08:50:40,31.9,174.8,249.0,1.0,580.0,243.5
2019-02-28T08:51:12,31.9,178.3,249.6,1.0,590.0,244.4
2019-02-28T08:51:43,31.8,200.8,231.9,0.9,590.0,243.5
2019-02-28T08:52:14,31.8,187.8,243.7,0.9,590.0,244.4
2019-02-28T08:52:45,31.8,192.5,239.0,1.0,600.0,243.5
2019-02-28T08:53:16,31.8,193.7,236.6,0.9,600.0,242.5
2019-02-28T08:53:47,31.8,172.4,237.8,1.1,610.0,243.5
2019-02-28T08:54:18,31.8,176.6,241.9,1.1,610.0,243.5
2019-02-28T08:54:49,31.6,178.9,241.9,1.1,610.0,244.4
2019-02-28T08:55:20,31.6,173.0,249.0,1.0,620.0,245.4
2019-02-28T08:55:51,31.6,178.3,232.4,1.0,620.0,242.5
2019-02-28T08:56:23,31.6,202.0,239.0,1.0,630.0,244.4
2019-02-28T08:56:54,31.6,187.8,223.0,1.0,630.0,241.5
2019-02-28T08:57:25,31.6,165.9,249.6,1.3,630.0,242.5
2019-02-28T08:57:56,31.6,172.4,233.0,1.4,640.0,242.5
2019-02-28T08:58:27,31.6,197.8,211.2,1.3,640.0,243.5
2019-02-28T08:58:58,31.6,198.4,224.2,1.3,650.0,242.5
2019-02-28T08:59:29,31.6,200.2,249.0,1.4,660.0,243.5
2019-02-28T09:00:00,31.6,202.0,243.1,1.3,660.0,244.4
2019-02-28T09:00:31,31.6,206.1,237.2,1.3,670.0,243.5
2019-02-28T09:01:03,31.5,202.0,241.9,1.4,670.0,244.4
2019-02-28T09:01:34,31.5,202.0,241.3,1.3,680.0,244.4
2019-02-28T09:02:05,31.4,200.2,245.5,1.4,690.0,244.4
2019-02-28T09:02:36,31.4,205.5,243.7,1.3,690.0,245.4
2019-02-28T09:03:07,31.4,205.5,239.5,1.3,700.0,244.4
2019-02-28T09:03:38,31.4,197.3,241.3,1.4,700.0,245.4
2019-02-28T09:04:09,31.4,201.4,246.1,1.3,710.0,244.4
2019-02-28T09:04:40,31.4,198.4,239.5,1.3,710.0,243.5
2019-02-28T09:05:11,31.5,196.1,234.8,1.2,720.0,245.4
2019-02-28T09:05:42,31.5,202.0,235.4,1.2,730.0,244.4
2019-02-28T09:06:14,31.5,204.3,239.5,1.2,730.0,245.4
2019-02-28T09:06:45,31.5,200.2,241.3,1.2,740.0,243.5
2019-02-28T09:07:16,31.5,203.7,244.3,1.1,740.0,244.4
2019-02-28T09:07:47,31.5,205.5,235.4,1.2,750.0,244.4
2019-02-28T09:08:18,31.5,204.9,240.1,1.1,750.0,244.4
2019-02-28T09:08:49,31.5,202.6,246.6,1.1,760.0,245.4
2019-02-28T09:09:20,31.5,198.4,245.5,1.2,760.0,245.4
2019-02-28T09:09:51,31.5,200.8,244.9,1.1,770.0,244.4
2019-02-28T09:10:22,31.4,201.4,244.9,0.9,770.0,245.4
2019-02-28T09:10:53,31.2,197.8,241.9,1.0,780.0,244.4
2019-02-28T09:11:25,31.4,194.9,241.9,0.9,780.0,245.4
2019-02-28T09:11:56,31.2,196.7,241.9,0.7,780.0,244.4
2019-02-28T09:12:27,31.2,185.4,240.1,0.7,790.0,244.4
2019-02-28T09:12:58,31.2,195.5,243.1,0.7,790.0,243.5
2019-02-28T09:13:29,31.4,219.1,225.9,0.7,790.0,242.5
2019-02-28T09:14:00,31.4,206.7,247.8,0.8,800.0,243.5
2019-02-28T09:14:31,31.5,184.3,231.9,1.0,800.0,242.5
2019-02-28T09:15:02,31.5,163.0,210.0,1.1,800.0,242.5
2019-02-28T09:15:33,31.5,176.0,227.1,1.1,810.0,243.5
2019-02-28T09:16:05,31.5,199.6,247.8,1.1,810.0,243.5
2019-02-28T09:16:36,31.5,199.6,245.5,1.0,820.0,241.5
2019-02-28T09:17:07,31.6,203.7,243.7,1.1,820.0,241.5
2019-02-28T09:17:38,31.6,205.5,233.0,1.0,820.0,241.5
2019-02-28T09:18:09,31.7,199.6,240.7,1.1,830.0,242.5
2019-02-28T09:18:40,31.7,191.9,232.4,1.1,830.0,241.5
2019-02-28T09:19:11,31.7,191.3,245.5,1.1,840.0,242.5
2019-02-28T09:19:42,31.8,193.7,236.6,1.1,840.0,242.5
2019-02-28T09:20:13,31.8,199.0,237.8,1.2,850.0,242.5
2019-02-28T09:20:45,31.8,204.3,242.5,1.1,850.0,242.5
2019-02-28T09:21:16,31.8,199.0,243.1,1.1,860.0,241.5
2019-02-28T09:21:47,31.8,204.3,233.0,1.1,860.0,242.5
2019-02-28T09:22:18,31.8,202.0,246.6,1.1,870.0,242.5
2019-02-28T09:22:49,31.8,204.3,240.7,1.2,870.0,242.5
2019-02-28T09:23:20,31.8,197.8,237.8,1.2,880.0,241.5
2019-02-28T09:23:51,31.8,201.4,247.2,1.1,880.0,242.5
2019-02-28T09:24:22,31.9,200.8,239.5,1.1,890.0,241.5
2019-02-28T09:24:53,31.9,196.7,237.2,1.1,890.0,241.5
2019-02-28T09:25:24,31.9,193.7,236.6,1.0,900.0,243.5
2019-02-28T09:25:56,31.8,194.3,241.9,0.9,900.0,242.5
2019-02-28T09:26:27,31.9,199.6,241.9,0.9,910.0,242.5
2019-02-28T09:26:58,31.9,193.7,241.9,0.8,910.0,241.5
2019-02-28T09:27:29,32.0,189.0,239.0,0.9,910.0,242.5
2019-02-28T09:28:00,32.0,167.7,235.4,0.9,920.0,241.5
2019-02-28T09:28:31,32.2,176.6,237.2,0.8,920.0,240.6
2019-02-28T09:29:02,32.2,199.6,228.3,0.9,920.0,241.5
2019-02-28T09:29:33,32.3,222.1,250.2,0.7,930.0,241.5
2019-02-28T09:30:04,32.3,211.4,225.9,0.8,930.0,242.5
2019-02-28T09:30:36,32.3,191.3,243.7,0.9,930.0,242.5
2019-02-28T09:31:07,32.3,202.0,230.7,0.8,940.0,241.5
2019-02-28T09:31:38,32.3,202.6,235.4,0.7,940.0,241.5
2019-02-28T09:32:09,32.4,200.8,239.0,0.7,940.0,245.4
2019-02-28T09:32:40,32.3,201.4,240.7,0.7,950.0,242.5
2019-02-28T09:33:11,32.4,199.0,239.5,0.7,950.0,243.5
2019-02-28T09:33:42,32.4,197.3,236.6,0.6,950.0,244.4
2019-02-28T09:34:13,32.4,186.6,233.0,0.6,960.0,243.5
2019-02-28T09:34:44,32.4,170.1,233.6,0.7,960.0,243.5
2019-02-28T09:35:15,32.4,191.3,239.0,0.6,960.0,244.4
2019-02-28T09:35:47,32.4,189.0,216.5,0.7,960.0,242.5
2019-02-28T09:36:22,32.4,163.0,194.0,1.0,970.0,244.4
2019-02-28T09:36:53,32.4,140.5,172.7,1.1,970.0,242.5
2019-02-28T09:37:24,32.3,120.5,150.8,1.3,970.0,243.5
2019-02-28T09:37:55,32.3,105.1,130.7,1.6,980.0,243.5
2019-02-28T09:38:26,32.3,135.2,127.1,1.8,980.0,244.4
2019-02-28T09:38:57,32.3,167.1,166.8,1.9,990.0,246.4
2019-02-28T09:39:28,32.3,193.7,207.6,2.0,990.0,246.4
2019-02-28T09:39:59,32.3,169.5,244.3,2.2,1000.0,247.3
2019-02-28T09:40:30,32.4,176.6,233.6,2.4,1010.0,246.4
2019-02-28T09:41:01,32.3,161.8,252.0,2.7,1020.0,247.3
2019-02-28T09:41:32,32.4,184.8,222.4,2.8,1030.0,248.3
2019-02-28T09:42:03,32.5,180.1,246.6,3.0,1040.0,248.3
2019-02-28T09:42:34,32.5,181.3,231.3,2.9,1050.0,248.3
2019-02-28T09:43:05,32.6,191.3,233.6,3.0,1060.0,250.2
2019-02-28T09:43:36,32.6,186.0,243.7,3.1,1070.0,249.3
2019-02-28T09:44:07,32.7,189.6,241.3,3.2,1090.0,248.3
2019-02-28T09:44:38,32.7,194.3,234.8,3.2,1100.0,250.2
2019-02-28T09:45:09,32.7,186.6,239.0,3.1,1110.0,250.2
2019-02-28T09:45:41,33.0,187.8,240.1,3.2,1120.0,250.2
2019-02-28T09:46:12,33.0,191.3,239.0,3.2,1140.0,250.2
2019-02-28T09:46:43,33.0,187.8,237.2,3.2,1150.0,248.3
2019-02-28T09:47:14,33.0,182.5,232.4,3.3,1160.0,249.3
2019-02-28T09:47:45,33.0,203.7,236.0,3.1,1170.0,250.2
2019-02-28T09:48:16,33.1,202.0,232.4,3.5,1190.0,250.2
2019-02-28T09:48:47,33.1,200.2,239.0,3.3,1200.0,249.3
2019-02-28T09:49:18,33.1,199.0,237.8,3.2,1210.0,249.3
2019-02-28T09:49:49,33.2,199.6,236.0,2.6,1230.0,248.3
2019-02-28T09:50:20,33.3,199.0,236.0,2.4,1240.0,248.3
2019-02-28T09:50:52,33.3,197.3,233.0,2.2,1250.0,247.3
2019-02-28T09:51:23,33.4,196.7,229.5,2.2,1250.0,247.3
2019-02-28T09:51:54,33.4,197.8,229.5,2.1,1260.0,247.3
2019-02-28T09:52:25,33.5,196.7,236.0,2.1,1270.0,245.4
2019-02-28T09:52:56,33.5,196.7,234.8,2.2,1280.0,247.3
2019-02-28T09:53:27,33.7,202.0,236.6,2.1,1290.0,248.3
2019-02-28T09:53:58,33.7,199.0,233.6,2.1,1300.0,247.3
2019-02-28T09:54:29,33.7,194.3,226.5,2.2,1310.0,247.3
2019-02-28T09:55:00,33.7,171.9,237.8,2.7,1320.0,248.3
2019-02-28T09:55:32,33.7,171.9,231.9,2.8,1330.0,248.3
2019-02-28T09:56:03,33.8,157.1,215.9,3.0,1340.0,248.3
2019-02-28T09:56:34,33.8,168.9,230.7,2.8,1350.0,247.3
2019-02-28T09:57:05,33.7,171.3,234.2,2.6,1360.0,248.3
2019-02-28T09:57:36,33.8,174.8,233.0,2.4,1360.0,247.3
2019-02-28T09:58:07,33.8,168.9,232.4,2.3,1370.0,246.4
2019-02-28T09:58:38,33.8,171.3,234.2,2.4,1380.0,246.4
2019-02-28T09:59:09,33.8,191.3,236.6,2.1,1390.0,246.4
2019-02-28T09:59:40,33.9,194.9,234.8,2.1,1400.0,246.4
2019-02-28T10:00:11,33.9,198.4,236.0,2.1,1410.0,246.4
2019-02-28T10:00:43,33.9,190.8,223.0,2.4,1420.0,247.3
2019-02-28T10:01:14,33.8,163.0,198.7,3.0,1430.0,247.3
2019-02-28T10:01:45,33.9,170.7,185.1,3.9,1440.0,248.3
2019-02-28T10:02:16,33.9,168.9,194.6,3.2,1450.0,246.4
2019-02-28T10:02:47,34.0,176.0,216.5,2.7,1460.0,247.3
2019-02-28T10:03:18,34.0,196.7,236.0,2.5,1470.0,247.3
2019-02-28T10:03:49,34.1,202.0,230.7,2.6,1480.0,247.3
2019-02-28T10:04:20,34.1,194.9,230.7,2.2,1490.0,247.3
2019-02-28T10:04:51,34.2,196.1,227.7,1.8,1500.0,245.4
2019-02-28T10:05:22,34.2,194.9,230.7,1.5,1510.0,245.4
2019-02-28T10:05:54,34.4,193.1,231.9,1.4,1510.0,245.4
2019-02-28T10:06:25,34.5,192.5,234.8,1.1,1520.0,244.4
2019-02-28T10:06:56,34.5,189.0,233.0,1.0,1520.0,244.4
2019-02-28T10:07:27,34.5,191.3,230.1,1.1,1530.0,244.4
2019-02-28T10:07:58,34.5,187.8,224.8,1.0,1530.0,244.4
2019-02-28T10:08:29,34.5,183.7,228.9,1.0,1540.0,243.5
2019-02-28T10:09:00,34.5,163.0,232.4,1.3,1540.0,242.5
2019-02-28T10:09:31,34.6,167.7,223.6,1.2,1540.0,243.5
2019-02-28T10:10:02,34.6,192.5,240.7,1.2,1550.0,243.5
2019-02-28T10:10:34,34.6,215.6,218.3,1.1,1550.0,242.5
2019-02-28T10:11:05,34.6,204.9,239.5,1.1,1560.0,243.5
2019-02-28T10:11:36,34.6,219.1,227.7,1.2,1560.0,244.4
2019-02-28T10:12:07,34.6,219.1,239.0,1.1,1570.0,243.5
2019-02-28T10:12:38,34.6,219.7,218.3,1.1,1570.0,244.4
2019-02-28T10:13:09,34.6,206.1,241.9,1.3,1580.0,244.4
2019-02-28T10:13:40,34.7,185.4,220.6,1.4,1580.0,245.4
2019-02-28T10:14:11,34.7,183.1,236.0,1.4,1590.0,244.4
2019-02-28T10:14:42,34.7,197.8,234.8,1.3,1590.0,243.5
2019-02-28T10:15:13,34.7,199.6,232.4,1.2,1600.0,242.5
2019-02-28T10:15:45,34.7,196.7,237.2,1.2,1610.0,243.5
2019-02-28T10:16:16,34.7,198.4,231.3,1.3,1610.0,242.5
2019-02-28T10:16:47,34.7,197.3,227.1,1.2,1620.0,243.5
2019-02-28T10:17:18,34.7,195.5,236.6,1.2,1620.0,242.5
2019-02-28T10:17:49,34.8,199.6,230.7,1.1,1630.0,244.4
2019-02-28T10:18:20,34.8,198.4,230.1,1.2,1630.0,244.4
2019-02-28T10:18:51,34.8,176.0,236.6,1.3,1640.0,244.4
2019-02-28T10:19:22,34.8,194.3,223.0,1.2,1640.0,243.5
2019-02-28T10:19:53,34.8,196.1,240.7,1.2,1650.0,245.4
2019-02-28T10:20:24,34.8,199.6,228.9,1.2,1650.0,244.4
2019-02-28T10:20:56,34.8,199.0,231.3,1.1,1660.0,244.4
2019-02-28T10:21:27,34.8,196.1,232.4,1.2,1660.0,242.5
2019-02-28T10:21:58,34.8,196.7,231.3,1.1,1670.0,243.5
2019-02-28T10:22:29,34.8,196.1,229.5,1.0,1670.0,243.5
2019-02-28T10:23:00,34.8,193.7,232.4,1.0,1670.0,242.5
2019-02-28T10:23:31,34.9,190.2,230.7,0.8,1680.0,242.5
2019-02-28T10:24:02,34.8,189.0,231.3,0.8,1680.0,243.5
2019-02-28T10:24:33,34.9,189.6,230.1,0.7,1690.0,242.5
2019-02-28T10:25:04,34.8,200.8,228.9,0.7,1690.0,242.5
2019-02-28T10:25:36,34.8,217.9,230.1,0.6,1690.0,242.5
2019-02-28T10:26:07,34.8,196.7,239.5,0.7,1690.0,242.5
2019-02-28T10:26:38,34.9,176.0,235.4,0.8,1700.0,242.5
2019-02-28T10:27:09,34.9,155.3,222.4,0.9,1700.0,242.5
2019-02-28T10:27:40,34.9,135.8,246.6,1.0,1700.0,240.6
2019-02-28T10:28:11,34.9,131.7,241.3,1.1,1710.0,242.5
2019-02-28T10:28:42,34.9,157.1,233.0,1.2,1710.0,243.5
2019-02-28T10:29:13,34.9,181.3,226.5,1.0,1720.0,242.5
2019-02-28T10:29:44,34.8,199.6,241.9,1.1,1720.0,242.5
2019-02-28T10:30:15,34.9,178.3,218.3,1.2,1720.0,243.5
2019-02-28T10:30:47,34.8,155.9,234.8,1.4,1730.0,243.5
2019-02-28T10:31:18,34.8,150.0,246.6,1.6,1730.0,243.5
2019-02-28T10:31:49,34.8,176.0,238.4,1.7,1740.0,244.4
2019-02-28T10:32:20,34.8,182.5,239.5,1.6,1750.0,244.4
2019-02-28T10:32:51,34.8,194.3,233.0,1.5,1750.0,244.4
2019-02-28T10:33:22,34.9,189.6,233.6,1.6,1760.0,244.4
2019-02-28T10:33:53,34.8,176.6,240.7,1.6,1770.0,243.5
2019-02-28T10:34:24,34.8,175.4,243.7,1.6,1770.0,244.4
2019-02-28T10:34:55,34.9,170.7,243.7,1.5,1780.0,241.5
2019-02-28T10:35:26,34.9,174.8,244.3,1.6,1790.0,243.5
2019-02-28T10:35:58,34.8,189.6,235.4,1.5,1790.0,243.5
2019-02-28T10:36:29,34.8,199.6,237.8,1.3,1800.0,242.5
2019-02-28T10:37:00,34.7,194.3,235.4,1.3,1800.0,243.5
2019-02-28T10:37:31,34.7,194.9,231.3,1.4,1810.0,242.5
2019-02-28T10:38:02,34.7,173.6,247.8,1.8,1820.0,242.5
2019-02-28T10:38:33,34.7,163.0,230.1,1.9,1820.0,243.5
2019-02-28T10:39:04,34.7,170.7,230.1,1.9,1830.0,243.5
2019-02-28T10:39:35,34.7,188.4,237.8,1.7,1840.0,244.4
2019-02-28T10:40:06,34.5,199.0,243.7,1.8,1840.0,244.4
2019-02-28T10:40:38,34.5,206.1,245.5,1.9,1850.0,245.4
2019-02-28T10:41:09,34.6,207.9,240.1,1.8,1860.0,244.4
2019-02-28T10:41:40,34.5,199.6,240.7,1.9,1870.0,245.4
2019-02-28T10:42:11,34.4,201.4,245.5,2.1,1880.0,246.4
2019-02-28T10:42:42,34.4,201.4,246.6,2.0,1890.0,245.4
2019-02-28T10:43:13,34.4,207.3,246.1,2.1,1900.0,245.4
2019-02-28T10:43:44,34.5,206.7,236.6,2.2,1910.0,245.4
2019-02-28T10:44:15,34.4,204.9,239.0,2.1,1920.0,245.4
2019-02-28T10:44:46,34.0,203.2,242.5,2.0,1920.0,245.4
2019-02-28T10:45:17,34.0,204.9,240.1,1.9,1930.0,245.4
2019-02-28T10:45:49,33.9,203.2,242.5,2.0,1940.0,244.4
2019-02-28T10:46:20,33.8,207.9,240.1,2.0,1950.0,244.4
2019-02-28T10:46:51,33.7,183.7,252.6,2.5,1960.0,245.4
2019-02-28T10:47:22,33.7,189.6,233.6,2.5,1970.0,245.4
2019-02-28T10:47:53,33.7,181.9,241.3,2.6,1980.0,245.4
2019-02-28T10:48:24,33.7,183.1,241.9,2.6,1990.0,244.4
2019-02-28T10:48:55,33.7,176.6,241.9,2.8,2010.0,246.4
2019-02-28T10:49:26,33.7,173.0,239.0,2.8,2020.0,245.4
2019-02-28T10:49:57,33.8,175.4,241.9,2.8,2030.0,246.4
2019-02-28T10:50:28,33.8,177.8,243.7,2.7,2040.0,244.4
2019-02-28T10:51:00,33.8,179.5,236.6,2.7,2050.0,246.4
2019-02-28T10:51:31,33.9,176.0,246.6,2.7,2060.0,245.4
2019-02-28T10:52:02,33.9,177.2,239.5,2.6,2070.0,245.4
2019-02-28T10:52:33,34.0,177.2,242.5,2.6,2080.0,245.4
2019-02-28T10:53:04,34.0,176.0,244.3,2.7,2090.0,246.4
2019-02-28T10:53:35,34.1,177.8,243.1,2.8,2100.0,245.4
2019-02-28T10:54:06,34.1,179.5,243.7,2.7,2110.0,246.4
2019-02-28T10:54:37,34.1,180.1,244.3,2.8,2120.0,245.4
2019-02-28T10:55:08,34.1,182.5,243.1,2.8,2130.0,247.3
2019-02-28T10:55:39,34.2,174.8,243.7,2.8,2150.0,245.4
2019-02-28T10:56:11,34.1,180.1,240.7,2.9,2160.0,246.4
2019-02-28T10:56:42,34.2,179.5,244.9,2.9,2170.0,246.4
2019-02-28T10:57:13,34.2,176.6,246.1,2.9,2180.0,247.3
2019-02-28T10:57:44,34.2,176.6,243.7,2.9,2190.0,246.4
2019-02-28T10:58:15,34.1,174.8,244.3,2.9,2200.0,247.3
2019-02-28T10:58:46,34.0,172.4,244.9,3.0,2210.0,248.3
2019-02-28T10:59:17,33.9,177.8,243.7,3.0,2230.0,247.3
2019-02-28T10:59:48,33.8,177.8,236.6,3.0,2240.0,247.3
2019-02-28T11:00:19,33.7,179.5,241.9,2.9,2250.0,247.3
2019-02-28T11:00:50,33.7,181.9,236.6,2.7,2260.0,247.3
2019-02-28T11:01:22,33.5,177.8,241.3,2.7,2270.0,248.3
2019-02-28T11:01:53,33.5,177.2,241.3,2.8,2280.0,246.4
2019-02-28T11:02:24,33.7,173.6,241.9,2.7,2290.0,246.4
2019-02-28T11:02:55,33.5,180.1,236.6,2.6,2300.0,247.3
2019-02-28T11:03:26,33.5,172.4,241.3,2.9,2320.0,247.3
2019-02-28T11:03:57,33.8,176.0,240.7,2.9,2330.0,247.3
2019-02-28T11:04:28,33.8,176.6,236.6,3.0,2340.0,247.3
2019-02-28T11:04:59,33.9,168.9,230.7,3.2,2350.0,247.3
2019-02-28T11:05:30,33.9,179.5,237.8,2.9,2360.0,248.3
2019-02-28T11:06:01,33.8,177.2,238.4,3.1,2370.0,246.4
2019-02-28T11:06:32,33.8,176.0,232.4,3.0,2390.0,246.4
2019-02-28T11:07:03,33.9,180.1,236.6,2.8,2400.0,247.3
2019-02-28T11:07:34,33.8,178.9,239.5,2.8,2410.0,247.3
2019-02-28T11:08:05,33.9,175.4,234.8,2.5,2420.0,247.3
2019-02-28T11:08:36,33.9,178.9,236.0,2.3,2430.0,245.4
2019-02-28T11:09:07,33.8,174.8,236.0,2.2,2440.0,245.4
2019-02-28T11:09:38,33.8,179.5,234.8,2.0,2450.0,245.4
2019-02-28T11:10:09,33.7,184.8,236.0,2.0,2460.0,246.4
2019-02-28T11:10:41,33.8,197.3,236.6,1.8,2460.0,245.4
2019-02-28T11:11:12,33.8,203.7,234.8,1.6,2470.0,243.5
2019-02-28T11:11:43,33.9,194.9,232.4,1.7,2480.0,245.4
2019-02-28T11:12:14,34.0,198.4,239.0,1.9,2490.0,246.4
2019-02-28T11:12:45,34.0,201.4,231.9,2.0,2500.0,246.4
2019-02-28T11:13:16,34.0,183.7,231.9,2.2,2500.0,246.4
2019-02-28T11:13:47,34.1,165.4,239.0,2.5,2510.0,245.4
2019-02-28T11:14:18,34.2,167.7,231.9,2.5,2520.0,247.3
2019-02-28T11:14:49,34.2,176.6,233.0,2.4,2530.0,247.3
2019-02-28T11:15:20,34.4,177.8,235.4,2.4,2540.0,247.3
2019-02-28T11:15:52,34.4,174.8,235.4,2.5,2550.0,246.4
2019-02-28T11:16:23,34.5,168.9,236.0,2.6,2560.0,247.3
2019-02-28T11:16:54,34.5,171.3,236.0,2.5,2570.0,246.4
2019-02-28T11:17:25,34.5,176.6,234.8,2.4,2580.0,248.3
2019-02-28T11:17:56,34.6,173.0,233.0,2.5,2590.0,247.3
2019-02-28T11:18:27,34.7,166.5,228.3,2.6,2600.0,247.3
2019-02-28T11:18:58,34.7,187.8,225.9,2.3,2610.0,246.4
2019-02-28T11:19:29,34.7,199.6,228.3,2.2,2620.0,246.4
2019-02-28T11:20:00,34.8,197.3,225.9,2.3,2630.0,247.3
2019-02-28T11:20:32,34.9,201.4,226.5,2.2,2640.0,247.3
2019-02-28T11:21:03,34.9,194.9,228.3,2.3,2650.0,248.3
2019-02-28T11:21:34,35.0,200.8,227.7,2.2,2660.0,246.4
2019-02-28T11:22:05,35.0,196.1,230.7,2.3,2670.0,246.4
2019-02-28T11:22:36,35.2,194.9,224.8,2.3,2680.0,246.4
2019-02-28T11:23:07,35.2,199.6,229.5,2.2,2690.0,247.3
2019-02-28T11:23:38,35.3,193.1,228.9,2.2,2700.0,248.3
2019-02-28T11:24:09,35.3,194.9,233.6,2.2,2710.0,247.3
2019-02-28T11:24:40,35.4,194.9,235.4,2.2,2720.0,247.3
2019-02-28T11:25:11,35.4,199.0,227.7,2.2,2730.0,246.4
2019-02-28T11:25:43,35.5,194.3,223.0,2.3,2740.0,247.3
2019-02-28T11:26:14,35.5,197.3,224.2,2.3,2750.0,247.3
2019-02-28T11:26:45,35.5,194.9,231.9,2.2,2760.0,248.3
2019-02-28T11:27:16,35.6,195.5,231.9,2.1,2770.0,247.3
2019-02-28T11:27:47,35.6,198.4,233.0,2.2,2780.0,247.3
2019-02-28T11:28:18,35.7,197.8,234.8,2.1,2790.0,248.3
2019-02-28T11:28:49,35.6,194.3,232.4,2.2,2800.0,247.3
2019-02-28T11:29:20,35.6,197.8,233.6,2.2,2810.0,247.3
2019-02-28T11:29:51,35.6,193.1,231.9,2.1,2820.0,247.3
2019-02-28T11:30:22,35.7,194.3,232.4,2.3,2830.0,247.3
2019-02-28T11:30:54,35.7,191.3,228.3,2.2,2840.0,247.3
2019-02-28T11:31:25,35.9,196.7,231.3,2.3,2850.0,246.4
2019-02-28T11:31:56,35.9,193.7,224.8,2.4,2860.0,247.3
2019-02-28T11:32:27,36.0,190.8,234.2,2.5,2870.0,247.3
2019-02-28T11:32:58,36.0,194.9,235.4,2.4,2880.0,246.4
2019-02-28T11:33:29,36.0,194.3,232.4,2.6,2890.0,246.4
2019-02-28T11:34:00,36.1,194.3,230.7,2.6,2900.0,248.3
2019-02-28T11:34:31,36.1,194.3,234.8,2.6,2910.0,248.3
2019-02-28T11:35:02,36.2,197.3,228.9,2.6,2920.0,247.3
2019-02-28T11:35:34,36.2,192.5,230.1,2.7,2930.0,248.3
2019-02-28T11:36:05,36.2,191.9,227.7,2.6,2940.0,247.3
2019-02-28T11:36:36,36.3,194.9,224.8,2.5,2950.0,247.3
2019-02-28T11:37:07,36.3,197.3,230.7,2.6,2960.0,246.4
2019-02-28T11:37:38,36.4,192.5,230.7,2.6,2980.0,247.3
2019-02-28T11:38:09,36.4,193.1,232.4,2.5,2990.0,247.3
2019-02-28T11:38:40,36.5,192.5,230.1,2.5,3000.0,247.3
2019-02-28T11:39:11,36.5,197.8,232.4,2.5,3010.0,246.4
2019-02-28T11:39:42,36.5,191.3,228.9,2.5,3020.0,246.4
2019-02-28T11:40:13,36.7,197.8,227.7,2.5,3030.0,246.4
2019-02-28T11:40:45,36.5,189.6,220.0,2.5,3040.0,247.3
2019-02-28T11:41:16,36.7,189.0,220.6,2.6,3050.0,247.3
2019-02-28T11:41:47,36.7,190.8,224.8,2.7,3060.0,247.3
2019-02-28T11:42:18,36.8,196.1,223.6,2.5,3070.0,248.3
2019-02-28T11:42:50,36.8,194.3,226.5,2.3,3090.0,247.3
2019-02-28T11:43:21,36.8,192.5,227.7,2.4,3100.0,246.4
2019-02-28T11:43:52,36.9,192.5,225.9,2.3,3110.0,246.4
2019-02-28T11:44:23,36.9,196.7,228.9,2.2,3120.0,248.3
2019-02-28T11:44:54,36.9,191.9,224.2,2.1,3130.0,245.4
2019-02-28T11:45:25,36.9,196.7,227.7,1.8,3140.0,247.3
2019-02-28T11:45:56,36.9,189.6,225.9,1.8,3140.0,245.4
2019-02-28T11:46:28,37.0,193.1,225.9,1.8,3150.0,245.4
2019-02-28T11:46:59,37.0,195.5,227.1,1.6,3160.0,245.4
2019-02-28T11:47:30,37.0,194.9,228.3,1.7,3170.0,245.4
2019-02-28T11:48:01,37.0,194.3,225.9,1.5,3170.0,244.4
2019-02-28T11:48:32,37.0,194.9,228.3,1.5,3180.0,244.4
2019-02-28T11:49:03,37.0,187.8,235.4,1.4,3190.0,244.4
2019-02-28T11:49:34,37.0,189.0,230.7,1.3,3190.0,243.5
2019-02-28T11:50:05,37.0,194.9,226.5,1.2,3200.0,244.4
2019-02-28T11:50:36,36.9,192.5,228.3,1.2,3200.0,243.5
2019-02-28T11:51:08,36.9,189.6,230.1,1.0,3210.0,244.4
2019-02-28T11:51:39,36.9,188.4,228.3,1.0,3210.0,244.4
2019-02-28T11:52:10,36.9,187.8,227.1,0.9,3220.0,243.5
2019-02-28T11:52:41,36.8,186.6,226.5,0.8,3220.0,243.5
2019-02-28T11:53:12,36.8,180.7,227.1,0.7,3220.0,242.5
2019-02-28T11:53:43,36.7,186.0,221.8,0.6,3230.0,242.5
2019-02-28T11:54:14,36.4,206.1,220.6,0.5,3230.0,242.5
2019-02-28T11:54:45,36.4,207.9,218.8,0.5,3230.0,243.5
2019-02-28T11:55:16,36.4,194.9,223.0,0.5,3230.0,241.5
2019-02-28T11:55:47,36.4,172.4,239.5,0.6,3230.0,241.5
2019-02-28T11:56:19,36.3,151.2,214.7,0.7,3240.0,241.5
2019-02-28T11:56:50,36.3,133.5,194.0,0.8,3240.0,241.5
2019-02-28T11:57:21,36.3,155.9,202.9,0.7,3240.0,242.5
2019-02-28T11:57:52,36.2,178.9,230.7,0.7,3240.0,243.5
2019-02-28T11:58:23,36.2,201.4,246.6,0.6,3240.0,244.4
2019-02-28T11:58:54,36.1,194.3,237.2,0.8,3250.0,245.4
2019-02-28T11:59:25,36.1,181.9,239.5,0.9,3250.0,245.4
2019-02-28T11:59:56,36.0,165.9,228.3,0.8,3250.0,244.4
2019-02-28T12:00:27,36.0,190.2,230.1,0.8,3260.0,246.4
2019-02-28T12:00:58,36.0,167.1,225.9,0.9,3260.0,245.4
2019-02-28T12:01:30,36.0,164.2,216.5,0.9,3260.0,245.4
2019-02-28T12:02:01,35.9,144.1,231.9,1.1,3270.0,246.4
2019-02-28T12:02:32,35.9,168.3,249.6,1.1,3270.0,246.4
2019-02-28T12:03:03,35.9,191.9,223.6,1.1,3280.0,248.3
2019-02-28T12:03:34,35.7,167.7,252.0,1.3,3280.0,247.3
2019-02-28T12:04:05,35.7,177.8,240.1,1.3,3290.0,248.3
2019-02-28T12:04:36,35.7,203.7,239.0,1.4,3290.0,248.3
2019-02-28T12:05:07,35.7,206.1,250.8,1.4,3300.0,249.3
2019-02-28T12:05:38,35.7,188.4,239.0,1.4,3300.0,248.3
2019-02-28T12:06:10,35.7,166.5,240.1,1.6,3310.0,249.3
2019-02-28T12:06:41,35.7,184.8,243.7,1.7,3320.0,248.3
2019-02-28T12:07:12,35.6,206.7,236.0,1.5,3320.0,248.3
2019-02-28T12:07:43,35.6,185.4,249.0,1.7,3330.0,248.3
2019-02-28T12:08:14,35.6,173.0,234.2,1.9,3340.0,249.3
2019-02-28T12:08:45,35.6,196.7,239.5,1.8,3340.0,250.2
2019-02-28T12:09:16,35.6,202.6,247.2,1.7,3350.0,251.2
2019-02-28T12:09:47,35.6,203.7,235.4,1.8,3360.0,249.3
2019-02-28T12:10:18,35.6,204.3,252.0,1.8,3370.0,250.2
2019-02-28T12:10:49,35.6,204.9,236.6,2.0,3380.0,249.3
2019-02-28T12:11:21,35.6,197.8,237.8,1.9,3380.0,250.2
2019-02-28T12:11:52,35.6,199.0,246.1,1.9,3390.0,251.2
2019-02-28T12:12:23,35.6,203.7,231.3,2.0,3400.0,251.2
2019-02-28T12:12:54,35.7,199.6,239.0,2.1,3410.0,250.2
2019-02-28T12:13:25,35.7,202.6,247.8,2.1,3420.0,251.2
2019-02-28T12:13:56,35.7,206.1,239.5,2.2,3430.0,250.2
2019-02-28T12:14:27,35.7,202.6,235.4,2.2,3440.0,250.2
2019-02-28T12:14:58,35.7,204.3,240.7,2.3,3450.0,250.2
2019-02-28T12:15:29,35.7,203.2,236.0,2.3,3460.0,249.3
2019-02-28T12:16:00,35.9,203.7,237.2,2.4,3470.0,249.3
2019-02-28T12:16:31,35.9,203.2,237.2,2.3,3480.0,249.3
2019-02-28T12:17:02,35.9,206.7,240.1,2.3,3490.0,249.3
2019-02-28T12:17:33,35.9,199.6,240.7,2.3,3500.0,249.3
2019-02-28T12:18:04,36.0,207.3,238.4,2.3,3510.0,250.2
2019-02-28T12:18:35,35.9,200.2,236.0,2.4,3520.0,250.2
2019-02-28T12:19:06,36.0,200.8,234.8,2.5,3540.0,249.3
2019-02-28T12:19:37,36.0,196.1,244.9,2.5,3550.0,249.3
2019-02-28T12:20:08,36.0,201.4,238.4,2.5,3560.0,249.3
2019-02-28T12:20:40,36.1,203.2,237.2,2.5,3570.0,249.3
2019-02-28T12:21:11,36.1,197.8,240.7,2.4,3580.0,249.3
2019-02-28T12:21:42,36.1,205.5,242.5,2.5,3590.0,249.3
2019-02-28T12:22:13,36.1,200.8,236.0,2.4,3600.0,249.3
2019-02-28T12:22:44,36.1,197.3,231.3,2.5,3610.0,249.3
2019-02-28T12:23:15,36.1,203.2,239.0,2.3,3620.0,247.3
2019-02-28T12:23:46,36.2,200.8,240.7,2.4,3630.0,249.3
2019-02-28T12:24:17,36.2,199.0,237.8,2.3,3640.0,247.3
2019-02-28T12:24:48,36.2,198.4,234.8,2.4,3650.0,247.3
2019-02-28T12:25:19,36.3,196.7,233.0,2.3,3660.0,247.3
2019-02-28T12:25:51,36.3,194.9,237.8,2.3,3670.0,246.4
2019-02-28T12:26:22,36.3,197.3,237.2,2.3,3680.0,246.4
2019-02-28T12:26:53,36.3,197.8,233.0,2.2,3690.0,247.3
2019-02-28T12:27:24,36.3,194.9,230.7,2.2,3700.0,247.3
2019-02-28T12:27:55,36.3,195.5,228.9,2.2,3710.0,246.4
2019-02-28T12:28:26,36.3,196.1,228.9,2.2,3720.0,246.4
2019-02-28T12:28:57,36.3,199.6,231.3,2.1,3730.0,247.3
2019-02-28T12:29:28,36.3,194.9,232.4,2.2,3740.0,247.3
2019-02-28T12:29:59,36.4,195.5,234.8,2.1,3750.0,247.3
2019-02-28T12:30:30,36.4,199.0,234.2,2.0,3760.0,248.3
2019-02-28T12:31:02,36.4,191.9,233.6,2.0,3770.0,247.3
2019-02-28T12:31:33,36.5,199.6,232.4,1.9,3770.0,248.3
2019-02-28T12:32:04,36.5,195.5,228.9,2.0,3780.0,247.3
2019-02-28T12:32:35,36.5,194.3,241.9,2.2,3790.0,248.3
2019-02-28T12:33:06,36.5,197.3,225.4,2.2,3800.0,247.3
2019-02-28T12:33:37,36.7,194.9,231.3,2.2,3810.0,248.3
2019-02-28T12:34:08,36.7,201.4,231.9,2.1,3820.0,247.3
2019-02-28T12:34:39,36.7,193.7,227.7,2.3,3830.0,248.3
2019-02-28T12:35:10,36.7,194.9,236.6,2.3,3840.0,248.3
2019-02-28T12:35:41,36.7,199.0,230.1,2.1,3850.0,248.3
2019-02-28T12:36:13,36.7,200.2,231.9,2.0,3860.0,248.3
2019-02-28T12:36:44,36.8,194.3,234.2,2.0,3870.0,248.3
2019-02-28T12:37:15,36.8,192.5,228.9,2.1,3880.0,247.3
2019-02-28T12:37:46,36.8,194.9,234.8,2.0,3890.0,247.3
2019-02-28T12:38:17,36.9,194.3,235.4,2.0,3900.0,247.3
2019-02-28T12:38:48,36.9,199.0,231.9,1.8,3910.0,246.4
2019-02-28T12:39:19,36.9,190.8,233.6,1.9,3910.0,246.4
2019-02-28T12:39:50,36.9,193.1,234.8,2.0,3920.0,247.3
2019-02-28T12:40:21,36.9,196.7,217.7,2.1,3930.0,247.3
2019-02-28T12:40:53,36.9,194.9,236.6,2.2,3940.0,247.3
2019-02-28T12:41:24,36.9,192.5,223.0,2.3,3950.0,247.3
2019-02-28T12:41:55,37.0,194.9,227.1,2.3,3960.0,247.3
2019-02-28T12:42:26,37.0,190.2,230.7,2.3,3970.0,247.3
2019-02-28T12:42:57,37.0,189.6,218.8,2.4,3980.0,247.3
2019-02-28T12:43:28,37.0,191.9,228.9,2.4,3990.0,247.3
2019-02-28T12:43:59,37.1,196.1,231.9,2.3,4000.0,247.3
2019-02-28T12:44:30,37.1,197.8,228.3,2.2,4010.0,246.4
2019-02-28T12:45:01,37.1,188.4,222.4,2.2,4020.0,246.4
2019-02-28T12:45:33,37.1,196.1,231.9,2.1,4030.0,246.4
2019-02-28T12:46:04,37.1,191.9,233.0,2.0,4040.0,246.4
2019-02-28T12:46:35,37.2,192.5,237.2,2.0,4050.0,248.3
2019-02-28T12:47:06,37.2,181.9,221.8,2.1,4050.0,246.4
2019-02-28T12:47:37,37.2,194.9,223.0,2.2,4060.0,246.4
2019-02-28T12:48:08,37.2,191.9,224.8,2.3,4070.0,248.3
2019-02-28T12:48:39,37.4,196.1,224.8,2.2,4080.0,248.3
2019-02-28T12:49:10,37.4,198.4,226.5,2.3,4090.0,246.4
2019-02-28T12:49:41,37.4,193.7,225.4,2.3,4110.0,247.3
2019-02-28T12:50:12,37.4,196.7,224.8,2.3,4120.0,247.3
2019-02-28T12:50:44,37.4,196.7,229.5,2.4,4130.0,247.3
2019-02-28T12:51:15,37.5,190.2,233.0,2.4,4140.0,247.3
2019-02-28T12:51:46,37.5,199.0,228.9,2.2,4150.0,247.3
2019-02-28T12:52:17,37.5,191.9,224.2,2.3,4160.0,246.4
2019-02-28T12:52:48,37.5,195.5,230.7,2.3,4170.0,246.4
2019-02-28T12:53:19,37.6,189.0,223.0,2.4,4180.0,245.4
2019-02-28T12:53:50,37.6,194.3,230.1,2.3,4190.0,248.3
2019-02-28T12:54:21,37.6,194.3,224.8,2.3,4200.0,248.3
2019-02-28T12:54:52,37.6,191.3,233.6,2.3,4210.0,248.3
2019-02-28T12:55:23,37.6,199.0,228.3,2.4,4220.0,248.3
2019-02-28T12:55:55,37.6,194.9,235.4,2.5,4230.0,248.3
2019-02-28T12:56:26,37.7,193.7,233.0,2.4,4240.0,249.3
2019-02-28T12:56:57,37.7,196.7,234.8,2.5,4250.0,249.3
2019-02-28T12:57:28,37.7,191.9,233.6,2.6,4260.0,249.3
2019-02-28T12:57:59,37.7,194.9,230.7,2.7,4270.0,248.3
2019-02-28T12:58:30,37.7,190.8,227.1,2.6,4280.0,249.3
2019-02-28T12:59:01,37.7,191.3,220.0,2.8,4300.0,248.3
2019-02-28T12:59:32,37.8,192.5,223.6,2.7,4310.0,249.3
2019-02-28T13:00:03,37.8,186.6,231.9,2.9,4320.0,249.3
2019-02-28T13:00:35,37.8,197.8,230.1,2.8,4330.0,250.2
2019-02-28T13:01:06,37.8,180.1,207.6,3.1,4350.0,250.2
2019-02-28T13:01:37,37.9,173.6,225.9,3.4,4360.0,250.2
2019-02-28T13:02:08,37.9,171.3,227.7,3.5,4370.0,250.2
2019-02-28T13:02:39,37.9,171.9,222.4,3.5,4390.0,250.2
2019-02-28T13:03:10,38.0,160.0,212.3,3.7,4400.0,252.2
2019-02-28T13:03:41,38.0,179.5,221.8,3.9,4420.0,253.1
2019-02-28T13:04:12,38.2,174.2,221.8,4.1,4440.0,253.1
2019-02-28T13:04:43,38.2,181.3,205.8,3.8,4460.0,252.2
2019-02-28T13:05:14,38.3,181.3,218.8,3.7,4480.0,252.2
2019-02-28T13:05:46,38.4,178.9,230.7,3.7,4500.0,251.2
2019-02-28T13:06:17,38.4,174.8,223.0,3.3,4520.0,251.2
2019-02-28T13:06:48,38.5,179.5,218.3,3.2,4530.0,250.2
2019-02-28T13:07:19,38.5,171.9,220.6,3.5,4550.0,250.2
2019-02-28T13:07:50,38.5,175.4,217.7,3.4,4560.0,250.2
2019-02-28T13:08:21,38.6,186.0,220.0,3.1,4580.0,251.2
2019-02-28T13:08:52,38.6,182.5,214.7,3.0,4590.0,251.2
2019-02-28T13:09:23,38.6,196.1,217.7,2.7,4600.0,250.2
2019-02-28T13:09:54,38.7,188.4,221.2,2.9,4620.0,248.3
2019-02-28T13:10:25,38.7,197.8,203.5,2.9,4630.0,249.3
2019-02-28T13:10:57,38.7,193.7,231.9,3.1,4640.0,250.2
2019-02-28T13:11:28,38.9,189.0,223.0,2.9,4660.0,248.3
2019-02-28T13:11:59,38.9,194.3,208.2,2.9,4670.0,250.2
2019-02-28T13:12:30,38.9,192.5,215.9,2.8,4680.0,249.3
2019-02-28T13:13:01,38.9,189.6,223.6,2.6,4700.0,248.3
2019-02-28T13:13:32,38.9,190.8,221.2,2.4,4710.0,247.3
2019-02-28T13:14:03,39.0,189.0,219.4,2.3,4720.0,247.3
2019-02-28T13:14:34,39.0,189.6,220.0,2.2,4730.0,247.3
2019-02-28T13:15:05,39.0,191.9,221.2,2.2,4740.0,247.3
2019-02-28T13:15:37,39.0,190.2,223.0,2.1,4750.0,246.4
2019-02-28T13:16:08,39.0,186.0,225.9,2.1,4750.0,246.4
2019-02-28T13:16:39,39.0,187.8,224.8,2.1,4760.0,246.4
2019-02-28T13:17:10,39.0,187.8,220.0,2.1,4770.0,246.4
2019-02-28T13:17:41,39.0,189.0,217.1,2.2,4780.0,245.4
2019-02-28T13:18:12,39.0,186.6,218.8,2.2,4790.0,246.4
2019-02-28T13:18:43,39.0,191.3,234.8,2.2,4800.0,246.4
2019-02-28T13:19:14,39.0,190.8,217.1,2.3,4810.0,246.4
2019-02-28T13:19:45,39.0,193.1,221.2,2.2,4820.0,248.3
2019-02-28T13:20:16,39.0,194.3,221.8,2.0,4820.0,245.4
2019-02-28T13:20:48,39.0,187.8,219.4,2.1,4830.0,247.3
2019-02-28T13:21:19,39.0,193.7,227.7,2.0,4840.0,246.4
2019-02-28T13:21:50,39.0,195.5,224.8,1.9,4850.0,246.4
2019-02-28T13:22:21,39.0,194.9,229.5,2.0,4860.0,247.3
2019-02-28T13:22:52,39.0,194.3,228.3,1.9,4870.0,245.4
2019-02-28T13:23:23,38.9,191.9,225.9,1.8,4880.0,246.4
2019-02-28T13:23:54,38.9,190.8,230.1,1.6,4880.0,245.4
2019-02-28T13:24:25,38.9,190.8,228.9,1.6,4890.0,247.3
2019-02-28T13:24:56,38.9,190.8,230.7,1.4,4900.0,247.3
2019-02-28T13:25:27,38.9,189.0,228.9,1.2,4900.0,248.3
2019-02-28T13:25:59,38.9,184.3,226.5,1.2,4910.0,246.4
2019-02-28T13:26:30,38.9,184.8,224.8,1.2,4910.0,247.3
2019-02-28T13:27:01,38.9,194.3,230.7,1.2,4920.0,247.3
2019-02-28T13:27:32,38.7,195.5,233.6,1.1,4930.0,247.3
2019-02-28T13:28:03,38.7,207.9,228.9,1.2,4930.0,247.3
2019-02-28T13:28:34,38.7,202.6,231.9,1.0,4940.0,247.3
2019-02-28T13:29:05,38.7,213.8,230.1,1.0,4940.0,247.3
2019-02-28T13:29:36,38.7,202.6,223.6,1.0,4950.0,248.3
2019-02-28T13:30:07,38.6,210.8,224.8,1.1,4950.0,248.3
2019-02-28T13:30:39,38.6,210.8,237.2,1.0,4960.0,246.4
2019-02-28T13:31:10,38.6,209.7,227.7,1.1,4960.0,247.3
2019-02-28T13:31:41,38.6,206.7,230.7,1.1,4960.0,247.3
2019-02-28T13:32:12,38.6,207.3,222.4,1.1,4970.0,247.3
2019-02-28T13:32:43,38.6,213.2,228.9,1.0,4970.0,246.4
2019-02-28T13:33:14,38.6,201.4,228.9,1.1,4980.0,248.3
2019-02-28T13:33:45,38.6,211.4,236.6,1.1,4980.0,246.4
2019-02-28T13:34:16,38.6,213.8,230.7,1.1,4990.0,247.3
2019-02-28T13:34:47,38.5,213.2,218.3,1.0,4990.0,247.3
2019-02-28T13:35:18,38.5,204.3,237.8,1.1,5000.0,248.3
2019-02-28T13:35:50,38.5,215.0,218.3,1.1,5000.0,247.3
2019-02-28T13:36:21,38.5,203.7,231.3,1.1,5010.0,249.3
2019-02-28T13:36:52,38.5,220.3,232.4,1.0,5010.0,247.3
2019-02-28T13:37:23,38.5,210.2,226.5,1.2,5020.0,247.3
2019-02-28T13:37:54,38.5,211.4,231.3,1.1,5030.0,248.3
2019-02-28T13:38:25,38.5,208.5,233.6,1.2,5030.0,248.3
2019-02-28T13:38:56,38.5,215.6,223.0,1.2,5040.0,248.3
2019-02-28T13:39:27,38.5,218.5,235.4,1.3,5040.0,247.3
2019-02-28T13:39:58,38.5,218.5,212.3,1.3,5050.0,248.3
2019-02-28T13:40:29,38.5,211.4,206.4,1.3,5060.0,249.3
2019-02-28T13:41:01,38.4,216.2,205.8,1.5,5060.0,248.3
2019-02-28T13:41:32,38.4,215.0,188.7,1.4,5070.0,249.3
2019-02-28T13:42:03,38.4,208.5,187.5,1.8,5080.0,247.3
2019-02-28T13:42:34,38.4,223.2,227.1,1.7,5080.0,249.3
2019-02-28T13:43:05,38.4,207.9,250.8,1.9,5090.0,250.2
2019-02-28T13:43:36,38.3,218.5,234.2,1.9,5100.0,250.2
2019-02-28T13:44:07,38.3,209.7,230.7,2.1,5120.0,251.2
2019-02-28T13:44:38,38.3,199.0,223.6,2.3,5130.0,252.2
2019-02-28T13:45:09,38.4,201.4,239.0,2.4,5140.0,251.2
2019-02-28T13:45:40,38.4,200.8,225.4,2.7,5150.0,251.2
2019-02-28T13:46:12,38.4,184.8,244.3,2.8,5160.0,251.2
2019-02-28T13:46:43,38.4,181.3,225.9,3.0,5180.0,251.2
2019-02-28T13:47:14,38.5,180.7,217.7,2.8,5190.0,251.2
2019-02-28T13:47:45,38.5,187.2,218.8,2.6,5200.0,251.2
2019-02-28T13:48:16,38.5,193.1,224.2,2.4,5210.0,250.2
2019-02-28T13:48:47,38.5,190.2,227.1,2.4,5220.0,249.3
2019-02-28T13:49:18,38.5,196.1,225.9,2.4,5230.0,251.2
2019-02-28T13:49:49,38.6,196.1,223.0,2.2,5240.0,250.2
2019-02-28T13:50:20,38.6,194.9,234.8,2.3,5250.0,250.2
2019-02-28T13:50:51,38.6,197.3,220.6,2.0,5260.0,248.3
2019-02-28T13:51:23,38.6,196.1,224.8,2.0,5270.0,248.3
2019-02-28T13:51:54,38.6,194.9,221.8,1.8,5280.0,248.3
2019-02-28T13:52:25,38.6,191.3,223.0,1.8,5290.0,248.3
2019-02-28T13:52:56,38.6,194.9,225.4,1.7,5290.0,247.3
2019-02-28T13:53:27,38.6,193.7,225.9,1.6,5300.0,247.3
2019-02-28T13:53:58,38.6,186.6,224.2,1.6,5310.0,248.3
2019-02-28T13:54:29,38.6,193.7,228.9,1.6,5310.0,247.3
2019-02-28T13:55:00,38.6,192.5,227.1,1.5,5320.0,247.3
2019-02-28T13:55:31,38.6,186.0,231.9,1.6,5330.0,246.4
2019-02-28T13:56:03,38.5,190.8,225.9,1.4,5330.0,245.4
2019-02-28T13:56:34,38.4,189.0,229.5,1.5,5340.0,246.4
2019-02-28T13:57:05,38.4,192.5,225.9,1.4,5350.0,246.4
2019-02-28T13:57:36,38.4,189.0,220.0,1.4,5350.0,246.4
2019-02-28T13:58:07,38.4,193.1,230.7,1.3,5360.0,248.3
2019-02-28T13:58:38,38.3,183.7,216.5,1.4,5360.0,248.3
2019-02-28T13:59:09,38.3,187.8,227.7,1.5,5370.0,248.3
2019-02-28T13:59:40,38.3,187.2,223.6,1.4,5370.0,248.3
2019-02-28T14:00:11,38.3,187.8,223.0,1.4,5380.0,248.3
2019-02-28T14:00:42,38.4,187.2,223.0,1.5,5390.0,250.2
2019-02-28T14:01:14,38.4,193.1,232.4,1.6,5390.0,248.3
2019-02-28T14:01:45,38.4,191.9,228.9,1.4,5400.0,248.3
2019-02-28T14:02:16,38.4,187.8,228.9,1.4,5400.0,248.3
2019-02-28T14:02:47,38.4,186.0,220.0,1.4,5410.0,248.3
2019-02-28T14:03:18,38.4,189.6,228.9,1.4,5420.0,249.3
2019-02-28T14:03:49,38.3,188.4,230.1,1.4,5420.0,248.3
2019-02-28T14:04:20,38.3,189.6,221.2,1.5,5430.0,248.3
2019-02-28T14:04:51,38.2,187.8,233.6,1.6,5430.0,248.3
2019-02-28T14:05:22,38.2,190.2,219.4,1.6,5440.0,247.3
2019-02-28T14:05:53,38.2,187.8,229.5,1.6,5450.0,249.3
2019-02-28T14:06:25,38.2,197.3,227.1,1.5,5450.0,248.3
2019-02-28T14:06:56,38.2,194.3,234.8,1.8,5460.0,248.3
2019-02-28T14:07:27,38.0,195.5,228.9,1.9,5470.0,250.2
2019-02-28T14:07:58,38.0,194.9,228.9,1.6,5470.0,248.3
2019-02-28T14:08:29,38.0,191.9,231.9,1.6,5480.0,248.3
2019-02-28T14:09:00,38.2,196.7,230.7,1.4,5490.0,248.3
2019-02-28T14:09:31,38.2,191.9,228.9,1.5,5490.0,248.3
2019-02-28T14:10:02,38.2,196.7,237.8,1.4,5500.0,248.3
2019-02-28T14:10:33,38.3,209.7,230.7,1.5,5510.0,248.3
2019-02-28T14:11:05,38.3,211.4,218.8,1.6,5510.0,248.3
2019-02-28T14:11:36,38.2,215.6,214.1,1.7,5520.0,249.3
2019-02-28T14:12:07,37.9,220.9,231.9,1.6,5530.0,248.3
2019-02-28T14:12:38,38.0,215.6,239.0,1.8,5540.0,249.3
2019-02-28T14:13:09,38.0,201.4,220.0,1.8,5540.0,249.3
2019-02-28T14:13:40,38.2,189.6,236.0,2.0,5550.0,250.2
2019-02-28T14:14:11,38.2,190.8,233.0,1.9,5560.0,249.3
2019-02-28T14:14:42,38.2,191.9,229.5,1.9,5570.0,249.3
2019-02-28T14:15:13,38.2,190.2,228.9,1.9,5580.0,249.3
2019-02-28T14:15:44,38.2,191.3,230.1,1.8,5590.0,249.3
2019-02-28T14:16:16,38.0,191.3,229.5,1.7,5590.0,249.3
2019-02-28T14:16:47,38.0,194.9,228.9,1.8,5600.0,250.2
2019-02-28T14:17:18,38.0,193.7,227.7,1.6,5610.0,249.3
2019-02-28T14:17:49,38.2,192.5,225.9,1.8,5620.0,249.3
2019-02-28T14:18:20,38.0,196.7,232.4,1.9,5620.0,249.3
2019-02-28T14:18:51,38.2,197.8,231.3,1.7,5630.0,249.3
2019-02-28T14:19:22,38.2,190.2,233.0,1.7,5640.0,249.3
2019-02-28T14:19:53,38.2,197.8,228.9,1.8,5650.0,249.3
2019-02-28T14:20:24,38.2,196.7,233.0,1.6,5650.0,248.3
2019-02-28T14:20:55,38.2,197.8,231.3,1.5,5660.0,249.3
2019-02-28T14:21:27,38.2,196.1,228.9,1.5,5670.0,248.3
2019-02-28T14:21:58,38.2,191.3,229.5,1.3,5670.0,249.3
2019-02-28T14:22:29,38.2,193.7,229.5,1.3,5680.0,248.3
2019-02-28T14:23:00,38.2,187.8,239.0,1.5,5680.0,248.3
2019-02-28T14:23:31,38.2,210.8,230.7,1.4,5690.0,247.3
2019-02-28T14:24:02,38.3,213.8,236.0,1.4,5700.0,248.3
2019-02-28T14:24:33,38.3,211.4,231.9,1.4,5700.0,248.3
2019-02-28T14:25:04,38.3,212.0,233.6,1.3,5710.0,247.3
2019-02-28T14:25:35,38.3,217.3,235.4,1.2,5720.0,247.3
2019-02-28T14:26:07,38.2,213.8,233.6,1.3,5720.0,246.4
2019-02-28T14:26:38,38.2,217.9,233.0,1.2,5730.0,247.3
2019-02-28T14:27:09,38.2,217.3,228.3,1.1,5730.0,246.4
2019-02-28T14:27:40,38.2,216.2,232.4,1.1,5740.0,246.4
2019-02-28T14:28:11,38.2,207.3,236.6,1.1,5740.0,247.3
2019-02-28T14:28:42,38.2,209.1,219.4,1.2,5750.0,247.3
2019-02-28T14:29:13,38.2,215.0,234.8,1.1,5750.0,247.3
2019-02-28T14:29:44,38.2,204.3,239.5,1.2,5760.0,246.4
2019-02-28T14:30:15,38.3,215.0,218.8,1.3,5760.0,246.4
2019-02-28T14:30:46,38.3,219.1,228.9,1.2,5770.0,247.3
2019-02-28T14:31:18,38.3,202.0,225.9,1.3,5780.0,246.4
2019-02-28T14:31:49,38.3,219.1,234.8,1.2,5780.0,246.4
2019-02-28T14:32:20,38.3,203.7,234.2,1.4,5790.0,248.3
2019-02-28T14:32:51,38.3,219.1,227.1,1.2,5790.0,247.3
2019-02-28T14:33:22,38.3,209.7,229.5,1.3,5800.0,247.3
2019-02-28T14:33:53,38.3,222.1,233.0,1.2,5810.0,247.3
2019-02-28T14:34:24,38.3,212.0,230.7,1.3,5810.0,247.3
2019-02-28T14:34:55,38.3,210.2,233.6,1.3,5820.0,247.3
2019-02-28T14:35:26,38.4,216.2,234.2,1.3,5820.0,247.3
2019-02-28T14:35:57,38.3,215.0,240.1,1.3,5830.0,248.3
2019-02-28T14:36:29,38.4,212.0,225.9,1.3,5840.0,247.3
2019-02-28T14:37:00,38.4,213.8,230.7,1.3,5840.0,248.3
2019-02-28T14:37:31,38.4,219.7,234.2,1.3,5850.0,248.3
2019-02-28T14:38:02,38.4,220.9,220.6,1.3,5860.0,247.3
2019-02-28T14:38:33,38.4,210.8,228.9,1.4,5870.0,249.3
2019-02-28T14:39:04,38.4,217.3,231.3,1.4,5870.0,247.3
2019-02-28T14:39:35,38.4,222.7,237.2,1.4,5880.0,249.3
2019-02-28T14:40:06,38.4,224.4,225.4,1.3,5890.0,248.3
2019-02-28T14:40:38,38.4,216.2,223.0,1.4,5890.0,249.3
2019-02-28T14:41:09,38.4,220.9,230.7,1.3,5900.0,247.3
2019-02-28T14:41:40,38.4,217.3,225.9,1.3,5910.0,248.3
2019-02-28T14:42:11,38.4,217.9,230.7,1.3,5920.0,250.2
2019-02-28T14:42:42,38.3,211.4,225.9,1.4,5920.0,249.3
2019-02-28T14:43:13,38.4,209.1,231.3,1.4,5930.0,249.3
2019-02-28T14:43:44,38.4,210.2,225.9,1.3,5940.0,248.3
2019-02-28T14:44:15,38.4,218.5,230.1,1.2,5940.0,248.3
2019-02-28T14:44:46,38.4,212.6,224.8,1.2,5950.0,247.3
2019-02-28T14:45:17,38.4,208.5,222.4,1.3,5960.0,247.3
2019-02-28T14:45:49,38.4,220.9,227.1,1.3,5960.0,248.3
2019-02-28T14:46:20,38.4,211.4,224.8,1.3,5970.0,248.3
2019-02-28T14:46:51,38.4,213.8,223.6,1.2,5970.0,247.3
2019-02-28T14:47:22,38.4,216.2,227.7,1.2,5980.0,247.3
2019-02-28T14:47:53,38.4,213.2,233.0,1.2,5990.0,247.3
2019-02-28T14:48:24,38.4,213.8,231.9,1.1,5990.0,247.3
2019-02-28T14:48:55,38.4,217.3,232.4,1.1,6000.0,246.4
2019-02-28T14:49:26,38.4,213.8,231.3,1.0,6000.0,246.4
2019-02-28T14:49:57,38.4,211.4,231.3,1.0,6010.0,246.4
2019-02-28T14:50:28,38.3,215.6,228.3,0.9,6010.0,246.4
2019-02-28T14:51:00,38.3,211.4,230.1,0.9,6020.0,246.4
2019-02-28T14:51:31,38.3,207.9,227.1,0.8,6020.0,246.4
2019-02-28T14:52:02,38.2,215.6,230.1,0.7,6030.0,246.4
2019-02-28T14:52:33,38.2,215.6,223.6,0.7,6030.0,247.3
2019-02-28T14:53:04,38.2,216.2,223.6,0.7,6030.0,246.4
2019-02-28T14:53:35,38.2,199.0,218.3,0.7,6040.0,246.4
2019-02-28T14:54:06,38.2,212.0,233.0,0.7,6040.0,245.4
2019-02-28T14:54:37,38.0,216.2,216.5,0.7,6040.0,247.3
2019-02-28T14:55:08,38.0,199.0,234.8,0.7,6050.0,247.3
2019-02-28T14:55:39,38.0,218.5,221.2,0.7,6050.0,247.3
2019-02-28T14:56:11,38.0,196.7,221.2,0.8,6050.0,247.3
2019-02-28T14:56:42,38.0,174.8,240.7,0.9,6060.0,248.3
2019-02-28T14:57:13,38.0,154.1,215.9,1.1,6060.0,247.3
2019-02-28T14:57:44,38.0,170.7,236.6,1.1,6060.0,247.3
2019-02-28T14:58:15,38.0,194.9,223.0,1.0,6070.0,247.3
2019-02-28T14:58:46,38.0,217.3,201.7,1.0,6070.0,247.3
2019-02-28T14:59:17,38.0,203.7,228.9,1.0,6080.0,248.3
2019-02-28T14:59:48,38.0,181.3,234.2,1.3,6080.0,247.3
2019-02-28T15:00:19,38.0,158.9,211.7,1.5,6090.0,248.3
2019-02-28T15:00:50,38.0,180.1,239.0,1.4,6090.0,248.3
2019-02-28T15:01:22,38.0,194.9,221.2,1.4,6100.0,248.3
2019-02-28T15:01:53,38.0,180.1,240.1,1.4,6100.0,248.3
2019-02-28T15:02:24,38.0,199.6,228.9,1.3,6110.0,248.3
2019-02-28T15:02:55,38.0,198.4,228.9,1.4,6120.0,249.3
2019-02-28T15:03:26,38.0,196.7,231.9,1.3,6120.0,250.2
2019-02-28T15:03:57,38.0,197.3,234.8,1.4,6130.0,247.3
2019-02-28T15:04:28,37.9,197.3,233.6,1.3,6130.0,249.3
2019-02-28T15:04:59,37.9,196.7,232.4,1.3,6140.0,249.3
2019-02-28T15:05:30,37.9,194.9,230.1,1.2,6150.0,247.3
2019-02-28T15:06:01,37.9,196.7,233.6,1.2,6150.0,249.3
2019-02-28T15:06:32,37.9,190.2,230.1,1.2,6160.0,248.3
2019-02-28T15:07:03,37.9,186.6,227.7,1.1,6160.0,245.4
2019-02-28T15:07:34,37.9,188.4,225.9,1.1,6160.0,247.3
2019-02-28T15:08:05,37.9,190.2,226.5,1.0,6170.0,247.3
2019-02-28T15:08:36,37.9,202.6,233.0,0.9,6170.0,248.3
2019-02-28T15:09:07,37.9,215.0,232.4,0.9,6180.0,248.3
2019-02-28T15:09:38,37.9,202.0,221.2,0.9,6180.0,247.3
2019-02-28T15:10:09,37.9,211.4,230.7,1.0,6190.0,247.3
2019-02-28T15:10:41,37.9,216.2,220.0,0.9,6190.0,248.3
2019-02-28T15:11:12,37.9,209.1,233.0,1.0,6190.0,248.3
2019-02-28T15:11:43,37.9,207.9,218.8,1.0,6200.0,247.3
2019-02-28T15:12:14,37.9,187.2,227.7,1.2,6200.0,246.4
2019-02-28T15:12:45,37.9,194.9,235.4,1.1,6210.0,247.3
2019-02-28T15:13:16,37.9,190.8,229.5,1.2,6210.0,246.4
2019-02-28T15:13:47,37.9,190.2,226.5,1.2,6220.0,247.3
2019-02-28T15:14:18,37.9,189.0,228.3,1.2,6220.0,247.3
2019-02-28T15:14:49,37.9,180.7,225.4,1.2,6230.0,247.3
2019-02-28T15:15:20,37.9,182.5,231.9,1.3,6230.0,246.4
2019-02-28T15:15:52,37.9,180.7,228.9,1.2,6240.0,246.4
2019-02-28T15:16:23,37.9,187.8,225.9,1.3,6240.0,247.3
2019-02-28T15:16:54,37.9,186.6,226.5,1.2,6250.0,246.4
2019-02-28T15:17:25,37.9,195.5,236.0,1.3,6250.0,247.3
2019-02-28T15:17:56,37.9,173.0,224.2,1.5,6260.0,247.3
2019-02-28T15:18:27,37.9,161.2,232.4,1.4,6260.0,246.4
2019-02-28T15:18:58,37.9,184.3,227.1,1.4,6270.0,246.4
2019-02-28T15:19:29,37.9,190.2,227.1,1.4,6270.0,248.3
2019-02-28T15:20:00,37.9,188.4,230.1,1.4,6280.0,248.3
2019-02-28T15:20:32,37.9,187.8,237.2,1.5,6280.0,247.3
2019-02-28T15:21:03,37.9,196.7,225.9,1.5,6290.0,246.4
2019-02-28T15:21:34,37.9,197.3,230.1,1.4,6300.0,246.4
2019-02-28T15:22:05,37.9,196.7,228.9,1.4,6300.0,245.4
2019-02-28T15:22:36,37.9,197.8,239.0,1.4,6310.0,245.4
2019-02-28T15:23:07,37.9,196.7,220.6,1.4,6310.0,245.4
2019-02-28T15:23:38,37.9,199.0,242.5,1.5,6320.0,244.4
2019-02-28T15:24:09,37.9,220.3,231.9,1.4,6330.0,245.4
2019-02-28T15:24:40,37.9,221.5,223.0,1.4,6330.0,245.4
2019-02-28T15:25:11,37.9,220.3,233.6,1.4,6340.0,244.4
2019-02-28T15:25:43,37.9,220.9,236.0,1.2,6350.0,245.4
2019-02-28T15:26:14,37.9,204.3,234.8,1.4,6360.0,245.4
2019-02-28T15:26:45,37.9,219.7,236.0,1.3,6360.0,245.4
2019-02-28T15:27:16,38.0,213.8,236.0,1.4,6370.0,246.4
2019-02-28T15:27:47,38.0,210.8,212.9,1.4,6380.0,246.4
2019-02-28T15:28:18,38.0,216.2,215.9,1.3,6380.0,245.4
2019-02-28T15:28:49,38.0,210.2,238.4,1.4,6390.0,245.4
2019-02-28T15:29:20,38.0,215.6,223.6,1.3,6400.0,245.4
2019-02-28T15:29:51,38.0,219.7,205.2,1.5,6400.0,246.4
2019-02-28T15:30:22,38.0,217.9,215.3,1.4,6410.0,247.3
2019-02-28T15:30:54,38.0,222.1,230.1,1.3,6420.0,247.3
2019-02-28T15:31:25,38.0,221.5,232.4,1.4,6430.0,246.4
2019-02-28T15:31:56,38.0,199.6,236.6,1.5,6440.0,246.4
2019-02-28T15:32:27,38.0,222.1,236.6,1.4,6440.0,246.4
2019-02-28T15:32:58,38.2,222.7,239.5,1.3,6450.0,245.4
2019-02-28T15:33:29,38.0,202.0,218.8,1.5,6460.0,245.4
2019-02-28T15:34:00,38.2,222.7,234.2,1.4,6470.0,245.4
2019-02-28T15:34:31,38.2,222.7,223.6,1.5,6480.0,245.4
2019-02-28T15:35:02,38.2,213.8,232.4,1.5,6490.0,246.4
2019-02-28T15:35:34,38.2,217.3,223.6,1.6,6500.0,246.4
2019-02-28T15:36:05,38.2,213.8,225.4,1.6,6510.0,245.4
2019-02-28T15:36:36,38.2,214.4,228.3,1.5,6510.0,244.4
2019-02-28T15:37:07,38.2,215.0,231.9,1.5,6520.0,247.3
2019-02-28T15:37:38,38.2,213.2,233.6,1.5,6530.0,246.4
2019-02-28T15:38:09,38.2,216.7,234.8,1.5,6530.0,246.4
2019-02-28T15:38:40,38.3,206.1,236.6,1.5,6540.0,245.4
2019-02-28T15:39:11,38.3,215.0,233.6,1.4,6550.0,246.4
2019-02-28T15:39:42,38.2,212.0,227.1,1.5,6560.0,246.4
2019-02-28T15:40:13,38.2,218.5,231.9,1.5,6560.0,246.4
2019-02-28T15:40:45,38.2,214.4,223.0,1.6,6570.0,246.4
2019-02-28T15:41:16,38.2,212.6,230.7,1.5,6580.0,246.4
2019-02-28T15:41:47,38.3,200.2,236.0,1.4,6580.0,246.4
2019-02-28T15:42:18,38.3,220.3,227.7,1.4,6590.0,246.4
2019-02-28T15:42:49,38.3,207.9,228.3,1.6,6600.0,245.4
2019-02-28T15:43:20,38.3,215.6,240.1,1.5,6610.0,248.3
2019-02-28T15:43:51,38.3,219.1,227.1,1.6,6620.0,246.4
2019-02-28T15:44:22,38.3,214.4,233.0,1.6,6630.0,247.3
2019-02-28T15:44:53,38.3,216.2,224.8,1.7,6640.0,247.3
2019-02-28T15:45:24,38.4,218.5,228.3,1.3,6650.0,246.4
2019-02-28T15:45:56,38.4,216.7,233.6,1.4,6650.0,245.4
2019-02-28T15:46:27,38.4,212.0,231.9,1.3,6660.0,245.4
2019-02-28T15:46:58,38.4,213.2,229.5,1.3,6670.0,245.4
2019-02-28T15:47:29,38.4,212.0,218.3,1.4,6670.0,246.4
2019-02-28T15:48:00,38.4,213.8,228.3,1.5,6680.0,246.4
2019-02-28T15:48:31,38.4,212.6,227.7,1.6,6690.0,250.2
2019-02-28T15:49:02,38.4,222.7,227.7,1.6,6710.0,250.2
2019-02-28T15:49:33,38.5,218.5,227.7,1.4,6720.0,247.3
2019-02-28T15:50:04,38.5,216.2,230.7,1.2,6730.0,246.4
2019-02-28T15:50:36,38.4,211.4,233.0,1.2,6730.0,246.4
2019-02-28T15:51:07,38.4,212.6,230.1,1.1,6740.0,246.4
2019-02-28T15:51:38,38.4,210.8,226.5,1.2,6740.0,245.4
2019-02-28T15:52:09,38.4,197.3,236.6,1.1,6750.0,245.4
2019-02-28T15:52:40,38.4,214.4,237.8,1.0,6750.0,245.4
2019-02-28T15:53:11,38.5,209.1,217.7,1.2,6760.0,244.4
2019-02-28T15:53:42,38.5,204.9,221.8,1.1,6760.0,245.4
2019-02-28T15:54:13,38.5,203.7,230.1,1.2,6770.0,246.4
2019-02-28T15:54:44,38.5,205.5,208.2,1.2,6770.0,245.4
2019-02-28T15:55:15,38.5,215.6,185.7,1.2,6780.0,246.4
2019-02-28T15:55:47,38.5,187.8,160.9,1.6,6780.0,246.4
2019-02-28T15:56:18,38.5,163.6,166.2,2.1,6800.0,251.2
2019-02-28T15:56:49,38.5,191.9,208.2,2.0,6810.0,251.2
2019-02-28T15:57:20,38.5,202.0,220.6,2.0,6820.0,252.2
2019-02-28T15:57:51,38.5,197.3,223.6,2.0,6840.0,252.2
2019-02-28T15:58:22,38.6,190.8,228.9,2.1,6850.0,249.3
2019-02-28T15:58:53,38.6,206.1,233.6,1.9,6860.0,249.3
2019-02-28T15:59:24,38.6,216.2,228.9,1.7,6870.0,250.2
2019-02-28T15:59:55,38.7,224.4,221.2,1.9,6890.0,252.2
2019-02-28T16:00:26,38.7,223.2,218.8,1.8,6900.0,252.2
2019-02-28T16:00:58,38.9,217.9,224.8,1.8,6920.0,252.2
2019-02-28T16:01:29,38.9,223.2,217.7,1.6,6930.0,249.3
2019-02-28T16:02:00,39.0,215.0,206.4,1.6,6940.0,248.3
2019-02-28T16:02:31,39.0,220.3,220.0,1.5,6950.0,249.3
2019-02-28T16:03:02,39.0,221.5,210.6,1.3,6960.0,248.3
2019-02-28T16:03:33,39.1,210.2,227.1,1.3,6970.0,248.3
2019-02-28T16:04:04,39.0,205.5,207.6,1.4,6980.0,248.3
2019-02-28T16:04:35,39.0,196.7,202.3,1.4,6990.0,248.3
2019-02-28T16:05:06,39.0,190.8,214.1,1.4,7000.0,246.4
2019-02-28T16:05:38,39.0,193.7,227.7,1.2,7000.0,245.4
2019-02-28T16:06:09,39.0,194.3,203.5,1.4,7010.0,247.3
2019-02-28T16:06:40,39.0,186.0,201.1,1.4,7020.0,247.3
2019-02-28T16:07:11,39.0,189.6,220.0,1.3,7020.0,245.4
2019-02-28T16:07:42,39.0,189.0,224.2,1.4,7030.0,247.3
2019-02-28T16:08:13,38.9,184.8,227.7,1.4,7030.0,248.3
2019-02-28T16:08:44,38.9,191.3,228.9,1.3,7040.0,245.4
2019-02-28T16:09:15,38.9,191.9,227.7,1.3,7040.0,245.4
2019-02-28T16:09:46,38.9,188.4,228.9,1.2,7050.0,246.4
2019-02-28T16:10:17,38.9,184.8,224.2,1.1,7060.0,246.4
2019-02-28T16:10:49,38.9,186.6,223.0,1.0,7060.0,244.4
2019-02-28T16:11:20,38.9,186.6,227.7,1.0,7060.0,246.4
2019-02-28T16:11:51,38.9,187.8,221.8,1.0,7070.0,244.4
2019-02-28T16:12:22,38.7,208.5,223.0,1.0,7070.0,244.4
2019-02-28T16:12:53,38.9,208.5,222.4,1.0,7080.0,245.4
2019-02-28T16:13:24,38.7,202.6,230.1,0.9,7080.0,243.5
2019-02-28T16:13:55,38.7,206.7,233.0,0.9,7080.0,246.4
2019-02-28T16:14:26,38.7,184.8,230.1,1.0,7090.0,244.4
2019-02-28T16:14:57,38.7,186.6,211.7,1.1,7090.0,244.4
2019-02-28T16:15:28,38.7,189.0,234.8,1.1,7100.0,243.5
2019-02-28T16:16:00,38.6,187.2,233.0,1.0,7100.0,243.5
2019-02-28T16:16:31,38.6,183.7,234.2,1.1,7110.0,242.5
2019-02-28T16:17:02,38.6,187.8,234.2,1.1,7110.0,242.5
2019-02-28T16:17:33,38.6,187.2,229.5,1.1,7120.0,243.5
2019-02-28T16:18:04,38.6,206.7,235.4,0.9,7120.0,243.5
2019-02-28T16:18:35,38.5,206.7,233.6,1.0,7120.0,243.5
2019-02-28T16:19:06,38.5,211.4,232.4,0.9,7130.0,243.5
2019-02-28T16:19:37,38.5,216.2,225.4,0.8,7130.0,244.4
2019-02-28T16:20:08,38.4,208.5,228.9,0.9,7140.0,242.5
2019-02-28T16:20:39,38.4,203.7,237.2,0.8,7140.0,243.5
2019-02-28T16:21:11,38.4,215.6,224.8,0.8,7140.0,243.5
2019-02-28T16:21:42,38.4,199.0,236.0,0.9,7150.0,243.5
2019-02-28T16:22:13,38.4,178.9,236.6,1.0,7150.0,243.5
2019-02-28T16:22:44,38.4,199.6,233.0,0.9,7160.0,242.5
2019-02-28T16:23:15,38.4,213.8,225.9,0.9,7160.0,244.4
2019-02-28T16:23:46,38.3,204.3,230.7,0.8,7160.0,242.5
2019-02-28T16:24:17,38.3,207.9,232.4,0.9,7170.0,243.5
2019-02-28T16:24:48,38.3,217.3,225.4,0.8,7170.0,242.5
2019-02-28T16:25:19,38.3,210.2,234.8,0.8,7180.0,243.5
2019-02-28T16:25:50,38.3,204.9,233.6,0.8,7180.0,242.5
2019-02-28T16:26:22,38.2,207.3,222.4,0.8,7180.0,241.5
2019-02-28T16:26:53,38.2,206.1,234.2,0.8,7190.0,242.5
2019-02-28T16:27:24,38.0,215.0,228.9,0.8,7190.0,242.5
2019-02-28T16:27:55,38.0,199.6,228.9,0.8,7190.0,242.5
2019-02-28T16:28:26,38.0,213.2,231.3,0.7,7200.0,243.5
2019-02-28T16:28:57,38.0,206.7,227.7,0.7,7200.0,243.5
2019-02-28T16:29:28,38.0,208.5,234.8,0.8,7200.0,242.5
2019-02-28T16:29:59,38.0,187.8,220.6,0.8,7210.0,244.4
2019-02-28T16:30:30,37.9,193.1,239.5,0.8,7210.0,244.4
2019-02-28T16:31:02,37.8,214.4,217.1,0.7,7210.0,244.4
2019-02-28T16:31:33,37.8,217.9,227.1,0.7,7220.0,242.5
2019-02-28T16:32:04,37.7,212.6,226.5,0.7,7220.0,244.4
2019-02-28T16:32:35,37.7,199.0,228.9,0.8,7220.0,243.5
2019-02-28T16:33:06,37.7,216.7,234.8,0.7,7230.0,244.4
2019-02-28T16:33:37,37.7,204.3,220.6,0.8,7230.0,243.5
2019-02-28T16:34:08,37.7,210.8,236.0,0.7,7230.0,244.4
2019-02-28T16:34:39,37.7,212.6,219.4,0.7,7240.0,243.5
2019-02-28T16:35:10,37.7,202.0,239.5,0.7,7240.0,244.4
2019-02-28T16:35:41,37.7,217.9,230.7,0.7,7240.0,244.4
2019-02-28T16:36:13,37.7,199.0,230.7,0.7,7250.0,243.5
2019-02-28T16:36:44,37.7,217.9,237.8,0.6,7250.0,243.5
2019-02-28T16:37:15,37.7,209.7,221.2,0.7,7250.0,242.5
2019-02-28T16:37:46,37.7,202.0,239.5,0.7,7260.0,242.5
2019-02-28T16:38:17,37.7,206.1,223.6,0.7,7260.0,243.5
2019-02-28T16:38:48,37.7,207.3,204.1,0.8,7260.0,244.4
2019-02-28T16:39:19,37.7,212.0,228.9,0.8,7270.0,242.5
2019-02-28T16:39:50,37.7,202.0,236.0,0.7,7270.0,243.5
2019-02-28T16:40:21,37.7,213.8,223.0,0.7,7270.0,242.5
2019-02-28T16:40:52,37.7,206.7,243.1,0.7,7280.0,243.5
2019-02-28T16:41:24,37.7,206.7,240.1,0.8,7280.0,241.5
2019-02-28T16:41:55,37.7,207.9,224.8,0.8,7290.0,243.5
2019-02-28T16:42:26,37.7,208.5,243.1,0.7,7290.0,241.5
2019-02-28T16:42:57,37.6,217.9,236.6,0.7,7290.0,242.5
2019-02-28T16:43:28,37.6,206.1,227.1,0.8,7300.0,241.5
2019-02-28T16:43:59,37.5,207.9,234.2,0.8,7300.0,242.5
2019-02-28T16:44:30,37.6,215.6,239.0,0.7,7300.0,241.5
2019-02-28T16:45:01,37.5,199.6,236.6,0.7,7310.0,242.5
2019-02-28T16:45:32,37.4,210.8,234.2,0.7,7310.0,242.5
2019-02-28T16:46:04,37.4,212.0,228.9,0.7,7310.0,242.5
2019-02-28T16:46:35,37.4,196.7,234.8,0.7,7320.0,242.5
2019-02-28T16:47:06,37.4,215.6,236.0,0.6,7320.0,243.5
2019-02-28T16:47:37,37.4,199.6,229.5,0.7,7320.0,242.5
2019-02-28T16:48:08,37.4,213.2,232.4,0.7,7330.0,243.5
2019-02-28T16:48:39,37.4,192.5,241.3,0.7,7330.0,242.5
2019-02-28T16:49:10,37.4,215.0,239.0,0.7,7330.0,243.5
2019-02-28T16:49:41,37.4,202.0,237.8,0.8,7340.0,242.5
2019-02-28T16:50:12,37.4,210.8,237.8,0.7,7340.0,243.5
2019-02-28T16:50:43,37.4,189.6,231.3,0.8,7340.0,243.5
2019-02-28T16:51:15,37.4,209.1,234.8,0.7,7350.0,243.5
2019-02-28T16:51:46,37.4,202.0,230.1,0.7,7350.0,244.4
2019-02-28T16:52:17,37.2,210.8,230.1,0.6,7350.0,243.5
2019-02-28T16:52:48,37.2,196.1,240.1,0.7,7360.0,241.5
2019-02-28T16:53:19,37.2,202.0,234.8,0.7,7360.0,243.5
2019-02-28T16:53:50,37.2,202.6,231.9,0.6,7360.0,242.5
2019-02-28T16:54:21,37.2,213.2,222.4,0.6,7360.0,242.5
2019-02-28T16:54:52,37.2,199.0,239.5,0.6,7370.0,241.5
2019-02-28T16:55:23,37.2,177.8,215.9,0.6,7370.0,242.5
2019-02-28T16:55:55,37.2,196.7,239.5,0.6,7370.0,242.5
2019-02-28T16:56:26,37.1,210.2,228.9,0.6,7370.0,241.5
2019-02-28T16:56:57,37.1,203.2,231.9,0.7,7380.0,242.5
2019-02-28T16:57:28,37.1,204.3,233.0,0.6,7380.0,242.5
2019-02-28T16:57:59,37.1,199.6,231.3,0.6,7380.0,241.5
2019-02-28T16:58:30,37.1,207.9,232.4,0.6,7380.0,241.5
2019-02-28T16:59:01,37.1,211.4,232.4,0.6,7390.0,241.5
2019-02-28T16:59:32,37.1,209.7,223.0,0.6,7390.0,242.5
2019-02-28T17:00:03,37.0,212.6,238.4,0.6,7390.0,241.5
2019-02-28T17:00:35,37.0,199.6,216.5,0.6,7400.0,241.5
2019-02-28T17:01:06,37.0,212.6,237.8,0.7,7400.0,241.5
2019-02-28T17:01:37,37.0,191.3,230.7,0.8,7400.0,243.5
2019-02-28T17:02:08,37.0,201.4,236.6,0.7,7410.0,244.4
2019-02-28T17:02:39,37.0,204.3,241.9,0.7,7410.0,242.5
2019-02-28T17:03:10,37.0,215.0,224.2,0.7,7410.0,243.5
2019-02-28T17:03:41,37.0,210.8,240.7,0.7,7410.0,244.4
2019-02-28T17:04:12,37.0,203.7,219.4,0.6,7420.0,243.5
2019-02-28T17:04:43,37.0,210.8,241.9,0.7,7420.0,241.5
2019-02-28T17:05:14,37.0,210.8,230.1,0.6,7420.0,240.6
2019-02-28T17:05:46,37.0,204.9,236.6,0.7,7430.0,242.5
2019-02-28T17:06:17,37.0,204.9,227.7,0.8,7430.0,242.5
2019-02-28T17:06:48,36.9,199.6,225.4,0.8,7430.0,240.6
2019-02-28T17:07:19,36.9,221.5,249.0,0.8,7440.0,242.5
2019-02-28T17:07:50,36.9,206.1,246.1,0.9,7440.0,242.5
2019-02-28T17:08:21,36.9,215.0,235.4,0.7,7440.0,241.5
2019-02-28T17:08:52,36.9,210.8,242.5,0.7,7450.0,241.5
2019-02-28T17:09:23,36.9,199.6,239.0,0.7,7450.0,240.6
2019-02-28T17:09:54,36.9,209.7,224.8,0.6,7450.0,242.5
2019-02-28T17:10:25,36.9,206.1,225.4,0.6,7450.0,243.5
2019-02-28T17:10:57,36.9,216.2,236.0,0.5,7460.0,243.5
2019-02-28T17:11:28,36.9,195.5,233.6,0.6,7460.0,244.4
2019-02-28T17:11:59,36.8,193.1,221.8,0.6,7460.0,244.4
2019-02-28T17:12:30,36.8,215.0,239.0,0.6,7470.0,244.4
2019-02-28T17:13:01,36.8,198.4,240.7,0.6,7470.0,243.5
2019-02-28T17:13:32,36.8,177.2,222.4,0.8,7470.0,243.5
2019-02-28T17:14:03,36.8,156.5,202.3,0.8,7470.0,244.4
2019-02-28T17:14:34,36.8,172.4,221.8,0.7,7480.0,244.4
2019-02-28T17:15:05,36.8,194.3,239.5,0.6,7480.0,244.4
2019-02-28T17:15:37,36.8,208.5,231.3,0.6,7480.0,243.5
2019-02-28T17:16:08,36.8,210.8,230.1,0.6,7480.0,244.4
2019-02-28T17:16:39,36.8,216.7,214.7,0.5,7490.0,243.5
2019-02-28T17:17:10,36.7,195.5,237.2,0.5,7490.0,245.4
2019-02-28T17:17:41,36.7,185.4,225.4,0.6,7490.0,246.4
2019-02-28T17:18:12,36.7,206.7,240.1,0.6,7490.0,245.4
2019-02-28T17:18:43,36.7,206.1,228.9,0.5,7500.0,245.4
2019-02-28T17:19:14,36.5,200.2,227.1,0.5,7500.0,244.4
2019-02-28T17:19:45,36.5,213.8,231.9,0.5,7500.0,244.4
2019-02-28T17:20:16,36.5,207.9,227.1,0.5,7500.0,242.5
2019-02-28T17:20:48,36.5,203.7,221.8,0.5,7510.0,242.5
2019-02-28T17:21:19,36.5,210.8,233.0,0.5,7510.0,242.5
2019-02-28T17:21:50,36.5,202.6,211.7,0.5,7510.0,243.5
2019-02-28T17:22:21,36.5,182.5,230.7,0.5,7510.0,245.4
2019-02-28T17:22:52,36.5,157.1,253.7,0.7,7510.0,245.4
2019-02-28T17:23:23,36.4,168.3,240.1,0.6,7520.0,245.4
2019-02-28T17:23:54,36.4,190.2,221.8,0.6,7520.0,244.4
2019-02-28T17:24:25,36.4,196.7,220.6,0.4,7520.0,244.4
2019-02-28T17:24:56,36.4,216.2,240.1,0.4,7520.0,244.4
2019-02-28T17:25:27,36.4,197.8,240.7,0.7,7520.0,244.4
2019-02-28T17:25:59,36.4,198.4,232.4,0.5,7530.0,241.5
2019-02-28T17:26:30,36.4,204.9,222.4,0.4,7530.0,242.5
2019-02-28T17:27:01,36.3,178.3,246.1,0.7,7530.0,242.5
2019-02-28T17:27:32,36.2,183.7,236.0,0.5,7530.0,240.6
2019-02-28T17:28:03,36.2,205.5,215.9,0.4,7530.0,242.5
2019-02-28T17:28:34,36.2,203.7,228.3,0.4,7540.0,244.4
2019-02-28T17:29:05,36.2,209.1,226.5,0.4,7540.0,244.4
2019-02-28T17:29:36,36.2,205.5,218.8,0.4,7540.0,244.4
2019-02-28T17:30:07,36.2,184.8,240.7,0.5,7540.0,246.4
2019-02-28T17:30:39,36.2,176.0,221.8,0.5,7540.0,246.4
2019-02-28T17:31:10,36.2,196.7,236.0,0.4,7540.0,246.4
2019-02-28T17:31:41,36.2,207.9,223.6,0.4,7550.0,243.5
2019-02-28T17:32:12,36.1,186.6,233.6,0.5,7550.0,243.5
2019-02-28T17:32:43,36.1,178.9,223.0,0.5,7550.0,244.4
2019-02-28T17:33:14,36.1,201.4,221.2,0.4,7550.0,244.4
2019-02-28T17:33:45,36.1,210.8,234.2,0.4,7550.0,242.5
2019-02-28T17:34:16,36.1,194.9,217.1,0.4,7560.0,244.4
2019-02-28T17:34:47,36.1,215.0,237.8,0.3,7560.0,244.4
2019-02-28T17:35:18,36.1,192.5,224.8,0.5,7560.0,243.5
2019-02-28T17:35:50,36.0,171.9,226.5,0.6,7560.0,244.4
2019-02-28T17:36:21,36.0,165.9,231.3,0.4,7560.0,244.4
2019-02-28T17:36:52,36.0,186.0,225.4,0.4,7560.0,246.4
2019-02-28T17:37:23,36.0,207.9,220.6,0.4,7570.0,243.5
2019-02-28T17:37:54,36.0,197.8,235.4,0.3,7570.0,243.5
2019-02-28T17:38:25,36.0,203.7,214.7,0.3,7570.0,244.4
2019-02-28T17:38:56,36.0,202.0,223.6,0.3,7570.0,244.4
2019-02-28T17:39:27,36.0,181.9,231.3,0.3,7570.0,242.5
2019-02-28T17:39:58,35.9,185.4,214.1,0.3,7570.0,243.5
2019-02-28T17:40:29,35.9,206.7,233.6,0.3,7570.0,243.5
2019-02-28T17:41:01,35.9,196.7,215.9,0.3,7570.0,242.5
2019-02-28T17:41:32,35.9,176.0,216.5,0.3,7580.0,243.5
2019-02-28T17:42:03,35.9,166.5,235.4,0.3,7580.0,243.5
2019-02-28T17:42:34,35.9,188.4,212.9,0.3,7580.0,243.5
2019-02-28T17:43:05,35.9,209.1,218.8,0.2,7580.0,242.5
2019-02-28T17:43:36,35.9,195.5,228.9,0.3,7580.0,241.5
2019-02-28T17:44:07,35.7,176.0,208.2,0.3,7580.0,243.5
2019-02-28T17:44:38,35.7,155.3,217.7,0.3,7580.0,240.6
2019-02-28T17:45:09,35.7,167.1,239.0,0.3,7580.0,242.5
2019-02-28T17:45:40,35.6,189.0,215.9,0.2,7580.0,243.5
2019-02-28T17:46:12,35.6,209.1,201.7,0.2,7580.0,243.5
2019-02-28T17:46:43,35.5,189.6,223.6,0.2,7590.0,242.5
2019-02-28T17:47:14,35.5,168.3,225.4,0.2,7590.0,245.4
2019-02-28T17:47:45,35.5,186.0,204.1,0.2,7590.0,245.4
2019-02-28T17:48:16,35.5,207.9,202.3,0.2,7590.0,245.4
2019-02-28T17:48:47,35.5,187.8,182.2,0.2,7590.0,244.4
2019-02-28T17:49:18,35.4,172.4,201.7,0.2,7590.0,242.5
2019-02-28T17:49:49,35.4,191.9,223.6,0.2,7590.0,242.5
2019-02-28T17:50:20,35.4,197.3,222.4,0.2,7590.0,241.5
2019-02-28T17:50:51,35.4,176.0,201.1,0.2,7590.0,241.5
2019-02-28T17:51:23,35.4,155.3,212.9,0.2,7590.0,241.5
2019-02-28T17:51:54,35.3,175.4,233.0,0.2,7590.0,242.5
2019-02-28T17:52:25,35.3,196.7,223.0,0.2,7590.0,242.5
2019-02-28T17:52:56,35.3,210.8,201.1,0.2,7600.0,240.6
2019-02-28T17:53:27,35.3,189.0,217.7,0.2,7600.0,239.6
2019-02-28T17:53:58,35.3,168.3,233.0,0.3,7600.0,241.5
2019-02-28T17:54:29,35.3,166.5,212.9,0.2,7600.0,240.6
2019-02-28T17:55:00,35.2,187.2,202.3,0.2,7600.0,238.6
2019-02-28T17:55:31,35.2,207.3,223.6,0.2,7600.0,240.6
2019-02-28T17:56:03,35.2,195.5,218.3,0.2,7600.0,241.5
2019-02-28T17:56:34,35.2,175.4,228.3,0.2,7600.0,240.6
2019-02-28T17:57:05,35.2,154.1,208.8,0.2,7600.0,240.6
2019-02-28T17:57:36,35.2,167.1,199.3,0.2,7600.0,240.6
2019-02-28T17:58:07,35.0,188.4,220.6,0.2,7600.0,240.6
2019-02-28T17:58:38,35.0,207.3,230.1,0.1,7600.0,240.6
2019-02-28T17:59:09,35.0,185.4,215.9,0.2,7600.0,241.5
2019-02-28T17:59:40,35.0,207.9,221.2,0.1,7600.0,241.5
2019-02-28T18:00:11,34.9,193.1,199.9,0.1,7600.0,240.6
2019-02-28T18:00:42,34.9,173.0,204.6,0.2,7610.0,241.5
2019-02-28T18:01:14,34.9,152.4,223.6,0.2,7610.0,240.6
2019-02-28T18:01:45,34.9,166.5,219.4,0.2,7610.0,240.6
2019-02-28T18:02:16,34.8,187.2,197.5,0.1,7610.0,242.5
2019-02-28T18:02:47,34.8,208.5,219.4,0.0,7610.0,240.6
2019-02-28T18:03:18,34.8,189.6,228.3,0.1,7610.0,240.6
2019-02-28T18:03:49,34.8,168.9,207.6,0.1,7610.0,240.6
2019-02-28T18:04:20,34.8,148.8,186.9,0.1,7610.0,241.5
2019-02-28T18:04:51,34.7,150.0,205.8,0.1,7610.0,242.5
2019-02-28T18:05:22,34.7,170.1,226.5,0.1,7610.0,241.5
2019-02-28T18:05:53,34.7,191.9,212.3,0.1,7610.0,242.5
2019-02-28T18:06:25,34.6,206.7,190.4,0.0,7610.0,240.6
2019-02-28T18:06:56,34.6,183.7,170.3,0.1,7610.0,240.6
2019-02-28T18:07:27,34.6,163.6,183.3,0.1,7610.0,242.5
2019-02-28T18:07:58,34.6,142.3,204.1,0.1,7610.0,241.5
2019-02-28T18:08:29,34.6,161.2,225.4,0.1,7610.0,241.5
2019-02-28T18:09:00,34.5,181.9,214.7,0.1,7610.0,240.6
2019-02-28T18:09:31,34.5,204.9,194.0,0.0,7610.0,240.6
2019-02-28T18:10:02,34.5,187.8,173.3,0.1,7610.0,241.5
2019-02-28T18:10:33,34.4,167.7,192.8,0.1,7610.0,242.5
2019-02-28T18:11:05,34.4,146.4,211.7,0.1,7610.0,241.5
2019-02-28T18:11:36,34.4,129.3,221.2,0.1,7610.0,243.5
2019-02-28T18:12:07,34.2,150.0,198.7,0.1,7610.0,243.5
2019-02-28T18:12:38,34.2,170.1,177.4,0.1,7610.0,241.5
2019-02-28T18:13:09,34.2,193.1,156.7,0.0,7610.0,242.5
2019-02-28T18:13:40,34.1,204.3,136.0,0.0,7610.0,243.5
2019-02-28T18:14:11,34.0,203.2,141.9,0.0,7610.0,243.5
2019-02-28T18:14:42,34.1,180.1,162.0,0.0,7610.0,245.4
2019-02-28T18:15:13,34.0,156.5,184.5,0.1,7610.0,243.5
2019-02-28T18:15:44,34.0,138.2,203.5,0.0,7610.0,242.5
2019-02-28T18:16:16,34.0,143.5,223.6,0.0,7610.0,244.4
2019-02-28T18:16:47,33.9,165.4,205.2,0.1,7610.0,244.4
2019-02-28T18:17:18,33.9,184.3,184.5,0.0,7610.0,242.5
2019-02-28T18:17:49,33.8,194.3,161.5,0.0,7610.0,244.4
2019-02-28T18:18:20,33.8,154.1,178.0,0.0,7610.0,243.5
2019-02-28T18:18:51,33.8,144.7,153.8,0.0,7610.0,241.5
2019-02-28T18:19:22,33.8,168.3,170.3,0.2,7610.0,243.5
2019-02-28T18:19:53,33.7,188.4,197.5,0.0,7610.0,243.5
2019-02-28T18:20:24,33.5,186.0,190.4,0.0,7610.0,242.5
2019-02-28T18:20:55,33.5,180.1,180.4,0.0,7610.0,244.4
2019-02-28T18:21:27,33.5,165.4,165.6,0.0,7610.0,243.5
2019-02-28T18:21:58,33.4,137.0,137.2,0.0,7610.0,240.6
