2019-07-18T07:35:29,10.7,197.8,240.7,0.3,40.0,239.6
2019-07-18T07:36:00,10.7,189.6,218.8,0.3,40.0,240.6
2019-07-18T07:36:31,10.7,211.4,198.1,0.3,40.0,239.6
2019-07-18T07:37:03,10.7,223.2,202.9,0.3,40.0,239.6
2019-07-18T07:37:34,10.7,200.8,223.6,0.3,40.0,238.6
2019-07-18T07:38:05,10.7,180.7,245.5,0.4,40.0,240.6
2019-07-18T07:38:36,10.7,203.2,239.0,0.4,40.0,240.6
2019-07-18T07:39:07,10.7,224.4,218.3,0.3,40.0,240.6
2019-07-18T07:39:38,11.1,201.4,197.0,0.4,40.0,241.5
2019-07-18T07:40:09,11.1,180.7,197.5,0.4,50.0,242.5
2019-07-18T07:40:40,11.1,195.5,219.4,0.4,50.0,242.5
2019-07-18T07:41:12,11.1,216.2,240.7,0.4,50.0,241.5
2019-07-18T07:41:43,11.1,216.2,249.6,0.4,50.0,240.6
2019-07-18T07:42:14,11.1,194.9,227.7,0.4,50.0,240.6
2019-07-18T07:42:45,11.1,178.3,206.4,0.5,50.0,239.6
2019-07-18T07:43:16,11.1,178.3,225.4,0.5,50.0,240.6
2019-07-18T07:43:47,11.1,178.3,228.3,0.5,50.0,241.5
2019-07-18T07:44:18,11.1,202.0,225.4,0.5,50.0,242.5
2019-07-18T07:44:49,11.4,222.1,245.5,0.4,60.0,243.5
2019-07-18T07:45:20,11.1,207.9,246.6,0.5,60.0,243.5
2019-07-18T07:45:51,11.4,203.7,224.2,0.4,60.0,243.5
2019-07-18T07:46:23,11.4,225.0,212.9,0.4,60.0,242.5
2019-07-18T07:46:54,11.4,209.7,234.8,0.5,60.0,243.5
2019-07-18T07:47:25,11.4,201.4,255.5,0.4,60.0,243.5
2019-07-18T07:47:56,11.4,222.1,234.8,0.4,60.0,244.4
2019-07-18T07:48:27,11.4,212.0,213.5,0.5,60.0,245.4
2019-07-18T07:48:58,11.4,190.8,209.4,0.5,70.0,244.4
2019-07-18T07:49:29,11.8,197.3,231.3,0.5,70.0,244.4
2019-07-18T07:50:00,11.8,220.3,252.0,0.5,70.0,243.5
2019-07-18T07:50:31,11.8,217.3,243.7,0.5,70.0,244.4
2019-07-18T07:51:03,11.8,196.7,222.4,0.6,70.0,245.4
2019-07-18T07:51:34,11.8,212.6,226.5,0.6,70.0,248.3
2019-07-18T07:52:05,11.8,222.1,249.0,0.5,70.0,245.4
2019-07-18T07:52:36,11.8,201.4,243.7,0.6,80.0,244.4
2019-07-18T07:53:07,11.8,207.3,223.0,0.5,80.0,244.4
2019-07-18T07:53:38,11.8,228.0,202.3,0.5,80.0,244.4
2019-07-18T07:54:09,12.1,207.9,226.5,0.6,80.0,245.4
2019-07-18T07:54:40,12.1,192.5,249.0,0.6,80.0,245.4
2019-07-18T07:55:11,12.1,214.4,247.2,0.6,80.0,245.4
2019-07-18T07:55:42,12.1,222.1,225.9,0.6,90.0,244.4
2019-07-18T07:56:14,12.1,200.8,204.6,0.6,90.0,245.4
2019-07-18T07:56:45,12.1,219.7,218.8,0.6,90.0,246.4
2019-07-18T07:57:16,12.1,220.3,242.5,0.6,90.0,246.4
2019-07-18T07:57:47,12.1,230.3,246.1,0.6,90.0,246.4
2019-07-18T07:58:18,12.1,220.3,238.4,0.6,100.0,246.4
2019-07-18T07:58:49,12.1,206.1,242.5,0.6,100.0,246.4
2019-07-18T07:59:20,12.5,200.8,254.3,0.7,100.0,246.4
2019-07-18T07:59:51,12.5,192.5,247.2,0.7,100.0,245.4
2019-07-18T08:00:22,12.5,184.8,253.7,0.7,100.0,245.4
2019-07-18T08:00:54,12.5,208.5,251.4,0.7,110.0,245.4
2019-07-18T08:01:25,12.5,204.9,239.0,0.8,110.0,245.4
2019-07-18T08:01:56,12.9,204.3,227.7,0.8,110.0,245.4
2019-07-18T08:02:27,12.5,197.3,251.4,0.8,110.0,246.4
2019-07-18T08:02:58,12.9,220.9,242.5,0.7,110.0,246.4
2019-07-18T08:03:29,12.9,220.9,221.8,0.7,120.0,247.3
2019-07-18T08:04:00,12.9,200.2,240.1,0.7,120.0,244.4
2019-07-18T08:04:31,12.9,222.1,250.2,0.8,120.0,245.4
2019-07-18T08:05:02,12.9,217.3,230.1,0.7,120.0,245.4
2019-07-18T08:05:34,12.9,204.3,234.2,0.7,130.0,244.4
2019-07-18T08:06:05,12.9,227.4,256.7,0.7,130.0,245.4
2019-07-18T08:06:36,13.2,216.2,240.1,0.7,130.0,246.4
2019-07-18T08:07:07,13.2,203.7,231.3,0.8,130.0,245.4
2019-07-18T08:07:38,13.2,226.2,253.7,0.8,140.0,245.4
2019-07-18T08:08:09,13.2,217.9,239.5,0.9,140.0,246.4
2019-07-18T08:08:40,13.2,207.3,235.4,0.9,140.0,246.4
2019-07-18T08:09:11,13.6,229.2,257.9,0.8,150.0,246.4
2019-07-18T08:09:42,13.6,213.2,240.1,0.9,150.0,245.4
2019-07-18T08:10:13,13.6,213.2,244.3,0.9,150.0,246.4
2019-07-18T08:10:45,13.6,230.3,251.4,0.8,150.0,246.4
2019-07-18T08:11:16,13.6,213.2,247.2,1.0,160.0,246.4
2019-07-18T08:11:47,13.6,232.7,247.2,0.8,160.0,245.4
2019-07-18T08:12:18,14.0,209.7,253.7,0.9,160.0,246.4
2019-07-18T08:12:49,14.0,220.3,239.5,1.0,170.0,247.3
2019-07-18T08:13:20,14.0,223.2,241.9,0.9,170.0,247.3
2019-07-18T08:13:51,14.0,203.2,256.7,1.0,170.0,246.4
2019-07-18T08:14:22,14.0,219.7,233.6,0.9,180.0,247.3
2019-07-18T08:14:53,14.3,223.8,256.7,0.9,180.0,246.4
2019-07-18T08:15:24,14.3,203.2,237.2,1.0,180.0,246.4
2019-07-18T08:15:56,14.3,224.4,249.0,1.0,190.0,246.4
2019-07-18T08:16:27,14.3,221.5,247.2,1.0,190.0,246.4
2019-07-18T08:16:58,14.7,202.6,241.9,1.1,190.0,246.4
2019-07-18T08:17:29,14.7,226.2,252.6,1.0,200.0,246.4
2019-07-18T08:18:00,14.7,220.3,249.6,1.0,200.0,246.4
2019-07-18T08:18:31,14.7,226.8,246.1,1.0,200.0,247.3
2019-07-18T08:19:02,15.1,206.1,255.5,1.2,210.0,249.3
2019-07-18T08:19:33,15.1,216.2,242.5,1.2,210.0,249.3
2019-07-18T08:20:04,15.1,227.4,253.2,1.1,220.0,248.3
2019-07-18T08:20:36,15.1,206.1,250.2,1.2,220.0,248.3
2019-07-18T08:21:07,15.1,223.2,241.9,1.1,220.0,247.3
2019-07-18T08:21:38,15.1,222.1,254.3,1.1,230.0,248.3
2019-07-18T08:22:09,15.1,224.4,248.4,1.1,230.0,247.3
2019-07-18T08:22:40,15.1,230.3,246.6,1.0,240.0,249.3
2019-07-18T08:23:11,15.1,209.1,253.7,1.2,240.0,246.4
2019-07-18T08:23:42,15.1,217.3,239.0,1.1,240.0,248.3
2019-07-18T08:24:13,15.4,227.4,256.1,1.1,250.0,249.3
2019-07-18T08:24:44,15.4,206.7,250.2,1.2,250.0,249.3
2019-07-18T08:25:15,15.4,210.2,246.1,1.3,260.0,248.3
2019-07-18T08:25:47,15.4,231.5,254.3,1.1,260.0,248.3
2019-07-18T08:26:18,15.4,230.9,249.0,1.3,270.0,248.3
2019-07-18T08:26:49,15.8,219.7,257.9,1.2,270.0,248.3
2019-07-18T08:27:20,15.8,231.5,253.7,1.1,280.0,249.3
2019-07-18T08:27:51,15.8,217.9,248.4,1.3,280.0,248.3
2019-07-18T08:28:22,15.8,207.9,242.5,1.3,290.0,248.3
2019-07-18T08:28:53,15.8,209.1,258.5,1.4,290.0,247.3
2019-07-18T08:29:24,15.8,231.5,250.2,1.3,300.0,247.3
2019-07-18T08:29:55,15.8,225.6,241.9,1.3,300.0,247.3
2019-07-18T08:30:26,16.2,229.2,256.1,1.3,310.0,248.3
2019-07-18T08:30:58,15.8,219.1,243.1,1.4,310.0,247.3
2019-07-18T08:31:29,16.2,220.3,247.2,1.4,320.0,247.3
2019-07-18T08:32:00,15.8,227.4,253.7,1.3,320.0,247.3
2019-07-18T08:32:31,16.2,228.0,241.3,1.4,330.0,249.3
2019-07-18T08:33:02,16.2,232.1,254.9,1.3,330.0,248.3
2019-07-18T08:33:33,16.2,235.1,250.2,1.2,340.0,248.3
2019-07-18T08:34:04,16.2,233.9,244.3,1.3,340.0,248.3
2019-07-18T08:34:35,16.2,232.1,255.5,1.4,350.0,248.3
2019-07-18T08:35:06,16.2,229.7,246.6,1.4,350.0,249.3
2019-07-18T08:35:38,16.2,227.4,242.5,1.4,360.0,251.2
2019-07-18T08:36:09,16.2,226.2,252.0,1.4,360.0,249.3
2019-07-18T08:36:40,16.2,228.6,252.0,1.4,370.0,249.3
2019-07-18T08:37:11,16.2,220.3,239.5,1.4,380.0,249.3
2019-07-18T08:37:42,16.2,220.9,247.8,1.6,380.0,249.3
2019-07-18T08:38:13,16.2,232.7,240.7,1.5,390.0,249.3
2019-07-18T08:38:44,16.2,233.3,250.2,1.4,390.0,248.3
2019-07-18T08:39:15,16.5,233.9,254.3,1.4,400.0,249.3
2019-07-18T08:39:46,16.5,233.9,246.6,1.5,400.0,249.3
2019-07-18T08:40:17,16.9,233.9,246.1,1.5,410.0,248.3
2019-07-18T08:40:49,16.9,212.0,256.1,1.6,420.0,250.2
2019-07-18T08:41:20,16.9,211.4,247.8,1.7,420.0,249.3
2019-07-18T08:41:51,16.9,233.3,242.5,1.6,430.0,250.2
2019-07-18T08:42:22,17.3,230.3,250.8,1.5,440.0,249.3
2019-07-18T08:42:53,17.3,231.5,240.1,1.6,440.0,251.2
2019-07-18T08:43:24,17.3,232.1,243.1,1.5,450.0,249.3
2019-07-18T08:43:55,17.6,225.6,250.8,1.6,450.0,249.3
2019-07-18T08:44:26,17.6,223.2,248.4,1.8,460.0,248.3
2019-07-18T08:44:57,17.6,232.7,251.4,1.5,470.0,247.3
2019-07-18T08:45:28,17.6,227.4,243.7,1.7,470.0,245.4
2019-07-18T08:46:00,18.0,227.4,245.5,1.7,480.0,247.3
2019-07-18T08:46:31,18.0,231.5,256.1,1.7,490.0,246.4
2019-07-18T08:47:02,18.0,225.6,249.0,1.8,490.0,247.3
2019-07-18T08:47:33,18.0,228.6,241.9,1.8,500.0,246.4
2019-07-18T08:48:04,18.0,230.3,247.8,1.8,510.0,247.3
2019-07-18T08:48:35,18.0,230.3,253.7,1.9,520.0,247.3
2019-07-18T08:49:06,18.0,228.0,249.0,1.7,520.0,246.4
2019-07-18T08:49:37,18.0,226.2,241.9,1.8,530.0,246.4
2019-07-18T08:50:08,18.4,230.9,250.2,1.8,540.0,247.3
2019-07-18T08:50:39,18.4,232.1,250.2,1.9,540.0,247.3
2019-07-18T08:51:11,18.4,229.7,241.9,1.9,550.0,247.3
2019-07-18T08:51:42,18.7,229.7,244.9,1.9,560.0,247.3
2019-07-18T08:52:13,18.7,224.4,243.7,1.8,570.0,247.3
2019-07-18T08:52:44,18.7,226.8,246.6,1.9,570.0,246.4
2019-07-18T08:53:15,18.7,229.7,250.2,2.0,580.0,248.3
2019-07-18T08:53:46,18.7,213.8,246.1,2.0,590.0,247.3
2019-07-18T08:54:17,18.7,231.5,244.3,1.9,600.0,246.4
2019-07-18T08:54:48,19.1,226.2,248.4,2.0,600.0,247.3
2019-07-18T08:55:19,19.1,222.7,253.7,2.0,610.0,247.3
2019-07-18T08:55:50,19.1,232.7,248.4,1.9,620.0,246.4
2019-07-18T08:56:22,19.1,228.6,245.5,1.9,630.0,246.4
2019-07-18T08:56:53,19.5,230.9,244.3,2.0,640.0,247.3
2019-07-18T08:57:24,19.5,228.0,250.2,2.1,640.0,246.4
2019-07-18T08:57:55,19.5,233.3,249.0,1.9,650.0,246.4
2019-07-18T08:58:26,19.5,229.2,243.1,2.0,660.0,246.4
2019-07-18T08:58:57,19.5,227.4,243.7,2.0,670.0,245.4
2019-07-18T08:59:28,19.8,222.1,254.9,2.2,680.0,246.4
2019-07-18T08:59:59,19.5,228.6,246.6,2.2,690.0,245.4
2019-07-18T09:00:30,19.8,232.1,252.0,2.0,690.0,245.4
2019-07-18T09:01:01,19.8,229.2,250.2,2.1,700.0,245.4
2019-07-18T09:01:32,20.2,223.2,246.1,2.2,710.0,246.4
2019-07-18T09:02:03,20.2,230.3,241.3,2.1,720.0,245.4
2019-07-18T09:02:34,20.6,221.5,243.7,2.2,730.0,246.4
2019-07-18T09:03:05,20.6,228.0,249.0,2.1,740.0,245.4
2019-07-18T09:03:36,20.6,226.2,253.2,2.3,740.0,246.4
2019-07-18T09:04:07,20.6,226.8,245.5,2.3,750.0,246.4
2019-07-18T09:04:38,20.9,225.6,243.1,2.2,760.0,247.3
2019-07-18T09:05:09,20.9,226.2,243.7,2.2,770.0,246.4
2019-07-18T09:05:41,20.9,224.4,248.4,2.3,780.0,247.3
2019-07-18T09:06:12,20.9,223.8,250.8,2.4,790.0,247.3
2019-07-18T09:06:43,20.9,231.5,246.6,2.2,800.0,248.3
2019-07-18T09:07:14,20.9,225.0,240.1,2.4,810.0,247.3
2019-07-18T09:07:45,20.9,230.3,240.7,2.3,820.0,247.3
2019-07-18T09:08:16,20.9,230.3,241.9,2.3,830.0,247.3
2019-07-18T09:08:47,20.6,223.8,244.3,2.4,840.0,248.3
2019-07-18T09:09:18,20.9,229.7,253.2,2.3,840.0,248.3
2019-07-18T09:09:49,20.6,229.7,248.4,2.3,850.0,248.3
2019-07-18T09:10:20,20.9,228.0,241.3,2.4,860.0,248.3
2019-07-18T09:10:52,20.9,223.8,238.4,2.4,870.0,248.3
2019-07-18T09:11:23,21.3,227.4,243.1,2.4,880.0,248.3
2019-07-18T09:11:54,21.7,226.2,252.0,2.5,890.0,247.3
2019-07-18T09:12:25,21.7,229.2,249.6,2.4,900.0,247.3
2019-07-18T09:12:56,21.7,228.0,244.3,2.5,910.0,246.4
2019-07-18T09:13:27,22.0,229.7,239.5,2.5,920.0,246.4
2019-07-18T09:13:58,22.0,225.6,244.9,2.5,930.0,246.4
2019-07-18T09:14:29,22.0,228.0,249.6,2.5,940.0,247.3
2019-07-18T09:15:00,22.0,225.0,249.6,2.6,950.0,249.3
2019-07-18T09:15:32,22.0,223.2,247.2,2.6,960.0,250.2
2019-07-18T09:16:03,22.4,222.7,239.5,2.7,970.0,249.3
2019-07-18T09:16:34,22.4,225.6,239.0,2.7,980.0,248.3
2019-07-18T09:17:05,22.4,225.6,239.5,2.6,990.0,247.3
2019-07-18T09:17:36,22.8,224.4,243.1,2.7,1000.0,248.3
2019-07-18T09:18:07,22.8,225.0,247.2,2.6,1010.0,247.3
2019-07-18T09:18:38,22.8,229.2,248.4,2.6,1020.0,247.3
2019-07-18T09:19:10,22.4,228.0,243.1,2.6,1030.0,247.3
2019-07-18T09:19:41,22.4,227.4,240.7,2.7,1040.0,248.3
2019-07-18T09:20:12,22.4,228.0,247.8,2.7,1060.0,247.3
2019-07-18T09:20:43,22.8,229.7,252.0,2.7,1070.0,247.3
2019-07-18T09:21:15,22.8,228.6,244.3,2.7,1080.0,247.3
2019-07-18T09:21:46,22.8,228.6,241.9,2.7,1090.0,248.3
2019-07-18T09:22:17,23.1,229.2,237.2,2.7,1100.0,247.3
2019-07-18T09:22:48,23.1,227.4,244.3,2.8,1110.0,246.4
2019-07-18T09:23:19,23.1,224.4,246.1,2.8,1120.0,248.3
2019-07-18T09:23:50,23.1,227.4,249.0,2.8,1130.0,248.3
2019-07-18T09:24:21,23.1,230.3,244.9,2.7,1140.0,250.2
2019-07-18T09:24:52,23.1,229.7,243.1,2.7,1150.0,250.2
2019-07-18T09:25:23,23.1,228.0,239.5,2.8,1160.0,249.3
2019-07-18T09:25:54,23.1,225.0,240.1,2.8,1180.0,248.3
2019-07-18T09:26:26,23.1,228.6,244.9,2.9,1190.0,249.3
2019-07-18T09:26:57,23.5,224.4,247.2,3.0,1200.0,248.3
2019-07-18T09:27:28,23.5,223.2,252.0,3.0,1210.0,249.3
2019-07-18T09:27:59,23.5,227.4,249.0,2.9,1220.0,250.2
2019-07-18T09:28:30,23.5,222.7,246.1,2.9,1230.0,247.3
2019-07-18T09:29:01,23.9,223.8,244.9,2.9,1240.0,249.3
2019-07-18T09:29:32,24.2,222.7,236.6,2.9,1260.0,250.2
2019-07-18T09:30:03,24.2,228.0,238.4,3.0,1270.0,249.3
2019-07-18T09:30:34,24.2,225.0,238.4,3.1,1280.0,250.2
2019-07-18T09:31:06,24.6,223.8,244.3,3.0,1290.0,249.3
2019-07-18T09:31:37,24.6,223.8,248.4,3.0,1300.0,251.2
2019-07-18T09:32:08,24.6,222.1,241.9,3.1,1310.0,250.2
2019-07-18T09:32:39,25.0,223.8,236.6,3.1,1330.0,249.3
2019-07-18T09:33:10,25.0,222.7,244.3,3.1,1340.0,248.3
2019-07-18T09:33:41,25.0,220.9,250.2,3.2,1350.0,248.3
2019-07-18T09:34:12,25.0,222.7,246.6,3.0,1360.0,249.3
2019-07-18T09:34:43,24.6,222.1,240.1,3.1,1370.0,248.3
2019-07-18T09:35:14,24.6,221.5,240.1,3.2,1390.0,248.3
2019-07-18T09:35:45,25.0,221.5,247.8,3.2,1400.0,248.3
2019-07-18T09:36:17,25.3,226.8,245.5,3.1,1410.0,249.3
2019-07-18T09:36:48,25.3,225.0,239.5,3.1,1420.0,248.3
2019-07-18T09:37:19,25.0,225.6,238.4,3.2,1440.0,248.3
2019-07-18T09:37:50,25.3,224.4,237.2,3.3,1450.0,249.3
2019-07-18T09:38:21,25.0,225.6,246.6,3.1,1460.0,249.3
2019-07-18T09:38:52,25.0,222.7,245.5,3.3,1470.0,251.2
2019-07-18T09:39:23,25.3,222.1,244.9,3.2,1490.0,252.2
2019-07-18T09:39:54,25.3,224.4,243.7,3.2,1500.0,250.2
2019-07-18T09:40:25,25.7,225.0,239.0,3.3,1510.0,250.2
2019-07-18T09:40:56,25.7,220.3,236.0,3.4,1530.0,251.2
2019-07-18T09:41:28,26.1,222.1,237.2,3.4,1540.0,249.3
2019-07-18T09:41:59,25.7,226.2,242.5,3.3,1550.0,249.3
2019-07-18T09:42:30,25.7,219.7,243.1,3.5,1560.0,250.2
2019-07-18T09:43:01,26.1,222.1,237.8,3.3,1580.0,250.2
2019-07-18T09:43:32,26.1,225.6,244.3,3.2,1590.0,250.2
2019-07-18T09:44:03,26.1,223.2,246.6,3.3,1600.0,249.3
2019-07-18T09:44:34,26.4,220.9,244.9,3.5,1620.0,249.3
2019-07-18T09:45:05,26.4,224.4,247.8,3.5,1630.0,249.3
2019-07-18T09:45:36,26.8,220.9,243.7,3.4,1640.0,250.2
2019-07-18T09:46:08,26.8,219.7,241.3,3.5,1660.0,250.2
2019-07-18T09:46:39,26.8,219.1,239.0,3.4,1670.0,249.3
2019-07-18T09:47:10,26.8,225.0,239.0,3.4,1680.0,248.3
2019-07-18T09:47:41,26.8,220.3,236.0,3.6,1700.0,248.3
2019-07-18T09:48:12,26.8,227.4,238.4,3.4,1710.0,249.3
2019-07-18T09:48:43,26.4,221.5,236.6,3.5,1720.0,249.3
2019-07-18T09:49:14,26.1,226.2,239.0,3.4,1740.0,248.3
2019-07-18T09:49:45,26.4,224.4,239.0,3.5,1750.0,250.2
2019-07-18T09:50:16,26.4,225.6,244.3,3.4,1760.0,249.3
2019-07-18T09:50:47,26.8,222.7,247.8,3.6,1780.0,248.3
2019-07-18T09:51:19,26.8,220.3,248.4,3.7,1790.0,249.3
2019-07-18T09:51:50,26.8,223.8,244.3,3.6,1810.0,248.3
2019-07-18T09:52:21,27.2,221.5,241.3,3.7,1820.0,248.3
2019-07-18T09:52:52,27.2,222.1,236.0,3.6,1830.0,248.3
2019-07-18T09:53:23,27.2,222.7,239.0,3.6,1850.0,247.3
2019-07-18T09:53:54,27.2,221.5,236.6,3.8,1860.0,248.3
2019-07-18T09:54:25,27.5,218.5,237.2,3.6,1880.0,248.3
2019-07-18T09:54:56,27.5,222.1,241.9,3.8,1890.0,248.3
2019-07-18T09:55:27,27.5,224.4,243.1,3.8,1910.0,249.3
2019-07-18T09:55:58,27.9,220.9,246.1,3.7,1920.0,249.3
2019-07-18T09:56:30,27.5,221.5,244.3,3.8,1930.0,249.3
2019-07-18T09:57:01,27.5,219.7,241.9,3.7,1950.0,250.2
2019-07-18T09:57:32,27.5,219.1,239.0,3.8,1960.0,249.3
2019-07-18T09:58:03,27.5,221.5,246.6,3.8,1980.0,249.3
2019-07-18T09:58:34,27.2,221.5,244.9,3.7,1990.0,251.2
2019-07-18T09:59:05,27.2,223.8,243.1,3.9,2010.0,250.2
2019-07-18T09:59:36,27.5,225.6,247.2,3.7,2020.0,250.2
2019-07-18T10:00:07,27.5,220.3,246.6,3.8,2040.0,250.2
2019-07-18T10:00:38,27.9,219.1,240.1,4.0,2050.0,249.3
2019-07-18T10:01:10,28.3,221.5,239.0,3.8,2070.0,250.2
2019-07-18T10:01:41,27.9,225.6,236.0,3.8,2080.0,251.2
2019-07-18T10:02:12,27.9,223.8,235.4,3.9,2100.0,250.2
2019-07-18T10:02:43,27.5,221.5,244.9,4.0,2110.0,251.2
2019-07-18T10:03:14,27.9,225.0,244.3,3.8,2130.0,250.2
2019-07-18T10:03:45,27.2,222.7,244.3,4.0,2140.0,249.3
2019-07-18T10:04:16,27.2,223.2,238.4,3.9,2160.0,251.2
2019-07-18T10:04:47,27.5,225.0,233.6,3.9,2170.0,251.2
2019-07-18T10:05:18,27.9,222.1,240.1,4.0,2190.0,251.2
2019-07-18T10:05:50,27.9,223.8,246.1,3.9,2200.0,250.2
2019-07-18T10:06:21,27.9,222.1,238.4,4.0,2220.0,250.2
2019-07-18T10:06:52,27.9,224.4,237.8,3.9,2230.0,250.2
2019-07-18T10:07:23,28.3,223.2,244.9,3.9,2250.0,251.2
2019-07-18T10:07:54,28.6,220.3,239.0,4.1,2260.0,251.2
2019-07-18T10:08:25,28.3,221.5,235.4,4.1,2280.0,250.2
2019-07-18T10:08:56,28.3,223.2,233.6,4.1,2300.0,252.2
2019-07-18T10:09:27,28.3,219.7,241.9,4.1,2310.0,251.2
2019-07-18T10:09:58,28.6,225.6,244.9,4.0,2330.0,250.2
2019-07-18T10:10:29,28.3,219.1,241.9,4.2,2340.0,252.2
2019-07-18T10:11:01,28.3,225.0,234.8,4.0,2360.0,252.2
2019-07-18T10:11:32,28.3,219.7,237.2,4.1,2370.0,250.2
2019-07-18T10:12:03,28.6,223.8,244.3,4.0,2390.0,250.2
2019-07-18T10:12:34,28.6,222.7,240.1,4.2,2410.0,251.2
2019-07-18T10:13:05,29.0,217.9,241.9,4.1,2420.0,251.2
2019-07-18T10:13:36,29.0,223.2,244.9,4.2,2440.0,249.3
2019-07-18T10:14:07,29.0,222.7,239.0,4.1,2450.0,251.2
2019-07-18T10:14:38,29.4,216.7,244.3,4.3,2470.0,250.2
2019-07-18T10:15:09,29.4,219.1,236.6,4.2,2490.0,251.2
2019-07-18T10:15:40,29.0,222.7,236.6,4.2,2500.0,249.3
2019-07-18T10:16:12,28.6,220.9,241.3,4.2,2520.0,251.2
2019-07-18T10:16:43,29.0,222.1,243.1,4.2,2540.0,250.2
2019-07-18T10:17:14,29.0,223.2,241.9,4.1,2550.0,251.2
2019-07-18T10:17:45,29.0,219.7,238.4,4.3,2570.0,251.2
2019-07-18T10:18:16,29.0,222.1,240.7,4.4,2580.0,250.2
2019-07-18T10:18:47,29.0,222.1,235.4,4.2,2600.0,250.2
2019-07-18T10:19:18,29.4,220.3,233.0,4.3,2620.0,250.2
2019-07-18T10:19:49,29.7,222.7,232.4,4.3,2630.0,249.3
2019-07-18T10:20:20,29.7,220.3,231.9,4.3,2650.0,250.2
2019-07-18T10:20:51,29.4,220.3,243.1,4.5,2670.0,250.2
2019-07-18T10:21:23,29.0,218.5,228.3,4.5,2680.0,250.2
2019-07-18T10:21:54,29.4,220.3,237.8,4.3,2700.0,251.2
2019-07-18T10:22:25,29.4,222.7,242.5,4.4,2720.0,250.2
2019-07-18T10:22:56,29.7,222.1,236.0,4.4,2730.0,250.2
2019-07-18T10:23:27,30.1,217.3,230.7,4.5,2750.0,251.2
2019-07-18T10:23:58,30.1,220.9,232.4,4.4,2770.0,251.2
2019-07-18T10:24:29,30.2,216.2,237.2,4.5,2780.0,250.2
2019-07-18T10:25:00,30.3,223.2,240.7,4.4,2800.0,251.2
2019-07-18T10:25:31,30.3,220.3,243.7,4.5,2820.0,250.2
2019-07-18T10:26:04,30.4,218.5,239.0,4.5,2840.0,251.2
2019-07-18T10:26:35,30.4,220.9,236.0,4.4,2850.0,252.2
2019-07-18T10:27:06,30.5,219.7,233.0,4.6,2870.0,251.2
2019-07-18T10:27:37,30.5,218.5,238.4,4.6,2890.0,250.2
2019-07-18T10:28:08,30.5,218.5,234.8,4.7,2900.0,250.2
2019-07-18T10:28:39,30.7,220.3,234.2,4.5,2920.0,252.2
2019-07-18T10:29:10,30.7,217.9,236.6,4.7,2940.0,250.2
2019-07-18T10:29:41,30.8,215.6,237.2,4.7,2960.0,249.3
2019-07-18T10:30:12,30.8,215.6,244.3,4.6,2970.0,250.2
2019-07-18T10:30:44,30.8,219.7,242.5,4.5,2990.0,250.2
2019-07-18T10:31:15,30.9,220.9,239.5,4.5,3010.0,250.2
2019-07-18T10:31:46,30.9,220.3,231.9,4.6,3030.0,251.2
2019-07-18T10:32:17,30.9,216.7,231.3,4.6,3040.0,251.2
2019-07-18T10:32:48,30.9,216.2,232.4,4.7,3060.0,252.2
2019-07-18T10:33:19,30.9,220.3,237.2,4.5,3080.0,250.2
2019-07-18T10:33:50,30.9,220.3,243.1,4.7,3100.0,250.2
2019-07-18T10:34:21,31.0,217.3,239.0,4.6,3110.0,251.2
2019-07-18T10:34:52,31.0,219.1,236.6,4.7,3130.0,252.2
2019-07-18T10:35:23,31.0,216.7,242.5,4.7,3150.0,253.1
2019-07-18T10:35:55,31.1,219.1,239.5,4.8,3170.0,253.1
2019-07-18T10:36:26,31.1,217.3,230.1,4.8,3180.0,251.2
2019-07-18T10:36:57,31.1,216.2,236.0,4.8,3200.0,252.2
2019-07-18T10:37:28,31.0,218.5,235.4,4.8,3220.0,251.2
2019-07-18T10:37:59,31.0,218.5,235.4,4.7,3240.0,253.1
2019-07-18T10:38:30,31.1,218.5,233.6,4.7,3260.0,252.2
2019-07-18T10:39:01,31.0,220.3,229.5,4.7,3270.0,253.1
2019-07-18T10:39:32,31.0,218.5,233.0,4.9,3290.0,254.1
2019-07-18T10:40:03,31.0,215.0,241.3,4.8,3310.0,252.2
2019-07-18T10:40:35,31.0,217.3,231.3,4.9,3330.0,251.2
2019-07-18T10:41:06,31.0,219.1,237.8,4.7,3350.0,251.2
2019-07-18T10:41:37,31.0,217.9,239.0,4.8,3360.0,251.2
2019-07-18T10:42:08,31.1,213.2,233.0,5.0,3380.0,250.2
2019-07-18T10:42:39,31.1,218.5,233.6,4.9,3400.0,249.3
2019-07-18T10:43:10,31.0,215.0,234.8,5.0,3420.0,250.2
2019-07-18T10:43:41,30.8,219.1,240.1,4.9,3440.0,249.3
2019-07-18T10:44:12,30.9,214.4,227.1,4.9,3460.0,248.3
2019-07-18T10:44:43,30.9,214.4,232.4,5.0,3470.0,250.2
2019-07-18T10:45:14,31.0,217.9,237.2,4.9,3490.0,250.2
2019-07-18T10:45:46,31.0,213.2,239.5,5.0,3510.0,250.2
2019-07-18T10:46:17,30.9,215.6,235.4,5.0,3530.0,252.2
2019-07-18T10:46:48,30.8,219.1,231.9,4.8,3550.0,252.2
2019-07-18T10:47:19,30.8,218.5,231.9,4.8,3570.0,252.2
2019-07-18T10:47:50,30.9,214.4,234.8,4.9,3590.0,251.2
2019-07-18T10:48:21,31.0,214.4,235.4,5.0,3600.0,254.1
2019-07-18T10:48:52,31.0,213.8,236.6,5.0,3620.0,250.2
2019-07-18T10:49:23,31.1,212.0,232.4,5.1,3640.0,251.2
2019-07-18T10:49:54,31.2,212.6,229.5,5.1,3660.0,250.2
2019-07-18T10:50:25,31.4,215.6,228.3,5.0,3680.0,250.2
2019-07-18T10:50:57,31.5,212.6,230.7,5.0,3700.0,251.2
2019-07-18T10:51:28,31.5,215.0,228.3,5.1,3720.0,252.2
2019-07-18T10:51:59,31.6,210.2,231.3,5.2,3730.0,252.2
2019-07-18T10:52:30,31.7,216.2,231.3,5.1,3750.0,252.2
2019-07-18T10:53:01,31.7,215.6,231.9,5.1,3770.0,252.2
2019-07-18T10:53:32,31.7,213.2,231.9,5.2,3790.0,251.2
2019-07-18T10:54:03,31.7,216.7,237.8,4.9,3810.0,251.2
2019-07-18T10:54:34,31.7,215.0,227.1,5.1,3830.0,250.2
2019-07-18T10:55:05,31.7,210.8,230.1,5.2,3850.0,252.2
2019-07-18T10:55:37,31.8,213.8,225.4,5.2,3870.0,252.2
2019-07-18T10:56:08,31.8,211.4,228.9,5.2,3890.0,253.1
2019-07-18T10:56:39,31.9,212.6,229.5,5.3,3900.0,253.1
2019-07-18T10:57:10,31.9,217.3,230.1,5.1,3920.0,253.1
2019-07-18T10:57:41,31.9,216.2,231.3,5.1,3940.0,252.2
2019-07-18T10:58:12,31.9,212.6,233.0,5.3,3960.0,252.2
2019-07-18T10:58:43,32.0,212.0,231.9,5.2,3980.0,252.2
2019-07-18T10:59:14,32.0,212.0,232.4,5.2,4000.0,252.2
2019-07-18T10:59:45,32.0,213.8,236.6,5.3,4020.0,251.2
2019-07-18T11:00:16,32.0,216.2,236.0,5.1,4040.0,251.2
2019-07-18T11:00:48,32.2,212.6,236.6,5.3,4060.0,253.1
2019-07-18T11:01:19,32.2,216.7,234.8,5.2,4080.0,252.2
2019-07-18T11:01:50,32.2,213.2,233.6,5.3,4100.0,252.2
2019-07-18T11:02:21,32.2,215.0,232.4,5.4,4120.0,252.2
2019-07-18T11:02:52,32.3,216.2,231.9,5.3,4140.0,251.2
2019-07-18T11:03:23,32.3,217.3,228.3,5.3,4160.0,250.2
2019-07-18T11:03:54,32.3,215.0,227.7,5.3,4170.0,251.2
2019-07-18T11:04:25,32.0,212.6,225.4,5.3,4190.0,251.2
2019-07-18T11:04:56,32.2,216.2,230.1,5.3,4210.0,252.2
2019-07-18T11:05:27,32.0,213.2,232.4,5.4,4230.0,251.2
2019-07-18T11:05:59,32.0,210.8,236.6,5.5,4250.0,249.3
2019-07-18T11:06:30,32.2,213.8,234.8,5.4,4270.0,252.2
2019-07-18T11:07:01,32.3,215.0,236.0,5.4,4290.0,252.2
2019-07-18T11:07:32,32.2,211.4,233.0,5.4,4310.0,250.2
2019-07-18T11:08:03,31.9,212.6,233.0,5.5,4330.0,250.2
2019-07-18T11:08:34,31.8,213.8,228.9,5.4,4350.0,250.2
2019-07-18T11:09:05,31.7,214.4,233.0,5.4,4370.0,250.2
2019-07-18T11:09:36,31.8,208.5,230.1,5.6,4390.0,250.2
2019-07-18T11:10:07,31.8,212.6,225.9,5.5,4410.0,249.3
2019-07-18T11:10:39,31.9,213.8,232.4,5.5,4430.0,250.2
2019-07-18T11:11:10,32.0,208.5,232.4,5.5,4450.0,251.2
2019-07-18T11:11:41,32.2,208.5,230.1,5.5,4470.0,252.2
2019-07-18T11:12:12,32.2,207.9,232.4,5.5,4490.0,250.2
2019-07-18T11:12:43,31.9,210.2,231.3,5.5,4510.0,252.2
2019-07-18T11:13:14,31.9,208.5,233.0,5.5,4530.0,251.2
2019-07-18T11:13:45,31.8,209.1,233.0,5.5,4550.0,252.2
2019-07-18T11:14:16,31.7,213.8,228.9,5.4,4570.0,252.2
2019-07-18T11:14:47,31.8,214.4,221.8,5.3,4590.0,252.2
2019-07-18T11:15:18,32.0,209.7,233.0,5.5,4610.0,254.1
2019-07-18T11:15:50,32.2,214.4,231.3,5.4,4630.0,251.2
2019-07-18T11:16:21,32.3,212.6,231.3,5.4,4650.0,251.2
2019-07-18T11:16:52,32.4,209.7,227.7,5.7,4670.0,252.2
2019-07-18T11:17:23,32.4,213.8,223.0,5.4,4690.0,252.2
2019-07-18T11:17:54,32.5,209.1,224.2,5.7,4710.0,253.1
2019-07-18T11:18:25,32.6,212.0,224.2,5.4,4730.0,252.2
2019-07-18T11:18:56,32.7,210.2,221.8,5.5,4750.0,251.2
2019-07-18T11:19:27,32.9,209.1,228.3,5.7,4770.0,251.2
2019-07-18T11:19:58,32.9,209.1,227.1,5.6,4790.0,252.2
2019-07-18T11:20:29,33.0,212.6,228.9,5.5,4810.0,251.2
2019-07-18T11:21:01,33.0,207.9,228.9,5.7,4830.0,251.2
2019-07-18T11:21:32,32.7,213.8,226.5,5.5,4850.0,251.2
2019-07-18T11:22:03,32.7,209.7,230.7,5.7,4870.0,250.2
2019-07-18T11:22:34,32.7,213.2,230.1,5.6,4890.0,250.2
2019-07-18T11:23:05,32.7,212.6,231.3,5.6,4910.0,251.2
2019-07-18T11:23:36,32.9,210.2,224.8,5.6,4930.0,250.2
2019-07-18T11:24:07,33.0,208.5,223.0,5.6,4950.0,252.2
2019-07-18T11:24:38,33.0,208.5,235.4,5.6,4970.0,251.2
2019-07-18T11:25:09,33.1,207.9,225.4,5.7,4990.0,251.2
2019-07-18T11:25:40,33.0,207.3,232.4,5.7,5020.0,251.2
2019-07-18T11:26:12,33.1,213.2,223.0,5.5,5040.0,254.1
2019-07-18T11:26:43,33.1,212.0,221.8,5.6,5060.0,253.1
2019-07-18T11:27:14,33.1,211.4,230.1,5.7,5080.0,254.1
2019-07-18T11:27:45,33.2,214.4,232.4,5.5,5100.0,254.1
2019-07-18T11:28:16,33.2,209.1,231.3,5.8,5120.0,253.1
2019-07-18T11:28:47,33.3,213.2,231.3,5.7,5140.0,253.1
2019-07-18T11:29:18,33.3,212.0,232.4,5.6,5160.0,252.2
2019-07-18T11:29:49,33.3,208.5,233.0,5.8,5180.0,253.1
2019-07-18T11:30:20,33.4,213.8,231.3,5.7,5200.0,253.1
2019-07-18T11:30:51,33.4,212.6,231.9,5.7,5220.0,253.1
2019-07-18T11:31:23,33.4,209.1,230.1,5.7,5240.0,253.1
2019-07-18T11:31:54,33.3,206.7,233.0,5.8,5260.0,251.2
2019-07-18T11:32:25,33.3,209.7,231.3,5.8,5280.0,252.2
2019-07-18T11:32:56,33.4,207.3,231.9,5.8,5300.0,251.2
2019-07-18T11:33:27,33.3,211.4,231.9,5.8,5330.0,251.2
2019-07-18T11:33:58,33.4,206.1,231.3,5.9,5350.0,251.2
2019-07-18T11:34:29,33.5,208.5,226.5,5.8,5370.0,248.3
2019-07-18T11:35:00,33.4,209.1,223.0,5.8,5390.0,251.2
2019-07-18T11:38:42,33.3,210.2,231.9,5.9,5540.0,252.2
2019-07-18T11:39:13,33.4,209.7,228.3,5.9,5560.0,251.2
2019-07-18T11:39:44,33.4,207.3,224.2,5.8,5580.0,252.2
2019-07-18T11:40:15,33.4,208.5,229.5,6.0,5600.0,252.2
2019-07-18T11:40:46,33.2,208.5,227.1,5.9,5620.0,251.2
2019-07-18T11:41:18,33.2,210.2,228.3,5.9,5640.0,252.2
2019-07-18T11:41:49,33.0,211.4,228.3,5.7,5660.0,254.1
2019-07-18T11:42:20,32.9,210.2,230.1,5.9,5690.0,252.2
2019-07-18T11:42:51,33.0,209.1,228.3,6.0,5710.0,253.1
2019-07-18T11:43:22,33.1,207.9,223.0,5.9,5730.0,251.2
2019-07-18T11:43:53,33.2,207.9,219.4,5.9,5750.0,251.2
2019-07-18T11:44:24,33.3,208.5,224.8,6.0,5770.0,251.2
2019-07-18T11:44:55,33.4,206.7,230.7,6.0,5790.0,252.2
2019-07-18T11:45:26,33.5,210.2,234.2,5.8,5810.0,252.2
2019-07-18T11:45:57,33.5,212.0,230.1,5.8,5830.0,252.2
2019-07-18T11:46:29,33.4,210.8,222.4,5.8,5860.0,251.2
2019-07-18T11:47:00,33.3,207.3,221.2,5.9,5880.0,252.2
2019-07-18T11:47:31,33.4,210.8,224.2,5.9,5900.0,252.2
2019-07-18T11:48:02,33.4,206.7,231.3,6.1,5920.0,251.2
2019-07-18T11:48:33,33.4,206.1,234.2,6.0,5940.0,250.2
2019-07-18T11:49:04,33.4,210.2,227.7,5.9,5960.0,249.3
2019-07-18T11:49:35,33.4,209.1,224.8,6.0,5980.0,249.3
2019-07-18T11:50:06,33.4,208.5,220.6,6.1,6000.0,249.3
2019-07-18T11:50:37,33.5,206.7,225.9,6.0,6030.0,250.2
2019-07-18T11:51:09,33.4,207.3,227.1,6.1,6050.0,250.2
2019-07-18T11:51:40,33.4,212.6,233.0,5.8,6070.0,250.2
2019-07-18T11:52:11,33.5,210.2,231.9,6.1,6090.0,252.2
2019-07-18T11:52:42,33.5,208.5,224.2,6.0,6110.0,253.1
2019-07-18T11:53:13,33.7,208.5,225.9,6.1,6140.0,252.2
2019-07-18T11:53:44,33.7,207.9,225.4,6.2,6160.0,252.2
2019-07-18T11:54:15,33.8,208.5,227.7,6.0,6180.0,252.2
2019-07-18T11:54:46,33.9,209.7,234.8,6.2,6200.0,253.1
2019-07-18T11:55:17,33.9,211.4,221.8,6.1,6220.0,253.1
2019-07-18T11:55:48,33.9,207.9,225.4,6.2,6240.0,253.1
2019-07-18T11:56:20,34.0,207.3,228.9,6.1,6270.0,253.1
2019-07-18T11:56:51,34.0,209.1,233.0,6.1,6290.0,253.1
2019-07-18T11:57:22,33.8,208.5,228.3,6.1,6310.0,252.2
2019-07-18T11:57:53,33.8,208.5,226.5,6.1,6330.0,253.1
2019-07-18T11:58:24,33.8,212.0,227.7,6.1,6350.0,254.1
2019-07-18T11:58:55,33.8,209.7,230.7,6.2,6380.0,253.1
2019-07-18T11:59:26,33.9,207.3,230.1,6.2,6400.0,253.1
2019-07-18T11:59:57,33.9,209.7,232.4,6.1,6420.0,253.1
2019-07-18T12:00:28,34.0,210.2,230.1,6.1,6440.0,250.2
2019-07-18T12:01:00,34.0,207.3,230.1,6.3,6460.0,251.2
2019-07-18T12:01:31,34.1,209.7,226.5,6.1,6490.0,251.2
2019-07-18T12:02:02,34.2,207.3,224.8,6.2,6510.0,250.2
2019-07-18T12:02:33,34.2,206.7,221.8,6.1,6530.0,251.2
2019-07-18T12:03:04,34.2,209.1,221.2,6.1,6550.0,250.2
2019-07-18T12:03:35,34.2,209.1,223.0,6.3,6570.0,250.2
2019-07-18T12:04:06,34.2,209.1,225.4,6.2,6600.0,250.2
2019-07-18T12:04:37,34.4,209.1,223.0,6.1,6620.0,251.2
2019-07-18T12:05:08,34.4,205.5,228.9,6.3,6640.0,251.2
2019-07-18T12:05:39,34.5,207.9,228.3,6.1,6660.0,251.2
2019-07-18T12:06:11,34.5,207.3,231.3,6.1,6680.0,252.2
2019-07-18T12:06:42,34.5,206.1,227.1,6.3,6710.0,252.2
2019-07-18T12:07:13,34.5,207.3,227.1,6.3,6730.0,252.2
2019-07-18T12:07:44,34.5,204.3,224.8,6.2,6750.0,252.2
2019-07-18T12:08:15,34.6,207.9,221.2,6.2,6770.0,251.2
2019-07-18T12:08:46,34.6,208.5,221.2,6.2,6790.0,253.1
2019-07-18T12:09:17,34.6,209.1,220.0,6.1,6820.0,253.1
2019-07-18T12:09:48,34.6,205.5,222.4,6.3,6840.0,253.1
2019-07-18T12:10:19,34.7,204.3,225.9,6.2,6860.0,254.1
2019-07-18T12:10:50,34.7,205.5,230.1,6.2,6880.0,253.1
2019-07-18T12:11:22,34.8,203.7,231.9,6.2,6900.0,252.2
2019-07-18T12:11:53,34.9,204.3,220.0,6.2,6930.0,253.1
2019-07-18T12:12:24,35.0,204.3,225.9,6.3,6950.0,252.2
2019-07-18T12:12:55,35.0,206.7,227.1,6.3,6970.0,253.1
2019-07-18T12:13:26,35.2,203.2,221.8,6.0,6990.0,252.2
2019-07-18T12:13:57,35.0,203.7,228.3,6.3,7010.0,253.1
2019-07-18T12:14:28,35.0,208.5,220.6,6.1,7040.0,252.2
2019-07-18T12:14:59,35.0,204.9,218.3,6.3,7060.0,251.2
2019-07-18T12:15:30,35.2,208.5,223.0,6.2,7080.0,251.2
2019-07-18T12:16:01,35.0,208.5,221.2,6.1,7100.0,252.2
2019-07-18T12:16:32,35.2,209.1,224.8,6.2,7120.0,252.2
2019-07-18T12:17:03,35.2,206.7,228.3,6.3,7150.0,252.2
2019-07-18T12:17:34,35.3,205.5,228.9,6.3,7170.0,251.2
2019-07-18T12:18:05,35.2,209.1,228.3,6.2,7190.0,251.2
2019-07-18T12:18:36,35.2,205.5,231.3,6.2,7210.0,251.2
2019-07-18T12:19:07,35.2,203.2,217.1,6.3,7230.0,252.2
2019-07-18T12:19:38,35.2,203.2,220.0,6.3,7260.0,251.2
2019-07-18T12:20:09,35.2,205.5,221.8,6.3,7280.0,250.2
2019-07-18T12:20:41,35.2,205.5,224.8,6.4,7300.0,251.2
2019-07-18T12:21:12,35.3,204.3,223.0,6.4,7320.0,252.2
2019-07-18T12:21:43,35.4,204.3,227.7,6.4,7340.0,252.2
2019-07-18T12:22:14,35.4,205.5,222.4,6.2,7370.0,251.2
2019-07-18T12:22:45,35.4,207.3,220.0,6.2,7390.0,251.2
2019-07-18T12:23:16,35.5,203.2,218.3,6.3,7410.0,251.2
2019-07-18T12:23:47,35.5,207.3,221.8,6.3,7430.0,252.2
2019-07-18T12:24:18,35.6,203.7,226.5,6.3,7450.0,250.2
2019-07-18T12:24:49,35.5,196.1,220.0,6.4,7480.0,252.2
2019-07-18T12:25:20,35.5,206.7,217.7,6.3,7500.0,254.1
2019-07-18T12:25:52,35.6,206.1,225.4,6.3,7520.0,252.2
2019-07-18T12:26:23,35.7,203.7,225.4,6.4,7540.0,253.1
2019-07-18T12:26:54,35.7,204.9,220.6,6.2,7560.0,253.1
2019-07-18T12:27:25,35.7,204.9,221.2,6.3,7590.0,254.1
2019-07-18T12:27:56,35.9,204.3,217.1,6.2,7610.0,252.2
2019-07-18T12:28:27,35.9,208.5,219.4,6.0,7630.0,252.2
2019-07-18T12:28:58,35.9,205.5,217.7,6.3,7650.0,252.2
2019-07-18T12:29:29,35.9,203.7,220.6,6.2,7670.0,254.1
2019-07-18T12:30:00,36.0,200.8,222.4,6.3,7700.0,254.1
2019-07-18T12:30:32,36.1,199.6,221.2,6.4,7720.0,251.2
2019-07-18T12:31:03,36.1,201.4,218.3,5.8,7740.0,252.2
2019-07-18T12:31:34,36.1,208.5,222.4,6.1,7760.0,252.2
2019-07-18T12:32:05,36.1,200.2,219.4,6.4,7780.0,251.2
2019-07-18T12:32:36,36.2,203.7,228.9,6.4,7810.0,251.2
2019-07-18T12:33:07,36.2,206.7,226.5,6.3,7830.0,251.2
2019-07-18T12:33:38,36.2,208.5,221.2,6.1,7850.0,251.2
2019-07-18T12:34:09,36.2,205.5,221.2,6.4,7870.0,250.2
2019-07-18T12:34:40,36.2,202.0,218.8,6.3,7890.0,250.2
2019-07-18T12:35:11,36.3,202.6,220.6,6.2,7920.0,252.2
2019-07-18T12:35:43,36.1,195.5,218.3,6.3,7940.0,252.2
2019-07-18T12:36:15,35.7,193.7,215.3,6.4,7960.0,251.2
2019-07-18T12:36:46,35.5,196.1,220.0,6.4,7980.0,252.2
2019-07-18T12:37:17,35.6,205.5,221.2,6.3,8000.0,251.2
2019-07-18T12:37:48,35.7,204.9,218.8,6.3,8030.0,251.2
2019-07-18T12:38:19,35.9,191.9,220.6,6.3,8050.0,252.2
2019-07-18T12:38:50,35.7,194.3,216.5,6.3,8070.0,251.2
2019-07-18T12:39:21,35.7,203.2,216.5,6.2,8090.0,251.2
2019-07-18T12:39:52,35.7,191.9,215.3,6.3,8110.0,252.2
2019-07-18T12:40:23,35.9,199.0,218.3,6.5,8130.0,253.1
2019-07-18T12:40:54,36.0,206.7,218.3,6.3,8160.0,252.2
2019-07-18T12:41:26,36.0,209.7,223.0,5.7,8180.0,253.1
2019-07-18T12:41:57,36.1,207.3,217.1,6.3,8200.0,254.1
2019-07-18T12:42:28,36.2,207.9,220.0,6.1,8220.0,254.1
2019-07-18T12:42:59,36.2,207.9,219.4,6.1,8240.0,254.1
2019-07-18T12:43:30,36.2,206.1,227.1,6.1,8270.0,253.1
2019-07-18T12:44:01,36.3,200.8,220.0,6.0,8290.0,253.1
2019-07-18T12:44:32,36.4,194.3,218.3,6.4,8310.0,254.1
2019-07-18T12:45:03,36.0,191.9,218.3,6.4,8330.0,253.1
2019-07-18T12:45:34,35.7,196.1,218.3,6.3,8350.0,251.2
2019-07-18T12:46:06,35.5,194.3,220.0,6.4,8370.0,253.1
2019-07-18T12:46:37,35.2,196.1,214.7,6.2,8400.0,252.2
2019-07-18T12:47:08,35.2,193.7,223.0,6.2,8420.0,252.2
2019-07-18T12:47:39,35.2,191.3,218.8,6.3,8440.0,252.2
2019-07-18T12:48:10,35.3,193.1,223.0,6.4,8460.0,251.2
2019-07-18T12:48:41,35.3,190.2,224.2,6.5,8480.0,252.2
2019-07-18T12:49:12,35.3,194.9,222.4,6.2,8500.0,251.2
2019-07-18T12:49:43,35.4,203.7,222.4,6.2,8530.0,252.2
2019-07-18T12:50:14,35.5,189.0,225.4,6.4,8550.0,252.2
2019-07-18T12:50:45,35.6,197.3,221.2,6.5,8570.0,251.2
2019-07-18T12:51:17,35.9,202.6,220.6,6.3,8590.0,251.2
2019-07-18T12:51:48,36.0,201.4,219.4,6.3,8610.0,252.2
2019-07-18T12:52:19,36.1,203.2,217.1,6.3,8630.0,251.2
2019-07-18T12:52:50,36.2,202.0,217.1,6.1,8660.0,251.2
2019-07-18T12:53:21,36.3,204.9,215.3,6.2,8680.0,252.2
2019-07-18T12:53:52,36.4,210.2,216.5,5.9,8700.0,252.2
2019-07-18T12:54:23,36.4,196.1,218.3,6.1,8720.0,254.1
2019-07-18T12:54:54,36.4,196.7,215.3,6.4,8740.0,253.1
2019-07-18T12:55:25,36.5,205.5,220.6,6.3,8760.0,254.1
2019-07-18T12:55:56,36.5,198.4,218.3,6.4,8790.0,254.1
2019-07-18T12:56:28,36.5,191.3,217.1,6.3,8810.0,253.1
2019-07-18T12:56:59,36.5,196.7,217.1,6.1,8830.0,254.1
2019-07-18T12:57:30,36.5,196.1,218.3,6.2,8850.0,253.1
2019-07-18T12:58:01,36.7,191.3,217.1,6.5,8870.0,254.1
2019-07-18T12:58:32,36.7,190.8,218.8,6.4,8890.0,254.1
2019-07-18T12:59:03,36.8,193.1,218.3,6.3,8920.0,254.1
2019-07-18T12:59:34,36.8,190.8,216.5,6.4,8940.0,252.2
2019-07-18T13:00:05,36.8,195.5,217.1,6.2,8960.0,253.1
2019-07-18T13:00:36,36.7,191.3,218.8,6.4,8980.0,252.2
2019-07-18T13:01:08,36.4,194.3,218.8,6.4,9000.0,253.1
2019-07-18T13:01:39,36.3,194.3,218.8,6.3,9020.0,252.2
2019-07-18T13:02:10,36.3,194.9,220.0,6.2,9050.0,252.2
2019-07-18T13:02:41,36.4,191.9,222.4,6.3,9070.0,251.2
2019-07-18T13:03:12,36.3,187.2,223.0,6.4,9090.0,253.1
2019-07-18T13:03:43,36.3,189.6,224.2,6.1,9110.0,252.2
2019-07-18T13:04:14,36.4,192.5,225.4,6.3,9130.0,253.1
2019-07-18T13:04:45,36.4,185.4,220.6,6.2,9150.0,254.1
2019-07-18T13:05:16,36.4,188.4,223.6,6.3,9170.0,252.2
2019-07-18T13:05:48,36.5,182.5,222.4,6.3,9190.0,252.2
2019-07-18T13:06:19,36.4,187.8,220.6,6.0,9210.0,252.2
2019-07-18T13:06:50,36.4,184.8,221.2,6.3,9240.0,252.2
2019-07-18T13:07:21,36.2,181.3,214.7,6.4,9260.0,252.2
2019-07-18T13:07:52,36.2,183.1,218.8,6.3,9280.0,252.2
2019-07-18T13:08:23,36.0,181.3,222.4,6.5,9300.0,252.2
2019-07-18T13:08:54,35.9,180.7,223.0,6.4,9320.0,252.2
2019-07-18T13:09:25,35.7,177.2,223.6,6.4,9340.0,252.2
2019-07-18T13:09:56,35.6,184.8,220.0,6.3,9360.0,252.2
2019-07-18T13:10:27,35.6,184.8,223.0,6.2,9380.0,252.2
2019-07-18T13:10:59,35.6,181.3,220.6,6.5,9400.0,253.1
2019-07-18T13:11:30,35.9,181.9,215.3,6.3,9420.0,253.1
2019-07-18T13:12:01,36.1,181.3,220.0,6.4,9440.0,252.2
2019-07-18T13:12:32,36.2,181.3,219.4,6.3,9460.0,252.2
2019-07-18T13:13:03,36.3,179.5,218.8,6.5,9490.0,253.1
2019-07-18T13:13:34,36.5,182.5,221.2,6.2,9510.0,251.2
2019-07-18T13:14:05,36.5,174.8,218.8,6.5,9530.0,252.2
2019-07-18T13:14:36,36.5,178.9,220.0,6.3,9550.0,252.2
2019-07-18T13:15:07,36.7,180.1,215.9,6.2,9570.0,251.2
2019-07-18T13:15:39,36.8,179.5,212.3,6.3,9590.0,253.1
2019-07-18T13:16:10,36.9,178.3,211.7,6.3,9610.0,252.2
2019-07-18T13:16:41,36.7,180.7,220.0,6.2,9630.0,251.2
2019-07-18T13:17:12,36.8,177.8,218.8,6.4,9650.0,251.2
2019-07-18T13:17:43,36.8,180.1,219.4,6.4,9670.0,251.2
2019-07-18T13:18:14,36.9,176.6,217.7,6.4,9690.0,251.2
2019-07-18T13:18:45,36.9,180.1,220.0,6.2,9710.0,249.3
2019-07-18T13:19:16,36.8,178.9,217.1,6.3,9730.0,250.2
2019-07-18T13:19:47,36.9,175.4,216.5,6.3,9750.0,250.2
2019-07-18T13:20:18,37.0,176.6,215.3,6.3,9770.0,250.2
2019-07-18T13:20:50,37.0,176.6,220.6,6.4,9790.0,251.2
2019-07-18T13:21:21,36.9,179.5,210.0,6.4,9810.0,251.2
2019-07-18T13:21:52,37.0,177.2,211.2,6.3,9830.0,250.2
2019-07-18T13:22:23,37.1,174.2,215.9,6.3,9850.0,251.2
2019-07-18T13:22:54,37.2,177.8,220.0,6.2,9870.0,251.2
2019-07-18T13:23:25,37.4,176.0,220.0,6.1,9900.0,252.2
2019-07-18T13:23:56,37.4,165.4,218.8,6.5,9910.0,252.2
2019-07-18T13:24:27,37.4,171.9,214.7,6.1,9930.0,252.2
2019-07-18T13:24:58,37.4,168.9,212.3,6.4,9950.0,252.2
2019-07-18T13:25:29,37.4,170.1,218.8,6.5,9970.0,253.1
2019-07-18T13:26:01,37.4,168.3,214.1,6.6,9990.0,252.2
2019-07-18T13:26:32,37.5,167.7,211.2,6.5,10010.0,254.1
2019-07-18T13:27:03,37.4,155.3,215.3,6.7,10030.0,254.1
2019-07-18T13:27:34,37.4,157.1,212.9,6.6,10050.0,254.1
2019-07-18T13:28:05,37.5,152.9,217.1,6.8,10070.0,253.1
2019-07-18T13:28:36,37.5,158.9,215.9,6.6,10090.0,254.1
2019-07-18T13:29:07,37.6,165.4,211.7,6.7,10110.0,255.1
2019-07-18T13:29:38,37.6,168.3,212.3,6.5,10130.0,254.1
2019-07-18T13:30:09,37.6,165.4,213.5,6.7,10150.0,253.1
2019-07-18T13:30:40,37.7,167.7,211.2,6.5,10170.0,251.2
2019-07-18T13:31:12,37.8,164.2,211.7,6.6,10200.0,250.2
2019-07-18T13:31:43,37.9,165.9,213.5,6.6,10210.0,253.1
2019-07-18T13:32:14,37.9,167.7,216.5,6.4,10230.0,251.2
2019-07-18T13:32:45,37.9,165.4,218.3,6.6,10250.0,251.2
2019-07-18T13:33:16,38.0,162.4,220.6,6.2,10270.0,252.2
2019-07-18T13:33:47,38.0,156.5,221.2,6.7,10290.0,252.2
2019-07-18T13:34:18,38.0,152.4,222.4,6.8,10310.0,250.2
2019-07-18T13:34:49,38.2,151.8,220.0,6.8,10330.0,251.2
2019-07-18T13:35:20,38.2,156.5,218.8,6.6,10350.0,251.2
2019-07-18T13:35:51,38.3,155.9,215.3,6.6,10370.0,251.2
2019-07-18T13:36:23,38.3,156.5,218.3,6.6,10390.0,250.2
2019-07-18T13:36:54,38.3,159.4,218.8,6.4,10410.0,251.2
2019-07-18T13:37:25,38.3,157.7,215.9,6.5,10430.0,251.2
2019-07-18T13:37:56,38.3,157.7,218.8,6.6,10450.0,250.2
2019-07-18T13:38:27,38.3,151.2,212.9,6.9,10470.0,251.2
2019-07-18T13:38:58,38.2,156.5,215.3,6.6,10490.0,250.2
2019-07-18T13:39:29,38.3,159.4,218.8,6.4,10510.0,252.2
2019-07-18T13:40:00,38.3,151.8,216.5,6.8,10530.0,253.1
2019-07-18T13:40:31,38.2,155.3,218.3,6.7,10550.0,253.1
2019-07-18T13:41:03,38.3,153.5,222.4,6.7,10570.0,253.1
2019-07-18T13:41:34,38.3,152.4,226.5,6.8,10590.0,254.1
2019-07-18T13:42:05,38.3,152.4,224.8,6.5,10610.0,253.1
2019-07-18T13:42:36,38.3,158.9,219.4,6.5,10630.0,252.2
2019-07-18T13:43:07,38.2,148.8,225.4,6.6,10650.0,253.1
2019-07-18T13:43:38,37.7,149.4,225.4,6.4,10670.0,251.2
2019-07-18T13:44:09,37.5,153.5,223.6,6.2,10690.0,250.2
2019-07-18T13:44:40,37.5,161.2,220.0,6.4,10700.0,251.2
2019-07-18T13:45:11,37.5,157.7,217.7,6.5,10720.0,252.2
2019-07-18T13:45:42,37.6,160.6,217.1,6.5,10740.0,251.2
2019-07-18T13:46:14,37.6,156.5,211.2,6.6,10760.0,251.2
2019-07-18T13:46:45,37.7,154.7,211.7,6.6,10780.0,252.2
2019-07-18T13:47:16,37.7,157.7,214.7,5.7,10800.0,251.2
2019-07-18T13:47:47,37.8,148.8,218.8,6.4,10820.0,249.3
2019-07-18T13:48:18,37.8,152.4,220.6,6.1,10840.0,250.2
2019-07-18T13:48:49,37.4,154.1,213.5,6.3,10860.0,250.2
2019-07-18T13:49:20,37.5,152.4,220.0,5.5,10880.0,250.2
2019-07-18T13:49:51,37.1,135.2,218.8,6.7,10900.0,251.2
2019-07-18T13:50:22,37.0,138.8,210.6,6.6,10910.0,252.2
2019-07-18T13:50:54,37.0,138.8,212.3,6.5,10930.0,252.2
2019-07-18T13:51:25,37.1,132.9,214.1,6.8,10950.0,250.2
2019-07-18T13:51:56,37.2,135.8,215.9,6.7,10970.0,251.2
2019-07-18T13:52:27,37.0,138.2,218.8,6.6,10990.0,248.3
2019-07-18T13:52:58,37.0,138.2,218.8,6.5,11010.0,249.3
2019-07-18T13:53:29,37.0,141.1,219.4,6.8,11020.0,249.3
2019-07-18T13:54:00,37.1,135.8,220.0,6.6,11040.0,249.3
2019-07-18T13:54:31,37.1,142.3,227.1,6.3,11060.0,250.2
2019-07-18T13:55:02,37.0,140.0,223.0,6.5,11080.0,250.2
2019-07-18T13:55:34,37.1,144.1,221.2,6.7,11100.0,250.2
2019-07-18T13:56:05,37.1,138.2,221.2,6.6,11120.0,251.2
2019-07-18T13:56:36,37.1,138.2,218.3,6.5,11140.0,251.2
2019-07-18T13:57:07,37.1,135.8,227.1,6.6,11150.0,251.2
2019-07-18T13:57:38,37.1,142.3,218.8,6.3,11170.0,251.2
2019-07-18T13:58:09,37.0,141.1,226.5,6.5,11190.0,251.2
2019-07-18T13:58:40,36.8,139.4,225.4,6.5,11210.0,251.2
2019-07-18T13:59:11,36.9,142.3,222.4,6.4,11230.0,251.2
2019-07-18T13:59:42,36.9,135.2,214.1,6.6,11250.0,253.1
2019-07-18T14:00:13,36.8,132.9,213.5,6.7,11260.0,252.2
2019-07-18T14:00:45,36.8,134.6,212.9,6.6,11280.0,253.1
2019-07-18T14:01:16,36.9,137.6,215.3,6.5,11300.0,251.2
2019-07-18T14:01:47,36.8,139.4,217.7,6.5,11320.0,250.2
2019-07-18T14:02:18,36.7,141.7,215.9,6.3,11340.0,251.2
2019-07-18T14:02:49,36.7,147.0,224.2,6.1,11360.0,251.2
2019-07-18T14:03:20,36.7,131.7,211.7,6.7,11370.0,250.2
2019-07-18T14:03:51,36.5,142.3,217.7,6.1,11390.0,251.2
2019-07-18T14:04:22,36.4,132.9,224.8,6.6,11410.0,252.2
2019-07-18T14:04:53,36.3,139.4,213.5,6.4,11430.0,252.2
2019-07-18T14:05:24,36.4,141.7,213.5,6.2,11450.0,251.2
2019-07-18T14:05:56,36.5,141.7,212.3,6.1,11460.0,250.2
2019-07-18T14:06:27,36.5,140.0,214.1,6.4,11480.0,250.2
2019-07-18T14:06:58,36.7,132.3,218.3,6.6,11500.0,251.2
2019-07-18T14:07:29,36.7,141.1,217.1,6.3,11520.0,250.2
2019-07-18T14:08:00,36.4,140.5,214.7,6.2,11540.0,250.2
2019-07-18T14:08:31,36.4,138.2,214.7,6.4,11550.0,251.2
2019-07-18T14:09:02,36.5,135.2,218.3,6.4,11570.0,250.2
2019-07-18T14:09:33,36.5,141.7,218.8,6.0,11590.0,251.2
2019-07-18T14:10:04,36.7,138.8,215.3,5.6,11610.0,248.3
2019-07-18T14:10:36,36.8,131.7,216.5,6.1,11620.0,250.2
2019-07-18T14:11:07,36.7,123.4,215.3,6.5,11640.0,251.2
2019-07-18T14:11:38,36.5,126.4,220.0,6.4,11660.0,249.3
2019-07-18T14:12:09,36.7,141.7,212.9,6.2,11680.0,250.2
2019-07-18T14:12:40,36.5,147.6,223.0,5.7,11690.0,250.2
2019-07-18T14:13:11,36.3,147.6,218.8,5.6,11710.0,251.2
2019-07-18T14:13:42,36.2,144.7,218.3,5.6,11730.0,250.2
2019-07-18T14:14:13,36.3,144.1,223.0,4.9,11750.0,251.2
2019-07-18T14:14:44,36.2,132.3,219.4,6.1,11760.0,252.2
2019-07-18T14:15:15,36.1,128.1,212.9,6.4,11780.0,251.2
2019-07-18T14:15:47,36.0,123.4,217.1,6.6,11800.0,250.2
2019-07-18T14:16:18,35.7,123.4,218.8,6.5,11810.0,250.2
2019-07-18T14:16:49,35.6,131.1,217.7,6.2,11830.0,250.2
2019-07-18T14:17:20,35.5,125.2,222.4,6.5,11850.0,250.2
2019-07-18T14:17:51,35.4,124.0,225.9,6.5,11870.0,251.2
2019-07-18T14:18:22,35.5,134.0,214.7,6.2,11880.0,251.2
2019-07-18T14:18:53,35.6,128.7,216.5,6.3,11900.0,251.2
2019-07-18T14:19:24,35.7,123.4,219.4,6.4,11920.0,252.2
2019-07-18T14:19:55,35.5,138.8,218.3,6.1,11940.0,250.2
2019-07-18T14:20:26,35.5,124.6,225.9,6.4,11950.0,251.2
2019-07-18T14:20:58,35.4,128.1,225.4,6.3,11970.0,251.2
2019-07-18T14:21:29,35.3,131.1,223.0,6.2,11990.0,249.3
2019-07-18T14:22:00,35.5,128.7,220.0,6.3,12000.0,250.2
2019-07-18T14:22:31,35.4,127.5,223.0,6.2,12020.0,251.2
2019-07-18T14:23:02,35.4,128.1,223.0,6.3,12040.0,250.2
2019-07-18T14:23:33,35.4,125.2,218.3,6.4,12060.0,250.2
2019-07-18T14:24:04,35.5,127.0,217.1,6.2,12070.0,251.2
2019-07-18T14:24:35,35.6,135.2,221.2,5.8,12090.0,249.3
2019-07-18T14:25:06,35.9,135.8,220.6,6.0,12110.0,250.2
2019-07-18T14:25:38,36.0,130.5,221.8,6.1,12120.0,249.3
2019-07-18T14:26:09,36.1,128.1,225.9,6.1,12140.0,249.3
2019-07-18T14:26:40,36.2,135.2,224.8,5.9,12160.0,249.3
2019-07-18T14:27:11,36.3,140.5,217.7,5.8,12170.0,250.2
2019-07-18T14:27:42,36.4,131.1,217.1,6.0,12190.0,251.2
2019-07-18T14:28:13,36.4,125.2,215.3,6.2,12210.0,249.3
2019-07-18T14:28:44,36.5,125.8,214.1,6.2,12220.0,250.2
2019-07-18T14:29:15,36.7,127.5,220.6,6.1,12240.0,250.2
2019-07-18T14:29:46,36.8,130.5,215.9,5.9,12260.0,250.2
2019-07-18T14:30:17,36.8,124.0,222.4,6.3,12270.0,251.2
2019-07-18T14:30:49,36.9,131.1,222.4,6.0,12290.0,251.2
2019-07-18T14:31:21,36.9,128.7,220.0,6.1,12310.0,251.2
2019-07-18T14:31:52,36.9,133.5,220.6,5.8,12320.0,251.2
2019-07-18T14:32:23,37.0,129.9,218.3,5.8,12340.0,251.2
2019-07-18T14:32:54,37.0,126.4,215.9,5.9,12360.0,250.2
2019-07-18T14:33:25,36.9,130.5,218.3,5.8,12370.0,251.2
2019-07-18T14:33:56,36.5,130.5,221.8,5.8,12390.0,250.2
2019-07-18T14:34:27,36.4,134.0,220.6,5.7,12410.0,251.2
2019-07-18T14:34:58,36.2,127.5,227.7,5.7,12420.0,250.2
2019-07-18T14:35:29,36.1,134.6,224.8,5.6,12440.0,251.2
2019-07-18T14:36:00,36.1,132.9,224.8,5.6,12460.0,251.2
2019-07-18T14:36:31,36.2,128.7,222.4,5.7,12470.0,251.2
2019-07-18T14:37:02,36.3,136.4,218.8,5.8,12490.0,252.2
2019-07-18T14:37:33,36.4,142.3,222.4,5.1,12500.0,250.2
2019-07-18T14:38:04,36.5,150.0,220.0,4.9,12520.0,249.3
2019-07-18T14:38:35,36.7,133.5,215.9,4.4,12540.0,248.3
2019-07-18T14:39:06,36.7,117.5,221.2,6.1,12550.0,250.2
2019-07-18T14:39:37,36.7,124.6,221.2,6.0,12570.0,250.2
2019-07-18T14:40:08,36.4,117.5,220.0,5.9,12580.0,249.3
2019-07-18T14:40:40,36.1,120.5,220.0,5.9,12600.0,250.2
2019-07-18T14:41:11,35.9,119.9,218.3,5.8,12610.0,249.3
2019-07-18T14:41:42,35.6,123.4,219.4,5.6,12630.0,250.2
2019-07-18T14:42:13,35.6,121.6,218.3,5.7,12650.0,250.2
2019-07-18T14:42:44,35.6,118.7,221.2,5.8,12660.0,250.2
2019-07-18T14:43:15,35.5,121.0,221.8,5.8,12680.0,250.2
2019-07-18T14:43:46,35.5,123.4,219.4,5.7,12690.0,250.2
2019-07-18T14:44:17,35.4,123.4,226.5,5.6,12710.0,250.2
2019-07-18T14:44:48,35.3,125.2,227.1,5.5,12720.0,249.3
2019-07-18T14:45:19,35.3,123.4,227.7,5.6,12740.0,250.2
2019-07-18T14:45:51,35.3,120.5,226.5,5.7,12760.0,250.2
2019-07-18T14:46:22,35.3,121.0,224.8,5.6,12770.0,250.2
2019-07-18T14:46:53,35.4,120.5,216.5,5.7,12790.0,251.2
2019-07-18T14:47:24,35.5,119.3,225.4,5.8,12800.0,250.2
2019-07-18T14:47:55,35.6,124.6,221.2,5.5,12820.0,249.3
2019-07-18T14:48:26,35.5,118.7,220.6,5.8,12830.0,251.2
2019-07-18T14:48:57,35.6,118.1,223.0,5.7,12850.0,251.2
2019-07-18T14:49:28,35.7,123.4,225.9,5.4,12860.0,250.2
2019-07-18T14:49:59,35.7,118.1,215.3,5.7,12880.0,250.2
2019-07-18T14:50:30,35.7,115.1,218.3,5.8,12890.0,249.3
2019-07-18T14:51:02,35.9,121.0,217.7,5.6,12910.0,249.3
2019-07-18T14:51:33,36.0,122.2,220.6,5.4,12920.0,248.3
2019-07-18T14:52:04,36.1,114.6,227.1,5.7,12940.0,248.3
2019-07-18T14:52:35,36.2,116.3,225.4,5.8,12950.0,248.3
2019-07-18T14:53:06,36.3,119.3,223.0,4.8,12970.0,250.2
2019-07-18T14:53:37,36.3,128.7,218.8,4.3,12980.0,250.2
2019-07-18T14:54:08,36.4,116.9,215.9,5.0,13000.0,250.2
2019-07-18T14:54:39,36.4,118.1,218.8,3.6,13010.0,250.2
2019-07-18T14:55:10,36.3,113.4,218.8,4.1,13020.0,250.2
2019-07-18T14:55:41,36.4,108.6,225.9,4.8,13040.0,249.3
2019-07-18T14:56:13,36.4,108.1,228.3,4.8,13050.0,249.3
2019-07-18T14:56:44,36.4,102.7,220.6,5.5,13070.0,249.3
2019-07-18T14:57:15,36.4,111.6,218.3,4.5,13080.0,248.3
2019-07-18T14:57:46,36.4,102.7,225.4,5.4,13100.0,249.3
2019-07-18T14:58:17,36.4,102.1,222.4,5.4,13110.0,249.3
2019-07-18T14:58:48,36.5,103.9,224.2,5.3,13120.0,250.2
2019-07-18T14:59:19,36.5,102.7,229.5,5.3,13140.0,249.3
2019-07-18T14:59:50,36.7,103.9,223.0,5.2,13150.0,250.2
2019-07-18T15:00:21,36.7,102.7,218.8,5.4,13170.0,249.3
2019-07-18T15:00:52,36.7,103.9,220.6,5.2,13180.0,249.3
2019-07-18T15:01:24,36.7,103.3,224.8,5.3,13190.0,250.2
2019-07-18T15:01:55,36.7,102.7,229.5,5.3,13210.0,250.2
2019-07-18T15:02:26,36.7,105.1,223.0,5.1,13220.0,250.2
2019-07-18T15:02:57,36.7,103.3,216.5,5.2,13230.0,250.2
2019-07-18T15:03:28,36.8,105.1,221.8,5.1,13250.0,249.3
2019-07-18T15:03:59,36.7,102.7,227.1,5.3,13260.0,249.3
2019-07-18T15:04:30,36.5,102.1,225.4,5.3,13280.0,249.3
2019-07-18T15:05:01,36.5,103.9,220.0,5.2,13290.0,249.3
2019-07-18T15:05:32,36.5,102.7,218.8,5.3,13300.0,249.3
2019-07-18T15:06:04,36.7,103.3,225.4,5.1,13320.0,250.2
2019-07-18T15:06:35,36.7,105.1,230.1,4.9,13330.0,249.3
2019-07-18T15:07:06,36.8,102.7,227.1,5.2,13340.0,249.3
2019-07-18T15:07:37,36.7,102.7,225.9,5.1,13360.0,250.2
2019-07-18T15:08:08,36.8,103.9,215.9,5.1,13370.0,251.2
2019-07-18T15:08:39,36.7,111.0,221.2,3.0,13380.0,250.2
2019-07-18T15:09:10,36.7,104.5,225.9,3.2,13400.0,250.2
2019-07-18T15:09:41,36.7,105.7,230.1,4.8,13410.0,249.3
2019-07-18T15:10:12,36.7,103.3,228.3,3.2,13420.0,250.2
2019-07-18T15:10:43,36.7,101.6,225.4,3.0,13430.0,249.3
2019-07-18T15:11:15,36.7,102.7,224.8,3.7,13440.0,249.3
2019-07-18T15:11:46,36.7,104.5,232.4,3.0,13460.0,250.2
2019-07-18T15:12:17,36.5,102.7,230.1,3.7,13470.0,250.2
2019-07-18T15:12:48,36.5,102.7,228.3,3.7,13480.0,250.2
2019-07-18T15:13:19,36.5,103.3,224.2,3.5,13490.0,250.2
2019-07-18T15:13:50,36.5,102.7,218.3,3.4,13500.0,248.3
2019-07-18T15:14:21,36.5,102.7,218.8,3.4,13510.0,248.3
2019-07-18T15:14:52,36.5,102.7,221.2,3.3,13530.0,249.3
2019-07-18T15:15:23,36.5,102.7,225.4,3.4,13540.0,248.3
2019-07-18T15:15:54,36.5,102.7,223.0,3.3,13550.0,249.3
2019-07-18T15:16:26,36.5,102.7,231.3,3.4,13560.0,248.3
2019-07-18T15:16:57,36.5,101.6,223.6,1.1,13570.0,248.3
2019-07-18T15:17:28,36.5,106.3,217.7,1.4,13580.0,248.3
2019-07-18T15:17:59,36.5,93.9,220.0,3.7,13590.0,248.3
2019-07-18T15:18:30,36.5,103.9,222.4,2.4,13610.0,249.3
2019-07-18T15:19:01,36.5,102.7,225.9,0.3,13620.0,249.3
2019-07-18T15:19:32,36.5,95.1,228.3,0.2,13630.0,249.3
2019-07-18T15:20:03,36.3,92.7,229.5,3.0,13640.0,248.3
2019-07-18T15:20:34,36.3,93.9,228.9,3.1,13650.0,248.3
2019-07-18T15:21:06,36.3,107.5,230.1,1.2,13660.0,247.3
2019-07-18T15:21:37,36.3,106.9,228.9,0.9,13670.0,248.3
2019-07-18T15:22:08,36.4,108.6,218.3,1.6,13680.0,247.3
2019-07-18T15:22:39,36.4,111.6,223.0,1.2,13690.0,248.3
2019-07-18T15:23:10,36.5,107.5,221.8,1.0,13700.0,248.3
2019-07-18T15:23:41,36.5,108.6,224.2,1.5,13710.0,248.3
2019-07-18T15:24:12,36.5,110.4,227.7,0.8,13720.0,248.3
2019-07-18T15:24:43,36.4,122.8,223.0,0.7,13730.0,248.3
2019-07-18T15:25:14,36.4,132.3,218.8,0.6,13740.0,248.3
2019-07-18T15:25:45,36.4,120.5,219.4,0.7,13740.0,248.3
2019-07-18T15:26:17,36.4,141.7,223.0,0.6,13750.0,248.3
2019-07-18T15:26:48,36.2,142.9,220.0,0.6,13760.0,248.3
2019-07-18T15:27:19,36.2,127.0,223.0,0.6,13770.0,248.3
2019-07-18T15:27:50,36.1,115.7,229.5,0.7,13780.0,249.3
2019-07-18T15:28:21,36.1,116.9,225.4,0.9,13790.0,249.3
2019-07-18T15:28:52,36.1,129.3,227.7,0.6,13800.0,248.3
2019-07-18T15:29:23,36.0,128.7,220.6,0.8,13810.0,249.3
2019-07-18T15:29:54,35.9,126.4,223.0,0.7,13820.0,251.2
2019-07-18T15:30:25,35.7,114.6,225.9,0.7,13830.0,249.3
2019-07-18T15:30:56,35.9,121.6,217.1,0.7,13840.0,249.3
2019-07-18T15:31:28,36.0,138.2,223.0,0.7,13840.0,250.2
2019-07-18T15:31:59,35.9,127.5,227.7,0.8,13850.0,249.3
2019-07-18T15:32:30,36.0,121.6,220.0,0.7,13860.0,249.3
2019-07-18T15:33:01,36.0,140.5,217.7,0.6,13870.0,249.3
2019-07-18T15:33:32,36.1,118.7,222.4,0.8,13880.0,250.2
2019-07-18T15:34:03,36.1,121.0,228.3,0.7,13890.0,249.3
2019-07-18T15:34:34,36.1,118.7,229.5,0.9,13900.0,249.3
2019-07-18T15:35:05,36.0,112.8,230.1,1.2,13910.0,248.3
2019-07-18T15:35:37,36.0,105.1,225.4,1.3,13920.0,249.3
2019-07-18T15:36:08,35.7,105.1,230.1,1.3,13920.0,249.3
2019-07-18T15:36:39,35.7,103.9,218.8,1.3,13930.0,250.2
2019-07-18T15:37:10,35.9,104.5,219.4,1.0,13940.0,248.3
2019-07-18T15:37:41,35.9,124.0,226.5,0.9,13950.0,248.3
2019-07-18T15:38:12,36.0,120.5,230.1,0.9,13960.0,248.3
2019-07-18T15:38:43,36.1,130.5,228.9,1.0,13970.0,248.3
2019-07-18T15:39:14,36.1,130.5,219.4,0.8,13980.0,248.3
2019-07-18T15:39:45,36.1,119.3,219.4,0.7,13980.0,249.3
2019-07-18T15:40:16,36.1,129.9,227.7,0.7,13990.0,249.3
2019-07-18T15:40:48,36.1,134.0,227.7,0.7,14000.0,249.3
2019-07-18T15:41:19,36.1,141.1,231.9,0.7,14010.0,249.3
2019-07-18T15:41:50,36.1,138.2,228.9,0.6,14020.0,250.2
2019-07-18T15:42:21,36.1,144.1,220.6,0.8,14030.0,249.3
2019-07-18T15:42:52,36.1,142.3,220.0,0.7,14040.0,249.3
2019-07-18T15:43:23,36.1,148.2,221.8,0.6,14040.0,249.3
2019-07-18T15:43:54,36.1,170.7,228.3,0.6,14050.0,249.3
2019-07-18T15:44:25,36.1,178.3,233.0,0.5,14060.0,249.3
2019-07-18T15:44:56,36.1,158.9,230.1,0.6,14070.0,249.3
2019-07-18T15:45:27,36.1,160.0,222.4,0.6,14080.0,250.2
2019-07-18T15:45:59,35.9,182.5,231.3,0.5,14090.0,248.3
2019-07-18T15:46:30,36.0,203.2,228.3,0.5,14090.0,250.2
2019-07-18T15:47:01,36.0,206.7,229.5,0.4,14100.0,247.3
2019-07-18T15:47:32,36.0,227.4,219.4,0.4,14110.0,248.3
2019-07-18T15:48:03,36.0,227.4,222.4,0.4,14120.0,248.3
2019-07-18T15:48:34,36.0,215.6,236.0,0.4,14130.0,248.3
2019-07-18T15:49:05,36.0,229.2,230.7,0.4,14130.0,249.3
2019-07-18T15:49:36,36.0,222.7,230.1,0.4,14140.0,248.3
2019-07-18T15:50:07,36.0,204.3,235.4,0.4,14150.0,248.3
2019-07-18T15:50:39,36.0,225.0,233.6,0.4,14160.0,249.3
2019-07-18T15:51:10,36.0,229.2,225.4,0.4,14170.0,248.3
2019-07-18T15:51:41,36.0,213.2,228.3,0.4,14170.0,248.3
2019-07-18T15:52:12,36.0,224.4,223.0,0.4,14180.0,248.3
2019-07-18T15:52:43,36.1,220.3,230.1,0.4,14190.0,249.3
2019-07-18T15:53:14,36.0,234.5,228.9,0.4,14200.0,247.3
2019-07-18T15:53:45,36.0,211.4,236.6,0.4,14200.0,248.3
2019-07-18T15:54:16,36.0,190.8,233.0,0.5,14210.0,246.4
2019-07-18T15:54:47,36.0,191.3,225.9,0.5,14220.0,247.3
2019-07-18T15:55:18,36.0,184.8,231.9,0.5,14230.0,245.4
2019-07-18T15:55:50,36.0,193.7,228.9,0.4,14230.0,246.4
2019-07-18T15:56:21,36.0,215.0,231.9,0.4,14240.0,247.3
2019-07-18T15:56:52,36.0,235.6,237.8,0.4,14250.0,248.3
2019-07-18T15:57:23,36.0,216.2,236.0,0.4,14260.0,247.3
2019-07-18T15:57:54,36.0,197.3,235.4,0.5,14260.0,247.3
2019-07-18T15:58:25,36.0,174.2,228.9,0.6,14270.0,247.3
2019-07-18T15:58:56,36.0,173.0,224.2,0.5,14280.0,247.3
2019-07-18T15:59:27,35.9,196.1,226.5,0.5,14290.0,246.4
2019-07-18T15:59:58,35.9,188.4,230.1,0.6,14290.0,246.4
2019-07-18T16:00:29,35.9,205.5,229.5,0.5,14300.0,247.3
2019-07-18T16:01:01,35.9,186.0,225.9,0.5,14310.0,245.4
2019-07-18T16:01:32,35.9,183.7,228.9,0.5,14320.0,245.4
2019-07-18T16:02:03,35.9,177.2,228.3,0.5,14320.0,247.3
2019-07-18T16:02:34,35.9,187.8,226.5,0.5,14330.0,247.3
2019-07-18T16:03:05,35.7,183.7,227.7,0.5,14340.0,246.4
2019-07-18T16:03:36,35.7,199.6,230.1,0.5,14340.0,246.4
2019-07-18T16:04:07,35.7,200.8,231.3,0.5,14350.0,246.4
2019-07-18T16:04:38,35.7,202.0,237.2,0.5,14360.0,246.4
2019-07-18T16:05:09,35.6,201.4,232.4,0.5,14370.0,246.4
2019-07-18T16:05:40,35.6,204.9,229.5,0.4,14370.0,247.3
2019-07-18T16:06:12,35.6,183.1,226.5,0.5,14380.0,248.3
2019-07-18T16:06:43,35.6,203.2,229.5,0.5,14390.0,247.3
2019-07-18T16:07:14,35.6,223.2,237.8,0.4,14390.0,245.4
2019-07-18T16:07:45,35.6,203.7,230.7,0.5,14400.0,247.3
2019-07-18T16:08:16,35.6,210.8,225.9,0.5,14410.0,247.3
2019-07-18T16:08:47,35.5,212.0,240.1,0.5,14410.0,245.4
2019-07-18T16:09:18,35.5,203.2,230.7,0.5,14420.0,244.4
2019-07-18T16:09:49,35.5,202.0,231.3,0.6,14430.0,245.4
2019-07-18T16:10:20,35.5,193.7,231.3,0.5,14430.0,245.4
2019-07-18T16:10:51,35.5,202.0,230.1,0.5,14440.0,245.4
2019-07-18T16:11:23,35.5,186.6,228.9,0.6,14450.0,243.5
2019-07-18T16:11:54,35.5,184.3,237.8,0.6,14450.0,244.4
2019-07-18T16:12:25,35.5,197.8,231.3,0.5,14460.0,244.4
2019-07-18T16:12:56,35.5,191.3,234.8,0.5,14470.0,243.5
2019-07-18T16:13:27,35.4,200.2,225.9,0.5,14470.0,243.5
2019-07-18T16:13:58,35.4,199.6,231.3,0.5,14480.0,244.4
2019-07-18T16:14:29,35.4,212.0,234.2,0.5,14490.0,244.4
2019-07-18T16:15:00,35.4,204.9,237.2,0.5,14490.0,244.4
2019-07-18T16:15:31,35.4,192.5,233.0,0.5,14500.0,244.4
2019-07-18T16:16:03,35.4,186.6,231.9,0.5,14500.0,244.4
2019-07-18T16:16:34,35.3,186.0,237.2,0.6,14510.0,245.4
2019-07-18T16:17:05,35.3,176.0,232.4,0.5,14520.0,245.4
2019-07-18T16:17:36,35.3,180.1,234.2,0.5,14520.0,246.4
2019-07-18T16:18:07,35.3,183.7,240.1,0.5,14530.0,245.4
2019-07-18T16:18:38,35.3,169.5,228.3,0.6,14530.0,245.4
2019-07-18T16:19:09,35.3,148.8,231.3,0.7,14540.0,246.4
2019-07-18T16:19:40,35.3,144.1,224.8,0.8,14540.0,245.4
2019-07-18T16:20:11,35.2,150.6,240.1,0.7,14550.0,246.4
2019-07-18T16:20:42,35.0,162.4,235.4,0.7,14560.0,245.4
2019-07-18T16:21:14,35.2,159.4,239.0,0.8,14560.0,246.4
2019-07-18T16:21:45,35.0,155.9,233.0,0.6,14570.0,244.4
2019-07-18T16:22:16,35.0,158.3,228.3,0.6,14570.0,246.4
2019-07-18T16:22:47,35.0,170.1,239.5,0.6,14580.0,246.4
2019-07-18T16:23:18,35.0,167.7,230.7,0.6,14580.0,246.4
2019-07-18T16:23:49,34.9,164.2,228.9,0.6,14590.0,247.3
2019-07-18T16:24:20,34.9,168.3,227.1,0.6,14590.0,246.4
2019-07-18T16:24:51,34.9,163.6,239.5,0.7,14600.0,246.4
2019-07-18T16:25:22,34.9,160.6,230.1,0.5,14610.0,246.4
2019-07-18T16:25:54,34.9,152.4,226.5,0.6,14610.0,246.4
2019-07-18T16:26:26,34.8,158.9,230.1,0.5,14620.0,246.4
2019-07-18T16:26:57,34.8,178.3,231.3,0.6,14620.0,246.4
2019-07-18T16:27:28,34.8,180.1,236.6,0.4,14630.0,246.4
2019-07-18T16:27:59,34.8,190.2,239.5,0.5,14630.0,246.4
2019-07-18T16:28:30,34.7,213.2,236.0,0.5,14640.0,246.4
2019-07-18T16:29:01,34.7,220.3,230.1,0.4,14640.0,246.4
2019-07-18T16:29:32,34.6,224.4,239.0,0.4,14650.0,246.4
2019-07-18T16:30:03,34.7,225.6,232.4,0.4,14650.0,246.4
2019-07-18T16:30:35,34.6,229.2,241.3,0.4,14650.0,247.3
2019-07-18T16:31:06,34.6,223.2,234.2,0.4,14660.0,247.3
2019-07-18T16:31:37,34.6,202.0,244.3,0.4,14660.0,246.4
2019-07-18T16:32:08,34.6,191.9,233.6,0.5,14670.0,248.3
2019-07-18T16:32:39,34.6,198.4,236.0,0.5,14670.0,247.3
2019-07-18T16:33:10,34.6,203.2,239.5,0.5,14680.0,247.3
2019-07-18T16:33:41,34.6,216.2,240.1,0.4,14680.0,246.4
2019-07-18T16:34:12,34.6,215.6,236.6,0.4,14690.0,247.3
2019-07-18T16:34:43,34.6,204.9,232.4,0.5,14690.0,246.4
2019-07-18T16:35:14,34.5,191.3,243.1,0.4,14700.0,246.4
2019-07-18T16:35:46,34.6,169.5,233.0,0.6,14700.0,246.4
2019-07-18T16:36:17,34.6,167.1,234.8,0.5,14700.0,246.4
2019-07-18T16:36:48,34.6,171.3,230.1,0.6,14710.0,246.4
2019-07-18T16:37:19,34.6,168.9,240.1,0.6,14710.0,247.3
2019-07-18T16:37:50,34.6,149.4,241.9,0.6,14720.0,246.4
2019-07-18T16:38:21,34.6,147.0,251.4,0.7,14720.0,245.4
2019-07-18T16:38:52,34.6,155.9,250.8,0.7,14720.0,246.4
2019-07-18T16:39:23,34.6,141.7,252.6,0.8,14720.0,247.3
2019-07-18T16:39:54,34.6,138.8,253.7,1.0,14720.0,246.4
2019-07-18T16:40:25,34.6,128.7,253.7,0.9,14730.0,246.4
2019-07-18T16:40:57,34.5,141.1,254.3,0.9,14730.0,245.4
2019-07-18T16:41:28,34.5,137.0,249.6,0.8,14730.0,245.4
2019-07-18T16:41:59,34.4,137.0,255.5,0.7,14730.0,245.4
2019-07-18T16:42:30,34.4,133.5,240.1,0.8,14730.0,245.4
2019-07-18T16:43:01,34.4,142.3,239.5,0.8,14730.0,245.4
2019-07-18T16:43:32,34.4,132.3,240.1,1.0,14730.0,245.4
2019-07-18T16:44:03,34.4,138.2,220.0,1.0,14740.0,245.4
2019-07-18T16:44:34,34.2,137.0,215.3,1.1,14740.0,246.4
2019-07-18T16:45:05,34.2,123.4,220.0,1.1,14740.0,246.4
2019-07-18T16:45:37,34.2,118.1,241.9,1.1,14740.0,246.4
2019-07-18T16:46:08,34.1,138.2,224.8,1.0,14740.0,245.4
2019-07-18T16:46:39,34.1,144.1,202.9,0.9,14740.0,246.4
2019-07-18T16:47:10,34.1,135.8,200.5,0.9,14740.0,245.4
2019-07-18T16:47:41,34.1,140.0,222.4,0.6,14740.0,246.4
2019-07-18T16:48:12,34.0,135.8,243.1,0.6,14750.0,244.4
2019-07-18T16:48:43,34.0,127.0,225.4,1.1,14750.0,245.4
2019-07-18T16:49:14,34.0,129.3,204.1,0.9,14750.0,243.5
2019-07-18T16:49:45,33.9,124.6,219.4,1.2,14750.0,245.4
2019-07-18T16:50:16,33.9,102.7,239.5,1.2,14750.0,245.4
2019-07-18T16:50:48,33.9,108.6,233.6,1.2,14750.0,245.4
2019-07-18T16:51:19,33.9,109.2,221.2,1.0,14750.0,243.5
2019-07-18T16:51:50,33.9,125.8,241.9,0.9,14750.0,243.5
2019-07-18T16:52:21,33.9,112.2,233.6,1.1,14760.0,243.5
2019-07-18T16:52:52,33.9,117.5,211.7,1.0,14760.0,242.5
2019-07-18T16:53:23,33.8,113.4,232.4,1.0,14760.0,243.5
2019-07-18T16:53:54,33.8,132.9,249.0,0.9,14760.0,242.5
2019-07-18T16:54:25,33.8,138.2,227.7,0.9,14760.0,242.5
2019-07-18T16:54:56,33.8,134.6,205.8,0.9,14760.0,241.5
2019-07-18T16:55:27,33.7,135.8,186.9,0.9,14760.0,241.5
2019-07-18T16:55:59,33.7,140.5,207.0,0.8,14760.0,244.4
2019-07-18T16:56:30,33.7,155.9,227.1,0.7,14760.0,243.5
2019-07-18T16:57:01,33.7,141.1,249.0,0.7,14770.0,242.5
2019-07-18T16:57:32,33.5,135.2,231.3,0.6,14770.0,242.5
2019-07-18T16:58:03,33.5,128.1,210.6,0.5,14770.0,241.5
2019-07-18T16:58:34,33.5,128.7,204.6,0.4,14770.0,242.5
2019-07-18T16:59:05,33.4,108.6,225.9,0.5,14770.0,240.6
2019-07-18T16:59:36,33.4,118.7,246.6,0.4,14770.0,241.5
2019-07-18T17:00:07,33.3,141.1,237.2,0.3,14770.0,240.6
2019-07-18T17:00:39,33.3,164.2,216.5,0.4,14770.0,240.6
2019-07-18T17:01:10,33.3,177.8,195.2,0.3,14770.0,241.5
2019-07-18T17:01:41,33.3,186.0,215.9,0.3,14770.0,240.6
2019-07-18T17:02:12,33.2,183.1,236.0,0.2,14770.0,240.6
2019-07-18T17:02:43,33.2,203.7,237.2,0.2,14770.0,240.6
2019-07-18T17:03:14,33.2,200.2,217.7,0.2,14770.0,240.6
2019-07-18T17:03:45,33.2,204.3,216.5,0.1,14770.0,241.5
2019-07-18T17:04:16,33.1,191.3,218.3,0.1,14770.0,241.5
2019-07-18T17:04:47,33.1,186.0,196.4,0.1,14770.0,241.5
2019-07-18T17:05:18,33.1,191.9,178.0,0.1,14770.0,240.6
2019-07-18T17:05:50,33.1,171.3,156.1,0.1,14770.0,240.6
2019-07-18T17:06:21,33.0,152.4,171.5,0.1,14770.0,241.5
2019-07-18T17:06:52,33.0,163.0,192.8,0.1,14770.0,239.6
2019-07-18T17:07:23,32.9,183.1,214.1,0.1,14770.0,241.5
2019-07-18T17:07:54,32.7,204.3,231.9,0.0,14770.0,242.5
2019-07-18T17:08:25,32.7,180.1,210.0,0.0,14770.0,240.6
2019-07-18T17:08:56,32.7,158.3,191.0,0.0,14770.0,242.5
2019-07-18T17:09:27,32.7,138.8,169.1,0.1,14770.0,243.5
2019-07-18T17:09:58,32.6,150.6,147.3,0.1,14770.0,240.6
2019-07-18T17:10:29,32.6,174.2,160.3,0.0,14770.0,240.6
2019-07-18T17:11:01,32.5,192.5,181.6,0.0,14770.0,240.6
2019-07-18T17:11:32,32.4,199.0,201.7,0.0,14770.0,241.5
2019-07-18T17:12:03,32.4,194.9,231.9,0.0,14770.0,243.5
2019-07-18T17:12:34,32.3,186.6,218.8,0.0,14770.0,241.5
2019-07-18T17:13:05,32.3,171.3,195.2,0.0,14770.0,242.5
2019-07-18T17:13:36,32.3,146.4,157.3,0.0,14770.0,241.5
2019-07-18T17:14:07,32.2,152.4,156.1,0.1,14770.0,241.5
2019-07-18T17:14:38,32.2,191.9,205.8,0.0,14770.0,240.6
2019-07-18T17:15:09,32.0,190.8,200.5,0.0,14770.0,241.5
2019-07-18T17:15:41,32.0,189.0,194.0,0.0,14770.0,240.6
2019-07-18T17:16:12,31.9,187.8,190.4,0.0,14770.0,241.5
2019-07-18T17:16:43,31.9,185.4,185.7,0.0,14770.0,238.6
2019-07-18T17:17:14,31.8,162.4,182.8,0.0,14770.0,241.5
2019-07-18T17:17:45,31.8,164.2,172.1,0.0,14770.0,240.6
2019-07-18T17:18:16,31.7,164.8,165.0,0.0,14770.0,240.6
2019-07-18T17:18:47,31.7,154.1,154.4,0.0,14770.0,240.6
2019-07-18T17:19:18,31.6,137.0,137.2,0.0,14770.0,241.5
2019-07-18T17:19:49,31.6,98.0,98.2,0.0,14770.0,241.5
