2019-07-20T07:35:28,6.7,216.2,241.3,0.4,50.0,239.6
2019-07-20T07:36:00,6.7,194.9,261.4,0.4,50.0,238.6
2019-07-20T07:36:31,6.7,217.9,243.1,0.4,50.0,237.7
2019-07-20T07:37:02,6.7,226.8,223.0,0.4,50.0,238.6
2019-07-20T07:37:33,6.7,204.9,232.4,0.4,50.0,238.6
2019-07-20T07:38:04,7.0,217.9,227.7,0.4,50.0,238.6
2019-07-20T07:38:35,7.0,223.8,215.3,0.4,50.0,239.6
2019-07-20T07:39:06,7.0,203.2,238.4,0.4,50.0,240.6
2019-07-20T07:39:37,7.0,204.9,259.7,0.4,60.0,241.5
2019-07-20T07:40:08,7.0,226.8,243.7,0.4,60.0,241.5
2019-07-20T07:40:40,7.0,213.8,222.4,0.4,60.0,240.6
2019-07-20T07:41:11,7.0,206.1,204.6,0.4,60.0,240.6
2019-07-20T07:41:42,7.4,227.4,227.7,0.4,60.0,241.5
2019-07-20T07:42:13,7.4,217.9,249.6,0.4,60.0,240.6
2019-07-20T07:42:44,7.4,198.4,255.5,0.4,60.0,241.5
2019-07-20T07:43:15,7.4,218.5,235.4,0.5,60.0,242.5
2019-07-20T07:43:46,7.4,228.6,212.9,0.4,70.0,240.6
2019-07-20T07:44:17,7.4,207.9,223.6,0.5,70.0,242.5
2019-07-20T07:44:48,7.8,187.8,246.1,0.5,70.0,240.6
2019-07-20T07:45:19,7.8,180.7,259.1,0.6,70.0,240.6
2019-07-20T07:45:51,7.8,203.2,237.2,0.5,70.0,240.6
2019-07-20T07:46:22,7.8,225.0,215.9,0.5,70.0,240.6
2019-07-20T07:46:53,7.8,216.7,236.6,0.5,70.0,239.6
2019-07-20T07:47:48,7.8,216.7,254.9,0.5,80.0,240.6
2019-07-20T07:48:19,8.1,230.9,233.6,0.5,80.0,239.6
2019-07-20T07:48:50,7.8,209.7,220.6,0.5,80.0,239.6
2019-07-20T07:49:21,8.1,210.2,243.7,0.5,80.0,239.6
2019-07-20T07:49:52,8.1,231.5,259.1,0.5,80.0,240.6
2019-07-20T07:50:23,8.1,215.6,237.2,0.5,90.0,240.6
2019-07-20T07:50:55,8.1,208.5,234.2,0.5,90.0,239.6
2019-07-20T07:51:26,8.1,230.3,256.7,0.5,90.0,239.6
2019-07-20T07:51:57,8.1,219.1,249.0,0.6,90.0,240.6
2019-07-20T07:52:28,8.1,198.4,232.4,0.5,90.0,239.6
2019-07-20T07:52:59,8.1,177.8,255.5,0.7,90.0,239.6
2019-07-20T07:53:30,8.1,182.5,247.8,0.7,100.0,240.6
2019-07-20T07:54:01,8.1,203.2,227.1,0.6,100.0,240.6
2019-07-20T07:54:32,8.5,225.6,248.4,0.6,100.0,240.6
2019-07-20T07:55:03,8.5,223.8,262.6,0.6,100.0,238.6
2019-07-20T07:55:35,8.5,202.0,254.3,0.6,100.0,238.6
2019-07-20T07:56:06,8.5,220.9,242.5,0.6,110.0,238.6
2019-07-20T07:56:37,8.5,212.6,232.4,0.6,110.0,239.6
2019-07-20T07:57:08,8.5,228.6,221.2,0.6,110.0,238.6
2019-07-20T07:57:39,8.5,229.7,237.8,0.6,110.0,239.6
2019-07-20T07:58:10,8.5,223.2,246.6,0.6,110.0,239.6
2019-07-20T07:58:41,8.5,203.7,254.9,0.7,120.0,239.6
2019-07-20T07:59:12,8.9,225.6,233.6,0.6,120.0,239.6
2019-07-20T07:59:43,8.9,222.7,251.4,0.6,120.0,239.6
2019-07-20T08:00:14,8.9,202.6,258.5,0.6,120.0,240.6
2019-07-20T08:00:46,8.9,219.7,235.4,0.7,130.0,237.7
2019-07-20T08:01:17,8.9,230.3,256.1,0.7,130.0,239.6
2019-07-20T08:01:48,8.9,210.8,249.0,0.7,130.0,239.6
2019-07-20T08:02:19,8.9,210.2,234.8,0.7,130.0,241.5
2019-07-20T08:02:50,8.9,232.1,256.7,0.6,140.0,239.6
2019-07-20T08:03:21,9.2,220.3,250.8,0.7,140.0,239.6
2019-07-20T08:03:52,9.2,202.0,242.5,0.8,140.0,240.6
2019-07-20T08:04:23,9.2,224.4,263.8,0.7,140.0,239.6
2019-07-20T08:04:54,9.2,227.4,246.1,0.7,150.0,241.5
2019-07-20T08:05:25,9.6,206.7,245.5,0.7,150.0,240.6
2019-07-20T08:05:57,9.6,217.9,267.4,0.8,150.0,240.6
2019-07-20T08:06:28,9.6,236.8,244.3,0.7,150.0,241.5
2019-07-20T08:06:59,9.6,213.8,231.3,0.8,160.0,240.6
2019-07-20T08:07:30,10.0,218.5,253.2,0.8,160.0,241.5
2019-07-20T08:08:01,10.0,230.9,254.3,0.8,160.0,241.5
2019-07-20T08:08:32,10.0,210.2,233.0,0.9,170.0,240.6
2019-07-20T08:09:03,10.0,222.1,247.2,0.8,170.0,241.5
2019-07-20T08:09:34,10.0,228.6,266.2,0.8,170.0,240.6
2019-07-20T08:10:05,10.3,207.3,243.7,0.8,180.0,239.6
2019-07-20T08:10:37,10.3,225.0,241.9,0.9,180.0,240.6
2019-07-20T08:11:08,10.3,226.8,263.2,0.9,180.0,240.6
2019-07-20T08:11:39,10.3,234.5,255.5,0.8,190.0,239.6
2019-07-20T08:12:10,10.3,230.9,260.3,0.9,190.0,240.6
2019-07-20T08:12:41,10.3,222.7,264.4,0.8,190.0,239.6
2019-07-20T08:13:12,10.3,207.9,249.6,1.0,200.0,239.6
2019-07-20T08:13:43,10.3,227.4,239.5,1.0,200.0,240.6
2019-07-20T08:14:14,10.7,223.2,240.7,0.9,200.0,240.6
2019-07-20T08:14:45,10.7,205.5,261.4,0.9,210.0,242.5
2019-07-20T08:15:16,10.7,220.9,254.3,1.0,210.0,240.6
2019-07-20T08:15:48,10.7,209.7,244.3,1.1,210.0,240.6
2019-07-20T08:16:19,10.7,210.2,240.7,1.0,220.0,239.6
2019-07-20T08:16:50,10.7,225.6,262.6,1.0,220.0,239.6
2019-07-20T08:17:21,10.7,236.2,262.0,0.9,220.0,240.6
2019-07-20T08:17:52,10.7,228.6,249.6,1.0,230.0,242.5
2019-07-20T08:18:23,10.7,234.5,233.0,0.9,230.0,240.6
2019-07-20T08:18:54,10.7,235.6,250.2,1.0,230.0,241.5
2019-07-20T08:19:25,10.7,215.0,259.7,1.1,240.0,242.5
2019-07-20T08:19:56,10.3,218.5,262.6,1.1,240.0,242.5
2019-07-20T08:20:27,10.7,236.8,249.6,0.9,250.0,240.6
2019-07-20T08:20:59,10.7,234.5,264.4,1.0,250.0,240.6
2019-07-20T08:21:30,10.7,216.2,264.4,1.2,250.0,238.6
2019-07-20T08:22:01,10.7,217.9,242.5,1.1,260.0,241.5
2019-07-20T08:22:32,11.1,218.5,261.4,1.1,260.0,239.6
2019-07-20T08:23:03,11.1,228.0,241.3,1.1,270.0,238.6
2019-07-20T08:23:34,11.1,225.6,259.1,1.1,270.0,240.6
2019-07-20T08:24:05,11.1,206.7,249.6,1.2,280.0,242.5
2019-07-20T08:24:36,11.1,229.2,261.4,1.1,280.0,240.6
2019-07-20T08:25:07,11.4,222.7,260.3,1.2,280.0,241.5
2019-07-20T08:25:39,11.4,218.5,256.1,1.2,290.0,242.5
2019-07-20T08:26:10,11.4,235.6,249.6,1.2,290.0,239.6
2019-07-20T08:26:41,11.4,234.5,263.2,1.2,300.0,241.5
2019-07-20T08:27:12,11.8,233.3,252.0,1.2,300.0,240.6
2019-07-20T08:27:43,11.8,225.6,253.2,1.2,310.0,238.6
2019-07-20T08:28:14,11.8,224.4,258.5,1.3,310.0,242.5
2019-07-20T08:28:45,11.8,225.0,262.0,1.2,320.0,241.5
2019-07-20T08:29:16,11.8,229.2,261.4,1.2,320.0,241.5
2019-07-20T08:29:47,11.8,207.9,259.7,1.3,330.0,240.6
2019-07-20T08:30:18,12.1,231.5,253.2,1.2,330.0,240.6
2019-07-20T08:30:50,12.1,230.9,252.0,1.2,340.0,241.5
2019-07-20T08:31:21,12.1,224.4,260.8,1.2,340.0,240.6
2019-07-20T08:31:52,12.1,228.6,263.8,1.3,350.0,240.6
2019-07-20T08:32:23,12.5,235.6,247.2,1.3,350.0,240.6
2019-07-20T08:32:54,12.5,234.5,253.7,1.3,360.0,241.5
2019-07-20T08:33:25,12.5,234.5,256.7,1.3,360.0,241.5
2019-07-20T08:33:56,12.5,217.9,244.9,1.4,370.0,242.5
2019-07-20T08:34:27,12.5,215.6,254.3,1.4,370.0,241.5
2019-07-20T08:35:22,12.9,228.0,246.6,1.4,380.0,242.5
2019-07-20T08:35:54,12.9,222.1,255.5,1.4,390.0,242.5
2019-07-20T08:36:25,12.9,229.7,254.3,1.4,390.0,241.5
2019-07-20T08:36:56,12.9,230.9,243.7,1.4,400.0,239.6
2019-07-20T08:37:27,12.9,233.3,252.6,1.4,400.0,238.6
2019-07-20T08:37:58,12.9,233.9,256.7,1.4,410.0,240.6
2019-07-20T08:38:29,12.9,232.1,256.1,1.5,420.0,238.6
2019-07-20T08:39:00,12.9,218.5,255.5,1.5,420.0,237.7
2019-07-20T08:39:31,12.9,220.9,246.6,1.6,430.0,239.6
2019-07-20T08:40:02,12.9,217.9,245.5,1.5,430.0,239.6
2019-07-20T08:40:34,13.2,232.1,249.6,1.5,440.0,241.5
2019-07-20T08:41:05,13.2,232.7,258.5,1.4,450.0,241.5
2019-07-20T08:41:36,13.2,228.6,243.7,1.5,450.0,241.5
2019-07-20T08:42:07,13.2,232.1,253.7,1.5,460.0,240.6
2019-07-20T08:42:38,13.6,233.9,253.2,1.5,460.0,240.6
2019-07-20T08:43:09,13.6,232.1,246.1,1.6,470.0,241.5
2019-07-20T08:43:40,13.6,234.5,250.2,1.5,480.0,242.5
2019-07-20T08:44:11,14.0,232.7,253.2,1.6,480.0,242.5
2019-07-20T08:44:42,14.0,228.6,241.3,1.6,490.0,241.5
2019-07-20T08:45:37,14.0,233.3,247.8,1.6,500.0,240.6
2019-07-20T08:46:09,14.3,233.9,247.2,1.5,510.0,242.5
2019-07-20T08:46:40,14.3,233.3,251.4,1.5,510.0,242.5
2019-07-20T08:47:11,14.3,225.0,241.3,1.6,520.0,243.5
2019-07-20T08:47:42,14.7,229.2,249.6,1.6,530.0,242.5
2019-07-20T08:48:13,14.7,227.4,253.7,1.7,530.0,241.5
2019-07-20T08:48:44,14.7,230.9,256.1,1.6,540.0,242.5
2019-07-20T08:49:15,14.7,225.6,253.2,1.7,550.0,241.5
2019-07-20T08:49:46,15.1,229.7,247.2,1.7,550.0,241.5
2019-07-20T08:50:17,15.1,227.4,243.1,1.8,560.0,241.5
2019-07-20T08:50:48,15.1,233.3,254.3,1.6,570.0,241.5
2019-07-20T08:51:20,15.4,226.8,252.6,1.8,570.0,241.5
2019-07-20T08:51:51,15.4,226.8,250.2,1.9,580.0,241.5
2019-07-20T08:52:22,15.4,231.5,240.1,1.8,590.0,241.5
2019-07-20T08:52:53,15.4,225.6,243.1,1.8,600.0,241.5
2019-07-20T08:53:24,15.4,225.6,244.9,1.8,600.0,242.5
2019-07-20T08:53:55,15.8,225.6,251.4,1.8,610.0,242.5
2019-07-20T08:54:26,15.8,230.9,251.4,1.8,620.0,243.5
2019-07-20T08:54:57,15.8,226.2,246.6,1.9,620.0,244.4
2019-07-20T08:55:28,15.8,222.7,247.2,1.9,630.0,244.4
2019-07-20T08:55:59,15.8,221.5,252.6,1.9,640.0,242.5
2019-07-20T08:56:31,16.2,232.1,243.7,1.8,650.0,244.4
2019-07-20T08:57:02,16.2,220.9,251.4,2.0,660.0,245.4
2019-07-20T08:57:33,16.5,217.9,252.6,2.0,660.0,244.4
2019-07-20T08:58:04,16.5,223.8,243.7,2.0,670.0,245.4
2019-07-20T08:58:35,16.5,229.7,241.9,1.9,680.0,246.4
2019-07-20T08:59:06,16.5,226.8,244.3,2.1,690.0,246.4
2019-07-20T08:59:37,16.9,228.0,250.8,2.0,690.0,246.4
2019-07-20T09:00:08,16.9,223.8,248.4,2.0,700.0,245.4
2019-07-20T09:00:39,17.3,228.0,239.5,2.1,710.0,245.4
2019-07-20T09:01:11,17.3,226.8,247.2,2.1,720.0,246.4
2019-07-20T09:01:42,17.6,223.2,252.0,2.1,730.0,245.4
2019-07-20T09:02:13,17.6,226.2,248.4,2.1,730.0,245.4
2019-07-20T09:02:44,17.6,225.6,242.5,2.1,740.0,245.4
2019-07-20T09:03:15,17.6,225.0,242.5,2.0,750.0,245.4
2019-07-20T09:03:46,17.6,225.6,246.1,2.2,760.0,243.5
2019-07-20T09:04:17,17.6,221.5,250.8,2.2,770.0,242.5
2019-07-20T09:04:48,17.6,225.0,253.2,2.2,780.0,242.5
2019-07-20T09:05:19,18.0,225.0,251.4,2.2,780.0,244.4
2019-07-20T09:05:50,18.0,229.7,244.9,2.1,790.0,245.4
2019-07-20T09:06:22,18.4,223.8,240.1,2.1,800.0,245.4
2019-07-20T09:06:53,18.4,224.4,244.3,2.2,810.0,246.4
2019-07-20T09:07:24,18.4,226.8,249.0,2.1,820.0,246.4
2019-07-20T09:07:55,18.4,223.2,250.2,2.3,830.0,244.4
2019-07-20T09:08:26,18.7,226.8,241.9,2.2,840.0,246.4
2019-07-20T09:08:57,18.7,227.4,240.1,2.2,850.0,245.4
2019-07-20T09:09:28,19.1,226.8,246.6,2.2,850.0,246.4
2019-07-20T09:09:59,19.1,230.3,246.6,2.3,860.0,245.4
2019-07-20T09:10:30,19.1,224.4,250.2,2.4,870.0,244.4
2019-07-20T09:11:01,19.1,225.0,242.5,2.4,880.0,246.4
2019-07-20T09:11:32,19.1,225.0,239.0,2.3,890.0,247.3
2019-07-20T09:12:03,19.1,225.6,249.0,2.3,900.0,248.3
2019-07-20T09:12:34,19.5,227.4,251.4,2.4,910.0,248.3
2019-07-20T09:13:05,19.5,222.7,247.2,2.5,920.0,247.3
2019-07-20T09:13:36,19.5,228.0,243.7,2.3,930.0,248.3
2019-07-20T09:14:07,19.8,223.8,240.1,2.3,940.0,249.3
2019-07-20T09:14:38,19.5,223.2,244.3,2.4,950.0,249.3
2019-07-20T09:15:09,19.5,229.2,247.2,2.4,960.0,248.3
2019-07-20T09:15:41,19.5,223.2,249.6,2.4,970.0,248.3
2019-07-20T09:16:12,19.5,228.0,246.1,2.4,980.0,248.3
2019-07-20T09:16:43,19.5,224.4,238.4,2.6,990.0,247.3
2019-07-20T09:17:14,19.5,229.7,243.7,2.5,1000.0,248.3
2019-07-20T09:17:45,19.5,225.6,246.6,2.6,1010.0,247.3
2019-07-20T09:18:16,19.5,224.4,248.4,2.6,1020.0,248.3
2019-07-20T09:18:47,19.1,229.2,249.0,2.6,1030.0,247.3
2019-07-20T09:19:18,19.1,227.4,244.9,2.6,1040.0,247.3
2019-07-20T09:19:49,19.1,226.2,250.8,2.5,1050.0,248.3
2019-07-20T09:20:20,19.1,225.0,246.1,2.5,1060.0,248.3
2019-07-20T09:20:52,19.1,223.8,247.2,2.5,1070.0,248.3
2019-07-20T09:21:23,19.1,223.8,246.6,2.5,1080.0,248.3
2019-07-20T09:21:54,19.5,229.7,241.3,2.6,1090.0,248.3
2019-07-20T09:22:25,19.8,221.5,236.6,2.7,1100.0,249.3
2019-07-20T09:22:56,19.8,229.2,238.4,2.5,1110.0,246.4
2019-07-20T09:23:27,20.2,226.8,248.4,2.6,1120.0,246.4
2019-07-20T09:23:58,20.2,228.6,247.2,2.5,1130.0,247.3
2019-07-20T09:24:29,20.2,223.8,243.1,2.8,1140.0,246.4
2019-07-20T09:25:00,20.2,225.6,241.3,2.7,1150.0,247.3
2019-07-20T09:25:32,20.2,220.9,239.5,2.8,1160.0,247.3
2019-07-20T09:26:03,20.2,222.1,240.7,2.8,1170.0,247.3
2019-07-20T09:26:34,20.2,223.2,251.4,2.8,1180.0,245.4
2019-07-20T09:27:05,20.2,222.1,244.3,2.8,1190.0,245.4
2019-07-20T09:27:36,20.2,226.2,236.0,2.8,1200.0,244.4
2019-07-20T09:28:07,20.2,221.5,237.2,2.8,1210.0,246.4
2019-07-20T09:28:38,20.2,225.0,240.1,2.8,1230.0,247.3
2019-07-20T09:29:09,20.2,222.7,249.6,2.9,1240.0,245.4
2019-07-20T09:29:40,20.6,221.5,246.6,2.8,1250.0,246.4
2019-07-20T09:30:11,20.9,224.4,244.9,2.8,1260.0,244.4
2019-07-20T09:30:43,20.9,229.7,251.4,2.7,1270.0,246.4
2019-07-20T09:31:14,21.3,222.7,237.2,3.0,1280.0,245.4
2019-07-20T09:31:45,21.3,225.0,243.1,3.0,1290.0,245.4
2019-07-20T09:32:16,21.3,224.4,249.6,2.9,1300.0,245.4
2019-07-20T09:32:47,21.7,221.5,243.1,2.9,1320.0,245.4
2019-07-20T09:33:18,22.0,224.4,246.6,3.0,1330.0,245.4
2019-07-20T09:33:50,22.0,222.1,247.2,2.9,1340.0,246.4
2019-07-20T09:34:21,22.4,220.9,244.9,3.1,1350.0,247.3
2019-07-20T09:34:52,22.4,220.9,244.3,3.1,1360.0,247.3
2019-07-20T09:35:23,22.8,220.9,236.6,3.1,1370.0,248.3
2019-07-20T09:35:54,22.8,222.7,238.4,3.0,1380.0,248.3
2019-07-20T09:36:26,22.8,225.0,244.9,3.0,1400.0,248.3
2019-07-20T09:36:57,22.8,219.7,246.6,3.1,1410.0,248.3
2019-07-20T09:37:28,23.1,217.9,240.1,3.1,1420.0,247.3
2019-07-20T09:37:59,23.1,223.8,236.6,3.1,1430.0,247.3
2019-07-20T09:38:30,23.1,222.7,237.2,3.1,1440.0,246.4
2019-07-20T09:39:01,23.5,219.7,243.7,3.2,1460.0,247.3
2019-07-20T09:39:32,23.5,220.9,242.5,3.1,1470.0,248.3
2019-07-20T09:40:03,23.1,223.8,238.4,3.2,1480.0,248.3
2019-07-20T09:40:34,23.1,222.7,232.4,3.2,1490.0,246.4
2019-07-20T09:41:06,23.1,224.4,244.9,3.1,1500.0,248.3
2019-07-20T09:41:37,23.5,220.3,241.3,3.2,1520.0,247.3
2019-07-20T09:42:08,23.5,221.5,231.9,3.2,1530.0,248.3
2019-07-20T09:42:39,23.9,224.4,234.2,3.1,1540.0,249.3
2019-07-20T09:43:10,24.2,222.1,244.3,3.2,1550.0,247.3
2019-07-20T09:43:41,23.9,219.7,244.3,3.2,1570.0,248.3
2019-07-20T09:44:12,23.9,221.5,240.7,3.3,1580.0,247.3
2019-07-20T09:44:43,23.9,218.5,233.6,3.3,1590.0,245.4
2019-07-20T09:45:14,24.2,219.7,234.8,3.2,1600.0,246.4
2019-07-20T09:45:45,24.2,218.5,236.6,3.2,1620.0,247.3
2019-07-20T09:46:17,23.9,223.2,241.3,3.3,1630.0,248.3
2019-07-20T09:46:48,23.9,220.9,244.3,3.3,1640.0,249.3
2019-07-20T09:47:19,24.2,217.9,237.8,3.4,1650.0,250.2
2019-07-20T09:47:50,24.2,222.1,230.7,3.3,1670.0,249.3
2019-07-20T09:48:21,23.9,220.9,235.4,3.4,1680.0,248.3
2019-07-20T09:48:52,24.2,223.2,236.6,3.3,1690.0,248.3
2019-07-20T09:49:23,24.2,218.5,241.3,3.3,1710.0,250.2
2019-07-20T09:49:54,24.6,217.9,241.3,3.5,1720.0,249.3
2019-07-20T09:50:25,24.6,217.9,237.2,3.5,1730.0,249.3
2019-07-20T09:50:56,24.6,220.3,230.7,3.3,1740.0,245.4
2019-07-20T09:51:28,25.0,222.1,237.2,3.4,1760.0,248.3
2019-07-20T09:51:59,25.0,225.0,244.3,3.3,1770.0,247.3
2019-07-20T09:52:30,25.3,223.2,236.6,3.4,1780.0,245.4
2019-07-20T09:53:01,25.3,220.9,231.3,3.4,1800.0,247.3
2019-07-20T09:53:32,25.0,223.2,236.6,3.5,1810.0,246.4
2019-07-20T09:54:03,25.0,222.1,241.3,3.5,1820.0,246.4
2019-07-20T09:54:34,24.6,220.9,244.3,3.5,1840.0,246.4
2019-07-20T09:55:05,24.6,223.2,239.5,3.5,1850.0,246.4
2019-07-20T09:55:36,24.6,221.5,234.2,3.6,1860.0,245.4
2019-07-20T09:56:08,25.0,220.9,235.4,3.6,1880.0,246.4
2019-07-20T09:56:39,25.0,222.1,242.5,3.6,1890.0,246.4
2019-07-20T09:57:10,25.0,219.7,243.7,3.6,1910.0,245.4
2019-07-20T09:57:41,25.0,222.7,234.2,3.5,1920.0,247.3
2019-07-20T09:58:12,25.0,220.9,240.1,3.7,1930.0,246.4
2019-07-20T09:58:43,25.3,215.0,231.9,3.7,1950.0,246.4
2019-07-20T09:59:14,25.3,221.5,232.4,3.7,1960.0,247.3
2019-07-20T09:59:45,25.3,218.5,230.7,3.7,1970.0,246.4
2019-07-20T10:00:16,25.7,219.1,235.4,3.6,1990.0,248.3
2019-07-20T10:00:47,25.7,220.9,243.7,3.7,2000.0,247.3
2019-07-20T10:01:19,25.3,217.9,239.5,3.7,2020.0,247.3
2019-07-20T10:01:50,25.3,221.5,233.6,3.6,2030.0,247.3
2019-07-20T10:02:21,25.0,220.9,237.2,3.6,2050.0,248.3
2019-07-20T10:02:52,25.3,215.6,231.9,3.7,2060.0,248.3
2019-07-20T10:03:23,25.3,220.9,241.3,3.7,2070.0,247.3
2019-07-20T10:03:54,25.3,220.9,234.2,3.7,2090.0,247.3
2019-07-20T10:04:25,25.3,216.7,234.8,3.8,2100.0,245.4
2019-07-20T10:04:56,25.3,216.2,239.5,3.8,2120.0,245.4
2019-07-20T10:05:27,25.3,216.7,241.3,3.9,2130.0,246.4
2019-07-20T10:05:58,25.3,219.1,233.6,3.8,2150.0,247.3
2019-07-20T10:06:30,25.3,221.5,236.0,3.8,2160.0,246.4
2019-07-20T10:07:01,25.3,217.3,230.7,3.9,2170.0,247.3
2019-07-20T10:07:32,25.7,220.3,229.5,3.8,2190.0,247.3
2019-07-20T10:08:03,25.7,216.7,236.6,4.0,2200.0,248.3
2019-07-20T10:08:34,26.1,219.7,238.4,3.9,2220.0,247.3
2019-07-20T10:09:05,25.7,215.6,240.7,3.9,2230.0,248.3
2019-07-20T10:09:36,26.1,220.3,236.0,3.9,2250.0,248.3
2019-07-20T10:10:07,26.1,217.9,231.3,4.0,2260.0,248.3
2019-07-20T10:10:38,26.4,216.7,237.2,4.0,2280.0,247.3
2019-07-20T10:11:10,26.4,216.2,237.2,3.9,2290.0,248.3
2019-07-20T10:11:41,26.8,217.9,236.6,4.0,2310.0,248.3
2019-07-20T10:12:12,27.2,217.3,229.5,4.0,2320.0,249.3
2019-07-20T10:12:43,26.8,214.4,227.7,3.9,2340.0,248.3
2019-07-20T10:13:14,26.8,219.1,233.0,4.0,2350.0,247.3
2019-07-20T10:13:45,27.2,219.7,241.3,3.9,2370.0,248.3
2019-07-20T10:14:16,27.2,218.5,239.0,4.0,2380.0,248.3
2019-07-20T10:14:47,27.5,215.6,234.8,4.0,2400.0,247.3
2019-07-20T10:15:18,27.5,215.6,230.7,4.0,2410.0,249.3
2019-07-20T10:15:49,27.5,216.2,231.9,4.1,2430.0,249.3
2019-07-20T10:16:21,27.5,217.9,224.2,4.0,2440.0,249.3
2019-07-20T10:16:52,27.9,219.1,229.5,4.0,2460.0,248.3
2019-07-20T10:17:23,27.9,216.2,234.2,4.1,2470.0,249.3
2019-07-20T10:17:54,27.9,215.6,237.2,4.1,2490.0,248.3
2019-07-20T10:18:25,28.3,217.9,234.2,4.0,2500.0,248.3
2019-07-20T10:18:56,28.3,212.6,225.4,4.1,2520.0,248.3
2019-07-20T10:19:27,28.3,212.6,228.3,4.1,2530.0,249.3
2019-07-20T10:19:58,28.3,213.8,232.4,4.1,2550.0,247.3
2019-07-20T10:20:29,28.6,212.0,236.0,4.1,2560.0,248.3
2019-07-20T10:21:00,28.6,216.2,235.4,4.2,2580.0,249.3
2019-07-20T10:21:31,29.0,213.8,231.3,4.1,2590.0,248.3
2019-07-20T10:22:02,28.6,214.4,229.5,4.2,2610.0,248.3
2019-07-20T10:22:33,28.6,216.2,236.0,4.1,2630.0,248.3
2019-07-20T10:23:04,28.3,214.4,233.0,4.3,2640.0,248.3
2019-07-20T10:23:35,28.3,217.9,225.9,4.2,2660.0,252.2
2019-07-20T10:24:06,28.6,217.3,234.2,4.2,2670.0,251.2
2019-07-20T10:24:37,28.6,213.2,233.6,4.2,2690.0,249.3
2019-07-20T10:25:08,29.0,215.6,226.5,4.2,2700.0,250.2
2019-07-20T10:25:40,29.4,215.6,226.5,4.4,2720.0,249.3
2019-07-20T10:26:11,29.4,216.7,232.4,4.3,2740.0,251.2
2019-07-20T10:26:42,29.0,218.5,231.9,4.2,2750.0,249.3
2019-07-20T10:27:13,29.4,213.2,223.0,4.4,2770.0,251.2
2019-07-20T10:27:44,29.4,214.4,226.5,4.3,2780.0,250.2
2019-07-20T10:28:15,29.7,211.4,224.2,4.3,2800.0,251.2
2019-07-20T10:28:46,30.1,215.6,228.3,4.4,2820.0,251.2
2019-07-20T10:29:17,30.2,213.2,228.9,4.4,2830.0,250.2
2019-07-20T10:29:48,30.2,212.6,237.2,4.4,2850.0,250.2
2019-07-20T10:30:19,30.2,214.4,234.2,4.4,2860.0,250.2
2019-07-20T10:30:51,30.2,213.8,230.1,4.3,2880.0,252.2
2019-07-20T10:31:22,30.2,211.4,228.9,4.5,2900.0,250.2
2019-07-20T10:31:53,30.2,213.2,234.2,4.4,2910.0,252.2
2019-07-20T10:32:24,30.2,209.7,233.6,4.4,2930.0,252.2
2019-07-20T10:32:55,30.2,211.4,225.9,4.4,2950.0,250.2
2019-07-20T10:33:26,30.2,215.6,225.9,4.5,2960.0,253.1
2019-07-20T10:33:57,30.3,214.4,231.3,4.5,2980.0,251.2
2019-07-20T10:34:28,30.2,213.2,227.7,4.5,2990.0,253.1
2019-07-20T10:34:59,30.3,216.2,231.3,4.5,3010.0,251.2
2019-07-20T10:35:30,30.4,215.0,223.0,4.4,3030.0,253.1
2019-07-20T10:36:02,30.4,213.8,223.6,4.6,3040.0,252.2
2019-07-20T10:36:33,30.5,210.2,223.6,4.6,3060.0,252.2
2019-07-20T10:37:04,30.7,213.2,228.3,4.5,3080.0,251.2
2019-07-20T10:37:35,30.8,209.1,226.5,4.6,3090.0,252.2
2019-07-20T10:38:06,30.9,208.5,233.0,4.5,3110.0,252.2
2019-07-20T10:38:37,30.9,213.2,233.6,4.5,3130.0,251.2
2019-07-20T10:39:08,31.0,212.0,227.7,4.6,3140.0,253.1
2019-07-20T10:39:39,31.0,213.2,233.0,4.7,3160.0,251.2
2019-07-20T10:40:10,31.1,213.2,231.9,4.6,3180.0,250.2
2019-07-20T10:40:41,31.0,212.0,227.7,4.7,3190.0,251.2
2019-07-20T10:41:13,30.9,210.8,227.1,4.7,3210.0,251.2
2019-07-20T10:41:44,30.8,210.2,232.4,4.7,3230.0,251.2
2019-07-20T10:42:15,30.9,214.4,233.6,4.6,3240.0,251.2
2019-07-20T10:42:46,31.0,215.0,232.4,4.6,3260.0,253.1
2019-07-20T10:43:17,31.1,209.7,231.3,4.8,3280.0,253.1
2019-07-20T10:43:48,31.1,213.8,232.4,4.7,3300.0,251.2
2019-07-20T10:44:19,31.2,210.2,230.7,4.7,3310.0,253.1
2019-07-20T10:44:50,31.4,210.2,224.8,4.7,3330.0,251.2
2019-07-20T10:45:21,31.4,213.8,224.2,4.6,3350.0,252.2
2019-07-20T10:45:53,31.5,209.7,225.9,4.8,3360.0,252.2
2019-07-20T10:46:24,31.4,212.0,225.4,4.8,3380.0,252.2
2019-07-20T10:46:55,31.4,209.7,222.4,4.8,3400.0,253.1
2019-07-20T10:47:26,31.2,208.5,225.4,4.8,3420.0,252.2
2019-07-20T10:47:57,31.1,209.7,231.3,4.9,3430.0,253.1
2019-07-20T10:48:28,31.1,210.2,230.7,4.8,3450.0,253.1
2019-07-20T10:48:59,31.0,208.5,230.7,4.9,3470.0,254.1
2019-07-20T10:49:30,31.1,206.1,225.4,4.9,3480.0,253.1
2019-07-20T10:50:01,31.2,208.5,220.6,4.8,3500.0,251.2
2019-07-20T10:53:43,31.9,209.7,228.3,4.8,3630.0,250.2
2019-07-20T10:54:14,31.9,206.7,225.4,4.9,3640.0,250.2
2019-07-20T10:54:45,31.9,209.7,229.5,4.9,3660.0,250.2
2019-07-20T10:55:16,31.9,209.7,227.7,4.9,3680.0,251.2
2019-07-20T10:55:48,32.0,210.8,224.8,4.8,3700.0,250.2
2019-07-20T10:59:30,31.8,210.2,218.3,5.0,3820.0,251.2
2019-07-20T11:00:01,31.8,206.1,228.3,5.0,3840.0,251.2
2019-07-20T11:01:07,31.7,210.8,225.4,4.9,3880.0,251.2
2019-07-20T11:01:38,31.7,207.3,223.0,5.1,3900.0,251.2
2019-07-20T11:02:09,31.6,209.1,225.9,5.0,3920.0,251.2
2019-07-20T11:02:40,31.7,207.3,228.3,5.0,3930.0,252.2
2019-07-20T11:03:11,31.7,212.0,224.2,4.8,3950.0,250.2
2019-07-20T11:03:42,31.8,204.9,217.1,5.2,3970.0,252.2
2019-07-20T11:04:13,31.9,208.5,224.8,5.1,3990.0,251.2
2019-07-20T11:04:44,32.0,211.4,227.1,4.9,4010.0,252.2
2019-07-20T11:05:15,32.2,206.1,229.5,5.1,4020.0,251.2
2019-07-20T11:05:47,32.2,207.9,223.0,5.0,4040.0,251.2
2019-07-20T11:06:18,32.3,210.2,218.3,5.1,4060.0,250.2
2019-07-20T11:06:49,32.4,205.5,223.6,5.2,4080.0,251.2
2019-07-20T11:07:20,32.4,206.7,227.7,5.1,4100.0,252.2
2019-07-20T11:07:51,32.4,203.2,216.5,5.2,4110.0,249.3
2019-07-20T11:08:22,32.4,207.3,223.0,5.2,4130.0,249.3
2019-07-20T11:08:53,32.4,207.9,221.8,5.0,4150.0,248.3
2019-07-20T11:09:24,32.4,209.1,218.8,5.1,4170.0,249.3
2019-07-20T11:09:55,32.4,204.9,224.2,5.3,4190.0,250.2
2019-07-20T11:10:26,32.4,203.7,225.9,5.3,4210.0,250.2
2019-07-20T11:10:58,32.4,207.9,225.4,5.1,4220.0,251.2
2019-07-20T11:11:29,32.3,207.9,217.1,5.1,4240.0,251.2
2019-07-20T11:12:00,32.2,208.5,219.4,5.1,4260.0,251.2
2019-07-20T11:12:31,32.2,207.3,228.3,5.1,4280.0,250.2
2019-07-20T11:13:02,32.2,206.7,224.2,5.1,4300.0,249.3
2019-07-20T11:13:33,32.3,209.7,220.6,5.1,4320.0,250.2
2019-07-20T11:14:04,32.4,204.9,215.3,5.2,4340.0,251.2
2019-07-20T11:14:35,32.4,206.1,221.2,5.2,4350.0,252.2
2019-07-20T11:15:06,32.5,203.2,228.9,5.3,4370.0,252.2
2019-07-20T11:15:38,32.6,207.9,227.7,5.2,4390.0,251.2
2019-07-20T11:16:09,32.5,207.3,220.0,5.3,4410.0,251.2
2019-07-20T11:16:40,32.4,203.7,218.3,5.3,4430.0,250.2
2019-07-20T11:17:11,32.4,203.2,224.8,5.4,4450.0,250.2
2019-07-20T11:17:42,32.5,207.3,224.8,5.1,4470.0,251.2
2019-07-20T11:18:13,32.5,202.6,217.7,5.3,4480.0,251.2
2019-07-20T11:18:44,32.6,205.5,220.0,5.3,4500.0,251.2
2019-07-20T11:19:15,32.5,206.7,227.7,5.2,4520.0,251.2
2019-07-20T11:19:46,32.6,206.7,220.6,5.3,4540.0,251.2
2019-07-20T11:20:17,32.7,206.1,217.7,5.2,4560.0,251.2
2019-07-20T11:20:49,32.7,202.6,221.2,5.5,4580.0,250.2
2019-07-20T11:21:20,32.9,202.0,225.9,5.4,4600.0,252.2
2019-07-20T11:21:51,32.9,204.9,228.3,5.4,4620.0,251.2
2019-07-20T11:22:22,33.0,200.2,223.6,5.4,4630.0,251.2
2019-07-20T11:22:53,33.1,203.2,223.6,5.4,4650.0,250.2
2019-07-20T11:23:24,33.2,202.6,218.8,5.4,4670.0,252.2
2019-07-20T11:23:55,33.1,204.9,214.1,5.4,4690.0,252.2
2019-07-20T11:24:26,32.9,208.5,220.6,5.2,4710.0,251.2
2019-07-20T11:24:57,33.0,204.3,225.9,5.5,4730.0,251.2
2019-07-20T11:25:28,32.9,204.9,224.8,5.4,4750.0,251.2
2019-07-20T11:26:00,32.9,202.6,220.6,5.4,4770.0,251.2
2019-07-20T11:26:31,33.0,206.1,214.7,5.4,4790.0,252.2
2019-07-20T11:27:02,33.0,201.4,217.1,5.5,4810.0,251.2
2019-07-20T11:27:33,33.1,205.5,223.0,5.4,4820.0,252.2
2019-07-20T11:28:04,33.2,203.2,223.6,5.4,4840.0,252.2
2019-07-20T11:28:35,33.2,206.1,224.2,5.5,4860.0,252.2
2019-07-20T11:29:06,33.2,204.3,223.0,5.6,4880.0,252.2
2019-07-20T11:29:37,33.3,204.3,218.8,5.4,4900.0,252.2
2019-07-20T11:30:08,33.4,204.9,224.8,5.4,4920.0,252.2
2019-07-20T11:30:39,33.5,203.7,220.6,5.5,4940.0,252.2
2019-07-20T11:31:11,33.5,202.6,213.5,5.5,4960.0,252.2
2019-07-20T11:31:42,33.7,205.5,225.9,5.4,4980.0,251.2
2019-07-20T11:32:13,33.8,202.6,225.4,5.5,5000.0,254.1
2019-07-20T11:32:44,33.8,200.8,224.8,5.5,5020.0,252.2
2019-07-20T11:33:15,33.9,204.3,225.4,5.5,5040.0,254.1
2019-07-20T11:33:46,34.0,204.9,221.8,5.5,5050.0,252.2
2019-07-20T11:34:17,34.0,204.9,220.6,5.6,5070.0,251.2
2019-07-20T11:34:48,34.1,206.1,219.4,5.5,5090.0,252.2
2019-07-20T11:35:19,34.1,206.1,215.3,5.6,5110.0,251.2
2019-07-20T11:35:51,34.2,202.6,224.2,5.6,5130.0,252.2
2019-07-20T11:36:22,34.2,204.3,214.7,5.6,5150.0,251.2
2019-07-20T11:36:53,34.4,202.6,217.7,5.7,5170.0,253.1
2019-07-20T11:37:24,34.4,202.0,220.0,5.6,5190.0,253.1
2019-07-20T11:37:55,34.4,205.5,221.2,5.6,5210.0,252.2
2019-07-20T11:38:26,34.4,205.5,223.6,5.6,5230.0,253.1
2019-07-20T11:38:57,34.5,202.0,222.4,5.7,5250.0,252.2
2019-07-20T11:39:28,34.5,204.9,225.4,5.7,5270.0,251.2
2019-07-20T11:39:59,34.5,206.1,222.4,5.6,5290.0,251.2
2019-07-20T11:40:30,34.5,204.9,215.3,5.6,5310.0,253.1
2019-07-20T11:41:02,34.6,205.5,215.3,5.5,5330.0,253.1
2019-07-20T11:41:33,34.6,204.9,217.1,5.5,5350.0,254.1
2019-07-20T11:42:04,34.7,201.4,222.4,5.6,5370.0,254.1
2019-07-20T11:42:35,34.7,205.5,225.4,5.6,5390.0,254.1
2019-07-20T11:43:06,34.8,204.3,224.8,5.6,5410.0,255.1
2019-07-20T11:43:37,34.9,200.8,217.7,5.7,5430.0,254.1
2019-07-20T11:44:08,34.9,202.0,213.5,5.7,5450.0,252.2
2019-07-20T11:44:39,34.9,201.4,220.6,5.7,5470.0,254.1
2019-07-20T11:45:10,34.9,202.6,223.6,5.7,5490.0,252.2
2019-07-20T11:45:41,34.9,200.8,225.9,5.7,5510.0,254.1
2019-07-20T11:46:13,34.9,204.9,220.0,5.6,5530.0,254.1
2019-07-20T11:46:44,35.0,202.0,220.6,5.8,5550.0,252.2
2019-07-20T11:47:15,35.0,204.3,220.6,5.7,5570.0,250.2
2019-07-20T11:47:46,34.9,201.4,222.4,5.8,5580.0,251.2
2019-07-20T11:48:17,34.9,200.8,219.4,5.7,5600.0,248.3
2019-07-20T11:48:48,35.0,200.8,222.4,5.8,5620.0,249.3
2019-07-20T11:49:19,35.0,205.5,220.6,5.7,5640.0,247.3
2019-07-20T11:49:50,35.2,202.0,220.6,5.7,5660.0,248.3
2019-07-20T11:50:21,35.2,203.7,214.1,5.7,5680.0,248.3
2019-07-20T11:50:52,35.3,203.7,224.2,5.8,5710.0,249.3
2019-07-20T11:51:24,35.3,200.8,214.1,5.9,5730.0,252.2
2019-07-20T11:51:55,35.4,199.6,214.1,5.8,5750.0,249.3
2019-07-20T11:52:26,35.4,204.3,220.0,5.7,5770.0,249.3
2019-07-20T11:52:57,35.2,204.3,216.5,5.7,5790.0,248.3
2019-07-20T11:53:28,35.0,200.8,213.5,5.8,5810.0,249.3
2019-07-20T11:53:59,35.0,203.7,224.2,5.8,5830.0,249.3
2019-07-20T11:54:30,35.0,202.6,217.1,5.8,5850.0,249.3
2019-07-20T11:55:01,35.2,204.9,213.5,5.7,5870.0,247.3
2019-07-20T11:55:32,35.2,203.7,220.0,5.7,5890.0,250.2
2019-07-20T11:56:04,35.3,201.4,224.2,5.9,5910.0,250.2
2019-07-20T11:56:35,35.4,197.3,223.0,5.8,5930.0,251.2
2019-07-20T11:57:06,35.4,200.8,217.7,5.9,5950.0,250.2
2019-07-20T11:57:37,35.5,203.2,214.7,5.7,5970.0,250.2
2019-07-20T11:58:08,35.5,200.8,218.8,5.9,5990.0,250.2
2019-07-20T11:58:39,35.6,200.2,215.9,5.9,6010.0,251.2
2019-07-20T11:59:10,35.6,197.8,216.5,6.0,6030.0,250.2
2019-07-20T11:59:41,35.7,200.2,211.7,5.9,6050.0,251.2
2019-07-20T12:00:12,35.6,198.4,216.5,5.9,6070.0,252.2
2019-07-20T12:00:43,35.7,203.7,225.9,5.8,6090.0,252.2
2019-07-20T12:01:15,35.7,198.4,222.4,5.8,6110.0,250.2
2019-07-20T12:01:46,35.9,197.8,223.6,5.9,6130.0,249.3
2019-07-20T12:02:17,35.9,202.6,222.4,5.8,6150.0,251.2
2019-07-20T12:02:48,35.9,202.0,218.3,5.8,6170.0,249.3
2019-07-20T12:03:19,35.9,200.8,215.3,5.9,6190.0,251.2
2019-07-20T12:03:50,35.9,199.0,214.7,5.9,6210.0,250.2
2019-07-20T12:04:21,35.7,197.8,212.3,5.8,6230.0,251.2
2019-07-20T12:04:52,35.7,203.2,214.1,5.7,6250.0,251.2
2019-07-20T12:05:23,35.6,199.0,213.5,6.0,6270.0,250.2
2019-07-20T12:05:54,35.6,202.0,214.1,5.9,6290.0,248.3
2019-07-20T12:06:26,35.6,201.4,219.4,5.9,6310.0,249.3
2019-07-20T12:06:57,35.6,203.7,221.2,5.9,6330.0,249.3
2019-07-20T12:07:28,35.5,200.8,223.6,6.0,6350.0,249.3
2019-07-20T12:07:59,35.4,200.8,221.8,5.9,6370.0,251.2
2019-07-20T12:08:30,35.5,199.0,218.3,6.0,6390.0,250.2
2019-07-20T12:09:01,35.5,203.2,218.3,5.9,6410.0,250.2
2019-07-20T12:09:32,35.6,200.8,213.5,6.0,6430.0,253.1
2019-07-20T12:10:03,35.6,203.2,211.2,5.9,6450.0,251.2
2019-07-20T12:10:35,35.6,202.6,213.5,6.0,6470.0,252.2
2019-07-20T12:11:06,35.7,202.6,216.5,5.8,6490.0,251.2
2019-07-20T12:11:37,35.9,203.2,221.2,5.8,6510.0,251.2
2019-07-20T12:12:08,36.0,202.6,224.2,5.9,6530.0,252.2
2019-07-20T12:12:39,36.0,202.0,217.7,5.8,6550.0,252.2
2019-07-20T12:13:10,36.1,202.6,220.6,5.9,6570.0,251.2
2019-07-20T12:13:41,36.1,199.6,221.2,5.9,6590.0,250.2
2019-07-20T12:14:12,36.2,197.8,214.1,6.1,6610.0,251.2
2019-07-20T12:14:43,36.2,199.0,214.1,5.9,6640.0,251.2
2019-07-20T12:15:14,36.2,198.4,215.3,6.1,6660.0,251.2
2019-07-20T12:15:46,36.3,200.8,212.3,6.0,6680.0,251.2
2019-07-20T12:16:17,36.3,202.0,220.6,6.0,6700.0,249.3
2019-07-20T12:16:48,36.3,197.8,215.9,6.1,6720.0,250.2
2019-07-20T12:17:19,36.4,201.4,221.2,5.9,6740.0,253.1
2019-07-20T12:17:50,36.4,200.2,221.8,5.9,6760.0,251.2
2019-07-20T12:18:21,36.4,196.1,217.7,6.1,6780.0,250.2
2019-07-20T12:18:52,36.4,202.0,208.8,5.9,6800.0,251.2
2019-07-20T12:19:23,36.4,198.4,213.5,6.0,6820.0,251.2
2019-07-20T12:19:54,36.4,197.8,217.1,6.0,6840.0,252.2
2019-07-20T12:20:25,36.4,199.0,222.4,6.1,6860.0,252.2
2019-07-20T12:20:57,36.4,200.8,224.2,6.0,6880.0,250.2
2019-07-20T12:21:28,36.5,201.4,222.4,6.0,6900.0,252.2
2019-07-20T12:21:59,36.5,199.0,218.8,6.1,6920.0,251.2
2019-07-20T12:22:30,36.4,202.0,210.6,5.9,6940.0,252.2
2019-07-20T12:23:01,36.5,197.8,211.7,6.1,6970.0,252.2
2019-07-20T12:23:32,36.5,197.8,215.3,6.2,6990.0,253.1
2019-07-20T12:24:03,36.5,199.0,217.1,6.2,7010.0,252.2
2019-07-20T12:24:34,36.5,199.6,220.0,6.1,7030.0,254.1
2019-07-20T12:25:05,36.5,202.0,222.4,5.9,7050.0,253.1
2019-07-20T12:25:37,36.5,199.0,221.2,6.1,7070.0,251.2
2019-07-20T12:26:08,36.7,199.6,220.6,6.0,7090.0,251.2
2019-07-20T12:26:39,36.7,197.3,217.7,6.2,7110.0,249.3
2019-07-20T12:27:10,36.7,200.8,215.3,5.9,7130.0,249.3
2019-07-20T12:27:41,36.8,197.8,220.6,6.0,7150.0,249.3
2019-07-20T12:28:12,36.8,200.2,219.4,5.9,7170.0,249.3
2019-07-20T12:28:43,36.8,199.6,215.3,6.1,7190.0,249.3
2019-07-20T12:29:14,36.8,196.7,215.3,6.2,7210.0,251.2
2019-07-20T12:29:45,36.9,200.8,214.7,5.9,7230.0,251.2
2019-07-20T12:30:16,36.9,196.7,208.2,6.2,7250.0,251.2
2019-07-20T12:30:48,37.0,195.5,210.6,6.2,7280.0,249.3
2019-07-20T12:31:19,37.0,199.0,213.5,6.0,7300.0,251.2
2019-07-20T12:31:50,37.0,199.0,212.3,5.9,7320.0,251.2
2019-07-20T12:32:21,36.9,194.9,211.2,6.2,7340.0,250.2
2019-07-20T12:32:52,37.0,197.3,217.7,6.1,7360.0,251.2
2019-07-20T12:33:23,37.0,199.6,216.5,5.9,7380.0,252.2
2019-07-20T12:33:54,37.0,197.8,215.3,6.0,7400.0,253.1
2019-07-20T12:34:25,37.0,200.8,215.9,5.9,7420.0,251.2
2019-07-20T12:34:56,37.0,200.2,212.3,5.9,7440.0,251.2
2019-07-20T12:35:27,37.0,199.0,212.3,6.0,7460.0,253.1
2019-07-20T12:35:59,37.1,201.4,209.4,5.8,7480.0,253.1
2019-07-20T12:36:30,37.1,199.6,211.7,5.9,7500.0,251.2
2019-07-20T12:37:01,37.1,199.6,210.6,6.0,7520.0,251.2
2019-07-20T12:37:32,37.2,200.2,209.4,5.9,7540.0,250.2
2019-07-20T12:38:03,37.2,197.3,211.2,5.9,7560.0,251.2
2019-07-20T12:38:34,37.2,197.8,210.6,6.1,7580.0,251.2
2019-07-20T12:39:05,37.4,199.0,215.9,6.0,7600.0,252.2
2019-07-20T12:39:36,37.4,194.9,207.0,5.9,7620.0,251.2
2019-07-20T12:40:07,37.2,193.1,210.6,6.3,7640.0,250.2
2019-07-20T12:40:39,37.0,198.4,210.6,6.0,7660.0,251.2
2019-07-20T12:41:10,37.1,196.7,211.7,6.0,7690.0,252.2
2019-07-20T12:41:41,37.1,203.7,215.3,5.8,7710.0,251.2
2019-07-20T12:42:12,37.2,194.3,221.2,6.0,7730.0,253.1
2019-07-20T12:42:43,37.2,196.1,220.0,6.1,7750.0,251.2
2019-07-20T12:43:14,37.2,201.4,215.9,6.0,7770.0,250.2
2019-07-20T12:43:45,37.4,200.2,208.8,6.0,7790.0,251.2
2019-07-20T12:44:16,37.4,198.4,213.5,6.1,7810.0,251.2
2019-07-20T12:44:47,37.4,202.0,221.8,6.0,7830.0,251.2
2019-07-20T12:45:18,37.5,199.6,218.3,6.1,7850.0,251.2
2019-07-20T12:45:50,37.5,199.6,212.3,6.1,7870.0,250.2
2019-07-20T12:46:21,37.5,202.6,213.5,5.9,7890.0,250.2
2019-07-20T12:46:52,37.5,200.8,212.9,6.0,7910.0,252.2
2019-07-20T12:47:23,37.5,199.0,214.1,6.1,7940.0,249.3
2019-07-20T12:47:54,37.6,199.6,214.1,6.1,7960.0,250.2
2019-07-20T12:48:25,37.6,198.4,217.1,6.1,7980.0,250.2
2019-07-20T12:48:56,37.6,196.7,218.3,6.2,8000.0,249.3
2019-07-20T12:49:27,37.7,194.3,217.7,6.0,8020.0,249.3
2019-07-20T12:49:58,37.6,197.8,218.3,6.1,8040.0,249.3
2019-07-20T12:50:29,37.7,200.8,217.7,5.9,8060.0,251.2
2019-07-20T12:51:01,37.7,200.2,214.7,6.0,8080.0,253.1
2019-07-20T12:51:32,37.7,198.4,219.4,6.2,8100.0,251.2
2019-07-20T12:52:03,37.7,199.6,220.6,6.1,8120.0,252.2
2019-07-20T12:52:34,37.8,197.8,221.2,5.9,8140.0,252.2
2019-07-20T12:53:05,37.8,201.4,217.1,6.0,8160.0,252.2
2019-07-20T12:53:36,37.8,199.0,214.7,6.2,8180.0,252.2
2019-07-20T12:54:07,37.8,196.7,218.8,6.2,8210.0,253.1
2019-07-20T12:54:38,37.9,201.4,220.6,5.9,8230.0,253.1
2019-07-20T12:55:09,37.9,197.8,222.4,6.2,8250.0,251.2
2019-07-20T12:55:40,37.9,196.7,213.5,6.0,8270.0,250.2
2019-07-20T12:56:12,37.9,194.3,214.7,6.2,8290.0,250.2
2019-07-20T12:56:43,38.0,196.1,220.0,5.8,8310.0,249.3
2019-07-20T12:57:14,38.0,199.6,216.5,6.0,8330.0,250.2
2019-07-20T12:57:45,38.0,198.4,217.7,6.1,8350.0,249.3
2019-07-20T12:58:16,38.2,202.6,214.7,5.7,8370.0,250.2
2019-07-20T12:58:47,38.2,196.1,216.5,6.2,8390.0,249.3
2019-07-20T12:59:18,38.2,199.0,218.3,5.4,8410.0,251.2
2019-07-20T12:59:49,38.2,201.4,218.3,6.0,8430.0,249.3
2019-07-20T13:00:20,38.2,199.0,210.6,5.9,8450.0,251.2
2019-07-20T13:00:51,38.3,196.1,209.4,5.6,8470.0,251.2
2019-07-20T13:01:23,38.3,185.4,214.1,6.1,8490.0,253.1
2019-07-20T13:01:54,38.3,198.4,213.5,6.0,8510.0,253.1
2019-07-20T13:02:25,38.3,210.8,219.4,5.3,8530.0,253.1
2019-07-20T13:02:56,38.3,198.4,218.8,6.1,8560.0,251.2
2019-07-20T13:03:27,38.3,196.1,211.7,6.2,8580.0,252.2
2019-07-20T13:03:58,38.4,197.8,217.1,6.2,8600.0,251.2
2019-07-20T13:04:29,38.4,197.8,212.9,6.0,8620.0,252.2
2019-07-20T13:05:00,38.4,199.6,211.7,6.0,8640.0,252.2
2019-07-20T13:05:31,38.4,201.4,221.8,5.9,8660.0,252.2
2019-07-20T13:06:03,38.4,201.4,220.6,5.9,8680.0,252.2
2019-07-20T13:06:34,38.4,198.4,213.5,6.1,8700.0,252.2
2019-07-20T13:07:05,38.4,201.4,212.3,5.9,8720.0,250.2
2019-07-20T13:07:36,38.5,203.7,221.2,5.6,8740.0,250.2
2019-07-20T13:08:07,38.5,196.7,212.9,6.0,8760.0,250.2
2019-07-20T13:08:38,38.5,189.0,207.6,6.0,8780.0,250.2
2019-07-20T13:09:09,38.5,191.9,215.3,4.8,8800.0,249.3
2019-07-20T13:09:40,38.5,169.5,213.5,6.1,8820.0,250.2
2019-07-20T13:10:11,38.5,178.3,217.7,6.2,8840.0,251.2
2019-07-20T13:10:42,38.5,182.5,215.9,6.0,8860.0,253.1
2019-07-20T13:11:14,38.5,183.1,218.8,6.0,8880.0,252.2
2019-07-20T13:11:45,38.5,188.4,214.1,5.9,8900.0,251.2
2019-07-20T13:12:16,38.5,193.7,219.4,5.8,8920.0,252.2
2019-07-20T13:12:47,38.5,194.3,211.7,5.9,8940.0,251.2
2019-07-20T13:13:18,38.5,187.2,220.0,6.1,8960.0,251.2
2019-07-20T13:13:49,38.5,192.5,217.7,6.2,8980.0,251.2
2019-07-20T13:14:20,38.5,187.2,210.6,5.3,9000.0,250.2
2019-07-20T13:14:51,38.5,161.8,204.1,6.1,9010.0,250.2
2019-07-20T13:15:22,38.5,164.8,215.3,6.4,9030.0,250.2
2019-07-20T13:15:54,38.5,180.7,218.3,6.0,9050.0,251.2
2019-07-20T13:16:25,38.5,192.5,226.5,5.9,9070.0,251.2
2019-07-20T13:16:56,38.5,184.8,221.2,5.9,9090.0,252.2
2019-07-20T13:17:27,38.5,178.3,222.4,6.1,9110.0,249.3
2019-07-20T13:17:58,38.6,178.9,223.0,6.1,9130.0,249.3
2019-07-20T13:18:29,38.6,183.7,219.4,5.8,9150.0,249.3
2019-07-20T13:19:00,38.6,181.9,213.5,5.9,9170.0,248.3
2019-07-20T13:19:31,38.6,184.8,214.7,5.8,9190.0,249.3
2019-07-20T13:20:02,38.6,180.7,222.4,6.1,9210.0,248.3
2019-07-20T13:20:34,38.6,178.9,222.4,6.2,9230.0,249.3
2019-07-20T13:21:05,38.6,178.9,217.7,6.1,9250.0,252.2
2019-07-20T13:21:36,38.6,178.3,211.7,6.1,9270.0,251.2
2019-07-20T13:22:07,38.6,183.1,213.5,5.8,9290.0,250.2
2019-07-20T13:22:38,38.6,185.4,215.3,6.2,9310.0,252.2
2019-07-20T13:23:09,38.6,188.4,219.4,6.0,9330.0,251.2
2019-07-20T13:23:40,38.6,178.9,221.8,6.0,9350.0,252.2
2019-07-20T13:24:11,38.7,180.1,219.4,6.1,9370.0,251.2
2019-07-20T13:24:42,38.7,178.3,216.5,5.5,9390.0,251.2
2019-07-20T13:25:13,38.7,161.2,216.5,6.1,9410.0,253.1
2019-07-20T13:25:45,38.7,160.6,214.1,6.3,9430.0,251.2
2019-07-20T13:26:16,38.7,153.5,216.5,6.6,9450.0,251.2
2019-07-20T13:26:47,38.7,165.9,218.8,6.4,9470.0,251.2
2019-07-20T13:27:18,38.7,167.7,220.0,6.3,9490.0,251.2
2019-07-20T13:27:49,38.7,165.9,224.8,6.4,9510.0,251.2
2019-07-20T13:28:20,38.7,167.7,222.4,6.3,9530.0,249.3
2019-07-20T13:28:51,38.7,168.3,227.7,6.3,9550.0,249.3
2019-07-20T13:29:22,38.7,165.4,216.5,6.4,9570.0,250.2
2019-07-20T13:29:53,38.7,167.1,217.7,6.2,9590.0,251.2
2019-07-20T13:30:24,38.7,169.5,215.3,6.2,9610.0,247.3
2019-07-20T13:30:56,38.7,170.7,211.2,6.1,9620.0,250.2
2019-07-20T13:31:27,38.7,169.5,220.0,6.1,9640.0,251.2
2019-07-20T13:31:58,38.7,167.7,224.2,6.2,9660.0,250.2
2019-07-20T13:32:29,38.9,169.5,221.2,6.2,9680.0,249.3
2019-07-20T13:33:00,38.9,166.5,220.6,6.2,9700.0,249.3
2019-07-20T13:33:31,38.9,165.4,215.9,6.2,9720.0,250.2
2019-07-20T13:34:02,38.9,165.9,217.7,6.3,9740.0,250.2
2019-07-20T13:34:33,38.9,165.9,212.3,6.2,9760.0,250.2
2019-07-20T13:35:04,38.9,168.9,212.9,6.1,9780.0,251.2
2019-07-20T13:35:36,38.9,169.5,214.7,6.1,9800.0,253.1
2019-07-20T13:36:07,38.9,170.1,216.5,5.0,9820.0,250.2
2019-07-20T13:36:38,38.9,154.7,218.3,6.4,9830.0,250.2
2019-07-20T13:37:09,38.9,171.3,224.2,5.6,9850.0,249.3
2019-07-20T13:37:40,38.9,151.2,217.7,6.5,9870.0,250.2
2019-07-20T13:38:11,38.9,156.5,216.5,6.2,9890.0,249.3
2019-07-20T13:38:42,38.9,154.1,221.2,6.3,9910.0,251.2
2019-07-20T13:39:13,38.9,154.1,224.8,6.4,9930.0,250.2
2019-07-20T13:39:44,38.9,151.2,221.8,6.5,9950.0,251.2
2019-07-20T13:40:15,38.9,158.3,218.8,6.2,9960.0,252.2
2019-07-20T13:40:47,38.9,156.5,221.2,6.2,9980.0,253.1
2019-07-20T13:41:18,38.9,154.7,216.5,6.4,10000.0,252.2
2019-07-20T13:41:49,38.9,151.8,221.2,6.4,10020.0,253.1
2019-07-20T13:42:20,38.9,150.0,220.6,6.4,10040.0,252.2
2019-07-20T13:42:51,38.9,154.7,226.5,5.7,10060.0,253.1
2019-07-20T13:43:22,38.9,159.4,218.3,6.1,10080.0,251.2
2019-07-20T13:43:53,38.9,155.9,219.4,6.2,10090.0,250.2
2019-07-20T13:44:24,38.9,158.9,223.6,6.0,10110.0,250.2
2019-07-20T13:44:55,38.7,163.6,223.0,5.7,10130.0,250.2
2019-07-20T13:45:26,38.6,165.4,218.3,4.5,10150.0,249.3
2019-07-20T13:45:58,38.6,147.6,220.6,6.2,10170.0,248.3
2019-07-20T13:46:29,38.4,151.8,221.8,5.8,10180.0,247.3
2019-07-20T13:47:00,38.4,148.2,220.0,6.1,10200.0,247.3
2019-07-20T13:47:31,38.4,153.5,218.8,5.8,10220.0,246.4
2019-07-20T13:48:02,38.3,152.9,225.4,5.4,10240.0,245.4
2019-07-20T13:48:33,38.3,147.6,215.9,6.1,10250.0,246.4
2019-07-20T13:49:04,38.3,164.2,215.9,5.2,10270.0,246.4
2019-07-20T13:49:35,38.4,153.5,223.0,5.6,10290.0,247.3
2019-07-20T13:50:06,38.4,159.4,220.6,6.0,10310.0,247.3
2019-07-20T13:50:38,38.5,159.4,222.4,5.8,10320.0,246.4
2019-07-20T13:51:09,38.5,157.1,224.2,5.5,10340.0,247.3
2019-07-20T13:51:40,38.5,150.0,223.0,5.7,10360.0,248.3
2019-07-20T13:52:11,38.5,144.7,222.4,5.5,10380.0,248.3
2019-07-20T13:52:42,38.5,144.1,223.6,5.6,10390.0,246.4
2019-07-20T13:53:13,38.5,152.9,220.6,5.5,10410.0,249.3
2019-07-20T13:53:44,38.5,155.3,218.8,5.7,10430.0,249.3
2019-07-20T13:54:15,38.5,144.1,216.5,6.1,10450.0,248.3
2019-07-20T13:54:46,38.5,146.4,223.0,5.4,10460.0,247.3
2019-07-20T13:55:17,38.5,142.3,221.2,5.8,10480.0,247.3
2019-07-20T13:55:49,38.5,133.5,223.0,6.2,10500.0,248.3
2019-07-20T13:56:20,38.5,137.6,218.3,6.1,10510.0,250.2
2019-07-20T13:56:51,38.5,140.0,215.9,5.9,10530.0,247.3
2019-07-20T13:57:22,38.5,137.6,214.1,5.9,10550.0,246.4
2019-07-20T13:57:53,38.5,137.6,219.4,5.9,10570.0,248.3
2019-07-20T13:58:24,38.5,135.2,217.1,6.1,10580.0,247.3
2019-07-20T13:58:55,38.5,135.2,218.3,6.0,10600.0,248.3
2019-07-20T13:59:26,38.6,134.6,216.5,6.0,10620.0,246.4
2019-07-20T13:59:57,38.6,137.0,218.8,5.9,10630.0,248.3
2019-07-20T14:00:28,38.6,137.0,217.1,5.8,10650.0,247.3
2019-07-20T14:01:00,38.6,137.0,214.7,5.7,10670.0,250.2
2019-07-20T14:01:31,38.6,140.5,222.4,5.6,10680.0,250.2
2019-07-20T14:02:02,38.6,148.2,215.3,5.6,10700.0,250.2
2019-07-20T14:02:33,38.6,146.4,220.6,5.9,10720.0,251.2
2019-07-20T14:03:04,38.6,149.4,223.6,5.8,10730.0,252.2
2019-07-20T14:03:35,38.6,145.3,223.0,5.7,10750.0,250.2
2019-07-20T14:04:06,38.6,150.6,216.5,5.6,10770.0,252.2
2019-07-20T14:04:37,38.6,151.2,218.8,5.5,10780.0,249.3
2019-07-20T14:05:08,38.6,152.4,215.9,5.4,10800.0,251.2
2019-07-20T14:05:39,38.6,145.9,214.1,5.7,10820.0,249.3
2019-07-20T14:06:11,38.6,147.0,213.5,5.8,10830.0,251.2
2019-07-20T14:06:42,38.6,144.1,216.5,5.8,10850.0,249.3
2019-07-20T14:07:13,38.6,150.0,222.4,5.3,10870.0,248.3
2019-07-20T14:07:44,38.6,146.4,223.6,5.6,10880.0,248.3
2019-07-20T14:08:15,38.6,157.7,220.6,5.4,10900.0,248.3
2019-07-20T14:08:46,38.5,152.9,222.4,5.3,10910.0,248.3
2019-07-20T14:09:17,38.5,154.7,217.7,5.1,10930.0,247.3
2019-07-20T14:09:48,38.5,151.8,217.1,5.4,10950.0,247.3
2019-07-20T14:10:19,38.5,154.7,219.4,5.3,10960.0,249.3
2019-07-20T14:10:50,38.5,151.8,224.2,5.3,10980.0,251.2
2019-07-20T14:11:22,38.5,151.2,227.7,5.0,11000.0,249.3
2019-07-20T14:11:53,38.5,152.9,223.0,4.9,11010.0,248.3
2019-07-20T14:12:24,38.5,156.5,217.1,4.6,11030.0,248.3
2019-07-20T14:12:55,38.5,162.4,214.1,4.4,11040.0,249.3
2019-07-20T14:13:26,38.5,155.3,214.7,4.9,11060.0,249.3
2019-07-20T14:13:57,38.5,163.0,218.3,4.2,11080.0,248.3
2019-07-20T14:14:28,38.5,158.9,226.5,4.8,11090.0,247.3
2019-07-20T14:14:59,38.5,154.1,224.2,4.2,11110.0,249.3
2019-07-20T14:15:30,38.5,137.0,220.6,5.6,11120.0,248.3
2019-07-20T14:16:01,38.5,145.9,221.8,5.0,11140.0,247.3
2019-07-20T14:16:32,38.5,142.3,214.7,5.1,11150.0,248.3
2019-07-20T14:17:03,38.5,137.6,218.8,5.1,11170.0,245.4
2019-07-20T14:17:34,38.5,137.0,227.7,5.4,11180.0,245.4
2019-07-20T14:18:05,38.4,141.7,224.8,5.3,11200.0,246.4
2019-07-20T14:18:36,38.5,140.5,225.9,5.0,11220.0,246.4
2019-07-20T14:19:07,38.5,143.5,224.2,5.1,11230.0,247.3
2019-07-20T14:19:38,38.5,144.1,219.4,5.1,11250.0,245.4
2019-07-20T14:20:09,38.5,139.4,216.5,5.3,11260.0,245.4
2019-07-20T14:20:41,38.5,139.4,216.5,5.5,11280.0,248.3
2019-07-20T14:21:12,38.5,141.7,221.8,5.3,11290.0,248.3
2019-07-20T14:21:43,38.4,140.5,226.5,5.2,11310.0,249.3
2019-07-20T14:22:14,38.4,139.4,218.8,5.3,11320.0,249.3
2019-07-20T14:22:45,38.4,142.9,213.5,5.2,11340.0,249.3
2019-07-20T14:23:16,38.4,148.2,218.3,4.7,11360.0,250.2
2019-07-20T14:23:47,38.4,150.6,224.8,4.4,11370.0,250.2
2019-07-20T14:24:18,38.4,144.1,221.2,5.1,11390.0,249.3
2019-07-20T14:24:49,38.4,123.4,223.6,5.7,11400.0,249.3
2019-07-20T14:25:20,38.4,123.4,221.8,5.7,11420.0,249.3
2019-07-20T14:25:52,38.4,123.4,221.8,5.7,11430.0,249.3
2019-07-20T14:26:23,38.4,122.2,217.1,5.6,11450.0,250.2
2019-07-20T14:26:54,38.4,127.5,218.3,5.5,11460.0,251.2
2019-07-20T14:27:25,38.4,128.1,220.0,5.4,11480.0,247.3
2019-07-20T14:27:56,38.4,125.2,214.1,5.5,11490.0,248.3
2019-07-20T14:28:27,38.4,129.9,220.0,5.4,11510.0,248.3
2019-07-20T14:28:58,38.4,127.5,224.2,5.4,11520.0,250.2
2019-07-20T14:29:29,38.4,129.3,214.7,5.4,11540.0,249.3
2019-07-20T14:30:00,38.4,128.7,214.1,5.5,11550.0,248.3
2019-07-20T14:30:32,38.4,128.7,222.4,5.3,11570.0,247.3
2019-07-20T14:31:03,38.5,128.1,212.9,5.4,11580.0,248.3
2019-07-20T14:31:34,38.5,128.7,215.9,5.3,11600.0,250.2
2019-07-20T14:32:05,38.5,132.3,218.3,5.2,11610.0,250.2
2019-07-20T14:32:36,38.4,129.3,221.2,5.4,11630.0,251.2
2019-07-20T14:33:07,38.5,133.5,225.4,5.1,11640.0,248.3
2019-07-20T14:33:38,38.5,131.7,223.6,5.3,11660.0,249.3
2019-07-20T14:34:09,38.4,128.1,218.3,5.4,11670.0,249.3
2019-07-20T14:34:40,38.4,131.7,217.1,5.3,11690.0,249.3
2019-07-20T14:35:11,38.4,130.5,224.2,5.4,11700.0,250.2
2019-07-20T14:35:43,38.4,137.6,220.6,4.7,11720.0,249.3
2019-07-20T14:36:14,38.4,128.1,220.0,5.3,11740.0,249.3
2019-07-20T14:36:45,38.4,129.9,223.0,5.4,11750.0,248.3
2019-07-20T14:37:16,38.4,134.6,218.8,5.1,11770.0,248.3
2019-07-20T14:37:47,38.4,131.1,215.9,5.3,11780.0,247.3
2019-07-20T14:38:18,38.4,127.5,217.1,5.5,11800.0,247.3
2019-07-20T14:38:49,38.4,127.0,214.1,5.6,11810.0,248.3
2019-07-20T14:39:20,38.4,130.5,213.5,5.3,11830.0,249.3
2019-07-20T14:39:51,38.4,135.2,217.1,5.0,11840.0,248.3
2019-07-20T14:40:22,38.4,131.1,215.9,4.8,11860.0,249.3
2019-07-20T14:40:54,38.4,126.4,207.6,5.2,11870.0,246.4
2019-07-20T14:41:26,38.4,128.7,219.4,5.3,11890.0,250.2
2019-07-20T14:41:57,38.4,130.5,223.6,5.2,11900.0,250.2
2019-07-20T14:42:28,38.4,121.0,224.8,5.0,11920.0,249.3
2019-07-20T14:42:59,38.4,124.0,222.4,5.1,11930.0,249.3
2019-07-20T14:43:30,38.4,120.5,220.6,5.1,11950.0,249.3
2019-07-20T14:44:01,38.4,121.0,219.4,5.1,11960.0,250.2
2019-07-20T14:44:32,38.4,116.9,215.3,5.2,11970.0,248.3
2019-07-20T14:45:03,38.4,117.5,220.6,5.3,11990.0,248.3
2019-07-20T14:45:34,38.4,115.7,222.4,5.3,12000.0,249.3
2019-07-20T14:46:06,38.4,121.0,223.0,5.0,12020.0,248.3
2019-07-20T14:46:37,38.4,114.6,225.4,5.3,12030.0,248.3
2019-07-20T14:47:08,38.4,117.5,219.4,5.3,12040.0,247.3
2019-07-20T14:47:39,38.4,122.2,226.5,5.1,12060.0,247.3
2019-07-20T14:48:10,38.4,118.1,220.6,5.3,12070.0,247.3
2019-07-20T14:48:41,38.4,120.5,221.2,5.3,12090.0,246.4
2019-07-20T14:49:12,38.3,124.0,221.2,5.0,12100.0,245.4
2019-07-20T14:49:43,38.4,116.9,221.2,5.4,12110.0,246.4
2019-07-20T14:50:14,38.4,121.0,223.6,5.1,12130.0,247.3
2019-07-20T14:50:45,38.4,115.7,217.7,5.4,12140.0,244.4
2019-07-20T14:51:17,38.4,119.9,225.9,5.3,12160.0,245.4
2019-07-20T14:51:48,38.4,121.6,218.8,5.1,12170.0,248.3
2019-07-20T14:52:19,38.3,114.6,216.5,5.4,12190.0,247.3
2019-07-20T14:52:50,38.3,122.8,219.4,5.0,12200.0,247.3
2019-07-20T14:53:21,38.4,116.3,222.4,5.3,12220.0,248.3
2019-07-20T14:53:52,38.4,118.1,220.6,5.0,12230.0,246.4
2019-07-20T14:54:23,38.4,123.4,225.9,4.9,12240.0,247.3
2019-07-20T14:54:54,38.4,117.5,220.6,4.9,12260.0,245.4
2019-07-20T14:55:25,38.4,115.7,218.8,4.9,12270.0,246.4
2019-07-20T14:55:56,38.4,125.2,228.9,4.0,12280.0,247.3
2019-07-20T14:56:28,38.3,127.0,225.9,4.1,12300.0,248.3
2019-07-20T14:56:59,38.3,125.2,218.3,4.2,12310.0,247.3
2019-07-20T14:57:30,38.3,121.6,224.2,5.0,12320.0,247.3
2019-07-20T14:58:01,38.3,121.0,220.6,4.9,12340.0,245.4
2019-07-20T14:58:32,38.3,120.5,222.4,4.9,12350.0,244.4
2019-07-20T14:59:03,38.3,121.6,219.4,2.8,12360.0,241.5
2019-07-20T14:59:34,38.3,123.4,229.5,3.3,12370.0,243.5
2019-07-20T15:00:05,38.2,123.4,200.5,3.8,12380.0,244.4
2019-07-20T15:00:36,38.2,134.6,214.1,3.4,12390.0,244.4
2019-07-20T15:01:08,38.2,121.6,229.5,3.8,12400.0,242.5
2019-07-20T15:01:39,38.0,127.0,233.6,1.8,12410.0,244.4
2019-07-20T15:02:10,38.0,115.1,216.5,1.6,12420.0,244.4
2019-07-20T15:02:41,38.0,112.8,194.6,2.8,12420.0,247.3
2019-07-20T15:03:12,38.0,123.4,180.4,3.6,12430.0,247.3
2019-07-20T15:03:43,38.0,102.7,218.8,4.8,12450.0,248.3
2019-07-20T15:04:14,38.0,103.3,215.9,4.6,12460.0,249.3
2019-07-20T15:04:45,37.9,102.1,227.7,4.8,12470.0,248.3
2019-07-20T15:05:16,37.9,105.1,221.2,4.7,12480.0,248.3
2019-07-20T15:05:47,37.9,105.7,224.2,4.6,12500.0,247.3
2019-07-20T15:06:19,37.9,106.3,230.1,4.4,12510.0,248.3
2019-07-20T15:06:50,37.9,105.1,224.2,4.6,12520.0,248.3
2019-07-20T15:07:21,37.9,103.3,222.4,4.7,12530.0,247.3
2019-07-20T15:07:52,37.9,105.1,227.1,4.6,12550.0,246.4
2019-07-20T15:08:23,37.9,104.5,215.3,4.7,12560.0,246.4
2019-07-20T15:08:54,37.9,102.7,221.8,4.8,12570.0,247.3
2019-07-20T15:09:25,37.9,104.5,225.9,4.7,12590.0,246.4
2019-07-20T15:09:56,37.9,102.1,228.9,4.8,12600.0,245.4
2019-07-20T15:10:27,37.9,104.5,216.5,4.8,12610.0,246.4
2019-07-20T15:10:58,37.9,103.9,215.9,4.8,12620.0,245.4
2019-07-20T15:11:30,37.9,102.1,220.6,4.5,12640.0,247.3
2019-07-20T15:12:01,37.9,103.9,222.4,4.8,12650.0,247.3
2019-07-20T15:12:32,37.9,102.7,223.6,4.8,12660.0,247.3
2019-07-20T15:13:03,37.9,104.5,222.4,4.5,12680.0,247.3
2019-07-20T15:13:34,37.9,107.5,226.5,4.8,12690.0,247.3
2019-07-20T15:14:05,37.8,106.9,221.8,4.1,12700.0,248.3
2019-07-20T15:14:36,37.8,121.6,230.7,2.6,12710.0,248.3
2019-07-20T15:15:07,37.8,111.0,227.7,2.7,12720.0,247.3
2019-07-20T15:15:39,37.8,124.0,224.2,2.6,12730.0,247.3
2019-07-20T15:16:10,37.7,121.6,223.0,2.1,12740.0,247.3
2019-07-20T15:16:41,37.7,128.7,223.6,2.0,12750.0,246.4
2019-07-20T15:17:12,37.7,135.8,219.4,2.1,12760.0,245.4
2019-07-20T15:17:43,37.7,126.4,218.8,1.9,12770.0,245.4
2019-07-20T15:18:14,37.7,119.3,224.2,2.3,12780.0,244.4
2019-07-20T15:18:45,37.6,111.6,230.1,2.3,12790.0,244.4
2019-07-20T15:19:16,37.6,102.7,222.4,3.1,12800.0,244.4
2019-07-20T15:19:47,37.6,103.9,219.4,2.8,12810.0,244.4
2019-07-20T15:20:18,37.6,103.9,228.3,2.6,12820.0,245.4
2019-07-20T15:20:50,37.5,102.7,220.6,2.8,12830.0,247.3
2019-07-20T15:21:21,37.5,102.7,220.0,2.8,12840.0,247.3
2019-07-20T15:21:52,37.5,102.7,230.1,2.8,12850.0,246.4
2019-07-20T15:22:23,37.5,102.7,227.1,2.9,12860.0,246.4
2019-07-20T15:22:54,37.5,102.7,224.2,2.7,12870.0,247.3
2019-07-20T15:23:25,37.4,102.7,222.4,2.2,12880.0,247.3
2019-07-20T15:23:56,37.4,137.0,223.6,1.2,12890.0,248.3
2019-07-20T15:24:27,37.4,132.9,218.8,1.2,12900.0,248.3
2019-07-20T15:24:58,37.4,137.0,226.5,1.1,12910.0,248.3
2019-07-20T15:25:29,37.4,131.1,225.4,1.1,12920.0,245.4
2019-07-20T15:26:01,37.2,155.3,246.6,0.9,12930.0,244.4
2019-07-20T15:26:32,37.2,159.4,221.2,1.0,12940.0,242.5
2019-07-20T15:27:03,37.2,157.7,227.1,0.9,12950.0,241.5
2019-07-20T15:27:34,37.2,157.1,227.7,0.6,12950.0,236.7
2019-07-20T15:28:05,37.2,160.0,216.5,0.6,12960.0,239.6
2019-07-20T15:28:36,37.1,180.1,228.3,0.5,12960.0,239.6
2019-07-20T15:29:07,37.1,202.0,220.6,0.4,12960.0,239.6
2019-07-20T15:29:38,37.0,197.8,228.3,0.5,12960.0,237.7
2019-07-20T15:30:09,37.0,207.9,217.7,0.4,12960.0,240.6
2019-07-20T15:30:40,36.9,200.2,231.9,0.5,12970.0,240.6
2019-07-20T15:31:12,36.9,178.3,225.9,0.5,12970.0,241.5
2019-07-20T15:31:43,36.8,193.1,229.5,0.4,12970.0,241.5
2019-07-20T15:32:14,36.7,213.2,225.9,0.4,12970.0,243.5
2019-07-20T15:32:45,36.7,196.1,235.4,0.5,12970.0,241.5
2019-07-20T15:33:16,36.7,173.6,214.7,0.6,12980.0,241.5
2019-07-20T15:33:47,36.5,186.6,214.7,0.5,12980.0,240.6
2019-07-20T15:34:18,36.5,207.3,224.2,0.4,12980.0,241.5
2019-07-20T15:34:49,36.4,213.2,207.6,0.5,12980.0,241.5
2019-07-20T15:35:20,36.4,203.2,219.4,0.4,12990.0,241.5
2019-07-20T15:35:51,36.4,206.7,225.4,0.4,12990.0,242.5
2019-07-20T15:36:23,36.3,194.3,234.8,0.5,12990.0,242.5
2019-07-20T15:36:54,36.3,215.0,230.7,0.4,12990.0,240.6
2019-07-20T15:37:25,36.3,223.8,244.3,0.4,12990.0,240.6
2019-07-20T15:37:56,36.2,199.0,233.0,0.5,13000.0,239.6
2019-07-20T15:38:27,36.2,177.2,192.8,0.7,13000.0,244.4
2019-07-20T15:38:58,36.2,155.9,162.6,0.8,13010.0,245.4
2019-07-20T15:39:29,36.2,168.3,185.7,0.7,13010.0,244.4
2019-07-20T15:40:00,36.1,189.6,225.4,0.7,13020.0,244.4
2019-07-20T15:40:31,36.1,213.2,236.6,0.6,13030.0,244.4
2019-07-20T15:41:03,36.1,233.9,236.0,0.6,13040.0,245.4
2019-07-20T15:41:34,36.1,219.1,239.5,0.7,13050.0,247.3
2019-07-20T15:42:05,36.1,232.1,235.4,0.6,13060.0,245.4
2019-07-20T15:42:36,36.1,219.1,230.7,0.7,13060.0,245.4
2019-07-20T15:43:07,36.1,219.7,225.9,0.6,13070.0,246.4
2019-07-20T15:43:38,36.1,230.3,229.5,0.6,13080.0,246.4
2019-07-20T15:44:09,36.1,220.9,230.7,0.6,13090.0,245.4
2019-07-20T15:44:40,36.1,226.2,233.0,0.7,13100.0,246.4
2019-07-20T15:45:11,36.1,223.2,236.6,0.6,13110.0,246.4
2019-07-20T15:45:42,36.1,226.8,230.7,0.6,13110.0,246.4
2019-07-20T15:46:14,36.0,219.1,229.5,0.6,13120.0,245.4
2019-07-20T15:46:45,36.0,217.9,234.8,0.6,13130.0,245.4
2019-07-20T15:47:16,36.0,228.0,234.2,0.6,13140.0,244.4
2019-07-20T15:47:47,36.0,207.3,229.5,0.7,13150.0,244.4
2019-07-20T15:48:18,36.0,216.2,233.6,0.7,13150.0,244.4
2019-07-20T15:48:49,36.0,229.7,235.4,0.6,13160.0,245.4
2019-07-20T15:49:20,36.0,222.7,227.7,0.6,13170.0,244.4
2019-07-20T15:49:51,35.9,220.3,225.4,0.6,13180.0,246.4
2019-07-20T15:50:22,35.9,231.5,225.9,0.6,13180.0,246.4
2019-07-20T15:50:54,35.9,226.8,226.5,0.7,13190.0,246.4
2019-07-20T15:51:25,35.9,220.9,233.0,0.7,13200.0,246.4
2019-07-20T15:51:56,35.9,225.0,228.3,0.6,13210.0,247.3
2019-07-20T15:52:27,35.7,215.0,230.7,0.7,13210.0,245.4
2019-07-20T15:52:58,35.7,232.1,225.9,0.6,13220.0,245.4
2019-07-20T15:53:29,35.7,209.7,228.9,0.6,13230.0,245.4
2019-07-20T15:54:00,35.7,229.7,233.6,0.6,13240.0,244.4
2019-07-20T15:54:31,35.7,216.2,227.7,0.6,13240.0,244.4
2019-07-20T15:55:02,35.7,225.6,225.9,0.7,13250.0,243.5
2019-07-20T15:55:34,35.7,217.9,228.3,0.7,13260.0,245.4
2019-07-20T15:56:05,35.7,231.5,230.1,0.6,13260.0,244.4
2019-07-20T15:56:36,35.6,223.2,230.1,0.6,13270.0,244.4
2019-07-20T15:57:07,35.6,228.6,232.4,0.6,13280.0,244.4
2019-07-20T15:57:38,35.6,227.4,233.6,0.6,13290.0,245.4
2019-07-20T15:58:09,35.6,225.0,224.2,0.6,13290.0,245.4
2019-07-20T15:58:40,35.6,217.3,227.7,0.6,13300.0,246.4
2019-07-20T15:59:11,35.6,226.8,233.6,0.6,13310.0,245.4
2019-07-20T15:59:42,35.6,216.7,236.6,0.6,13310.0,246.4
2019-07-20T16:00:13,35.6,226.2,231.9,0.6,13320.0,246.4
2019-07-20T16:00:45,35.6,217.3,227.7,0.6,13330.0,246.4
2019-07-20T16:01:16,35.6,228.6,226.5,0.6,13330.0,245.4
2019-07-20T16:01:47,35.6,213.8,227.7,0.6,13340.0,245.4
2019-07-20T16:02:18,35.5,231.5,224.8,0.5,13350.0,244.4
2019-07-20T16:02:49,35.5,222.7,224.8,0.6,13350.0,244.4
2019-07-20T16:03:20,35.5,221.5,225.9,0.5,13360.0,246.4
2019-07-20T16:03:51,35.5,222.7,227.7,0.5,13370.0,245.4
2019-07-20T16:04:22,35.5,218.5,231.3,0.5,13370.0,244.4
2019-07-20T16:04:53,35.4,229.2,236.6,0.5,13380.0,246.4
2019-07-20T16:05:24,35.4,207.9,239.0,0.5,13380.0,245.4
2019-07-20T16:05:56,35.4,224.4,228.3,0.5,13390.0,245.4
2019-07-20T16:06:27,35.4,220.3,231.9,0.5,13400.0,243.5
2019-07-20T16:06:58,35.4,213.2,230.7,0.2,13400.0,242.5
2019-07-20T16:07:29,35.4,190.8,209.4,0.3,13400.0,242.5
2019-07-20T16:08:00,35.3,189.0,216.5,0.3,13400.0,240.6
2019-07-20T16:08:31,35.3,208.5,229.5,0.2,13400.0,238.6
2019-07-20T16:09:02,35.3,189.0,207.0,0.3,13400.0,239.6
2019-07-20T16:09:33,35.2,170.1,217.1,0.3,13400.0,238.6
2019-07-20T16:10:04,35.2,147.6,232.4,0.4,13400.0,239.6
2019-07-20T16:10:36,35.2,163.0,218.8,0.4,13410.0,240.6
2019-07-20T16:11:07,35.0,183.1,207.6,0.3,13410.0,240.6
2019-07-20T16:11:38,35.0,203.2,227.7,0.3,13410.0,239.6
2019-07-20T16:12:09,34.9,229.2,205.2,0.4,13410.0,241.5
2019-07-20T16:12:40,34.8,225.0,195.2,0.5,13410.0,242.5
2019-07-20T16:13:11,34.9,212.0,218.8,0.5,13420.0,242.5
2019-07-20T16:13:42,34.9,232.7,244.3,0.4,13420.0,241.5
2019-07-20T16:14:13,34.8,216.7,225.9,0.6,13430.0,243.5
2019-07-20T16:14:44,34.8,216.7,236.6,0.6,13430.0,242.5
2019-07-20T16:15:15,34.8,209.1,242.5,0.6,13440.0,242.5
2019-07-20T16:15:47,34.8,203.7,233.0,0.5,13450.0,241.5
2019-07-20T16:16:18,34.7,220.9,230.7,0.5,13450.0,242.5
2019-07-20T16:16:49,34.7,206.7,233.6,0.6,13460.0,241.5
2019-07-20T16:17:20,34.7,217.3,227.1,0.6,13460.0,241.5
2019-07-20T16:17:51,34.7,223.8,230.7,0.5,13470.0,241.5
2019-07-20T16:18:22,34.7,203.7,231.9,0.6,13470.0,242.5
2019-07-20T16:18:53,34.7,215.0,236.6,0.5,13480.0,242.5
2019-07-20T16:19:24,34.7,227.4,233.6,0.4,13480.0,241.5
2019-07-20T16:19:55,34.7,207.9,215.9,0.5,13490.0,241.5
2019-07-20T16:20:26,34.6,186.6,222.4,0.6,13490.0,241.5
2019-07-20T16:20:58,34.6,200.8,239.5,0.6,13500.0,243.5
2019-07-20T16:21:29,34.6,223.2,240.1,0.5,13500.0,242.5
2019-07-20T16:22:00,34.6,202.0,229.5,0.6,13500.0,242.5
2019-07-20T16:22:31,34.6,180.7,235.4,0.7,13510.0,242.5
2019-07-20T16:23:02,34.5,190.8,234.2,0.6,13510.0,242.5
2019-07-20T16:23:33,34.5,213.2,231.9,0.6,13520.0,242.5
2019-07-20T16:24:04,34.5,223.2,242.5,0.6,13530.0,242.5
2019-07-20T16:24:35,34.5,225.0,236.0,0.6,13530.0,243.5
2019-07-20T16:25:06,34.5,232.7,231.9,0.6,13540.0,242.5
2019-07-20T16:25:38,34.5,220.9,235.4,0.6,13540.0,243.5
2019-07-20T16:26:09,34.5,197.8,238.4,0.7,13550.0,242.5
2019-07-20T16:26:40,34.5,183.1,230.1,0.9,13550.0,242.5
2019-07-20T16:27:11,34.5,206.1,236.6,0.8,13560.0,242.5
2019-07-20T16:27:42,34.5,228.0,235.4,0.7,13560.0,242.5
2019-07-20T16:28:13,34.5,230.3,228.3,0.7,13570.0,242.5
2019-07-20T16:28:44,34.5,212.6,228.9,0.7,13570.0,243.5
2019-07-20T16:29:15,34.5,213.8,237.8,0.7,13580.0,241.5
2019-07-20T16:29:46,34.5,220.3,230.1,0.7,13580.0,241.5
2019-07-20T16:30:17,34.5,206.7,230.1,0.7,13590.0,242.5
2019-07-20T16:30:49,34.5,200.2,238.4,0.7,13590.0,244.4
2019-07-20T16:31:20,34.5,217.9,230.7,0.7,13600.0,245.4
2019-07-20T16:31:51,34.5,199.6,230.7,0.8,13600.0,243.5
2019-07-20T16:32:22,34.5,220.9,226.5,0.7,13610.0,244.4
2019-07-20T16:32:53,34.5,199.6,237.2,0.8,13610.0,245.4
2019-07-20T16:33:24,34.5,212.0,222.4,0.8,13620.0,244.4
2019-07-20T16:33:55,34.5,232.1,230.1,0.7,13620.0,243.5
2019-07-20T16:34:26,34.5,210.2,233.6,0.8,13630.0,243.5
2019-07-20T16:34:57,34.5,189.6,237.2,0.8,13630.0,247.3
2019-07-20T16:35:28,34.5,196.1,226.5,0.8,13640.0,246.4
2019-07-20T16:36:00,34.5,194.9,233.6,0.8,13650.0,246.4
2019-07-20T16:36:31,34.5,215.6,235.4,0.8,13650.0,246.4
2019-07-20T16:37:02,34.5,201.4,223.0,0.8,13660.0,244.4
2019-07-20T16:37:33,34.5,220.9,231.9,0.8,13660.0,245.4
2019-07-20T16:38:04,34.5,217.3,232.4,0.8,13660.0,244.4
2019-07-20T16:38:35,34.5,213.8,230.1,0.7,13670.0,246.4
2019-07-20T16:39:06,34.5,207.9,243.1,0.8,13670.0,246.4
2019-07-20T16:39:37,34.5,219.7,241.9,0.7,13680.0,246.4
2019-07-20T16:40:08,34.5,199.0,249.0,0.7,13680.0,246.4
2019-07-20T16:40:39,34.4,220.9,251.4,0.7,13680.0,246.4
2019-07-20T16:41:11,34.4,223.2,257.9,0.6,13690.0,245.4
2019-07-20T16:41:42,34.4,213.2,254.3,0.6,13690.0,245.4
2019-07-20T16:42:13,34.4,223.2,252.6,0.5,13690.0,245.4
2019-07-20T16:42:44,34.4,215.6,233.0,0.5,13690.0,244.4
2019-07-20T16:43:15,34.2,223.2,247.8,0.5,13700.0,243.5
2019-07-20T16:43:46,34.2,211.4,242.5,0.5,13700.0,245.4
2019-07-20T16:44:17,34.2,228.6,233.6,0.4,13700.0,243.5
2019-07-20T16:44:48,34.2,217.9,230.7,0.4,13700.0,244.4
2019-07-20T16:45:19,34.2,208.5,234.8,0.5,13700.0,244.4
2019-07-20T16:45:50,34.1,201.4,223.0,0.5,13700.0,245.4
2019-07-20T16:46:22,34.1,194.3,228.3,0.5,13710.0,244.4
2019-07-20T16:46:53,34.1,175.4,226.5,0.6,13710.0,245.4
2019-07-20T16:47:24,34.0,157.7,213.5,0.6,13710.0,244.4
2019-07-20T16:47:55,34.0,162.4,234.2,0.6,13710.0,245.4
2019-07-20T16:48:26,34.0,168.9,211.7,0.5,13710.0,245.4
2019-07-20T16:48:57,34.0,152.9,221.8,0.7,13710.0,244.4
2019-07-20T16:49:28,34.0,148.2,229.5,0.5,13710.0,245.4
2019-07-20T16:49:59,33.9,168.9,208.2,0.4,13710.0,245.4
2019-07-20T16:50:30,33.9,191.3,228.3,0.4,13720.0,244.4
2019-07-20T16:51:02,33.8,187.2,227.7,0.4,13720.0,245.4
2019-07-20T16:51:33,33.8,191.3,211.7,0.4,13720.0,246.4
2019-07-20T16:52:04,33.8,170.7,233.0,0.5,13720.0,244.4
2019-07-20T16:52:35,33.8,149.4,226.5,0.5,13720.0,245.4
2019-07-20T16:53:06,33.8,129.3,212.9,0.6,13720.0,244.4
2019-07-20T16:53:37,33.7,111.0,233.6,0.7,13720.0,244.4
2019-07-20T16:54:08,33.7,132.3,237.2,0.6,13720.0,244.4
2019-07-20T16:54:39,33.7,137.6,227.7,0.7,13720.0,244.4
2019-07-20T16:55:10,33.7,140.5,211.2,0.6,13720.0,244.4
2019-07-20T16:55:41,33.5,117.5,231.3,0.6,13730.0,245.4
2019-07-20T16:56:13,33.5,132.3,228.9,0.6,13730.0,244.4
2019-07-20T16:56:44,33.5,126.4,212.3,0.5,13730.0,243.5
2019-07-20T16:57:15,33.4,135.8,234.2,0.4,13730.0,242.5
2019-07-20T16:57:46,33.4,138.8,224.2,0.4,13730.0,243.5
2019-07-20T16:58:17,33.4,140.0,203.5,0.2,13730.0,244.4
2019-07-20T16:58:48,33.4,160.6,215.3,0.2,13730.0,243.5
2019-07-20T16:59:19,33.3,170.7,223.6,0.2,13730.0,244.4
2019-07-20T16:59:50,33.3,161.8,204.1,0.2,13730.0,244.4
2019-07-20T17:00:21,33.2,182.5,188.7,0.2,13730.0,243.5
2019-07-20T17:00:52,33.2,203.2,208.2,0.1,13730.0,244.4
2019-07-20T17:01:24,33.2,192.5,228.9,0.1,13730.0,243.5
2019-07-20T17:01:55,33.1,171.3,217.1,0.1,13730.0,243.5
2019-07-20T17:02:26,33.1,168.3,194.6,0.1,13730.0,243.5
2019-07-20T17:02:57,33.1,188.4,205.8,0.1,13730.0,243.5
2019-07-20T17:03:28,33.0,204.3,227.7,0.1,13730.0,245.4
2019-07-20T17:03:59,33.0,184.3,205.8,0.1,13730.0,242.5
2019-07-20T17:04:30,33.0,167.7,185.1,0.1,13730.0,243.5
2019-07-20T17:05:01,32.9,187.2,179.8,0.0,13730.0,244.4
2019-07-20T17:05:32,32.9,177.2,202.9,0.0,13730.0,243.5
2019-07-20T17:06:04,32.7,153.5,222.4,0.0,13730.0,243.5
2019-07-20T17:06:35,32.7,135.2,206.4,0.0,13730.0,241.5
2019-07-20T17:07:06,32.7,128.1,183.9,0.0,13730.0,240.6
2019-07-20T17:07:37,32.6,147.0,167.4,0.1,13730.0,242.5
2019-07-20T17:08:08,32.6,167.1,144.9,0.1,13730.0,241.5
2019-07-20T17:08:39,32.5,189.0,124.8,0.0,13730.0,242.5
2019-07-20T17:09:10,32.5,196.7,229.5,0.0,13730.0,241.5
2019-07-20T17:09:41,32.4,196.1,218.8,0.0,13730.0,241.5
2019-07-20T17:10:12,32.4,194.9,215.9,0.0,13730.0,240.6
2019-07-20T17:10:43,32.3,193.7,212.9,0.0,13730.0,241.5
2019-07-20T17:11:15,32.3,192.5,208.8,0.0,13730.0,241.5
2019-07-20T17:11:46,32.2,191.3,204.6,0.0,13730.0,241.5
2019-07-20T17:12:17,32.2,189.6,198.7,0.0,13730.0,240.6
2019-07-20T17:12:48,32.2,157.1,197.5,0.0,13730.0,241.5
2019-07-20T17:13:19,32.0,183.7,183.9,0.0,13730.0,241.5
2019-07-20T17:13:50,32.0,179.5,179.8,0.0,13730.0,241.5
2019-07-20T17:14:21,32.0,174.8,175.1,0.0,13730.0,242.5
2019-07-20T17:14:52,31.9,142.3,169.7,0.0,13730.0,242.5
2019-07-20T17:15:23,31.9,157.1,157.3,0.0,13730.0,244.4
2019-07-20T17:15:54,31.8,142.9,143.1,0.0,13730.0,244.4
2019-07-20T17:16:26,31.8,115.7,115.9,0.0,13730.0,242.5
