2019-03-02T06:35:27,21.3,158.9,180.4,0.2,0.0,244.4
2019-03-02T06:36:00,21.7,180.7,201.1,0.2,0.0,245.4
2019-03-02T06:36:31,21.7,202.0,223.6,0.2,10.0,244.4
2019-03-02T06:37:02,21.7,216.2,243.7,0.2,10.0,245.4
2019-03-02T06:37:33,22.0,192.5,223.0,0.2,10.0,245.4
2019-03-02T06:38:04,21.7,171.9,202.3,0.2,10.0,244.4
2019-03-02T06:38:35,22.0,150.6,181.6,0.3,10.0,245.4
2019-03-02T06:39:06,22.0,129.9,162.0,0.3,10.0,243.5
2019-03-02T06:39:37,22.0,152.9,168.6,0.3,10.0,244.4
2019-03-02T06:40:08,22.0,175.4,190.4,0.3,10.0,244.4
2019-03-02T06:40:39,22.0,196.7,213.5,0.3,10.0,247.3
2019-03-02T06:41:11,22.4,216.7,235.4,0.3,10.0,245.4
2019-03-02T06:41:42,22.0,203.7,228.3,0.3,10.0,246.4
2019-03-02T06:42:13,22.4,183.7,207.0,0.3,10.0,245.4
2019-03-02T06:42:44,22.4,164.2,204.1,0.3,20.0,246.4
2019-03-02T06:43:15,22.4,151.2,227.7,0.3,20.0,245.4
2019-03-02T06:43:46,22.8,173.6,236.0,0.3,20.0,245.4
2019-03-02T06:44:17,22.8,193.7,214.1,0.3,20.0,245.4
2019-03-02T06:44:48,22.8,214.4,227.1,0.2,20.0,246.4
2019-03-02T06:45:19,22.8,201.4,240.1,0.3,20.0,245.4
2019-03-02T06:45:50,22.8,180.7,218.3,0.3,20.0,246.4
2019-03-02T06:46:22,23.1,161.2,200.5,0.3,20.0,245.4
2019-03-02T06:46:53,23.1,178.9,221.2,0.3,20.0,246.4
2019-03-02T06:47:24,23.1,200.8,241.9,0.3,20.0,246.4
2019-03-02T06:47:55,23.1,220.3,223.6,0.2,20.0,246.4
2019-03-02T06:48:26,23.5,197.8,208.8,0.3,30.0,246.4
2019-03-02T06:48:57,23.5,177.8,230.7,0.3,30.0,246.4
2019-03-02T06:49:28,23.5,156.5,239.0,0.4,30.0,246.4
2019-03-02T06:49:59,23.5,151.8,217.1,0.4,30.0,246.4
2019-03-02T06:50:30,23.5,173.0,196.4,0.4,30.0,244.4
2019-03-02T06:51:01,23.9,194.9,202.9,0.3,30.0,244.4
2019-03-02T06:51:32,23.9,216.2,225.9,0.3,30.0,245.4
2019-03-02T06:52:03,23.9,206.7,246.1,0.3,30.0,244.4
2019-03-02T06:52:34,23.9,186.6,225.9,0.3,30.0,245.4
2019-03-02T06:53:05,24.2,165.9,205.2,0.4,40.0,243.5
2019-03-02T06:53:36,24.2,170.7,225.9,0.4,40.0,245.4
2019-03-02T06:54:07,24.2,191.9,242.5,0.4,40.0,246.4
2019-03-02T06:54:38,24.2,213.2,220.0,0.3,40.0,246.4
2019-03-02T06:55:09,24.2,208.5,202.9,0.3,40.0,245.4
2019-03-02T06:55:41,24.2,188.4,225.9,0.4,40.0,244.4
2019-03-02T06:56:12,24.6,167.1,242.5,0.4,40.0,244.4
2019-03-02T06:56:43,24.6,147.0,221.2,0.5,50.0,245.4
2019-03-02T06:57:14,24.6,158.9,202.3,0.4,50.0,247.3
2019-03-02T06:57:45,24.6,181.3,225.9,0.4,50.0,245.4
2019-03-02T06:58:16,25.0,202.6,241.9,0.4,50.0,245.4
2019-03-02T06:58:47,25.0,222.1,220.0,0.3,50.0,245.4
2019-03-02T06:59:18,25.0,201.4,227.7,0.4,50.0,245.4
2019-03-02T06:59:49,25.0,180.7,247.8,0.4,50.0,246.4
2019-03-02T07:00:20,25.0,161.2,225.9,0.5,60.0,246.4
2019-03-02T07:00:52,25.0,140.5,204.6,0.6,60.0,244.4
2019-03-02T07:01:23,25.3,138.2,183.3,0.6,60.0,245.4
2019-03-02T07:01:54,25.3,161.8,203.5,0.6,60.0,246.4
2019-03-02T07:02:25,25.3,183.1,227.7,0.6,60.0,245.4
2019-03-02T07:02:56,25.3,204.9,247.8,0.5,70.0,244.4
2019-03-02T07:03:27,25.7,225.0,228.3,0.5,70.0,246.4
2019-03-02T07:03:58,25.3,202.0,214.1,0.6,70.0,243.5
2019-03-02T07:04:29,25.7,193.1,236.0,0.6,70.0,244.4
2019-03-02T07:05:00,25.7,214.4,228.9,0.6,70.0,242.5
2019-03-02T07:05:32,25.7,210.2,239.0,0.6,80.0,243.5
2019-03-02T07:06:03,25.7,189.6,228.9,0.7,80.0,242.5
2019-03-02T07:06:34,26.1,175.4,220.6,0.7,80.0,241.5
2019-03-02T07:07:05,26.1,196.1,230.7,0.7,80.0,242.5
2019-03-02T07:07:37,26.4,181.3,221.2,0.7,90.0,243.5
2019-03-02T07:08:08,26.4,161.2,237.2,0.7,90.0,241.5
2019-03-02T07:08:39,26.4,171.3,225.4,0.7,90.0,242.5
2019-03-02T07:09:10,26.8,194.3,226.5,0.6,90.0,242.5
2019-03-02T07:09:41,26.8,188.4,244.3,0.7,100.0,243.5
2019-03-02T07:10:12,26.8,207.9,228.9,0.6,100.0,244.4
2019-03-02T07:10:43,26.8,195.5,228.3,0.6,100.0,243.5
2019-03-02T07:11:15,26.8,183.1,227.7,0.6,100.0,242.5
2019-03-02T07:11:46,27.2,185.4,228.3,0.6,100.0,240.6
2019-03-02T07:12:17,27.2,206.1,238.4,0.5,110.0,238.6
2019-03-02T07:12:48,27.2,223.2,246.1,0.5,110.0,237.7
2019-03-02T07:13:19,27.2,200.8,223.6,0.6,110.0,238.6
2019-03-02T07:13:50,27.2,180.7,223.0,0.7,110.0,239.6
2019-03-02T07:14:21,27.2,172.4,209.4,0.7,120.0,238.6
2019-03-02T07:14:52,27.2,194.9,228.9,0.6,120.0,239.6
2019-03-02T07:15:23,27.2,199.0,230.7,0.7,120.0,239.6
2019-03-02T07:15:54,27.2,180.1,238.4,0.7,120.0,238.6
2019-03-02T07:16:26,27.5,170.7,220.6,0.8,130.0,239.6
2019-03-02T07:16:57,27.2,191.9,243.1,0.7,130.0,239.6
2019-03-02T07:17:28,27.5,213.8,225.9,0.6,130.0,241.5
2019-03-02T07:17:59,27.5,215.6,246.1,0.6,130.0,241.5
2019-03-02T07:18:30,27.5,194.9,226.5,0.7,140.0,241.5
2019-03-02T07:19:01,27.9,173.0,231.3,0.7,140.0,242.5
2019-03-02T07:19:32,27.9,177.2,240.1,0.8,140.0,240.6
2019-03-02T07:20:03,27.9,198.4,221.8,0.7,140.0,242.5
2019-03-02T07:20:34,27.9,215.6,239.0,0.6,150.0,240.6
2019-03-02T07:21:06,27.9,192.5,237.8,0.7,150.0,240.6
2019-03-02T07:21:37,27.9,211.4,232.4,0.6,150.0,240.6
2019-03-02T07:22:08,27.9,216.2,228.9,0.6,160.0,241.5
2019-03-02T07:22:39,27.9,205.5,239.5,0.7,160.0,241.5
2019-03-02T07:23:10,27.9,199.0,242.5,0.8,160.0,241.5
2019-03-02T07:23:41,28.3,220.3,220.6,0.7,160.0,241.5
2019-03-02T07:24:12,28.3,215.0,234.8,0.7,170.0,242.5
2019-03-02T07:24:43,28.3,216.2,228.3,0.7,170.0,242.5
2019-03-02T07:25:14,28.3,202.0,223.0,0.8,170.0,240.6
2019-03-02T07:25:45,28.3,194.3,219.4,1.0,180.0,239.6
2019-03-02T07:26:17,27.9,186.6,230.1,0.9,180.0,239.6
2019-03-02T07:26:48,28.3,199.0,232.4,0.9,180.0,239.6
2019-03-02T07:27:19,28.3,180.1,242.5,1.1,190.0,238.6
2019-03-02T07:27:50,28.3,199.6,234.8,1.1,190.0,240.6
2019-03-02T07:28:21,28.3,178.9,243.7,1.1,200.0,241.5
2019-03-02T07:28:52,28.3,194.3,234.8,1.0,200.0,240.6
2019-03-02T07:29:23,28.3,191.9,228.9,1.0,200.0,240.6
2019-03-02T07:29:54,28.3,193.1,238.4,0.9,210.0,240.6
2019-03-02T07:30:25,28.6,190.8,237.8,1.0,210.0,241.5
2019-03-02T07:30:56,28.3,208.5,231.3,0.8,210.0,242.5
2019-03-02T07:31:28,28.6,225.0,239.0,0.8,220.0,243.5
2019-03-02T07:31:59,28.6,211.4,225.4,0.9,220.0,240.6
2019-03-02T07:32:30,29.0,220.3,241.9,0.8,230.0,241.5
2019-03-02T07:33:01,29.0,210.8,230.1,0.8,230.0,243.5
2019-03-02T07:33:32,29.0,220.3,242.5,0.7,230.0,242.5
2019-03-02T07:34:03,29.4,217.9,239.5,0.8,240.0,242.5
2019-03-02T07:34:34,29.0,216.2,234.8,0.8,240.0,242.5
2019-03-02T07:35:05,29.0,213.2,238.4,0.9,240.0,243.5
2019-03-02T07:35:36,29.4,213.2,246.1,0.9,250.0,243.5
2019-03-02T07:36:08,29.4,197.3,231.3,1.0,250.0,243.5
2019-03-02T07:36:39,29.4,191.9,244.3,1.0,250.0,245.4
2019-03-02T07:37:10,29.7,197.3,227.7,1.0,260.0,244.4
2019-03-02T07:37:41,29.7,192.5,236.0,1.1,260.0,244.4
2019-03-02T07:38:12,29.7,199.0,233.0,0.9,270.0,244.4
2019-03-02T07:38:43,29.7,199.6,243.7,1.0,270.0,244.4
2019-03-02T07:39:14,29.7,203.2,228.9,0.8,270.0,244.4
2019-03-02T07:39:45,29.7,199.6,233.6,0.9,280.0,243.5
2019-03-02T07:40:16,30.1,201.4,234.8,0.9,280.0,244.4
2019-03-02T07:40:47,30.1,197.3,240.7,0.9,290.0,243.5
2019-03-02T07:41:19,30.1,196.1,226.5,0.8,290.0,243.5
2019-03-02T07:41:50,30.1,194.3,239.5,0.9,290.0,242.5
2019-03-02T07:42:21,30.1,190.8,236.6,0.8,300.0,243.5
2019-03-02T07:42:52,30.1,194.9,234.2,0.7,300.0,243.5
2019-03-02T07:43:23,30.2,197.3,235.4,0.6,300.0,243.5
2019-03-02T07:43:54,30.2,189.6,230.1,0.6,300.0,243.5
2019-03-02T07:44:25,30.1,208.5,224.8,0.5,310.0,242.5
2019-03-02T07:44:56,30.2,212.6,233.0,0.5,310.0,241.5
2019-03-02T07:45:27,30.2,211.4,224.8,0.5,310.0,242.5
2019-03-02T07:45:58,30.2,204.9,225.9,0.4,310.0,241.5
2019-03-02T07:46:30,30.2,212.0,224.8,0.4,310.0,242.5
2019-03-02T07:47:01,30.2,212.0,224.2,0.4,320.0,243.5
2019-03-02T07:47:32,30.2,211.4,231.9,0.3,320.0,241.5
2019-03-02T07:48:03,30.1,195.5,220.6,0.3,320.0,242.5
2019-03-02T07:48:34,30.1,184.3,223.0,0.3,320.0,241.5
2019-03-02T07:49:05,30.1,181.3,233.0,0.4,320.0,241.5
2019-03-02T07:49:36,30.2,202.0,223.0,0.3,320.0,241.5
2019-03-02T07:50:07,30.2,216.2,237.8,0.3,320.0,240.6
2019-03-02T07:50:38,30.2,204.3,233.6,0.3,330.0,239.6
2019-03-02T07:51:10,30.2,184.3,218.8,0.4,330.0,239.6
2019-03-02T07:51:41,30.2,163.0,197.5,0.4,330.0,239.6
2019-03-02T07:52:12,30.2,163.0,196.4,0.4,330.0,239.6
2019-03-02T07:52:43,30.2,184.8,197.5,0.4,330.0,239.6
2019-03-02T07:53:14,30.2,206.1,220.6,0.4,330.0,240.6
2019-03-02T07:53:45,30.2,213.2,240.7,0.3,330.0,240.6
2019-03-02T07:54:16,30.2,192.5,236.6,0.3,330.0,239.6
2019-03-02T07:54:47,30.2,171.3,224.8,0.3,340.0,240.6
2019-03-02T07:55:18,30.2,175.4,214.1,0.4,340.0,240.6
2019-03-02T07:55:49,30.2,197.8,234.8,0.3,340.0,240.6
2019-03-02T07:56:21,30.2,209.7,220.0,0.3,340.0,239.6
2019-03-02T07:56:52,30.2,188.4,234.8,0.3,340.0,240.6
2019-03-02T07:57:23,30.3,170.1,225.9,0.3,340.0,240.6
2019-03-02T07:57:54,30.3,147.6,205.2,0.4,340.0,241.5
2019-03-02T07:58:25,30.3,126.4,184.5,0.4,340.0,241.5
2019-03-02T07:58:56,30.3,106.9,165.0,0.5,340.0,242.5
2019-03-02T07:59:27,30.3,116.9,166.8,0.5,340.0,242.5
2019-03-02T07:59:58,30.3,138.8,189.9,0.5,350.0,240.6
2019-03-02T08:00:29,30.3,161.2,211.7,0.5,350.0,241.5
2019-03-02T08:01:00,30.3,183.1,218.8,0.4,350.0,241.5
2019-03-02T08:01:31,30.3,203.7,223.0,0.3,350.0,242.5
2019-03-02T08:02:02,30.2,219.1,244.3,0.3,350.0,241.5
2019-03-02T08:02:33,30.2,197.3,223.0,0.4,350.0,241.5
2019-03-02T08:03:04,30.2,176.0,202.3,0.5,350.0,242.5
2019-03-02T08:03:35,30.2,155.9,210.0,0.5,360.0,241.5
2019-03-02T08:04:06,30.2,135.2,232.4,0.6,360.0,242.5
2019-03-02T08:04:37,30.2,154.1,240.7,0.5,360.0,241.5
2019-03-02T08:05:08,30.2,174.8,223.6,0.4,360.0,242.5
2019-03-02T08:05:40,30.2,194.9,242.5,0.4,360.0,243.5
2019-03-02T08:06:11,30.2,216.7,232.4,0.3,370.0,242.5
2019-03-02T08:06:42,30.1,201.4,230.1,0.3,370.0,243.5
2019-03-02T08:07:13,30.1,180.7,221.8,0.4,370.0,243.5
2019-03-02T08:07:44,30.1,159.4,234.8,0.5,370.0,242.5
2019-03-02T08:08:15,29.7,138.2,212.3,0.6,370.0,242.5
2019-03-02T08:08:46,30.1,117.5,191.6,0.7,370.0,242.5
2019-03-02T08:09:17,30.1,125.2,182.2,0.7,380.0,242.5
2019-03-02T08:09:48,30.1,148.8,207.0,0.7,380.0,242.5
2019-03-02T08:10:19,30.1,171.3,231.3,0.6,380.0,243.5
2019-03-02T08:10:51,30.1,192.5,241.9,0.5,380.0,241.5
2019-03-02T08:11:22,30.1,213.8,223.0,0.5,380.0,241.5
2019-03-02T08:11:53,30.1,216.2,243.1,0.5,390.0,240.6
2019-03-02T08:12:24,29.7,209.7,227.1,0.5,390.0,241.5
2019-03-02T08:12:55,29.7,220.9,240.7,0.4,390.0,240.6
2019-03-02T08:13:26,29.7,199.6,223.0,0.5,390.0,241.5
2019-03-02T08:13:58,30.1,178.9,244.9,0.6,390.0,242.5
2019-03-02T08:14:29,30.1,157.1,227.7,0.6,400.0,241.5
2019-03-02T08:15:00,30.1,164.8,228.3,0.6,400.0,242.5
2019-03-02T08:15:31,30.1,186.6,233.0,0.6,400.0,241.5
2019-03-02T08:16:02,30.1,196.1,237.8,0.6,400.0,241.5
2019-03-02T08:16:34,30.1,183.7,233.6,0.6,410.0,243.5
2019-03-02T08:17:05,30.1,188.4,237.8,0.5,410.0,244.4
2019-03-02T08:17:36,30.1,209.1,236.0,0.5,410.0,244.4
2019-03-02T08:18:07,30.1,215.0,233.6,0.4,410.0,245.4
2019-03-02T08:18:38,30.1,209.1,227.7,0.5,410.0,244.4
2019-03-02T08:19:09,29.7,218.5,241.9,0.4,420.0,244.4
2019-03-02T08:19:40,29.7,197.3,231.3,0.5,420.0,244.4
2019-03-02T08:20:11,30.1,173.6,209.4,0.6,420.0,243.5
2019-03-02T08:20:42,30.1,152.4,188.7,0.7,420.0,242.5
2019-03-02T08:21:14,30.1,173.0,215.3,0.7,420.0,241.5
2019-03-02T08:21:45,30.1,196.1,237.8,0.6,430.0,241.5
2019-03-02T08:22:16,30.2,216.7,236.6,0.5,430.0,243.5
2019-03-02T08:22:47,30.2,212.6,230.7,0.5,430.0,242.5
2019-03-02T08:23:18,30.2,192.5,246.6,0.7,430.0,243.5
2019-03-02T08:23:49,30.3,171.3,230.1,0.8,440.0,242.5
2019-03-02T08:24:20,30.3,183.1,240.7,0.6,440.0,242.5
2019-03-02T08:24:51,30.3,190.2,238.4,0.6,440.0,241.5
2019-03-02T08:25:22,30.4,187.8,233.0,0.4,440.0,242.5
2019-03-02T08:25:53,30.4,184.8,230.1,0.4,450.0,242.5
2019-03-02T08:26:25,30.4,187.8,229.5,0.4,450.0,242.5
2019-03-02T08:26:56,30.4,209.1,208.8,0.4,450.0,241.5
2019-03-02T08:27:27,30.5,215.0,210.0,0.4,450.0,241.5
2019-03-02T08:27:58,30.5,192.5,234.8,0.5,450.0,239.6
2019-03-02T08:28:29,30.5,171.3,236.0,0.5,450.0,238.6
2019-03-02T08:29:00,30.5,174.8,227.1,0.4,460.0,239.6
2019-03-02T08:29:31,30.5,181.9,230.1,0.4,460.0,240.6
2019-03-02T08:30:02,30.5,189.6,230.1,0.3,460.0,239.6
2019-03-02T08:30:33,30.5,176.0,225.9,0.3,460.0,239.6
2019-03-02T08:31:05,30.5,178.3,226.5,0.3,460.0,238.6
2019-03-02T08:31:36,30.7,158.9,207.0,0.3,460.0,238.6
2019-03-02T08:32:07,30.5,141.7,192.2,0.3,460.0,238.6
2019-03-02T08:32:38,30.5,163.6,214.7,0.3,460.0,239.6
2019-03-02T08:33:09,30.5,184.8,235.4,0.3,460.0,239.6
2019-03-02T08:33:40,30.7,207.9,237.8,0.3,470.0,239.6
2019-03-02T08:34:11,30.7,218.5,215.9,0.3,470.0,239.6
2019-03-02T08:34:42,30.7,197.3,193.4,0.4,470.0,239.6
2019-03-02T08:35:13,30.7,174.2,173.3,0.5,470.0,239.6
2019-03-02T08:35:44,30.7,152.9,152.6,0.6,470.0,239.6
2019-03-02T08:36:16,30.7,131.1,131.9,0.7,470.0,239.6
2019-03-02T08:36:47,30.7,114.0,128.3,0.7,470.0,241.5
2019-03-02T08:37:18,30.7,137.0,152.6,0.7,480.0,241.5
2019-03-02T08:37:49,30.7,158.9,176.8,0.7,480.0,240.6
2019-03-02T08:38:20,30.7,180.7,199.9,0.6,480.0,239.6
2019-03-02T08:38:51,30.7,196.1,221.2,0.6,480.0,241.5
2019-03-02T08:39:22,30.7,198.4,224.8,0.4,480.0,241.5
2019-03-02T08:39:53,30.7,181.9,233.0,0.5,490.0,241.5
2019-03-02T08:40:24,30.8,178.3,230.7,0.4,490.0,239.6
2019-03-02T08:40:55,30.8,194.9,230.1,0.3,490.0,241.5
2019-03-02T08:41:27,30.7,183.1,230.7,0.3,490.0,240.6
2019-03-02T08:41:58,30.7,204.9,227.7,0.3,490.0,240.6
2019-03-02T08:42:29,30.7,199.6,228.9,0.3,490.0,238.6
2019-03-02T08:43:00,30.7,210.2,225.4,0.2,490.0,240.6
2019-03-02T08:43:31,30.8,189.6,228.9,0.3,490.0,240.6
2019-03-02T08:44:02,30.8,168.9,208.2,0.3,500.0,240.6
2019-03-02T08:44:33,30.8,147.6,188.7,0.3,500.0,241.5
2019-03-02T08:45:04,30.8,149.4,189.3,0.3,500.0,241.5
2019-03-02T08:45:35,30.9,171.9,214.1,0.3,500.0,242.5
2019-03-02T08:46:07,30.9,193.1,217.1,0.4,500.0,242.5
2019-03-02T08:46:38,30.9,215.6,196.4,0.4,500.0,242.5
2019-03-02T08:47:09,30.9,212.0,176.2,0.4,500.0,243.5
2019-03-02T08:47:40,30.9,189.6,155.5,0.5,500.0,241.5
2019-03-02T08:48:11,30.9,168.9,175.7,0.5,500.0,240.6
2019-03-02T08:48:42,30.9,178.3,197.5,0.4,510.0,242.5
2019-03-02T08:49:13,30.9,194.3,220.0,0.4,510.0,243.5
2019-03-02T08:49:44,30.9,183.1,234.2,0.4,510.0,243.5
2019-03-02T08:50:15,30.9,204.3,230.7,0.3,510.0,243.5
2019-03-02T08:50:46,31.0,207.3,223.6,0.3,510.0,243.5
2019-03-02T08:51:18,31.0,187.8,240.7,0.4,510.0,244.4
2019-03-02T08:51:49,31.0,164.2,220.0,0.4,510.0,243.5
2019-03-02T08:52:20,31.0,142.9,198.1,0.5,520.0,244.4
2019-03-02T08:52:51,30.9,123.4,178.6,0.6,520.0,243.5
2019-03-02T08:53:22,30.9,102.7,157.3,0.6,520.0,243.5
2019-03-02T08:53:53,30.9,124.0,162.6,0.7,520.0,245.4
2019-03-02T08:54:24,30.9,146.4,188.1,0.7,520.0,243.5
2019-03-02T08:54:55,30.9,170.7,214.1,0.7,520.0,244.4
2019-03-02T08:55:26,30.9,191.9,237.2,0.6,530.0,243.5
2019-03-02T08:55:57,30.9,210.2,234.2,0.6,530.0,242.5
2019-03-02T08:56:29,30.9,198.4,246.6,0.5,530.0,243.5
2019-03-02T08:57:00,30.9,177.2,227.1,0.6,530.0,243.5
2019-03-02T08:57:31,30.9,177.8,230.1,0.6,540.0,243.5
2019-03-02T08:58:02,30.9,174.2,239.5,0.7,540.0,243.5
2019-03-02T08:58:33,30.9,152.9,216.5,0.8,540.0,243.5
2019-03-02T08:59:04,30.9,132.3,195.8,1.0,540.0,244.4
2019-03-02T08:59:35,30.9,131.1,192.8,1.0,550.0,245.4
2019-03-02T09:00:06,30.9,158.9,221.2,1.0,550.0,245.4
2019-03-02T09:00:37,30.9,183.7,246.6,1.0,550.0,244.4
2019-03-02T09:01:09,30.9,206.1,241.3,0.9,560.0,245.4
2019-03-02T09:01:40,30.9,228.0,236.0,0.9,560.0,244.4
2019-03-02T09:02:11,31.0,228.0,240.1,0.8,570.0,245.4
2019-03-02T09:02:42,31.0,218.5,244.9,0.9,570.0,245.4
2019-03-02T09:03:13,31.0,215.0,243.1,0.9,570.0,244.4
2019-03-02T09:03:44,31.0,225.0,232.4,0.7,580.0,245.4
2019-03-02T09:04:15,31.1,205.5,243.7,0.9,580.0,245.4
2019-03-02T09:04:46,31.1,185.4,237.8,0.9,590.0,244.4
2019-03-02T09:05:17,31.2,164.8,230.7,1.1,590.0,244.4
2019-03-02T09:05:48,31.1,186.6,249.6,0.9,590.0,245.4
2019-03-02T09:06:20,31.1,194.9,231.3,1.0,600.0,244.4
2019-03-02T09:06:51,31.1,199.6,233.6,1.1,600.0,244.4
2019-03-02T09:07:22,31.1,202.0,236.0,1.1,600.0,244.4
2019-03-02T09:07:53,31.1,203.2,234.2,1.1,610.0,244.4
2019-03-02T09:08:24,31.2,205.5,244.3,1.1,610.0,244.4
2019-03-02T09:08:55,31.2,183.7,233.0,1.3,620.0,243.5
2019-03-02T09:09:26,31.2,171.9,243.1,1.4,620.0,246.4
2019-03-02T09:09:57,31.2,170.1,247.2,1.4,630.0,245.4
2019-03-02T09:10:28,31.4,174.2,243.7,1.2,630.0,245.4
2019-03-02T09:11:00,31.4,176.0,240.1,1.0,640.0,245.4
2019-03-02T09:11:31,31.4,168.3,241.3,0.9,640.0,244.4
2019-03-02T09:12:02,31.4,187.2,240.7,0.8,650.0,245.4
2019-03-02T09:12:33,31.4,209.1,225.9,0.8,650.0,245.4
2019-03-02T09:13:04,31.4,221.5,242.5,0.9,650.0,245.4
2019-03-02T09:13:35,31.5,196.7,237.8,1.1,660.0,246.4
2019-03-02T09:14:06,31.5,174.2,214.7,1.3,660.0,245.4
2019-03-02T09:14:37,31.5,151.8,191.0,1.6,670.0,245.4
2019-03-02T09:15:08,31.5,189.0,223.6,2.0,670.0,246.4
2019-03-02T09:15:39,31.6,199.6,248.4,2.1,680.0,245.4
2019-03-02T09:16:11,31.6,181.3,241.9,5.2,690.0,251.2
2019-03-02T09:16:42,31.7,177.2,247.2,2.4,710.0,248.3
2019-03-02T09:17:13,31.7,177.2,239.0,2.2,720.0,246.4
2019-03-02T09:17:44,31.7,170.7,235.4,2.2,720.0,248.3
2019-03-02T09:18:15,31.8,191.9,234.8,2.0,730.0,247.3
2019-03-02T09:18:46,31.8,202.0,232.4,2.0,740.0,247.3
2019-03-02T09:19:17,31.9,198.4,234.2,2.1,750.0,247.3
2019-03-02T09:19:48,31.9,191.9,250.8,2.2,760.0,247.3
2019-03-02T09:20:19,32.0,163.0,218.3,4.6,770.0,249.3
2019-03-02T09:20:50,32.2,151.8,207.6,2.7,780.0,247.3
2019-03-02T09:21:22,32.2,176.6,234.8,2.4,790.0,247.3
2019-03-02T09:21:53,32.3,154.7,241.9,3.4,800.0,249.3
2019-03-02T09:22:24,32.3,167.1,239.0,2.3,810.0,247.3
2019-03-02T09:22:55,32.3,176.6,239.5,2.0,820.0,246.4
2019-03-02T09:23:26,32.3,175.4,237.2,2.0,820.0,247.3
2019-03-02T09:23:57,32.3,190.2,234.2,1.9,830.0,246.4
2019-03-02T09:24:28,32.4,192.5,228.9,1.8,840.0,247.3
2019-03-02T09:24:59,32.3,176.0,237.2,2.1,850.0,247.3
2019-03-02T09:25:30,32.3,189.6,231.3,1.9,850.0,247.3
2019-03-02T09:26:01,32.3,219.7,208.2,2.0,860.0,248.3
2019-03-02T09:26:32,32.3,229.2,235.4,1.9,870.0,247.3
2019-03-02T09:27:03,32.4,224.4,237.2,2.1,880.0,247.3
2019-03-02T09:27:34,32.4,215.0,244.9,2.2,890.0,247.3
2019-03-02T09:28:05,32.5,211.4,239.5,2.1,900.0,248.3
2019-03-02T09:28:36,32.5,202.0,236.6,2.0,910.0,247.3
2019-03-02T09:29:07,32.5,193.7,227.7,2.2,920.0,249.3
2019-03-02T09:29:38,32.5,196.7,236.0,2.1,930.0,247.3
2019-03-02T09:30:09,32.6,199.0,237.2,2.1,940.0,249.3
2019-03-02T09:30:41,32.6,197.3,237.2,2.0,940.0,246.4
2019-03-02T09:31:12,32.6,186.0,242.5,2.3,950.0,247.3
2019-03-02T09:31:43,32.6,163.0,217.7,2.7,960.0,248.3
2019-03-02T09:32:14,32.6,171.9,218.8,2.6,970.0,246.4
2019-03-02T09:32:45,32.5,173.0,233.0,2.2,980.0,247.3
2019-03-02T09:33:16,32.6,165.9,233.6,2.2,990.0,246.4
2019-03-02T09:33:47,32.6,166.5,228.3,2.3,1000.0,246.4
2019-03-02T09:34:18,32.6,168.9,231.9,2.2,1000.0,247.3
2019-03-02T09:34:49,32.6,173.6,236.6,1.9,1010.0,245.4
2019-03-02T09:35:20,32.6,173.0,232.4,1.8,1020.0,245.4
2019-03-02T09:35:52,32.6,173.0,234.8,1.6,1030.0,245.4
2019-03-02T09:36:23,32.6,170.7,235.4,1.4,1030.0,245.4
2019-03-02T09:36:54,32.6,173.6,232.4,1.3,1040.0,246.4
2019-03-02T09:37:25,32.7,178.9,236.0,1.3,1040.0,245.4
2019-03-02T09:37:56,32.7,195.5,230.7,1.2,1050.0,245.4
2019-03-02T09:38:27,32.7,170.7,211.7,1.4,1050.0,246.4
2019-03-02T09:38:58,32.9,149.4,239.5,1.7,1060.0,246.4
2019-03-02T09:39:29,32.9,173.0,221.2,1.7,1060.0,246.4
2019-03-02T09:40:00,32.9,197.3,241.9,1.7,1070.0,246.4
2019-03-02T09:40:32,32.9,200.2,221.8,1.6,1080.0,245.4
2019-03-02T09:41:03,33.0,191.3,236.6,1.7,1080.0,245.4
2019-03-02T09:41:34,33.1,197.8,234.8,1.6,1090.0,245.4
2019-03-02T09:42:05,33.1,200.8,227.1,1.6,1100.0,245.4
2019-03-02T09:42:36,33.0,196.1,228.3,1.6,1100.0,244.4
2019-03-02T09:43:07,33.1,196.7,234.8,1.6,1110.0,243.5
2019-03-02T09:43:38,33.0,196.1,233.6,1.5,1120.0,243.5
2019-03-02T09:44:09,33.0,194.9,240.7,1.5,1120.0,243.5
2019-03-02T09:44:40,33.0,173.6,218.3,1.6,1130.0,244.4
2019-03-02T09:45:11,32.9,165.4,217.1,1.8,1130.0,243.5
2019-03-02T09:45:43,32.9,189.0,240.7,1.6,1140.0,244.4
2019-03-02T09:46:14,33.0,196.1,232.4,1.6,1150.0,243.5
2019-03-02T09:46:45,33.0,198.4,231.9,1.5,1150.0,242.5
2019-03-02T09:47:16,33.0,199.0,230.7,1.3,1160.0,242.5
2019-03-02T09:47:47,33.1,194.9,234.8,1.3,1160.0,240.6
2019-03-02T09:48:18,33.1,191.3,233.0,1.4,1170.0,242.5
2019-03-02T09:48:49,33.1,171.3,221.8,1.4,1170.0,241.5
2019-03-02T09:49:20,33.1,152.4,236.0,1.7,1180.0,242.5
2019-03-02T09:49:51,33.1,178.3,214.1,1.6,1190.0,242.5
2019-03-02T09:50:22,33.0,202.0,239.5,1.4,1190.0,242.5
2019-03-02T09:50:54,33.1,176.6,220.0,1.9,1200.0,242.5
2019-03-02T09:51:25,33.1,189.6,237.8,1.8,1210.0,242.5
2019-03-02T09:51:56,33.2,195.5,236.6,2.1,1210.0,243.5
2019-03-02T09:52:27,33.3,189.6,216.5,2.2,1220.0,242.5
2019-03-02T09:52:58,33.3,209.7,237.8,2.1,1230.0,243.5
2019-03-02T09:53:29,33.3,221.5,230.1,1.7,1240.0,243.5
2019-03-02T09:54:00,33.4,220.3,234.8,1.6,1250.0,243.5
2019-03-02T09:54:31,33.4,220.3,233.6,1.5,1250.0,243.5
2019-03-02T09:55:02,33.5,223.2,225.9,1.3,1260.0,242.5
2019-03-02T09:55:34,33.5,215.0,235.4,1.4,1260.0,243.5
2019-03-02T09:56:05,33.5,213.8,238.4,1.3,1270.0,243.5
2019-03-02T09:56:36,33.5,187.8,226.5,1.7,1280.0,243.5
2019-03-02T09:57:07,33.7,156.5,198.7,2.5,1280.0,245.4
2019-03-02T09:57:38,33.7,138.2,183.3,4.4,1290.0,245.4
2019-03-02T09:58:09,33.7,149.4,194.6,2.4,1300.0,244.4
2019-03-02T09:58:40,33.8,177.2,227.1,2.3,1310.0,244.4
2019-03-02T09:59:11,33.8,195.5,229.5,2.3,1320.0,243.5
2019-03-02T09:59:42,33.9,194.9,232.4,2.1,1330.0,242.5
2019-03-02T10:00:13,33.9,196.1,234.8,2.1,1340.0,243.5
2019-03-02T10:00:45,33.9,196.1,232.4,2.0,1350.0,242.5
2019-03-02T10:01:16,34.0,194.9,233.0,1.9,1350.0,242.5
2019-03-02T10:01:47,34.0,197.8,231.9,1.5,1360.0,241.5
2019-03-02T10:02:18,34.1,194.3,229.5,1.3,1370.0,242.5
2019-03-02T10:02:49,34.1,189.0,229.5,1.0,1370.0,241.5
2019-03-02T10:03:20,34.1,193.1,237.2,1.0,1380.0,241.5
2019-03-02T10:03:51,34.0,215.0,231.9,0.9,1380.0,241.5
2019-03-02T10:04:22,34.0,206.7,224.8,0.9,1380.0,242.5
2019-03-02T10:04:53,34.0,211.4,233.0,0.9,1390.0,243.5
2019-03-02T10:05:24,34.1,212.6,236.6,0.9,1390.0,242.5
2019-03-02T10:05:56,34.1,203.7,231.9,0.9,1400.0,242.5
2019-03-02T10:06:27,34.1,212.6,227.7,0.9,1400.0,242.5
2019-03-02T10:06:58,34.1,207.9,226.5,1.0,1400.0,242.5
2019-03-02T10:07:29,34.2,204.3,225.9,0.9,1410.0,242.5
2019-03-02T10:08:00,34.2,216.2,237.8,0.9,1410.0,241.5
2019-03-02T10:08:31,34.2,217.3,217.7,1.0,1420.0,241.5
2019-03-02T10:09:02,34.4,206.7,210.6,1.2,1420.0,241.5
2019-03-02T10:09:33,34.4,180.1,186.9,1.5,1430.0,243.5
2019-03-02T10:10:04,34.4,155.3,164.4,1.9,1430.0,242.5
2019-03-02T10:10:36,34.4,133.5,191.6,2.2,1440.0,244.4
2019-03-02T10:11:07,34.5,129.3,224.2,2.3,1440.0,243.5
2019-03-02T10:11:38,34.5,165.9,236.6,2.6,1450.0,245.4
2019-03-02T10:12:09,34.5,174.8,224.8,2.4,1460.0,246.4
2019-03-02T10:12:40,34.5,204.3,246.1,3.0,1470.0,245.4
2019-03-02T10:13:11,34.6,194.9,244.9,2.8,1480.0,246.4
2019-03-02T10:13:42,34.6,197.3,244.9,3.0,1490.0,245.4
2019-03-02T10:14:13,34.5,194.3,233.0,2.7,1500.0,245.4
2019-03-02T10:14:44,34.6,175.4,221.8,3.5,1510.0,248.3
2019-03-02T10:15:15,34.6,179.5,212.9,3.1,1520.0,248.3
2019-03-02T10:15:47,34.7,175.4,211.2,2.2,1530.0,247.3
2019-03-02T10:16:18,34.7,154.1,237.2,3.2,1540.0,247.3
2019-03-02T10:16:49,34.7,170.1,225.4,2.7,1550.0,246.4
2019-03-02T10:17:20,34.8,167.7,219.4,3.0,1560.0,247.3
2019-03-02T10:17:51,34.8,165.9,229.5,2.4,1570.0,246.4
2019-03-02T10:18:22,34.9,165.9,229.5,2.1,1580.0,246.4
2019-03-02T10:18:53,34.9,168.9,232.4,1.8,1590.0,244.4
2019-03-02T10:19:24,34.9,177.8,233.0,1.7,1590.0,245.4
2019-03-02T10:19:55,35.0,191.9,236.0,1.7,1600.0,245.4
2019-03-02T10:20:26,35.0,166.5,215.9,2.1,1610.0,244.4
2019-03-02T10:20:58,35.0,145.3,192.8,2.4,1610.0,245.4
2019-03-02T10:21:29,35.0,124.0,170.3,2.8,1620.0,246.4
2019-03-02T10:22:01,34.9,105.7,196.4,3.3,1630.0,246.4
2019-03-02T10:22:32,34.8,138.2,228.3,5.0,1640.0,249.3
2019-03-02T10:23:03,34.9,163.0,215.9,3.6,1650.0,249.3
2019-03-02T10:23:34,34.9,168.9,207.0,3.4,1660.0,249.3
2019-03-02T10:24:05,35.0,168.3,228.3,3.2,1680.0,249.3
2019-03-02T10:24:36,35.2,177.8,223.6,2.9,1690.0,247.3
2019-03-02T10:25:07,35.2,189.6,233.0,2.9,1700.0,248.3
2019-03-02T10:25:38,35.3,189.0,227.7,2.9,1710.0,247.3
2019-03-02T10:26:10,35.4,193.7,224.8,2.7,1720.0,248.3
2019-03-02T10:26:41,35.4,190.8,229.5,2.5,1730.0,248.3
2019-03-02T10:27:12,35.4,196.7,230.7,2.4,1740.0,246.4
2019-03-02T10:27:43,35.5,196.7,230.7,2.2,1750.0,246.4
2019-03-02T10:28:14,35.6,191.9,231.3,2.3,1760.0,246.4
2019-03-02T10:28:45,35.6,190.8,236.6,2.4,1770.0,247.3
2019-03-02T10:29:16,35.6,185.4,227.1,2.6,1780.0,246.4
2019-03-02T10:29:47,35.7,194.9,220.0,2.6,1790.0,248.3
2019-03-02T10:30:18,35.7,174.2,224.8,3.0,1800.0,247.3
2019-03-02T10:30:49,35.7,184.8,230.7,2.6,1810.0,247.3
2019-03-02T10:31:21,35.9,187.2,222.4,2.2,1820.0,246.4
2019-03-02T10:31:52,35.7,178.3,228.3,2.1,1830.0,246.4
2019-03-02T10:32:23,35.9,165.9,241.9,2.5,1830.0,245.4
2019-03-02T10:32:54,35.9,167.1,234.8,2.8,1840.0,245.4
2019-03-02T10:33:25,35.7,191.9,233.6,6.6,1860.0,249.3
2019-03-02T10:33:56,35.7,183.7,239.0,6.4,1880.0,251.2
2019-03-02T10:34:27,35.9,176.6,225.9,4.4,1900.0,250.2
2019-03-02T10:34:58,36.0,189.0,218.3,3.8,1920.0,248.3
2019-03-02T10:35:29,36.0,189.0,220.6,2.3,1930.0,244.4
2019-03-02T10:36:00,36.1,181.9,234.8,2.6,1940.0,246.4
2019-03-02T10:36:31,36.1,177.8,224.8,2.7,1950.0,246.4
2019-03-02T10:37:02,36.2,173.0,232.4,2.6,1960.0,246.4
2019-03-02T10:37:33,36.1,183.7,215.9,2.8,1970.0,246.4
2019-03-02T10:38:04,36.0,147.6,251.4,4.9,1980.0,247.3
2019-03-02T10:38:35,36.1,155.3,233.6,7.3,2000.0,249.3
2019-03-02T10:39:06,35.9,158.3,231.9,5.6,2020.0,249.3
2019-03-02T10:39:37,35.7,172.4,216.5,3.7,2030.0,247.3
2019-03-02T10:40:08,35.6,194.9,226.5,4.9,2040.0,249.3
2019-03-02T10:40:40,35.7,196.1,228.9,6.9,2070.0,249.3
2019-03-02T10:41:11,35.9,202.6,225.9,2.5,2080.0,246.4
2019-03-02T10:41:42,35.7,203.2,218.8,2.3,2090.0,248.3
2019-03-02T10:42:13,35.7,187.8,207.6,2.8,2100.0,248.3
2019-03-02T10:42:44,35.6,175.4,206.4,2.8,2120.0,247.3
2019-03-02T10:43:15,35.7,187.8,217.7,2.1,2130.0,247.3
2019-03-02T10:43:46,35.9,187.8,218.8,2.0,2130.0,247.3
2019-03-02T10:44:17,36.0,191.9,223.0,1.9,2140.0,243.5
2019-03-02T10:44:48,36.0,190.2,222.4,1.8,2150.0,242.5
2019-03-02T10:45:19,36.1,189.6,221.2,1.5,2160.0,244.4
2019-03-02T10:45:51,36.2,187.8,220.0,1.5,2160.0,244.4
2019-03-02T10:46:22,36.2,184.8,234.2,1.5,2170.0,245.4
2019-03-02T10:46:53,36.2,155.9,202.3,2.2,2170.0,245.4
2019-03-02T10:47:24,36.2,164.2,181.6,4.7,2180.0,248.3
2019-03-02T10:47:55,36.3,156.5,204.1,3.2,2190.0,246.4
2019-03-02T10:48:26,36.3,152.4,236.0,8.3,2210.0,249.3
2019-03-02T10:48:57,36.3,161.8,228.3,2.5,2220.0,246.4
2019-03-02T10:49:28,36.3,164.2,223.0,2.5,2230.0,246.4
2019-03-02T10:49:59,36.4,169.5,227.7,2.3,2240.0,246.4
2019-03-02T10:50:30,36.4,165.4,220.0,2.3,2250.0,243.5
2019-03-02T10:51:02,36.4,170.7,224.8,2.2,2250.0,244.4
2019-03-02T10:51:33,36.3,170.1,225.9,2.0,2260.0,243.5
2019-03-02T10:52:04,36.4,167.7,222.4,2.1,2270.0,243.5
2019-03-02T10:52:35,36.4,191.3,219.4,2.0,2280.0,245.4
2019-03-02T10:53:06,36.4,173.0,228.9,2.3,2290.0,246.4
2019-03-02T10:53:37,36.5,171.9,226.5,2.3,2300.0,246.4
2019-03-02T10:54:08,36.5,170.7,230.7,2.3,2300.0,247.3
2019-03-02T10:54:39,36.4,164.2,228.9,2.2,2310.0,247.3
2019-03-02T10:55:10,36.4,185.4,220.6,2.3,2320.0,245.4
2019-03-02T10:55:41,36.3,180.7,217.1,2.7,2330.0,245.4
2019-03-02T10:56:13,36.2,152.9,192.2,3.3,2340.0,246.4
2019-03-02T10:56:44,36.1,167.7,172.1,4.2,2350.0,247.3
2019-03-02T10:57:15,36.2,191.9,195.2,7.4,2370.0,251.2
2019-03-02T10:57:46,36.3,175.4,206.4,8.9,2400.0,252.2
2019-03-02T10:58:17,36.4,165.9,213.5,5.1,2420.0,251.2
2019-03-02T10:58:48,36.4,166.5,213.5,2.9,2440.0,247.3
2019-03-02T10:59:19,36.5,167.1,219.4,2.4,2450.0,245.4
2019-03-02T10:59:50,36.5,167.7,220.0,2.2,2460.0,246.4
2019-03-02T11:00:21,36.7,176.6,221.2,2.1,2460.0,245.4
2019-03-02T11:00:52,36.7,189.0,223.6,2.0,2470.0,246.4
2019-03-02T11:01:24,36.8,184.3,225.9,2.0,2480.0,244.4
2019-03-02T11:01:55,36.8,191.3,224.8,2.0,2490.0,245.4
2019-03-02T11:02:26,36.8,192.5,225.9,1.7,2500.0,244.4
2019-03-02T11:02:57,36.9,190.2,224.8,1.8,2500.0,244.4
2019-03-02T11:03:28,36.9,194.9,221.8,1.6,2510.0,245.4
2019-03-02T11:03:59,36.9,190.8,228.3,1.7,2520.0,241.5
2019-03-02T11:04:30,36.9,194.3,231.3,1.6,2520.0,242.5
2019-03-02T11:05:01,37.0,189.6,227.7,1.5,2530.0,242.5
2019-03-02T11:05:32,36.9,196.7,221.8,1.5,2540.0,242.5
2019-03-02T11:06:04,37.0,194.9,227.1,1.5,2540.0,242.5
2019-03-02T11:06:35,37.0,190.8,220.6,1.5,2550.0,242.5
2019-03-02T11:07:06,37.0,190.8,230.7,1.5,2560.0,243.5
2019-03-02T11:07:37,37.0,194.9,227.7,1.5,2560.0,243.5
2019-03-02T11:08:08,37.0,194.9,223.6,1.4,2570.0,243.5
2019-03-02T11:08:39,37.0,191.9,230.7,1.4,2580.0,244.4
2019-03-02T11:09:10,37.0,189.0,231.3,1.4,2580.0,242.5
2019-03-02T11:09:41,37.1,186.6,225.9,1.4,2590.0,244.4
2019-03-02T11:10:12,37.1,184.3,227.7,1.4,2600.0,243.5
2019-03-02T11:10:43,37.1,191.9,224.8,1.4,2600.0,243.5
2019-03-02T11:11:15,37.1,170.1,233.0,1.5,2610.0,241.5
2019-03-02T11:11:46,37.1,174.2,236.6,1.5,2610.0,241.5
2019-03-02T11:12:17,37.1,195.5,220.0,1.4,2620.0,241.5
2019-03-02T11:12:48,37.0,197.8,237.8,1.4,2630.0,242.5
2019-03-02T11:13:19,36.8,189.6,230.7,1.6,2630.0,242.5
2019-03-02T11:13:50,36.9,189.0,228.3,1.7,2640.0,244.4
2019-03-02T11:14:21,36.9,187.2,232.4,1.7,2650.0,244.4
2019-03-02T11:14:52,36.9,184.8,232.4,1.7,2650.0,244.4
2019-03-02T11:15:23,37.0,190.2,236.6,1.8,2660.0,242.5
2019-03-02T11:15:54,37.0,176.6,214.1,2.1,2670.0,243.5
2019-03-02T11:16:26,37.0,197.3,239.5,2.1,2670.0,245.4
2019-03-02T11:16:57,37.0,220.9,240.7,2.0,2680.0,244.4
2019-03-02T11:17:28,37.1,219.7,221.8,1.9,2690.0,243.5
2019-03-02T11:17:59,37.1,219.1,231.9,1.9,2700.0,245.4
2019-03-02T11:18:30,37.1,215.0,220.0,2.2,2710.0,245.4
2019-03-02T11:19:01,37.1,206.7,233.0,2.2,2720.0,244.4
2019-03-02T11:19:32,37.2,200.8,229.5,2.0,2730.0,244.4
2019-03-02T11:20:03,37.1,185.4,234.8,1.6,2740.0,244.4
2019-03-02T11:20:34,37.1,177.8,231.9,1.5,2750.0,243.5
2019-03-02T11:21:06,37.2,182.5,223.0,1.2,2750.0,241.5
2019-03-02T11:21:37,37.2,188.4,223.0,1.1,2760.0,242.5
2019-03-02T11:22:08,37.2,189.6,236.0,1.0,2760.0,241.5
2019-03-02T11:22:39,37.2,177.8,212.9,1.3,2760.0,241.5
2019-03-02T11:23:10,37.1,154.7,230.7,1.4,2770.0,242.5
2019-03-02T11:23:41,37.1,158.3,223.0,1.4,2770.0,242.5
2019-03-02T11:24:12,37.0,163.6,224.2,1.4,2780.0,242.5
2019-03-02T11:24:43,37.0,182.5,223.6,1.4,2790.0,243.5
2019-03-02T11:25:14,37.1,209.1,239.5,1.4,2790.0,242.5
2019-03-02T11:25:45,37.1,200.2,232.4,5.3,2800.0,250.2
2019-03-02T11:26:17,37.2,173.6,225.4,8.7,2830.0,251.2
2019-03-02T11:26:48,37.2,172.4,220.0,8.1,2860.0,252.2
2019-03-02T11:27:19,37.4,171.3,228.3,7.1,2880.0,252.2
2019-03-02T11:27:50,37.5,175.4,230.1,3.1,2900.0,249.3
2019-03-02T11:28:21,37.6,166.5,225.9,8.4,2920.0,252.2
2019-03-02T11:28:52,37.7,165.9,214.7,8.1,2940.0,252.2
2019-03-02T11:29:23,37.7,168.3,221.8,8.3,2970.0,252.2
2019-03-02T11:29:54,37.7,161.2,213.5,8.2,2990.0,251.2
2019-03-02T11:30:25,37.8,170.1,212.9,8.0,3020.0,250.2
2019-03-02T11:30:56,37.7,158.3,218.3,7.7,3040.0,250.2
2019-03-02T11:31:28,37.7,160.0,212.9,8.1,3070.0,250.2
2019-03-02T11:31:59,37.8,167.7,216.5,8.1,3090.0,250.2
2019-03-02T11:32:30,37.9,160.0,207.6,7.9,3120.0,251.2
2019-03-02T11:33:01,38.0,160.6,207.0,8.5,3140.0,251.2
2019-03-02T11:33:32,38.3,167.7,217.1,8.3,3170.0,251.2
2019-03-02T11:34:03,38.4,173.0,210.0,6.1,3190.0,251.2
2019-03-02T11:34:34,38.4,167.7,217.1,2.3,3200.0,246.4
2019-03-02T11:35:05,38.4,176.0,209.4,7.4,3220.0,251.2
2019-03-02T11:35:36,38.4,161.8,219.4,8.6,3250.0,252.2
2019-03-02T11:36:08,38.5,161.2,210.6,7.8,3270.0,255.1
2019-03-02T11:36:39,38.6,163.6,210.6,8.4,3300.0,252.2
2019-03-02T11:37:10,38.6,160.6,200.5,8.4,3330.0,252.2
2019-03-02T11:37:41,38.6,163.6,210.6,8.3,3350.0,251.2
2019-03-02T11:38:12,38.7,164.8,210.6,8.1,3370.0,251.2
2019-03-02T11:38:43,38.9,163.0,205.8,8.1,3400.0,252.2
2019-03-02T11:39:14,39.0,164.8,208.2,7.5,3420.0,252.2
2019-03-02T11:39:45,39.1,161.8,207.0,8.3,3450.0,253.1
2019-03-02T11:40:16,39.2,160.6,199.9,8.3,3470.0,253.1
2019-03-02T11:40:48,39.3,174.8,203.5,8.0,3500.0,253.1
2019-03-02T11:41:19,39.4,164.8,202.9,8.2,3520.0,251.2
2019-03-02T11:41:50,39.5,164.2,204.1,7.2,3550.0,252.2
2019-03-02T11:42:21,39.7,160.0,201.1,8.6,3580.0,252.2
2019-03-02T11:42:52,39.7,167.7,208.8,7.6,3600.0,252.2
2019-03-02T11:43:23,39.8,147.0,223.6,4.4,3630.0,248.3
2019-03-02T11:43:54,39.8,168.9,207.0,1.8,3630.0,245.4
2019-03-02T11:44:25,39.8,168.9,212.3,1.9,3640.0,244.4
2019-03-02T11:44:56,39.8,181.3,199.9,1.9,3650.0,245.4
2019-03-02T11:45:27,39.8,188.4,198.7,2.8,3660.0,245.4
2019-03-02T11:45:59,39.8,167.7,218.8,3.7,3670.0,247.3
2019-03-02T11:46:30,39.8,166.5,224.8,1.7,3680.0,246.4
2019-03-02T11:47:01,39.8,180.7,215.9,1.4,3690.0,245.4
2019-03-02T11:47:32,39.8,175.4,217.7,1.5,3690.0,244.4
2019-03-02T11:48:03,39.8,181.9,218.3,1.3,3700.0,244.4
2019-03-02T11:48:34,39.8,181.9,218.8,1.4,3700.0,245.4
2019-03-02T11:49:05,39.8,185.4,220.0,1.2,3710.0,243.5
2019-03-02T11:49:36,39.7,190.2,207.0,1.2,3710.0,243.5
2019-03-02T11:50:07,39.7,210.8,223.6,1.1,3720.0,244.4
2019-03-02T11:50:39,39.5,200.8,220.6,1.4,3720.0,242.5
2019-03-02T11:51:10,39.5,205.5,204.6,1.3,3730.0,243.5
2019-03-02T11:51:41,39.5,220.9,225.9,2.0,3730.0,243.5
2019-03-02T11:52:12,39.5,214.4,215.3,5.7,3750.0,249.3
2019-03-02T11:52:43,39.5,206.7,214.1,5.2,3780.0,251.2
2019-03-02T11:53:14,39.5,179.5,214.1,7.8,3800.0,251.2
2019-03-02T11:53:45,39.5,152.9,214.1,9.1,3830.0,250.2
2019-03-02T11:54:16,39.7,152.4,219.4,8.8,3850.0,251.2
2019-03-02T11:54:47,39.8,160.6,209.4,8.7,3880.0,250.2
2019-03-02T11:55:18,39.9,154.7,201.7,8.8,3910.0,252.2
2019-03-02T11:55:50,40.0,154.1,207.6,7.0,3930.0,250.2
2019-03-02T11:56:21,40.1,135.8,183.3,9.3,3950.0,250.2
2019-03-02T11:56:52,40.2,157.1,216.5,8.4,3980.0,250.2
2019-03-02T11:57:23,40.1,161.8,200.5,8.1,4000.0,252.2
2019-03-02T11:57:54,40.2,154.1,200.5,9.0,4030.0,250.2
2019-03-02T11:58:25,40.4,150.0,203.5,7.2,4050.0,249.3
2019-03-02T11:58:56,40.5,148.2,199.9,9.9,4080.0,250.2
2019-03-02T11:59:27,40.6,162.4,215.3,7.9,4100.0,249.3
2019-03-02T11:59:58,40.6,161.8,214.1,2.2,4120.0,245.4
2019-03-02T12:00:29,40.6,155.9,210.0,1.9,4120.0,245.4
2019-03-02T12:01:01,40.6,156.5,214.7,1.8,4130.0,245.4
2019-03-02T12:01:32,40.6,179.5,211.2,1.8,4140.0,246.4
2019-03-02T12:02:03,40.6,184.8,208.8,1.6,4140.0,244.4
2019-03-02T12:02:34,40.5,162.4,189.9,2.0,4150.0,243.5
2019-03-02T12:03:05,40.5,130.5,231.3,3.2,4160.0,244.4
2019-03-02T12:03:36,40.6,134.6,226.5,3.8,4170.0,249.3
2019-03-02T12:04:07,40.6,131.1,226.5,2.6,4180.0,244.4
2019-03-02T12:04:38,40.5,157.1,215.3,2.4,4190.0,244.4
2019-03-02T12:05:09,40.5,157.7,220.6,2.4,4200.0,247.3
2019-03-02T12:05:40,40.2,160.0,204.6,2.6,4210.0,247.3
2019-03-02T12:06:12,40.1,127.0,175.1,6.9,4220.0,251.2
2019-03-02T12:06:43,39.9,138.8,179.8,2.8,4230.0,247.3
2019-03-02T12:07:14,39.9,164.8,204.1,4.0,4240.0,251.2
2019-03-02T12:07:45,40.0,164.2,223.0,3.2,4260.0,248.3
2019-03-02T12:08:16,40.1,158.9,206.4,8.6,4280.0,251.2
2019-03-02T12:08:47,40.2,144.1,214.1,8.5,4310.0,253.1
2019-03-02T12:09:18,40.2,134.6,215.9,3.1,4330.0,246.4
2019-03-02T12:09:49,40.4,129.9,207.6,3.8,4340.0,247.3
2019-03-02T12:10:20,40.4,141.7,210.6,2.3,4350.0,245.4
2019-03-02T12:10:51,40.5,138.8,221.2,2.3,4360.0,244.4
2019-03-02T12:11:23,40.5,156.5,217.7,2.1,4360.0,245.4
2019-03-02T12:11:54,40.1,178.9,215.9,2.0,4370.0,245.4
2019-03-02T12:12:25,39.9,209.7,181.6,3.2,4380.0,249.3
2019-03-02T12:12:56,39.9,216.7,201.7,4.7,4400.0,250.2
2019-03-02T12:13:27,40.0,206.1,205.2,3.4,4410.0,246.4
2019-03-02T12:13:58,40.0,210.8,217.7,1.7,4420.0,243.5
2019-03-02T12:14:29,40.0,209.1,220.6,1.4,4430.0,241.5
2019-03-02T12:15:00,40.1,204.9,219.4,1.4,4440.0,242.5
2019-03-02T12:15:32,40.1,207.9,230.1,1.6,4440.0,242.5
2019-03-02T12:16:03,40.1,213.8,251.4,2.0,4450.0,246.4
2019-03-02T12:16:34,40.0,210.8,221.8,1.9,4460.0,247.3
2019-03-02T12:17:05,40.0,217.3,231.9,1.9,4470.0,247.3
2019-03-02T12:17:36,40.0,223.8,217.1,2.8,4480.0,251.2
2019-03-02T12:18:07,40.1,207.9,207.6,2.8,4500.0,252.2
2019-03-02T12:18:38,40.1,214.4,209.4,3.3,4510.0,249.3
2019-03-02T12:19:09,40.1,214.4,217.1,2.7,4530.0,248.3
2019-03-02T12:19:40,40.2,196.1,237.2,3.8,4550.0,248.3
2019-03-02T12:20:11,40.2,202.6,227.1,1.9,4560.0,246.4
2019-03-02T12:20:43,40.2,211.4,223.6,1.9,4570.0,246.4
2019-03-02T12:21:14,40.2,204.3,222.4,1.9,4580.0,246.4
2019-03-02T12:21:45,40.2,208.5,220.0,1.9,4580.0,246.4
2019-03-02T12:22:16,40.2,181.9,220.0,2.6,4590.0,246.4
2019-03-02T12:22:47,40.2,186.6,215.9,2.7,4610.0,247.3
2019-03-02T12:23:18,40.2,187.8,215.9,2.6,4620.0,247.3
2019-03-02T12:23:49,40.1,193.7,230.7,2.4,4630.0,248.3
2019-03-02T12:24:20,40.1,191.9,213.5,2.4,4640.0,248.3
2019-03-02T12:24:51,40.1,192.5,234.8,2.7,4650.0,249.3
2019-03-02T12:25:22,40.2,199.6,223.0,2.2,4660.0,248.3
2019-03-02T12:25:54,40.2,193.7,200.5,2.7,4670.0,250.2
2019-03-02T12:26:25,40.1,181.9,230.7,3.0,4680.0,248.3
2019-03-02T12:26:56,40.1,166.5,240.1,4.7,4700.0,251.2
2019-03-02T12:27:27,40.2,165.9,201.1,6.5,4720.0,251.2
2019-03-02T12:27:58,40.2,152.4,211.2,4.7,4750.0,250.2
2019-03-02T12:28:29,40.4,154.7,204.6,6.3,4770.0,250.2
2019-03-02T12:29:00,40.5,157.7,211.2,6.2,4800.0,250.2
2019-03-02T12:29:31,40.5,159.4,210.0,9.7,4820.0,253.1
2019-03-02T12:30:02,40.6,138.8,210.0,7.7,4850.0,251.2
2019-03-02T12:30:34,40.7,125.2,208.2,10.0,4880.0,252.2
2019-03-02T12:31:05,40.8,118.7,205.2,10.5,4910.0,252.2
2019-03-02T12:31:36,40.9,127.0,202.9,3.5,4930.0,247.3
2019-03-02T12:32:07,40.8,135.8,211.7,3.1,4940.0,245.4
2019-03-02T12:32:38,40.9,163.6,215.9,3.1,4950.0,246.4
2019-03-02T12:33:09,41.0,157.7,225.9,3.7,4960.0,248.3
2019-03-02T12:33:40,41.0,169.5,221.8,2.7,4980.0,247.3
2019-03-02T12:34:11,41.0,163.0,207.0,2.9,4990.0,244.4
2019-03-02T12:34:42,40.9,133.5,188.7,4.0,5000.0,247.3
2019-03-02T12:35:13,40.9,129.9,205.8,3.2,5020.0,244.4
2019-03-02T12:35:45,40.9,150.0,209.4,2.7,5020.0,247.3
2019-03-02T12:36:16,41.0,161.8,219.4,2.6,5030.0,246.4
2019-03-02T12:36:47,40.9,157.7,207.0,2.8,5040.0,247.3
2019-03-02T12:37:18,40.9,182.5,213.5,3.2,5060.0,249.3
2019-03-02T12:37:49,41.0,188.4,210.6,2.3,5070.0,246.4
2019-03-02T12:38:20,41.0,198.4,204.1,2.0,5080.0,245.4
2019-03-02T12:38:51,41.0,196.1,217.1,1.9,5090.0,244.4
2019-03-02T12:39:22,41.0,205.5,218.8,1.8,5100.0,245.4
2019-03-02T12:39:53,41.0,204.9,185.1,2.2,5110.0,247.3
2019-03-02T12:40:24,41.0,208.5,205.8,1.8,5120.0,243.5
2019-03-02T12:40:56,41.0,202.0,217.1,1.9,5120.0,244.4
2019-03-02T12:41:27,41.0,196.1,187.5,2.3,5130.0,246.4
2019-03-02T12:41:58,41.0,175.4,169.1,2.9,5150.0,248.3
2019-03-02T12:42:29,41.0,171.3,183.3,3.8,5160.0,251.2
2019-03-02T12:43:00,41.0,178.3,207.6,3.9,5180.0,251.2
2019-03-02T12:43:31,41.0,182.5,209.4,3.6,5210.0,251.2
2019-03-02T12:44:02,41.2,183.1,205.2,2.9,5230.0,250.2
2019-03-02T12:44:33,41.2,186.0,207.6,2.0,5240.0,245.4
2019-03-02T12:45:04,41.2,183.7,210.0,2.2,5250.0,246.4
2019-03-02T12:45:36,41.2,183.1,233.0,2.2,5260.0,247.3
2019-03-02T12:46:07,41.2,191.9,214.7,3.1,5270.0,253.1
2019-03-02T12:46:38,41.2,206.7,205.2,2.8,5290.0,252.2
2019-03-02T12:47:09,41.2,207.3,209.4,2.2,5310.0,250.2
2019-03-02T12:47:40,41.2,212.6,208.8,1.9,5320.0,247.3
2019-03-02T12:48:11,41.2,206.1,215.3,1.8,5330.0,245.4
2019-03-02T12:48:42,41.2,203.2,212.3,1.7,5340.0,246.4
2019-03-02T12:49:13,41.2,212.0,223.0,1.6,5350.0,245.4
2019-03-02T12:49:44,41.2,207.3,223.0,1.5,5350.0,244.4
2019-03-02T12:50:15,41.2,212.0,221.8,1.4,5360.0,245.4
2019-03-02T12:50:47,41.0,199.0,227.7,1.5,5370.0,244.4
2019-03-02T12:51:18,41.0,193.1,233.6,1.7,5370.0,244.4
2019-03-02T12:51:49,41.0,210.2,225.4,1.9,5380.0,245.4
2019-03-02T12:52:20,41.0,215.0,233.0,2.0,5390.0,244.4
2019-03-02T12:52:51,40.9,216.2,223.0,2.0,5400.0,245.4
2019-03-02T12:53:22,40.9,198.4,252.6,2.9,5410.0,247.3
2019-03-02T12:53:53,40.9,210.2,232.4,2.3,5420.0,246.4
2019-03-02T12:54:24,40.9,223.2,230.7,2.1,5430.0,246.4
2019-03-02T12:54:55,40.9,215.6,227.7,2.2,5440.0,245.4
2019-03-02T12:55:26,40.9,210.2,225.9,2.2,5460.0,248.3
2019-03-02T12:55:58,40.9,217.9,211.7,1.8,5480.0,245.4
2019-03-02T12:56:29,40.9,219.7,227.7,1.8,5480.0,244.4
2019-03-02T12:57:00,40.9,207.3,230.1,1.8,5490.0,246.4
2019-03-02T12:57:31,40.9,211.4,220.6,1.7,5500.0,245.4
2019-03-02T12:58:02,40.8,214.4,220.6,1.8,5510.0,245.4
2019-03-02T12:58:33,40.8,216.2,232.4,1.6,5520.0,245.4
2019-03-02T12:59:04,40.8,209.1,214.7,1.6,5520.0,246.4
2019-03-02T12:59:35,40.7,217.3,227.7,1.7,5530.0,245.4
2019-03-02T13:00:06,40.7,196.7,204.1,2.1,5540.0,247.3
2019-03-02T13:00:38,40.7,208.5,176.8,2.4,5550.0,247.3
2019-03-02T13:01:09,40.7,211.4,180.4,1.9,5560.0,245.4
2019-03-02T13:01:40,40.7,206.7,199.3,2.0,5570.0,245.4
2019-03-02T13:02:11,40.6,203.7,225.9,1.9,5580.0,245.4
2019-03-02T13:02:42,40.6,215.0,224.8,1.9,5590.0,247.3
2019-03-02T13:03:13,40.6,217.9,224.2,1.8,5600.0,245.4
2019-03-02T13:03:44,40.6,217.3,223.0,1.8,5610.0,245.4
2019-03-02T13:04:15,40.6,221.5,214.7,1.8,5610.0,244.4
2019-03-02T13:04:46,40.6,217.9,211.7,1.9,5620.0,246.4
2019-03-02T13:05:17,40.6,223.8,223.6,1.9,5630.0,246.4
2019-03-02T13:05:49,40.6,215.6,218.8,1.9,5640.0,245.4
2019-03-02T13:06:20,40.6,223.2,233.6,2.2,5650.0,248.3
2019-03-02T13:06:51,40.6,223.8,216.5,2.3,5670.0,248.3
2019-03-02T13:07:22,40.6,208.5,200.5,2.7,5680.0,250.2
2019-03-02T13:07:53,40.5,226.8,179.8,2.7,5700.0,250.2
2019-03-02T13:08:24,40.5,231.5,169.7,1.7,5710.0,249.3
2019-03-02T13:08:55,40.5,203.7,187.5,2.9,5730.0,252.2
2019-03-02T13:09:26,40.5,220.9,192.2,2.7,5750.0,252.2
2019-03-02T13:09:57,40.6,228.6,218.8,3.0,5770.0,252.2
2019-03-02T13:10:28,40.6,232.7,214.7,2.8,5790.0,252.2
2019-03-02T13:11:00,40.7,223.2,214.1,2.9,5810.0,253.1
2019-03-02T13:11:31,40.7,210.8,201.7,2.9,5830.0,253.1
2019-03-02T13:12:02,40.8,208.5,210.0,3.1,5850.0,250.2
2019-03-02T13:12:33,40.8,220.9,218.3,2.3,5870.0,251.2
2019-03-02T13:13:04,40.8,216.2,215.9,2.2,5880.0,250.2
2019-03-02T13:13:35,40.9,209.7,192.8,2.5,5890.0,250.2
2019-03-02T13:14:06,40.9,212.6,193.4,2.7,5900.0,251.2
2019-03-02T13:14:37,40.9,204.3,203.5,2.9,5920.0,250.2
2019-03-02T13:15:08,40.8,213.2,212.3,2.8,5930.0,251.2
2019-03-02T13:15:39,40.8,215.6,199.9,3.1,5950.0,253.1
2019-03-02T13:16:11,40.8,212.0,204.1,3.2,5970.0,253.1
2019-03-02T13:16:42,40.8,211.4,220.0,2.9,5990.0,250.2
2019-03-02T13:17:13,40.9,219.1,218.8,2.9,6000.0,249.3
2019-03-02T13:17:44,40.9,220.3,189.9,2.8,6020.0,252.2
2019-03-02T13:18:15,40.8,223.2,207.6,2.8,6040.0,251.2
2019-03-02T13:18:46,40.9,216.2,214.1,2.9,6060.0,252.2
2019-03-02T13:19:17,40.9,208.5,212.9,2.9,6080.0,253.1
2019-03-02T13:19:48,41.0,213.2,211.2,3.2,6100.0,252.2
2019-03-02T13:20:19,41.0,204.9,201.7,3.4,6110.0,253.1
2019-03-02T13:20:50,41.0,210.2,225.4,2.9,6130.0,252.2
2019-03-02T13:21:22,41.2,220.3,212.9,2.7,6150.0,251.2
2019-03-02T13:21:53,41.2,209.1,225.9,2.6,6160.0,252.2
2019-03-02T13:22:24,41.2,209.1,217.7,2.2,6180.0,248.3
2019-03-02T13:22:55,41.3,211.4,220.6,2.3,6190.0,247.3
2019-03-02T13:23:26,41.2,220.3,205.8,2.4,6200.0,248.3
2019-03-02T13:23:57,41.2,205.5,211.7,2.7,6210.0,247.3
2019-03-02T13:24:28,41.2,219.1,230.1,2.6,6230.0,250.2
2019-03-02T13:24:59,41.2,226.2,232.4,1.5,6240.0,249.3
2019-03-02T13:25:30,41.2,207.9,213.5,2.4,6250.0,247.3
2019-03-02T13:26:01,41.2,220.9,190.4,2.0,6260.0,249.3
2019-03-02T13:26:32,41.0,212.6,201.1,2.2,6270.0,246.4
2019-03-02T13:27:03,41.2,213.2,217.1,2.0,6280.0,247.3
2019-03-02T13:27:34,41.0,213.8,217.7,1.9,6290.0,248.3
2019-03-02T13:28:05,41.0,207.3,215.3,2.1,6300.0,247.3
2019-03-02T13:28:36,41.2,213.2,212.9,2.1,6310.0,246.4
2019-03-02T13:29:07,41.0,212.6,227.7,2.0,6320.0,245.4
2019-03-02T13:29:38,41.0,210.8,219.4,1.9,6330.0,246.4
2019-03-02T13:30:09,41.0,208.5,215.9,1.9,6330.0,245.4
2019-03-02T13:30:41,41.0,213.2,218.8,1.9,6340.0,244.4
2019-03-02T13:31:12,40.9,213.2,228.3,1.8,6350.0,246.4
2019-03-02T13:31:43,41.0,212.6,220.6,1.8,6360.0,244.4
2019-03-02T13:32:14,41.0,208.5,214.7,1.8,6370.0,245.4
2019-03-02T13:32:45,40.9,210.8,227.7,1.8,6370.0,244.4
2019-03-02T13:33:16,40.9,203.2,223.0,2.0,6380.0,245.4
2019-03-02T13:33:47,40.9,194.3,233.6,2.1,6390.0,245.4
2019-03-02T13:34:18,40.9,193.7,225.4,2.2,6400.0,246.4
2019-03-02T13:34:49,40.9,191.9,221.2,2.3,6410.0,248.3
2019-03-02T13:35:20,40.9,193.7,220.6,2.2,6420.0,246.4
2019-03-02T13:35:52,40.9,190.2,223.0,2.3,6430.0,245.4
2019-03-02T13:36:23,40.9,194.9,228.3,2.2,6440.0,247.3
2019-03-02T13:36:54,40.9,191.9,230.1,2.1,6450.0,245.4
2019-03-02T13:37:26,40.8,183.7,221.8,2.2,6450.0,245.4
2019-03-02T13:37:57,40.8,193.7,219.4,2.2,6460.0,245.4
2019-03-02T13:38:28,40.8,193.7,220.6,2.1,6470.0,245.4
2019-03-02T13:38:59,40.7,193.1,236.0,2.1,6480.0,244.4
2019-03-02T13:39:30,40.7,195.5,227.7,2.1,6490.0,243.5
2019-03-02T13:40:01,40.8,194.3,229.5,2.3,6500.0,245.4
2019-03-02T13:40:32,40.8,193.1,223.6,2.3,6510.0,246.4
2019-03-02T13:41:04,40.8,189.0,228.9,2.2,6520.0,246.4
2019-03-02T13:41:35,40.8,197.8,237.8,2.2,6530.0,247.3
2019-03-02T13:42:06,40.8,196.1,221.8,2.3,6540.0,246.4
2019-03-02T13:42:37,40.8,193.1,223.0,2.4,6550.0,244.4
2019-03-02T13:43:08,40.8,194.9,220.0,2.3,6560.0,246.4
2019-03-02T13:43:39,40.8,194.9,221.8,2.4,6570.0,246.4
2019-03-02T13:44:10,40.8,197.8,218.8,2.2,6580.0,244.4
2019-03-02T13:44:41,40.8,196.7,224.8,2.4,6600.0,244.4
2019-03-02T13:45:12,40.8,192.5,217.7,2.5,6610.0,246.4
2019-03-02T13:45:43,40.7,196.7,211.7,2.6,6620.0,245.4
2019-03-02T13:46:15,40.8,194.9,225.9,2.7,6630.0,245.4
2019-03-02T13:46:46,40.8,189.0,222.4,2.7,6640.0,246.4
2019-03-02T13:47:17,40.8,193.1,218.3,2.8,6650.0,248.3
2019-03-02T13:47:48,40.6,194.3,222.4,2.8,6670.0,249.3
2019-03-02T13:48:19,40.6,193.1,221.8,2.7,6680.0,248.3
2019-03-02T13:48:50,40.6,193.1,222.4,2.5,6690.0,248.3
2019-03-02T13:49:21,40.6,194.3,221.8,2.5,6700.0,248.3
2019-03-02T13:49:52,40.6,190.8,224.8,2.6,6710.0,247.3
2019-03-02T13:50:23,40.5,196.7,225.9,2.5,6730.0,246.4
2019-03-02T13:50:54,40.4,189.0,224.2,2.4,6740.0,246.4
2019-03-02T13:51:26,40.5,189.6,225.9,2.4,6750.0,246.4
2019-03-02T13:51:57,40.4,191.9,223.0,2.4,6760.0,246.4
2019-03-02T13:52:28,40.2,188.4,223.0,2.3,6770.0,243.5
2019-03-02T13:52:59,40.2,186.0,218.3,2.2,6780.0,245.4
2019-03-02T13:53:30,40.2,194.9,217.1,2.2,6790.0,246.4
2019-03-02T13:54:01,40.2,184.8,218.3,2.4,6800.0,244.4
2019-03-02T13:54:32,40.1,194.3,223.0,2.4,6810.0,243.5
2019-03-02T13:55:03,40.1,191.3,231.9,2.5,6820.0,244.4
2019-03-02T13:55:34,40.1,193.7,231.3,2.4,6830.0,244.4
2019-03-02T13:56:06,40.0,192.5,227.7,2.1,6840.0,242.5
2019-03-02T13:56:37,40.1,193.7,225.9,2.1,6850.0,241.5
2019-03-02T13:57:08,40.1,191.9,225.4,2.0,6860.0,243.5
2019-03-02T13:57:39,40.1,191.3,224.8,2.0,6870.0,242.5
2019-03-02T13:58:10,40.0,191.9,224.8,2.2,6880.0,242.5
2019-03-02T13:58:41,40.0,189.0,224.8,2.1,6890.0,243.5
2019-03-02T13:59:12,40.1,187.8,223.0,2.1,6900.0,242.5
2019-03-02T13:59:43,40.1,189.0,224.2,2.1,6910.0,240.6
2019-03-02T14:00:14,40.2,184.3,215.3,2.3,6920.0,239.6
2019-03-02T14:00:45,39.9,184.8,218.3,2.5,6930.0,242.5
2019-03-02T14:01:17,39.9,189.0,224.8,2.4,6940.0,242.5
2019-03-02T14:01:48,40.0,183.1,223.0,2.3,6950.0,242.5
2019-03-02T14:02:19,40.0,194.9,227.1,2.2,6960.0,240.6
2019-03-02T14:02:50,40.1,195.5,212.3,2.2,6970.0,242.5
2019-03-02T14:03:21,40.1,174.8,220.0,2.4,6980.0,244.4
2019-03-02T14:03:52,40.2,186.6,223.6,2.5,6990.0,243.5
2019-03-02T14:04:23,40.2,176.0,221.2,2.8,7000.0,243.5
2019-03-02T14:04:54,40.4,179.5,231.3,2.8,7020.0,244.4
2019-03-02T14:05:25,40.4,181.9,220.6,2.4,7030.0,243.5
2019-03-02T14:05:56,40.2,191.9,223.0,2.1,7040.0,242.5
2019-03-02T14:06:28,40.4,193.7,221.8,2.0,7050.0,243.5
2019-03-02T14:06:59,40.4,194.3,224.2,2.0,7060.0,244.4
2019-03-02T14:07:30,40.2,190.2,220.6,1.9,7070.0,243.5
2019-03-02T14:08:01,40.4,193.7,209.4,1.9,7080.0,245.4
2019-03-02T14:08:32,40.2,210.8,207.6,1.7,7080.0,243.5
2019-03-02T14:09:03,40.2,208.5,234.8,1.5,7090.0,242.5
2019-03-02T14:09:34,40.1,211.4,207.0,1.7,7100.0,245.4
2019-03-02T14:10:05,40.1,211.4,221.2,1.9,7110.0,246.4
2019-03-02T14:10:36,40.1,214.4,227.1,1.7,7120.0,248.3
2019-03-02T14:11:08,40.1,219.7,226.5,1.5,7130.0,245.4
2019-03-02T14:11:39,40.1,220.9,227.1,1.5,7140.0,244.4
2019-03-02T14:12:10,40.0,213.2,224.8,1.6,7150.0,244.4
2019-03-02T14:12:41,40.1,219.1,218.8,1.8,7160.0,246.4
2019-03-02T14:13:12,40.0,217.9,232.4,1.7,7170.0,246.4
2019-03-02T14:13:43,39.9,195.5,221.8,1.9,7180.0,245.4
2019-03-02T14:14:14,39.9,189.6,228.9,1.9,7190.0,245.4
2019-03-02T14:14:45,39.9,195.5,198.7,2.0,7200.0,244.4
2019-03-02T14:15:16,39.8,199.0,198.7,1.9,7210.0,246.4
2019-03-02T14:15:47,39.8,215.0,231.3,2.1,7220.0,247.3
2019-03-02T14:16:19,39.8,210.8,220.0,2.1,7240.0,250.2
2019-03-02T14:16:50,39.8,210.8,215.3,2.0,7250.0,250.2
2019-03-02T14:17:21,39.8,202.6,231.3,2.1,7270.0,249.3
2019-03-02T14:17:52,39.5,197.3,225.9,2.0,7280.0,246.4
2019-03-02T14:18:23,39.3,191.9,234.8,2.2,7290.0,247.3
2019-03-02T14:18:54,39.3,213.8,247.2,1.9,7300.0,246.4
2019-03-02T14:19:25,39.4,219.1,212.9,2.0,7310.0,248.3
2019-03-02T14:19:56,39.3,228.0,227.7,2.1,7320.0,248.3
2019-03-02T14:20:27,39.4,219.7,229.5,2.4,7340.0,251.2
2019-03-02T14:20:58,39.2,216.2,225.9,2.0,7350.0,247.3
2019-03-02T14:21:30,39.3,207.3,189.3,2.3,7370.0,249.3
2019-03-02T14:22:01,39.3,232.1,215.9,2.1,7380.0,251.2
2019-03-02T14:22:32,39.2,207.9,224.8,2.3,7400.0,249.3
2019-03-02T14:23:03,39.3,223.8,221.8,2.2,7420.0,250.2
2019-03-02T14:23:34,39.4,229.2,227.7,2.3,7440.0,250.2
2019-03-02T14:24:05,39.4,225.6,220.6,2.4,7450.0,252.2
2019-03-02T14:24:36,39.5,226.2,227.1,2.5,7470.0,251.2
2019-03-02T14:25:07,39.7,221.5,225.9,2.3,7490.0,250.2
2019-03-02T14:25:38,39.7,222.1,214.1,2.1,7510.0,248.3
2019-03-02T14:26:10,39.7,221.5,216.5,2.3,7520.0,250.2
2019-03-02T14:26:41,39.8,217.3,205.2,2.1,7540.0,249.3
2019-03-02T14:27:12,39.8,215.0,215.3,2.1,7550.0,247.3
2019-03-02T14:27:43,39.9,211.4,212.9,2.0,7560.0,246.4
2019-03-02T14:28:14,40.0,211.4,214.1,2.2,7570.0,247.3
2019-03-02T14:28:45,40.0,206.7,220.0,2.2,7580.0,247.3
2019-03-02T14:29:16,40.0,217.9,224.2,1.9,7590.0,247.3
2019-03-02T14:29:47,40.0,219.1,219.4,1.8,7600.0,247.3
2019-03-02T14:30:18,39.8,207.3,230.1,2.0,7610.0,247.3
2019-03-02T14:30:49,39.7,210.8,222.4,1.7,7620.0,247.3
2019-03-02T14:31:21,39.3,215.0,220.6,1.6,7630.0,246.4
2019-03-02T14:31:52,39.1,208.5,231.3,1.6,7640.0,247.3
2019-03-02T14:32:23,39.0,210.8,218.8,1.6,7640.0,247.3
2019-03-02T14:32:54,39.1,209.7,224.2,1.6,7650.0,246.4
2019-03-02T14:33:25,39.1,213.8,203.5,1.7,7660.0,245.4
2019-03-02T14:33:56,39.2,206.1,210.6,1.5,7670.0,245.4
2019-03-02T14:34:27,39.2,209.7,214.1,1.6,7680.0,245.4
2019-03-02T14:34:58,39.2,213.8,224.2,1.4,7680.0,245.4
2019-03-02T14:35:29,39.3,215.6,234.8,1.5,7690.0,245.4
2019-03-02T14:36:00,39.3,217.9,224.8,1.5,7700.0,246.4
2019-03-02T14:36:31,39.4,213.2,218.8,1.5,7710.0,246.4
2019-03-02T14:37:02,39.4,227.4,186.9,1.9,7720.0,249.3
2019-03-02T14:37:33,39.4,218.5,211.7,1.7,7730.0,248.3
2019-03-02T14:38:04,39.3,214.4,232.4,1.7,7740.0,246.4
2019-03-02T14:38:35,39.3,208.5,207.0,1.9,7750.0,249.3
2019-03-02T14:39:06,39.2,216.7,207.6,2.1,7760.0,248.3
2019-03-02T14:39:37,39.3,212.6,216.5,2.0,7770.0,248.3
2019-03-02T14:40:08,39.3,210.2,220.6,2.1,7790.0,248.3
2019-03-02T14:40:40,39.2,217.3,209.4,1.8,7800.0,247.3
2019-03-02T14:41:11,39.2,214.4,230.1,1.7,7810.0,246.4
2019-03-02T14:41:42,39.1,220.3,222.4,1.7,7820.0,247.3
2019-03-02T14:42:13,39.1,215.6,210.6,1.7,7830.0,247.3
2019-03-02T14:42:44,39.1,215.0,220.0,1.4,7840.0,245.4
2019-03-02T14:43:16,39.2,213.2,225.4,1.5,7840.0,247.3
2019-03-02T14:43:47,39.2,209.7,223.0,1.3,7850.0,244.4
2019-03-02T14:44:18,39.3,212.6,218.8,1.3,7860.0,246.4
2019-03-02T14:44:49,39.3,216.2,226.5,1.2,7860.0,244.4
2019-03-02T14:45:20,39.3,220.3,216.5,1.1,7870.0,244.4
2019-03-02T14:45:51,39.3,218.5,227.7,1.3,7880.0,244.4
2019-03-02T14:46:23,39.3,208.5,221.2,1.4,7880.0,244.4
2019-03-02T14:46:54,39.3,220.9,222.4,1.4,7890.0,244.4
2019-03-02T14:47:25,39.2,207.3,225.4,1.4,7900.0,244.4
2019-03-02T14:47:56,39.2,220.9,233.0,1.5,7900.0,243.5
2019-03-02T14:48:27,39.1,219.7,227.7,1.4,7910.0,243.5
2019-03-02T14:48:58,39.2,218.5,225.4,1.6,7920.0,245.4
2019-03-02T14:49:29,39.2,217.9,220.0,1.5,7930.0,242.5
2019-03-02T14:50:00,39.2,215.0,228.3,1.4,7930.0,245.4
2019-03-02T14:50:31,39.1,219.1,230.1,1.3,7940.0,245.4
2019-03-02T14:51:03,39.1,215.6,221.8,1.4,7950.0,244.4
2019-03-02T14:51:34,39.1,218.5,234.8,1.3,7950.0,245.4
2019-03-02T14:52:05,39.1,217.9,220.0,1.3,7960.0,245.4
2019-03-02T14:52:36,39.1,220.9,237.8,1.3,7970.0,243.5
2019-03-02T14:53:07,39.1,217.3,231.9,1.3,7970.0,243.5
2019-03-02T14:53:38,39.1,207.9,221.8,1.4,7980.0,243.5
2019-03-02T14:54:09,39.1,215.0,226.5,1.4,7990.0,243.5
2019-03-02T14:54:40,39.0,219.7,219.4,1.3,8000.0,243.5
2019-03-02T14:55:11,39.0,213.2,231.9,1.4,8000.0,242.5
2019-03-02T14:55:42,39.0,213.2,231.9,1.3,8010.0,241.5
2019-03-02T14:56:14,39.0,217.3,224.2,1.3,8020.0,242.5
2019-03-02T14:56:45,39.0,217.9,225.9,1.4,8020.0,245.4
2019-03-02T14:57:16,39.0,206.7,228.3,1.4,8030.0,244.4
2019-03-02T14:57:47,39.0,219.7,222.4,1.3,8040.0,246.4
2019-03-02T14:58:18,39.0,218.5,230.1,1.3,8040.0,245.4
2019-03-02T14:58:49,39.0,204.3,232.4,1.4,8050.0,245.4
2019-03-02T14:59:20,39.0,213.8,227.1,1.2,8060.0,244.4
2019-03-02T14:59:51,39.0,212.0,235.4,1.1,8060.0,245.4
2019-03-02T15:00:22,38.9,212.6,226.5,1.2,8070.0,244.4
2019-03-02T15:00:53,39.0,207.9,230.1,1.1,8070.0,243.5
2019-03-02T15:01:25,38.9,216.2,226.5,1.0,8080.0,242.5
2019-03-02T15:01:56,38.9,208.5,223.0,1.1,8080.0,243.5
2019-03-02T15:02:27,38.9,210.2,228.3,1.0,8090.0,243.5
2019-03-02T15:02:58,38.9,215.0,227.7,1.0,8090.0,243.5
2019-03-02T15:03:29,39.0,212.6,230.1,1.0,8100.0,242.5
2019-03-02T15:04:00,39.0,209.7,222.4,1.0,8100.0,242.5
2019-03-02T15:04:31,38.9,202.6,235.4,1.0,8110.0,242.5
2019-03-02T15:05:02,38.9,214.4,217.1,1.0,8110.0,242.5
2019-03-02T15:05:33,38.9,205.5,240.7,1.1,8120.0,242.5
2019-03-02T15:06:05,38.9,212.0,219.4,1.0,8120.0,245.4
2019-03-02T15:06:36,38.9,217.9,229.5,0.9,8120.0,244.4
2019-03-02T15:07:07,38.7,219.1,230.7,1.0,8130.0,243.5
2019-03-02T15:07:38,38.7,207.3,230.7,1.1,8130.0,244.4
2019-03-02T15:08:09,38.7,207.9,231.9,1.0,8140.0,243.5
2019-03-02T15:08:40,38.7,208.5,222.4,1.1,8140.0,244.4
2019-03-02T15:09:11,38.7,210.8,233.0,1.0,8150.0,243.5
2019-03-02T15:09:42,38.6,215.6,221.8,1.1,8150.0,244.4
2019-03-02T15:10:13,38.6,204.3,231.9,1.1,8160.0,244.4
2019-03-02T15:10:44,38.5,222.7,228.9,1.0,8160.0,245.4
2019-03-02T15:11:16,38.5,204.9,219.4,1.2,8170.0,243.5
2019-03-02T15:11:47,38.5,219.7,233.0,1.1,8170.0,243.5
2019-03-02T15:12:18,38.5,210.8,222.4,1.1,8180.0,246.4
2019-03-02T15:12:49,38.5,215.6,224.2,1.1,8180.0,245.4
2019-03-02T15:13:20,38.5,205.5,199.9,1.3,8190.0,245.4
2019-03-02T15:13:51,38.5,194.3,201.7,1.3,8200.0,245.4
2019-03-02T15:14:22,38.4,188.4,230.1,1.3,8200.0,243.5
2019-03-02T15:14:53,38.4,189.6,223.0,1.3,8210.0,246.4
2019-03-02T15:15:24,38.4,189.0,237.8,1.4,8210.0,243.5
2019-03-02T15:15:55,38.4,192.5,217.7,1.3,8220.0,244.4
2019-03-02T15:16:27,38.4,196.1,240.7,1.4,8220.0,245.4
2019-03-02T15:16:58,38.4,193.7,228.9,1.3,8230.0,245.4
2019-03-02T15:17:29,38.4,190.2,224.2,1.4,8240.0,245.4
2019-03-02T15:18:00,38.4,196.1,234.8,1.3,8240.0,244.4
2019-03-02T15:18:31,38.4,200.2,236.0,1.3,8250.0,244.4
2019-03-02T15:19:02,38.5,194.9,233.0,1.2,8250.0,243.5
2019-03-02T15:19:33,38.4,196.7,228.3,1.1,8260.0,245.4
2019-03-02T15:20:04,38.4,197.8,230.7,1.1,8270.0,245.4
2019-03-02T15:20:35,38.3,191.9,225.9,1.2,8270.0,245.4
2019-03-02T15:21:07,38.4,190.8,223.0,1.2,8280.0,244.4
2019-03-02T15:21:38,38.4,191.3,229.5,1.0,8280.0,244.4
2019-03-02T15:22:09,38.4,187.2,228.3,0.9,8290.0,243.5
2019-03-02T15:22:40,38.4,180.7,228.9,0.9,8290.0,242.5
2019-03-02T15:23:11,38.3,186.6,227.7,0.9,8290.0,242.5
2019-03-02T15:23:42,38.4,191.9,230.1,0.8,8300.0,244.4
2019-03-02T15:24:13,38.4,173.0,227.1,1.0,8300.0,245.4
2019-03-02T15:24:44,38.4,155.9,222.4,1.1,8300.0,243.5
2019-03-02T15:25:15,38.3,179.5,232.4,0.9,8310.0,245.4
2019-03-02T15:25:47,38.3,200.8,215.3,0.9,8310.0,243.5
2019-03-02T15:26:18,38.2,211.4,221.2,0.9,8310.0,243.5
2019-03-02T15:26:49,38.2,189.6,231.9,1.1,8320.0,243.5
2019-03-02T15:27:20,38.2,180.1,220.6,1.2,8320.0,243.5
2019-03-02T15:27:51,38.0,189.0,227.7,1.0,8330.0,243.5
2019-03-02T15:28:22,38.0,196.1,242.5,1.1,8330.0,244.4
2019-03-02T15:28:53,38.0,193.1,230.1,1.1,8330.0,244.4
2019-03-02T15:29:24,38.0,196.1,224.8,1.0,8340.0,244.4
2019-03-02T15:29:55,38.2,191.9,203.5,1.0,8340.0,244.4
2019-03-02T15:30:26,38.2,196.7,194.0,1.1,8350.0,245.4
2019-03-02T15:30:58,38.2,191.9,225.4,1.1,8350.0,244.4
2019-03-02T15:31:29,38.2,194.3,228.9,1.1,8360.0,245.4
2019-03-02T15:32:00,38.2,194.9,240.1,1.2,8360.0,246.4
2019-03-02T15:32:31,38.2,191.9,230.1,1.1,8370.0,246.4
2019-03-02T15:33:02,38.0,186.0,228.9,1.1,8370.0,245.4
2019-03-02T15:33:33,38.0,189.6,233.6,1.1,8380.0,245.4
2019-03-02T15:34:04,38.0,185.4,234.2,1.1,8380.0,244.4
2019-03-02T15:34:35,38.0,194.9,234.8,1.1,8390.0,243.5
2019-03-02T15:35:06,38.0,196.7,237.8,1.0,8390.0,244.4
2019-03-02T15:35:38,38.0,194.3,235.4,0.9,8390.0,245.4
2019-03-02T15:36:09,38.0,188.4,236.6,1.0,8400.0,244.4
2019-03-02T15:36:40,37.9,173.0,228.3,0.9,8400.0,243.5
2019-03-02T15:37:11,37.9,164.8,223.0,0.9,8410.0,244.4
2019-03-02T15:37:42,37.8,184.8,230.1,0.8,8410.0,245.4
2019-03-02T15:38:13,37.8,193.1,232.4,0.7,8410.0,244.4
2019-03-02T15:38:44,37.6,189.0,230.1,0.8,8420.0,245.4
2019-03-02T15:39:15,37.6,209.1,227.7,0.6,8420.0,243.5
2019-03-02T15:39:46,37.4,202.0,225.9,0.6,8420.0,243.5
2019-03-02T15:40:17,37.2,215.0,232.4,0.5,8420.0,244.4
2019-03-02T15:40:49,37.2,193.1,220.6,0.7,8430.0,244.4
2019-03-02T15:41:20,37.2,213.8,235.4,0.5,8430.0,243.5
2019-03-02T15:41:51,37.2,199.6,220.6,0.6,8430.0,246.4
2019-03-02T15:42:22,37.2,209.1,235.4,0.6,8430.0,244.4
2019-03-02T15:42:53,37.4,202.0,212.9,0.5,8440.0,245.4
2019-03-02T15:43:24,37.4,181.9,230.1,0.6,8440.0,243.5
2019-03-02T15:43:55,37.4,161.2,225.9,0.7,8440.0,243.5
2019-03-02T15:44:26,37.4,173.6,211.7,0.7,8450.0,243.5
2019-03-02T15:44:57,37.4,194.9,234.8,0.7,8450.0,243.5
2019-03-02T15:45:28,37.4,217.3,216.5,0.6,8450.0,243.5
2019-03-02T15:46:00,37.4,196.7,192.8,0.7,8450.0,244.4
2019-03-02T15:46:31,37.4,196.1,199.9,0.6,8460.0,243.5
2019-03-02T15:47:02,37.4,217.9,225.4,0.6,8460.0,243.5
2019-03-02T15:47:33,37.4,199.0,239.0,0.7,8460.0,243.5
2019-03-02T15:48:04,37.4,176.6,212.9,0.9,8470.0,244.4
2019-03-02T15:48:35,37.4,155.9,204.1,1.1,8470.0,243.5
2019-03-02T15:49:06,37.4,141.7,227.7,1.1,8470.0,243.5
2019-03-02T15:49:37,37.4,167.7,228.9,1.1,8480.0,243.5
2019-03-02T15:50:08,37.2,190.8,232.4,1.0,8480.0,245.4
2019-03-02T15:50:39,37.2,194.3,226.5,1.0,8490.0,242.5
2019-03-02T15:51:11,37.1,193.1,228.9,1.0,8490.0,243.5
2019-03-02T15:51:42,37.0,191.9,225.9,1.0,8490.0,244.4
2019-03-02T15:52:13,36.9,193.7,227.7,0.9,8500.0,244.4
2019-03-02T15:52:44,36.9,181.9,225.4,0.9,8500.0,243.5
2019-03-02T15:53:15,36.9,189.6,225.9,0.9,8500.0,243.5
2019-03-02T15:53:46,36.8,189.0,228.9,0.9,8510.0,242.5
2019-03-02T15:54:17,36.8,186.0,225.9,0.8,8510.0,241.5
2019-03-02T15:54:48,36.8,194.3,224.8,0.7,8510.0,242.5
2019-03-02T15:55:19,36.8,191.3,221.2,0.7,8520.0,241.5
2019-03-02T15:55:50,36.7,213.2,230.7,0.6,8520.0,242.5
2019-03-02T15:56:22,36.7,197.3,223.6,0.6,8520.0,242.5
2019-03-02T15:56:53,36.7,176.0,233.0,0.7,8520.0,243.5
2019-03-02T15:57:24,36.4,184.3,212.9,0.6,8530.0,243.5
2019-03-02T15:57:55,36.3,204.3,224.8,0.6,8530.0,243.5
2019-03-02T15:58:26,36.3,212.0,242.5,0.6,8530.0,242.5
2019-03-02T15:58:57,36.4,192.5,220.0,0.6,8530.0,242.5
2019-03-02T15:59:28,36.4,171.9,225.9,0.7,8540.0,243.5
2019-03-02T15:59:59,36.4,150.0,236.6,0.7,8540.0,243.5
2019-03-02T16:00:30,36.5,167.1,215.9,0.8,8540.0,243.5
2019-03-02T16:01:01,36.5,190.8,216.5,0.7,8550.0,244.4
2019-03-02T16:01:32,36.4,212.6,241.9,0.7,8550.0,244.4
2019-03-02T16:02:03,36.5,204.9,234.2,0.7,8550.0,244.4
2019-03-02T16:02:34,36.5,220.3,230.7,0.7,8560.0,244.4
2019-03-02T16:03:05,36.5,203.2,237.8,0.7,8560.0,244.4
2019-03-02T16:03:36,36.5,216.7,235.4,0.7,8560.0,243.5
2019-03-02T16:04:07,36.5,218.5,237.2,0.6,8570.0,243.5
2019-03-02T16:04:38,36.5,207.9,237.8,0.6,8570.0,244.4
2019-03-02T16:05:09,36.5,213.2,234.8,0.6,8570.0,243.5
2019-03-02T16:05:41,36.5,210.2,236.0,0.7,8580.0,241.5
2019-03-02T16:06:12,36.5,206.7,230.7,0.6,8580.0,243.5
2019-03-02T16:06:43,36.4,214.4,221.8,0.6,8580.0,244.4
2019-03-02T16:07:14,36.4,210.8,231.3,0.6,8580.0,243.5
2019-03-02T16:07:45,36.4,206.1,227.1,0.6,8590.0,243.5
2019-03-02T16:08:16,36.4,212.0,228.3,0.5,8590.0,243.5
2019-03-02T16:08:47,36.3,206.7,228.9,0.6,8590.0,243.5
2019-03-02T16:09:18,36.3,206.7,223.6,0.6,8590.0,245.4
2019-03-02T16:09:49,36.3,211.4,221.8,0.5,8600.0,243.5
2019-03-02T16:10:20,36.3,209.1,226.5,0.5,8600.0,244.4
2019-03-02T16:10:52,36.3,208.5,230.7,0.5,8600.0,243.5
2019-03-02T16:11:23,36.3,208.5,227.7,0.5,8600.0,243.5
2019-03-02T16:11:54,36.3,206.7,218.8,0.5,8610.0,244.4
2019-03-02T16:12:25,36.3,212.6,221.8,0.4,8610.0,244.4
2019-03-02T16:12:56,36.3,200.8,225.9,0.5,8610.0,243.5
2019-03-02T16:13:27,36.3,183.1,227.7,0.5,8610.0,244.4
2019-03-02T16:13:58,36.2,203.7,215.9,0.4,8610.0,242.5
2019-03-02T16:14:29,36.2,209.7,232.4,0.4,8620.0,242.5
2019-03-02T16:15:00,36.3,204.3,218.8,0.4,8620.0,242.5
2019-03-02T16:15:32,36.2,184.3,210.0,0.5,8620.0,241.5
2019-03-02T16:16:03,36.2,163.6,232.4,0.5,8620.0,242.5
2019-03-02T16:16:34,36.2,170.7,215.3,0.5,8620.0,242.5
2019-03-02T16:17:05,36.2,193.1,225.9,0.4,8620.0,241.5
2019-03-02T16:17:36,36.2,212.6,224.8,0.4,8630.0,242.5
2019-03-02T16:18:07,36.2,199.0,210.0,0.5,8630.0,242.5
2019-03-02T16:18:38,36.1,212.6,218.3,0.4,8630.0,242.5
2019-03-02T16:19:09,36.1,199.6,233.0,0.4,8630.0,242.5
2019-03-02T16:19:40,36.1,178.3,211.7,0.5,8630.0,242.5
2019-03-02T16:20:11,36.1,179.5,222.4,0.4,8630.0,241.5
2019-03-02T16:20:43,36.1,199.6,223.6,0.4,8640.0,241.5
2019-03-02T16:21:14,36.1,200.2,220.6,0.4,8640.0,241.5
2019-03-02T16:21:45,36.0,210.8,218.3,0.3,8640.0,241.5
2019-03-02T16:22:16,36.0,194.3,219.4,0.3,8640.0,241.5
2019-03-02T16:22:47,36.0,199.6,214.1,0.3,8640.0,242.5
2019-03-02T16:23:18,36.0,194.3,211.7,0.2,8640.0,240.6
2019-03-02T16:23:49,35.9,189.6,216.5,0.2,8640.0,241.5
2019-03-02T16:24:20,35.6,206.1,197.0,0.2,8640.0,240.6
2019-03-02T16:24:51,35.6,184.3,214.7,0.2,8640.0,240.6
2019-03-02T16:25:22,35.6,163.6,236.0,0.3,8640.0,241.5
2019-03-02T16:25:54,35.6,148.8,215.9,0.3,8640.0,239.6
2019-03-02T16:26:25,35.5,171.3,194.0,0.3,8650.0,240.6
2019-03-02T16:26:56,35.5,193.1,173.9,0.3,8650.0,240.6
2019-03-02T16:27:27,35.4,213.8,185.7,0.2,8650.0,240.6
2019-03-02T16:27:58,35.4,194.9,210.6,0.3,8650.0,240.6
2019-03-02T16:28:29,35.3,173.0,232.4,0.4,8650.0,240.6
2019-03-02T16:29:00,35.3,152.4,237.2,0.4,8650.0,240.6
2019-03-02T16:29:31,35.2,131.7,211.7,0.5,8650.0,241.5
2019-03-02T16:30:02,35.3,110.4,188.7,0.6,8650.0,242.5
2019-03-02T16:30:34,35.3,114.6,168.0,0.6,8660.0,242.5
2019-03-02T16:31:05,35.3,140.0,176.8,0.7,8660.0,242.5
2019-03-02T16:31:36,35.3,163.0,195.8,0.8,8660.0,242.5
2019-03-02T16:32:07,35.3,187.8,224.8,0.8,8660.0,243.5
2019-03-02T16:32:38,35.3,211.4,247.2,0.8,8670.0,243.5
2019-03-02T16:33:09,35.3,199.6,239.5,0.8,8670.0,243.5
2019-03-02T16:33:41,35.3,177.8,216.5,1.0,8670.0,242.5
2019-03-02T16:34:12,35.3,157.7,202.9,1.1,8680.0,243.5
2019-03-02T16:34:43,35.3,158.3,230.7,1.1,8680.0,243.5
2019-03-02T16:35:14,35.3,181.9,241.9,1.0,8690.0,243.5
2019-03-02T16:35:45,35.4,206.1,218.8,1.0,8690.0,244.4
2019-03-02T16:36:17,35.2,217.3,188.1,1.1,8700.0,246.4
2019-03-02T16:36:48,35.2,222.7,197.0,1.0,8700.0,244.4
2019-03-02T16:37:19,35.0,210.8,208.8,1.1,8710.0,245.4
2019-03-02T16:37:50,34.9,219.7,176.8,1.2,8710.0,245.4
2019-03-02T16:38:21,34.9,217.9,172.7,1.1,8720.0,245.4
2019-03-02T16:38:52,34.9,204.9,196.4,1.2,8730.0,245.4
2019-03-02T16:39:23,34.7,217.9,205.8,1.1,8730.0,246.4
2019-03-02T16:39:54,34.8,196.7,177.4,1.2,8740.0,245.4
2019-03-02T16:40:25,34.9,215.6,188.1,1.2,8750.0,245.4
2019-03-02T16:40:56,35.0,215.0,214.1,1.2,8750.0,247.3
2019-03-02T16:41:28,35.0,220.9,201.1,1.1,8760.0,246.4
2019-03-02T16:41:59,35.0,222.1,194.0,1.1,8770.0,245.4
2019-03-02T16:42:30,35.2,203.7,197.5,1.2,8780.0,245.4
2019-03-02T16:43:01,35.2,227.4,220.6,1.1,8780.0,247.3
2019-03-02T16:43:32,35.2,217.9,207.6,1.3,8790.0,247.3
2019-03-02T16:44:03,35.2,216.7,207.6,1.0,8800.0,244.4
2019-03-02T16:44:34,35.3,215.6,197.0,1.1,8800.0,245.4
2019-03-02T16:45:05,35.2,213.8,202.3,1.0,8810.0,242.5
2019-03-02T16:45:36,35.2,210.8,199.3,0.9,8810.0,244.4
2019-03-02T16:46:08,35.2,211.4,199.9,0.8,8820.0,243.5
2019-03-02T16:46:39,35.3,215.0,211.2,0.8,8820.0,242.5
2019-03-02T16:47:10,35.4,205.5,232.4,0.8,8820.0,242.5
2019-03-02T16:47:41,35.4,206.1,234.8,0.8,8830.0,244.4
2019-03-02T16:48:12,35.4,212.0,223.6,0.7,8830.0,243.5
2019-03-02T16:48:43,35.5,199.6,231.3,0.7,8830.0,244.4
2019-03-02T16:49:14,35.5,216.7,230.1,0.6,8840.0,242.5
2019-03-02T16:49:45,35.5,210.8,224.2,0.7,8840.0,242.5
2019-03-02T16:50:16,35.5,200.2,239.0,0.7,8840.0,243.5
2019-03-02T16:50:47,35.6,210.8,228.3,0.6,8840.0,244.4
2019-03-02T16:51:19,35.5,212.0,227.7,0.6,8850.0,243.5
2019-03-02T16:51:50,35.5,203.7,234.8,0.6,8850.0,242.5
2019-03-02T16:52:21,35.5,208.5,228.9,0.6,8850.0,244.4
2019-03-02T16:52:52,35.4,207.9,225.9,0.6,8860.0,243.5
2019-03-02T16:53:23,35.4,203.7,235.4,0.6,8860.0,244.4
2019-03-02T16:53:54,35.5,202.0,233.6,0.6,8860.0,241.5
2019-03-02T16:54:25,35.5,206.7,224.8,0.6,8860.0,243.5
2019-03-02T16:54:56,35.5,206.1,237.8,0.6,8870.0,243.5
2019-03-02T16:55:27,35.5,204.9,225.9,0.6,8870.0,242.5
2019-03-02T16:55:58,35.5,184.8,229.5,0.6,8870.0,243.5
2019-03-02T16:56:30,35.5,195.5,226.5,0.5,8870.0,242.5
2019-03-02T16:57:01,35.5,216.2,231.9,0.5,8870.0,241.5
2019-03-02T16:57:32,35.5,196.7,218.8,0.5,8880.0,241.5
2019-03-02T16:58:03,35.5,216.7,230.1,0.4,8880.0,241.5
2019-03-02T16:58:34,35.5,196.1,219.4,0.5,8880.0,243.5
2019-03-02T16:59:05,35.5,187.8,236.0,0.6,8880.0,242.5
2019-03-02T16:59:36,35.5,208.5,214.7,0.5,8890.0,242.5
2019-03-02T17:00:07,35.5,203.2,230.7,0.5,8890.0,241.5
2019-03-02T17:00:38,35.5,200.8,223.6,0.5,8890.0,240.6
2019-03-02T17:01:10,35.4,207.9,221.8,0.5,8890.0,241.5
2019-03-02T17:01:41,35.4,196.7,236.6,0.5,8890.0,242.5
2019-03-02T17:02:12,35.5,210.8,214.1,0.4,8890.0,241.5
2019-03-02T17:02:43,35.4,196.7,207.6,0.5,8900.0,240.6
2019-03-02T17:03:14,35.4,217.3,233.6,0.4,8900.0,242.5
2019-03-02T17:03:45,35.4,195.5,227.7,0.5,8900.0,243.5
2019-03-02T17:04:16,35.4,173.6,206.4,0.6,8900.0,243.5
2019-03-02T17:04:47,35.4,187.2,205.8,0.6,8910.0,242.5
2019-03-02T17:05:18,35.3,208.5,230.1,0.5,8910.0,241.5
2019-03-02T17:05:49,35.3,204.3,223.6,0.5,8910.0,242.5
2019-03-02T17:06:21,35.3,209.7,235.4,0.5,8910.0,240.6
2019-03-02T17:06:52,35.3,206.1,224.2,0.5,8910.0,241.5
2019-03-02T17:07:23,35.3,207.9,235.4,0.5,8920.0,240.6
2019-03-02T17:07:54,35.3,202.6,227.7,0.5,8920.0,242.5
2019-03-02T17:08:25,35.3,202.0,227.7,0.5,8920.0,240.6
2019-03-02T17:08:56,35.0,196.1,232.4,0.5,8920.0,241.5
2019-03-02T17:09:27,35.2,210.8,230.7,0.5,8920.0,240.6
2019-03-02T17:09:58,35.2,190.2,230.1,0.5,8930.0,241.5
2019-03-02T17:10:29,35.2,210.8,230.1,0.5,8930.0,241.5
2019-03-02T17:11:00,35.2,197.8,242.5,0.5,8930.0,244.4
2019-03-02T17:11:31,35.2,207.9,221.8,0.5,8930.0,242.5
2019-03-02T17:12:02,35.2,193.7,201.1,0.6,8930.0,241.5
2019-03-02T17:12:33,35.2,183.7,180.4,0.6,8940.0,242.5
2019-03-02T17:13:04,35.2,203.7,168.0,0.5,8940.0,244.4
2019-03-02T17:13:35,35.2,207.9,179.2,0.5,8940.0,243.5
2019-03-02T17:14:06,35.2,192.5,203.5,0.5,8940.0,242.5
2019-03-02T17:14:37,35.2,206.1,217.7,0.5,8940.0,241.5
2019-03-02T17:15:08,35.2,199.0,237.8,0.4,8950.0,242.5
2019-03-02T17:15:40,35.2,204.3,222.4,0.4,8950.0,242.5
2019-03-02T17:16:11,35.2,183.7,228.9,0.4,8950.0,240.6
2019-03-02T17:16:42,35.2,186.6,221.2,0.5,8950.0,241.5
2019-03-02T17:17:13,35.2,209.1,224.8,0.4,8950.0,240.6
2019-03-02T17:17:44,35.2,209.7,230.7,0.4,8960.0,241.5
2019-03-02T17:18:15,35.0,199.0,235.4,0.4,8960.0,240.6
2019-03-02T17:18:46,35.0,204.3,214.7,0.4,8960.0,241.5
2019-03-02T17:19:17,35.0,204.3,227.7,0.4,8960.0,238.6
2019-03-02T17:19:48,35.2,194.9,223.6,0.4,8960.0,241.5
2019-03-02T17:20:19,35.2,215.6,212.9,0.3,8960.0,238.6
2019-03-02T17:20:51,35.0,194.9,233.6,0.4,8960.0,241.5
2019-03-02T17:21:22,35.0,173.6,223.0,0.4,8970.0,239.6
2019-03-02T17:21:53,35.0,161.2,218.8,0.5,8970.0,241.5
2019-03-02T17:22:24,35.0,182.5,239.5,0.4,8970.0,240.6
2019-03-02T17:22:55,35.0,202.6,217.7,0.3,8970.0,240.6
2019-03-02T17:23:26,35.0,202.0,217.7,0.3,8970.0,239.6
2019-03-02T17:23:57,35.0,182.5,230.7,0.4,8970.0,240.6
2019-03-02T17:24:28,34.9,193.7,217.7,0.3,8970.0,241.5
2019-03-02T17:24:59,34.9,209.7,225.4,0.3,8980.0,240.6
2019-03-02T17:25:30,34.9,187.2,224.8,0.3,8980.0,239.6
2019-03-02T17:26:02,34.8,190.2,212.9,0.3,8980.0,240.6
2019-03-02T17:26:33,34.8,204.9,221.2,0.2,8980.0,239.6
2019-03-02T17:27:04,34.8,183.1,225.4,0.2,8980.0,241.5
2019-03-02T17:27:35,34.8,201.4,212.3,0.2,8980.0,240.6
2019-03-02T17:28:06,34.8,193.1,215.3,0.2,8980.0,238.6
2019-03-02T17:28:37,34.8,172.4,197.5,0.2,8980.0,241.5
2019-03-02T17:29:08,34.8,152.4,218.3,0.2,8980.0,240.6
2019-03-02T17:29:39,34.8,146.4,223.0,0.2,8980.0,242.5
2019-03-02T17:30:10,34.8,167.1,202.3,0.2,8980.0,241.5
2019-03-02T17:30:41,34.8,189.0,181.6,0.2,8980.0,239.6
2019-03-02T17:31:13,34.8,207.9,200.5,0.1,8980.0,242.5
2019-03-02T17:31:44,34.7,185.4,222.4,0.1,8980.0,242.5
2019-03-02T17:32:15,34.7,165.4,212.9,0.1,8980.0,240.6
2019-03-02T17:32:46,34.7,163.6,192.2,0.1,8980.0,240.6
2019-03-02T17:33:17,34.7,185.4,171.5,0.1,8980.0,240.6
2019-03-02T17:33:48,34.7,206.7,188.7,0.1,8990.0,241.5
2019-03-02T17:34:19,34.6,185.4,209.4,0.1,8990.0,241.5
2019-03-02T17:34:50,34.6,165.9,230.1,0.1,8990.0,240.6
2019-03-02T17:35:21,34.6,143.5,213.5,0.1,8990.0,241.5
2019-03-02T17:35:52,34.6,160.6,191.6,0.1,8990.0,242.5
2019-03-02T17:36:24,34.5,180.7,183.9,0.1,8990.0,241.5
2019-03-02T17:36:55,34.5,204.9,204.6,0.0,8990.0,241.5
2019-03-02T17:37:26,34.5,183.7,224.2,0.1,8990.0,239.6
2019-03-02T17:37:57,34.5,164.8,209.4,0.1,8990.0,239.6
2019-03-02T17:38:28,34.4,145.3,189.9,0.1,8990.0,240.6
2019-03-02T17:38:59,34.4,124.6,168.6,0.1,8990.0,240.6
2019-03-02T17:39:30,34.4,127.5,147.9,0.1,8990.0,240.6
2019-03-02T17:40:01,34.2,147.6,162.0,0.1,8990.0,240.6
2019-03-02T17:40:32,34.2,171.3,182.8,0.1,8990.0,240.6
2019-03-02T17:41:04,34.2,191.9,204.6,0.1,8990.0,240.6
2019-03-02T17:41:35,34.1,189.6,225.9,0.0,8990.0,240.6
2019-03-02T17:42:06,33.9,170.1,221.2,0.1,8990.0,240.6
2019-03-02T17:42:37,33.9,148.2,199.9,0.1,8990.0,241.5
2019-03-02T17:43:08,33.9,127.0,179.2,0.1,8990.0,240.6
2019-03-02T17:43:39,33.9,150.0,159.7,0.1,8990.0,240.6
2019-03-02T17:44:10,33.9,173.0,138.4,0.1,8990.0,240.6
2019-03-02T17:44:41,33.9,190.2,117.1,0.1,8990.0,240.6
2019-03-02T17:45:12,33.9,194.9,104.7,0.1,8990.0,241.5
2019-03-02T17:45:44,33.8,178.9,126.0,0.1,8990.0,240.6
2019-03-02T17:46:15,33.8,154.1,148.4,0.1,8990.0,241.5
2019-03-02T17:46:46,33.7,134.6,169.1,0.1,8990.0,241.5
2019-03-02T17:47:17,33.7,124.0,189.3,0.1,8990.0,242.5
2019-03-02T17:47:48,33.7,144.7,210.0,0.1,8990.0,241.5
2019-03-02T17:48:19,33.7,166.5,233.6,0.1,8990.0,243.5
2019-03-02T17:48:50,33.7,189.0,215.9,0.0,8990.0,241.5
2019-03-02T17:49:21,33.7,199.6,194.6,0.1,8990.0,241.5
2019-03-02T17:49:52,33.5,178.9,173.3,0.0,8990.0,241.5
2019-03-02T17:50:23,33.5,156.5,152.6,0.1,8990.0,241.5
2019-03-02T17:50:55,33.5,134.6,154.4,0.1,8990.0,242.5
2019-03-02T17:51:26,33.4,157.1,176.2,0.1,8990.0,243.5
2019-03-02T17:51:57,33.4,177.2,199.3,0.1,8990.0,242.5
2019-03-02T17:52:28,33.4,199.6,217.7,0.0,8990.0,241.5
2019-03-02T17:52:59,33.4,190.2,220.6,0.0,8990.0,240.6
2019-03-02T17:53:30,33.3,168.9,204.1,0.1,8990.0,242.5
2019-03-02T17:54:01,33.3,148.8,179.2,0.1,8990.0,240.6
2019-03-02T17:54:32,33.3,129.3,160.3,0.1,8990.0,242.5
2019-03-02T17:55:03,33.2,107.5,139.0,0.1,8990.0,241.5
2019-03-02T17:55:35,33.2,116.3,118.3,0.1,8990.0,242.5
2019-03-02T17:56:06,33.2,136.4,131.9,0.1,8990.0,242.5
2019-03-02T17:56:37,33.2,157.7,152.6,0.1,8990.0,241.5
2019-03-02T17:57:08,33.1,174.8,173.9,0.1,8990.0,240.6
2019-03-02T17:57:39,33.1,200.2,196.4,0.1,8990.0,242.5
2019-03-02T17:58:10,33.0,183.1,220.0,0.0,8990.0,240.6
2019-03-02T17:58:41,33.0,161.2,224.2,0.1,8990.0,241.5
2019-03-02T17:59:12,33.0,139.4,201.7,0.1,8990.0,239.6
2019-03-02T17:59:43,33.0,135.8,186.9,0.1,8990.0,240.6
2019-03-02T18:00:14,33.0,156.5,163.8,0.1,8990.0,240.6
2019-03-02T18:00:46,33.0,176.0,143.1,0.1,8990.0,240.6
2019-03-02T18:01:17,32.9,199.6,136.0,0.1,8990.0,240.6
2019-03-02T18:01:48,32.9,205.5,156.7,0.0,8990.0,240.6
2019-03-02T18:02:19,32.9,196.1,179.2,0.0,8990.0,239.6
2019-03-02T18:02:50,32.9,173.0,194.6,0.0,8990.0,241.5
2019-03-02T18:03:21,32.9,154.7,217.1,0.1,8990.0,241.5
2019-03-02T18:03:52,32.7,132.9,215.9,0.1,8990.0,241.5
2019-03-02T18:04:23,32.7,112.8,195.8,0.1,8990.0,240.6
2019-03-02T18:04:54,32.7,127.5,173.3,0.1,8990.0,239.6
2019-03-02T18:05:25,32.7,149.4,153.2,0.0,8990.0,242.5
2019-03-02T18:05:57,32.7,170.7,131.9,0.1,8990.0,241.5
2019-03-02T18:06:28,32.6,190.8,134.8,0.0,8990.0,240.6
2019-03-02T18:06:59,32.6,195.5,156.1,0.0,8990.0,240.6
2019-03-02T18:07:30,32.5,194.9,227.7,0.0,8990.0,239.6
2019-03-02T18:08:01,32.4,193.7,218.8,0.0,8990.0,238.6
2019-03-02T18:08:32,32.4,193.1,217.1,0.0,8990.0,238.6
2019-03-02T18:09:03,32.4,191.9,215.3,0.0,8990.0,240.6
2019-03-02T18:09:34,32.4,190.2,212.3,0.0,8990.0,238.6
2019-03-02T18:10:05,32.3,188.4,208.8,0.0,8990.0,238.6
2019-03-02T18:10:37,32.3,187.2,204.1,0.0,8990.0,240.6
2019-03-02T18:11:08,32.3,185.4,198.1,0.0,8990.0,239.6
2019-03-02T18:11:39,32.3,157.1,195.2,0.0,8990.0,240.6
2019-03-02T18:12:10,32.2,182.5,183.3,0.0,8990.0,241.5
2019-03-02T18:12:41,32.2,177.8,178.0,0.0,8990.0,238.6
2019-03-02T18:13:12,32.2,171.9,172.1,0.0,8990.0,238.6
2019-03-02T18:13:43,32.2,138.8,164.4,0.0,8990.0,239.6
2019-03-02T18:14:14,32.2,145.3,145.5,0.0,8990.0,238.6
2019-03-02T18:14:45,32.0,111.6,111.8,0.0,8990.0,237.7
