2019-03-19T06:35:30,22.0,209.7,204.6,0.2,10.0,236.7
2019-03-19T06:36:02,22.0,186.6,227.1,0.3,10.0,238.6
2019-03-19T06:36:33,22.4,170.7,244.3,0.3,10.0,239.6
2019-03-19T06:37:04,22.4,191.3,222.4,0.2,10.0,238.6
2019-03-19T06:37:35,22.4,210.2,200.5,0.2,20.0,241.5
2019-03-19T06:38:06,22.4,200.2,183.3,0.2,20.0,239.6
2019-03-19T06:38:37,22.4,180.1,203.5,0.3,20.0,241.5
2019-03-19T06:39:08,22.4,190.2,224.8,0.3,20.0,238.6
2019-03-19T06:39:39,22.8,211.4,239.5,0.2,20.0,238.6
2019-03-19T06:40:10,22.8,193.1,217.7,0.2,20.0,238.6
2019-03-19T06:40:42,22.8,175.4,197.0,0.3,20.0,239.6
2019-03-19T06:41:13,22.8,197.3,175.1,0.3,20.0,237.7
2019-03-19T06:41:44,22.8,212.6,195.2,0.2,20.0,238.6
2019-03-19T06:42:15,22.8,190.8,217.1,0.2,20.0,238.6
2019-03-19T06:42:46,23.1,168.3,237.8,0.3,20.0,239.6
2019-03-19T06:43:17,23.1,191.3,224.2,0.3,20.0,239.6
2019-03-19T06:43:48,23.1,211.4,203.5,0.2,20.0,239.6
2019-03-19T06:44:19,23.1,194.9,182.8,0.3,20.0,239.6
2019-03-19T06:44:50,23.1,174.2,197.5,0.3,20.0,239.6
2019-03-19T06:45:21,23.1,193.7,208.8,0.3,30.0,238.6
2019-03-19T06:45:53,23.5,213.2,214.7,0.2,30.0,238.6
2019-03-19T06:46:25,23.5,189.6,234.8,0.3,30.0,238.6
2019-03-19T06:46:56,23.5,180.7,229.5,0.3,30.0,238.6
2019-03-19T06:47:27,23.5,201.4,210.0,0.3,30.0,239.6
2019-03-19T06:47:58,23.5,209.7,190.4,0.2,30.0,238.6
2019-03-19T06:48:29,23.5,187.2,179.8,0.3,30.0,236.7
2019-03-19T06:49:00,23.5,167.1,200.5,0.3,30.0,239.6
2019-03-19T06:49:31,23.5,182.5,221.2,0.3,30.0,238.6
2019-03-19T06:50:02,23.9,202.6,238.4,0.3,30.0,239.6
2019-03-19T06:50:33,23.9,200.8,215.9,0.3,30.0,238.6
2019-03-19T06:51:05,23.9,180.1,195.2,0.3,30.0,238.6
2019-03-19T06:51:36,23.9,187.8,211.2,0.3,30.0,239.6
2019-03-19T06:52:07,24.2,209.7,230.1,0.3,30.0,239.6
2019-03-19T06:52:38,23.9,213.8,234.8,0.3,40.0,241.5
2019-03-19T06:53:09,24.2,199.0,227.1,0.3,40.0,241.5
2019-03-19T06:53:40,24.2,177.8,205.8,0.3,40.0,240.6
2019-03-19T06:54:11,24.2,194.9,185.1,0.3,40.0,241.5
2019-03-19T06:54:42,24.2,213.8,207.0,0.3,40.0,243.5
2019-03-19T06:55:13,24.2,196.1,228.9,0.3,40.0,243.5
2019-03-19T06:55:44,24.2,175.4,243.1,0.3,40.0,241.5
2019-03-19T06:56:16,24.2,173.6,220.6,0.3,40.0,243.5
2019-03-19T06:56:47,24.6,197.8,199.9,0.4,40.0,246.4
2019-03-19T06:57:18,24.6,215.6,179.2,0.3,40.0,245.4
2019-03-19T06:57:49,24.6,192.5,197.5,0.3,40.0,244.4
2019-03-19T06:58:20,24.6,171.3,221.2,0.4,40.0,245.4
2019-03-19T06:58:51,24.6,187.8,240.7,0.4,50.0,246.4
2019-03-19T06:59:22,24.6,209.7,225.4,0.3,50.0,246.4
2019-03-19T06:59:53,25.0,201.4,204.6,0.3,50.0,246.4
2019-03-19T07:00:24,25.0,180.1,194.0,0.4,50.0,246.4
2019-03-19T07:00:55,25.0,188.4,215.9,0.4,50.0,245.4
2019-03-19T07:01:27,25.0,210.2,237.2,0.3,50.0,246.4
2019-03-19T07:01:58,25.0,199.0,232.4,0.4,50.0,244.4
2019-03-19T07:02:29,25.3,180.7,211.2,0.4,50.0,243.5
2019-03-19T07:03:00,25.3,201.4,199.3,0.4,50.0,243.5
2019-03-19T07:03:31,25.3,214.4,221.2,0.4,50.0,244.4
2019-03-19T07:04:02,25.3,192.5,241.3,0.4,50.0,244.4
2019-03-19T07:04:33,25.3,171.9,223.6,0.4,60.0,243.5
2019-03-19T07:05:04,25.3,194.9,202.3,0.4,60.0,246.4
2019-03-19T07:05:35,25.7,216.2,200.5,0.3,60.0,244.4
2019-03-19T07:06:07,25.7,194.3,222.4,0.4,60.0,243.5
2019-03-19T07:06:38,25.7,194.9,227.1,0.4,60.0,243.5
2019-03-19T07:07:09,25.7,214.4,206.4,0.4,60.0,244.4
2019-03-19T07:07:40,25.7,192.5,221.8,0.4,60.0,245.4
2019-03-19T07:08:11,25.7,204.9,241.9,0.4,60.0,244.4
2019-03-19T07:08:42,26.1,205.5,218.3,0.4,60.0,245.4
2019-03-19T07:09:13,26.1,186.6,206.4,0.4,60.0,245.4
2019-03-19T07:09:44,26.1,206.7,227.1,0.4,70.0,243.5
2019-03-19T07:10:15,26.1,205.5,237.2,0.4,70.0,242.5
2019-03-19T07:10:46,26.1,184.8,227.1,0.5,70.0,242.5
2019-03-19T07:11:18,26.1,196.7,234.2,0.4,70.0,243.5
2019-03-19T07:11:49,26.4,216.2,211.2,0.4,70.0,241.5
2019-03-19T07:12:20,26.4,200.8,206.4,0.4,70.0,244.4
2019-03-19T07:12:51,26.4,180.1,228.9,0.4,70.0,242.5
2019-03-19T07:13:22,26.4,200.8,246.6,0.4,70.0,242.5
2019-03-19T07:13:53,26.4,213.8,223.6,0.4,70.0,243.5
2019-03-19T07:14:24,26.8,191.3,203.5,0.5,80.0,242.5
2019-03-19T07:14:55,26.8,192.5,215.9,0.5,80.0,241.5
2019-03-19T07:15:26,26.8,213.8,237.2,0.5,80.0,240.6
2019-03-19T07:15:57,26.8,205.5,231.9,0.5,80.0,240.6
2019-03-19T07:16:29,26.8,184.8,211.2,0.5,80.0,241.5
2019-03-19T07:17:00,27.2,203.7,190.4,0.5,80.0,241.5
2019-03-19T07:17:31,27.2,216.7,208.8,0.5,80.0,242.5
2019-03-19T07:18:02,27.2,193.1,232.4,0.5,80.0,243.5
2019-03-19T07:18:33,27.2,199.0,238.4,0.5,90.0,242.5
2019-03-19T07:19:04,27.2,219.1,216.5,0.5,90.0,241.5
2019-03-19T07:19:35,27.5,198.4,201.1,0.6,90.0,241.5
2019-03-19T07:20:06,27.2,194.3,221.8,0.6,90.0,241.5
2019-03-19T07:20:37,27.5,194.9,241.9,0.6,90.0,242.5
2019-03-19T07:21:09,27.5,202.6,234.2,0.5,90.0,242.5
2019-03-19T07:21:40,27.5,219.7,214.1,0.5,90.0,243.5
2019-03-19T07:22:11,27.9,196.7,199.9,0.6,100.0,242.5
2019-03-19T07:22:42,27.9,201.4,221.2,0.6,100.0,244.4
2019-03-19T07:23:13,27.9,220.3,243.1,0.6,100.0,243.5
2019-03-19T07:23:44,27.9,197.8,227.1,0.6,100.0,242.5
2019-03-19T07:24:15,27.9,207.9,239.5,0.6,100.0,243.5
2019-03-19T07:24:46,28.3,210.8,234.2,0.6,100.0,243.5
2019-03-19T07:25:17,28.3,202.6,212.3,0.6,110.0,243.5
2019-03-19T07:25:48,28.3,215.6,208.2,0.6,110.0,244.4
2019-03-19T07:26:20,28.3,194.3,231.3,0.7,110.0,244.4
2019-03-19T07:26:51,28.3,203.7,244.3,0.7,110.0,242.5
2019-03-19T07:27:22,28.6,214.4,221.8,0.7,110.0,243.5
2019-03-19T07:27:53,28.6,193.7,204.6,0.7,120.0,245.4
2019-03-19T07:28:24,28.6,210.8,227.1,0.7,120.0,245.4
2019-03-19T07:28:55,28.6,207.3,244.9,0.6,120.0,244.4
2019-03-19T07:29:26,28.6,200.8,223.0,0.6,120.0,244.4
2019-03-19T07:29:57,29.0,220.9,217.1,0.6,120.0,243.5
2019-03-19T07:30:28,29.0,203.2,240.1,0.6,130.0,243.5
2019-03-19T07:30:59,29.0,182.5,236.0,0.8,130.0,244.4
2019-03-19T07:31:31,29.0,200.2,214.1,0.7,130.0,244.4
2019-03-19T07:32:02,29.0,197.3,223.6,0.7,130.0,243.5
2019-03-19T07:32:33,29.4,179.5,244.9,0.8,130.0,242.5
2019-03-19T07:33:04,29.4,202.0,230.1,0.7,140.0,242.5
2019-03-19T07:33:35,29.4,222.7,210.6,0.7,140.0,243.5
2019-03-19T07:34:06,29.4,204.3,225.9,0.7,140.0,242.5
2019-03-19T07:34:37,29.4,184.8,246.1,0.9,140.0,242.5
2019-03-19T07:35:08,29.7,190.2,237.2,0.9,150.0,243.5
2019-03-19T07:35:39,29.7,193.7,233.0,0.8,150.0,241.5
2019-03-19T07:36:11,29.7,208.5,247.2,0.7,150.0,241.5
2019-03-19T07:36:42,29.7,221.5,236.0,0.7,150.0,241.5
2019-03-19T07:37:13,30.1,207.9,215.9,0.8,160.0,241.5
2019-03-19T07:37:44,30.1,222.7,228.9,0.8,160.0,242.5
2019-03-19T07:38:15,30.1,209.1,251.4,0.8,160.0,242.5
2019-03-19T07:38:46,30.1,217.9,230.1,0.8,160.0,245.4
2019-03-19T07:39:17,30.2,218.5,214.1,0.8,170.0,245.4
2019-03-19T07:39:48,30.2,209.1,236.0,0.9,170.0,245.4
2019-03-19T07:40:19,30.2,223.2,244.3,0.8,170.0,244.4
2019-03-19T07:40:51,30.2,209.1,234.2,0.9,170.0,246.4
2019-03-19T07:41:22,30.3,225.0,244.9,0.8,180.0,245.4
2019-03-19T07:41:53,30.3,209.7,240.1,0.9,180.0,245.4
2019-03-19T07:42:24,30.3,212.0,216.5,0.9,180.0,245.4
2019-03-19T07:42:55,30.3,222.7,233.0,0.8,190.0,244.4
2019-03-19T07:43:26,30.4,215.6,222.4,0.9,190.0,245.4
2019-03-19T07:43:57,30.4,216.2,223.0,1.0,190.0,244.4
2019-03-19T07:44:28,30.4,207.9,244.9,1.0,190.0,244.4
2019-03-19T07:44:59,30.4,220.3,234.2,1.0,200.0,243.5
2019-03-19T07:45:30,30.5,222.1,239.0,0.9,200.0,244.4
2019-03-19T07:46:02,30.5,213.8,233.0,1.0,200.0,243.5
2019-03-19T07:46:33,30.5,213.8,212.3,1.0,210.0,243.5
2019-03-19T07:47:04,30.7,213.8,230.7,1.1,210.0,245.4
2019-03-19T07:47:35,30.7,210.2,229.5,1.1,210.0,244.4
2019-03-19T07:48:06,30.7,210.2,241.3,1.1,220.0,244.4
2019-03-19T07:48:37,30.7,219.7,235.4,1.1,220.0,244.4
2019-03-19T07:49:08,30.8,215.0,246.6,1.1,220.0,244.4
2019-03-19T07:49:39,30.8,212.6,244.3,1.1,230.0,242.5
2019-03-19T07:50:10,30.8,217.3,242.5,1.1,230.0,241.5
2019-03-19T07:50:41,30.9,213.8,246.1,1.1,240.0,241.5
2019-03-19T07:51:13,30.8,206.1,239.0,1.2,240.0,241.5
2019-03-19T07:51:44,30.9,215.0,236.6,1.1,240.0,242.5
2019-03-19T07:52:15,30.9,220.9,240.1,1.0,250.0,243.5
2019-03-19T07:52:46,30.9,220.3,236.0,1.1,250.0,243.5
2019-03-19T07:53:17,31.0,222.7,246.6,0.8,250.0,242.5
2019-03-19T07:53:48,31.0,227.4,233.6,0.7,260.0,243.5
2019-03-19T07:54:19,31.0,220.3,238.4,0.8,260.0,242.5
2019-03-19T07:54:50,31.0,206.1,234.8,1.2,270.0,243.5
2019-03-19T07:55:21,31.0,196.7,240.1,1.2,270.0,244.4
2019-03-19T07:55:52,31.0,200.2,244.3,1.3,270.0,244.4
2019-03-19T07:56:24,31.1,202.0,230.1,1.3,280.0,243.5
2019-03-19T07:56:55,31.1,206.7,243.1,1.3,280.0,245.4
2019-03-19T07:57:26,31.1,210.2,236.6,1.2,290.0,242.5
2019-03-19T07:57:57,31.1,204.9,241.3,1.2,290.0,243.5
2019-03-19T07:58:28,31.1,211.4,239.0,1.3,300.0,244.4
2019-03-19T07:58:59,31.2,213.2,244.9,1.3,300.0,243.5
2019-03-19T07:59:30,31.2,219.1,233.6,1.2,300.0,242.5
2019-03-19T08:00:01,31.2,215.0,236.0,1.3,310.0,243.5
2019-03-19T08:00:32,31.4,201.4,240.1,1.4,310.0,242.5
2019-03-19T08:01:04,31.4,199.6,239.5,1.5,320.0,244.4
2019-03-19T08:01:35,31.4,202.6,240.1,1.4,320.0,245.4
2019-03-19T08:02:06,31.5,199.0,239.0,1.4,330.0,245.4
2019-03-19T08:02:37,31.5,199.0,234.8,1.5,330.0,245.4
2019-03-19T08:03:08,31.5,202.0,237.2,1.5,340.0,245.4
2019-03-19T08:03:39,31.5,199.6,233.0,1.4,340.0,244.4
2019-03-19T08:04:10,31.6,203.7,225.9,1.5,350.0,244.4
2019-03-19T08:04:41,31.6,206.7,248.4,1.5,350.0,244.4
2019-03-19T08:05:12,31.6,197.3,225.9,1.5,360.0,245.4
2019-03-19T08:05:43,31.6,202.0,244.9,1.6,360.0,247.3
2019-03-19T08:06:15,31.7,194.3,227.1,1.6,370.0,246.4
2019-03-19T08:06:46,31.7,193.7,241.9,1.5,370.0,247.3
2019-03-19T08:07:17,31.8,196.7,239.5,1.5,380.0,246.4
2019-03-19T08:07:48,31.8,196.7,234.2,1.5,380.0,247.3
2019-03-19T08:08:19,31.8,191.9,239.5,1.6,390.0,247.3
2019-03-19T08:08:50,31.8,191.3,232.4,1.6,390.0,244.4
2019-03-19T08:09:21,31.8,186.0,241.3,1.7,400.0,246.4
2019-03-19T08:09:52,31.9,190.2,234.2,1.7,410.0,246.4
2019-03-19T08:10:23,31.9,190.8,237.8,1.7,410.0,246.4
2019-03-19T08:10:54,31.9,192.5,233.0,1.6,420.0,245.4
2019-03-19T08:11:26,32.0,200.2,244.3,1.5,420.0,247.3
2019-03-19T08:11:57,32.0,190.2,230.7,1.8,430.0,247.3
2019-03-19T08:12:28,32.0,191.9,237.2,1.8,430.0,247.3
2019-03-19T08:12:59,32.0,191.9,229.5,1.7,440.0,247.3
2019-03-19T08:13:30,32.2,180.7,246.1,1.9,450.0,248.3
2019-03-19T08:14:01,32.2,186.6,232.4,1.7,450.0,247.3
2019-03-19T08:14:32,32.2,184.8,240.1,1.8,460.0,247.3
2019-03-19T08:15:03,32.3,178.9,234.2,1.9,460.0,246.4
2019-03-19T08:15:34,32.3,180.7,243.1,1.9,470.0,246.4
2019-03-19T08:16:06,32.3,184.8,228.3,1.8,480.0,248.3
2019-03-19T08:16:37,32.3,184.8,243.7,1.9,480.0,246.4
2019-03-19T08:17:08,32.3,180.7,236.0,1.9,490.0,247.3
2019-03-19T08:17:39,32.4,184.8,234.8,1.9,500.0,246.4
2019-03-19T08:18:10,32.4,180.7,241.3,1.9,500.0,247.3
2019-03-19T08:18:41,32.4,177.8,227.1,2.0,510.0,246.4
2019-03-19T08:19:12,32.5,193.1,238.4,2.0,510.0,247.3
2019-03-19T08:19:43,32.5,189.6,236.0,1.9,520.0,247.3
2019-03-19T08:20:14,32.5,187.2,233.0,2.0,530.0,248.3
2019-03-19T08:20:45,32.5,195.5,241.9,1.9,530.0,248.3
2019-03-19T08:21:17,32.5,195.5,225.9,2.1,540.0,248.3
2019-03-19T08:21:48,32.5,189.6,241.9,2.0,550.0,248.3
2019-03-19T08:22:19,32.6,189.0,239.0,2.1,560.0,247.3
2019-03-19T08:22:50,32.6,193.1,230.7,2.1,560.0,247.3
2019-03-19T08:23:21,32.6,194.3,244.3,2.1,570.0,248.3
2019-03-19T08:23:52,32.6,189.0,232.4,2.1,580.0,248.3
2019-03-19T08:24:23,32.6,197.8,234.2,2.0,580.0,247.3
2019-03-19T08:24:54,32.7,198.4,246.1,2.2,590.0,248.3
2019-03-19T08:25:25,32.7,207.9,234.2,2.0,600.0,247.3
2019-03-19T08:25:56,32.9,205.5,233.6,1.7,610.0,248.3
2019-03-19T08:26:28,32.9,189.6,241.3,2.2,610.0,248.3
2019-03-19T08:26:59,33.0,187.8,234.8,2.3,620.0,248.3
2019-03-19T08:27:30,33.0,186.6,232.4,2.3,630.0,247.3
2019-03-19T08:28:01,33.1,190.8,241.9,2.2,640.0,248.3
2019-03-19T08:28:32,33.1,195.5,237.2,2.2,640.0,248.3
2019-03-19T08:29:03,33.2,192.5,227.7,2.2,650.0,247.3
2019-03-19T08:29:34,33.2,186.6,238.4,2.4,660.0,246.4
2019-03-19T08:30:05,33.3,186.6,237.2,2.4,670.0,248.3
2019-03-19T08:30:36,33.3,199.0,227.1,2.2,680.0,247.3
2019-03-19T08:31:08,33.4,199.0,237.2,2.4,680.0,247.3
2019-03-19T08:31:39,33.4,200.8,237.2,2.4,690.0,247.3
2019-03-19T08:32:10,33.4,204.3,227.7,2.3,700.0,247.3
2019-03-19T08:32:41,33.5,205.5,236.0,2.3,710.0,246.4
2019-03-19T08:33:12,33.5,199.6,237.8,2.5,720.0,247.3
2019-03-19T08:33:43,33.5,197.8,231.3,2.5,730.0,247.3
2019-03-19T08:34:14,33.7,197.3,230.1,2.5,740.0,248.3
2019-03-19T08:34:45,33.7,203.7,242.5,2.4,740.0,248.3
2019-03-19T08:35:16,33.7,197.3,231.3,2.5,750.0,249.3
2019-03-19T08:35:47,33.8,200.8,227.7,2.5,760.0,249.3
2019-03-19T08:36:19,33.8,196.1,238.4,2.6,770.0,250.2
2019-03-19T08:36:50,33.8,200.8,231.3,2.6,780.0,248.3
2019-03-19T08:37:21,33.8,197.3,231.9,2.6,790.0,249.3
2019-03-19T08:37:52,33.9,200.8,239.5,2.6,800.0,249.3
2019-03-19T08:38:23,33.9,204.9,230.1,2.7,810.0,247.3
2019-03-19T08:38:54,34.0,206.1,228.9,2.7,820.0,248.3
2019-03-19T08:39:25,34.0,208.5,240.1,2.7,830.0,248.3
2019-03-19T08:39:56,34.0,209.7,231.9,2.7,840.0,247.3
2019-03-19T08:40:27,34.0,207.9,227.1,2.7,850.0,248.3
2019-03-19T08:40:59,34.0,213.8,239.5,2.7,860.0,249.3
2019-03-19T08:41:30,34.1,207.9,230.7,2.7,870.0,249.3
2019-03-19T08:42:01,34.1,207.3,224.2,2.9,880.0,248.3
2019-03-19T08:42:32,34.2,209.7,231.3,2.9,890.0,247.3
2019-03-19T08:43:03,34.2,213.8,233.0,2.7,900.0,247.3
2019-03-19T08:43:34,34.4,206.7,234.8,2.9,910.0,248.3
2019-03-19T08:44:05,34.4,204.9,223.0,3.0,920.0,247.3
2019-03-19T08:44:36,34.4,210.8,233.6,2.9,930.0,248.3
2019-03-19T08:45:07,34.5,215.6,233.0,2.8,940.0,248.3
2019-03-19T08:45:39,34.5,209.7,221.8,2.9,950.0,248.3
2019-03-19T08:46:10,34.5,211.4,234.2,3.0,960.0,248.3
2019-03-19T08:46:41,34.6,207.3,234.2,2.9,970.0,248.3
2019-03-19T08:47:12,34.6,212.6,225.4,2.9,980.0,248.3
2019-03-19T08:47:43,34.6,209.7,228.3,2.9,990.0,248.3
2019-03-19T08:48:14,34.6,212.0,222.4,2.9,1000.0,248.3
2019-03-19T08:48:45,34.6,206.7,234.2,3.0,1010.0,249.3
2019-03-19T08:49:16,34.7,210.8,237.2,3.1,1020.0,248.3
2019-03-19T08:49:47,34.7,209.7,223.0,3.2,1030.0,247.3
2019-03-19T08:50:18,34.7,212.6,228.9,3.0,1040.0,249.3
2019-03-19T08:50:50,34.8,208.5,239.0,3.2,1050.0,248.3
2019-03-19T08:51:21,34.8,209.1,228.9,3.1,1060.0,250.2
2019-03-19T08:51:52,34.9,206.7,228.3,3.2,1070.0,248.3
2019-03-19T08:52:23,34.9,210.8,234.2,3.1,1090.0,248.3
2019-03-19T08:52:54,35.0,210.8,230.7,3.2,1100.0,247.3
2019-03-19T08:53:25,35.0,208.5,223.0,3.3,1110.0,247.3
2019-03-19T08:53:56,35.0,208.5,227.7,3.3,1120.0,247.3
2019-03-19T08:54:27,35.2,209.1,227.1,3.3,1130.0,247.3
2019-03-19T08:54:58,35.2,209.7,237.8,3.2,1140.0,248.3
2019-03-19T08:55:29,35.3,210.2,225.4,3.3,1150.0,247.3
2019-03-19T08:56:01,35.3,207.3,232.4,3.2,1170.0,248.3
2019-03-19T08:56:32,35.3,213.8,224.8,3.2,1180.0,247.3
2019-03-19T08:57:03,35.4,210.8,224.2,3.2,1190.0,248.3
2019-03-19T08:57:34,35.4,209.7,236.0,3.4,1200.0,248.3
2019-03-19T08:58:05,35.5,208.5,232.4,3.4,1210.0,248.3
2019-03-19T08:58:36,35.5,207.9,221.2,3.4,1220.0,248.3
2019-03-19T08:59:07,35.5,209.7,223.0,3.3,1240.0,248.3
2019-03-19T08:59:38,35.6,206.1,230.1,3.5,1250.0,248.3
2019-03-19T09:00:09,35.6,211.4,229.5,3.3,1260.0,248.3
2019-03-19T09:00:40,35.6,204.9,220.6,3.5,1270.0,249.3
2019-03-19T09:01:12,35.7,206.7,230.7,3.5,1280.0,248.3
2019-03-19T09:01:43,35.7,207.3,236.0,3.6,1300.0,248.3
2019-03-19T09:02:14,35.7,206.7,225.4,3.6,1310.0,249.3
2019-03-19T09:02:45,35.6,210.8,231.9,3.4,1320.0,249.3
2019-03-19T09:03:16,35.5,210.8,230.1,3.6,1330.0,249.3
2019-03-19T09:03:47,35.6,204.9,227.7,3.6,1350.0,248.3
2019-03-19T09:04:18,35.6,210.2,221.2,3.6,1360.0,249.3
2019-03-19T09:04:49,35.6,206.7,231.3,3.6,1370.0,248.3
2019-03-19T09:05:20,35.5,210.8,230.1,3.5,1380.0,247.3
2019-03-19T09:05:51,35.5,203.7,221.8,3.6,1400.0,248.3
2019-03-19T09:06:23,35.5,210.8,225.9,3.6,1410.0,249.3
2019-03-19T09:06:54,35.6,205.5,234.2,3.7,1420.0,250.2
2019-03-19T09:07:25,35.6,209.7,228.3,3.7,1430.0,248.3
2019-03-19T09:07:56,35.6,206.1,218.8,3.7,1450.0,248.3
2019-03-19T09:08:27,35.6,205.5,229.5,3.8,1460.0,249.3
2019-03-19T09:08:58,35.6,205.5,228.9,3.8,1470.0,248.3
2019-03-19T09:09:29,35.6,209.1,225.4,3.7,1490.0,248.3
2019-03-19T09:10:00,35.5,210.2,221.2,3.8,1500.0,248.3
2019-03-19T09:10:31,35.5,209.7,234.8,3.8,1510.0,249.3
2019-03-19T09:11:03,35.5,203.7,224.8,3.8,1530.0,249.3
2019-03-19T09:11:34,35.6,210.2,221.8,3.9,1540.0,249.3
2019-03-19T09:12:05,35.7,206.7,224.2,3.9,1550.0,248.3
2019-03-19T09:12:36,35.9,206.7,228.9,3.8,1570.0,249.3
2019-03-19T09:13:07,35.9,203.7,227.1,3.9,1580.0,249.3
2019-03-19T09:13:38,35.9,209.7,218.3,3.8,1590.0,248.3
2019-03-19T09:14:09,35.9,204.3,223.6,3.9,1610.0,247.3
2019-03-19T09:14:40,35.9,209.7,227.1,3.8,1620.0,247.3
2019-03-19T09:15:11,35.9,204.3,230.7,4.1,1630.0,246.4
2019-03-19T09:15:42,35.9,204.9,227.7,3.9,1650.0,247.3
2019-03-19T09:16:14,35.9,205.5,227.7,4.0,1660.0,248.3
2019-03-19T09:16:45,36.0,202.6,221.2,4.1,1680.0,247.3
2019-03-19T09:17:16,36.1,207.9,230.1,4.0,1690.0,248.3
2019-03-19T09:17:47,36.1,203.7,228.3,4.0,1700.0,247.3
2019-03-19T09:18:18,36.2,202.0,218.8,4.2,1720.0,248.3
2019-03-19T09:18:49,36.3,202.6,223.0,4.2,1730.0,249.3
2019-03-19T09:19:20,36.3,209.1,228.3,4.0,1750.0,249.3
2019-03-19T09:19:51,36.3,204.3,224.8,4.1,1760.0,250.2
2019-03-19T09:20:22,36.2,204.9,221.8,4.2,1770.0,249.3
2019-03-19T09:20:53,36.2,207.9,233.0,4.1,1790.0,249.3
2019-03-19T09:21:25,36.1,206.1,228.3,4.1,1800.0,250.2
2019-03-19T09:21:56,36.2,200.8,224.8,4.3,1820.0,250.2
2019-03-19T09:22:27,36.3,203.7,217.7,4.3,1830.0,250.2
2019-03-19T09:22:58,36.3,204.9,218.8,4.3,1850.0,250.2
2019-03-19T09:23:29,36.3,201.4,231.9,4.3,1860.0,250.2
2019-03-19T09:24:00,36.3,208.5,224.2,4.2,1880.0,250.2
2019-03-19T09:24:31,36.3,206.1,218.8,4.4,1890.0,250.2
2019-03-19T09:25:02,36.2,202.0,226.5,4.4,1910.0,249.3
2019-03-19T09:25:34,36.3,203.7,225.9,4.4,1920.0,249.3
2019-03-19T09:26:05,36.4,203.2,225.9,4.5,1940.0,250.2
2019-03-19T09:26:36,36.5,203.7,228.3,4.4,1950.0,249.3
2019-03-19T09:27:07,36.5,206.7,219.4,4.2,1970.0,250.2
2019-03-19T09:27:38,36.7,200.8,227.7,4.4,1980.0,250.2
2019-03-19T09:28:09,36.8,205.5,231.3,4.3,2000.0,249.3
2019-03-19T09:28:40,36.7,206.7,220.6,4.3,2010.0,250.2
2019-03-19T09:29:11,36.8,203.7,226.5,4.4,2030.0,249.3
2019-03-19T09:29:42,36.9,207.9,221.8,4.4,2040.0,249.3
2019-03-19T09:30:13,36.9,204.9,227.7,4.4,2060.0,249.3
2019-03-19T09:30:45,37.0,204.3,229.5,4.5,2070.0,250.2
2019-03-19T09:31:16,36.9,207.9,221.8,4.5,2090.0,250.2
2019-03-19T09:31:47,36.9,203.2,216.5,4.6,2100.0,249.3
2019-03-19T09:32:18,37.0,200.8,224.8,4.7,2120.0,250.2
2019-03-19T09:32:49,37.1,202.6,231.3,4.7,2140.0,250.2
2019-03-19T09:33:20,37.1,205.5,228.9,4.5,2150.0,250.2
2019-03-19T09:33:51,37.2,206.7,225.4,4.6,2170.0,250.2
2019-03-19T09:34:22,37.2,200.8,221.8,4.7,2180.0,251.2
2019-03-19T09:34:53,37.4,199.0,226.5,4.7,2200.0,250.2
2019-03-19T09:35:24,37.4,192.5,223.6,4.8,2210.0,250.2
2019-03-19T09:35:56,37.4,193.1,224.2,4.7,2230.0,250.2
2019-03-19T09:36:27,37.2,194.3,224.2,4.7,2250.0,250.2
2019-03-19T09:36:58,37.2,196.7,228.9,4.5,2260.0,249.3
2019-03-19T09:37:29,37.2,202.0,224.2,4.8,2280.0,250.2
2019-03-19T09:38:00,37.2,202.6,225.9,4.7,2290.0,250.2
2019-03-19T09:38:31,37.2,191.3,230.1,4.9,2310.0,250.2
2019-03-19T09:39:02,37.4,193.1,218.8,4.8,2320.0,250.2
2019-03-19T09:39:33,37.5,194.9,218.8,4.7,2340.0,250.2
2019-03-19T09:40:04,37.6,190.8,229.5,4.9,2360.0,249.3
2019-03-19T09:40:36,37.5,204.9,225.9,4.8,2370.0,249.3
2019-03-19T09:41:07,37.6,194.9,221.8,4.9,2390.0,249.3
2019-03-19T09:41:38,37.6,194.3,215.9,4.8,2410.0,249.3
2019-03-19T09:42:09,37.6,191.9,224.8,4.9,2420.0,249.3
2019-03-19T09:42:40,37.6,190.8,228.3,5.0,2440.0,250.2
2019-03-19T09:43:11,37.5,194.9,215.9,4.8,2450.0,249.3
2019-03-19T09:43:42,37.4,196.1,221.2,4.8,2470.0,250.2
2019-03-19T09:44:13,37.4,195.5,228.9,4.8,2490.0,249.3
2019-03-19T09:44:44,37.5,191.9,223.6,5.0,2500.0,248.3
2019-03-19T09:45:15,37.5,193.1,215.9,4.9,2520.0,251.2
2019-03-19T09:45:47,37.6,194.9,216.5,4.9,2540.0,250.2
2019-03-19T09:46:18,37.7,190.8,220.0,5.0,2550.0,248.3
2019-03-19T09:46:49,37.7,193.7,221.2,4.9,2570.0,249.3
2019-03-19T09:47:20,37.8,189.0,225.4,5.1,2580.0,249.3
2019-03-19T09:47:51,37.9,187.8,215.3,5.1,2600.0,248.3
2019-03-19T09:48:22,38.0,188.4,217.1,5.1,2620.0,249.3
2019-03-19T09:48:53,38.2,202.0,221.2,4.9,2630.0,248.3
2019-03-19T09:49:24,38.2,196.7,223.6,5.0,2650.0,248.3
2019-03-19T09:49:55,38.3,193.7,220.0,5.0,2670.0,248.3
2019-03-19T09:50:26,38.3,194.9,217.1,5.1,2690.0,249.3
2019-03-19T09:50:58,38.4,201.4,224.8,5.1,2700.0,250.2
2019-03-19T09:51:29,38.4,197.8,224.2,5.1,2720.0,249.3
2019-03-19T09:52:00,38.5,187.2,218.3,5.3,2740.0,248.3
2019-03-19T09:52:31,38.5,189.6,213.5,5.3,2750.0,247.3
2019-03-19T09:53:02,38.6,198.4,217.7,5.2,2770.0,249.3
2019-03-19T09:53:33,38.6,199.6,221.2,5.1,2790.0,248.3
2019-03-19T09:54:04,38.7,200.8,225.9,5.2,2810.0,249.3
2019-03-19T09:54:35,38.7,202.0,224.2,5.1,2820.0,248.3
2019-03-19T09:55:06,38.7,202.6,224.2,5.0,2840.0,248.3
2019-03-19T09:55:38,38.7,199.6,223.0,4.6,2860.0,247.3
2019-03-19T09:56:09,38.7,202.0,220.6,5.3,2880.0,247.3
2019-03-19T09:56:40,38.9,200.2,224.2,5.3,2890.0,248.3
2019-03-19T09:57:11,38.9,195.5,215.9,5.4,2910.0,247.3
2019-03-19T09:57:42,39.0,187.8,226.5,5.5,2930.0,248.3
2019-03-19T09:58:13,39.0,186.0,220.6,5.4,2950.0,247.3
2019-03-19T09:58:44,39.0,194.9,218.3,5.4,2960.0,248.3
2019-03-19T09:59:15,39.1,195.5,218.3,5.4,2980.0,247.3
2019-03-19T09:59:46,39.1,187.8,215.3,5.4,3000.0,247.3
2019-03-19T10:00:17,39.1,189.0,213.5,5.4,3020.0,248.3
2019-03-19T10:00:49,39.1,189.6,216.5,5.4,3030.0,248.3
2019-03-19T10:01:20,39.1,190.2,223.6,5.4,3050.0,247.3
2019-03-19T10:01:51,39.1,190.2,222.4,5.4,3070.0,247.3
2019-03-19T10:02:22,39.0,186.6,219.4,5.5,3090.0,248.3
2019-03-19T10:02:53,38.9,187.8,212.9,5.5,3110.0,247.3
2019-03-19T10:03:24,38.7,187.8,213.5,5.6,3120.0,246.4
2019-03-19T10:03:55,38.9,191.3,215.9,5.5,3140.0,247.3
2019-03-19T10:04:26,38.9,189.6,220.0,5.5,3160.0,247.3
2019-03-19T10:04:57,39.0,187.8,220.0,5.6,3180.0,248.3
2019-03-19T10:05:28,39.1,191.9,223.6,5.4,3200.0,248.3
2019-03-19T10:06:00,39.1,190.2,220.6,5.6,3210.0,248.3
2019-03-19T10:06:31,39.1,187.2,210.0,5.7,3230.0,247.3
2019-03-19T10:07:02,39.2,189.6,216.5,5.6,3250.0,247.3
2019-03-19T10:07:33,39.1,186.6,215.9,5.8,3270.0,247.3
2019-03-19T10:08:04,39.1,187.8,218.8,5.8,3290.0,248.3
2019-03-19T10:08:35,39.2,189.6,216.5,5.7,3310.0,248.3
2019-03-19T10:09:06,39.2,184.8,210.0,5.7,3320.0,248.3
2019-03-19T10:09:37,39.3,187.8,223.0,5.8,3340.0,248.3
2019-03-19T10:10:08,39.3,187.2,215.9,5.8,3360.0,247.3
2019-03-19T10:10:39,39.2,184.8,217.1,5.8,3380.0,246.4
2019-03-19T10:11:11,39.2,187.2,213.5,5.7,3400.0,246.4
2019-03-19T10:11:42,39.3,184.3,217.7,5.9,3420.0,247.3
2019-03-19T10:12:13,39.4,187.8,215.9,5.8,3430.0,246.4
2019-03-19T10:12:44,39.4,183.1,220.6,5.8,3450.0,245.4
2019-03-19T10:13:15,39.3,187.2,221.2,5.7,3470.0,247.3
2019-03-19T10:13:46,39.2,184.8,219.4,5.8,3490.0,246.4
2019-03-19T10:14:17,39.1,186.6,214.1,5.8,3510.0,246.4
2019-03-19T10:14:48,39.2,184.3,210.0,5.9,3530.0,247.3
2019-03-19T10:15:19,39.2,187.8,212.9,5.8,3550.0,246.4
2019-03-19T10:15:50,39.2,189.0,217.7,5.7,3570.0,248.3
2019-03-19T10:16:22,39.2,183.7,218.8,5.9,3580.0,247.3
2019-03-19T10:16:53,39.1,185.4,222.4,6.0,3600.0,247.3
2019-03-19T10:17:24,39.1,189.0,215.9,5.8,3620.0,247.3
2019-03-19T10:17:55,39.0,185.4,214.1,6.1,3640.0,247.3
2019-03-19T10:18:26,39.0,186.6,211.7,5.9,3660.0,247.3
2019-03-19T10:18:57,39.2,187.8,211.2,5.9,3680.0,247.3
2019-03-19T10:19:28,39.3,188.4,218.8,5.9,3700.0,247.3
2019-03-19T10:19:59,39.4,186.6,214.7,5.9,3720.0,249.3
2019-03-19T10:20:30,39.5,185.4,217.1,6.0,3740.0,250.2
2019-03-19T10:21:01,39.7,184.8,211.7,6.2,3760.0,250.2
2019-03-19T10:21:32,39.8,185.4,215.9,6.1,3770.0,250.2
2019-03-19T10:22:03,39.8,182.5,213.5,6.2,3790.0,249.3
2019-03-19T10:22:34,39.9,183.7,210.0,6.1,3810.0,250.2
2019-03-19T10:23:05,39.9,185.4,214.1,6.2,3830.0,249.3
2019-03-19T10:23:36,39.8,188.4,214.7,5.9,3850.0,250.2
2019-03-19T10:24:07,39.8,187.8,221.2,6.0,3870.0,249.3
2019-03-19T10:24:38,39.9,186.6,218.8,6.1,3890.0,250.2
2019-03-19T10:25:09,39.8,186.6,213.5,6.1,3910.0,249.3
2019-03-19T10:25:41,39.9,186.6,214.7,6.1,3930.0,251.2
2019-03-19T10:26:12,39.8,185.4,215.9,6.1,3950.0,250.2
2019-03-19T10:26:43,39.9,184.8,215.3,6.2,3970.0,249.3
2019-03-19T10:27:14,40.0,184.3,206.4,6.2,3990.0,250.2
2019-03-19T10:27:45,39.9,187.2,207.6,6.1,4010.0,249.3
2019-03-19T10:28:16,39.8,182.5,214.7,6.2,4030.0,250.2
2019-03-19T10:28:47,39.8,183.7,211.2,6.4,4050.0,251.2
2019-03-19T10:29:18,39.7,187.8,210.0,6.0,4070.0,250.2
2019-03-19T10:29:49,39.7,185.4,207.0,6.3,4090.0,250.2
2019-03-19T10:30:20,39.8,183.1,208.8,6.3,4110.0,250.2
2019-03-19T10:30:52,39.9,182.5,208.8,6.4,4130.0,250.2
2019-03-19T10:31:23,39.8,187.8,209.4,6.1,4150.0,251.2
2019-03-19T10:31:54,39.7,186.6,214.1,6.2,4170.0,250.2
2019-03-19T10:32:25,39.7,186.0,214.7,6.3,4190.0,252.2
2019-03-19T10:32:56,39.7,181.9,214.1,6.4,4210.0,251.2
2019-03-19T10:33:27,39.8,184.3,215.9,6.3,4230.0,251.2
2019-03-19T10:33:58,39.8,186.6,211.2,6.2,4250.0,251.2
2019-03-19T10:34:30,39.5,184.8,218.8,6.4,4270.0,250.2
2019-03-19T10:35:01,39.7,183.7,212.9,6.3,4290.0,251.2
2019-03-19T10:35:32,39.8,183.7,211.2,6.3,4310.0,250.2
2019-03-19T10:36:04,39.9,190.8,205.2,6.5,4330.0,250.2
2019-03-19T10:36:35,40.0,190.2,208.8,6.4,4350.0,251.2
2019-03-19T10:37:06,40.1,186.0,210.0,6.5,4370.0,250.2
2019-03-19T10:37:37,40.2,180.7,216.5,6.5,4390.0,250.2
2019-03-19T10:38:08,40.4,185.4,210.6,6.4,4410.0,252.2
2019-03-19T10:38:39,40.5,181.9,216.5,6.5,4430.0,252.2
2019-03-19T10:39:10,40.5,184.8,220.6,6.4,4450.0,252.2
2019-03-19T10:39:41,40.6,179.5,215.3,6.7,4470.0,250.2
2019-03-19T10:40:12,40.6,184.8,217.1,6.5,4490.0,250.2
2019-03-19T10:40:43,40.6,184.8,214.1,6.5,4510.0,249.3
2019-03-19T10:41:15,40.5,180.1,215.3,6.7,4530.0,251.2
2019-03-19T10:41:46,40.4,184.3,212.3,6.4,4550.0,251.2
2019-03-19T10:42:17,40.2,186.6,213.5,6.3,4570.0,252.2
2019-03-19T10:42:48,40.2,184.3,214.7,6.4,4590.0,251.2
2019-03-19T10:43:19,40.2,180.7,212.9,6.7,4610.0,252.2
2019-03-19T10:43:50,40.4,194.3,215.9,5.9,4630.0,251.2
2019-03-19T10:44:21,40.6,180.1,213.5,6.7,4650.0,250.2
2019-03-19T10:44:52,40.7,184.8,205.8,6.4,4670.0,250.2
2019-03-19T10:45:23,40.8,180.1,207.0,6.6,4700.0,250.2
2019-03-19T10:45:54,40.7,179.5,205.8,6.5,4720.0,250.2
2019-03-19T10:46:26,40.6,170.7,207.6,6.2,4740.0,250.2
2019-03-19T10:46:57,40.6,161.2,214.7,6.9,4760.0,250.2
2019-03-19T10:47:28,40.7,178.9,215.3,6.8,4780.0,251.2
2019-03-19T10:47:59,40.7,184.3,212.9,6.6,4800.0,253.1
2019-03-19T10:48:30,40.7,184.3,207.0,6.6,4820.0,251.2
2019-03-19T10:49:01,40.7,178.3,205.2,6.8,4840.0,251.2
2019-03-19T10:49:32,40.8,186.6,215.9,6.5,4860.0,250.2
2019-03-19T10:50:03,40.9,175.4,215.3,6.7,4880.0,250.2
2019-03-19T10:50:34,40.9,175.4,217.1,6.6,4900.0,250.2
2019-03-19T10:51:06,40.9,180.7,221.2,6.8,4920.0,251.2
2019-03-19T10:51:37,40.9,191.3,213.5,6.8,4940.0,249.3
2019-03-19T10:52:08,41.0,191.3,205.8,6.7,4970.0,250.2
2019-03-19T10:52:39,41.0,193.1,215.9,6.8,4990.0,251.2
2019-03-19T10:53:10,41.2,189.6,218.8,6.8,5010.0,249.3
2019-03-19T10:53:41,41.3,192.5,219.4,6.8,5030.0,250.2
2019-03-19T10:54:12,41.3,191.3,220.0,6.9,5050.0,249.3
2019-03-19T10:54:43,41.4,190.8,217.1,6.8,5070.0,248.3
2019-03-19T10:55:14,41.4,190.8,215.9,6.9,5100.0,250.2
2019-03-19T10:55:45,41.4,194.9,211.7,6.7,5120.0,250.2
2019-03-19T10:56:17,41.6,189.0,214.1,6.6,5140.0,250.2
2019-03-19T10:56:48,41.6,174.2,208.8,6.9,5160.0,250.2
2019-03-19T10:57:19,41.5,185.4,210.6,6.7,5180.0,250.2
2019-03-19T10:57:50,41.6,180.7,212.9,7.0,5200.0,251.2
2019-03-19T10:58:21,41.6,186.0,212.3,6.8,5230.0,250.2
2019-03-19T10:58:52,41.6,189.0,214.7,7.0,5250.0,249.3
2019-03-19T10:59:23,41.6,181.3,213.5,7.0,5270.0,251.2
2019-03-19T10:59:54,41.5,170.7,208.8,7.1,5290.0,250.2
2019-03-19T11:00:25,41.5,186.6,209.4,7.1,5310.0,250.2
2019-03-19T11:00:56,41.6,189.6,211.2,6.9,5340.0,250.2
2019-03-19T11:01:28,41.6,193.1,212.3,6.9,5360.0,250.2
2019-03-19T11:01:59,41.7,191.3,209.4,7.0,5380.0,251.2
2019-03-19T11:02:30,41.7,183.1,210.6,7.0,5400.0,251.2
2019-03-19T11:03:01,41.9,173.0,208.8,6.9,5420.0,249.3
2019-03-19T11:03:32,41.9,174.2,208.8,7.1,5450.0,250.2
2019-03-19T11:04:03,41.9,184.8,210.6,6.9,5470.0,252.2
2019-03-19T11:04:34,41.9,194.3,211.7,6.2,5490.0,251.2
2019-03-19T11:05:05,42.0,198.4,214.7,6.5,5510.0,251.2
2019-03-19T11:05:36,42.1,196.1,212.3,6.1,5530.0,251.2
2019-03-19T11:06:08,42.2,190.8,208.8,7.0,5560.0,252.2
2019-03-19T11:06:39,42.2,196.1,207.6,6.8,5580.0,251.2
2019-03-19T11:07:10,42.3,196.7,208.2,6.6,5600.0,252.2
2019-03-19T11:07:41,42.3,195.5,215.3,5.9,5620.0,251.2
2019-03-19T11:08:12,42.3,181.9,214.1,6.8,5640.0,251.2
2019-03-19T11:08:43,42.3,184.8,207.0,6.8,5670.0,250.2
2019-03-19T11:09:14,42.3,180.1,210.0,7.0,5690.0,252.2
2019-03-19T11:09:45,42.3,178.3,213.5,7.2,5710.0,253.1
2019-03-19T11:10:16,42.3,180.7,215.3,7.1,5730.0,252.2
2019-03-19T11:10:47,42.3,183.1,213.5,7.1,5750.0,251.2
2019-03-19T11:11:19,42.1,177.8,212.9,6.9,5780.0,252.2
2019-03-19T11:11:50,41.9,169.5,211.2,7.2,5800.0,251.2
2019-03-19T11:12:21,41.9,173.0,208.8,7.1,5820.0,252.2
2019-03-19T11:12:52,41.9,164.8,210.0,7.1,5840.0,251.2
2019-03-19T11:13:23,41.6,160.0,210.6,7.5,5860.0,251.2
2019-03-19T11:13:54,41.7,184.3,207.6,7.1,5880.0,252.2
2019-03-19T11:14:25,41.7,177.8,212.9,7.3,5910.0,251.2
2019-03-19T11:14:56,42.0,182.5,217.1,7.2,5930.0,252.2
2019-03-19T11:15:27,42.1,177.2,210.0,7.2,5950.0,250.2
2019-03-19T11:15:58,42.2,183.1,205.2,7.1,5970.0,251.2
2019-03-19T11:16:30,42.2,176.6,208.2,7.4,6000.0,252.2
2019-03-19T11:17:01,42.3,175.4,208.8,7.4,6020.0,251.2
2019-03-19T11:17:32,42.3,182.5,204.6,7.1,6040.0,251.2
2019-03-19T11:18:03,42.4,181.3,211.7,7.1,6060.0,251.2
2019-03-19T11:18:34,42.5,183.7,211.7,7.0,6090.0,250.2
2019-03-19T11:19:05,42.5,180.1,214.7,7.2,6110.0,252.2
2019-03-19T11:19:36,42.7,183.7,208.8,7.0,6130.0,252.2
2019-03-19T11:20:07,42.8,181.9,211.7,7.2,6150.0,251.2
2019-03-19T11:20:38,42.8,177.8,212.9,7.0,6180.0,251.2
2019-03-19T11:21:10,42.8,183.7,212.9,7.0,6200.0,251.2
2019-03-19T11:21:41,42.9,173.6,213.5,7.2,6220.0,251.2
2019-03-19T11:22:12,42.9,177.2,213.5,7.2,6240.0,251.2
2019-03-19T11:22:43,43.0,184.3,204.1,6.2,6270.0,250.2
2019-03-19T11:23:14,43.0,194.3,208.8,6.1,6290.0,251.2
2019-03-19T11:23:45,42.9,183.7,205.2,7.1,6310.0,251.2
2019-03-19T11:24:16,42.7,178.3,208.8,6.2,6330.0,251.2
2019-03-19T11:24:47,42.4,180.7,211.7,7.0,6350.0,250.2
2019-03-19T11:25:18,42.3,183.7,210.6,6.7,6380.0,251.2
2019-03-19T11:25:49,42.1,173.6,204.6,7.1,6400.0,252.2
2019-03-19T11:26:21,42.0,168.9,203.5,7.5,6420.0,249.3
2019-03-19T11:26:52,41.9,176.6,205.8,7.0,6440.0,251.2
2019-03-19T11:27:23,42.0,169.5,210.0,7.4,6470.0,250.2
2019-03-19T11:27:54,41.9,168.3,202.9,7.6,6490.0,250.2
2019-03-19T11:28:25,41.9,171.9,204.6,7.4,6510.0,250.2
2019-03-19T11:28:56,41.7,170.7,202.9,7.5,6530.0,250.2
2019-03-19T11:29:27,41.6,169.5,203.5,7.6,6550.0,251.2
2019-03-19T11:29:58,41.5,168.9,207.0,7.6,6580.0,251.2
2019-03-19T11:30:29,41.6,167.1,214.1,7.7,6600.0,250.2
2019-03-19T11:31:00,41.7,173.6,215.3,7.4,6620.0,251.2
2019-03-19T11:31:31,42.0,166.5,213.5,7.6,6640.0,250.2
2019-03-19T11:32:02,41.9,167.1,214.1,7.7,6670.0,251.2
2019-03-19T11:32:33,41.9,168.3,210.6,7.6,6690.0,250.2
2019-03-19T11:33:04,41.7,170.7,214.1,7.5,6710.0,251.2
2019-03-19T11:33:35,41.6,167.7,212.9,7.1,6730.0,250.2
2019-03-19T11:34:06,41.6,156.5,211.2,7.7,6760.0,250.2
2019-03-19T11:34:37,41.7,167.7,208.2,7.7,6780.0,250.2
2019-03-19T11:35:08,42.0,168.3,213.5,7.2,6800.0,250.2
2019-03-19T11:35:40,42.1,167.7,208.2,7.7,6820.0,251.2
2019-03-19T11:36:11,42.3,172.4,207.0,7.4,6850.0,251.2
2019-03-19T11:36:42,42.4,154.1,208.2,8.0,6870.0,250.2
2019-03-19T11:37:13,42.4,158.3,210.6,7.9,6890.0,251.2
2019-03-19T11:37:44,42.7,154.7,204.6,8.0,6910.0,251.2
2019-03-19T11:38:15,42.7,155.9,210.0,8.0,6940.0,249.3
2019-03-19T11:38:46,42.5,155.9,208.2,7.8,6960.0,249.3
2019-03-19T11:39:17,42.5,157.7,205.8,7.1,6980.0,250.2
2019-03-19T11:39:48,42.4,152.9,204.1,8.0,7000.0,249.3
2019-03-19T11:40:19,42.4,155.3,214.1,7.4,7030.0,249.3
2019-03-19T11:40:51,42.4,159.4,214.1,7.9,7050.0,248.3
2019-03-19T11:41:22,42.4,154.7,207.6,7.6,7070.0,248.3
2019-03-19T11:41:53,42.3,163.0,207.6,7.5,7090.0,248.3
2019-03-19T11:42:24,42.3,163.6,210.6,7.5,7120.0,248.3
2019-03-19T11:42:55,42.1,160.6,207.0,7.7,7140.0,247.3
2019-03-19T11:43:26,42.2,147.0,212.3,7.9,7160.0,249.3
2019-03-19T11:43:57,41.9,161.2,208.2,7.1,7180.0,249.3
2019-03-19T11:44:28,41.7,163.6,210.6,7.6,7200.0,248.3
2019-03-19T11:44:59,41.9,153.5,211.2,8.1,7230.0,248.3
2019-03-19T11:45:30,42.1,156.5,208.2,7.6,7250.0,248.3
2019-03-19T11:46:02,42.1,154.1,211.7,7.9,7270.0,248.3
2019-03-19T11:46:33,42.1,150.6,204.1,7.8,7290.0,248.3
2019-03-19T11:47:04,42.1,158.3,209.4,8.0,7320.0,249.3
2019-03-19T11:47:35,42.0,154.7,203.5,7.6,7340.0,248.3
2019-03-19T11:48:06,42.0,157.7,201.7,7.9,7360.0,248.3
2019-03-19T11:48:37,42.0,161.8,203.5,7.7,7380.0,249.3
2019-03-19T11:49:08,42.1,155.9,202.3,7.7,7400.0,249.3
2019-03-19T11:49:39,42.0,147.6,205.8,8.1,7430.0,248.3
2019-03-19T11:50:10,41.9,153.5,208.2,8.1,7450.0,249.3
2019-03-19T11:50:42,42.0,160.6,201.1,7.3,7470.0,250.2
2019-03-19T11:51:13,42.0,158.3,208.8,7.9,7500.0,249.3
2019-03-19T11:51:44,42.1,153.5,204.6,7.5,7520.0,249.3
2019-03-19T11:52:15,42.0,165.9,202.9,7.4,7540.0,249.3
2019-03-19T11:52:46,42.1,164.8,208.8,7.6,7560.0,250.2
2019-03-19T11:53:17,42.2,152.4,208.2,7.5,7580.0,249.3
2019-03-19T11:53:48,42.1,147.6,198.7,8.1,7610.0,251.2
2019-03-19T11:54:19,42.2,145.3,201.7,8.1,7630.0,250.2
2019-03-19T11:54:50,42.3,155.3,207.0,7.4,7650.0,250.2
2019-03-19T11:55:21,42.2,131.7,211.2,8.4,7670.0,250.2
2019-03-19T11:55:53,42.2,137.6,211.2,8.1,7690.0,250.2
2019-03-19T11:56:24,42.2,140.0,203.5,8.1,7720.0,250.2
2019-03-19T11:56:55,42.1,150.6,207.0,7.8,7740.0,250.2
2019-03-19T11:57:26,42.4,145.3,205.8,8.1,7760.0,250.2
2019-03-19T11:57:57,42.4,146.4,210.6,8.2,7780.0,250.2
2019-03-19T11:58:28,42.5,149.4,212.3,8.0,7800.0,250.2
2019-03-19T11:58:59,42.7,148.2,210.6,8.0,7830.0,250.2
2019-03-19T11:59:30,42.9,142.3,211.7,8.3,7850.0,250.2
2019-03-19T12:00:01,42.9,149.4,204.1,8.1,7870.0,249.3
2019-03-19T12:00:33,43.0,144.7,202.3,8.1,7890.0,249.3
2019-03-19T12:01:04,43.1,148.8,206.4,8.1,7910.0,249.3
2019-03-19T12:01:35,43.2,148.2,202.9,7.9,7940.0,248.3
2019-03-19T12:02:06,43.4,143.5,201.7,8.2,7960.0,248.3
2019-03-19T12:02:37,43.5,140.5,202.9,8.3,7980.0,249.3
2019-03-19T12:03:08,43.6,143.5,205.2,8.2,8000.0,249.3
2019-03-19T12:03:39,43.6,139.4,201.1,8.3,8030.0,250.2
2019-03-19T12:04:10,43.7,150.6,201.1,7.9,8050.0,249.3
2019-03-19T12:04:41,43.7,144.7,205.8,8.1,8070.0,249.3
2019-03-19T12:05:12,43.8,147.0,208.8,8.1,8090.0,249.3
2019-03-19T12:05:44,43.8,144.1,207.0,8.2,8110.0,247.3
2019-03-19T12:06:15,43.9,138.8,210.0,8.0,8140.0,247.3
2019-03-19T12:06:46,43.9,138.8,204.6,8.4,8160.0,248.3
2019-03-19T12:07:17,43.9,135.2,208.8,8.4,8180.0,248.3
2019-03-19T12:07:48,43.9,132.9,208.2,8.5,8200.0,248.3
2019-03-19T12:08:19,44.0,144.1,202.9,8.3,8220.0,248.3
2019-03-19T12:08:50,43.9,147.0,210.0,8.1,8250.0,247.3
2019-03-19T12:09:21,44.0,157.7,208.2,7.3,8270.0,247.3
2019-03-19T12:09:52,44.2,148.2,210.6,8.0,8290.0,250.2
2019-03-19T12:10:23,44.2,140.5,210.6,8.4,8310.0,249.3
2019-03-19T12:10:55,44.3,143.5,208.2,8.4,8340.0,248.3
2019-03-19T12:11:26,44.3,144.7,204.1,8.2,8360.0,250.2
2019-03-19T12:11:57,44.4,141.7,202.9,8.4,8380.0,250.2
2019-03-19T12:12:28,44.4,149.4,208.2,7.9,8400.0,250.2
2019-03-19T12:12:59,44.4,147.0,204.1,8.0,8430.0,249.3
2019-03-19T12:13:30,44.4,141.7,202.9,8.4,8450.0,249.3
2019-03-19T12:14:01,44.5,149.4,199.9,8.0,8470.0,250.2
2019-03-19T12:14:32,44.5,145.3,201.1,8.1,8490.0,249.3
2019-03-19T12:15:03,44.5,149.4,206.4,7.9,8520.0,250.2
2019-03-19T12:15:35,44.6,144.1,204.1,8.2,8540.0,250.2
2019-03-19T12:16:06,44.6,147.0,201.1,8.1,8560.0,249.3
2019-03-19T12:16:37,44.6,141.7,201.1,7.6,8580.0,249.3
2019-03-19T12:17:08,44.5,145.9,199.3,7.6,8600.0,250.2
2019-03-19T12:17:39,44.5,144.7,201.1,7.4,8630.0,251.2
2019-03-19T12:18:10,44.4,147.6,205.8,7.2,8650.0,250.2
2019-03-19T12:18:41,44.2,155.3,208.8,6.8,8670.0,250.2
2019-03-19T12:19:12,44.2,132.9,210.0,7.8,8690.0,251.2
2019-03-19T12:19:43,44.2,128.7,210.6,8.1,8710.0,250.2
2019-03-19T12:20:14,44.3,131.7,210.0,8.0,8730.0,250.2
2019-03-19T12:20:46,43.9,127.5,209.4,8.3,8750.0,251.2
2019-03-19T12:21:17,43.8,124.6,210.0,8.5,8770.0,250.2
2019-03-19T12:21:48,43.8,141.1,204.6,7.1,8790.0,250.2
2019-03-19T12:22:19,43.6,137.0,201.1,8.0,8820.0,250.2
2019-03-19T12:22:50,43.7,134.6,202.9,8.3,8840.0,249.3
2019-03-19T12:23:21,43.9,131.7,202.9,8.4,8860.0,250.2
2019-03-19T12:23:52,44.0,140.5,199.9,7.3,8880.0,250.2
2019-03-19T12:24:23,44.3,138.8,201.1,7.9,8900.0,251.2
2019-03-19T12:24:54,44.4,141.7,199.3,6.3,8920.0,249.3
2019-03-19T12:25:25,44.3,122.8,197.5,8.4,8940.0,251.2
2019-03-19T12:25:57,44.2,128.1,201.1,8.0,8970.0,250.2
2019-03-19T12:26:28,44.3,122.8,202.9,8.4,8990.0,250.2
2019-03-19T12:26:59,44.4,121.6,204.1,8.4,9010.0,250.2
2019-03-19T12:27:30,44.4,129.3,204.1,8.1,9030.0,251.2
2019-03-19T12:28:01,44.4,121.6,204.6,8.4,9050.0,250.2
2019-03-19T12:28:32,44.4,128.1,207.0,8.2,9070.0,250.2
2019-03-19T12:29:03,44.4,130.5,204.1,8.0,9090.0,251.2
2019-03-19T12:29:34,0.0,0.0,0.0,0.0,0.0,0.0
2019-03-19T12:30:05,44.5,123.4,205.8,8.5,9130.0,252.2
2019-03-19T12:30:37,44.6,128.7,208.2,8.1,9160.0,250.2
2019-03-19T12:31:08,44.7,132.3,204.1,7.9,9180.0,249.3
2019-03-19T12:31:39,44.7,129.3,204.6,8.0,9200.0,251.2
2019-03-19T12:32:10,44.5,126.4,202.3,8.3,9220.0,251.2
2019-03-19T12:32:41,44.5,123.4,202.3,8.4,9240.0,251.2
2019-03-19T12:33:12,44.3,122.8,201.1,8.5,9260.0,251.2
2019-03-19T12:33:43,44.3,123.4,199.9,8.4,9280.0,250.2
2019-03-19T12:34:14,44.4,124.0,201.1,8.4,9300.0,251.2
2019-03-19T12:34:45,44.5,123.4,204.1,8.4,9330.0,251.2
2019-03-19T12:35:16,44.7,133.5,204.1,7.8,9350.0,251.2
2019-03-19T12:35:48,44.9,134.0,204.6,7.5,9370.0,250.2
2019-03-19T12:36:19,45.0,135.8,199.9,7.7,9390.0,249.3
2019-03-19T12:36:50,45.0,120.5,204.1,8.5,9410.0,249.3
2019-03-19T12:37:21,45.0,125.2,202.9,8.2,9430.0,250.2
2019-03-19T12:37:52,45.0,127.5,201.1,8.0,9450.0,249.3
2019-03-19T12:38:23,44.9,123.4,204.1,8.3,9470.0,250.2
2019-03-19T12:38:54,44.7,121.0,205.2,8.5,9490.0,250.2
2019-03-19T12:39:25,44.7,128.7,200.5,8.0,9510.0,249.3
2019-03-19T12:39:57,0.0,0.0,0.0,0.0,0.0,0.0
2019-03-19T12:40:28,45.0,132.3,198.1,7.6,9560.0,249.3
2019-03-19T12:40:59,45.1,136.4,194.0,7.9,9580.0,248.3
2019-03-19T12:41:31,45.2,140.5,195.2,6.3,9600.0,248.3
2019-03-19T12:42:02,45.3,138.2,205.2,7.1,9620.0,250.2
2019-03-19T12:42:33,45.4,131.1,197.5,7.3,9640.0,249.3
2019-03-19T12:43:04,45.4,133.5,201.1,7.0,9660.0,248.3
2019-03-19T12:43:35,45.3,134.6,198.7,6.8,9680.0,249.3
2019-03-19T12:44:06,45.3,138.2,195.2,6.5,9700.0,250.2
2019-03-19T12:44:37,45.3,138.8,195.2,5.9,9720.0,247.3
2019-03-19T12:45:08,45.3,137.6,199.9,5.9,9740.0,249.3
2019-03-19T12:45:39,45.3,149.4,202.9,5.7,9760.0,248.3
2019-03-19T12:46:11,45.3,146.4,197.0,4.6,9780.0,248.3
2019-03-19T12:46:42,0.0,0.0,0.0,0.0,0.0,0.0
2019-03-19T12:47:13,0.0,0.0,0.0,0.0,0.0,0.0
2019-03-19T12:47:44,45.0,108.6,206.4,8.6,9830.0,250.2
2019-03-19T12:48:15,45.0,115.1,204.1,8.2,9850.0,250.2
2019-03-19T12:48:46,44.9,112.2,202.3,8.4,9870.0,250.2
2019-03-19T12:49:17,44.5,118.1,202.9,8.0,9890.0,250.2
2019-03-19T12:49:48,44.5,117.5,202.3,8.1,9910.0,250.2
2019-03-19T12:50:19,44.5,118.1,202.3,8.0,9930.0,250.2
2019-03-19T12:50:50,44.2,112.8,204.6,8.4,9950.0,249.3
2019-03-19T12:51:22,44.2,116.3,202.9,8.2,9970.0,248.3
2019-03-19T12:51:53,43.9,119.9,203.5,7.9,9990.0,249.3
2019-03-19T12:52:24,0.0,0.0,0.0,0.0,0.0,0.0
2019-03-19T12:52:55,43.8,127.0,201.7,6.9,10030.0,252.2
2019-03-19T12:53:26,43.9,126.4,204.1,6.7,10050.0,249.3
2019-03-19T12:53:57,44.2,123.4,200.5,6.8,10070.0,250.2
2019-03-19T12:54:28,43.9,131.1,197.5,5.5,10090.0,250.2
2019-03-19T12:54:59,44.0,133.5,199.3,5.1,10110.0,250.2
2019-03-19T12:55:30,0.0,0.0,0.0,0.0,0.0,0.0
2019-03-19T12:56:01,44.0,132.3,202.3,3.5,10140.0,250.2
2019-03-19T12:56:32,43.9,109.2,199.3,8.0,10160.0,250.2
2019-03-19T12:57:03,43.9,102.7,200.5,8.7,10180.0,249.3
2019-03-19T12:57:34,0.0,0.0,0.0,0.0,0.0,0.0
2019-03-19T12:58:05,44.0,109.2,198.1,8.2,10220.0,252.2
2019-03-19T12:58:36,44.2,109.8,201.1,8.2,10240.0,251.2
2019-03-19T12:59:07,44.0,103.9,203.5,8.6,10260.0,250.2
2019-03-19T12:59:38,44.2,112.2,200.5,7.5,10280.0,250.2
2019-03-19T13:00:09,44.0,109.8,201.1,7.9,10300.0,250.2
2019-03-19T13:00:41,44.0,107.5,201.7,7.4,10320.0,251.2
2019-03-19T13:01:12,44.0,106.9,201.1,7.5,10340.0,251.2
2019-03-19T13:01:43,44.0,119.9,201.7,7.0,10360.0,250.2
2019-03-19T13:02:14,44.0,112.2,197.5,7.3,10380.0,251.2
2019-03-19T13:02:45,44.2,118.1,202.9,7.1,10400.0,251.2
2019-03-19T13:03:16,0.0,0.0,0.0,0.0,0.0,0.0
2019-03-19T13:03:47,44.3,124.0,204.6,6.1,10440.0,250.2
2019-03-19T13:04:18,44.4,118.7,206.4,6.4,10460.0,251.2
2019-03-19T13:04:49,44.4,118.7,204.1,6.2,10480.0,250.2
2019-03-19T13:05:20,44.5,125.2,202.9,5.6,10490.0,251.2
2019-03-19T13:05:52,44.2,123.4,201.1,5.6,10510.0,252.2
2019-03-19T13:06:23,44.2,126.4,201.1,5.3,10530.0,250.2
2019-03-19T13:06:54,44.0,122.2,199.3,4.7,10550.0,249.3
2019-03-19T13:07:25,44.0,112.8,198.1,5.6,10570.0,251.2
2019-03-19T13:07:56,44.2,115.7,197.5,5.4,10580.0,250.2
2019-03-19T13:08:27,44.2,116.9,195.8,5.0,10600.0,251.2
2019-03-19T13:08:58,43.9,112.8,198.7,5.5,10620.0,250.2
2019-03-19T13:09:29,44.0,113.4,202.9,5.3,10640.0,251.2
2019-03-19T13:10:00,44.2,114.0,200.5,5.0,10650.0,251.2
2019-03-19T13:10:32,44.3,114.6,202.9,4.2,10670.0,251.2
2019-03-19T13:11:03,44.4,114.0,204.1,4.7,10690.0,250.2
2019-03-19T13:11:34,44.5,115.1,201.7,4.3,10700.0,250.2
2019-03-19T13:12:05,0.0,0.0,0.0,0.0,0.0,0.0
2019-03-19T13:12:36,44.6,122.2,194.6,3.3,10740.0,250.2
2019-03-19T13:13:07,44.5,102.1,191.0,6.0,10750.0,250.2
2019-03-19T13:13:38,44.6,103.3,198.1,5.9,10770.0,252.2
2019-03-19T13:14:09,44.5,102.7,198.1,6.1,10790.0,251.2
2019-03-19T13:14:40,44.4,103.9,200.5,5.8,10810.0,251.2
2019-03-19T13:15:11,44.5,102.7,201.7,6.0,10820.0,250.2
2019-03-19T13:15:43,44.6,102.7,203.5,5.9,10840.0,250.2
2019-03-19T13:16:14,44.7,102.7,203.5,5.9,10860.0,251.2
2019-03-19T13:16:45,44.6,102.7,201.7,5.9,10880.0,251.2
2019-03-19T13:17:16,44.5,103.3,202.3,5.8,10890.0,251.2
2019-03-19T13:17:47,44.6,102.1,205.8,6.0,10910.0,250.2
2019-03-19T13:18:18,44.7,102.7,205.2,6.1,10930.0,250.2
2019-03-19T13:18:49,44.6,102.7,201.1,6.0,10950.0,249.3
2019-03-19T13:19:20,0.0,0.0,0.0,0.0,0.0,0.0
2019-03-19T13:19:51,44.7,103.3,207.6,6.1,10980.0,250.2
2019-03-19T13:20:22,0.0,0.0,0.0,0.0,0.0,0.0
2019-03-19T13:20:54,44.9,102.7,207.6,6.2,11020.0,250.2
2019-03-19T13:21:25,44.9,103.9,206.4,6.0,11040.0,251.2
2019-03-19T13:21:56,45.0,103.9,204.1,5.7,11050.0,251.2
2019-03-19T13:22:27,45.1,103.9,207.0,5.1,11070.0,251.2
2019-03-19T13:22:58,45.0,105.1,204.1,4.3,11090.0,250.2
2019-03-19T13:23:29,45.0,106.9,205.2,4.9,11110.0,250.2
2019-03-19T13:24:00,45.0,103.9,197.5,4.4,11120.0,249.3
2019-03-19T13:24:31,45.1,102.7,202.9,4.4,11140.0,249.3
2019-03-19T13:25:02,45.1,102.7,205.8,4.1,11150.0,248.3
2019-03-19T13:25:34,45.2,106.3,198.1,4.1,11170.0,249.3
2019-03-19T13:26:05,45.2,118.7,201.7,3.7,11190.0,249.3
2019-03-19T13:26:36,45.3,111.0,207.0,3.7,11200.0,250.2
2019-03-19T13:27:07,45.3,103.9,204.1,4.0,11220.0,250.2
2019-03-19T13:27:38,0.0,0.0,0.0,0.0,0.0,0.0
2019-03-19T13:28:09,45.1,105.1,202.3,3.5,11250.0,250.2
2019-03-19T13:28:40,45.0,111.6,200.5,3.0,11260.0,250.2
2019-03-19T13:29:11,45.0,112.8,198.1,3.7,11280.0,251.2
2019-03-19T13:29:42,45.1,116.9,197.5,3.3,11300.0,251.2
2019-03-19T13:30:13,45.1,118.1,195.2,3.2,11310.0,251.2
2019-03-19T13:30:45,45.2,110.4,197.5,3.4,11330.0,250.2
2019-03-19T13:31:16,45.2,105.1,194.6,4.2,11340.0,251.2
2019-03-19T13:31:47,45.3,103.3,199.9,3.6,11360.0,251.2
2019-03-19T13:32:18,45.3,104.5,197.5,3.7,11370.0,251.2
2019-03-19T13:32:49,45.4,103.9,199.9,3.5,11390.0,250.2
2019-03-19T13:33:20,45.4,109.8,195.2,3.4,11410.0,250.2
2019-03-19T13:33:51,45.4,105.1,201.1,3.6,11420.0,249.3
2019-03-19T13:34:22,45.4,109.8,195.2,3.5,11440.0,251.2
2019-03-19T13:34:53,45.5,104.5,199.3,3.3,11450.0,248.3
2019-03-19T13:35:24,45.5,108.6,201.1,3.7,11470.0,250.2
2019-03-19T13:35:56,45.5,108.6,201.1,3.8,11480.0,250.2
2019-03-19T13:36:27,45.5,106.3,201.1,4.3,11500.0,251.2
2019-03-19T13:36:58,45.7,106.9,201.1,4.1,11520.0,250.2
2019-03-19T13:37:29,45.7,103.9,199.3,4.2,11530.0,250.2
2019-03-19T13:38:00,45.7,104.5,199.9,4.0,11550.0,249.3
2019-03-19T13:38:31,45.8,108.6,199.3,3.5,11560.0,250.2
2019-03-19T13:39:02,45.8,102.1,192.8,3.8,11580.0,249.3
2019-03-19T13:39:33,45.8,105.1,194.0,3.9,11590.0,250.2
2019-03-19T13:40:04,45.5,109.8,193.4,3.1,11610.0,250.2
2019-03-19T13:40:36,45.3,102.1,194.6,3.2,11630.0,249.3
2019-03-19T13:41:07,45.3,101.6,196.4,3.4,11640.0,249.3
2019-03-19T13:41:38,0.0,0.0,0.0,0.0,0.0,0.0
2019-03-19T13:42:09,0.0,0.0,0.0,0.0,0.0,0.0
2019-03-19T13:42:40,45.4,106.3,195.8,3.2,11690.0,250.2
2019-03-19T13:43:11,45.3,105.1,194.6,3.3,11700.0,249.3
2019-03-19T13:43:42,45.4,108.6,197.0,3.1,11720.0,249.3
2019-03-19T13:44:13,45.4,108.6,200.5,2.9,11730.0,249.3
2019-03-19T13:44:44,45.5,108.1,198.1,3.0,11750.0,249.3
2019-03-19T13:45:15,45.5,103.9,202.9,3.0,11760.0,249.3
2019-03-19T13:45:47,45.7,105.1,203.5,2.9,11780.0,249.3
2019-03-19T13:46:18,45.7,110.4,201.7,2.8,11790.0,249.3
2019-03-19T13:46:49,45.7,109.8,199.9,2.8,11810.0,249.3
2019-03-19T13:47:20,45.7,114.6,204.6,3.6,11820.0,248.3
2019-03-19T13:47:51,45.7,103.3,203.5,4.3,11840.0,249.3
2019-03-19T13:48:22,45.7,108.1,204.6,2.6,11850.0,249.3
2019-03-19T13:48:53,45.7,103.9,201.1,2.8,11870.0,249.3
2019-03-19T13:49:24,45.5,104.5,197.5,2.8,11880.0,249.3
2019-03-19T13:49:55,45.7,105.7,195.2,3.0,11900.0,249.3
2019-03-19T13:50:26,0.0,0.0,0.0,0.0,0.0,0.0
2019-03-19T13:50:58,45.2,105.1,198.7,3.0,11930.0,248.3
2019-03-19T13:51:30,45.1,102.1,197.5,3.0,11940.0,249.3
2019-03-19T13:52:01,45.2,105.1,193.4,2.6,11960.0,247.3
2019-03-19T13:52:32,45.3,103.3,198.1,2.7,11970.0,248.3
2019-03-19T13:53:03,45.3,103.9,201.7,2.3,11980.0,248.3
2019-03-19T13:53:34,45.4,108.6,200.5,2.0,12000.0,248.3
2019-03-19T13:54:05,45.3,102.7,197.5,2.2,12010.0,248.3
2019-03-19T13:54:36,45.4,102.7,196.4,1.9,12030.0,247.3
2019-03-19T13:55:07,45.2,114.0,202.3,1.7,12040.0,247.3
2019-03-19T13:55:38,45.2,114.0,201.7,1.6,12050.0,248.3
2019-03-19T13:56:10,45.2,127.0,197.5,1.5,12070.0,248.3
2019-03-19T13:56:41,45.1,119.9,194.0,1.5,12080.0,247.3
2019-03-19T13:57:12,45.2,140.0,194.0,1.2,12100.0,248.3
2019-03-19T13:57:43,45.2,153.5,198.7,1.0,12110.0,248.3
2019-03-19T13:58:14,45.3,176.0,199.3,0.9,12120.0,248.3
2019-03-19T13:58:45,45.3,178.9,198.7,0.9,12140.0,248.3
2019-03-19T13:59:16,45.3,183.1,198.1,0.9,12150.0,250.2
2019-03-19T13:59:47,45.4,204.3,201.7,0.8,12160.0,248.3
2019-03-19T14:00:18,45.4,222.7,201.7,0.7,12180.0,247.3
2019-03-19T14:00:49,45.4,222.1,198.1,0.7,12190.0,249.3
2019-03-19T14:01:21,0.0,0.0,0.0,0.0,0.0,0.0
2019-03-19T14:01:52,45.4,221.5,194.6,0.8,12220.0,248.3
2019-03-19T14:02:23,45.4,216.7,194.0,0.7,12230.0,249.3
2019-03-19T14:02:54,45.5,206.7,194.0,0.8,12240.0,249.3
2019-03-19T14:03:25,45.5,222.1,201.1,0.7,12260.0,249.3
2019-03-19T14:03:56,45.5,203.7,201.1,0.8,12270.0,248.3
2019-03-19T14:04:27,45.5,181.9,197.0,0.9,12280.0,248.3
2019-03-19T14:04:58,45.7,186.6,197.0,0.9,12300.0,248.3
2019-03-19T14:05:29,45.7,206.7,197.0,0.8,12310.0,249.3
2019-03-19T14:06:01,45.2,213.2,194.0,0.8,12320.0,247.3
2019-03-19T14:06:32,45.0,215.6,192.8,0.8,12340.0,246.4
2019-03-19T14:07:03,0.0,0.0,0.0,0.0,0.0,0.0
2019-03-19T14:07:34,44.7,209.7,198.1,0.8,12360.0,246.4
2019-03-19T14:08:05,44.9,199.0,204.1,0.8,12380.0,248.3
2019-03-19T14:08:36,44.9,222.1,201.1,0.7,12390.0,248.3
2019-03-19T14:09:07,44.9,203.2,202.9,0.9,12400.0,248.3
2019-03-19T14:09:38,44.9,222.7,194.0,0.8,12420.0,247.3
2019-03-19T14:10:09,0.0,0.0,0.0,0.0,0.0,0.0
2019-03-19T14:10:40,44.6,220.3,199.9,0.8,12440.0,246.4
2019-03-19T14:11:12,44.6,203.7,204.1,0.8,12460.0,247.3
2019-03-19T14:11:43,44.7,219.7,199.9,0.7,12470.0,247.3
2019-03-19T14:12:14,44.7,204.3,199.3,0.8,12480.0,248.3
2019-03-19T14:12:45,44.7,209.7,198.7,0.8,12490.0,247.3
2019-03-19T14:13:16,44.9,207.9,199.9,0.8,12510.0,248.3
2019-03-19T14:13:47,44.9,215.6,203.5,0.8,12520.0,247.3
2019-03-19T14:14:18,0.0,0.0,0.0,0.0,0.0,0.0
2019-03-19T14:14:49,45.0,173.6,199.3,0.9,12550.0,247.3
2019-03-19T14:15:20,45.1,178.9,195.8,0.9,12560.0,247.3
2019-03-19T14:15:51,45.0,192.5,192.2,0.8,12570.0,247.3
2019-03-19T14:16:23,44.7,214.4,196.4,0.7,12590.0,248.3
2019-03-19T14:16:54,44.4,212.6,197.0,0.7,12600.0,248.3
2019-03-19T14:17:25,44.3,223.2,197.5,0.7,12610.0,249.3
2019-03-19T14:17:56,44.3,212.0,202.9,0.8,12630.0,248.3
2019-03-19T14:18:27,44.4,212.6,197.5,0.8,12640.0,248.3
2019-03-19T14:18:58,44.4,206.7,194.6,0.9,12650.0,248.3
2019-03-19T14:19:29,44.5,207.9,195.2,0.9,12670.0,247.3
2019-03-19T14:20:00,44.6,202.0,200.5,0.9,12680.0,248.3
2019-03-19T14:20:31,44.6,213.2,204.1,0.7,12690.0,247.3
2019-03-19T14:21:03,44.6,219.7,195.8,0.8,12710.0,247.3
2019-03-19T14:21:34,44.6,199.0,198.1,0.8,12720.0,248.3
2019-03-19T14:22:05,44.6,217.3,194.0,0.8,12730.0,247.3
2019-03-19T14:22:36,44.6,207.9,197.0,0.8,12750.0,248.3
2019-03-19T14:23:07,44.7,202.0,198.7,0.8,12760.0,247.3
2019-03-19T14:23:38,0.0,0.0,0.0,0.0,0.0,0.0
2019-03-19T14:24:09,44.7,200.8,194.0,0.8,12780.0,247.3
2019-03-19T14:24:40,0.0,0.0,0.0,0.0,0.0,0.0
2019-03-19T14:25:11,44.9,215.0,191.0,0.7,12810.0,247.3
2019-03-19T14:25:42,45.0,202.0,196.4,0.9,12820.0,247.3
2019-03-19T14:26:14,44.9,218.5,197.0,0.7,12840.0,248.3
2019-03-19T14:26:45,44.9,199.0,195.2,0.8,12850.0,247.3
2019-03-19T14:27:16,45.0,212.6,200.5,0.7,12860.0,250.2
2019-03-19T14:27:47,44.6,218.5,194.6,0.8,12870.0,250.2
2019-03-19T14:28:18,44.6,200.8,195.2,0.9,12890.0,250.2
2019-03-19T14:28:49,44.5,220.9,192.2,0.7,12900.0,250.2
2019-03-19T14:29:20,44.4,197.8,192.8,0.8,12910.0,249.3
2019-03-19T14:29:51,44.4,219.7,195.2,0.7,12930.0,249.3
2019-03-19T14:30:22,44.4,202.0,192.8,0.8,12940.0,248.3
2019-03-19T14:30:53,44.5,209.1,198.1,0.7,12950.0,249.3
2019-03-19T14:31:25,44.6,209.1,197.0,0.8,12960.0,249.3
2019-03-19T14:31:56,44.6,189.0,201.1,0.9,12980.0,251.2
2019-03-19T14:32:27,44.6,209.1,203.5,0.7,12990.0,249.3
2019-03-19T14:32:58,44.6,213.8,201.1,0.8,13000.0,249.3
2019-03-19T14:33:29,44.7,200.8,197.5,0.8,13010.0,249.3
2019-03-19T14:34:00,44.7,222.1,191.0,0.7,13030.0,250.2
2019-03-19T14:34:31,44.9,209.1,197.0,0.8,13040.0,249.3
2019-03-19T14:35:02,0.0,0.0,0.0,0.0,0.0,0.0
2019-03-19T14:35:33,44.6,213.8,191.6,0.8,13070.0,249.3
2019-03-19T14:36:05,44.7,208.5,194.6,0.9,13080.0,250.2
2019-03-19T14:36:36,44.9,217.9,192.8,0.8,13090.0,249.3
2019-03-19T14:37:07,44.9,202.0,192.2,0.8,13100.0,249.3
2019-03-19T14:37:38,44.9,217.9,195.2,0.7,13120.0,249.3
2019-03-19T14:38:09,45.0,196.7,197.0,0.8,13130.0,249.3
2019-03-19T14:38:40,44.9,211.4,201.7,0.7,13140.0,250.2
2019-03-19T14:39:11,44.9,210.2,202.9,0.7,13150.0,250.2
2019-03-19T14:39:42,44.9,213.2,202.3,0.8,13170.0,250.2
2019-03-19T14:40:13,44.9,208.5,201.1,0.8,13180.0,250.2
2019-03-19T14:40:44,44.9,219.1,199.3,0.7,13190.0,250.2
2019-03-19T14:41:16,0.0,0.0,0.0,0.0,0.0,0.0
2019-03-19T14:41:47,44.7,211.4,197.5,0.8,13220.0,249.3
2019-03-19T14:42:18,44.4,210.8,202.3,0.7,13230.0,249.3
2019-03-19T14:42:49,44.4,213.8,197.0,0.7,13240.0,249.3
2019-03-19T14:43:20,44.5,215.0,196.4,0.7,13250.0,249.3
2019-03-19T14:43:51,44.6,218.5,199.3,0.7,13270.0,249.3
2019-03-19T14:44:22,44.5,216.2,203.5,0.8,13280.0,249.3
2019-03-19T14:44:53,44.0,203.7,202.3,0.8,13290.0,248.3
2019-03-19T14:45:24,44.0,216.2,196.4,0.8,13300.0,248.3
2019-03-19T14:45:55,44.2,211.4,199.9,0.9,13310.0,248.3
2019-03-19T14:46:27,44.3,204.9,204.1,0.8,13330.0,249.3
2019-03-19T14:46:58,44.4,212.0,199.9,0.8,13340.0,248.3
2019-03-19T14:47:29,44.5,215.6,198.1,0.8,13350.0,248.3
2019-03-19T14:48:00,44.6,212.6,200.5,0.8,13360.0,248.3
2019-03-19T14:48:31,0.0,0.0,0.0,0.0,0.0,0.0
2019-03-19T14:49:02,44.7,218.5,207.0,0.7,13390.0,248.3
2019-03-19T14:49:33,44.7,210.2,202.3,0.7,13400.0,248.3
2019-03-19T14:50:04,44.9,217.9,201.1,0.7,13410.0,248.3
2019-03-19T14:50:36,44.9,218.5,204.1,0.7,13430.0,248.3
2019-03-19T14:51:07,0.0,0.0,0.0,0.0,0.0,0.0
2019-03-19T14:51:38,0.0,0.0,0.0,0.0,0.0,0.0
2019-03-19T14:52:09,44.9,211.4,198.7,0.8,13460.0,248.3
2019-03-19T14:52:40,45.0,206.1,197.5,0.9,13470.0,247.3
2019-03-19T14:53:11,45.0,215.0,194.6,0.7,13490.0,247.3
2019-03-19T14:53:42,44.9,211.4,198.1,0.8,13500.0,247.3
2019-03-19T14:54:13,44.7,213.2,200.5,0.9,13510.0,248.3
2019-03-19T14:54:44,44.9,213.8,199.3,0.8,13520.0,248.3
2019-03-19T14:55:15,44.9,215.0,204.1,0.8,13530.0,248.3
2019-03-19T14:55:47,44.9,206.7,205.8,0.8,13550.0,248.3
2019-03-19T14:56:18,44.9,213.2,203.5,0.8,13560.0,247.3
2019-03-19T14:56:49,44.9,210.8,204.1,0.9,13570.0,248.3
2019-03-19T14:57:20,44.9,213.8,203.5,0.7,13580.0,248.3
2019-03-19T14:57:51,44.9,215.6,198.1,0.7,13600.0,248.3
2019-03-19T14:58:22,44.9,207.9,207.0,0.7,13610.0,248.3
2019-03-19T14:58:53,44.9,213.2,207.6,0.7,13620.0,248.3
2019-03-19T14:59:24,44.9,212.6,204.1,0.7,13630.0,248.3
2019-03-19T14:59:55,44.9,208.5,204.1,0.7,13640.0,249.3
2019-03-19T15:00:26,44.9,213.8,197.5,0.8,13660.0,248.3
2019-03-19T15:00:58,44.9,207.3,201.1,0.8,13670.0,247.3
2019-03-19T15:01:29,44.9,196.7,201.7,0.8,13680.0,249.3
2019-03-19T15:02:00,44.9,219.7,204.6,0.8,13690.0,249.3
2019-03-19T15:02:31,44.9,221.5,201.7,0.7,13700.0,249.3
2019-03-19T15:03:02,44.7,210.2,205.8,0.8,13720.0,248.3
2019-03-19T15:03:33,44.5,209.1,204.1,0.7,13730.0,248.3
2019-03-19T15:04:04,44.4,210.8,208.2,0.8,13740.0,249.3
2019-03-19T15:04:35,44.3,216.2,207.0,0.8,13750.0,249.3
2019-03-19T15:05:06,44.3,207.3,205.2,0.7,13760.0,248.3
2019-03-19T15:05:38,44.4,212.0,204.6,0.7,13780.0,249.3
2019-03-19T15:06:09,44.5,217.9,204.6,0.7,13790.0,249.3
2019-03-19T15:06:40,44.4,204.3,203.5,0.7,13800.0,249.3
2019-03-19T15:07:11,44.2,215.0,204.6,0.7,13810.0,248.3
2019-03-19T15:07:42,44.2,216.2,206.4,0.7,13820.0,248.3
2019-03-19T15:08:13,43.8,209.1,207.6,0.8,13840.0,249.3
2019-03-19T15:08:44,43.6,205.5,202.9,0.8,13850.0,248.3
2019-03-19T15:09:15,43.4,213.8,211.7,0.8,13860.0,249.3
2019-03-19T15:09:46,43.4,216.7,204.6,0.8,13870.0,250.2
2019-03-19T15:10:17,43.4,202.0,201.1,0.8,13880.0,248.3
2019-03-19T15:10:49,43.4,215.0,197.0,0.8,13890.0,249.3
2019-03-19T15:11:20,43.2,203.7,201.7,0.8,13910.0,248.3
2019-03-19T15:11:51,43.1,215.0,197.0,0.7,13920.0,249.3
2019-03-19T15:12:22,43.1,209.7,202.3,0.8,13930.0,248.3
2019-03-19T15:12:53,43.2,205.5,205.2,0.8,13940.0,248.3
2019-03-19T15:13:24,43.2,216.7,211.7,0.7,13950.0,248.3
2019-03-19T15:13:55,43.4,202.0,208.8,0.8,13960.0,248.3
2019-03-19T15:14:26,43.2,217.9,208.8,0.7,13970.0,249.3
2019-03-19T15:14:57,43.2,213.8,208.2,0.7,13990.0,248.3
2019-03-19T15:15:28,0.0,0.0,0.0,0.0,0.0,0.0
2019-03-19T15:16:00,42.9,213.2,201.1,0.7,14010.0,247.3
2019-03-19T15:16:31,43.0,204.9,199.3,0.7,14020.0,248.3
2019-03-19T15:17:02,43.1,217.9,199.9,0.7,14030.0,247.3
2019-03-19T15:17:33,43.0,206.1,200.5,0.8,14040.0,248.3
2019-03-19T15:18:04,43.0,211.4,199.9,0.7,14060.0,247.3
2019-03-19T15:18:35,43.2,209.1,200.5,0.7,14070.0,249.3
2019-03-19T15:19:06,43.4,205.5,199.9,0.7,14080.0,247.3
2019-03-19T15:19:37,43.5,200.2,208.8,0.8,14090.0,246.4
2019-03-19T15:20:08,43.5,203.7,199.3,0.7,14100.0,246.4
2019-03-19T15:20:39,43.6,199.0,204.1,0.7,14110.0,245.4
2019-03-19T15:21:11,43.5,189.6,207.0,0.8,14120.0,247.3
2019-03-19T15:21:42,43.4,212.6,205.2,0.7,14130.0,247.3
2019-03-19T15:22:13,43.5,203.2,210.0,0.8,14150.0,247.3
2019-03-19T15:22:44,43.5,212.6,208.8,0.8,14160.0,247.3
2019-03-19T15:23:15,43.6,205.5,208.2,0.7,14170.0,247.3
2019-03-19T15:23:46,43.7,211.4,209.4,0.8,14180.0,246.4
2019-03-19T15:24:17,43.7,212.6,204.1,0.7,14190.0,247.3
2019-03-19T15:24:48,43.8,206.1,203.5,0.7,14200.0,247.3
2019-03-19T15:25:19,43.9,209.7,205.2,0.7,14210.0,246.4
2019-03-19T15:25:50,43.9,206.1,202.3,0.8,14220.0,246.4
2019-03-19T15:26:22,44.0,209.1,205.2,0.7,14230.0,247.3
2019-03-19T15:26:53,44.0,193.1,205.2,0.8,14250.0,246.4
2019-03-19T15:27:24,44.0,215.6,204.1,0.8,14260.0,246.4
2019-03-19T15:27:55,44.0,204.3,207.0,0.8,14270.0,247.3
2019-03-19T15:28:26,44.0,209.7,208.2,0.7,14280.0,247.3
2019-03-19T15:28:57,44.0,202.0,207.6,0.7,14290.0,247.3
2019-03-19T15:29:28,0.0,0.0,0.0,0.0,0.0,0.0
2019-03-19T15:29:59,0.0,0.0,0.0,0.0,0.0,0.0
2019-03-19T15:30:30,44.0,216.2,195.8,0.8,14320.0,247.3
2019-03-19T15:31:02,44.0,202.0,201.7,0.8,14330.0,247.3
2019-03-19T15:31:33,44.2,210.2,201.1,0.8,14340.0,247.3
2019-03-19T15:32:04,44.3,219.1,207.6,0.7,14350.0,246.4
2019-03-19T15:32:35,44.3,209.1,201.1,0.8,14370.0,246.4
2019-03-19T15:33:06,0.0,0.0,0.0,0.0,0.0,0.0
2019-03-19T15:33:37,44.4,213.2,203.5,0.7,14390.0,246.4
2019-03-19T15:34:08,44.4,213.8,200.5,0.5,14400.0,245.4
2019-03-19T15:34:39,44.5,187.8,227.7,0.8,14400.0,244.4
2019-03-19T15:35:10,44.5,177.8,196.4,0.8,14410.0,246.4
2019-03-19T15:35:41,44.5,200.8,201.7,0.7,14420.0,245.4
2019-03-19T15:36:13,44.5,213.2,207.6,0.7,14430.0,246.4
2019-03-19T15:36:44,44.5,206.7,207.6,0.8,14440.0,245.4
2019-03-19T15:37:15,44.6,206.1,208.8,0.8,14460.0,243.5
2019-03-19T15:37:46,44.5,211.4,199.9,0.7,14470.0,243.5
2019-03-19T15:38:17,44.5,215.6,200.5,0.8,14480.0,243.5
2019-03-19T15:38:48,44.5,201.4,205.8,0.8,14490.0,243.5
2019-03-19T15:39:19,44.5,212.6,210.0,0.7,14500.0,243.5
2019-03-19T15:39:50,44.5,204.3,211.7,0.7,14510.0,244.4
2019-03-19T15:40:21,44.5,210.8,208.8,0.7,14520.0,244.4
2019-03-19T15:40:52,44.5,204.9,208.8,0.8,14530.0,244.4
2019-03-19T15:41:24,44.6,210.8,209.4,0.7,14540.0,246.4
2019-03-19T15:41:55,44.6,215.6,206.4,0.7,14550.0,245.4
2019-03-19T15:42:26,44.6,204.9,205.2,0.7,14560.0,244.4
2019-03-19T15:42:57,44.4,207.9,211.7,0.8,14570.0,244.4
2019-03-19T15:43:28,44.4,197.8,195.8,0.8,14580.0,245.4
2019-03-19T15:43:59,44.3,219.1,199.3,0.8,14590.0,245.4
2019-03-19T15:44:30,44.3,198.4,202.9,0.7,14600.0,245.4
2019-03-19T15:45:01,44.3,210.8,205.2,0.7,14610.0,245.4
2019-03-19T15:45:33,44.3,213.2,212.3,0.7,14620.0,244.4
2019-03-19T15:46:04,44.3,206.7,198.7,0.7,14630.0,244.4
2019-03-19T15:46:35,44.3,206.7,204.6,0.7,14640.0,244.4
2019-03-19T15:47:06,44.3,206.7,211.2,0.8,14650.0,246.4
2019-03-19T15:47:37,44.4,190.2,211.2,0.8,14660.0,245.4
2019-03-19T15:48:08,44.4,212.0,206.4,0.7,14670.0,245.4
2019-03-19T15:48:39,44.5,205.5,199.3,0.8,14680.0,245.4
2019-03-19T15:49:10,44.5,216.7,202.9,0.7,14690.0,245.4
2019-03-19T15:49:41,44.5,202.0,202.3,0.7,14700.0,244.4
2019-03-19T15:50:12,44.5,199.0,204.1,0.8,14710.0,244.4
2019-03-19T15:50:44,44.5,214.4,202.9,0.7,14720.0,244.4
2019-03-19T15:51:15,44.6,202.6,204.6,0.8,14730.0,243.5
2019-03-19T15:51:46,44.6,211.4,198.7,0.8,14740.0,244.4
2019-03-19T15:52:17,44.6,197.8,207.6,0.9,14750.0,244.4
2019-03-19T15:52:48,44.6,217.9,211.7,0.7,14760.0,244.4
2019-03-19T15:53:19,44.7,195.5,208.2,0.9,14770.0,244.4
2019-03-19T15:53:50,44.7,217.3,207.0,0.7,14780.0,244.4
2019-03-19T15:54:21,44.7,209.7,199.9,0.9,14790.0,244.4
2019-03-19T15:54:52,44.7,205.5,207.0,0.8,14810.0,245.4
2019-03-19T15:55:23,44.7,207.9,211.2,0.9,14820.0,245.4
2019-03-19T15:55:55,0.0,0.0,0.0,0.0,0.0,0.0
2019-03-19T15:56:26,44.9,208.5,206.4,0.9,14840.0,245.4
2019-03-19T15:56:57,44.9,207.3,202.3,0.9,14850.0,244.4
2019-03-19T15:57:28,44.9,207.9,205.2,0.9,14860.0,245.4
2019-03-19T15:57:59,44.9,205.5,205.8,0.9,14870.0,245.4
2019-03-19T15:58:30,44.9,213.2,207.0,0.9,14880.0,245.4
2019-03-19T15:59:01,44.9,216.2,214.7,0.8,14890.0,245.4
2019-03-19T15:59:32,44.9,211.4,210.0,0.8,14900.0,244.4
2019-03-19T16:00:03,44.9,204.9,214.1,0.8,14910.0,244.4
2019-03-19T16:00:35,44.9,209.1,212.9,0.9,14920.0,246.4
2019-03-19T16:01:06,44.9,216.2,215.3,0.8,14930.0,243.5
2019-03-19T16:01:37,44.9,207.9,215.9,0.8,14940.0,244.4
2019-03-19T16:02:08,44.9,207.3,213.5,0.8,14950.0,243.5
2019-03-19T16:02:39,44.9,214.4,208.2,0.7,14960.0,244.4
2019-03-19T16:03:10,0.0,0.0,0.0,0.0,0.0,0.0
2019-03-19T16:03:41,44.9,213.2,208.8,0.8,14980.0,242.5
2019-03-19T16:04:12,44.9,200.8,212.9,0.8,14990.0,244.4
2019-03-19T16:04:43,44.9,213.2,215.3,0.8,14990.0,244.4
2019-03-19T16:05:14,44.9,201.4,212.9,0.7,15000.0,244.4
2019-03-19T16:05:46,44.7,209.7,210.0,0.7,15010.0,243.5
2019-03-19T16:06:17,44.9,203.2,211.2,0.8,15020.0,244.4
2019-03-19T16:06:49,44.9,211.4,211.2,0.7,15030.0,244.4
2019-03-19T16:07:20,44.9,209.1,217.1,0.7,15040.0,243.5
2019-03-19T16:07:51,44.9,203.7,210.0,0.7,15050.0,243.5
2019-03-19T16:08:22,44.9,217.9,204.6,0.6,15060.0,244.4
2019-03-19T16:08:53,44.9,210.8,208.8,0.7,15070.0,243.5
2019-03-19T16:09:24,44.9,204.3,211.2,0.7,15080.0,242.5
2019-03-19T16:09:55,44.9,212.6,212.3,0.7,15090.0,242.5
2019-03-19T16:10:26,44.9,201.4,215.9,0.7,15100.0,242.5
2019-03-19T16:10:57,44.9,213.2,217.7,0.6,15100.0,243.5
2019-03-19T16:11:29,44.9,202.0,215.9,0.7,15110.0,243.5
2019-03-19T16:12:00,44.9,210.2,211.2,0.6,15120.0,244.4
2019-03-19T16:12:31,44.9,190.8,208.8,0.7,15130.0,242.5
2019-03-19T16:13:02,44.9,212.0,210.0,0.6,15140.0,243.5
2019-03-19T16:13:33,44.9,204.3,210.0,0.6,15150.0,243.5
2019-03-19T16:14:04,44.9,212.0,210.0,0.7,15160.0,243.5
2019-03-19T16:14:35,44.9,207.9,212.9,0.6,15170.0,244.4
2019-03-19T16:15:06,44.9,209.7,214.7,0.7,15170.0,243.5
2019-03-19T16:15:37,44.9,199.6,207.6,0.6,15180.0,245.4
2019-03-19T16:16:09,44.9,218.5,215.3,0.6,15190.0,244.4
2019-03-19T16:16:40,44.9,194.9,211.2,0.7,15200.0,243.5
2019-03-19T16:17:11,44.9,210.8,207.0,0.7,15210.0,243.5
2019-03-19T16:17:42,44.9,209.1,217.7,0.7,15220.0,243.5
2019-03-19T16:18:13,44.9,207.3,211.2,0.7,15220.0,243.5
2019-03-19T16:18:44,44.9,193.1,211.2,0.7,15230.0,244.4
2019-03-19T16:19:15,44.9,215.0,205.8,0.7,15240.0,243.5
2019-03-19T16:19:46,44.9,200.2,208.8,0.7,15250.0,244.4
2019-03-19T16:20:17,44.9,207.9,220.0,0.6,15260.0,243.5
2019-03-19T16:20:48,44.7,205.5,211.2,0.7,15260.0,244.4
2019-03-19T16:21:20,0.0,0.0,0.0,0.0,0.0,0.0
2019-03-19T16:21:51,44.7,203.2,217.7,0.6,15280.0,244.4
2019-03-19T16:22:22,44.7,214.4,212.9,0.6,15290.0,242.5
2019-03-19T16:22:53,44.7,200.2,207.0,0.7,15300.0,244.4
2019-03-19T16:23:24,44.7,214.4,214.7,0.6,15300.0,244.4
2019-03-19T16:23:55,44.7,193.7,218.8,0.7,15310.0,243.5
2019-03-19T16:24:26,44.7,215.0,215.9,0.7,15320.0,243.5
2019-03-19T16:24:57,44.7,200.2,205.8,0.7,15330.0,243.5
2019-03-19T16:25:28,44.7,199.6,214.7,0.7,15340.0,244.4
2019-03-19T16:25:59,44.7,218.5,217.1,0.7,15340.0,243.5
2019-03-19T16:26:31,44.6,196.1,220.6,0.7,15350.0,243.5
2019-03-19T16:27:02,44.6,213.2,216.5,0.7,15360.0,244.4
2019-03-19T16:27:33,44.6,204.3,211.7,0.7,15370.0,244.4
2019-03-19T16:28:04,44.6,203.2,208.8,0.7,15380.0,244.4
2019-03-19T16:28:35,44.6,213.2,210.6,0.7,15380.0,243.5
2019-03-19T16:29:06,0.0,0.0,0.0,0.0,0.0,0.0
2019-03-19T16:29:37,44.5,199.6,218.8,0.7,15400.0,244.4
2019-03-19T16:30:08,44.5,220.3,204.6,0.5,15410.0,243.5
2019-03-19T16:30:41,44.5,215.0,205.8,0.6,15410.0,243.5
2019-03-19T16:31:12,44.5,216.2,206.4,0.6,15420.0,243.5
2019-03-19T16:31:43,44.5,202.0,202.3,0.7,15430.0,244.4
2019-03-19T16:32:14,44.5,210.8,211.7,0.6,15430.0,245.4
2019-03-19T16:32:45,44.5,215.6,204.6,0.6,15440.0,243.5
2019-03-19T16:33:16,44.5,202.0,201.7,0.7,15450.0,244.4
2019-03-19T16:33:47,44.5,215.0,205.8,0.7,15460.0,242.5
2019-03-19T16:34:18,44.4,202.0,206.4,0.6,15460.0,244.4
2019-03-19T16:34:49,44.4,213.2,204.1,0.7,15470.0,243.5
2019-03-19T16:35:20,44.4,217.9,202.3,0.6,15480.0,243.5
2019-03-19T16:35:52,44.4,200.8,202.3,0.7,15480.0,243.5
2019-03-19T16:36:23,44.4,217.9,205.2,0.6,15490.0,245.4
2019-03-19T16:36:54,44.5,196.7,211.7,0.7,15500.0,243.5
2019-03-19T16:37:26,44.5,218.5,208.8,0.7,15510.0,242.5
2019-03-19T16:37:57,44.5,202.0,211.2,0.7,15510.0,243.5
2019-03-19T16:38:28,44.5,206.7,218.8,0.7,15520.0,243.5
2019-03-19T16:38:59,44.5,213.8,220.0,0.6,15530.0,243.5
2019-03-19T16:39:30,44.5,193.1,223.6,0.8,15530.0,243.5
2019-03-19T16:40:01,44.5,213.8,224.2,0.6,15540.0,244.4
2019-03-19T16:40:32,44.5,205.5,190.4,0.7,15540.0,244.4
2019-03-19T16:41:04,44.5,210.2,195.2,0.6,15550.0,243.5
2019-03-19T16:41:35,44.5,211.4,201.7,0.6,15560.0,243.5
2019-03-19T16:42:06,44.5,190.8,201.7,0.7,15560.0,243.5
2019-03-19T16:42:37,44.5,209.1,205.2,0.7,15570.0,242.5
2019-03-19T16:43:08,44.5,210.2,201.1,0.7,15580.0,243.5
2019-03-19T16:43:39,44.5,217.9,198.1,0.7,15580.0,243.5
2019-03-19T16:44:10,44.5,202.0,199.3,0.7,15590.0,243.5
2019-03-19T16:44:41,44.5,206.7,192.2,0.7,15600.0,244.4
2019-03-19T16:45:12,44.5,213.8,192.2,0.7,15600.0,243.5
2019-03-19T16:45:43,44.5,205.5,198.1,0.8,15610.0,242.5
2019-03-19T16:46:15,44.5,219.7,204.1,0.6,15620.0,243.5
2019-03-19T16:46:46,44.5,209.1,197.0,0.7,15620.0,242.5
2019-03-19T16:47:17,44.5,207.9,195.2,0.7,15630.0,243.5
2019-03-19T16:47:48,44.5,208.5,195.8,0.7,15640.0,241.5
2019-03-19T16:48:19,44.4,210.8,201.7,0.6,15640.0,242.5
2019-03-19T16:48:50,44.5,204.9,197.0,0.7,15650.0,242.5
2019-03-19T16:49:21,44.5,220.3,197.0,0.6,15650.0,242.5
2019-03-19T16:49:52,44.5,197.3,199.9,0.7,15660.0,242.5
2019-03-19T16:50:23,44.5,202.0,189.3,0.6,15660.0,243.5
2019-03-19T16:50:54,44.5,182.5,201.1,0.7,15670.0,241.5
2019-03-19T16:51:26,44.5,180.1,204.1,0.6,15680.0,241.5
2019-03-19T16:51:57,44.4,200.8,185.1,0.6,15680.0,243.5
2019-03-19T16:52:28,44.4,215.6,192.8,0.6,15690.0,241.5
2019-03-19T16:52:59,44.5,199.6,202.3,0.6,15690.0,242.5
2019-03-19T16:53:30,44.4,219.7,192.2,0.6,15700.0,241.5
2019-03-19T16:54:01,44.5,197.3,201.1,0.6,15700.0,240.6
2019-03-19T16:54:32,44.5,213.8,185.1,0.6,15710.0,241.5
2019-03-19T16:55:03,44.5,213.8,197.5,0.5,15710.0,241.5
2019-03-19T16:55:34,44.5,197.3,204.6,0.6,15720.0,240.6
2019-03-19T16:56:06,44.5,199.0,190.4,0.5,15720.0,242.5
2019-03-19T16:56:37,44.5,219.7,207.6,0.5,15730.0,241.5
2019-03-19T16:57:08,44.5,199.0,204.1,0.6,15730.0,241.5
2019-03-19T16:57:39,44.5,196.7,195.8,0.6,15740.0,241.5
2019-03-19T16:58:10,44.5,218.5,195.2,0.5,15740.0,242.5
2019-03-19T16:58:41,44.5,201.4,188.1,0.5,15750.0,240.6
2019-03-19T16:59:12,44.4,196.7,181.6,0.3,15750.0,240.6
2019-03-19T16:59:43,44.4,173.6,201.7,0.4,15750.0,239.6
2019-03-19T17:00:14,44.3,170.7,223.0,0.4,15750.0,238.6
2019-03-19T17:00:45,44.2,191.9,202.3,0.4,15750.0,240.6
2019-03-19T17:01:17,44.2,190.2,186.3,0.4,15750.0,239.6
2019-03-19T17:01:48,44.0,168.9,207.6,0.4,15750.0,241.5
2019-03-19T17:02:19,43.9,149.4,223.0,0.4,15760.0,240.6
2019-03-19T17:02:50,43.8,177.2,188.1,0.6,15760.0,241.5
2019-03-19T17:03:21,43.8,199.6,178.0,0.6,15760.0,241.5
2019-03-19T17:03:52,43.7,194.9,172.1,0.4,15760.0,241.5
2019-03-19T17:04:23,43.7,194.9,169.1,0.4,15760.0,241.5
2019-03-19T17:04:54,43.6,190.8,201.1,0.5,15770.0,241.5
2019-03-19T17:05:25,43.5,168.3,185.1,0.6,15770.0,242.5
2019-03-19T17:05:57,43.4,170.1,182.8,0.6,15770.0,243.5
2019-03-19T17:06:28,43.4,194.9,186.9,0.5,15770.0,243.5
2019-03-19T17:06:59,43.2,218.5,203.5,0.6,15780.0,244.4
2019-03-19T17:07:30,43.2,219.7,193.4,0.5,15780.0,242.5
2019-03-19T17:08:01,43.1,200.8,187.5,0.6,15790.0,243.5
2019-03-19T17:08:32,43.1,220.9,201.1,0.5,15790.0,243.5
2019-03-19T17:09:03,43.1,215.0,198.7,0.6,15790.0,243.5
2019-03-19T17:09:34,43.0,196.7,204.1,0.6,15800.0,242.5
2019-03-19T17:10:05,43.0,219.1,201.7,0.5,15800.0,241.5
2019-03-19T17:10:37,43.0,207.9,199.9,0.6,15810.0,242.5
2019-03-19T17:11:08,42.9,219.1,198.1,0.5,15810.0,243.5
2019-03-19T17:11:39,42.9,220.9,208.8,0.5,15810.0,242.5
2019-03-19T17:12:10,42.8,211.4,207.0,0.5,15820.0,242.5
2019-03-19T17:12:41,42.8,209.7,205.2,0.5,15820.0,242.5
2019-03-19T17:13:12,42.8,213.2,217.7,0.5,15820.0,242.5
2019-03-19T17:13:43,42.7,199.0,197.5,0.5,15830.0,242.5
2019-03-19T17:14:14,42.7,222.1,211.2,0.5,15830.0,242.5
2019-03-19T17:14:45,42.7,205.5,195.8,0.6,15830.0,242.5
2019-03-19T17:15:16,42.5,211.4,204.6,0.6,15840.0,242.5
2019-03-19T17:15:48,42.5,210.2,215.9,0.5,15840.0,242.5
2019-03-19T17:16:19,42.5,211.4,202.3,0.5,15850.0,245.4
2019-03-19T17:16:50,42.5,213.8,202.3,0.5,15850.0,243.5
2019-03-19T17:17:21,42.5,206.7,211.7,0.5,15850.0,242.5
2019-03-19T17:17:52,42.4,202.6,211.2,0.6,15850.0,242.5
2019-03-19T17:18:23,42.4,225.0,207.0,0.5,15860.0,242.5
2019-03-19T17:18:54,42.4,220.3,204.6,0.5,15860.0,242.5
2019-03-19T17:19:25,42.4,211.4,198.7,0.6,15860.0,243.5
2019-03-19T17:19:56,42.3,191.3,207.0,0.6,15870.0,242.5
2019-03-19T17:20:27,42.3,205.5,204.6,0.5,15870.0,242.5
2019-03-19T17:20:59,42.2,225.0,208.8,0.5,15880.0,243.5
2019-03-19T17:21:30,42.2,202.6,199.3,0.6,15880.0,242.5
2019-03-19T17:22:01,42.1,200.8,197.0,0.6,15880.0,241.5
2019-03-19T17:22:32,42.1,211.4,197.5,0.5,15890.0,242.5
2019-03-19T17:23:03,42.1,217.9,197.0,0.5,15890.0,241.5
2019-03-19T17:23:34,42.0,213.2,204.1,0.5,15890.0,242.5
2019-03-19T17:24:05,42.0,215.0,200.5,0.5,15890.0,242.5
2019-03-19T17:24:36,41.9,220.9,188.7,0.5,15900.0,242.5
2019-03-19T17:25:07,41.9,208.5,201.1,0.6,15900.0,242.5
2019-03-19T17:25:39,41.9,204.3,185.7,0.5,15900.0,242.5
2019-03-19T17:26:10,41.9,181.9,192.2,0.9,15910.0,243.5
2019-03-19T17:26:41,41.9,168.9,199.3,1.0,15910.0,243.5
2019-03-19T17:27:12,41.9,165.9,190.4,1.0,15910.0,242.5
2019-03-19T17:27:43,41.9,174.8,195.8,1.0,15920.0,243.5
2019-03-19T17:28:14,41.7,173.0,197.5,0.9,15920.0,241.5
2019-03-19T17:28:45,41.7,167.7,187.5,0.9,15920.0,242.5
2019-03-19T17:29:16,41.7,157.1,195.8,1.1,15930.0,241.5
2019-03-19T17:29:47,41.7,171.9,205.8,1.1,15930.0,242.5
2019-03-19T17:30:18,41.6,183.7,197.5,1.0,15930.0,242.5
2019-03-19T17:30:50,41.6,177.8,192.8,0.9,15930.0,241.5
2019-03-19T17:31:21,41.6,167.7,188.7,1.0,15940.0,243.5
2019-03-19T17:31:52,41.6,173.6,185.1,0.9,15940.0,241.5
2019-03-19T17:32:23,41.5,180.7,170.9,0.8,15940.0,242.5
2019-03-19T17:32:54,41.5,178.9,180.4,0.7,15940.0,242.5
2019-03-19T17:33:25,41.5,164.2,180.4,0.7,15950.0,245.4
2019-03-19T17:33:56,41.5,173.0,178.0,0.7,15950.0,242.5
2019-03-19T17:34:27,41.4,178.3,179.8,0.5,15950.0,242.5
2019-03-19T17:34:58,41.3,176.0,187.5,0.5,15950.0,241.5
2019-03-19T17:35:29,41.4,163.0,183.3,0.6,15950.0,241.5
2019-03-19T17:36:01,41.3,161.8,181.0,0.5,15950.0,241.5
2019-03-19T17:36:32,41.3,184.3,197.5,0.5,15960.0,241.5
2019-03-19T17:37:03,41.2,186.6,172.7,0.5,15960.0,242.5
2019-03-19T17:37:34,41.2,164.2,182.2,0.6,15960.0,244.4
2019-03-19T17:38:05,41.0,177.2,179.2,0.5,15960.0,241.5
2019-03-19T17:38:36,41.0,176.0,163.8,0.5,15960.0,242.5
2019-03-19T17:39:07,41.0,161.2,184.5,0.5,15960.0,243.5
2019-03-19T17:39:38,41.0,175.4,179.8,0.5,15960.0,243.5
2019-03-19T17:40:09,41.0,172.4,183.9,0.4,15970.0,242.5
2019-03-19T17:40:40,41.0,186.6,162.6,0.3,15970.0,242.5
2019-03-19T17:41:12,40.9,184.3,173.9,0.3,15970.0,241.5
2019-03-19T17:41:43,40.9,165.9,161.5,0.4,15970.0,240.6
2019-03-19T17:42:14,40.9,148.8,163.8,0.4,15970.0,241.5
2019-03-19T17:42:45,40.8,169.5,181.6,0.4,15970.0,241.5
2019-03-19T17:43:16,40.8,164.2,160.3,0.4,15970.0,240.6
2019-03-19T17:43:47,40.8,169.5,147.9,0.4,15970.0,241.5
2019-03-19T17:44:18,40.7,150.0,168.6,0.4,15970.0,240.6
2019-03-19T17:44:49,40.7,153.5,165.0,0.4,15970.0,240.6
2019-03-19T17:45:20,40.6,161.8,161.5,0.3,15980.0,240.6
2019-03-19T17:45:51,40.6,167.1,175.1,0.2,15980.0,240.6
2019-03-19T17:46:23,40.6,154.1,168.6,0.2,15980.0,241.5
2019-03-19T17:46:54,40.5,158.3,162.0,0.2,15980.0,241.5
2019-03-19T17:47:25,40.5,161.2,160.3,0.1,15980.0,241.5
2019-03-19T17:47:56,40.4,171.3,160.9,0.1,15980.0,241.5
2019-03-19T17:48:27,40.4,150.6,140.8,0.1,15980.0,239.6
2019-03-19T17:48:58,40.2,140.0,154.4,0.1,15980.0,240.6
2019-03-19T17:49:29,40.2,164.2,173.9,0.1,15980.0,239.6
2019-03-19T17:50:00,40.1,180.1,192.8,0.1,15980.0,241.5
2019-03-19T17:50:32,40.0,191.9,217.1,0.0,15980.0,239.6
2019-03-19T17:51:03,40.0,168.9,204.1,0.1,15980.0,240.6
2019-03-19T17:51:34,39.9,147.0,185.1,0.1,15980.0,240.6
2019-03-19T17:52:05,39.9,126.4,162.6,0.0,15980.0,240.6
2019-03-19T17:52:36,39.8,142.9,143.1,0.0,15980.0,240.6
2019-03-19T17:53:07,39.7,161.8,121.8,0.1,15980.0,241.5
2019-03-19T17:53:38,39.5,186.0,102.3,0.0,15980.0,240.6
2019-03-19T17:54:09,39.5,193.1,121.8,0.0,15980.0,241.5
2019-03-19T17:54:40,39.4,191.9,223.6,0.0,15980.0,239.6
2019-03-19T17:55:11,39.3,190.8,217.1,0.0,15980.0,240.6
2019-03-19T17:55:43,39.2,189.6,214.1,0.0,15980.0,238.6
2019-03-19T17:56:14,39.1,188.4,210.6,0.0,15980.0,239.6
2019-03-19T17:56:45,39.1,186.6,207.0,0.0,15980.0,238.6
2019-03-19T17:57:16,39.0,184.8,202.9,0.0,15980.0,236.7
2019-03-19T17:57:47,39.0,183.1,197.5,0.0,15980.0,236.7
2019-03-19T17:58:18,38.9,180.7,190.4,0.0,15980.0,234.8
2019-03-19T17:58:49,38.9,131.1,185.7,0.1,15980.0,236.7
2019-03-19T17:59:20,38.7,176.0,176.2,0.0,15980.0,235.7
2019-03-19T17:59:51,38.6,172.4,172.7,0.0,15980.0,234.8
2019-03-19T18:00:22,38.6,164.8,168.0,0.0,15980.0,234.8
2019-03-19T18:00:54,38.5,94.5,163.8,0.0,15980.0,235.7
2019-03-19T18:01:25,38.4,145.3,145.5,0.0,15980.0,235.7
2019-03-19T18:01:56,38.4,121.0,121.2,0.0,15980.0,235.7
