2019-04-09T06:35:29,19.5,154.1,195.2,0.2,0.0,241.5
2019-04-09T06:36:01,19.5,175.4,173.9,0.2,0.0,241.5
2019-04-09T06:36:32,19.5,197.8,169.1,0.2,0.0,241.5
2019-04-09T06:37:03,19.5,213.2,191.0,0.1,0.0,241.5
2019-04-09T06:37:34,19.8,193.1,211.7,0.2,10.0,240.6
2019-04-09T06:38:05,19.8,171.3,233.6,0.2,10.0,241.5
2019-04-09T06:38:36,19.8,151.2,231.9,0.2,10.0,241.5
2019-04-09T06:39:07,19.8,165.4,239.5,0.2,10.0,240.6
2019-04-09T06:39:38,19.8,187.2,223.0,0.2,10.0,240.6
2019-04-09T06:40:09,20.2,207.9,202.9,0.2,10.0,241.5
2019-04-09T06:40:40,20.2,199.6,181.6,0.2,10.0,241.5
2019-04-09T06:41:12,20.2,178.3,183.9,0.2,10.0,242.5
2019-04-09T06:41:43,20.2,156.5,205.2,0.2,10.0,241.5
2019-04-09T06:42:14,20.2,168.3,225.9,0.2,10.0,240.6
2019-04-09T06:42:45,20.2,190.2,246.6,0.2,10.0,240.6
2019-04-09T06:43:16,20.2,212.0,223.0,0.2,10.0,240.6
2019-04-09T06:43:47,20.2,192.5,203.5,0.2,10.0,240.6
2019-04-09T06:44:18,20.2,210.8,221.8,0.2,10.0,240.6
2019-04-09T06:44:49,20.6,190.8,243.1,0.2,10.0,240.6
2019-04-09T06:45:20,20.6,171.9,223.0,0.2,10.0,239.6
2019-04-09T06:45:51,20.6,150.6,213.5,0.3,10.0,240.6
2019-04-09T06:46:23,20.6,155.9,234.2,0.2,10.0,239.6
2019-04-09T06:46:54,20.6,140.0,233.6,0.2,10.0,240.6
2019-04-09T06:47:25,20.9,135.2,213.5,0.3,10.0,239.6
2019-04-09T06:47:56,20.9,156.5,192.2,0.2,20.0,239.6
2019-04-09T06:48:27,20.9,177.8,170.9,0.2,20.0,237.7
2019-04-09T06:48:58,20.9,200.2,182.2,0.2,20.0,240.6
2019-04-09T06:49:29,20.9,220.3,202.9,0.1,20.0,241.5
2019-04-09T06:50:00,20.9,195.5,224.8,0.2,20.0,240.6
2019-04-09T06:50:32,20.9,175.4,245.5,0.2,20.0,242.5
2019-04-09T06:51:03,20.9,163.6,222.4,0.3,20.0,243.5
2019-04-09T06:51:34,21.3,185.4,202.3,0.2,20.0,244.4
2019-04-09T06:52:05,21.3,204.9,181.6,0.2,20.0,244.4
2019-04-09T06:52:36,21.3,213.2,189.9,0.2,20.0,243.5
2019-04-09T06:53:07,21.3,190.8,211.2,0.3,20.0,243.5
2019-04-09T06:53:38,21.3,170.7,232.4,0.3,20.0,244.4
2019-04-09T06:54:09,21.3,172.4,231.3,0.3,20.0,243.5
2019-04-09T06:54:40,21.7,194.9,211.2,0.3,20.0,243.5
2019-04-09T06:55:11,21.7,213.8,190.4,0.2,20.0,244.4
2019-04-09T06:55:43,21.7,202.6,195.2,0.3,20.0,244.4
2019-04-09T06:56:14,21.7,180.7,216.5,0.3,30.0,243.5
2019-04-09T06:56:45,21.7,202.6,236.6,0.3,30.0,244.4
2019-04-09T06:57:16,22.0,198.4,227.1,0.3,30.0,243.5
2019-04-09T06:57:47,22.0,199.0,232.4,0.3,30.0,244.4
2019-04-09T06:58:18,22.0,178.3,211.2,0.3,30.0,244.4
2019-04-09T06:58:49,22.0,179.5,191.6,0.3,30.0,242.5
2019-04-09T06:59:20,22.0,201.4,194.6,0.3,30.0,244.4
2019-04-09T06:59:51,22.0,216.2,215.9,0.2,30.0,242.5
2019-04-09T07:00:22,22.0,192.5,237.8,0.3,30.0,243.5
2019-04-09T07:00:54,22.4,190.2,225.4,0.3,30.0,242.5
2019-04-09T07:01:26,22.4,212.0,202.9,0.3,30.0,241.5
2019-04-09T07:01:57,22.4,199.6,204.6,0.3,30.0,243.5
2019-04-09T07:02:28,22.4,179.5,225.9,0.3,30.0,243.5
2019-04-09T07:02:59,22.4,183.7,245.5,0.3,40.0,243.5
2019-04-09T07:03:30,22.4,206.1,223.6,0.3,40.0,244.4
2019-04-09T07:04:01,22.4,203.7,201.7,0.4,40.0,243.5
2019-04-09T07:04:32,22.4,212.6,220.0,0.3,40.0,243.5
2019-04-09T07:05:03,22.8,190.2,241.3,0.3,40.0,246.4
2019-04-09T07:05:34,22.8,207.3,223.0,0.3,40.0,245.4
2019-04-09T07:06:06,22.8,213.2,228.9,0.3,40.0,245.4
2019-04-09T07:06:37,22.8,201.4,214.1,0.3,40.0,245.4
2019-04-09T07:07:08,22.8,180.7,193.4,0.4,40.0,244.4
2019-04-09T07:07:39,23.1,183.1,211.7,0.4,40.0,244.4
2019-04-09T07:08:10,23.1,179.5,227.7,0.4,50.0,243.5
2019-04-09T07:08:41,23.1,191.9,242.5,0.4,50.0,244.4
2019-04-09T07:09:12,23.1,213.8,228.3,0.3,50.0,243.5
2019-04-09T07:09:43,23.1,200.2,237.8,0.4,50.0,245.4
2019-04-09T07:10:14,23.1,180.1,215.3,0.4,50.0,243.5
2019-04-09T07:10:45,23.1,200.2,212.3,0.4,50.0,244.4
2019-04-09T07:11:17,23.1,219.1,233.6,0.3,50.0,245.4
2019-04-09T07:11:48,23.1,210.2,237.2,0.4,50.0,245.4
2019-04-09T07:12:19,23.1,203.2,242.5,0.4,50.0,245.4
2019-04-09T07:12:50,23.5,185.4,221.8,0.4,50.0,244.4
2019-04-09T07:13:21,23.5,207.9,199.9,0.4,60.0,244.4
2019-04-09T07:13:52,23.5,201.4,212.9,0.5,60.0,245.4
2019-04-09T07:14:23,23.5,180.1,233.6,0.4,60.0,245.4
2019-04-09T07:14:54,23.5,202.6,225.4,0.4,60.0,244.4
2019-04-09T07:15:25,23.5,212.0,205.8,0.4,60.0,245.4
2019-04-09T07:15:56,23.5,190.2,220.6,0.4,60.0,246.4
2019-04-09T07:16:28,23.9,203.7,241.3,0.4,60.0,245.4
2019-04-09T07:16:59,23.9,215.0,231.9,0.4,60.0,242.5
2019-04-09T07:17:30,23.9,192.5,211.2,0.4,60.0,242.5
2019-04-09T07:18:01,23.9,182.5,215.9,0.4,70.0,243.5
2019-04-09T07:18:32,23.9,206.1,237.8,0.4,70.0,242.5
2019-04-09T07:19:03,24.2,219.7,230.7,0.4,70.0,242.5
2019-04-09T07:19:34,24.2,196.7,210.0,0.5,70.0,243.5
2019-04-09T07:20:05,24.2,216.2,189.9,0.5,70.0,243.5
2019-04-09T07:20:36,24.2,210.2,192.2,0.5,70.0,242.5
2019-04-09T07:21:08,24.6,189.0,215.3,0.5,70.0,243.5
2019-04-09T07:21:39,24.2,174.2,237.2,0.6,70.0,243.5
2019-04-09T07:22:10,24.6,194.9,244.3,0.5,80.0,243.5
2019-04-09T07:22:41,24.6,209.1,229.5,0.5,80.0,242.5
2019-04-09T07:23:12,24.6,210.8,208.8,0.5,80.0,241.5
2019-04-09T07:23:43,24.6,212.0,230.7,0.6,80.0,242.5
2019-04-09T07:24:14,25.0,191.3,242.5,0.5,80.0,242.5
2019-04-09T07:24:45,25.0,177.8,220.0,0.6,80.0,242.5
2019-04-09T07:25:16,25.0,199.6,218.8,0.5,90.0,243.5
2019-04-09T07:25:47,25.0,220.9,241.9,0.5,90.0,241.5
2019-04-09T07:26:19,25.0,205.5,231.9,0.6,90.0,242.5
2019-04-09T07:26:50,25.0,185.4,211.7,0.6,90.0,242.5
2019-04-09T07:27:21,25.0,184.8,224.8,0.7,90.0,240.6
2019-04-09T07:27:52,25.3,206.7,247.2,0.6,90.0,242.5
2019-04-09T07:28:23,25.3,220.9,234.2,0.5,100.0,242.5
2019-04-09T07:28:54,25.3,198.4,213.5,0.6,100.0,244.4
2019-04-09T07:29:25,25.7,185.4,229.5,0.7,100.0,241.5
2019-04-09T07:29:56,25.7,207.3,249.6,0.6,100.0,242.5
2019-04-09T07:30:27,25.7,220.3,228.3,0.6,100.0,241.5
2019-04-09T07:30:58,25.7,199.0,207.0,0.7,100.0,242.5
2019-04-09T07:31:30,25.7,195.5,230.1,0.6,110.0,242.5
2019-04-09T07:32:01,25.7,218.5,246.1,0.6,110.0,242.5
2019-04-09T07:32:32,25.7,207.3,223.6,0.6,110.0,242.5
2019-04-09T07:33:03,25.7,213.8,214.7,0.6,110.0,242.5
2019-04-09T07:33:34,26.1,215.6,237.2,0.6,120.0,244.4
2019-04-09T07:34:05,26.1,206.7,245.5,0.7,120.0,244.4
2019-04-09T07:34:36,26.1,216.2,224.2,0.7,120.0,244.4
2019-04-09T07:35:07,26.1,213.2,222.4,0.7,120.0,243.5
2019-04-09T07:35:38,26.4,212.6,245.5,0.7,120.0,244.4
2019-04-09T07:36:10,26.4,213.8,248.4,0.7,130.0,244.4
2019-04-09T07:36:41,26.4,209.1,230.1,0.7,130.0,245.4
2019-04-09T07:37:12,26.4,221.5,218.3,0.7,130.0,245.4
2019-04-09T07:37:43,26.4,206.1,242.5,0.7,130.0,245.4
2019-04-09T07:38:14,26.8,217.3,236.6,0.7,140.0,247.3
2019-04-09T07:38:45,26.8,212.0,216.5,0.8,140.0,245.4
2019-04-09T07:39:16,26.8,212.0,235.4,0.8,140.0,244.4
2019-04-09T07:39:47,26.8,215.0,242.5,0.7,140.0,244.4
2019-04-09T07:40:18,26.8,209.1,221.8,0.8,150.0,246.4
2019-04-09T07:40:49,26.8,214.4,233.0,0.8,150.0,244.4
2019-04-09T07:41:21,27.2,215.6,248.4,0.8,150.0,246.4
2019-04-09T07:41:52,27.2,209.1,226.5,0.9,150.0,245.4
2019-04-09T07:42:23,27.2,226.2,233.6,0.7,160.0,244.4
2019-04-09T07:42:54,27.2,207.3,246.6,0.9,160.0,243.5
2019-04-09T07:43:25,27.2,217.9,225.9,0.8,160.0,244.4
2019-04-09T07:43:56,27.5,217.3,225.9,0.9,170.0,244.4
2019-04-09T07:44:27,27.5,209.7,248.4,0.9,170.0,245.4
2019-04-09T07:44:58,27.5,219.7,237.8,0.8,170.0,244.4
2019-04-09T07:45:29,27.9,207.9,220.0,1.0,170.0,245.4
2019-04-09T07:46:01,27.9,217.3,242.5,0.9,180.0,246.4
2019-04-09T07:46:32,27.9,220.3,240.1,0.9,180.0,246.4
2019-04-09T07:47:03,27.9,209.1,220.6,0.9,180.0,245.4
2019-04-09T07:47:34,27.9,217.3,231.3,1.0,190.0,246.4
2019-04-09T07:48:05,27.9,207.3,250.8,1.0,190.0,246.4
2019-04-09T07:48:36,28.3,222.7,228.9,1.0,190.0,246.4
2019-04-09T07:49:07,28.3,211.4,234.2,1.1,200.0,244.4
2019-04-09T07:49:38,28.3,210.2,252.0,1.0,200.0,246.4
2019-04-09T07:50:09,28.3,192.5,240.1,1.0,200.0,246.4
2019-04-09T07:50:40,28.3,212.0,240.1,1.0,210.0,246.4
2019-04-09T07:51:12,28.3,216.2,242.5,1.0,210.0,245.4
2019-04-09T07:51:43,28.6,220.3,240.7,1.0,210.0,245.4
2019-04-09T07:52:14,28.6,208.5,239.0,1.1,220.0,247.3
2019-04-09T07:52:45,28.6,216.7,242.5,1.1,220.0,245.4
2019-04-09T07:53:16,28.6,216.7,237.2,1.2,230.0,245.4
2019-04-09T07:53:47,29.0,219.1,242.5,1.1,230.0,247.3
2019-04-09T07:54:18,29.0,204.9,232.4,1.1,230.0,245.4
2019-04-09T07:54:49,29.0,215.6,249.6,1.1,240.0,244.4
2019-04-09T07:55:20,29.4,216.7,237.2,1.1,240.0,245.4
2019-04-09T07:55:51,29.4,206.1,241.9,1.2,250.0,243.5
2019-04-09T07:56:23,29.4,215.6,234.2,1.1,250.0,245.4
2019-04-09T07:56:54,29.7,220.9,245.5,1.1,250.0,244.4
2019-04-09T07:57:25,29.7,217.9,233.0,1.2,260.0,244.4
2019-04-09T07:57:56,29.7,207.9,245.5,1.3,260.0,245.4
2019-04-09T07:58:27,30.1,222.7,233.6,1.1,270.0,244.4
2019-04-09T07:58:58,30.1,207.3,242.5,1.2,270.0,245.4
2019-04-09T07:59:29,29.7,214.4,236.0,1.3,270.0,243.5
2019-04-09T08:00:00,29.7,222.7,237.2,1.2,280.0,244.4
2019-04-09T08:00:31,29.7,206.7,237.8,1.3,280.0,244.4
2019-04-09T08:01:03,29.7,217.3,246.6,1.3,290.0,244.4
2019-04-09T08:01:34,29.7,210.2,230.1,1.4,290.0,244.4
2019-04-09T08:02:05,30.1,210.2,250.8,1.3,300.0,244.4
2019-04-09T08:02:36,30.1,220.3,236.6,1.3,300.0,244.4
2019-04-09T08:03:07,30.1,213.8,236.6,1.4,310.0,245.4
2019-04-09T08:03:38,30.1,211.4,241.9,1.3,310.0,245.4
2019-04-09T08:04:09,30.1,220.9,233.0,1.3,320.0,244.4
2019-04-09T08:04:40,30.1,220.9,246.6,1.3,320.0,244.4
2019-04-09T08:05:11,30.2,216.2,233.6,1.4,330.0,243.5
2019-04-09T08:05:42,30.2,207.9,244.9,1.4,330.0,243.5
2019-04-09T08:06:14,30.3,219.1,237.2,1.5,340.0,244.4
2019-04-09T08:06:45,30.3,208.5,244.3,1.4,340.0,244.4
2019-04-09T08:07:16,30.3,210.8,237.2,1.5,350.0,244.4
2019-04-09T08:07:47,30.4,215.0,240.1,1.5,350.0,244.4
2019-04-09T08:08:18,30.4,219.1,237.2,1.4,360.0,242.5
2019-04-09T08:08:49,30.4,220.3,236.0,1.4,360.0,243.5
2019-04-09T08:09:20,30.4,213.8,241.3,1.5,370.0,244.4
2019-04-09T08:09:51,30.4,197.8,235.4,1.6,370.0,245.4
2019-04-09T08:10:22,30.4,200.2,245.5,1.5,380.0,243.5
2019-04-09T08:10:53,30.5,200.8,232.4,1.7,380.0,244.4
2019-04-09T08:11:25,30.7,200.2,245.5,1.5,390.0,244.4
2019-04-09T08:11:56,30.7,197.3,234.2,1.6,390.0,246.4
2019-04-09T08:12:27,30.7,204.3,239.5,1.7,400.0,245.4
2019-04-09T08:12:58,30.8,203.7,237.2,1.6,410.0,245.4
2019-04-09T08:13:29,30.8,204.9,242.5,1.6,410.0,245.4
2019-04-09T08:14:00,30.8,207.9,231.3,1.7,420.0,245.4
2019-04-09T08:14:31,30.9,207.9,246.6,1.6,420.0,247.3
2019-04-09T08:15:02,30.9,209.1,237.8,1.6,430.0,245.4
2019-04-09T08:15:33,30.9,206.7,235.4,1.8,430.0,244.4
2019-04-09T08:16:05,30.9,202.6,244.9,1.7,440.0,243.5
2019-04-09T08:16:36,31.0,202.0,229.5,1.6,450.0,244.4
2019-04-09T08:17:07,31.0,199.0,246.1,1.8,450.0,244.4
2019-04-09T08:17:38,31.0,199.0,231.3,1.7,460.0,244.4
2019-04-09T08:18:09,31.0,197.3,240.1,1.8,460.0,245.4
2019-04-09T08:18:40,31.0,199.0,237.2,1.7,470.0,245.4
2019-04-09T08:19:11,31.1,194.9,237.2,1.9,480.0,244.4
2019-04-09T08:19:42,31.1,194.9,244.9,1.9,480.0,245.4
2019-04-09T08:20:13,31.1,192.5,239.5,1.9,490.0,244.4
2019-04-09T08:20:44,31.1,196.7,228.9,1.9,500.0,244.4
2019-04-09T08:21:16,31.1,200.8,234.8,1.8,500.0,242.5
2019-04-09T08:21:47,31.1,206.1,238.4,2.0,510.0,245.4
2019-04-09T08:22:18,31.2,205.5,240.7,1.9,520.0,244.4
2019-04-09T08:22:49,31.1,203.2,232.4,2.1,520.0,244.4
2019-04-09T08:23:20,31.1,200.8,241.3,2.0,530.0,243.5
2019-04-09T08:23:51,31.1,209.1,243.1,1.9,540.0,243.5
2019-04-09T08:24:22,31.1,206.7,231.3,2.0,540.0,243.5
2019-04-09T08:24:53,31.1,199.6,246.6,2.0,550.0,243.5
2019-04-09T08:25:24,31.2,194.3,237.2,2.0,560.0,242.5
2019-04-09T08:25:55,31.4,199.6,231.9,2.0,560.0,243.5
2019-04-09T08:26:27,31.4,202.0,233.6,2.0,570.0,242.5
2019-04-09T08:26:58,31.5,210.8,238.4,2.1,580.0,241.5
2019-04-09T08:27:29,31.5,216.7,230.7,2.1,590.0,242.5
2019-04-09T08:28:00,31.6,213.8,241.9,2.2,590.0,243.5
2019-04-09T08:28:31,31.7,216.7,241.9,2.2,600.0,244.4
2019-04-09T08:29:02,31.7,209.7,226.5,2.1,610.0,244.4
2019-04-09T08:29:33,31.7,215.0,239.5,2.3,620.0,242.5
2019-04-09T08:30:04,31.8,216.7,235.4,2.1,630.0,242.5
2019-04-09T08:30:35,31.9,212.0,231.3,2.3,630.0,242.5
2019-04-09T08:31:07,31.9,210.2,241.3,2.3,640.0,244.4
2019-04-09T08:31:38,31.9,219.1,237.8,2.2,650.0,244.4
2019-04-09T08:32:09,31.9,211.4,231.3,2.3,660.0,243.5
2019-04-09T08:32:40,31.9,219.1,241.3,2.2,670.0,242.5
2019-04-09T08:33:11,31.9,215.0,231.9,2.3,670.0,243.5
2019-04-09T08:33:42,32.0,216.7,230.1,2.3,680.0,242.5
2019-04-09T08:34:13,32.0,211.4,234.2,2.4,690.0,243.5
2019-04-09T08:34:44,32.2,213.8,231.3,2.4,700.0,245.4
2019-04-09T08:35:15,32.2,215.6,241.3,2.3,710.0,244.4
2019-04-09T08:35:46,32.2,213.8,231.3,2.4,720.0,245.4
2019-04-09T08:36:18,32.3,207.9,233.0,2.5,730.0,244.4
2019-04-09T08:36:49,32.4,215.6,244.3,2.5,740.0,244.4
2019-04-09T08:37:20,32.4,210.8,236.0,2.5,740.0,245.4
2019-04-09T08:37:51,32.5,216.7,228.3,2.5,750.0,245.4
2019-04-09T08:38:22,32.5,217.9,241.3,2.4,760.0,244.4
2019-04-09T08:38:53,32.6,210.8,231.3,2.4,770.0,245.4
2019-04-09T08:39:24,32.5,220.3,218.3,1.9,780.0,246.4
2019-04-09T08:39:55,32.5,213.2,229.5,2.0,790.0,246.4
2019-04-09T08:40:26,32.6,216.2,218.3,2.6,790.0,248.3
2019-04-09T08:40:57,32.6,210.8,235.4,2.5,800.0,248.3
2019-04-09T08:41:29,32.7,215.6,239.5,2.5,810.0,248.3
2019-04-09T08:42:00,32.7,211.4,239.5,2.7,820.0,248.3
2019-04-09T08:42:31,32.9,216.7,234.2,2.5,830.0,248.3
2019-04-09T08:43:02,32.9,209.7,227.1,2.7,840.0,248.3
2019-04-09T08:43:33,33.0,215.6,239.5,2.7,850.0,249.3
2019-04-09T08:44:04,32.9,213.2,233.6,2.7,860.0,249.3
2019-04-09T08:44:35,33.0,210.8,225.4,2.7,870.0,248.3
2019-04-09T08:45:06,33.0,218.5,233.0,2.5,880.0,249.3
2019-04-09T08:45:37,33.1,215.6,228.9,2.7,890.0,249.3
2019-04-09T08:46:09,33.1,215.0,240.7,2.8,900.0,249.3
2019-04-09T08:46:40,33.2,208.5,231.9,2.8,910.0,248.3
2019-04-09T08:47:11,33.2,213.8,238.4,2.9,920.0,249.3
2019-04-09T08:47:42,33.3,216.2,229.5,2.8,930.0,248.3
2019-04-09T08:48:13,33.3,211.4,228.9,2.8,940.0,250.2
2019-04-09T08:48:44,33.3,210.2,235.4,2.9,950.0,249.3
2019-04-09T08:49:15,33.4,215.0,234.8,2.9,960.0,249.3
2019-04-09T08:49:46,33.4,210.2,225.9,3.0,970.0,250.2
2019-04-09T08:50:17,33.4,212.6,230.7,3.0,980.0,250.2
2019-04-09T08:50:48,33.5,209.7,240.1,3.0,990.0,249.3
2019-04-09T08:51:20,33.5,215.0,232.4,3.0,1000.0,250.2
2019-04-09T08:51:51,33.7,210.8,230.7,2.6,1010.0,248.3
2019-04-09T08:52:22,33.7,215.6,227.7,3.0,1020.0,249.3
2019-04-09T08:52:53,33.7,215.6,233.6,2.9,1040.0,249.3
2019-04-09T08:53:24,33.7,208.5,225.4,3.1,1050.0,248.3
2019-04-09T08:53:55,33.7,212.0,236.6,3.1,1060.0,249.3
2019-04-09T08:54:26,33.7,203.2,235.4,2.5,1070.0,248.3
2019-04-09T08:54:57,33.8,199.0,239.0,3.0,1080.0,248.3
2019-04-09T08:55:28,33.8,213.2,223.0,3.2,1090.0,249.3
2019-04-09T08:55:59,33.8,211.4,227.1,2.8,1100.0,249.3
2019-04-09T08:56:31,33.8,207.3,218.3,2.7,1110.0,247.3
2019-04-09T08:57:02,33.9,209.1,225.9,2.2,1120.0,247.3
2019-04-09T08:57:33,33.9,204.9,225.9,2.4,1120.0,246.4
2019-04-09T08:58:04,33.9,197.8,224.8,2.5,1130.0,247.3
2019-04-09T08:58:35,33.9,186.0,244.3,3.0,1140.0,248.3
2019-04-09T08:59:06,33.8,210.2,230.1,3.1,1150.0,248.3
2019-04-09T08:59:37,33.8,210.8,225.4,3.2,1160.0,249.3
2019-04-09T09:00:08,33.8,206.7,228.9,3.2,1180.0,249.3
2019-04-09T09:00:39,33.8,213.8,225.4,3.1,1190.0,248.3
2019-04-09T09:01:11,33.9,210.8,232.4,3.2,1200.0,250.2
2019-04-09T09:01:42,33.8,206.1,236.0,3.3,1210.0,248.3
2019-04-09T09:02:13,33.8,213.8,231.9,3.2,1220.0,248.3
2019-04-09T09:02:44,33.8,207.9,224.2,3.4,1230.0,248.3
2019-04-09T09:03:15,33.9,212.6,236.6,3.3,1250.0,247.3
2019-04-09T09:03:46,33.9,208.5,234.8,3.3,1260.0,248.3
2019-04-09T09:04:17,33.9,207.3,228.3,3.4,1270.0,248.3
2019-04-09T09:04:48,34.0,213.2,225.9,3.4,1280.0,250.2
2019-04-09T09:05:19,34.0,207.9,237.8,3.4,1290.0,250.2
2019-04-09T09:05:50,34.1,212.6,234.2,3.4,1310.0,250.2
2019-04-09T09:06:22,34.1,211.4,223.6,3.5,1320.0,250.2
2019-04-09T09:06:53,34.2,209.1,230.1,3.6,1330.0,251.2
2019-04-09T09:07:24,34.4,206.7,226.5,3.6,1340.0,250.2
2019-04-09T09:07:55,34.4,206.1,233.6,3.5,1360.0,248.3
2019-04-09T09:08:26,34.5,213.8,231.3,3.5,1370.0,250.2
2019-04-09T09:08:57,34.5,206.1,223.0,3.5,1380.0,250.2
2019-04-09T09:09:28,34.5,210.8,235.4,3.5,1390.0,249.3
2019-04-09T09:09:59,34.6,207.9,233.6,3.6,1410.0,251.2
2019-04-09T09:10:30,34.6,209.7,223.0,3.6,1420.0,250.2
2019-04-09T09:11:02,34.7,208.5,226.5,3.6,1430.0,251.2
2019-04-09T09:11:33,34.8,210.2,232.4,3.6,1440.0,251.2
2019-04-09T09:12:04,34.8,209.7,225.9,3.6,1460.0,250.2
2019-04-09T09:12:35,34.9,204.9,225.4,3.7,1470.0,252.2
2019-04-09T09:13:06,34.9,210.2,221.2,3.8,1480.0,252.2
2019-04-09T09:13:37,35.0,211.4,226.5,3.7,1500.0,251.2
2019-04-09T09:14:08,35.0,207.3,234.2,3.8,1510.0,250.2
2019-04-09T09:14:39,35.2,205.5,236.0,3.8,1520.0,250.2
2019-04-09T09:15:10,35.2,210.8,231.3,3.8,1540.0,252.2
2019-04-09T09:15:41,35.3,206.7,222.4,3.6,1550.0,251.2
2019-04-09T09:16:13,35.3,203.7,230.7,3.6,1560.0,250.2
2019-04-09T09:16:44,35.3,204.3,231.3,3.7,1580.0,251.2
2019-04-09T09:17:15,35.3,209.7,225.9,3.5,1590.0,250.2
2019-04-09T09:17:46,35.4,202.0,230.7,3.7,1600.0,251.2
2019-04-09T09:18:17,35.4,207.9,220.0,3.8,1610.0,252.2
2019-04-09T09:18:48,35.4,202.0,235.4,3.7,1630.0,251.2
2019-04-09T09:19:19,35.5,197.8,209.4,3.7,1640.0,252.2
2019-04-09T09:19:50,35.4,212.6,231.3,3.9,1650.0,251.2
2019-04-09T09:20:21,35.3,209.1,228.9,3.8,1670.0,252.2
2019-04-09T09:20:53,35.3,190.8,230.7,4.0,1680.0,251.2
2019-04-09T09:21:24,35.4,204.3,223.6,3.8,1690.0,249.3
2019-04-09T09:21:55,35.3,186.0,235.4,3.9,1710.0,251.2
2019-04-09T09:22:26,35.2,210.2,226.5,3.8,1720.0,250.2
2019-04-09T09:22:57,35.2,207.3,230.7,4.1,1730.0,250.2
2019-04-09T09:23:28,35.3,203.2,229.5,3.7,1750.0,251.2
2019-04-09T09:23:59,35.3,204.9,224.2,3.4,1760.0,249.3
2019-04-09T09:24:30,35.3,206.1,224.2,4.0,1770.0,249.3
2019-04-09T09:25:01,35.4,210.2,223.0,4.1,1790.0,251.2
2019-04-09T09:25:33,35.5,206.1,227.7,3.8,1800.0,250.2
2019-04-09T09:26:04,35.5,206.1,219.4,3.9,1820.0,249.3
2019-04-09T09:26:35,35.6,204.9,230.7,3.8,1830.0,249.3
2019-04-09T09:27:06,35.7,206.7,226.5,3.5,1840.0,250.2
2019-04-09T09:27:37,35.9,202.6,224.8,3.6,1860.0,249.3
2019-04-09T09:28:08,35.9,203.2,237.2,3.0,1870.0,249.3
2019-04-09T09:28:39,36.0,206.1,214.7,3.1,1880.0,249.3
2019-04-09T09:29:10,36.1,204.3,228.3,2.7,1890.0,248.3
2019-04-09T09:29:41,36.1,210.8,209.4,2.7,1900.0,249.3
2019-04-09T09:30:12,36.1,201.4,218.8,2.4,1910.0,248.3
2019-04-09T09:30:44,36.1,209.1,224.2,2.5,1920.0,249.3
2019-04-09T09:31:15,36.1,190.8,241.3,2.8,1930.0,248.3
2019-04-09T09:31:46,36.1,201.4,210.6,3.2,1940.0,250.2
2019-04-09T09:32:17,36.2,210.8,188.7,3.7,1950.0,250.2
2019-04-09T09:32:48,36.2,212.0,209.4,3.8,1960.0,250.2
2019-04-09T09:33:19,36.2,208.5,237.2,4.0,1970.0,249.3
2019-04-09T09:33:50,36.3,206.1,225.4,3.8,1990.0,249.3
2019-04-09T09:34:21,36.3,206.7,230.1,3.7,2000.0,250.2
2019-04-09T09:34:52,36.4,210.8,223.6,3.5,2020.0,250.2
2019-04-09T09:35:23,36.4,213.2,223.0,3.7,2030.0,253.1
2019-04-09T09:35:55,36.4,205.5,226.5,4.1,2040.0,252.2
2019-04-09T09:36:26,36.4,205.5,221.8,4.0,2060.0,250.2
2019-04-09T09:36:57,36.4,206.1,229.5,3.7,2070.0,250.2
2019-04-09T09:37:28,36.4,206.1,234.2,3.6,2080.0,252.2
2019-04-09T09:37:59,36.5,206.1,224.2,3.6,2100.0,251.2
2019-04-09T09:38:30,36.4,205.5,228.3,3.6,2110.0,250.2
2019-04-09T09:39:01,36.5,206.1,215.3,4.0,2120.0,252.2
2019-04-09T09:39:32,36.7,199.6,223.0,4.1,2140.0,251.2
2019-04-09T09:40:04,36.7,206.7,225.9,4.0,2150.0,252.2
2019-04-09T09:40:35,36.8,200.8,230.1,4.4,2170.0,252.2
2019-04-09T09:41:07,36.8,206.1,223.6,4.3,2180.0,252.2
2019-04-09T09:41:38,36.9,200.8,233.6,4.5,2200.0,253.1
2019-04-09T09:42:09,36.9,205.5,225.4,4.4,2210.0,253.1
2019-04-09T09:42:40,36.9,200.2,225.9,4.5,2230.0,253.1
2019-04-09T09:43:11,37.0,202.6,225.4,4.6,2240.0,253.1
2019-04-09T09:43:42,37.0,200.8,217.1,4.5,2260.0,252.2
2019-04-09T09:44:13,37.1,199.6,224.8,4.6,2270.0,252.2
2019-04-09T09:44:44,37.2,202.0,224.2,4.7,2290.0,251.2
2019-04-09T09:45:15,37.2,200.2,223.0,4.7,2310.0,251.2
2019-04-09T09:45:46,37.4,203.2,224.2,4.6,2320.0,252.2
2019-04-09T09:46:18,37.4,202.6,218.8,4.6,2340.0,251.2
2019-04-09T09:46:49,37.5,201.4,218.3,4.5,2350.0,251.2
2019-04-09T09:47:20,37.5,197.3,219.4,4.6,2370.0,250.2
2019-04-09T09:47:51,37.6,201.4,216.5,4.6,2380.0,249.3
2019-04-09T09:48:22,37.6,199.0,218.8,4.5,2400.0,252.2
2019-04-09T09:48:53,37.6,200.8,226.5,4.5,2420.0,251.2
2019-04-09T09:49:24,37.7,203.7,220.6,4.5,2430.0,250.2
2019-04-09T09:49:55,37.7,205.5,219.4,4.5,2450.0,250.2
2019-04-09T09:50:26,37.8,203.7,214.1,4.5,2460.0,250.2
2019-04-09T09:50:57,37.8,200.2,215.9,4.6,2480.0,250.2
2019-04-09T09:51:29,37.8,199.0,218.3,4.5,2490.0,250.2
2019-04-09T09:52:00,37.7,204.3,220.6,4.3,2510.0,250.2
2019-04-09T09:52:31,37.7,202.0,215.9,4.5,2520.0,249.3
2019-04-09T09:53:02,37.7,203.2,220.6,4.4,2540.0,250.2
2019-04-09T09:53:33,37.7,199.0,215.3,4.6,2550.0,251.2
2019-04-09T09:54:04,37.7,200.8,223.6,4.6,2570.0,250.2
2019-04-09T09:54:35,37.7,199.6,219.4,4.5,2580.0,251.2
2019-04-09T09:55:06,37.8,199.0,225.4,4.5,2600.0,251.2
2019-04-09T09:55:37,37.8,203.7,227.7,4.6,2620.0,251.2
2019-04-09T09:56:09,37.8,204.3,211.2,4.5,2630.0,250.2
2019-04-09T09:56:40,37.9,199.6,216.5,4.7,2650.0,251.2
2019-04-09T09:57:11,37.9,197.8,223.6,4.7,2660.0,250.2
2019-04-09T09:57:42,37.9,199.0,224.2,4.7,2680.0,250.2
2019-04-09T09:58:13,37.8,203.7,220.6,4.6,2690.0,251.2
2019-04-09T09:58:44,37.6,196.7,212.3,4.8,2710.0,250.2
2019-04-09T09:59:15,37.6,200.8,214.7,4.8,2730.0,250.2
2019-04-09T09:59:46,37.7,200.2,213.5,4.9,2740.0,250.2
2019-04-09T10:00:17,37.8,200.2,223.6,4.9,2760.0,251.2
2019-04-09T10:00:48,37.9,199.0,225.4,4.8,2780.0,250.2
2019-04-09T10:01:20,38.0,199.0,223.6,5.0,2790.0,250.2
2019-04-09T10:01:51,38.0,197.8,217.1,4.9,2810.0,250.2
2019-04-09T10:02:22,38.2,200.2,215.9,4.9,2830.0,250.2
2019-04-09T10:02:53,38.3,196.7,215.3,5.2,2840.0,250.2
2019-04-09T10:03:24,38.3,199.0,218.8,5.1,2860.0,249.3
2019-04-09T10:03:55,38.3,196.1,224.2,5.2,2880.0,250.2
2019-04-09T10:04:26,38.4,200.8,224.2,5.1,2890.0,249.3
2019-04-09T10:04:57,38.4,197.3,222.4,5.3,2910.0,249.3
2019-04-09T10:05:28,38.5,200.8,221.8,5.3,2930.0,249.3
2019-04-09T10:05:59,38.5,202.0,221.2,5.3,2950.0,248.3
2019-04-09T10:06:31,38.6,196.7,221.8,5.4,2970.0,248.3
2019-04-09T10:07:02,38.7,202.0,222.4,5.2,2980.0,248.3
2019-04-09T10:07:33,38.7,197.8,220.6,5.4,3000.0,248.3
2019-04-09T10:08:04,38.7,201.4,218.3,5.4,3020.0,247.3
2019-04-09T10:08:35,38.9,194.9,224.2,5.6,3040.0,249.3
2019-04-09T10:09:06,38.9,200.2,220.6,5.5,3060.0,249.3
2019-04-09T10:09:37,38.9,194.9,217.7,5.5,3080.0,250.2
2019-04-09T10:10:08,39.0,198.4,211.7,5.5,3090.0,249.3
2019-04-09T10:10:39,39.0,196.1,214.1,5.5,3110.0,249.3
2019-04-09T10:11:11,39.1,195.5,218.3,5.5,3130.0,250.2
2019-04-09T10:11:42,39.1,196.1,213.5,5.6,3150.0,250.2
2019-04-09T10:12:13,39.1,193.7,208.8,5.7,3170.0,250.2
2019-04-09T10:12:44,39.2,198.4,214.1,5.5,3190.0,249.3
2019-04-09T10:13:15,39.2,194.3,215.9,5.8,3210.0,250.2
2019-04-09T10:13:46,39.2,196.7,212.3,5.6,3230.0,250.2
2019-04-09T10:14:17,39.2,189.6,225.4,5.7,3250.0,250.2
2019-04-09T10:14:48,39.3,193.1,214.1,5.8,3260.0,250.2
2019-04-09T10:15:19,39.3,193.1,217.1,5.7,3280.0,249.3
2019-04-09T10:15:50,39.4,190.2,204.6,5.8,3300.0,249.3
2019-04-09T10:16:22,39.4,196.7,220.6,5.8,3320.0,248.3
2019-04-09T10:16:53,39.4,194.9,219.4,5.6,3340.0,248.3
2019-04-09T10:17:24,39.4,193.7,215.9,5.7,3360.0,248.3
2019-04-09T10:17:55,39.5,201.4,210.6,5.3,3380.0,246.4
2019-04-09T10:18:26,39.5,195.5,218.8,5.5,3400.0,247.3
2019-04-09T10:18:57,39.5,193.7,215.3,5.6,3410.0,249.3
2019-04-09T10:19:28,39.7,201.4,210.6,5.3,3430.0,248.3
2019-04-09T10:19:59,39.7,196.1,214.1,5.1,3450.0,248.3
2019-04-09T10:20:30,39.7,197.3,217.1,5.0,3470.0,248.3
2019-04-09T10:21:01,39.7,198.4,212.3,4.7,3480.0,247.3
2019-04-09T10:21:32,39.8,199.0,225.4,3.8,3500.0,246.4
2019-04-09T10:22:03,39.8,174.2,207.6,5.6,3510.0,247.3
2019-04-09T10:22:34,39.8,197.8,214.7,5.5,3530.0,247.3
2019-04-09T10:23:05,39.9,192.5,209.4,5.6,3550.0,248.3
2019-04-09T10:23:36,39.9,199.0,220.6,5.1,3570.0,248.3
2019-04-09T10:24:07,39.9,194.3,220.0,4.6,3580.0,245.4
2019-04-09T10:24:38,40.0,195.5,210.0,4.6,3600.0,245.4
2019-04-09T10:25:09,40.0,203.7,214.1,4.9,3620.0,247.3
2019-04-09T10:25:41,40.0,195.5,218.8,5.4,3630.0,248.3
2019-04-09T10:26:12,40.0,197.3,220.0,5.4,3650.0,247.3
2019-04-09T10:26:43,40.1,197.8,221.2,5.4,3670.0,247.3
2019-04-09T10:27:14,40.1,199.0,220.6,5.4,3690.0,247.3
2019-04-09T10:27:45,40.1,194.9,207.6,5.7,3710.0,247.3
2019-04-09T10:28:16,40.1,198.4,214.7,5.4,3730.0,247.3
2019-04-09T10:28:47,40.1,194.9,219.4,5.5,3740.0,247.3
2019-04-09T10:29:18,40.2,197.3,221.8,5.5,3760.0,247.3
2019-04-09T10:29:49,40.2,196.7,216.5,5.5,3780.0,247.3
2019-04-09T10:30:20,40.4,199.0,223.0,5.4,3800.0,250.2
2019-04-09T10:30:52,40.4,193.1,215.3,5.8,3820.0,248.3
2019-04-09T10:31:23,40.4,191.3,211.7,5.9,3840.0,248.3
2019-04-09T10:31:54,40.5,197.3,224.8,5.5,3860.0,248.3
2019-04-09T10:32:25,40.5,202.0,216.5,5.2,3870.0,248.3
2019-04-09T10:32:56,40.5,197.3,213.5,5.3,3890.0,249.3
2019-04-09T10:33:27,40.6,184.8,228.3,5.2,3910.0,248.3
2019-04-09T10:33:58,40.6,170.1,216.5,5.7,3930.0,248.3
2019-04-09T10:34:29,40.6,174.8,217.7,5.8,3950.0,247.3
2019-04-09T10:35:00,40.6,191.9,217.7,5.8,3960.0,249.3
2019-04-09T10:35:32,40.7,194.3,218.3,5.8,3980.0,247.3
2019-04-09T10:36:03,40.7,196.7,212.9,5.3,4000.0,248.3
2019-04-09T10:36:34,40.7,196.1,219.4,5.8,4020.0,248.3
2019-04-09T10:37:05,40.7,191.9,207.6,5.9,4040.0,248.3
2019-04-09T10:37:36,40.8,196.1,211.7,5.8,4060.0,247.3
2019-04-09T10:38:07,40.8,193.1,215.3,5.8,4080.0,247.3
2019-04-09T10:38:38,40.8,194.3,215.9,5.8,4100.0,249.3
2019-04-09T10:39:09,40.8,196.1,219.4,5.8,4120.0,248.3
2019-04-09T10:39:40,40.8,191.3,218.8,6.0,4140.0,248.3
2019-04-09T10:40:11,40.8,193.7,218.8,5.9,4160.0,248.3
2019-04-09T10:40:43,40.9,193.7,207.0,5.9,4180.0,247.3
2019-04-09T10:41:14,40.9,191.3,208.8,6.1,4200.0,247.3
2019-04-09T10:41:45,41.0,187.2,205.2,6.1,4220.0,248.3
2019-04-09T10:42:16,41.0,191.3,209.4,6.1,4240.0,248.3
2019-04-09T10:42:47,41.0,187.8,212.9,6.3,4250.0,247.3
2019-04-09T10:43:18,41.2,190.8,214.7,6.1,4270.0,248.3
2019-04-09T10:43:49,41.2,190.2,215.3,6.2,4290.0,248.3
2019-04-09T10:44:20,41.2,192.5,214.1,6.1,4310.0,248.3
2019-04-09T10:44:51,41.3,190.8,214.1,6.1,4330.0,248.3
2019-04-09T10:45:22,41.3,187.8,219.4,6.2,4350.0,247.3
2019-04-09T10:45:54,41.3,194.9,217.7,5.9,4370.0,248.3
2019-04-09T10:46:25,41.4,188.4,207.0,6.3,4390.0,250.2
2019-04-09T10:46:56,41.4,193.1,205.8,6.1,4410.0,248.3
2019-04-09T10:47:27,41.4,191.9,213.5,6.3,4430.0,247.3
2019-04-09T10:47:58,41.4,189.0,215.3,6.4,4450.0,247.3
2019-04-09T10:48:29,41.5,190.2,216.5,6.4,4470.0,247.3
2019-04-09T10:49:00,41.5,187.2,206.4,6.4,4490.0,247.3
2019-04-09T10:49:31,41.5,190.2,211.2,6.5,4510.0,246.4
2019-04-09T10:50:02,41.5,194.9,217.7,6.1,4540.0,246.4
2019-04-09T10:50:34,41.5,190.8,218.3,6.3,4560.0,247.3
2019-04-09T10:51:05,41.5,191.3,214.7,6.3,4580.0,247.3
2019-04-09T10:51:36,41.6,193.1,216.5,6.4,4600.0,247.3
2019-04-09T10:52:07,41.6,186.0,214.7,6.6,4620.0,246.4
2019-04-09T10:52:38,41.6,191.9,214.1,6.4,4640.0,246.4
2019-04-09T10:53:09,41.6,195.5,210.6,6.3,4660.0,250.2
2019-04-09T10:53:40,41.7,191.3,204.6,6.4,4680.0,248.3
2019-04-09T10:54:11,41.7,190.8,207.0,6.5,4700.0,248.3
2019-04-09T10:54:42,41.7,188.4,205.8,6.5,4720.0,247.3
2019-04-09T10:55:13,41.7,190.2,209.4,6.4,4740.0,248.3
2019-04-09T10:55:45,41.7,189.0,210.6,6.5,4760.0,247.3
2019-04-09T10:56:16,41.7,191.3,218.3,6.5,4780.0,248.3
2019-04-09T10:56:47,41.7,189.0,216.5,6.6,4800.0,249.3
2019-04-09T10:57:18,41.7,184.8,216.5,6.7,4830.0,248.3
2019-04-09T10:57:49,41.9,190.2,217.1,6.6,4850.0,247.3
2019-04-09T10:58:20,41.9,187.2,215.9,6.7,4870.0,246.4
2019-04-09T10:58:51,41.9,190.2,214.7,6.6,4890.0,246.4
2019-04-09T10:59:22,42.0,186.0,213.5,6.7,4910.0,248.3
2019-04-09T10:59:53,42.0,191.3,211.2,6.4,4930.0,246.4
2019-04-09T11:00:24,42.0,190.8,213.5,6.4,4950.0,247.3
2019-04-09T11:00:56,42.0,187.2,211.2,6.7,4970.0,248.3
2019-04-09T11:01:27,42.0,187.2,210.6,6.6,4990.0,247.3
2019-04-09T11:01:58,42.1,190.2,213.5,6.5,5010.0,247.3
2019-04-09T11:02:29,42.1,183.1,215.3,6.8,5040.0,248.3
2019-04-09T11:03:00,42.1,187.2,209.4,6.7,5060.0,247.3
2019-04-09T11:03:31,42.2,184.8,206.4,6.8,5080.0,248.3
2019-04-09T11:04:02,42.2,187.8,209.4,6.6,5100.0,248.3
2019-04-09T11:04:33,42.3,183.7,214.7,6.7,5120.0,248.3
2019-04-09T11:05:04,42.3,184.3,215.9,6.8,5140.0,249.3
2019-04-09T11:05:36,42.3,187.2,215.3,6.7,5160.0,248.3
2019-04-09T11:06:08,42.4,186.6,214.1,6.7,5180.0,249.3
2019-04-09T11:06:39,42.4,184.3,214.7,6.8,5200.0,246.4
2019-04-09T11:07:10,42.4,190.2,210.6,6.5,5230.0,248.3
2019-04-09T11:07:41,42.4,188.4,209.4,6.7,5250.0,247.3
2019-04-09T11:08:12,42.4,184.8,203.5,6.8,5270.0,247.3
2019-04-09T11:08:43,42.5,189.0,211.2,6.7,5290.0,247.3
2019-04-09T11:09:14,42.5,190.2,207.6,6.6,5310.0,247.3
2019-04-09T11:09:45,42.5,183.1,204.6,6.9,5330.0,247.3
2019-04-09T11:10:16,42.5,188.4,205.2,6.7,5350.0,247.3
2019-04-09T11:10:47,42.7,190.8,205.2,6.7,5370.0,247.3
2019-04-09T11:11:19,42.7,189.0,207.6,6.8,5400.0,247.3
2019-04-09T11:11:50,42.7,187.2,204.6,6.8,5420.0,247.3
2019-04-09T11:12:21,42.8,181.9,208.2,7.0,5440.0,247.3
2019-04-09T11:12:52,42.8,182.5,205.8,6.9,5460.0,248.3
2019-04-09T11:13:23,42.8,190.8,211.2,6.6,5480.0,248.3
2019-04-09T11:13:54,42.8,181.9,214.7,7.0,5500.0,248.3
2019-04-09T11:14:25,42.9,185.4,211.2,6.9,5520.0,247.3
2019-04-09T11:14:56,42.9,184.8,211.7,6.8,5550.0,248.3
2019-04-09T11:15:27,42.9,181.3,207.6,7.1,5570.0,248.3
2019-04-09T11:15:58,42.9,188.4,208.2,6.8,5590.0,248.3
2019-04-09T11:16:30,42.9,181.9,202.9,7.0,5610.0,247.3
2019-04-09T11:17:01,42.9,181.9,207.6,7.1,5630.0,247.3
2019-04-09T11:17:32,42.9,190.8,204.1,6.6,5650.0,246.4
2019-04-09T11:18:03,42.9,186.0,207.6,7.0,5670.0,248.3
2019-04-09T11:18:34,43.0,181.3,212.9,7.1,5700.0,248.3
2019-04-09T11:19:05,42.9,187.8,214.7,6.8,5720.0,247.3
2019-04-09T11:19:36,43.0,189.6,211.2,6.7,5740.0,247.3
2019-04-09T11:20:07,43.0,181.9,207.0,7.1,5760.0,248.3
2019-04-09T11:20:38,43.0,189.0,201.1,6.8,5780.0,248.3
2019-04-09T11:21:10,43.0,183.1,203.5,7.1,5810.0,250.2
2019-04-09T11:21:41,43.0,187.2,202.9,6.9,5830.0,248.3
2019-04-09T11:22:12,43.0,188.4,210.0,6.9,5850.0,248.3
2019-04-09T11:22:43,42.9,181.3,213.5,7.1,5870.0,249.3
2019-04-09T11:23:14,42.9,187.8,211.2,6.8,5890.0,246.4
2019-04-09T11:23:45,42.9,181.3,213.5,7.2,5910.0,248.3
2019-04-09T11:24:16,43.0,188.4,210.6,7.0,5940.0,248.3
2019-04-09T11:24:47,43.0,184.3,208.8,7.0,5960.0,248.3
2019-04-09T11:25:18,43.1,189.6,204.1,6.7,5980.0,247.3
2019-04-09T11:25:49,43.1,183.1,204.1,7.1,6000.0,247.3
2019-04-09T11:26:21,43.1,187.8,204.6,6.9,6020.0,248.3
2019-04-09T11:26:52,43.2,186.0,201.1,7.0,6050.0,248.3
2019-04-09T11:27:23,43.2,181.3,204.6,7.1,6070.0,249.3
2019-04-09T11:27:54,43.2,187.8,205.2,6.9,6090.0,248.3
2019-04-09T11:28:25,43.4,184.3,210.6,7.1,6110.0,247.3
2019-04-09T11:28:56,43.4,186.6,211.2,6.9,6130.0,248.3
2019-04-09T11:29:27,43.4,189.6,208.2,6.9,6160.0,248.3
2019-04-09T11:29:58,43.4,183.1,210.6,7.2,6180.0,248.3
2019-04-09T11:30:29,43.4,186.0,206.4,7.0,6200.0,249.3
2019-04-09T11:31:00,43.4,183.7,208.2,7.1,6220.0,249.3
2019-04-09T11:31:31,43.5,185.4,200.5,7.0,6240.0,250.2
2019-04-09T11:32:02,43.4,190.8,201.7,6.3,6270.0,249.3
2019-04-09T11:32:33,43.4,184.8,205.8,7.1,6290.0,247.3
2019-04-09T11:33:04,43.0,184.3,212.3,7.1,6310.0,248.3
2019-04-09T11:33:35,43.0,185.4,214.7,7.1,6330.0,249.3
2019-04-09T11:34:06,43.1,187.8,211.7,7.0,6350.0,248.3
2019-04-09T11:34:37,43.2,186.0,208.8,7.2,6380.0,249.3
2019-04-09T11:35:08,43.2,180.7,201.7,7.3,6400.0,249.3
2019-04-09T11:35:40,43.4,187.2,201.1,7.2,6420.0,249.3
2019-04-09T11:36:11,43.5,184.3,203.5,7.3,6440.0,248.3
2019-04-09T11:36:42,43.5,183.1,203.5,7.3,6470.0,248.3
2019-04-09T11:37:13,43.6,186.0,203.5,7.0,6490.0,249.3
2019-04-09T11:37:44,43.6,186.0,202.3,7.2,6510.0,249.3
2019-04-09T11:38:15,43.7,182.5,205.2,7.3,6540.0,249.3
2019-04-09T11:38:46,43.7,181.3,202.3,7.3,6560.0,248.3
2019-04-09T11:39:17,43.7,185.4,207.6,7.2,6580.0,249.3
2019-04-09T11:39:48,43.7,183.7,204.1,7.1,6600.0,248.3
2019-04-09T11:40:19,43.8,186.0,206.4,7.0,6620.0,247.3
2019-04-09T11:40:51,43.8,187.8,203.5,7.1,6650.0,248.3
2019-04-09T11:41:22,43.8,183.1,210.0,7.1,6670.0,249.3
2019-04-09T11:41:53,43.9,189.0,202.3,6.9,6690.0,249.3
2019-04-09T11:42:24,43.9,183.7,204.1,7.2,6710.0,248.3
2019-04-09T11:42:55,43.9,189.0,206.4,6.6,6740.0,249.3
2019-04-09T11:43:26,43.9,186.6,204.1,6.5,6760.0,248.3
2019-04-09T11:43:57,44.0,190.2,207.0,6.3,6780.0,248.3
2019-04-09T11:44:28,44.0,187.2,207.6,6.3,6800.0,249.3
2019-04-09T11:44:59,44.0,190.2,211.7,6.0,6820.0,248.3
2019-04-09T11:45:30,44.0,187.2,211.7,6.2,6840.0,247.3
2019-04-09T11:46:02,44.0,190.8,206.4,5.9,6860.0,246.4
2019-04-09T11:46:33,44.2,177.2,201.7,6.0,6880.0,247.3
2019-04-09T11:47:04,44.2,184.8,207.6,5.7,6900.0,248.3
2019-04-09T11:47:35,44.2,186.6,207.0,5.8,6920.0,247.3
2019-04-09T11:48:06,44.2,184.8,212.3,5.7,6930.0,248.3
2019-04-09T11:48:37,44.2,175.4,211.7,5.6,6950.0,249.3
2019-04-09T11:49:08,44.2,167.1,220.6,6.2,6970.0,248.3
2019-04-09T11:49:39,44.2,170.7,210.6,6.1,6990.0,246.4
2019-04-09T11:50:10,44.0,168.3,210.0,6.0,7010.0,247.3
2019-04-09T11:50:41,44.0,176.0,221.2,5.3,7030.0,246.4
2019-04-09T11:51:13,43.9,168.9,204.6,6.2,7050.0,248.3
2019-04-09T11:51:44,44.0,170.1,204.1,6.3,7060.0,248.3
2019-04-09T11:52:15,44.0,170.7,206.4,6.3,7080.0,248.3
2019-04-09T11:52:46,43.9,174.8,213.5,6.0,7100.0,247.3
2019-04-09T11:53:17,43.8,171.3,212.3,6.4,7120.0,247.3
2019-04-09T11:53:48,43.9,166.5,202.9,6.8,7140.0,249.3
2019-04-09T11:54:19,43.9,165.9,212.3,6.9,7160.0,249.3
2019-04-09T11:54:50,43.9,168.9,210.6,7.0,7180.0,248.3
2019-04-09T11:55:21,43.8,168.9,203.5,7.2,7210.0,248.3
2019-04-09T11:55:53,43.7,171.9,206.4,6.9,7230.0,249.3
2019-04-09T11:56:24,43.8,165.9,207.6,7.0,7250.0,247.3
2019-04-09T11:56:55,43.8,165.9,204.1,7.0,7270.0,247.3
2019-04-09T11:57:26,43.9,170.7,212.9,6.9,7290.0,248.3
2019-04-09T11:57:57,43.9,168.3,215.9,7.0,7310.0,248.3
2019-04-09T11:58:28,43.9,177.8,198.7,7.1,7330.0,247.3
2019-04-09T11:58:59,44.0,172.4,205.2,7.5,7360.0,248.3
2019-04-09T11:59:30,44.0,178.3,210.6,7.2,7380.0,248.3
2019-04-09T12:00:01,44.0,173.0,208.8,7.5,7400.0,249.3
2019-04-09T12:00:33,44.0,173.6,202.3,7.2,7420.0,247.3
2019-04-09T12:01:04,44.2,166.5,205.8,7.4,7450.0,247.3
2019-04-09T12:01:35,44.2,162.4,217.7,7.7,7470.0,246.4
2019-04-09T12:02:06,44.3,178.9,207.6,6.9,7490.0,248.3
2019-04-09T12:02:37,44.3,165.4,208.2,7.5,7510.0,247.3
2019-04-09T12:03:08,44.3,171.3,205.8,7.2,7530.0,247.3
2019-04-09T12:03:39,44.3,174.2,215.3,7.0,7560.0,248.3
2019-04-09T12:04:10,44.3,173.0,199.3,6.8,7580.0,247.3
2019-04-09T12:04:41,44.3,170.7,200.5,6.9,7600.0,247.3
2019-04-09T12:05:12,44.3,180.7,205.8,6.2,7620.0,247.3
2019-04-09T12:05:44,44.4,181.9,202.3,5.9,7640.0,247.3
2019-04-09T12:06:15,44.4,181.9,202.3,5.7,7660.0,248.3
2019-04-09T12:06:46,44.4,184.8,210.6,5.3,7680.0,247.3
2019-04-09T12:07:17,44.4,187.8,203.5,5.1,7700.0,247.3
2019-04-09T12:07:49,44.4,183.7,202.3,5.0,7720.0,249.3
2019-04-09T12:08:20,44.4,191.9,207.6,5.1,7740.0,250.2
2019-04-09T12:08:51,44.4,200.2,205.8,4.4,7760.0,250.2
2019-04-09T12:09:22,44.4,201.4,206.4,4.4,7780.0,251.2
2019-04-09T12:09:53,44.4,197.8,206.4,4.8,7800.0,251.2
2019-04-09T12:10:24,44.4,186.0,206.4,5.4,7820.0,251.2
2019-04-09T12:10:55,44.3,187.2,204.1,4.4,7840.0,249.3
2019-04-09T12:11:27,44.3,184.8,202.3,4.5,7860.0,250.2
2019-04-09T12:11:58,44.3,154.1,203.5,7.7,7880.0,251.2
2019-04-09T12:12:29,44.3,159.4,211.2,6.9,7900.0,249.3
2019-04-09T12:13:00,44.4,153.5,204.6,7.5,7920.0,250.2
2019-04-09T12:13:31,44.4,154.7,214.7,7.6,7940.0,251.2
2019-04-09T12:14:02,44.4,154.7,208.2,7.7,7970.0,250.2
2019-04-09T12:14:33,44.4,151.2,202.3,7.9,7990.0,251.2
2019-04-09T12:15:04,44.5,150.0,198.1,8.0,8010.0,251.2
2019-04-09T12:15:36,44.5,148.8,200.5,8.1,8030.0,251.2
2019-04-09T12:16:07,44.6,151.2,201.7,7.9,8060.0,251.2
2019-04-09T12:16:38,44.6,154.7,205.8,7.6,8080.0,251.2
2019-04-09T12:17:09,44.6,157.1,206.4,7.6,8100.0,252.2
2019-04-09T12:17:40,44.6,150.6,207.6,7.9,8120.0,251.2
2019-04-09T12:18:11,44.5,155.3,208.8,7.6,8140.0,250.2
2019-04-09T12:18:42,44.5,157.7,208.8,7.4,8160.0,251.2
2019-04-09T12:19:13,44.6,158.3,208.2,7.3,8190.0,249.3
2019-04-09T12:19:44,44.6,150.0,208.2,7.8,8210.0,251.2
2019-04-09T12:20:15,44.6,155.9,208.2,7.6,8230.0,248.3
2019-04-09T12:20:47,44.6,152.9,204.6,7.6,8250.0,249.3
2019-04-09T12:21:18,44.7,148.2,204.6,7.8,8270.0,250.2
2019-04-09T12:21:49,44.7,155.9,205.2,7.5,8290.0,249.3
2019-04-09T12:22:20,44.7,155.3,204.1,7.4,8320.0,249.3
2019-04-09T12:22:51,44.9,154.7,206.4,7.5,8340.0,249.3
2019-04-09T12:23:22,44.9,154.1,206.4,7.4,8360.0,248.3
2019-04-09T12:23:53,44.9,158.9,202.3,7.3,8380.0,247.3
2019-04-09T12:24:24,44.9,160.0,208.2,7.2,8400.0,248.3
2019-04-09T12:24:55,45.0,161.2,198.7,6.7,8420.0,247.3
2019-04-09T12:25:26,45.0,160.0,206.4,7.2,8440.0,248.3
2019-04-09T12:25:58,45.0,158.3,201.1,7.4,8460.0,248.3
2019-04-09T12:26:29,45.1,161.8,207.0,7.0,8480.0,248.3
2019-04-09T12:27:00,45.1,163.6,207.0,6.6,8510.0,248.3
2019-04-09T12:27:31,45.1,152.9,208.2,7.2,8530.0,250.2
2019-04-09T12:28:02,45.2,140.5,201.7,7.9,8550.0,248.3
2019-04-09T12:28:33,45.2,135.8,211.7,8.0,8570.0,248.3
2019-04-09T12:29:04,45.2,140.5,208.2,7.9,8590.0,249.3
2019-04-09T12:29:35,45.2,143.5,201.7,7.8,8610.0,248.3
2019-04-09T12:30:06,45.3,144.7,204.6,7.7,8630.0,250.2
2019-04-09T12:30:38,45.3,144.1,204.6,7.9,8650.0,250.2
2019-04-09T12:31:09,45.3,143.5,204.1,7.9,8670.0,250.2
2019-04-09T12:31:40,45.3,141.7,205.2,8.1,8700.0,251.2
2019-04-09T12:32:11,45.3,138.2,208.2,8.3,8720.0,249.3
2019-04-09T12:32:42,45.3,142.3,202.3,8.1,8740.0,251.2
2019-04-09T12:33:13,45.3,145.9,207.6,7.8,8760.0,251.2
2019-04-09T12:33:44,45.3,144.7,208.2,7.8,8780.0,250.2
2019-04-09T12:34:15,45.3,144.1,205.8,7.8,8800.0,250.2
2019-04-09T12:34:46,45.4,140.0,201.1,8.1,8830.0,250.2
2019-04-09T12:35:17,45.4,145.3,204.1,7.6,8850.0,250.2
2019-04-09T12:35:49,45.4,144.7,204.6,7.7,8870.0,249.3
2019-04-09T12:36:20,45.4,138.8,201.7,8.1,8890.0,250.2
2019-04-09T12:36:51,45.5,140.5,198.1,7.9,8910.0,248.3
2019-04-09T12:37:22,45.5,144.1,201.7,7.8,8930.0,249.3
2019-04-09T12:37:53,45.5,135.8,191.6,5.4,8950.0,247.3
2019-04-09T12:38:24,45.5,126.4,181.6,2.0,8960.0,245.4
2019-04-09T12:38:55,45.5,125.8,186.3,4.6,8970.0,247.3
2019-04-09T12:39:26,45.5,146.4,206.4,7.7,8990.0,250.2
2019-04-09T12:39:57,45.4,148.2,211.7,7.7,9010.0,248.3
2019-04-09T12:40:28,45.4,149.4,205.8,7.7,9030.0,250.2
2019-04-09T12:41:00,45.5,152.9,201.7,7.3,9060.0,250.2
2019-04-09T12:41:31,45.5,148.8,207.0,6.8,9080.0,250.2
2019-04-09T12:42:02,45.5,154.7,208.2,6.7,9100.0,250.2
2019-04-09T12:42:33,45.5,157.7,208.2,6.9,9120.0,250.2
2019-04-09T12:43:04,45.5,157.7,202.9,6.4,9140.0,250.2
2019-04-09T12:43:35,45.7,161.2,201.7,5.6,9160.0,251.2
2019-04-09T12:44:06,45.7,164.2,204.6,5.3,9180.0,249.3
2019-04-09T12:44:37,45.7,160.6,197.5,4.7,9200.0,249.3
2019-04-09T12:45:08,45.7,167.7,208.2,4.4,9210.0,251.2
2019-04-09T12:45:39,45.7,135.8,209.4,7.7,9230.0,250.2
2019-04-09T12:46:11,45.7,131.1,206.4,8.0,9250.0,248.3
2019-04-09T12:46:42,45.8,134.0,213.5,7.9,9270.0,249.3
2019-04-09T12:47:13,45.8,134.6,208.2,7.9,9300.0,249.3
2019-04-09T12:47:44,45.8,131.1,198.7,8.0,9320.0,249.3
2019-04-09T12:48:15,45.8,134.6,205.2,7.6,9340.0,250.2
2019-04-09T12:48:46,45.8,140.5,206.4,7.3,9360.0,248.3
2019-04-09T12:49:17,45.9,139.4,202.3,7.2,9380.0,248.3
2019-04-09T12:49:48,45.9,146.4,197.5,6.4,9400.0,248.3
2019-04-09T12:50:19,45.9,139.4,195.2,7.3,9420.0,248.3
2019-04-09T12:50:50,45.9,140.0,207.0,6.9,9440.0,250.2
2019-04-09T12:51:22,45.9,141.1,203.5,6.3,9460.0,247.3
2019-04-09T12:51:53,45.9,146.4,201.7,5.6,9480.0,249.3
2019-04-09T12:52:24,46.0,147.0,203.5,4.5,9490.0,247.3
2019-04-09T12:52:55,45.9,146.4,204.6,5.3,9510.0,250.2
2019-04-09T12:53:26,46.0,138.8,214.7,5.4,9520.0,247.3
2019-04-09T12:53:57,45.9,129.3,210.0,4.3,9530.0,246.4
2019-04-09T12:54:28,45.9,142.9,203.5,4.6,9550.0,247.3
2019-04-09T12:54:59,45.9,147.0,195.2,4.9,9560.0,248.3
2019-04-09T12:55:30,45.8,146.4,202.9,4.6,9580.0,248.3
2019-04-09T12:56:01,45.8,152.9,210.6,4.6,9590.0,247.3
2019-04-09T12:56:32,45.8,138.8,207.6,5.8,9610.0,248.3
2019-04-09T12:57:03,45.8,132.3,203.5,6.2,9630.0,248.3
2019-04-09T12:57:34,45.7,122.8,221.8,6.3,9640.0,249.3
2019-04-09T12:58:05,45.7,132.9,205.2,6.6,9660.0,249.3
2019-04-09T12:58:36,45.7,135.8,204.6,6.6,9680.0,249.3
2019-04-09T12:59:07,45.7,134.0,201.7,6.7,9700.0,249.3
2019-04-09T12:59:38,0.0,0.0,0.0,0.0,0.0,0.0
2019-04-09T13:00:09,45.7,134.6,205.2,7.0,9740.0,249.3
2019-04-09T13:00:41,45.8,132.9,205.2,7.3,9760.0,250.2
2019-04-09T13:01:12,45.7,134.0,210.6,6.4,9780.0,249.3
2019-04-09T13:01:43,45.7,128.7,206.4,6.9,9800.0,250.2
2019-04-09T13:02:14,45.7,118.7,199.9,8.0,9820.0,250.2
2019-04-09T13:02:45,45.8,114.0,210.6,8.1,9840.0,249.3
2019-04-09T13:03:16,45.8,116.9,203.5,8.0,9860.0,250.2
2019-04-09T13:03:47,0.0,0.0,0.0,0.0,0.0,0.0
2019-04-09T13:04:18,45.8,121.0,204.6,7.6,9900.0,250.2
2019-04-09T13:04:49,45.8,119.9,208.8,7.7,9920.0,250.2
2019-04-09T13:05:20,45.8,117.5,206.4,7.7,9940.0,249.3
2019-04-09T13:05:52,45.9,118.1,204.6,7.6,9960.0,249.3
2019-04-09T13:06:23,45.9,115.7,202.3,7.9,9980.0,249.3
2019-04-09T13:06:54,45.9,125.2,201.7,7.2,10000.0,248.3
2019-04-09T13:07:25,45.9,115.1,208.8,8.0,10010.0,250.2
2019-04-09T13:07:56,45.9,112.8,199.9,8.1,10030.0,249.3
2019-04-09T13:08:27,45.9,118.7,202.3,7.9,10050.0,250.2
2019-04-09T13:08:58,45.9,121.0,204.1,7.6,10070.0,249.3
2019-04-09T13:09:29,45.9,121.0,208.2,7.7,10090.0,249.3
2019-04-09T13:10:00,45.9,121.6,204.6,7.4,10110.0,249.3
2019-04-09T13:10:32,45.9,119.9,202.3,7.6,10130.0,249.3
2019-04-09T13:11:03,46.0,119.9,198.7,7.6,10150.0,249.3
2019-04-09T13:11:34,46.0,115.7,201.7,7.8,10170.0,250.2
2019-04-09T13:12:05,46.0,129.9,205.2,7.4,10190.0,251.2
2019-04-09T13:12:36,46.0,131.7,198.7,7.0,10210.0,251.2
2019-04-09T13:13:07,46.0,138.2,201.1,6.1,10230.0,251.2
2019-04-09T13:13:38,46.0,140.0,210.6,6.2,10250.0,251.2
2019-04-09T13:14:09,46.0,141.7,206.4,5.7,10270.0,250.2
2019-04-09T13:14:40,46.0,138.2,206.4,6.0,10290.0,251.2
2019-04-09T13:15:11,46.0,133.5,207.6,6.9,10300.0,250.2
2019-04-09T13:15:43,46.0,128.7,210.6,7.2,10320.0,250.2
2019-04-09T13:16:14,46.0,132.3,205.2,7.1,10340.0,250.2
2019-04-09T13:16:45,46.1,133.5,199.3,7.0,10360.0,250.2
2019-04-09T13:17:16,46.1,128.7,205.8,7.3,10380.0,251.2
2019-04-09T13:17:47,46.1,128.7,205.8,7.3,10400.0,250.2
2019-04-09T13:18:18,46.2,129.3,205.2,7.2,10420.0,250.2
2019-04-09T13:18:49,46.1,134.6,200.5,7.0,10440.0,250.2
2019-04-09T13:19:20,46.2,130.5,201.1,7.1,10460.0,250.2
2019-04-09T13:19:51,46.2,128.1,198.1,7.5,10480.0,251.2
2019-04-09T13:20:22,46.2,131.1,198.1,7.3,10500.0,251.2
2019-04-09T13:20:54,46.2,131.1,204.6,7.2,10520.0,250.2
2019-04-09T13:21:25,46.2,129.9,205.8,7.4,10540.0,251.2
2019-04-09T13:21:56,46.2,137.6,207.6,6.5,10560.0,250.2
2019-04-09T13:22:27,46.4,134.0,197.5,6.8,10580.0,250.2
2019-04-09T13:22:58,46.4,134.6,197.0,6.7,10600.0,249.3
2019-04-09T13:23:29,46.4,135.2,201.7,6.6,10620.0,249.3
2019-04-09T13:24:00,46.4,128.1,204.6,6.8,10640.0,249.3
2019-04-09T13:24:31,46.4,137.6,202.3,6.2,10660.0,250.2
2019-04-09T13:25:02,46.4,137.6,201.7,6.2,10670.0,250.2
2019-04-09T13:25:34,46.4,147.0,204.1,5.1,10690.0,249.3
2019-04-09T13:26:05,46.5,140.5,200.5,5.9,10710.0,250.2
2019-04-09T13:26:36,46.4,140.5,199.9,6.4,10730.0,250.2
2019-04-09T13:27:07,46.4,141.7,205.8,5.3,10750.0,250.2
2019-04-09T13:27:38,46.4,140.5,199.3,5.2,10770.0,249.3
2019-04-09T13:28:09,46.4,151.8,202.9,4.7,10780.0,249.3
2019-04-09T13:28:40,46.4,158.9,210.6,4.4,10800.0,250.2
2019-04-09T13:29:11,46.4,158.9,210.6,4.4,10820.0,249.3
2019-04-09T13:29:42,46.4,152.4,202.3,4.4,10830.0,249.3
2019-04-09T13:30:13,46.2,144.1,207.0,4.4,10850.0,248.3
2019-04-09T13:30:45,46.1,145.9,199.3,4.1,10870.0,248.3
2019-04-09T13:31:16,46.1,145.3,201.7,4.0,10880.0,247.3
2019-04-09T13:31:47,46.0,147.0,203.5,3.7,10900.0,247.3
2019-04-09T13:32:18,46.1,146.4,201.7,3.7,10910.0,247.3
2019-04-09T13:32:49,46.1,148.2,201.1,3.7,10930.0,248.3
2019-04-09T13:33:20,46.1,145.3,197.0,3.4,10940.0,248.3
2019-04-09T13:33:51,46.1,148.2,199.9,3.2,10960.0,247.3
2019-04-09T13:34:22,46.0,154.1,203.5,2.8,10970.0,247.3
2019-04-09T13:34:53,46.0,148.2,198.7,3.1,10980.0,246.4
2019-04-09T13:35:24,0.0,0.0,0.0,0.0,0.0,0.0
2019-04-09T13:35:56,45.7,151.8,205.2,3.0,11010.0,246.4
2019-04-09T13:36:27,45.5,146.4,210.6,3.2,11020.0,249.3
2019-04-09T13:36:58,45.5,152.4,206.4,2.9,11040.0,248.3
2019-04-09T13:37:29,45.2,148.8,202.3,2.6,11050.0,249.3
2019-04-09T13:38:00,44.7,134.0,207.6,4.3,11060.0,248.3
2019-04-09T13:38:31,44.6,129.3,217.1,4.6,11080.0,247.3
2019-04-09T13:39:02,44.6,128.1,208.2,4.8,11090.0,250.2
2019-04-09T13:39:33,44.7,121.0,205.2,5.5,11110.0,248.3
2019-04-09T13:40:04,44.9,122.8,206.4,5.3,11120.0,247.3
2019-04-09T13:40:36,45.0,122.2,204.6,5.5,11140.0,248.3
2019-04-09T13:41:07,45.0,121.0,208.2,5.5,11150.0,248.3
2019-04-09T13:41:38,45.1,126.4,210.0,5.4,11170.0,249.3
2019-04-09T13:42:09,45.1,126.4,215.9,5.3,11180.0,248.3
2019-04-09T13:42:40,45.1,128.7,210.0,5.1,11200.0,247.3
2019-04-09T13:43:11,45.1,115.7,208.2,5.5,11210.0,248.3
2019-04-09T13:43:42,45.1,125.8,212.3,5.2,11230.0,248.3
2019-04-09T13:44:13,45.2,125.2,207.6,5.4,11240.0,249.3
2019-04-09T13:44:44,45.2,128.7,209.4,5.2,11260.0,248.3
2019-04-09T13:45:15,45.2,131.1,206.4,5.4,11270.0,248.3
2019-04-09T13:45:47,45.2,132.9,214.1,5.1,11290.0,249.3
2019-04-09T13:46:18,45.2,135.8,218.3,4.8,11310.0,248.3
2019-04-09T13:46:49,45.3,135.8,213.5,4.8,11320.0,250.2
2019-04-09T13:47:20,45.3,132.9,213.5,4.7,11340.0,248.3
2019-04-09T13:47:51,45.3,132.3,205.2,4.8,11350.0,248.3
2019-04-09T13:48:22,45.3,135.2,207.6,4.3,11370.0,247.3
2019-04-09T13:48:53,45.3,133.5,220.0,4.2,11380.0,249.3
2019-04-09T13:49:24,45.3,137.0,215.3,3.7,11400.0,248.3
2019-04-09T13:49:55,45.3,142.3,220.0,3.3,11410.0,247.3
2019-04-09T13:50:26,45.3,141.7,211.7,3.4,11420.0,247.3
2019-04-09T13:50:58,45.2,142.9,211.2,3.2,11440.0,247.3
2019-04-09T13:51:29,45.2,124.0,211.2,4.0,11450.0,247.3
2019-04-09T13:52:00,45.2,128.1,211.7,3.5,11460.0,246.4
2019-04-09T13:52:31,0.0,0.0,0.0,0.0,0.0,0.0
2019-04-09T13:53:02,45.1,110.4,207.0,4.1,11480.0,245.4
2019-04-09T13:53:33,45.1,112.8,220.6,3.5,11490.0,245.4
2019-04-09T13:54:04,45.1,107.5,215.9,3.8,11500.0,244.4
2019-04-09T13:54:35,45.0,108.6,223.0,3.3,11510.0,243.5
2019-04-09T13:55:06,45.0,105.7,187.5,4.5,11520.0,244.4
2019-04-09T13:55:38,45.0,103.3,217.7,4.7,11540.0,244.4
2019-04-09T13:56:10,45.0,107.5,221.8,4.1,11550.0,244.4
2019-04-09T13:56:41,44.9,110.4,221.8,3.9,11560.0,246.4
2019-04-09T13:57:12,44.9,106.9,218.8,3.8,11570.0,244.4
2019-04-09T13:57:43,44.7,113.4,221.8,3.3,11580.0,246.4
2019-04-09T13:58:14,44.6,108.6,220.0,3.0,11590.0,244.4
2019-04-09T13:58:45,44.5,118.1,225.4,2.5,11600.0,244.4
2019-04-09T13:59:16,44.5,140.5,207.6,2.2,11600.0,243.5
2019-04-09T13:59:47,44.5,155.3,217.7,2.1,11610.0,244.4
2019-04-09T14:00:18,44.4,161.2,228.3,2.0,11620.0,244.4
2019-04-09T14:00:49,44.4,151.8,213.5,2.2,11630.0,244.4
2019-04-09T14:01:21,44.4,163.6,207.6,2.2,11640.0,245.4
2019-04-09T14:01:52,44.3,157.1,207.0,2.4,11650.0,245.4
2019-04-09T14:02:23,44.3,152.9,220.0,2.5,11660.0,245.4
2019-04-09T14:02:54,44.3,166.5,223.6,2.0,11670.0,245.4
2019-04-09T14:03:25,44.3,180.7,215.9,1.9,11680.0,245.4
2019-04-09T14:03:56,44.3,193.7,214.7,1.7,11690.0,244.4
2019-04-09T14:04:27,44.3,201.4,216.5,1.5,11700.0,245.4
2019-04-09T14:04:58,44.2,204.3,213.5,1.5,11700.0,246.4
2019-04-09T14:05:29,44.2,208.5,210.6,1.5,11710.0,245.4
2019-04-09T14:06:00,44.2,197.8,230.1,1.6,11720.0,245.4
2019-04-09T14:06:31,44.2,182.5,207.6,2.0,11730.0,246.4
2019-04-09T14:07:02,44.0,199.6,222.4,1.8,11740.0,248.3
2019-04-09T14:07:33,44.0,207.9,210.6,1.7,11750.0,248.3
2019-04-09T14:08:04,44.2,211.4,220.6,1.6,11770.0,247.3
2019-04-09T14:08:35,44.0,204.3,209.4,1.6,11780.0,248.3
2019-04-09T14:09:06,44.0,201.4,216.5,1.6,11790.0,248.3
2019-04-09T14:09:37,44.0,193.1,209.4,1.7,11790.0,248.3
2019-04-09T14:10:08,44.0,212.0,231.3,1.6,11800.0,248.3
2019-04-09T14:10:40,44.0,195.5,209.4,1.7,11810.0,250.2
2019-04-09T14:11:11,44.0,204.9,224.2,1.7,11830.0,249.3
2019-04-09T14:11:42,44.0,204.9,211.7,1.7,11840.0,249.3
2019-04-09T14:12:13,43.9,198.4,211.2,1.7,11850.0,249.3
2019-04-09T14:12:44,43.9,197.3,208.2,1.5,11860.0,248.3
2019-04-09T14:13:15,43.8,189.6,225.4,1.7,11870.0,248.3
2019-04-09T14:13:46,43.8,165.9,220.6,2.0,11880.0,248.3
2019-04-09T14:14:17,43.8,160.6,220.0,2.3,11890.0,250.2
2019-04-09T14:14:48,43.8,165.9,224.2,2.3,11900.0,250.2
2019-04-09T14:15:19,43.8,167.7,217.7,2.2,11910.0,250.2
2019-04-09T14:15:51,43.8,166.5,208.2,2.0,11930.0,249.3
2019-04-09T14:16:22,43.8,172.4,220.6,2.1,11940.0,250.2
2019-04-09T14:16:53,43.8,168.9,220.0,2.0,11950.0,250.2
2019-04-09T14:17:24,43.7,177.2,219.4,1.9,11970.0,250.2
2019-04-09T14:17:55,43.7,179.5,215.3,1.9,11980.0,250.2
2019-04-09T14:18:26,43.7,171.3,214.7,1.8,11990.0,249.3
2019-04-09T14:18:57,43.8,165.9,205.8,2.1,12010.0,250.2
2019-04-09T14:19:28,43.8,168.9,212.3,1.9,12020.0,249.3
2019-04-09T14:19:59,43.8,182.5,223.6,1.8,12030.0,251.2
2019-04-09T14:20:30,43.8,187.2,207.6,1.7,12040.0,249.3
2019-04-09T14:21:02,43.8,202.6,216.5,1.6,12060.0,250.2
2019-04-09T14:21:33,43.8,204.9,201.7,1.4,12070.0,251.2
2019-04-09T14:22:04,43.8,207.9,216.5,1.4,12080.0,251.2
2019-04-09T14:22:35,43.8,207.3,211.7,1.4,12100.0,250.2
2019-04-09T14:23:06,43.8,204.9,218.8,1.3,12110.0,251.2
2019-04-09T14:23:37,43.8,191.3,208.2,1.4,12120.0,251.2
2019-04-09T14:24:08,43.8,188.4,210.0,1.4,12140.0,250.2
2019-04-09T14:24:39,43.7,183.1,215.3,1.3,12150.0,250.2
2019-04-09T14:25:10,43.5,182.5,208.2,1.3,12160.0,250.2
2019-04-09T14:25:41,43.5,189.6,208.2,1.2,12180.0,251.2
2019-04-09T14:26:13,43.5,186.6,216.5,1.4,12190.0,250.2
2019-04-09T14:26:44,43.4,203.7,211.7,1.1,12200.0,250.2
2019-04-09T14:27:15,43.4,196.7,206.4,1.2,12210.0,250.2
2019-04-09T14:27:46,43.1,202.6,202.9,1.2,12230.0,251.2
2019-04-09T14:28:17,43.1,204.3,205.8,1.2,12240.0,250.2
2019-04-09T14:28:48,43.2,199.0,211.2,1.2,12250.0,250.2
2019-04-09T14:29:19,43.2,198.4,215.9,1.1,12260.0,249.3
2019-04-09T14:29:50,43.4,204.3,216.5,1.1,12270.0,249.3
2019-04-09T14:30:21,43.4,192.5,206.4,1.2,12280.0,250.2
2019-04-09T14:30:52,43.5,192.5,207.6,1.3,12290.0,250.2
2019-04-09T14:31:24,43.5,199.0,193.4,1.2,12310.0,250.2
2019-04-09T14:31:55,43.5,190.2,207.6,1.1,12320.0,250.2
2019-04-09T14:32:26,43.5,201.4,207.6,1.0,12330.0,249.3
2019-04-09T14:32:57,43.5,197.3,212.9,1.1,12340.0,248.3
2019-04-09T14:33:28,43.5,194.3,197.5,1.1,12340.0,248.3
2019-04-09T14:33:59,43.5,189.0,216.5,1.2,12350.0,250.2
2019-04-09T14:34:30,43.5,200.8,201.7,1.2,12370.0,250.2
2019-04-09T14:35:01,43.5,200.2,210.6,1.2,12380.0,250.2
2019-04-09T14:35:32,43.5,197.3,207.0,1.1,12390.0,250.2
2019-04-09T14:36:04,43.5,199.0,216.5,1.2,12400.0,250.2
2019-04-09T14:36:35,43.5,204.9,215.3,1.1,12410.0,251.2
2019-04-09T14:37:06,43.5,207.9,209.4,1.1,12420.0,250.2
2019-04-09T14:37:37,43.6,229.2,221.2,1.1,12440.0,251.2
2019-04-09T14:38:08,43.6,219.1,209.4,1.1,12450.0,252.2
2019-04-09T14:38:39,43.6,219.1,213.5,1.1,12460.0,252.2
2019-04-09T14:39:10,43.6,198.4,202.9,1.4,12480.0,252.2
2019-04-09T14:39:41,43.6,196.1,211.7,1.2,12490.0,251.2
2019-04-09T14:40:12,43.6,200.8,211.2,1.2,12500.0,249.3
2019-04-09T14:40:43,43.6,189.6,225.4,1.2,12510.0,249.3
2019-04-09T14:41:15,43.6,206.7,222.4,1.1,12530.0,248.3
2019-04-09T14:41:46,43.7,189.0,213.5,1.1,12540.0,250.2
2019-04-09T14:42:17,43.7,207.3,201.1,1.1,12550.0,248.3
2019-04-09T14:42:48,43.4,190.8,222.4,1.2,12560.0,250.2
2019-04-09T14:43:19,43.2,203.2,207.6,1.0,12570.0,248.3
2019-04-09T14:43:50,43.2,184.8,221.2,1.3,12580.0,251.2
2019-04-09T14:44:21,43.2,176.0,215.9,1.3,12600.0,251.2
2019-04-09T14:44:52,43.2,172.4,208.8,1.3,12610.0,251.2
2019-04-09T14:45:23,43.4,180.1,205.8,1.3,12630.0,249.3
2019-04-09T14:45:54,43.4,178.9,207.0,1.3,12640.0,251.2
2019-04-09T14:46:26,43.4,176.0,206.4,1.3,12650.0,250.2
2019-04-09T14:46:57,43.5,175.4,204.6,1.2,12670.0,251.2
2019-04-09T14:47:28,43.5,177.8,212.9,1.2,12680.0,252.2
2019-04-09T14:47:59,43.5,173.0,208.8,1.3,12690.0,249.3
2019-04-09T14:48:30,43.5,186.6,197.5,1.2,12710.0,250.2
2019-04-09T14:49:01,43.5,210.8,204.6,1.1,12720.0,250.2
2019-04-09T14:49:32,43.5,218.5,202.3,1.1,12730.0,249.3
2019-04-09T14:50:03,43.2,213.2,220.6,1.1,12740.0,248.3
2019-04-09T14:50:34,43.4,213.8,192.8,1.1,12750.0,249.3
2019-04-09T14:51:06,43.4,218.5,202.9,1.0,12760.0,248.3
2019-04-09T14:51:37,43.4,212.0,200.5,1.1,12780.0,248.3
2019-04-09T14:52:08,43.4,213.8,202.3,1.0,12790.0,248.3
2019-04-09T14:52:39,43.4,210.8,222.4,1.1,12800.0,249.3
2019-04-09T14:53:10,43.5,219.1,216.5,1.1,12810.0,250.2
2019-04-09T14:53:41,43.5,223.2,202.3,1.1,12820.0,250.2
2019-04-09T14:54:12,43.5,220.3,207.0,1.1,12830.0,249.3
2019-04-09T14:54:43,43.5,213.8,214.1,1.1,12840.0,248.3
2019-04-09T14:55:14,43.5,215.6,198.7,1.2,12850.0,248.3
2019-04-09T14:55:45,43.5,219.1,208.8,1.2,12870.0,248.3
2019-04-09T14:56:17,43.4,216.2,208.2,1.1,12880.0,247.3
2019-04-09T14:56:48,43.2,220.3,186.3,1.1,12890.0,247.3
2019-04-09T14:57:19,43.2,224.4,209.4,1.1,12900.0,249.3
2019-04-09T14:57:50,43.1,209.1,217.7,1.1,12910.0,247.3
2019-04-09T14:58:21,43.2,201.4,211.2,1.2,12920.0,250.2
2019-04-09T14:58:52,43.2,215.6,202.3,1.2,12940.0,249.3
2019-04-09T14:59:23,43.2,208.5,224.8,1.2,12940.0,250.2
2019-04-09T14:59:54,43.4,211.4,197.5,1.1,12950.0,248.3
2019-04-09T15:00:25,43.4,226.2,180.4,1.1,12960.0,250.2
2019-04-09T15:00:56,43.4,220.3,172.7,1.2,12970.0,248.3
2019-04-09T15:01:28,43.4,205.5,188.7,1.3,12980.0,248.3
2019-04-09T15:01:59,43.5,218.5,210.6,1.3,12990.0,249.3
2019-04-09T15:02:30,43.5,211.4,211.7,1.2,13010.0,249.3
2019-04-09T15:03:01,43.5,212.0,223.0,1.3,13020.0,249.3
2019-04-09T15:03:32,43.5,209.7,220.0,1.4,13030.0,250.2
2019-04-09T15:04:03,43.6,217.3,207.0,1.3,13040.0,250.2
2019-04-09T15:04:34,43.6,219.7,207.6,1.4,13050.0,249.3
2019-04-09T15:05:05,43.6,220.3,198.1,1.2,13070.0,247.3
2019-04-09T15:05:36,43.6,212.0,202.3,1.2,13070.0,246.4
2019-04-09T15:06:08,43.6,210.8,228.3,1.3,13080.0,249.3
2019-04-09T15:06:39,43.6,212.6,223.6,1.4,13100.0,249.3
2019-04-09T15:07:10,43.6,218.5,211.2,1.2,13110.0,249.3
2019-04-09T15:07:41,43.6,213.8,202.3,1.3,13120.0,249.3
2019-04-09T15:08:12,43.6,211.4,210.0,1.4,13130.0,250.2
2019-04-09T15:08:43,43.7,217.3,218.3,1.4,13150.0,249.3
2019-04-09T15:09:14,43.7,213.8,213.5,1.3,13160.0,251.2
2019-04-09T15:09:45,43.7,217.3,202.3,1.3,13170.0,250.2
2019-04-09T15:10:16,43.7,207.9,210.6,1.1,13180.0,246.4
2019-04-09T15:10:47,43.6,210.8,223.0,1.1,13190.0,245.4
2019-04-09T15:11:19,43.6,211.4,205.2,1.1,13190.0,246.4
2019-04-09T15:11:50,43.6,212.0,211.7,1.0,13200.0,245.4
2019-04-09T15:12:21,43.6,206.7,222.4,1.1,13210.0,244.4
2019-04-09T15:12:52,43.6,197.3,205.8,1.0,13210.0,246.4
2019-04-09T15:13:23,43.5,199.0,207.6,1.0,13220.0,247.3
2019-04-09T15:13:54,43.5,199.0,208.2,1.0,13220.0,247.3
2019-04-09T15:14:25,43.5,197.8,218.3,1.1,13230.0,246.4
2019-04-09T15:14:56,43.4,197.3,198.1,1.1,13230.0,248.3
2019-04-09T15:15:27,43.4,204.9,223.0,1.1,13240.0,247.3
2019-04-09T15:15:58,43.4,209.1,215.3,1.1,13250.0,245.4
2019-04-09T15:16:30,43.2,206.1,218.3,1.1,13250.0,245.4
2019-04-09T15:17:01,43.2,210.8,215.3,1.0,13260.0,246.4
2019-04-09T15:17:32,43.1,210.2,222.4,1.0,13260.0,247.3
2019-04-09T15:18:03,43.1,207.9,220.6,1.0,13270.0,246.4
2019-04-09T15:18:34,43.1,214.4,217.1,1.1,13270.0,246.4
2019-04-09T15:19:05,43.0,211.4,225.4,1.3,13280.0,249.3
2019-04-09T15:19:36,43.0,210.8,225.9,1.3,13290.0,247.3
2019-04-09T15:20:07,43.0,223.8,234.8,1.3,13300.0,249.3
2019-04-09T15:20:38,43.0,213.8,222.4,1.3,13310.0,246.4
2019-04-09T15:21:10,43.0,217.9,208.8,1.1,13320.0,246.4
2019-04-09T15:21:41,43.0,216.2,218.8,1.1,13330.0,247.3
2019-04-09T15:22:12,42.9,211.4,225.4,1.1,13330.0,245.4
2019-04-09T15:22:43,42.9,216.2,200.5,1.1,13340.0,246.4
2019-04-09T15:23:14,42.9,214.4,221.8,1.2,13350.0,248.3
2019-04-09T15:23:45,42.9,220.3,204.6,1.1,13350.0,248.3
2019-04-09T15:24:16,42.8,214.4,221.2,1.2,13360.0,247.3
2019-04-09T15:24:47,42.8,212.0,216.5,1.0,13370.0,246.4
2019-04-09T15:25:18,42.8,215.6,196.4,1.0,13370.0,246.4
2019-04-09T15:25:49,42.7,200.8,226.5,1.0,13380.0,247.3
2019-04-09T15:26:21,42.7,214.4,207.0,1.0,13390.0,248.3
2019-04-09T15:26:52,42.7,203.7,229.5,1.0,13390.0,245.4
2019-04-09T15:27:23,42.7,217.3,229.5,1.0,13400.0,247.3
2019-04-09T15:27:54,42.7,214.4,218.3,1.0,13410.0,247.3
2019-04-09T15:28:25,42.7,194.9,242.5,1.0,13410.0,246.4
2019-04-09T15:28:56,42.7,203.7,223.6,1.0,13420.0,246.4
2019-04-09T15:29:27,42.5,209.7,197.0,1.1,13430.0,248.3
2019-04-09T15:29:58,42.5,203.7,191.6,1.0,13430.0,246.4
2019-04-09T15:30:29,42.5,219.1,217.7,1.1,13440.0,247.3
2019-04-09T15:31:00,42.5,219.7,229.5,1.2,13450.0,249.3
2019-04-09T15:31:31,42.5,208.5,225.4,0.9,13460.0,246.4
2019-04-09T15:32:02,42.5,202.0,213.5,1.0,13460.0,245.4
2019-04-09T15:32:33,42.4,185.4,216.5,1.1,13470.0,246.4
2019-04-09T15:33:04,42.4,206.7,219.4,1.1,13470.0,246.4
2019-04-09T15:33:35,42.4,202.6,223.6,1.1,13480.0,246.4
2019-04-09T15:34:06,42.4,216.2,221.2,1.0,13490.0,246.4
2019-04-09T15:34:37,42.4,210.8,236.0,1.2,13490.0,248.3
2019-04-09T15:35:08,42.3,215.6,212.3,1.1,13500.0,247.3
2019-04-09T15:35:40,42.3,224.4,239.5,1.2,13510.0,248.3
2019-04-09T15:36:11,42.3,216.2,213.5,1.3,13520.0,249.3
2019-04-09T15:36:42,42.3,219.1,216.5,1.3,13530.0,248.3
2019-04-09T15:37:13,42.3,216.2,239.0,1.3,13540.0,247.3
2019-04-09T15:37:44,42.2,212.6,218.3,1.4,13550.0,248.3
2019-04-09T15:38:15,42.3,220.9,226.5,1.3,13560.0,249.3
2019-04-09T15:38:46,42.3,212.6,217.1,1.3,13580.0,247.3
2019-04-09T15:39:17,42.2,199.6,234.8,1.3,13590.0,248.3
2019-04-09T15:39:48,42.2,214.4,234.2,1.1,13590.0,247.3
2019-04-09T15:40:19,42.2,212.0,229.5,1.0,13600.0,245.4
2019-04-09T15:40:51,42.2,207.3,211.2,1.1,13610.0,246.4
2019-04-09T15:41:22,42.1,198.4,232.4,1.3,13620.0,247.3
2019-04-09T15:41:53,42.1,208.5,233.0,1.1,13630.0,246.4
2019-04-09T15:42:24,42.1,210.8,220.6,1.1,13630.0,246.4
2019-04-09T15:42:55,42.1,202.6,240.1,1.3,13640.0,247.3
2019-04-09T15:43:26,42.1,213.8,227.7,1.1,13650.0,247.3
2019-04-09T15:43:57,42.1,205.5,223.0,1.2,13660.0,246.4
2019-04-09T15:44:28,42.1,215.0,219.4,1.2,13670.0,246.4
2019-04-09T15:44:59,42.1,199.6,205.2,1.2,13670.0,247.3
2019-04-09T15:45:30,42.1,210.2,214.1,1.1,13680.0,245.4
2019-04-09T15:46:02,42.0,213.8,217.7,1.1,13690.0,245.4
2019-04-09T15:46:33,42.0,215.6,217.1,1.0,13690.0,244.4
2019-04-09T15:47:04,41.9,204.3,230.7,1.0,13700.0,246.4
2019-04-09T15:47:35,41.9,212.0,223.6,1.0,13700.0,245.4
2019-04-09T15:48:06,41.9,211.4,221.8,0.9,13710.0,246.4
2019-04-09T15:48:37,41.9,194.3,201.1,1.1,13710.0,245.4
2019-04-09T15:49:08,41.7,212.6,194.6,1.0,13720.0,245.4
2019-04-09T15:49:39,41.7,207.9,222.4,1.0,13720.0,246.4
2019-04-09T15:50:10,41.6,204.9,215.3,1.1,13730.0,246.4
2019-04-09T15:50:41,41.6,214.4,218.3,1.0,13740.0,246.4
2019-04-09T15:51:13,41.6,215.0,227.7,1.0,13740.0,246.4
2019-04-09T15:51:44,41.6,203.2,223.0,1.1,13750.0,246.4
2019-04-09T15:52:15,41.6,211.4,223.6,0.9,13760.0,246.4
2019-04-09T15:52:46,41.5,202.0,209.4,1.0,13760.0,246.4
2019-04-09T15:53:17,41.5,212.6,233.0,1.0,13770.0,246.4
2019-04-09T15:53:48,41.5,217.9,222.4,0.9,13770.0,245.4
2019-04-09T15:54:19,41.5,216.7,244.3,1.0,13780.0,246.4
2019-04-09T15:54:50,41.4,205.5,216.5,1.1,13790.0,246.4
2019-04-09T15:55:21,41.4,216.2,234.2,1.1,13790.0,247.3
2019-04-09T15:55:52,41.4,207.9,212.9,1.1,13800.0,246.4
2019-04-09T15:56:24,41.4,213.8,218.3,1.1,13810.0,247.3
2019-04-09T15:56:55,41.3,210.8,230.7,1.2,13820.0,246.4
2019-04-09T15:57:26,41.3,218.5,223.0,1.0,13820.0,247.3
2019-04-09T15:57:57,41.3,209.1,211.2,1.2,13830.0,245.4
2019-04-09T15:58:28,41.3,212.0,205.8,1.2,13840.0,246.4
2019-04-09T15:58:59,41.2,206.1,227.7,1.1,13840.0,245.4
2019-04-09T15:59:30,41.3,222.1,213.5,1.2,13850.0,246.4
2019-04-09T16:00:01,41.2,210.8,242.5,1.2,13860.0,246.4
2019-04-09T16:00:33,41.2,219.7,225.9,1.1,13870.0,247.3
2019-04-09T16:01:04,41.2,216.2,228.3,1.2,13880.0,248.3
2019-04-09T16:01:35,41.0,217.9,230.1,1.3,13880.0,247.3
2019-04-09T16:02:06,41.0,220.9,214.1,1.1,13890.0,248.3
2019-04-09T16:02:37,41.0,215.6,232.4,1.2,13900.0,247.3
2019-04-09T16:03:08,41.0,222.7,225.9,1.1,13910.0,247.3
2019-04-09T16:03:39,41.0,219.1,223.0,1.2,13920.0,246.4
2019-04-09T16:04:10,41.0,225.0,220.6,1.2,13930.0,248.3
2019-04-09T16:04:41,41.0,211.4,231.9,1.2,13940.0,248.3
2019-04-09T16:05:12,41.0,222.1,233.6,1.2,13950.0,248.3
2019-04-09T16:05:44,40.9,221.5,228.3,1.1,13960.0,247.3
2019-04-09T16:06:15,40.9,223.2,226.5,1.1,13960.0,249.3
2019-04-09T16:06:46,40.9,222.1,231.3,1.1,13970.0,248.3
2019-04-09T16:07:17,40.9,213.2,221.8,1.1,13980.0,246.4
2019-04-09T16:07:48,40.9,213.8,223.0,1.1,13990.0,244.4
2019-04-09T16:08:19,40.9,213.2,221.8,1.0,14000.0,245.4
2019-04-09T16:08:50,40.9,209.1,220.0,0.9,14010.0,244.4
2019-04-09T16:09:21,40.9,210.2,229.5,1.0,14010.0,245.4
2019-04-09T16:09:52,40.9,207.9,221.2,1.0,14020.0,243.5
2019-04-09T16:10:23,40.9,206.1,221.2,0.9,14020.0,244.4
2019-04-09T16:10:55,40.8,211.4,229.5,0.9,14030.0,243.5
2019-04-09T16:11:26,40.8,205.5,227.1,0.7,14030.0,242.5
2019-04-09T16:11:57,40.8,214.4,237.2,0.7,14040.0,242.5
2019-04-09T16:12:28,40.7,197.3,222.4,0.8,14040.0,244.4
2019-04-09T16:12:59,40.7,208.5,229.5,0.7,14050.0,242.5
2019-04-09T16:13:30,40.6,202.0,223.6,0.8,14050.0,243.5
2019-04-09T16:14:01,40.6,205.5,224.2,0.9,14060.0,241.5
2019-04-09T16:14:32,40.6,204.3,220.6,0.7,14060.0,242.5
2019-04-09T16:15:03,40.6,201.4,219.4,0.7,14060.0,241.5
2019-04-09T16:15:35,40.6,210.2,224.2,0.7,14070.0,243.5
2019-04-09T16:16:06,40.5,210.8,223.0,0.6,14070.0,242.5
2019-04-09T16:16:37,40.5,209.7,220.6,0.7,14070.0,242.5
2019-04-09T16:17:08,40.5,209.1,224.8,0.6,14080.0,242.5
2019-04-09T16:17:39,40.5,196.1,223.6,0.7,14080.0,242.5
2019-04-09T16:18:10,40.4,208.5,224.2,0.6,14080.0,242.5
2019-04-09T16:18:41,40.4,200.8,219.4,0.7,14090.0,243.5
2019-04-09T16:19:12,40.4,204.3,228.9,0.7,14090.0,242.5
2019-04-09T16:19:43,40.4,192.5,220.6,0.7,14090.0,242.5
2019-04-09T16:20:14,40.2,208.5,235.4,0.6,14090.0,242.5
2019-04-09T16:20:46,40.2,186.6,212.3,0.7,14100.0,243.5
2019-04-09T16:21:17,40.2,206.1,185.7,0.8,14100.0,242.5
2019-04-09T16:21:48,40.1,205.5,210.6,0.7,14100.0,243.5
2019-04-09T16:22:19,40.1,196.1,213.5,0.8,14110.0,242.5
2019-04-09T16:22:50,40.1,217.9,241.9,0.8,14110.0,243.5
2019-04-09T16:23:21,40.0,209.7,233.6,1.0,14120.0,244.4
2019-04-09T16:23:52,40.0,212.6,214.7,1.0,14120.0,243.5
2019-04-09T16:24:23,40.0,212.6,234.2,0.9,14130.0,244.4
2019-04-09T16:24:54,40.0,206.7,220.0,0.9,14130.0,244.4
2019-04-09T16:25:25,40.0,223.8,195.8,1.0,14140.0,246.4
2019-04-09T16:25:57,40.0,203.2,216.5,1.0,14140.0,245.4
2019-04-09T16:26:28,39.9,223.2,229.5,1.0,14150.0,245.4
2019-04-09T16:26:59,39.9,216.2,232.4,1.0,14160.0,244.4
2019-04-09T16:27:30,39.9,224.4,233.6,0.9,14170.0,244.4
2019-04-09T16:28:01,39.9,216.2,232.4,1.1,14170.0,246.4
2019-04-09T16:28:32,39.9,216.2,229.5,1.0,14180.0,246.4
2019-04-09T16:29:03,39.9,214.4,230.7,0.9,14190.0,244.4
2019-04-09T16:29:34,39.9,223.2,230.7,0.8,14200.0,245.4
2019-04-09T16:30:05,39.9,206.7,225.9,1.0,14200.0,244.4
2019-04-09T16:30:37,39.9,216.2,229.5,0.9,14210.0,241.5
2019-04-09T16:31:08,39.9,205.5,227.7,0.9,14210.0,241.5
2019-04-09T16:31:39,39.9,206.7,224.8,0.8,14220.0,241.5
2019-04-09T16:32:10,39.9,199.0,235.4,0.8,14220.0,241.5
2019-04-09T16:32:41,39.9,178.3,221.2,0.9,14220.0,242.5
2019-04-09T16:33:12,39.8,199.0,196.4,0.9,14230.0,241.5
2019-04-09T16:33:43,39.8,218.5,168.0,1.0,14230.0,241.5
2019-04-09T16:34:14,39.8,223.8,156.7,1.0,14240.0,242.5
2019-04-09T16:34:45,39.8,220.9,169.1,0.9,14240.0,242.5
2019-04-09T16:35:16,39.8,209.7,181.6,0.8,14250.0,239.6
2019-04-09T16:35:48,39.7,209.7,205.2,0.7,14250.0,239.6
2019-04-09T16:36:19,39.7,210.2,214.1,0.8,14250.0,241.5
2019-04-09T16:36:50,39.7,206.1,214.7,0.6,14260.0,241.5
2019-04-09T16:37:21,39.7,206.1,222.4,0.6,14260.0,240.6
2019-04-09T16:37:52,39.7,185.4,202.3,0.7,14260.0,239.6
2019-04-09T16:38:23,39.5,177.2,180.4,0.7,14270.0,239.6
2019-04-09T16:38:54,39.5,202.0,158.5,0.7,14270.0,238.6
2019-04-09T16:39:25,39.5,213.8,154.9,0.7,14270.0,239.6
2019-04-09T16:39:56,39.4,210.2,174.5,0.6,14270.0,240.6
2019-04-09T16:40:27,39.5,202.6,183.9,0.6,14280.0,239.6
2019-04-09T16:40:59,39.4,199.0,192.8,0.5,14280.0,239.6
2019-04-09T16:41:30,39.4,194.3,204.6,0.5,14280.0,239.6
2019-04-09T16:42:01,39.3,199.0,204.6,0.5,14280.0,238.6
2019-04-09T16:42:32,39.3,178.3,183.3,0.6,14290.0,240.6
2019-04-09T16:43:03,39.3,188.4,189.3,0.5,14290.0,239.6
2019-04-09T16:43:34,39.2,209.1,201.1,0.5,14290.0,237.7
2019-04-09T16:44:05,39.2,191.3,211.2,0.6,14290.0,239.6
2019-04-09T16:44:36,39.2,199.0,232.4,0.5,14300.0,239.6
2019-04-09T16:45:07,39.2,205.5,213.5,0.5,14300.0,239.6
2019-04-09T16:45:39,39.1,184.3,227.1,0.5,14300.0,239.6
2019-04-09T16:46:10,39.1,204.9,240.7,0.5,14300.0,238.6
2019-04-09T16:46:41,39.0,200.2,230.7,0.5,14300.0,240.6
2019-04-09T16:47:12,39.0,202.6,223.0,0.4,14310.0,239.6
2019-04-09T16:47:43,38.9,188.4,223.6,0.4,14310.0,239.6
2019-04-09T16:48:14,38.9,209.1,210.6,0.3,14310.0,239.6
2019-04-09T16:48:45,38.9,188.4,231.3,0.4,14310.0,241.5
2019-04-09T16:49:16,38.7,186.0,225.9,0.4,14310.0,240.6
2019-04-09T16:49:47,38.7,181.9,230.1,0.4,14310.0,240.6
2019-04-09T16:50:18,38.7,180.7,220.6,0.4,14310.0,239.6
2019-04-09T16:50:50,38.6,176.0,218.8,0.4,14320.0,241.5
2019-04-09T16:51:21,38.6,186.0,228.3,0.4,14320.0,241.5
2019-04-09T16:51:52,38.6,206.7,211.2,0.4,14320.0,241.5
2019-04-09T16:52:23,38.6,193.7,224.2,0.4,14320.0,241.5
2019-04-09T16:52:54,38.5,177.8,222.4,0.4,14320.0,242.5
2019-04-09T16:53:25,38.5,199.0,201.7,0.3,14320.0,242.5
2019-04-09T16:53:56,38.5,192.5,220.6,0.4,14320.0,241.5
2019-04-09T16:54:27,38.4,174.8,227.7,0.4,14330.0,241.5
2019-04-09T16:54:58,38.4,196.7,208.2,0.3,14330.0,241.5
2019-04-09T16:55:29,38.4,206.1,230.1,0.3,14330.0,240.6
2019-04-09T16:56:01,38.3,204.3,215.3,0.3,14330.0,241.5
2019-04-09T16:56:32,38.3,182.5,233.0,0.3,14330.0,241.5
2019-04-09T16:57:03,38.3,201.4,211.2,0.3,14330.0,242.5
2019-04-09T16:57:34,38.2,196.7,214.1,0.3,14330.0,242.5
2019-04-09T16:58:05,38.2,177.2,230.7,0.3,14330.0,240.6
2019-04-09T16:58:36,38.2,184.3,209.4,0.3,14340.0,242.5
2019-04-09T16:59:07,38.0,205.5,214.7,0.3,14340.0,242.5
2019-04-09T16:59:38,38.0,189.6,234.2,0.3,14340.0,244.4
2019-04-09T17:00:09,38.0,177.8,218.8,0.3,14340.0,241.5
2019-04-09T17:00:40,38.0,199.6,204.1,0.3,14340.0,243.5
2019-04-09T17:01:12,37.9,200.2,224.2,0.3,14340.0,242.5
2019-04-09T17:01:43,37.9,180.1,226.5,0.3,14340.0,243.5
2019-04-09T17:02:14,37.8,188.4,205.8,0.3,14340.0,244.4
2019-04-09T17:02:45,37.8,209.1,214.1,0.2,14340.0,242.5
2019-04-09T17:03:16,37.8,188.4,233.6,0.3,14350.0,243.5
2019-04-09T17:03:47,37.8,171.9,215.9,0.3,14350.0,243.5
2019-04-09T17:04:18,37.7,191.9,195.8,0.3,14350.0,241.5
2019-04-09T17:04:49,37.7,211.4,209.4,0.2,14350.0,242.5
2019-04-09T17:05:20,37.7,188.4,230.7,0.3,14350.0,242.5
2019-04-09T17:05:51,37.6,168.9,210.6,0.3,14350.0,245.4
2019-04-09T17:06:23,37.6,147.6,189.9,0.3,14350.0,244.4
2019-04-09T17:06:54,37.6,167.1,178.6,0.3,14350.0,242.5
2019-04-09T17:07:25,37.6,187.2,170.9,0.3,14350.0,242.5
2019-04-09T17:07:56,37.6,192.5,184.5,0.2,14350.0,244.4
2019-04-09T17:08:27,37.5,196.7,205.2,0.2,14350.0,244.4
2019-04-09T17:08:58,37.5,176.0,221.2,0.2,14350.0,243.5
2019-04-09T17:09:29,37.5,166.5,199.9,0.2,14360.0,243.5
2019-04-09T17:10:00,37.5,187.2,208.8,0.2,14360.0,244.4
2019-04-09T17:10:31,37.4,204.3,225.9,0.1,14360.0,243.5
2019-04-09T17:11:03,37.4,181.3,205.8,0.2,14360.0,244.4
2019-04-09T17:11:34,37.4,160.0,184.5,0.2,14360.0,245.4
2019-04-09T17:12:05,37.2,168.3,188.1,0.2,14360.0,243.5
2019-04-09T17:12:36,37.2,191.9,209.4,0.2,14360.0,243.5
2019-04-09T17:13:07,37.2,194.3,230.1,0.2,14360.0,244.4
2019-04-09T17:13:38,37.1,173.6,207.6,0.2,14360.0,245.4
2019-04-09T17:14:09,37.1,153.5,186.3,0.2,14360.0,243.5
2019-04-09T17:14:40,37.1,133.5,166.2,0.3,14360.0,245.4
2019-04-09T17:15:11,37.1,112.8,144.9,0.4,14360.0,244.4
2019-04-09T17:15:42,37.1,114.6,123.6,0.4,14360.0,244.4
2019-04-09T17:16:14,37.0,138.2,108.2,0.5,14360.0,243.5
2019-04-09T17:16:45,37.0,159.4,131.9,0.4,14360.0,244.4
2019-04-09T17:17:16,37.0,171.3,150.8,0.3,14360.0,244.4
2019-04-09T17:17:47,37.0,180.7,163.8,0.2,14370.0,244.4
2019-04-09T17:18:18,36.9,198.4,186.3,0.3,14370.0,242.5
2019-04-09T17:18:49,36.9,213.8,210.0,0.2,14370.0,243.5
2019-04-09T17:19:20,36.9,206.7,208.8,0.3,14370.0,242.5
2019-04-09T17:19:51,36.9,185.4,228.9,0.3,14370.0,244.4
2019-04-09T17:20:22,36.8,165.9,215.3,0.3,14370.0,242.5
2019-04-09T17:20:53,36.8,166.5,220.6,0.3,14370.0,242.5
2019-04-09T17:21:25,36.8,188.4,214.1,0.3,14370.0,244.4
2019-04-09T17:21:56,36.7,197.8,213.5,0.2,14370.0,241.5
2019-04-09T17:22:27,36.7,178.9,192.8,0.2,14370.0,242.5
2019-04-09T17:22:58,36.7,156.5,215.3,0.3,14370.0,243.5
2019-04-09T17:23:29,36.7,137.0,233.0,0.4,14370.0,243.5
2019-04-09T17:24:00,36.5,116.3,211.2,0.3,14380.0,242.5
2019-04-09T17:24:31,36.5,136.4,199.9,0.3,14380.0,243.5
2019-04-09T17:25:02,36.5,157.1,208.8,0.3,14380.0,244.4
2019-04-09T17:25:33,36.4,178.3,213.5,0.2,14380.0,243.5
2019-04-09T17:26:05,36.4,197.3,213.5,0.2,14380.0,242.5
2019-04-09T17:26:36,36.4,189.0,208.8,0.2,14380.0,243.5
2019-04-09T17:27:07,36.4,192.5,204.1,0.1,14380.0,243.5
2019-04-09T17:27:38,36.3,182.5,215.3,0.1,14380.0,243.5
2019-04-09T17:28:09,36.3,190.8,192.8,0.1,14380.0,243.5
2019-04-09T17:28:40,36.3,173.6,199.3,0.1,14380.0,243.5
2019-04-09T17:29:11,36.3,149.4,212.3,0.1,14380.0,243.5
2019-04-09T17:29:42,36.3,141.1,191.0,0.1,14380.0,243.5
2019-04-09T17:30:13,36.2,161.8,173.3,0.1,14380.0,243.5
2019-04-09T17:30:44,36.2,182.5,180.4,0.1,14380.0,242.5
2019-04-09T17:31:16,36.1,197.8,201.7,0.0,14380.0,242.5
2019-04-09T17:31:47,36.1,186.0,218.8,0.0,14380.0,243.5
2019-04-09T17:32:18,36.0,162.4,202.9,0.1,14380.0,242.5
2019-04-09T17:32:49,36.1,141.1,182.8,0.0,14380.0,244.4
2019-04-09T17:33:20,36.1,121.6,161.5,0.0,14380.0,243.5
2019-04-09T17:33:51,36.0,101.0,141.9,0.0,14380.0,243.5
2019-04-09T17:34:22,36.0,154.1,168.6,0.0,14380.0,242.5
2019-04-09T17:34:53,35.9,184.8,203.5,0.0,14380.0,241.5
2019-04-09T17:35:24,35.7,178.9,179.2,0.0,14380.0,242.5
2019-04-09T17:35:55,35.7,171.9,172.1,0.0,14380.0,242.5
2019-04-09T17:36:27,35.7,161.8,162.0,0.0,14380.0,242.5
2019-04-09T17:36:58,35.7,146.4,146.7,0.0,14380.0,240.6
2019-04-09T17:37:29,35.6,117.5,118.3,0.0,14380.0,240.6
