2018-04-28T05:15:32,0.0,0.0,0.0,0.0,0.0,0.0
2018-04-28T07:27:53,20.6,220.9,220.6,0.4,100.0,242.5
2018-04-28T07:28:24,20.6,206.1,201.1,0.5,100.0,239.6
2018-04-28T07:28:55,20.6,184.8,218.8,0.5,100.0,240.6
2018-04-28T07:29:26,20.9,164.2,243.1,0.6,100.0,241.5
2018-04-28T07:29:57,20.9,146.4,236.6,0.7,100.0,241.5
2018-04-28T07:30:28,20.9,169.5,220.0,0.7,110.0,241.5
2018-04-28T07:31:05,20.9,194.9,244.9,0.6,110.0,240.6
2018-04-28T07:31:36,20.9,217.3,231.3,0.5,110.0,241.5
2018-04-28T07:32:07,21.3,209.1,240.1,0.6,110.0,241.5
2018-04-28T07:32:38,21.7,194.3,244.9,0.6,110.0,241.5
2018-04-28T07:33:09,21.3,213.8,237.2,0.6,120.0,242.5
2018-04-28T07:33:40,21.3,211.4,231.3,0.6,120.0,241.5
2018-04-28T07:34:11,21.3,206.1,249.0,0.6,120.0,240.6
2018-04-28T07:34:42,21.7,219.1,230.1,0.6,120.0,241.5
2018-04-28T07:35:13,21.7,197.3,230.1,0.6,130.0,240.6
2018-04-28T07:35:44,21.7,172.4,254.9,1.0,130.0,240.6
2018-04-28T07:36:16,21.7,180.7,239.5,1.1,130.0,240.6
2018-04-28T07:36:47,21.7,209.7,247.2,1.2,140.0,240.6
2018-04-28T07:37:18,21.7,222.7,240.1,1.2,140.0,241.5
2018-04-28T07:37:49,22.0,220.3,231.9,0.8,140.0,238.6
2018-04-28T07:38:20,22.0,220.9,241.3,0.7,150.0,239.6
2018-04-28T07:38:51,22.0,213.2,237.2,0.8,150.0,239.6
2018-04-28T07:39:22,22.4,214.4,228.3,0.8,150.0,242.5
2018-04-28T07:39:53,22.4,223.2,243.1,0.8,160.0,240.6
2018-04-28T07:40:24,22.4,202.6,224.2,0.8,160.0,240.6
2018-04-28T07:40:55,22.4,225.6,246.6,0.8,160.0,241.5
2018-04-28T07:41:27,22.4,225.0,241.9,0.9,170.0,241.5
2018-04-28T07:41:58,22.8,217.3,243.1,1.0,170.0,242.5
2018-04-28T07:42:29,22.8,213.8,254.9,1.1,170.0,243.5
2018-04-28T07:43:00,22.8,209.7,244.3,1.0,180.0,243.5
2018-04-28T07:43:31,23.1,216.2,233.6,1.0,180.0,243.5
2018-04-28T07:44:02,23.1,223.2,246.6,0.9,180.0,242.5
2018-04-28T07:44:33,22.8,200.2,223.6,1.0,190.0,243.5
2018-04-28T07:45:04,23.1,190.8,218.3,1.1,190.0,242.5
2018-04-28T07:45:35,23.1,212.6,239.5,0.9,200.0,242.5
2018-04-28T07:46:06,23.1,216.2,236.6,1.0,200.0,242.5
2018-04-28T07:46:37,23.1,209.7,241.3,0.9,200.0,242.5
2018-04-28T07:47:08,23.5,214.4,220.6,1.0,210.0,242.5
2018-04-28T07:47:39,23.5,221.5,238.4,1.0,210.0,241.5
2018-04-28T07:48:10,23.5,209.1,224.8,1.1,210.0,242.5
2018-04-28T07:48:41,23.5,212.6,251.4,1.5,220.0,243.5
2018-04-28T07:49:12,23.9,211.4,236.0,1.2,220.0,242.5
2018-04-28T07:49:43,23.9,193.1,241.3,1.3,230.0,241.5
2018-04-28T07:50:14,23.9,189.0,246.1,1.3,230.0,242.5
2018-04-28T07:50:46,23.9,218.5,241.9,1.6,240.0,244.4
2018-04-28T07:51:17,23.9,213.8,236.0,1.5,240.0,244.4
2018-04-28T07:51:48,23.9,211.4,240.1,1.5,250.0,245.4
2018-04-28T07:52:19,23.9,215.0,235.4,1.5,250.0,243.5
2018-04-28T07:52:50,24.2,210.8,237.2,1.5,260.0,244.4
2018-04-28T07:53:21,24.2,225.0,252.0,1.2,260.0,244.4
2018-04-28T07:53:52,24.2,211.4,239.5,1.3,270.0,243.5
2018-04-28T07:54:23,24.6,212.6,235.4,1.4,270.0,244.4
2018-04-28T07:54:54,24.6,209.1,239.0,1.3,270.0,243.5
2018-04-28T07:55:25,24.6,208.5,247.2,1.2,280.0,243.5
2018-04-28T07:55:57,24.6,217.9,246.1,1.2,280.0,243.5
2018-04-28T07:56:28,25.0,207.9,236.6,1.2,290.0,244.4
2018-04-28T07:56:59,25.0,210.8,237.2,1.3,290.0,244.4
2018-04-28T07:57:30,25.0,215.6,247.8,1.3,300.0,244.4
2018-04-28T07:58:01,25.0,215.6,238.4,1.3,300.0,244.4
2018-04-28T07:58:32,25.0,206.1,240.1,1.3,300.0,244.4
2018-04-28T07:59:03,25.0,210.8,243.1,1.2,310.0,243.5
2018-04-28T07:59:34,25.0,210.2,240.1,1.2,310.0,243.5
2018-04-28T08:00:05,25.0,209.7,241.3,1.3,320.0,245.4
2018-04-28T08:00:36,25.0,197.3,221.2,1.3,320.0,246.4
2018-04-28T08:01:08,25.0,220.9,230.1,1.3,330.0,246.4
2018-04-28T08:01:39,25.0,215.6,246.6,1.4,330.0,244.4
2018-04-28T08:02:10,25.0,208.5,235.4,1.4,330.0,245.4
2018-04-28T08:02:41,25.0,218.5,246.1,1.3,340.0,243.5
2018-04-28T08:03:12,25.3,210.8,249.0,1.6,340.0,245.4
2018-04-28T08:03:43,25.3,215.0,241.9,1.5,350.0,245.4
2018-04-28T08:04:14,25.7,220.3,237.8,1.4,360.0,245.4
2018-04-28T08:04:45,25.7,220.3,243.7,1.6,360.0,246.4
2018-04-28T08:05:16,25.7,200.8,233.6,1.7,370.0,244.4
2018-04-28T08:05:47,26.1,210.2,250.2,1.6,370.0,244.4
2018-04-28T08:06:19,26.1,217.3,246.6,1.6,380.0,245.4
2018-04-28T08:06:50,26.1,213.2,236.6,1.7,380.0,244.4
2018-04-28T08:07:21,26.1,222.1,244.3,1.7,390.0,244.4
2018-04-28T08:07:52,26.1,220.3,244.9,1.6,400.0,243.5
2018-04-28T08:08:23,26.1,217.3,236.0,1.8,400.0,244.4
2018-04-28T08:08:54,26.1,212.0,239.5,1.7,410.0,245.4
2018-04-28T08:09:25,26.4,216.2,249.6,1.7,410.0,243.5
2018-04-28T08:09:56,26.4,210.8,237.8,1.9,420.0,245.4
2018-04-28T08:10:27,26.4,221.5,241.3,1.6,430.0,244.4
2018-04-28T08:10:58,26.4,210.2,228.3,0.9,430.0,244.4
2018-04-28T08:11:30,26.4,185.4,237.8,1.3,430.0,243.5
2018-04-28T08:12:01,26.8,184.3,224.8,1.2,440.0,245.4
2018-04-28T08:12:32,26.8,198.4,229.5,1.0,440.0,245.4
2018-04-28T08:13:03,26.8,219.1,235.4,0.9,450.0,244.4
2018-04-28T08:13:34,27.2,207.9,236.0,1.0,450.0,243.5
2018-04-28T08:14:05,27.2,214.4,241.9,1.0,450.0,244.4
2018-04-28T08:14:36,27.5,209.1,225.9,1.0,460.0,244.4
2018-04-28T08:15:07,27.5,208.5,249.0,1.1,460.0,245.4
2018-04-28T08:15:38,27.5,212.0,223.0,1.2,470.0,245.4
2018-04-28T08:16:09,27.2,189.6,202.9,1.4,470.0,245.4
2018-04-28T08:16:40,27.5,203.7,210.0,1.4,480.0,244.4
2018-04-28T08:17:11,27.5,220.3,228.9,1.2,480.0,244.4
2018-04-28T08:17:42,27.5,220.3,239.5,1.2,490.0,244.4
2018-04-28T08:18:13,27.9,201.4,241.9,1.5,490.0,245.4
2018-04-28T08:18:44,27.9,210.2,234.2,1.1,490.0,245.4
2018-04-28T08:19:15,27.9,215.0,225.9,1.1,500.0,244.4
2018-04-28T08:19:46,27.9,212.6,237.2,1.1,500.0,243.5
2018-04-28T08:20:17,28.3,208.5,228.9,1.1,510.0,243.5
2018-04-28T08:20:49,28.3,186.0,205.8,1.3,510.0,243.5
2018-04-28T08:21:20,28.3,180.7,231.9,1.4,520.0,243.5
2018-04-28T08:21:51,28.6,203.2,241.9,1.3,520.0,243.5
2018-04-28T08:22:22,28.6,223.2,220.0,1.1,530.0,244.4
2018-04-28T08:22:53,29.0,222.1,225.9,1.1,530.0,244.4
2018-04-28T08:23:24,29.0,220.9,243.7,1.3,540.0,245.4
2018-04-28T08:23:55,29.0,215.0,237.8,1.4,540.0,245.4
2018-04-28T08:24:26,29.0,215.0,239.0,1.6,550.0,245.4
2018-04-28T08:24:57,29.0,215.6,239.5,1.6,550.0,246.4
2018-04-28T08:25:28,29.4,230.3,256.1,2.1,560.0,245.4
2018-04-28T08:26:00,29.4,220.3,237.8,1.5,570.0,245.4
2018-04-28T08:26:31,29.7,204.3,238.4,1.9,580.0,246.4
2018-04-28T08:27:02,29.4,226.2,239.0,1.6,580.0,246.4
2018-04-28T08:27:33,29.4,217.3,236.6,3.4,590.0,248.3
2018-04-28T08:28:04,29.4,222.1,236.0,2.8,600.0,248.3
2018-04-28T08:28:35,29.4,203.7,222.4,2.2,610.0,248.3
2018-04-28T08:29:06,29.4,227.4,245.5,2.2,620.0,248.3
2018-04-28T08:29:37,29.7,213.8,239.0,2.0,630.0,247.3
2018-04-28T08:30:08,30.1,206.1,230.1,2.9,640.0,249.3
2018-04-28T08:30:39,30.1,215.6,215.3,3.2,650.0,250.2
2018-04-28T08:31:11,30.2,213.2,229.5,3.5,660.0,249.3
2018-04-28T08:31:42,30.3,215.0,239.5,3.4,680.0,248.3
2018-04-28T08:32:13,30.3,209.1,233.6,3.1,690.0,248.3
2018-04-28T08:32:44,30.4,217.3,237.8,3.1,700.0,248.3
2018-04-28T08:33:15,30.4,207.9,251.4,3.4,710.0,248.3
2018-04-28T08:33:46,30.4,210.8,244.9,3.2,720.0,246.4
2018-04-28T08:34:17,30.4,214.4,241.9,3.4,730.0,248.3
2018-04-28T08:34:48,30.4,215.6,233.0,3.2,740.0,249.3
2018-04-28T08:35:19,30.4,220.3,235.4,3.2,760.0,248.3
2018-04-28T08:35:50,30.5,212.6,232.4,3.4,770.0,248.3
2018-04-28T08:36:21,30.5,225.0,239.5,2.2,780.0,246.4
2018-04-28T08:36:52,30.5,215.6,238.4,1.9,790.0,246.4
2018-04-28T08:37:23,30.5,216.2,228.3,1.5,790.0,245.4
2018-04-28T08:37:54,30.7,207.9,225.9,1.8,800.0,245.4
2018-04-28T08:38:25,30.5,213.8,252.0,2.4,810.0,246.4
2018-04-28T08:38:56,30.7,216.7,237.8,1.9,820.0,244.4
2018-04-28T08:39:27,30.8,211.4,236.6,2.3,820.0,245.4
2018-04-28T08:39:58,30.8,205.5,219.4,2.3,830.0,245.4
2018-04-28T08:40:29,30.8,199.6,215.9,3.0,840.0,248.3
2018-04-28T08:41:01,30.8,199.6,218.3,2.6,850.0,246.4
2018-04-28T08:41:32,30.8,207.3,222.4,2.9,860.0,245.4
2018-04-28T08:42:03,30.8,208.5,227.1,2.9,870.0,246.4
2018-04-28T08:42:34,30.8,214.4,235.4,2.2,880.0,248.3
2018-04-28T08:43:05,30.7,205.5,236.0,2.6,890.0,246.4
2018-04-28T08:43:36,30.7,196.7,216.5,2.1,900.0,245.4
2018-04-28T08:44:07,30.7,200.2,228.3,2.1,900.0,244.4
2018-04-28T08:44:38,30.5,202.6,230.7,3.0,910.0,246.4
2018-04-28T08:45:09,30.5,207.3,235.4,2.9,920.0,247.3
2018-04-28T08:45:40,30.7,205.5,234.8,1.7,930.0,245.4
2018-04-28T08:46:12,30.7,201.4,233.0,2.4,930.0,245.4
2018-04-28T08:46:43,30.8,201.4,223.0,2.5,940.0,245.4
2018-04-28T08:47:14,30.9,205.5,227.1,2.7,950.0,246.4
2018-04-28T08:47:45,31.0,202.6,237.2,2.9,960.0,245.4
2018-04-28T08:48:16,30.9,210.8,223.0,1.8,970.0,243.5
2018-04-28T08:48:47,30.9,213.8,225.9,3.4,980.0,245.4
2018-04-28T08:49:18,30.9,203.7,222.4,3.6,990.0,247.3
2018-04-28T08:49:49,31.0,208.5,236.0,2.4,1000.0,244.4
2018-04-28T08:50:20,31.0,217.9,248.4,2.6,1010.0,247.3
2018-04-28T08:50:51,30.9,206.7,241.9,3.6,1020.0,247.3
2018-04-28T08:51:23,30.9,217.9,252.0,3.1,1030.0,247.3
2018-04-28T08:51:54,31.0,208.5,241.9,3.5,1050.0,247.3
2018-04-28T08:52:25,31.0,212.6,239.0,3.3,1060.0,247.3
2018-04-28T08:52:56,31.1,201.4,236.0,2.4,1070.0,245.4
2018-04-28T08:53:27,31.2,222.7,217.7,2.9,1080.0,246.4
2018-04-28T08:53:58,31.2,207.3,231.3,3.5,1090.0,245.4
2018-04-28T08:54:29,31.2,217.3,227.7,2.7,1100.0,245.4
2018-04-28T08:55:00,31.4,197.8,240.1,2.2,1110.0,245.4
2018-04-28T08:55:31,31.2,223.2,239.5,2.2,1120.0,245.4
2018-04-28T08:56:03,31.2,210.2,244.3,3.4,1130.0,246.4
2018-04-28T08:56:34,31.2,210.2,234.8,1.7,1140.0,245.4
2018-04-28T08:57:05,31.4,210.2,221.8,1.7,1150.0,245.4
2018-04-28T08:57:36,31.4,212.0,227.1,1.2,1150.0,245.4
2018-04-28T08:58:07,31.4,210.2,218.3,1.1,1160.0,244.4
2018-04-28T08:58:38,31.4,212.0,233.6,1.1,1160.0,243.5
2018-04-28T08:59:09,31.4,220.3,228.3,1.0,1160.0,244.4
2018-04-28T08:59:40,31.2,206.7,237.8,1.0,1170.0,243.5
2018-04-28T09:00:11,31.1,210.8,214.7,1.0,1170.0,242.5
2018-04-28T09:00:42,31.2,190.2,235.4,1.2,1180.0,241.5
2018-04-28T09:01:13,31.1,204.3,228.3,1.1,1180.0,243.5
2018-04-28T09:01:44,31.0,216.7,238.4,1.0,1190.0,242.5
2018-04-28T09:02:15,31.1,216.2,230.7,1.1,1190.0,243.5
2018-04-28T09:02:46,31.1,219.7,225.4,1.1,1200.0,241.5
2018-04-28T09:03:17,31.0,209.7,215.3,1.3,1200.0,241.5
2018-04-28T09:03:48,31.0,209.1,230.7,1.3,1210.0,241.5
2018-04-28T09:04:19,31.0,201.4,225.9,1.5,1210.0,243.5
2018-04-28T09:04:50,31.0,220.9,230.7,1.5,1220.0,244.4
2018-04-28T09:05:21,30.9,215.0,233.6,1.7,1230.0,243.5
2018-04-28T09:05:53,30.9,220.3,237.2,1.5,1230.0,243.5
2018-04-28T09:06:25,30.8,217.3,227.7,1.6,1240.0,244.4
2018-04-28T09:06:56,30.8,218.5,230.1,1.6,1250.0,244.4
2018-04-28T09:07:27,30.8,208.5,212.9,1.7,1250.0,241.5
2018-04-28T09:07:58,30.9,182.5,244.9,2.8,1260.0,243.5
2018-04-28T09:08:29,30.9,180.1,243.1,1.9,1270.0,244.4
2018-04-28T09:09:00,30.8,189.0,231.3,1.8,1270.0,242.5
2018-04-28T09:09:31,30.8,191.3,227.7,1.7,1280.0,243.5
2018-04-28T09:10:02,30.9,210.8,214.7,1.8,1290.0,245.4
2018-04-28T09:10:33,30.9,217.3,225.4,1.7,1290.0,245.4
2018-04-28T09:11:05,30.9,220.3,220.6,2.0,1300.0,243.5
2018-04-28T09:11:36,30.9,199.0,236.0,2.9,1310.0,244.4
2018-04-28T09:12:07,30.9,219.1,230.1,4.6,1320.0,246.4
2018-04-28T09:12:38,30.8,217.3,231.3,4.4,1340.0,246.4
2018-04-28T09:13:09,30.8,209.7,235.4,4.4,1360.0,247.3
2018-04-28T09:13:40,30.7,217.3,239.5,2.7,1370.0,245.4
2018-04-28T09:14:11,30.8,219.1,244.9,4.1,1380.0,246.4
2018-04-28T09:14:42,30.8,206.1,231.3,4.5,1400.0,247.3
2018-04-28T09:15:13,30.8,212.6,233.0,4.3,1410.0,246.4
2018-04-28T09:15:44,30.8,213.2,228.3,2.5,1430.0,245.4
2018-04-28T09:16:16,30.9,216.2,224.8,2.9,1440.0,244.4
2018-04-28T09:16:47,31.0,211.4,218.8,2.1,1450.0,244.4
2018-04-28T09:17:18,31.0,210.2,240.1,2.4,1460.0,245.4
2018-04-28T09:17:49,31.1,225.0,223.6,2.9,1470.0,246.4
2018-04-28T09:18:20,31.1,215.6,224.8,1.8,1470.0,245.4
2018-04-28T09:18:51,31.1,215.0,223.6,1.6,1480.0,245.4
2018-04-28T09:19:22,31.1,220.3,240.1,1.5,1490.0,245.4
2018-04-28T09:19:53,31.1,216.2,233.0,2.0,1490.0,245.4
2018-04-28T09:20:24,31.1,215.0,220.0,1.8,1500.0,244.4
2018-04-28T09:20:55,31.1,194.3,249.0,2.5,1510.0,245.4
2018-04-28T09:21:27,31.1,201.4,229.5,2.2,1520.0,244.4
2018-04-28T09:21:58,31.0,203.7,237.2,2.7,1530.0,246.4
2018-04-28T09:22:29,31.1,189.0,244.9,3.1,1540.0,246.4
2018-04-28T09:23:00,31.2,218.5,236.0,3.6,1550.0,247.3
2018-04-28T09:23:31,31.2,211.4,241.9,5.6,1570.0,249.3
2018-04-28T09:24:02,31.4,215.0,229.5,5.5,1590.0,249.3
2018-04-28T09:24:33,31.4,213.2,230.1,5.6,1610.0,249.3
2018-04-28T09:25:04,31.5,213.8,228.9,5.4,1630.0,250.2
2018-04-28T09:25:35,31.5,214.4,230.7,5.4,1650.0,248.3
2018-04-28T09:26:06,31.5,213.2,231.3,5.3,1670.0,249.3
2018-04-28T09:26:37,31.6,205.5,223.0,4.2,1690.0,248.3
2018-04-28T09:27:08,31.6,220.9,228.9,4.0,1710.0,248.3
2018-04-28T09:27:39,31.7,210.8,225.9,2.2,1720.0,245.4
2018-04-28T09:28:10,31.7,196.1,221.2,3.0,1730.0,246.4
2018-04-28T09:28:41,31.8,173.6,195.2,5.5,1740.0,248.3
2018-04-28T09:29:12,31.9,180.7,212.3,5.5,1760.0,249.3
2018-04-28T09:29:43,31.9,190.2,228.3,3.7,1770.0,247.3
2018-04-28T09:30:14,32.0,194.3,215.9,3.1,1780.0,246.4
2018-04-28T09:30:46,32.2,174.2,198.1,3.4,1800.0,247.3
2018-04-28T09:31:17,32.2,164.2,207.0,4.2,1810.0,247.3
2018-04-28T09:31:48,32.2,147.0,227.1,4.5,1820.0,249.3
2018-04-28T09:32:19,32.0,155.3,236.0,5.1,1830.0,249.3
2018-04-28T09:32:50,31.9,160.0,233.0,2.7,1850.0,245.4
2018-04-28T09:33:21,31.9,172.4,231.9,2.4,1850.0,244.4
2018-04-28T09:33:52,31.9,208.5,197.5,4.8,1860.0,247.3
2018-04-28T09:34:23,31.8,206.1,202.9,2.6,1880.0,246.4
2018-04-28T09:34:54,31.8,215.0,217.1,2.3,1890.0,243.5
2018-04-28T09:35:25,31.9,217.9,231.3,2.2,1890.0,244.4
2018-04-28T09:35:57,32.0,212.0,227.7,2.1,1900.0,244.4
2018-04-28T09:36:28,32.0,210.2,224.2,2.2,1910.0,244.4
2018-04-28T09:36:59,32.0,210.2,220.0,2.0,1920.0,244.4
2018-04-28T09:37:30,32.0,222.1,195.2,2.1,1930.0,245.4
2018-04-28T09:38:01,32.0,212.6,205.2,2.2,1940.0,243.5
2018-04-28T09:38:32,32.0,218.5,231.9,1.9,1940.0,243.5
2018-04-28T09:39:03,32.2,210.2,217.1,2.0,1950.0,244.4
2018-04-28T09:39:34,32.2,215.0,231.3,2.1,1960.0,244.4
2018-04-28T09:40:05,32.2,199.6,240.1,2.2,1970.0,245.4
2018-04-28T09:40:37,32.0,207.9,212.9,2.7,1980.0,245.4
2018-04-28T09:41:08,32.0,215.6,230.7,2.9,1990.0,245.4
2018-04-28T09:41:39,32.0,213.2,225.9,2.4,2000.0,244.4
2018-04-28T09:42:10,32.0,212.6,227.7,2.0,2010.0,243.5
2018-04-28T09:42:41,32.0,201.4,217.1,2.1,2020.0,244.4
2018-04-28T09:43:12,32.0,189.0,210.6,2.4,2030.0,243.5
2018-04-28T09:43:43,31.9,221.5,241.3,2.9,2040.0,245.4
2018-04-28T09:44:14,31.9,208.5,233.0,3.3,2050.0,246.4
2018-04-28T09:44:45,31.9,216.7,239.5,3.6,2060.0,247.3
2018-04-28T09:45:16,31.9,212.0,235.4,2.7,2070.0,245.4
2018-04-28T09:45:47,32.0,229.7,254.3,1.7,2080.0,244.4
2018-04-28T09:46:19,31.9,204.9,231.3,4.0,2100.0,248.3
2018-04-28T09:46:50,31.8,192.5,220.0,4.2,2110.0,247.3
2018-04-28T09:47:21,31.9,197.3,228.3,2.7,2120.0,245.4
2018-04-28T09:47:52,31.8,207.9,207.0,4.0,2130.0,246.4
2018-04-28T09:48:23,31.9,213.8,212.3,3.9,2150.0,247.3
2018-04-28T09:48:54,32.0,204.3,208.8,5.5,2160.0,248.3
2018-04-28T09:49:25,32.0,209.1,210.0,4.9,2180.0,247.3
2018-04-28T09:49:56,32.2,210.2,221.2,4.5,2200.0,248.3
2018-04-28T09:50:27,32.2,215.6,229.5,4.6,2210.0,247.3
2018-04-28T09:50:58,32.2,201.4,227.1,5.1,2230.0,246.4
2018-04-28T09:51:30,32.3,204.3,223.0,4.9,2250.0,248.3
2018-04-28T09:52:01,32.4,205.5,227.7,4.9,2270.0,248.3
2018-04-28T09:52:32,32.3,201.4,227.7,5.1,2280.0,247.3
2018-04-28T09:53:03,32.3,206.7,236.0,4.8,2300.0,248.3
2018-04-28T09:53:34,32.0,203.7,225.9,4.8,2320.0,247.3
2018-04-28T09:54:05,32.0,206.1,228.9,4.9,2330.0,247.3
2018-04-28T09:54:36,32.0,207.3,228.9,4.8,2350.0,248.3
2018-04-28T09:55:07,32.0,207.9,227.1,4.8,2370.0,248.3
2018-04-28T09:55:38,32.0,203.2,223.0,5.0,2380.0,248.3
2018-04-28T09:56:10,32.0,200.2,231.9,5.0,2400.0,247.3
2018-04-28T09:56:41,32.2,203.7,227.1,4.9,2420.0,247.3
2018-04-28T09:57:12,32.2,207.3,224.2,4.7,2430.0,247.3
2018-04-28T09:57:43,32.2,202.0,224.2,4.9,2450.0,247.3
2018-04-28T09:58:14,32.2,206.7,223.6,4.9,2470.0,247.3
2018-04-28T09:58:45,32.0,200.2,225.4,5.1,2480.0,248.3
2018-04-28T09:59:16,32.0,202.6,222.4,4.9,2500.0,246.4
2018-04-28T09:59:47,32.0,205.5,225.4,5.0,2520.0,245.4
2018-04-28T10:00:18,32.0,205.5,231.3,4.9,2530.0,247.3
2018-04-28T10:00:49,32.0,207.9,231.3,4.9,2550.0,247.3
2018-04-28T10:01:20,32.0,207.9,230.7,4.8,2570.0,247.3
2018-04-28T10:01:51,32.2,207.3,230.1,5.0,2580.0,248.3
2018-04-28T10:02:22,32.3,200.8,228.9,5.0,2600.0,247.3
2018-04-28T10:02:53,32.3,198.4,228.9,5.1,2620.0,247.3
2018-04-28T10:03:24,32.4,199.6,227.1,5.2,2640.0,247.3
2018-04-28T10:03:55,32.4,202.6,223.0,5.2,2650.0,248.3
2018-04-28T10:04:26,32.4,207.3,222.4,5.1,2670.0,247.3
2018-04-28T10:04:57,32.4,206.7,231.3,5.1,2690.0,245.4
2018-04-28T10:05:28,32.4,202.0,228.3,5.3,2700.0,246.4
2018-04-28T10:06:00,32.3,199.0,228.9,5.3,2720.0,247.3
2018-04-28T10:06:31,32.2,197.3,224.2,5.5,2740.0,247.3
2018-04-28T10:07:02,32.2,204.3,225.9,5.3,2760.0,246.4
2018-04-28T10:07:33,32.2,202.0,230.1,2.0,2770.0,243.5
2018-04-28T10:08:04,32.2,200.2,236.0,2.9,2780.0,244.4
2018-04-28T10:08:35,32.2,219.1,232.4,4.9,2790.0,248.3
2018-04-28T10:09:06,32.2,201.4,235.4,6.3,2810.0,247.3
2018-04-28T10:09:37,32.3,202.6,228.3,4.8,2830.0,244.4
2018-04-28T10:10:08,32.4,202.0,228.3,2.1,2840.0,243.5
2018-04-28T10:10:39,32.4,194.9,207.0,2.2,2850.0,243.5
2018-04-28T10:11:11,32.4,210.2,231.3,2.1,2860.0,243.5
2018-04-28T10:11:42,32.3,210.2,223.0,2.3,2860.0,244.4
2018-04-28T10:12:13,32.3,212.6,218.3,2.9,2870.0,244.4
2018-04-28T10:12:44,32.3,211.4,231.9,3.2,2890.0,245.4
2018-04-28T10:13:15,32.4,193.1,215.3,5.3,2900.0,246.4
2018-04-28T10:13:46,32.4,191.9,221.2,3.5,2910.0,247.3
2018-04-28T10:14:17,32.5,189.6,223.0,5.3,2930.0,247.3
2018-04-28T10:14:48,32.5,179.5,223.6,4.7,2950.0,247.3
2018-04-28T10:15:19,32.5,184.8,228.3,2.8,2960.0,245.4
2018-04-28T10:15:50,32.5,194.3,236.6,2.5,2970.0,243.5
2018-04-28T10:16:22,32.4,171.9,216.5,3.0,2980.0,244.4
2018-04-28T10:16:53,32.4,175.4,227.7,2.8,2990.0,244.4
2018-04-28T10:17:24,32.4,189.6,230.7,2.5,3000.0,244.4
2018-04-28T10:17:55,32.4,194.3,225.9,2.2,3000.0,245.4
2018-04-28T10:18:26,32.3,191.3,231.3,2.1,3010.0,244.4
2018-04-28T10:18:57,32.0,194.9,228.9,1.8,3020.0,245.4
2018-04-28T10:19:28,31.9,193.7,227.7,1.8,3030.0,245.4
2018-04-28T10:19:59,32.0,195.5,232.4,1.7,3030.0,244.4
2018-04-28T10:20:30,32.0,190.8,225.9,1.8,3040.0,244.4
2018-04-28T10:21:01,32.2,192.5,224.8,1.7,3050.0,245.4
2018-04-28T10:21:32,32.0,200.8,225.4,1.7,3060.0,245.4
2018-04-28T10:22:03,31.9,213.2,230.1,2.2,3060.0,245.4
2018-04-28T10:22:34,31.9,220.3,254.9,3.1,3070.0,247.3
2018-04-28T10:23:05,31.9,202.0,241.9,2.3,3090.0,245.4
2018-04-28T10:23:36,31.9,217.9,213.5,5.2,3100.0,247.3
2018-04-28T10:24:07,31.9,200.8,202.9,6.6,3120.0,248.3
2018-04-28T10:24:38,31.9,202.6,197.5,6.2,3140.0,249.3
2018-04-28T10:25:09,31.9,207.9,185.1,4.1,3160.0,247.3
2018-04-28T10:25:40,31.9,215.6,208.2,6.3,3180.0,249.3
2018-04-28T10:26:12,31.9,210.2,216.5,4.4,3200.0,246.4
2018-04-28T10:26:43,32.0,212.6,217.7,2.7,3210.0,245.4
2018-04-28T10:27:14,32.0,212.6,246.1,3.1,3230.0,245.4
2018-04-28T10:27:45,32.2,215.0,231.3,2.1,3230.0,245.4
2018-04-28T10:28:16,32.3,212.6,221.8,2.0,3240.0,243.5
2018-04-28T10:28:47,32.3,200.2,217.1,2.1,3250.0,245.4
2018-04-28T10:29:18,32.3,189.6,224.8,2.2,3260.0,247.3
2018-04-28T10:29:49,32.3,189.0,224.8,2.1,3270.0,244.4
2018-04-28T10:30:20,32.3,194.9,227.1,1.8,3270.0,243.5
2018-04-28T10:30:51,32.3,185.4,233.0,1.8,3280.0,244.4
2018-04-28T10:31:28,32.3,192.5,224.8,1.7,3290.0,245.4
2018-04-28T10:31:59,32.2,192.5,234.2,1.6,3300.0,245.4
2018-04-28T10:32:30,32.2,213.2,211.7,1.5,3300.0,242.5
2018-04-28T10:33:01,31.9,220.3,229.5,1.4,3310.0,244.4
2018-04-28T10:33:32,31.8,206.1,230.1,1.6,3320.0,245.4
2018-04-28T10:34:03,31.7,199.6,225.9,1.6,3320.0,245.4
2018-04-28T10:34:34,31.8,197.3,233.6,1.8,3330.0,243.5
2018-04-28T10:35:05,31.8,195.5,235.4,1.8,3340.0,243.5
2018-04-28T10:35:36,31.8,192.5,228.3,1.7,3340.0,245.4
2018-04-28T10:36:08,31.8,197.3,241.9,1.8,3350.0,245.4
2018-04-28T10:36:39,31.7,197.3,221.2,1.8,3360.0,245.4
2018-04-28T10:37:10,31.7,201.4,233.6,1.7,3370.0,244.4
2018-04-28T10:37:41,31.7,195.5,233.6,1.8,3370.0,243.5
2018-04-28T10:38:12,31.8,200.2,231.9,1.8,3380.0,244.4
2018-04-28T10:38:43,31.8,195.5,229.5,1.8,3390.0,244.4
2018-04-28T10:39:14,31.8,201.4,232.4,1.7,3400.0,242.5
2018-04-28T10:39:45,31.8,195.5,239.0,1.8,3400.0,242.5
2018-04-28T10:40:16,31.7,199.6,236.0,1.7,3410.0,243.5
2018-04-28T10:40:47,31.7,194.3,234.2,1.8,3420.0,242.5
2018-04-28T10:41:18,31.6,199.6,232.4,1.6,3430.0,241.5
2018-04-28T10:41:49,31.7,195.5,233.0,1.6,3430.0,242.5
2018-04-28T10:42:20,31.7,193.7,234.2,1.6,3440.0,243.5
2018-04-28T10:42:51,31.7,197.3,234.8,1.4,3450.0,244.4
2018-04-28T10:43:22,31.8,197.3,234.8,1.4,3450.0,242.5
2018-04-28T10:43:53,31.8,197.3,232.4,1.3,3460.0,242.5
2018-04-28T10:44:24,31.9,195.5,235.4,1.3,3460.0,242.5
2018-04-28T10:44:55,31.8,199.0,228.9,1.3,3470.0,242.5
2018-04-28T10:45:26,31.7,195.5,228.3,1.3,3470.0,242.5
2018-04-28T10:45:58,31.6,196.1,230.1,1.2,3480.0,243.5
2018-04-28T10:46:29,31.7,203.2,239.0,1.2,3490.0,244.4
2018-04-28T10:47:00,31.6,220.9,226.5,1.2,3490.0,243.5
2018-04-28T10:47:31,31.6,211.4,241.3,1.2,3500.0,241.5
2018-04-28T10:48:02,31.6,215.6,232.4,1.2,3500.0,243.5
2018-04-28T10:48:33,31.7,220.3,225.9,1.1,3510.0,242.5
2018-04-28T10:49:04,31.7,218.5,237.2,1.1,3510.0,243.5
2018-04-28T10:49:35,31.7,221.5,236.0,1.1,3520.0,240.6
2018-04-28T10:50:06,31.8,219.7,227.1,1.2,3520.0,242.5
2018-04-28T10:50:38,31.8,216.7,237.8,1.1,3530.0,242.5
2018-04-28T10:51:09,31.8,222.1,231.3,1.2,3530.0,242.5
2018-04-28T10:51:40,31.8,218.5,234.2,1.2,3540.0,241.5
2018-04-28T10:52:11,31.8,210.2,237.2,1.3,3550.0,242.5
2018-04-28T10:52:42,31.7,215.6,227.7,1.4,3550.0,241.5
2018-04-28T10:53:13,31.5,225.0,239.5,1.2,3560.0,240.6
2018-04-28T10:53:44,31.5,220.9,236.6,1.3,3560.0,241.5
2018-04-28T10:54:15,31.6,220.3,227.7,1.5,3570.0,242.5
2018-04-28T10:54:46,31.7,219.7,231.9,1.4,3580.0,241.5
2018-04-28T10:55:17,31.7,218.5,236.0,1.5,3580.0,242.5
2018-04-28T10:55:49,31.6,220.9,237.2,1.6,3590.0,239.6
2018-04-28T10:56:20,31.7,207.9,227.7,1.7,3600.0,244.4
2018-04-28T10:56:51,31.7,225.0,236.6,1.7,3610.0,243.5
2018-04-28T10:57:22,31.8,212.6,237.2,1.9,3620.0,244.4
2018-04-28T10:57:53,31.8,216.7,225.9,1.9,3620.0,244.4
2018-04-28T10:58:24,31.7,219.7,244.3,2.0,3630.0,245.4
2018-04-28T10:58:55,31.7,221.5,230.1,1.9,3640.0,243.5
2018-04-28T10:59:26,31.7,215.0,233.0,2.1,3650.0,243.5
2018-04-28T10:59:57,31.8,222.1,239.0,2.1,3660.0,245.4
2018-04-28T11:00:28,31.8,217.3,231.9,2.2,3670.0,246.4
2018-04-28T11:00:59,31.9,221.5,232.4,2.2,3680.0,244.4
2018-04-28T11:01:31,31.8,222.1,238.4,2.2,3690.0,245.4
2018-04-28T11:02:02,31.7,217.9,240.1,2.1,3700.0,242.5
2018-04-28T11:02:33,31.7,218.5,235.4,2.4,3710.0,243.5
2018-04-28T11:03:04,31.8,217.3,223.6,2.4,3720.0,244.4
2018-04-28T11:03:35,31.8,226.2,241.9,2.4,3730.0,244.4
2018-04-28T11:04:06,31.8,204.3,217.1,2.7,3740.0,244.4
2018-04-28T11:04:37,31.7,199.0,246.1,3.1,3750.0,246.4
2018-04-28T11:05:08,31.7,193.1,221.2,3.3,3770.0,246.4
2018-04-28T11:05:39,31.8,168.3,215.3,4.0,3780.0,248.3
2018-04-28T11:06:11,31.9,173.6,234.2,3.6,3790.0,245.4
2018-04-28T11:06:42,32.0,170.7,228.9,3.3,3800.0,246.4
2018-04-28T11:07:13,32.2,171.3,233.0,3.1,3820.0,246.4
2018-04-28T11:07:44,32.2,194.3,223.6,3.0,3830.0,246.4
2018-04-28T11:08:15,32.3,219.7,217.1,3.2,3840.0,247.3
2018-04-28T11:08:46,32.4,213.2,231.9,3.3,3850.0,246.4
2018-04-28T11:09:17,32.4,216.7,230.1,2.8,3870.0,245.4
2018-04-28T11:09:48,32.5,217.3,234.8,3.5,3880.0,248.3
2018-04-28T11:10:19,32.6,217.9,234.2,2.9,3890.0,248.3
2018-04-28T11:10:50,32.6,218.5,230.7,2.7,3900.0,246.4
2018-04-28T11:11:22,32.7,193.7,228.3,3.9,3910.0,246.4
2018-04-28T11:11:53,32.7,211.4,241.3,3.9,3930.0,248.3
2018-04-28T11:12:24,32.7,208.5,240.1,3.9,3950.0,246.4
2018-04-28T11:12:55,32.6,212.0,225.4,5.4,3960.0,244.4
2018-04-28T11:13:26,32.5,211.4,228.9,5.4,3980.0,247.3
2018-04-28T11:13:57,32.6,210.8,226.5,4.8,4000.0,247.3
2018-04-28T11:14:28,32.7,201.4,216.5,5.0,4020.0,248.3
2018-04-28T11:14:59,32.9,206.1,218.8,7.4,4050.0,249.3
2018-04-28T11:15:30,32.9,199.6,221.2,7.3,4070.0,253.1
2018-04-28T11:16:01,32.7,200.8,224.8,7.2,4090.0,250.2
2018-04-28T11:16:32,32.9,200.2,224.8,7.0,4120.0,251.2
2018-04-28T11:17:03,33.0,198.4,227.1,7.2,4140.0,250.2
2018-04-28T11:17:34,33.1,200.8,224.8,6.9,4170.0,251.2
2018-04-28T11:18:05,33.2,197.8,224.2,7.1,4190.0,250.2
2018-04-28T11:18:36,33.3,204.3,221.8,6.9,4210.0,250.2
2018-04-28T11:19:07,33.3,189.6,228.3,7.2,4240.0,248.3
2018-04-28T11:19:38,33.3,203.2,217.7,5.5,4260.0,249.3
2018-04-28T11:20:09,33.1,209.7,216.5,5.3,4280.0,251.2
2018-04-28T11:20:40,33.1,206.1,217.7,4.5,4300.0,248.3
2018-04-28T11:21:12,33.2,201.4,223.0,4.4,4320.0,249.3
2018-04-28T11:21:43,33.2,205.5,225.9,4.8,4330.0,248.3
2018-04-28T11:22:14,33.3,203.7,227.1,3.6,4350.0,247.3
2018-04-28T11:22:45,33.2,198.4,220.0,3.5,4360.0,246.4
2018-04-28T11:23:16,33.2,196.1,224.8,4.0,4370.0,247.3
2018-04-28T11:23:47,33.3,210.2,227.7,5.1,4390.0,249.3
2018-04-28T11:24:18,33.2,202.0,223.0,3.6,4400.0,246.4
2018-04-28T11:24:49,33.1,209.7,230.7,3.5,4420.0,246.4
2018-04-28T11:25:20,33.0,200.8,233.0,2.5,4430.0,244.4
2018-04-28T11:25:51,33.0,200.2,221.8,2.2,4430.0,244.4
2018-04-28T11:26:23,32.9,190.2,203.5,2.7,4440.0,246.4
2018-04-28T11:26:54,32.9,190.2,204.1,6.1,4460.0,247.3
2018-04-28T11:27:25,32.9,189.0,217.7,5.0,4470.0,249.3
2018-04-28T11:27:56,33.0,217.3,247.2,6.7,4490.0,250.2
2018-04-28T11:28:27,33.0,203.2,222.4,7.3,4520.0,249.3
2018-04-28T11:28:58,33.0,200.2,221.8,7.7,4550.0,249.3
2018-04-28T11:29:29,33.2,197.3,215.3,7.6,4570.0,249.3
2018-04-28T11:30:00,33.2,197.8,217.7,7.8,4600.0,249.3
2018-04-28T11:30:31,33.1,201.4,223.0,7.7,4620.0,249.3
2018-04-28T11:31:02,33.1,196.7,217.1,7.8,4650.0,249.3
2018-04-28T11:31:33,33.2,193.1,223.6,7.3,4670.0,247.3
2018-04-28T11:32:04,33.1,212.0,233.0,7.2,4700.0,250.2
2018-04-28T11:32:35,33.3,202.0,234.8,6.2,4720.0,246.4
2018-04-28T11:33:06,33.3,185.4,216.5,6.2,4740.0,246.4
2018-04-28T11:33:37,33.4,179.5,224.8,7.3,4760.0,247.3
2018-04-28T11:34:08,33.5,194.3,221.2,8.1,4780.0,249.3
2018-04-28T11:34:39,33.4,193.7,216.5,8.0,4810.0,249.3
2018-04-28T11:35:10,33.4,192.5,220.6,8.0,4840.0,249.3
2018-04-28T11:35:42,33.5,201.4,218.3,7.7,4860.0,247.3
2018-04-28T11:36:13,33.5,197.8,218.8,7.7,4890.0,248.3
2018-04-28T11:36:44,33.7,190.8,221.8,7.8,4920.0,248.3
2018-04-28T11:37:15,33.7,202.6,220.0,7.6,4940.0,249.3
2018-04-28T11:37:46,33.5,196.1,222.4,8.0,4970.0,248.3
2018-04-28T11:38:17,33.8,195.5,214.7,7.7,5000.0,249.3
2018-04-28T11:38:48,33.8,201.4,207.0,5.7,5020.0,247.3
2018-04-28T11:39:19,33.8,207.9,218.3,4.0,5040.0,244.4
2018-04-28T11:39:50,33.9,193.7,210.6,3.0,5050.0,243.5
2018-04-28T11:40:21,33.9,209.7,220.0,3.1,5060.0,243.5
2018-04-28T11:40:53,33.9,189.6,206.4,5.0,5070.0,245.4
2018-04-28T11:41:25,33.9,177.2,194.6,5.3,5090.0,244.4
2018-04-28T11:41:56,34.0,189.6,208.2,6.4,5110.0,247.3
2018-04-28T11:42:27,34.0,202.6,211.7,6.4,5130.0,249.3
2018-04-28T11:42:58,34.0,201.4,205.8,6.5,5150.0,249.3
2018-04-28T11:43:29,33.9,186.6,206.4,6.8,5170.0,247.3
2018-04-28T11:44:00,33.9,193.1,220.0,7.1,5190.0,249.3
2018-04-28T11:44:31,34.0,201.4,224.2,6.8,5220.0,250.2
2018-04-28T11:45:02,34.1,191.3,215.9,7.2,5240.0,248.3
2018-04-28T11:45:33,34.4,196.1,208.8,6.0,5260.0,247.3
2018-04-28T11:46:04,34.2,191.9,210.0,6.3,5280.0,250.2
2018-04-28T11:46:35,34.4,196.1,218.3,7.5,5300.0,251.2
2018-04-28T11:47:06,34.4,197.3,218.3,7.3,5330.0,250.2
2018-04-28T11:47:37,34.5,191.3,217.7,7.4,5350.0,249.3
2018-04-28T11:48:08,34.6,191.9,217.1,7.4,5380.0,250.2
2018-04-28T11:48:39,34.6,197.8,211.2,7.1,5400.0,248.3
2018-04-28T11:49:10,34.6,192.5,212.9,7.4,5420.0,252.2
2018-04-28T11:49:41,34.5,192.5,210.6,7.1,5440.0,249.3
2018-04-28T11:50:12,34.5,196.1,222.4,7.3,5470.0,250.2
2018-04-28T11:50:44,34.5,202.6,212.3,6.8,5490.0,250.2
2018-04-28T11:51:15,34.5,193.7,213.5,7.2,5520.0,250.2
2018-04-28T11:51:46,34.6,189.6,220.0,6.9,5540.0,249.3
2018-04-28T11:52:17,34.6,188.4,219.4,7.3,5560.0,250.2
2018-04-28T11:52:48,34.6,182.5,212.9,7.3,5580.0,250.2
2018-04-28T11:53:19,34.5,183.1,218.8,7.2,5610.0,249.3
2018-04-28T11:53:50,34.4,196.1,213.5,7.1,5630.0,249.3
2018-04-28T11:54:21,34.5,193.1,217.1,7.4,5650.0,251.2
2018-04-28T11:54:52,34.6,197.3,223.0,7.1,5680.0,250.2
2018-04-28T11:55:23,34.8,192.5,216.5,7.4,5700.0,249.3
2018-04-28T11:55:55,34.9,189.0,212.9,7.0,5720.0,250.2
2018-04-28T11:56:26,35.0,182.5,217.1,7.4,5750.0,250.2
2018-04-28T11:56:57,35.0,188.4,210.0,7.3,5770.0,250.2
2018-04-28T11:57:28,35.0,181.3,214.1,7.7,5800.0,251.2
2018-04-28T11:57:59,35.0,184.8,221.8,7.7,5820.0,252.2
2018-04-28T11:58:30,34.9,184.3,218.8,8.0,5840.0,252.2
2018-04-28T11:59:01,34.8,187.2,211.7,8.1,5870.0,251.2
2018-04-28T11:59:32,34.9,191.3,210.0,7.2,5890.0,249.3
2018-04-28T12:00:03,35.0,208.5,200.5,5.6,5910.0,249.3
2018-04-28T12:00:35,35.3,185.4,211.7,6.1,5940.0,250.2
2018-04-28T12:01:06,35.4,187.2,211.2,5.2,5960.0,248.3
2018-04-28T12:01:37,35.5,197.3,208.2,8.2,5980.0,252.2
2018-04-28T12:02:08,35.3,196.7,215.3,5.3,6010.0,248.3
2018-04-28T12:02:39,35.2,206.7,217.1,3.5,6020.0,247.3
2018-04-28T12:03:10,35.2,200.8,221.2,4.2,6040.0,247.3
2018-04-28T12:03:41,35.3,203.7,225.4,3.3,6050.0,246.4
2018-04-28T12:04:12,35.3,208.5,220.6,2.7,6060.0,246.4
2018-04-28T12:04:43,35.4,208.5,220.6,2.3,6070.0,247.3
2018-04-28T12:05:14,35.5,205.5,212.9,2.3,6080.0,246.4
2018-04-28T12:05:46,35.6,209.1,215.9,2.1,6090.0,245.4
2018-04-28T12:06:17,35.6,217.3,225.4,2.0,6100.0,244.4
2018-04-28T12:06:48,35.5,199.6,217.7,4.4,6110.0,247.3
2018-04-28T12:07:19,35.6,180.1,213.5,8.9,6130.0,250.2
2018-04-28T12:07:50,35.5,188.4,223.0,7.6,6160.0,249.3
2018-04-28T12:08:21,35.4,196.7,204.6,7.3,6180.0,251.2
2018-04-28T12:08:52,35.3,190.8,217.7,7.3,6210.0,250.2
2018-04-28T12:09:23,35.2,196.1,222.4,6.6,6230.0,251.2
2018-04-28T12:09:54,35.0,190.2,207.0,6.0,6250.0,251.2
2018-04-28T12:10:25,34.7,177.2,195.2,8.0,6270.0,251.2
2018-04-28T12:10:56,34.7,178.9,223.0,8.0,6300.0,251.2
2018-04-28T12:11:28,34.7,178.3,223.0,8.1,6320.0,251.2
2018-04-28T12:11:59,34.6,174.8,223.0,4.5,6340.0,247.3
2018-04-28T12:12:30,34.6,187.8,212.9,2.7,6350.0,246.4
2018-04-28T12:13:01,34.7,196.1,202.3,5.5,6370.0,248.3
2018-04-28T12:13:32,34.7,181.9,209.4,7.0,6390.0,250.2
2018-04-28T12:14:03,34.7,175.4,204.1,7.8,6410.0,250.2
2018-04-28T12:14:34,34.8,174.2,217.7,7.7,6430.0,252.2
2018-04-28T12:15:05,35.0,177.2,218.8,7.6,6460.0,250.2
2018-04-28T12:15:36,35.2,177.8,219.4,7.6,6480.0,251.2
2018-04-28T12:16:08,35.2,172.4,216.5,7.7,6500.0,250.2
2018-04-28T12:16:39,35.4,178.9,219.4,7.3,6530.0,250.2
2018-04-28T12:17:10,35.3,175.4,214.1,7.5,6550.0,249.3
2018-04-28T12:17:41,34.9,174.8,208.2,7.5,6570.0,250.2
2018-04-28T12:18:12,34.9,172.4,212.3,7.6,6600.0,250.2
2018-04-28T12:18:43,34.8,176.0,211.2,7.3,6620.0,250.2
2018-04-28T12:19:14,34.8,177.2,211.2,7.3,6640.0,250.2
2018-04-28T12:19:45,34.8,177.2,215.3,7.4,6670.0,250.2
2018-04-28T12:20:16,34.8,177.2,221.2,7.5,6690.0,251.2
2018-04-28T12:20:47,35.0,172.4,211.7,7.7,6710.0,251.2
2018-04-28T12:21:18,34.9,170.1,205.8,7.8,6740.0,250.2
2018-04-28T12:21:49,34.8,176.0,210.0,7.6,6760.0,251.2
2018-04-28T12:22:20,34.7,176.6,207.6,7.9,6790.0,251.2
2018-04-28T12:22:51,34.7,178.9,205.2,7.7,6810.0,250.2
2018-04-28T12:23:22,34.8,171.3,211.7,1.6,6830.0,245.4
2018-04-28T12:23:53,35.0,191.9,229.5,4.5,6840.0,247.3
2018-04-28T12:24:24,35.2,195.5,234.2,5.0,6850.0,246.4
2018-04-28T12:24:55,35.3,193.7,230.1,1.3,6860.0,244.4
2018-04-28T12:25:26,35.3,204.3,202.9,1.1,6870.0,244.4
2018-04-28T12:25:58,35.3,185.4,178.6,1.5,6870.0,244.4
2018-04-28T12:26:29,35.2,181.3,182.2,8.4,6890.0,250.2
2018-04-28T12:27:00,35.2,181.9,215.3,8.1,6920.0,250.2
2018-04-28T12:27:31,35.4,172.4,207.0,8.5,6940.0,251.2
2018-04-28T12:28:02,35.5,179.5,209.4,8.7,6970.0,251.2
2018-04-28T12:28:33,35.7,181.3,218.3,8.4,7000.0,251.2
2018-04-28T12:29:04,35.7,181.9,201.7,8.7,7030.0,251.2
2018-04-28T12:29:35,36.0,176.6,209.4,4.7,7050.0,249.3
2018-04-28T12:30:06,36.0,173.0,215.3,2.9,7060.0,246.4
2018-04-28T12:30:38,36.1,192.5,217.7,2.7,7080.0,247.3
2018-04-28T12:31:09,36.1,181.9,215.3,4.6,7090.0,248.3
2018-04-28T12:31:40,36.1,190.2,207.0,5.6,7110.0,248.3
2018-04-28T12:32:11,36.1,177.8,190.4,4.6,7120.0,247.3
2018-04-28T12:32:42,36.1,178.3,195.2,2.3,7130.0,246.4
2018-04-28T12:33:13,36.1,203.7,223.0,2.0,7140.0,246.4
2018-04-28T12:33:44,35.9,207.3,221.2,2.0,7150.0,246.4
2018-04-28T12:34:15,35.9,201.4,192.2,2.5,7160.0,246.4
2018-04-28T12:34:46,35.7,183.1,163.2,6.5,7180.0,250.2
2018-04-28T12:35:17,35.6,167.1,176.2,6.6,7190.0,249.3
2018-04-28T12:35:49,35.6,178.3,191.0,8.0,7220.0,250.2
2018-04-28T12:36:20,35.4,175.4,198.7,2.8,7230.0,245.4
2018-04-28T12:36:51,35.4,174.2,202.3,3.4,7240.0,246.4
2018-04-28T12:37:22,35.2,173.6,195.8,3.3,7260.0,248.3
2018-04-28T12:37:53,34.9,178.3,204.6,1.8,7270.0,246.4
2018-04-28T12:38:24,34.8,189.6,228.3,1.6,7280.0,244.4
2018-04-28T12:38:55,34.9,213.2,206.4,1.5,7280.0,245.4
2018-04-28T12:39:26,34.8,192.5,233.6,1.9,7290.0,246.4
2018-04-28T12:39:57,34.9,159.4,223.6,3.9,7300.0,246.4
2018-04-28T12:40:28,35.0,163.6,230.1,3.0,7310.0,245.4
2018-04-28T12:41:00,35.0,160.0,234.2,3.3,7320.0,245.4
2018-04-28T12:41:31,35.0,167.1,212.3,4.0,7340.0,247.3
2018-04-28T12:42:02,35.2,164.8,226.5,3.8,7350.0,244.4
2018-04-28T12:42:33,34.9,164.2,218.8,4.2,7360.0,246.4
2018-04-28T12:43:04,35.0,181.3,234.2,3.7,7380.0,246.4
2018-04-28T12:43:35,35.0,169.5,242.5,5.2,7390.0,248.3
2018-04-28T12:44:06,34.8,163.6,237.8,2.9,7410.0,245.4
2018-04-28T12:44:37,34.8,181.9,214.7,5.8,7420.0,249.3
2018-04-28T12:45:08,34.8,179.5,220.0,3.5,7440.0,246.4
2018-04-28T12:45:39,34.8,184.3,214.1,2.2,7450.0,245.4
2018-04-28T12:46:10,34.8,180.1,234.8,2.4,7460.0,244.4
2018-04-28T12:46:41,34.9,180.1,229.5,2.0,7470.0,243.5
2018-04-28T12:47:12,34.9,166.5,230.1,2.4,7470.0,244.4
2018-04-28T12:47:43,34.8,172.4,223.0,2.1,7480.0,242.5
2018-04-28T12:48:14,34.8,186.0,211.2,2.0,7490.0,246.4
2018-04-28T12:48:45,34.8,182.5,224.8,2.0,7500.0,245.4
2018-04-28T12:49:16,34.6,182.5,228.9,2.0,7510.0,246.4
2018-04-28T12:49:47,34.6,159.4,215.3,2.4,7520.0,245.4
2018-04-28T12:50:18,34.5,174.8,227.7,2.2,7530.0,245.4
2018-04-28T12:50:50,34.6,179.5,236.0,2.3,7530.0,245.4
2018-04-28T12:51:21,34.7,182.5,230.1,2.1,7540.0,247.3
2018-04-28T12:51:52,34.5,180.1,211.7,2.5,7550.0,247.3
2018-04-28T12:52:23,34.4,183.7,224.2,2.1,7560.0,246.4
2018-04-28T12:52:54,34.2,191.3,225.4,2.1,7570.0,246.4
2018-04-28T12:53:25,34.1,198.4,225.4,2.1,7580.0,247.3
2018-04-28T12:53:56,34.0,202.0,231.9,1.9,7590.0,246.4
2018-04-28T12:54:27,34.0,215.6,229.5,1.9,7600.0,246.4
2018-04-28T12:54:58,34.1,218.5,221.8,1.9,7610.0,247.3
2018-04-28T12:55:29,34.1,221.5,225.9,2.0,7620.0,246.4
2018-04-28T12:56:01,34.1,197.3,239.5,2.4,7630.0,246.4
2018-04-28T12:56:32,34.1,167.7,215.9,4.9,7640.0,248.3
2018-04-28T12:57:03,34.2,169.5,249.0,8.1,7660.0,252.2
2018-04-28T12:57:34,34.2,179.5,251.4,4.7,7680.0,248.3
2018-04-28T12:58:05,34.1,186.6,229.5,3.5,7690.0,248.3
2018-04-28T12:58:36,34.2,184.8,225.9,2.5,7700.0,247.3
2018-04-28T12:59:07,34.2,197.8,228.9,2.2,7710.0,246.4
2018-04-28T12:59:38,34.1,194.9,221.2,2.2,7720.0,249.3
2018-04-28T13:00:09,34.1,203.7,224.2,2.1,7730.0,248.3
2018-04-28T13:00:40,34.0,202.6,233.0,2.3,7740.0,247.3
2018-04-28T13:01:12,34.1,222.1,232.4,2.1,7750.0,247.3
2018-04-28T13:01:43,34.1,220.3,220.0,2.1,7760.0,247.3
2018-04-28T13:02:14,34.2,217.3,228.9,2.1,7770.0,248.3
2018-04-28T13:02:45,34.2,213.8,224.2,2.2,7780.0,248.3
2018-04-28T13:03:16,34.2,208.5,226.5,2.2,7790.0,248.3
2018-04-28T13:03:47,34.2,191.3,215.3,2.9,7800.0,248.3
2018-04-28T13:04:18,34.2,183.1,234.2,3.1,7820.0,248.3
2018-04-28T13:04:49,34.1,188.4,223.0,2.8,7830.0,249.3
2018-04-28T13:05:20,34.0,189.0,221.8,2.4,7840.0,247.3
2018-04-28T13:05:51,34.0,189.0,239.0,2.5,7850.0,247.3
2018-04-28T13:06:22,33.9,190.2,215.3,2.4,7860.0,246.4
2018-04-28T13:06:53,33.8,191.3,218.8,2.7,7870.0,246.4
2018-04-28T13:07:24,34.0,179.5,213.5,3.4,7890.0,247.3
2018-04-28T13:07:55,34.1,184.3,225.9,3.2,7900.0,249.3
2018-04-28T13:08:26,34.1,185.4,224.2,3.8,7910.0,249.3
2018-04-28T13:08:57,34.2,194.3,217.7,2.9,7930.0,249.3
2018-04-28T13:09:28,34.2,196.1,236.0,2.9,7950.0,249.3
2018-04-28T13:09:59,34.1,189.6,230.7,4.2,7970.0,249.3
2018-04-28T13:10:30,34.1,199.0,220.6,3.0,7980.0,250.2
2018-04-28T13:11:02,34.1,183.1,217.7,3.2,8000.0,248.3
2018-04-28T13:11:33,34.1,199.0,220.0,2.8,8010.0,249.3
2018-04-28T13:12:04,34.4,202.0,213.5,2.3,8020.0,247.3
2018-04-28T13:12:35,34.1,197.3,221.2,2.2,8030.0,246.4
2018-04-28T13:13:06,34.1,196.7,223.0,2.3,8040.0,245.4
2018-04-28T13:13:37,34.0,213.2,228.9,2.1,8050.0,248.3
2018-04-28T13:14:08,34.0,210.2,226.5,1.9,8060.0,248.3
2018-04-28T13:14:39,34.0,205.5,221.2,1.8,8070.0,247.3
2018-04-28T13:15:10,33.9,180.7,249.6,2.3,8080.0,249.3
2018-04-28T13:15:41,33.9,141.7,212.3,6.3,8090.0,250.2
2018-04-28T13:16:13,34.1,152.4,195.2,8.8,8110.0,252.2
2018-04-28T13:16:44,34.2,148.8,220.0,8.7,8140.0,252.2
2018-04-28T13:17:15,34.2,151.8,218.8,7.9,8160.0,253.1
2018-04-28T13:17:46,34.2,140.5,227.7,7.9,8180.0,250.2
2018-04-28T13:18:17,34.4,145.3,222.4,6.6,8210.0,250.2
2018-04-28T13:18:48,34.5,144.7,218.3,8.8,8230.0,251.2
2018-04-28T13:19:19,34.5,134.6,208.8,6.9,8250.0,249.3
2018-04-28T13:19:50,34.6,144.7,202.3,8.8,8270.0,251.2
2018-04-28T13:20:21,34.6,145.3,225.4,8.3,8300.0,252.2
2018-04-28T13:20:52,34.7,139.4,231.3,6.0,8320.0,250.2
2018-04-28T13:21:24,34.8,142.9,234.2,5.8,8330.0,249.3
2018-04-28T13:21:55,34.8,148.8,222.4,6.2,8350.0,251.2
2018-04-28T13:22:26,34.8,145.9,221.8,8.5,8370.0,252.2
2018-04-28T13:22:57,34.9,145.3,226.5,8.4,8400.0,252.2
2018-04-28T13:23:28,35.0,142.3,217.1,8.0,8420.0,252.2
2018-04-28T13:23:59,35.2,142.3,210.6,8.5,8440.0,253.1
2018-04-28T13:24:30,35.2,147.0,209.4,8.2,8470.0,252.2
2018-04-28T13:25:01,35.4,142.9,206.4,8.5,8490.0,252.2
2018-04-28T13:25:32,35.5,149.4,209.4,8.0,8520.0,252.2
2018-04-28T13:26:03,35.6,153.5,214.1,7.7,8540.0,252.2
2018-04-28T13:26:34,35.5,155.3,199.3,7.6,8560.0,253.1
2018-04-28T13:27:05,35.5,155.9,213.5,7.1,8590.0,252.2
2018-04-28T13:27:36,35.5,151.8,211.7,3.4,8610.0,250.2
2018-04-28T13:28:07,35.5,141.1,221.8,2.5,8620.0,244.4
2018-04-28T13:28:38,35.5,152.9,210.0,2.2,8630.0,246.4
2018-04-28T13:29:09,35.7,124.6,237.8,4.5,8640.0,246.4
2018-04-28T13:29:40,35.7,128.7,232.4,2.1,8640.0,244.4
2018-04-28T13:30:11,35.7,151.2,210.6,1.6,8650.0,244.4
2018-04-28T13:30:43,35.6,157.1,209.4,1.3,8660.0,244.4
2018-04-28T13:31:14,35.6,173.6,211.2,1.3,8660.0,244.4
2018-04-28T13:31:45,35.7,178.3,212.3,1.1,8670.0,243.5
2018-04-28T13:32:16,35.5,201.4,215.3,1.1,8670.0,245.4
2018-04-28T13:32:47,35.4,194.3,215.3,1.1,8670.0,243.5
2018-04-28T13:33:18,35.2,207.9,210.0,1.1,8680.0,244.4
2018-04-28T13:33:49,35.0,191.3,233.0,1.3,8680.0,244.4
2018-04-28T13:34:20,34.8,175.4,221.8,1.3,8690.0,245.4
2018-04-28T13:34:51,34.7,170.1,195.2,3.4,8700.0,250.2
2018-04-28T13:35:22,34.6,153.5,195.8,2.4,8720.0,249.3
2018-04-28T13:35:59,34.7,144.7,204.6,7.5,8730.0,250.2
2018-04-28T13:36:30,34.7,141.7,212.9,8.2,8750.0,252.2
2018-04-28T13:37:01,34.7,143.5,221.8,8.0,8770.0,251.2
2018-04-28T13:37:32,34.7,141.7,225.4,7.8,8790.0,250.2
2018-04-28T13:38:03,34.8,136.4,219.4,8.1,8820.0,252.2
2018-04-28T13:38:34,34.9,140.0,219.4,7.8,8840.0,252.2
2018-04-28T13:39:05,35.0,134.0,223.0,8.0,8860.0,252.2
2018-04-28T13:39:36,35.2,137.0,214.1,8.1,8890.0,250.2
2018-04-28T13:40:07,35.3,127.5,214.1,8.1,8910.0,251.2
2018-04-28T13:40:39,35.5,133.5,210.0,8.2,8930.0,251.2
2018-04-28T13:41:10,35.6,135.8,218.3,6.4,8960.0,253.1
2018-04-28T13:41:41,35.7,138.2,212.9,6.0,8970.0,249.3
2018-04-28T13:42:12,35.9,134.0,218.3,3.0,8990.0,247.3
2018-04-28T13:42:43,36.0,131.1,212.9,2.5,8990.0,247.3
2018-04-28T13:43:14,36.0,145.9,224.2,2.0,9010.0,245.4
2018-04-28T13:43:45,36.0,165.9,199.9,2.5,9010.0,247.3
2018-04-28T13:44:16,35.9,180.7,191.6,1.8,9030.0,248.3
2018-04-28T13:44:47,35.7,187.8,198.1,1.3,9030.0,245.4
2018-04-28T13:45:18,35.6,188.4,214.1,1.2,9040.0,243.5
2018-04-28T13:45:49,35.6,210.2,218.8,1.1,9040.0,245.4
2018-04-28T13:46:21,35.5,207.9,222.4,1.1,9050.0,244.4
2018-04-28T13:46:52,35.5,204.9,223.0,1.1,9050.0,244.4
2018-04-28T13:47:23,35.3,207.3,212.3,1.0,9060.0,245.4
2018-04-28T13:47:54,35.3,186.0,236.6,1.3,9060.0,244.4
2018-04-28T13:48:25,35.3,178.3,241.3,1.3,9070.0,245.4
2018-04-28T13:48:56,35.3,202.0,214.1,1.3,9070.0,246.4
2018-04-28T13:49:27,35.2,208.5,227.1,1.1,9080.0,247.3
2018-04-28T13:49:58,35.2,213.8,223.0,1.3,9080.0,245.4
2018-04-28T13:50:29,35.0,199.6,192.8,1.6,9090.0,246.4
2018-04-28T13:51:00,34.9,183.1,227.1,2.6,9100.0,250.2
2018-04-28T13:51:31,34.8,194.3,246.6,2.5,9120.0,249.3
2018-04-28T13:52:02,34.9,186.6,223.6,2.4,9130.0,251.2
2018-04-28T13:52:33,34.9,181.3,224.8,2.3,9150.0,251.2
2018-04-28T13:53:04,34.9,182.5,223.0,2.4,9170.0,251.2
2018-04-28T13:53:35,34.9,175.4,218.8,2.2,9190.0,252.2
2018-04-28T13:54:06,35.0,171.3,215.3,2.4,9200.0,252.2
2018-04-28T13:54:37,34.9,176.6,221.8,2.2,9220.0,250.2
2018-04-28T13:55:08,34.9,180.1,221.8,2.2,9240.0,251.2
2018-04-28T13:55:40,35.0,180.7,220.0,1.7,9250.0,252.2
2018-04-28T13:56:11,35.3,173.6,218.8,2.1,9270.0,253.1
2018-04-28T13:56:42,35.4,173.6,220.0,2.2,9280.0,252.2
2018-04-28T13:57:13,35.4,171.3,222.4,2.3,9300.0,252.2
2018-04-28T13:57:44,35.3,157.7,220.0,2.5,9320.0,251.2
2018-04-28T13:58:15,35.2,156.5,218.8,2.9,9330.0,252.2
2018-04-28T13:58:46,35.3,163.0,215.3,3.0,9350.0,252.2
2018-04-28T13:59:17,35.4,168.3,223.0,2.5,9370.0,250.2
2018-04-28T13:59:48,35.5,163.6,208.2,1.9,9380.0,249.3
2018-04-28T14:00:19,35.5,161.2,202.9,1.8,9390.0,246.4
2018-04-28T14:00:51,35.4,161.2,228.9,3.1,9400.0,250.2
2018-04-28T14:01:22,35.4,158.9,224.8,2.4,9420.0,249.3
2018-04-28T14:01:53,35.4,179.5,214.1,2.2,9430.0,248.3
2018-04-28T14:02:24,35.5,176.0,205.8,2.2,9450.0,249.3
2018-04-28T14:02:55,35.4,181.3,205.2,2.1,9460.0,246.4
2018-04-28T14:03:26,35.6,179.5,210.0,2.3,9470.0,248.3
2018-04-28T14:03:57,35.6,191.3,225.9,2.5,9490.0,250.2
2018-04-28T14:04:28,35.6,197.8,215.9,2.2,9510.0,250.2
2018-04-28T14:04:59,35.7,187.2,205.2,2.3,9530.0,249.3
2018-04-28T14:05:30,35.9,194.9,211.2,1.3,9540.0,245.4
2018-04-28T14:06:01,35.9,194.9,210.0,1.2,9550.0,243.5
2018-04-28T14:06:32,35.6,209.1,212.9,1.3,9550.0,244.4
2018-04-28T14:07:03,35.7,208.5,214.7,1.1,9560.0,245.4
2018-04-28T14:07:34,35.9,212.6,217.1,1.1,9560.0,244.4
2018-04-28T14:08:05,35.9,206.1,209.4,1.1,9570.0,245.4
2018-04-28T14:08:36,35.9,203.7,214.1,1.2,9570.0,244.4
2018-04-28T14:09:07,35.7,204.3,217.7,1.1,9580.0,245.4
2018-04-28T14:09:38,35.5,212.6,220.6,1.1,9580.0,245.4
2018-04-28T14:10:09,35.5,200.2,222.4,1.2,9590.0,245.4
2018-04-28T14:10:41,35.5,209.7,215.3,1.2,9590.0,246.4
2018-04-28T14:11:12,35.5,208.5,218.3,1.0,9600.0,244.4
2018-04-28T14:11:43,35.5,210.2,218.8,1.1,9600.0,244.4
2018-04-28T14:12:14,35.5,208.5,225.4,1.0,9610.0,245.4
2018-04-28T14:12:45,35.5,210.8,214.7,1.0,9610.0,245.4
2018-04-28T14:13:16,35.4,213.2,233.6,1.0,9620.0,244.4
2018-04-28T14:13:47,35.2,210.8,223.0,1.1,9620.0,245.4
2018-04-28T14:14:18,35.0,202.0,224.2,1.0,9630.0,245.4
2018-04-28T14:14:49,34.9,213.2,225.9,1.1,9630.0,245.4
2018-04-28T14:15:20,34.9,204.9,234.2,1.1,9640.0,246.4
2018-04-28T14:15:52,34.7,188.4,225.4,1.1,9640.0,245.4
2018-04-28T14:16:23,34.6,206.7,228.9,1.0,9650.0,245.4
2018-04-28T14:16:54,34.6,205.5,218.8,1.0,9650.0,245.4
2018-04-28T14:17:25,34.5,209.1,235.4,0.9,9660.0,245.4
2018-04-28T14:17:56,34.4,219.1,220.0,0.9,9660.0,245.4
2018-04-28T14:18:27,34.2,205.5,226.5,0.9,9670.0,244.4
2018-04-28T14:18:58,34.1,212.0,225.9,1.0,9670.0,245.4
2018-04-28T14:19:29,34.2,190.8,246.6,1.0,9670.0,246.4
2018-04-28T14:20:00,34.1,169.5,246.6,1.6,9680.0,249.3
2018-04-28T14:20:32,34.0,173.6,225.4,1.4,9690.0,245.4
2018-04-28T14:21:03,34.0,185.4,225.4,1.6,9700.0,246.4
2018-04-28T14:21:34,34.0,196.7,232.4,1.3,9700.0,246.4
2018-04-28T14:22:05,34.0,222.1,265.0,1.3,9710.0,248.3
2018-04-28T14:22:36,34.0,232.7,240.7,1.5,9720.0,249.3
2018-04-28T14:23:07,34.1,231.5,233.6,1.4,9740.0,248.3
2018-04-28T14:23:38,34.1,242.1,234.2,1.5,9750.0,249.3
2018-04-28T14:24:09,34.0,235.1,227.7,1.5,9770.0,250.2
2018-04-28T14:24:40,34.0,235.6,226.5,1.5,9790.0,250.2
2018-04-28T14:25:11,34.2,238.0,225.9,1.5,9800.0,249.3
2018-04-28T14:25:42,34.2,231.5,223.0,1.5,9820.0,249.3
2018-04-28T14:26:14,34.2,231.5,220.0,1.4,9840.0,249.3
2018-04-28T14:26:45,34.1,238.0,220.6,0.8,9850.0,248.3
2018-04-28T14:27:16,34.1,233.3,223.6,0.0,9860.0,244.4
2018-04-28T14:27:47,34.2,206.1,222.4,1.0,9860.0,245.4
2018-04-28T14:28:18,34.2,225.0,197.5,1.1,9870.0,244.4
2018-04-28T14:28:49,34.4,223.2,212.3,1.1,9870.0,245.4
2018-04-28T14:29:20,34.5,222.1,198.1,1.0,9880.0,244.4
2018-04-28T14:29:51,34.5,206.1,205.2,1.0,9880.0,242.5
2018-04-28T14:30:22,34.5,204.9,225.4,0.9,9890.0,242.5
2018-04-28T14:30:54,34.4,204.3,214.1,0.9,9890.0,242.5
2018-04-28T14:31:25,34.4,203.2,224.8,0.9,9900.0,242.5
2018-04-28T14:31:56,34.4,209.7,224.2,0.9,9900.0,242.5
2018-04-28T14:32:27,34.4,200.8,219.4,1.0,9900.0,243.5
2018-04-28T14:32:58,34.5,204.9,228.3,0.9,9910.0,243.5
2018-04-28T14:33:29,34.4,209.7,223.0,0.9,9910.0,244.4
2018-04-28T14:34:00,34.2,211.4,226.5,0.9,9920.0,243.5
2018-04-28T14:34:31,34.0,210.8,223.6,0.9,9920.0,243.5
2018-04-28T14:35:02,34.0,213.8,230.7,0.8,9930.0,244.4
2018-04-28T14:35:34,34.0,216.7,215.3,0.9,9930.0,244.4
2018-04-28T14:36:05,33.9,196.1,240.7,1.0,9930.0,244.4
2018-04-28T14:36:36,33.9,184.8,241.3,0.9,9940.0,244.4
2018-04-28T14:37:07,33.9,186.0,230.1,0.8,9950.0,244.4
2018-04-28T14:37:38,33.8,197.3,230.1,0.8,9950.0,244.4
2018-04-28T14:38:09,33.7,216.2,228.3,0.7,9950.0,243.5
2018-04-28T14:38:40,33.5,206.7,233.0,0.7,9960.0,244.4
2018-04-28T14:39:11,33.4,204.3,218.8,0.8,9960.0,242.5
2018-04-28T14:39:42,33.5,213.8,230.1,0.7,9960.0,243.5
2018-04-28T14:40:13,33.5,212.0,225.4,0.7,9970.0,241.5
2018-04-28T14:40:45,33.4,206.1,224.8,0.7,9970.0,241.5
2018-04-28T14:41:16,33.5,203.2,231.3,0.6,9970.0,243.5
2018-04-28T14:41:47,33.7,211.4,222.4,0.7,9970.0,241.5
2018-04-28T14:42:18,33.7,197.3,228.9,0.6,9980.0,242.5
2018-04-28T14:42:49,33.5,213.2,226.5,0.6,9980.0,242.5
2018-04-28T14:43:20,33.3,204.3,222.4,0.6,9980.0,242.5
2018-04-28T14:43:51,33.3,209.7,239.5,0.6,9990.0,242.5
2018-04-28T14:44:22,33.2,189.0,214.1,0.7,9990.0,243.5
2018-04-28T14:44:53,33.2,189.6,215.9,0.6,9990.0,243.5
2018-04-28T14:45:24,33.3,212.0,239.0,0.6,9990.0,243.5
2018-04-28T14:45:55,33.3,209.1,215.9,0.6,10000.0,243.5
2018-04-28T14:46:27,33.4,183.1,194.0,1.0,10000.0,243.5
2018-04-28T14:46:58,33.3,174.2,205.2,0.7,10010.0,242.5
2018-04-28T14:47:29,33.3,167.1,221.2,0.7,10010.0,242.5
2018-04-28T14:48:00,33.3,177.2,228.3,0.6,10020.0,243.5
2018-04-28T14:48:31,33.2,187.2,222.4,0.5,10020.0,244.4
2018-04-28T14:49:02,33.2,189.6,231.9,0.5,10020.0,243.5
2018-04-28T14:49:33,33.2,194.9,228.9,0.5,10020.0,244.4
2018-04-28T14:50:04,33.2,213.8,227.1,0.5,10020.0,245.4
2018-04-28T14:50:35,33.2,195.5,220.6,0.5,10030.0,243.5
2018-04-28T14:51:07,33.2,206.1,215.3,0.4,10030.0,244.4
2018-04-28T14:51:38,33.2,206.1,237.2,0.5,10030.0,243.5
2018-04-28T14:52:09,33.2,201.4,220.6,0.5,10030.0,243.5
2018-04-28T14:52:40,33.2,209.1,239.0,0.5,10030.0,244.4
2018-04-28T14:53:11,33.2,204.3,221.8,0.6,10040.0,243.5
2018-04-28T14:53:42,33.0,184.8,202.3,0.6,10040.0,243.5
2018-04-28T14:54:13,33.0,163.0,179.8,0.7,10040.0,244.4
2018-04-28T14:54:44,33.0,140.0,157.3,0.9,10040.0,243.5
2018-04-28T14:55:15,33.0,121.6,154.9,1.0,10050.0,243.5
2018-04-28T14:55:46,33.0,148.8,185.1,1.1,10050.0,243.5
2018-04-28T14:56:18,32.9,174.8,227.7,1.1,10050.0,245.4
2018-04-28T14:56:49,32.9,206.1,232.4,1.3,10070.0,249.3
2018-04-28T14:57:20,32.9,229.7,238.4,1.3,10080.0,249.3
2018-04-28T14:57:51,32.7,226.2,239.5,0.9,10090.0,244.4
2018-04-28T14:58:22,32.6,222.1,221.2,1.0,10100.0,244.4
2018-04-28T14:58:53,32.6,202.0,241.9,1.2,10100.0,243.5
2018-04-28T14:59:24,32.6,194.3,218.3,1.2,10110.0,243.5
2018-04-28T14:59:55,32.7,216.2,198.1,1.2,10120.0,241.5
2018-04-28T15:00:26,32.7,210.2,212.9,1.2,10130.0,243.5
2018-04-28T15:00:57,32.9,222.1,222.4,1.0,10130.0,241.5
2018-04-28T15:01:28,33.0,222.1,222.4,1.0,10140.0,241.5
2018-04-28T15:01:59,32.9,215.0,225.9,1.0,10140.0,242.5
2018-04-28T15:02:30,33.0,212.0,230.1,1.1,10150.0,242.5
2018-04-28T15:03:01,32.9,209.7,216.5,1.1,10150.0,242.5
2018-04-28T15:03:32,32.9,188.4,194.0,1.1,10160.0,241.5
2018-04-28T15:04:03,32.9,175.4,204.1,1.2,10170.0,241.5
2018-04-28T15:04:34,33.0,193.7,210.0,1.1,10170.0,240.6
2018-04-28T15:05:05,33.0,215.0,233.0,1.0,10180.0,240.6
2018-04-28T15:05:37,33.0,216.2,223.0,0.9,10180.0,241.5
2018-04-28T15:06:08,33.0,205.5,244.3,1.0,10190.0,240.6
2018-04-28T15:06:39,33.1,223.2,221.8,1.1,10190.0,241.5
2018-04-28T15:07:10,33.1,211.4,222.4,1.0,10200.0,241.5
2018-04-28T15:07:41,33.1,210.2,227.7,1.0,10200.0,242.5
2018-04-28T15:08:12,33.0,214.4,228.3,0.9,10210.0,242.5
2018-04-28T15:08:43,33.0,217.9,221.8,0.9,10210.0,243.5
2018-04-28T15:09:14,33.1,217.9,233.0,0.9,10220.0,242.5
2018-04-28T15:09:45,33.0,203.7,230.1,1.0,10220.0,244.4
2018-04-28T15:10:16,33.0,218.5,225.4,0.9,10220.0,242.5
2018-04-28T15:10:48,33.0,217.3,225.9,0.8,10230.0,242.5
2018-04-28T15:11:19,33.1,215.0,233.0,0.7,10230.0,242.5
2018-04-28T15:11:50,33.1,207.9,232.4,0.7,10240.0,243.5
2018-04-28T15:12:21,33.0,204.3,228.3,0.7,10240.0,242.5
2018-04-28T15:12:52,32.9,213.2,234.2,0.6,10240.0,242.5
2018-04-28T15:13:23,32.9,204.9,222.4,0.7,10250.0,241.5
2018-04-28T15:13:54,32.9,208.5,246.6,0.7,10250.0,242.5
2018-04-28T15:14:25,32.9,235.1,242.5,0.9,10260.0,245.4
2018-04-28T15:14:56,32.9,234.5,225.4,0.8,10270.0,245.4
2018-04-28T15:15:27,32.9,212.0,223.6,0.7,10280.0,244.4
2018-04-28T15:15:59,32.9,210.8,221.2,0.7,10280.0,243.5
2018-04-28T15:16:30,32.9,207.3,194.0,0.9,10280.0,244.4
2018-04-28T15:17:01,32.9,197.3,181.6,0.8,10290.0,243.5
2018-04-28T15:17:32,32.9,174.2,183.3,1.0,10300.0,247.3
2018-04-28T15:18:03,32.9,152.4,221.2,1.3,10310.0,249.3
2018-04-28T15:18:34,33.0,135.8,232.4,1.3,10320.0,248.3
2018-04-28T15:19:05,33.0,140.5,250.2,1.4,10330.0,247.3
2018-04-28T15:19:36,33.1,145.9,229.5,1.5,10340.0,248.3
2018-04-28T15:20:07,33.2,135.2,233.6,1.5,10350.0,249.3
2018-04-28T15:20:38,33.3,157.1,224.8,1.4,10370.0,247.3
2018-04-28T15:21:10,33.3,184.8,222.4,1.2,10380.0,247.3
2018-04-28T15:21:41,33.4,204.3,226.5,1.2,10390.0,248.3
2018-04-28T15:22:12,33.4,206.7,231.9,1.0,10400.0,243.5
2018-04-28T15:22:43,33.2,215.6,227.7,1.0,10410.0,243.5
2018-04-28T15:23:14,33.3,216.7,226.5,1.0,10410.0,242.5
2018-04-28T15:23:45,33.2,232.1,208.2,1.1,10420.0,246.4
2018-04-28T15:24:16,33.2,217.3,223.0,1.0,10430.0,244.4
2018-04-28T15:24:47,33.2,197.3,233.6,1.2,10440.0,245.4
2018-04-28T15:25:18,33.1,221.5,239.0,1.2,10450.0,246.4
2018-04-28T15:25:49,33.1,222.1,231.9,1.0,10470.0,245.4
2018-04-28T15:26:21,33.2,202.6,215.3,1.1,10470.0,243.5
2018-04-28T15:26:52,33.2,210.2,220.0,1.0,10480.0,241.5
2018-04-28T15:27:23,33.3,216.2,191.6,1.0,10480.0,243.5
2018-04-28T15:27:54,33.2,213.2,211.2,0.9,10490.0,244.4
2018-04-28T15:28:25,33.2,213.2,222.4,0.9,10490.0,244.4
2018-04-28T15:28:56,33.3,204.9,221.8,0.8,10500.0,243.5
2018-04-28T15:29:27,33.3,208.5,231.9,0.8,10500.0,244.4
2018-04-28T15:29:58,33.3,207.9,224.8,0.8,10510.0,244.4
2018-04-28T15:30:29,33.3,210.2,228.3,0.7,10510.0,244.4
2018-04-28T15:31:00,33.4,215.0,221.2,0.6,10510.0,243.5
2018-04-28T15:31:31,33.4,212.0,225.9,0.6,10520.0,243.5
2018-04-28T15:32:02,33.3,195.5,204.1,0.7,10520.0,243.5
2018-04-28T15:32:33,33.2,180.1,178.0,0.7,10520.0,243.5
2018-04-28T15:33:04,33.2,204.3,204.1,0.8,10530.0,244.4
2018-04-28T15:33:35,33.1,216.2,214.7,0.6,10530.0,244.4
2018-04-28T15:34:06,33.1,209.7,223.6,0.6,10530.0,242.5
2018-04-28T15:34:37,33.1,204.9,222.4,0.6,10540.0,242.5
2018-04-28T15:35:08,33.1,216.2,230.1,0.5,10540.0,242.5
2018-04-28T15:35:40,33.1,193.1,223.0,0.6,10540.0,242.5
2018-04-28T15:36:11,33.1,178.9,227.1,0.7,10550.0,243.5
2018-04-28T15:36:42,33.1,200.2,237.2,0.6,10550.0,243.5
2018-04-28T15:37:13,33.1,215.0,223.6,0.5,10550.0,243.5
2018-04-28T15:37:44,33.0,209.7,227.1,0.6,10550.0,245.4
2018-04-28T15:38:15,33.0,203.7,225.4,0.5,10560.0,243.5
2018-04-28T15:38:46,33.0,210.8,225.4,0.5,10560.0,244.4
2018-04-28T15:39:17,33.0,202.6,223.6,0.5,10560.0,243.5
2018-04-28T15:39:48,32.9,205.5,222.4,0.5,10560.0,243.5
2018-04-28T15:40:19,32.9,209.7,228.3,0.5,10570.0,242.5
2018-04-28T15:40:50,32.7,215.6,219.4,0.4,10570.0,242.5
2018-04-28T15:41:22,32.7,193.1,229.5,0.5,10570.0,242.5
2018-04-28T15:41:53,32.9,193.7,237.8,0.5,10570.0,243.5
2018-04-28T15:42:24,33.0,194.9,224.2,0.4,10580.0,241.5
2018-04-28T15:42:55,33.1,199.6,225.4,0.4,10580.0,242.5
2018-04-28T15:43:26,33.1,195.5,223.6,0.4,10580.0,241.5
2018-04-28T15:43:57,33.2,201.4,217.1,0.3,10580.0,240.6
2018-04-28T15:44:28,33.2,180.7,236.0,0.4,10580.0,240.6
2018-04-28T15:44:59,33.3,199.6,214.7,0.3,10580.0,240.6
2018-04-28T15:45:30,33.3,200.2,206.4,0.3,10580.0,240.6
2018-04-28T15:46:01,33.3,180.7,228.3,0.3,10580.0,242.5
2018-04-28T15:46:32,33.3,174.2,221.2,0.4,10590.0,241.5
2018-04-28T15:47:03,33.4,193.7,202.9,0.4,10590.0,241.5
2018-04-28T15:47:34,33.4,194.3,212.9,0.3,10590.0,241.5
2018-04-28T15:48:05,33.3,174.2,234.8,0.3,10590.0,241.5
2018-04-28T15:48:36,33.3,171.9,211.7,0.4,10590.0,242.5
2018-04-28T15:49:07,33.3,185.4,211.7,0.3,10590.0,242.5
2018-04-28T15:49:38,33.4,180.1,229.5,0.4,10590.0,241.5
2018-04-28T15:50:09,33.4,202.6,208.2,0.3,10590.0,241.5
2018-04-28T15:50:41,33.4,203.2,220.6,0.3,10600.0,242.5
2018-04-28T15:51:12,33.4,183.1,239.5,0.4,10600.0,241.5
2018-04-28T15:51:43,33.4,174.2,218.3,0.4,10600.0,240.6
2018-04-28T15:52:14,33.4,154.1,225.4,0.4,10600.0,241.5
2018-04-28T15:52:45,33.4,167.7,233.0,0.4,10600.0,241.5
2018-04-28T15:53:16,33.4,190.2,211.2,0.4,10600.0,241.5
2018-04-28T15:53:47,33.4,210.8,191.0,0.3,10600.0,242.5
2018-04-28T15:54:18,33.4,199.0,208.2,0.3,10600.0,241.5
2018-04-28T15:54:49,33.4,178.3,230.1,0.4,10610.0,241.5
2018-04-28T15:55:20,33.4,165.9,224.2,0.4,10610.0,242.5
2018-04-28T15:55:52,33.4,187.8,202.9,0.4,10610.0,243.5
2018-04-28T15:56:23,33.4,209.1,220.0,0.3,10610.0,243.5
2018-04-28T15:56:54,33.4,202.6,233.0,0.4,10610.0,244.4
2018-04-28T15:57:25,33.4,200.8,211.7,0.3,10610.0,243.5
2018-04-28T15:57:56,33.4,210.2,223.0,0.3,10610.0,244.4
2018-04-28T15:58:27,33.4,188.4,235.4,0.4,10620.0,241.5
2018-04-28T15:58:58,33.4,185.4,217.7,0.3,10620.0,244.4
2018-04-28T15:59:29,33.4,206.1,211.7,0.3,10620.0,244.4
2018-04-28T16:00:00,33.3,194.3,229.5,0.3,10620.0,243.5
2018-04-28T16:00:31,33.4,182.5,208.8,0.3,10620.0,243.5
2018-04-28T16:01:03,33.3,203.7,227.1,0.2,10620.0,243.5
2018-04-28T16:01:34,33.3,199.0,216.5,0.2,10620.0,244.4
2018-04-28T16:02:05,33.3,178.3,204.1,0.3,10620.0,243.5
2018-04-28T16:02:36,33.3,190.8,225.9,0.2,10620.0,243.5
2018-04-28T16:03:07,33.3,209.7,214.1,0.2,10620.0,243.5
2018-04-28T16:03:38,33.3,187.8,197.5,0.2,10620.0,243.5
2018-04-28T16:04:09,33.2,167.1,217.7,0.2,10620.0,243.5
2018-04-28T16:04:40,33.2,156.5,234.2,0.2,10630.0,243.5
2018-04-28T16:05:11,33.2,177.2,212.9,0.2,10630.0,243.5
2018-04-28T16:05:42,33.2,199.0,191.0,0.2,10630.0,243.5
2018-04-28T16:06:14,33.2,196.1,183.9,0.2,10630.0,243.5
2018-04-28T16:06:45,33.2,175.4,205.8,0.2,10630.0,243.5
2018-04-28T16:07:16,33.1,167.7,225.9,0.2,10630.0,242.5
2018-04-28T16:07:47,33.1,191.3,223.6,0.2,10630.0,243.5
2018-04-28T16:08:18,33.1,210.8,202.9,0.1,10630.0,242.5
2018-04-28T16:08:49,33.1,190.8,199.3,0.2,10630.0,244.4
2018-04-28T16:09:20,33.0,170.1,221.8,0.2,10630.0,244.4
2018-04-28T16:09:51,33.0,154.1,229.5,0.2,10630.0,243.5
2018-04-28T16:10:22,33.0,174.2,208.8,0.2,10630.0,243.5
2018-04-28T16:10:54,32.9,196.7,191.0,0.2,10630.0,243.5
2018-04-28T16:11:25,32.7,202.0,213.5,0.2,10630.0,244.4
2018-04-28T16:11:56,32.7,182.5,233.0,0.2,10630.0,243.5
2018-04-28T16:12:27,32.7,161.2,224.2,0.2,10640.0,244.4
2018-04-28T16:12:58,32.7,170.7,202.3,0.2,10640.0,243.5
2018-04-28T16:13:29,32.7,193.1,182.8,0.2,10640.0,244.4
2018-04-28T16:14:00,32.7,213.2,161.5,0.1,10640.0,244.4
2018-04-28T16:14:31,32.6,193.1,157.3,0.2,10640.0,244.4
2018-04-28T16:15:02,32.6,173.0,180.4,0.2,10640.0,245.4
2018-04-28T16:15:34,32.5,157.1,202.9,0.2,10640.0,244.4
2018-04-28T16:16:05,32.5,180.1,227.7,0.3,10640.0,244.4
2018-04-28T16:16:36,32.5,200.8,244.9,0.3,10640.0,243.5
2018-04-28T16:17:07,32.5,197.3,231.3,0.3,10640.0,245.4
2018-04-28T16:17:38,32.5,177.2,208.2,0.3,10650.0,244.4
2018-04-28T16:18:09,32.5,201.4,228.3,0.3,10650.0,246.4
2018-04-28T16:18:40,32.5,212.6,241.3,0.3,10650.0,245.4
2018-04-28T16:19:11,32.5,209.1,223.6,0.3,10650.0,245.4
2018-04-28T16:19:42,32.5,197.3,225.4,0.2,10650.0,243.5
2018-04-28T16:20:13,32.5,180.1,224.2,0.3,10650.0,244.4
2018-04-28T16:20:44,32.5,201.4,234.2,0.3,10650.0,244.4
2018-04-28T16:21:16,32.5,206.7,215.3,0.2,10650.0,244.4
2018-04-28T16:21:47,32.5,184.8,204.6,0.3,10660.0,242.5
2018-04-28T16:22:18,32.5,165.4,225.4,0.2,10660.0,242.5
2018-04-28T16:22:49,32.5,169.5,242.5,0.3,10660.0,242.5
2018-04-28T16:23:20,32.5,193.1,215.9,0.3,10660.0,243.5
2018-04-28T16:23:51,32.5,217.9,225.9,0.4,10660.0,243.5
2018-04-28T16:24:22,32.5,235.1,253.7,0.4,10670.0,246.4
2018-04-28T16:24:53,32.5,223.2,250.8,0.3,10670.0,243.5
2018-04-28T16:25:24,32.5,204.3,239.5,0.3,10670.0,243.5
2018-04-28T16:25:55,32.5,183.1,218.8,0.3,10670.0,244.4
2018-04-28T16:26:27,32.5,171.3,205.2,0.4,10670.0,242.5
2018-04-28T16:26:58,32.5,194.9,231.3,0.4,10680.0,244.4
2018-04-28T16:27:29,32.5,200.8,241.3,0.3,10680.0,244.4
2018-04-28T16:28:00,32.5,215.0,218.3,0.2,10680.0,242.5
2018-04-28T16:28:31,32.5,193.1,198.1,0.3,10680.0,243.5
2018-04-28T16:29:02,32.5,172.4,176.2,0.3,10680.0,242.5
2018-04-28T16:29:33,32.5,150.0,166.2,0.4,10680.0,243.5
2018-04-28T16:30:04,32.5,130.5,191.0,0.5,10690.0,244.4
2018-04-28T16:30:35,32.5,125.8,220.6,0.6,10690.0,242.5
2018-04-28T16:31:07,32.5,148.8,242.5,0.6,10690.0,244.4
2018-04-28T16:31:38,32.5,165.9,228.3,0.5,10690.0,244.4
2018-04-28T16:32:09,32.5,187.2,237.8,0.4,10690.0,243.5
2018-04-28T16:32:40,32.5,207.9,236.0,0.4,10700.0,243.5
2018-04-28T16:33:11,32.5,211.4,233.0,0.4,10700.0,242.5
2018-04-28T16:33:42,32.6,201.4,229.5,0.4,10700.0,243.5
2018-04-28T16:34:13,32.6,222.1,242.5,0.5,10700.0,244.4
2018-04-28T16:34:44,32.6,206.1,226.5,0.5,10700.0,244.4
2018-04-28T16:35:15,32.6,210.2,228.9,0.4,10710.0,242.5
2018-04-28T16:35:46,32.6,192.5,235.4,0.4,10710.0,243.5
2018-04-28T16:36:17,32.6,206.1,217.7,0.4,10710.0,243.5
2018-04-28T16:36:48,32.6,200.2,234.8,0.3,10710.0,244.4
2018-04-28T16:37:19,32.6,191.9,224.8,0.4,10710.0,242.5
2018-04-28T16:37:50,32.6,211.4,218.8,0.3,10710.0,241.5
2018-04-28T16:38:21,32.6,190.2,235.4,0.3,10720.0,242.5
2018-04-28T16:38:52,32.6,177.8,217.7,0.3,10720.0,242.5
2018-04-28T16:39:23,32.6,200.2,203.5,0.3,10720.0,242.5
2018-04-28T16:39:54,32.6,220.3,230.1,0.3,10720.0,243.5
2018-04-28T16:40:25,32.6,209.1,232.4,0.2,10720.0,241.5
2018-04-28T16:40:57,32.5,187.8,202.3,0.3,10720.0,242.5
2018-04-28T16:41:28,32.4,162.4,163.8,0.5,10720.0,242.5
2018-04-28T16:41:59,32.5,152.9,180.4,0.6,10730.0,243.5
2018-04-28T16:42:30,32.4,174.8,209.4,0.4,10730.0,244.4
2018-04-28T16:43:01,32.5,195.5,234.2,0.4,10740.0,242.5
2018-04-28T16:43:32,32.5,213.8,231.9,0.3,10740.0,243.5
2018-04-28T16:44:03,32.4,222.7,240.1,0.3,10740.0,242.5
2018-04-28T16:44:34,32.4,202.6,237.2,0.3,10750.0,243.5
2018-04-28T16:45:05,32.5,202.6,236.6,0.3,10750.0,243.5
2018-04-28T16:45:37,32.4,223.8,215.9,0.2,10750.0,241.5
2018-04-28T16:46:08,32.5,215.0,218.8,0.2,10750.0,243.5
2018-04-28T16:46:39,32.5,192.5,196.4,0.2,10760.0,242.5
2018-04-28T16:47:10,32.5,196.7,203.5,0.2,10760.0,242.5
2018-04-28T16:47:41,32.5,185.4,202.3,0.2,10760.0,242.5
2018-04-28T16:48:12,32.5,164.2,222.4,0.2,10760.0,240.6
2018-04-28T16:48:43,32.5,180.7,210.6,0.2,10760.0,242.5
2018-04-28T16:49:14,32.5,202.0,199.9,0.1,10760.0,242.5
2018-04-28T16:49:45,32.6,190.2,220.0,0.1,10760.0,240.6
2018-04-28T16:50:16,32.6,168.9,228.3,0.1,10760.0,242.5
2018-04-28T16:50:48,32.6,153.5,206.4,0.1,10760.0,240.6
2018-04-28T16:51:19,32.6,174.2,185.7,0.1,10760.0,241.5
2018-04-28T16:51:50,32.6,196.1,164.4,0.1,10760.0,241.5
2018-04-28T16:52:21,32.5,198.4,173.9,0.1,10760.0,242.5
2018-04-28T16:52:52,32.5,177.2,195.2,0.2,10760.0,241.5
2018-04-28T16:53:23,32.5,157.1,215.9,0.1,10760.0,240.6
2018-04-28T16:53:54,32.5,169.5,233.0,0.1,10760.0,242.5
2018-04-28T16:54:25,32.4,190.8,211.7,0.1,10760.0,242.5
2018-04-28T16:54:56,32.4,200.2,191.6,0.1,10760.0,241.5
2018-04-28T16:55:27,32.3,179.5,178.6,0.1,10760.0,240.6
2018-04-28T16:55:58,32.3,157.1,201.1,0.1,10760.0,241.5
2018-04-28T16:56:30,32.3,137.0,221.2,0.1,10760.0,240.6
2018-04-28T16:57:01,32.3,142.9,230.1,0.1,10760.0,239.6
2018-04-28T16:57:32,32.3,163.0,208.2,0.1,10760.0,241.5
2018-04-28T16:58:03,32.3,185.4,186.3,0.1,10770.0,240.6
2018-04-28T16:58:34,32.3,207.9,173.3,0.0,10770.0,241.5
2018-04-28T16:59:05,32.3,192.5,194.0,0.1,10770.0,241.5
2018-04-28T16:59:36,32.3,171.9,215.9,0.1,10770.0,241.5
2018-04-28T17:00:07,32.2,150.0,236.0,0.1,10770.0,241.5
2018-04-28T17:00:38,32.2,129.3,223.0,0.2,10770.0,242.5
2018-04-28T17:01:10,32.0,109.2,199.9,0.2,10770.0,243.5
2018-04-28T17:01:41,31.9,114.6,180.4,0.2,10770.0,242.5
2018-04-28T17:02:12,31.9,135.2,159.7,0.2,10770.0,242.5
2018-04-28T17:02:43,31.9,157.1,153.8,0.2,10770.0,241.5
2018-04-28T17:03:14,31.9,178.3,175.1,0.2,10770.0,243.5
2018-04-28T17:03:45,31.9,202.6,199.9,0.3,10770.0,241.5
2018-04-28T17:04:16,31.9,215.0,223.6,0.2,10770.0,243.5
2018-04-28T17:04:47,31.8,193.7,233.6,0.2,10770.0,240.6
2018-04-28T17:05:18,31.8,193.1,224.2,0.2,10770.0,240.6
2018-04-28T17:05:49,31.7,193.1,221.8,0.1,10770.0,241.5
2018-04-28T17:06:21,31.6,172.4,218.3,0.1,10770.0,241.5
2018-04-28T17:06:52,31.6,166.5,198.1,0.1,10770.0,241.5
2018-04-28T17:07:23,31.7,185.4,195.2,0.1,10770.0,239.6
2018-04-28T17:07:54,31.6,207.3,215.9,0.0,10770.0,240.6
2018-04-28T17:08:25,31.6,188.4,224.2,0.1,10770.0,240.6
2018-04-28T17:08:56,31.6,168.9,204.6,0.1,10770.0,240.6
2018-04-28T17:09:27,31.5,175.4,192.8,0.1,10770.0,240.6
2018-04-28T17:09:58,31.5,195.5,211.2,0.1,10780.0,239.6
2018-04-28T17:10:29,31.4,193.7,214.1,0.1,10780.0,240.6
2018-04-28T17:11:00,31.4,172.4,192.8,0.1,10780.0,239.6
2018-04-28T17:11:31,31.4,151.8,193.4,0.1,10780.0,239.6
2018-04-28T17:12:02,31.4,129.9,214.1,0.1,10780.0,241.5
2018-04-28T17:12:33,31.2,134.6,206.4,0.1,10780.0,240.6
2018-04-28T17:13:04,31.2,155.3,188.7,0.1,10780.0,240.6
2018-04-28T17:13:35,31.2,173.6,181.0,0.1,10780.0,239.6
2018-04-28T17:14:06,31.2,196.1,198.7,0.0,10780.0,241.5
2018-04-28T17:14:37,31.1,202.0,217.7,0.0,10780.0,241.5
2018-04-28T17:15:08,31.1,192.5,217.1,0.1,10780.0,241.5
2018-04-28T17:15:39,31.1,171.9,196.4,0.0,10780.0,240.6
2018-04-28T17:16:11,31.1,150.6,173.3,0.0,10780.0,241.5
2018-04-28T17:16:42,31.1,128.7,154.4,0.0,10780.0,241.5
2018-04-28T17:17:13,31.0,108.6,144.9,0.0,10780.0,241.5
2018-04-28T17:17:44,30.9,123.4,165.0,0.0,10780.0,241.5
2018-04-28T17:18:15,30.9,146.4,188.7,0.0,10780.0,240.6
2018-04-28T17:18:46,30.8,167.1,205.2,0.0,10780.0,241.5
2018-04-28T17:19:17,30.8,182.5,215.3,0.0,10780.0,240.6
2018-04-28T17:19:48,30.8,168.9,169.1,0.0,10780.0,239.6
2018-04-28T17:20:19,30.7,139.4,139.6,0.0,10780.0,239.6
2018-04-28T17:20:50,30.8,58.4,58.5,0.0,10780.0,239.6
