2019-05-01T06:35:27,18.4,206.1,234.8,0.0,0.0,238.6
2019-05-01T06:36:00,18.4,205.5,233.0,0.0,0.0,240.6
2019-05-01T06:36:31,18.4,204.3,232.4,0.0,0.0,239.6
2019-05-01T06:37:02,18.4,203.7,232.4,0.0,0.0,238.6
2019-05-01T06:37:33,18.4,203.7,233.0,0.0,0.0,240.6
2019-05-01T06:38:04,18.4,204.3,236.0,0.0,0.0,241.5
2019-05-01T06:38:35,18.4,206.1,240.1,0.0,0.0,240.6
2019-05-01T06:39:06,18.4,157.7,189.9,0.0,0.0,239.6
2019-05-01T06:39:37,18.4,209.7,239.5,0.0,0.0,240.6
2019-05-01T06:40:08,18.4,210.8,242.5,0.0,0.0,240.6
2019-05-01T06:40:39,18.4,211.4,246.6,0.0,0.0,242.5
2019-05-01T06:41:11,18.4,147.6,168.0,0.1,0.0,240.6
2019-05-01T06:41:42,18.4,211.4,246.6,0.0,0.0,240.6
2019-05-01T06:42:13,18.4,211.4,246.1,0.0,0.0,240.6
2019-05-01T06:42:44,18.4,210.2,241.9,0.0,0.0,240.6
2019-05-01T06:43:15,18.4,209.7,243.7,0.0,0.0,241.5
2019-05-01T06:43:46,18.4,209.1,244.3,0.0,0.0,241.5
2019-05-01T06:44:17,18.4,208.5,243.7,0.0,0.0,242.5
2019-05-01T06:44:48,18.4,154.7,169.1,0.1,0.0,242.5
2019-05-01T06:45:19,18.4,207.3,237.8,0.0,0.0,241.5
2019-05-01T06:45:50,18.4,207.3,237.2,0.0,0.0,243.5
2019-05-01T06:46:22,18.4,207.3,237.2,0.0,0.0,243.5
2019-05-01T06:46:53,18.7,207.9,237.2,0.0,0.0,243.5
2019-05-01T06:47:24,18.7,209.1,240.1,0.0,0.0,242.5
2019-05-01T06:47:55,18.4,209.7,243.1,0.0,0.0,242.5
2019-05-01T06:48:26,18.4,189.0,229.5,0.0,0.0,244.4
2019-05-01T06:48:57,18.4,210.8,240.1,0.0,0.0,241.5
2019-05-01T06:49:28,18.7,211.4,243.7,0.0,0.0,243.5
2019-05-01T06:49:59,18.4,212.0,246.1,0.0,0.0,242.5
2019-05-01T06:50:30,18.7,212.6,243.7,0.0,0.0,242.5
2019-05-01T06:51:01,18.7,212.6,246.6,0.0,0.0,242.5
2019-05-01T06:51:32,18.7,144.7,176.2,0.0,0.0,242.5
2019-05-01T06:52:03,18.7,212.6,246.6,0.0,0.0,242.5
2019-05-01T06:52:34,18.7,211.4,247.2,0.0,0.0,242.5
2019-05-01T06:53:05,18.7,214.4,248.4,0.0,0.0,242.5
2019-05-01T06:53:36,18.7,209.1,249.6,0.0,0.0,241.5
2019-05-01T06:54:07,19.1,191.3,237.2,0.1,0.0,243.5
2019-05-01T06:54:38,19.1,192.5,227.1,0.1,0.0,243.5
2019-05-01T06:55:09,19.1,171.9,208.8,0.1,0.0,243.5
2019-05-01T06:55:41,19.1,150.6,186.9,0.1,0.0,242.5
2019-05-01T06:56:12,19.1,132.9,166.8,0.1,0.0,243.5
2019-05-01T06:56:43,19.1,154.1,157.9,0.1,0.0,243.5
2019-05-01T06:57:14,19.1,176.0,179.8,0.1,0.0,242.5
2019-05-01T06:57:45,19.1,195.5,200.5,0.1,0.0,241.5
2019-05-01T06:58:16,19.1,208.5,221.8,0.0,0.0,241.5
2019-05-01T06:58:47,19.5,184.8,241.3,0.1,0.0,240.6
2019-05-01T06:59:18,19.5,164.8,221.2,0.2,0.0,240.6
2019-05-01T06:59:49,19.5,142.9,199.3,0.2,0.0,241.5
2019-05-01T07:00:20,19.5,140.5,178.0,0.2,0.0,240.6
2019-05-01T07:00:52,19.5,162.4,156.7,0.2,0.0,239.6
2019-05-01T07:01:23,19.5,182.5,164.4,0.1,0.0,240.6
2019-05-01T07:01:54,19.5,204.3,185.1,0.1,0.0,239.6
2019-05-01T07:02:25,19.5,203.2,206.4,0.2,0.0,241.5
2019-05-01T07:02:56,19.5,182.5,228.9,0.2,0.0,240.6
2019-05-01T07:03:27,19.5,161.2,232.4,0.2,0.0,240.6
2019-05-01T07:03:58,19.5,140.5,210.6,0.2,0.0,240.6
2019-05-01T07:04:29,19.8,152.9,189.3,0.2,0.0,240.6
2019-05-01T07:05:00,19.8,173.6,198.1,0.2,0.0,240.6
2019-05-01T07:05:32,19.8,194.9,219.4,0.2,0.0,239.6
2019-05-01T07:06:03,19.8,213.8,236.6,0.2,0.0,239.6
2019-05-01T07:06:34,19.8,194.9,214.7,0.2,0.0,240.6
2019-05-01T07:07:05,19.8,177.8,214.1,0.2,0.0,240.6
2019-05-01T07:07:36,19.8,199.0,195.2,0.2,0.0,239.6
2019-05-01T07:08:07,19.8,215.0,173.9,0.1,0.0,239.6
2019-05-01T07:08:38,19.8,193.1,152.6,0.2,0.0,240.6
2019-05-01T07:09:09,20.2,171.9,133.1,0.2,10.0,240.6
2019-05-01T07:09:40,20.2,152.4,153.2,0.3,10.0,240.6
2019-05-01T07:10:11,20.2,132.9,177.4,0.3,10.0,240.6
2019-05-01T07:10:43,20.2,110.4,199.9,0.3,10.0,241.5
2019-05-01T07:11:14,20.2,122.2,222.4,0.3,10.0,239.6
2019-05-01T07:11:45,20.6,144.1,243.1,0.3,10.0,239.6
2019-05-01T07:12:16,20.6,165.9,224.8,0.3,10.0,241.5
2019-05-01T07:12:47,20.6,187.8,204.6,0.3,10.0,241.5
2019-05-01T07:13:18,20.6,208.5,214.1,0.2,10.0,241.5
2019-05-01T07:13:49,20.6,210.8,234.8,0.3,10.0,240.6
2019-05-01T07:14:20,20.9,190.8,232.4,0.3,10.0,241.5
2019-05-01T07:14:51,20.9,170.7,211.7,0.3,10.0,240.6
2019-05-01T07:15:22,20.9,153.5,217.1,0.3,10.0,242.5
2019-05-01T07:15:54,20.9,175.4,237.8,0.3,20.0,241.5
2019-05-01T07:16:25,20.9,196.7,225.4,0.2,20.0,242.5
2019-05-01T07:16:56,21.3,217.3,204.6,0.2,20.0,242.5
2019-05-01T07:17:27,21.3,202.0,218.3,0.3,20.0,242.5
2019-05-01T07:17:58,21.3,180.7,239.5,0.3,20.0,244.4
2019-05-01T07:18:29,21.3,160.6,224.2,0.3,20.0,244.4
2019-05-01T07:19:00,20.9,174.8,211.2,0.3,20.0,243.5
2019-05-01T07:19:31,21.3,196.1,231.9,0.2,20.0,242.5
2019-05-01T07:20:02,21.3,217.9,237.8,0.2,20.0,242.5
2019-05-01T07:20:34,21.7,199.0,215.3,0.3,20.0,241.5
2019-05-01T07:21:05,21.7,178.3,195.2,0.3,20.0,242.5
2019-05-01T07:21:36,21.7,159.4,202.3,0.3,30.0,243.5
2019-05-01T07:22:07,21.7,161.2,224.8,0.3,30.0,245.4
2019-05-01T07:22:38,21.7,185.4,244.9,0.3,30.0,243.5
2019-05-01T07:23:09,21.7,206.1,228.3,0.3,30.0,244.4
2019-05-01T07:23:40,21.7,216.2,208.2,0.3,30.0,244.4
2019-05-01T07:24:11,21.7,195.5,186.3,0.4,30.0,244.4
2019-05-01T07:24:42,22.0,174.2,171.5,0.4,30.0,245.4
2019-05-01T07:25:13,22.0,153.5,190.4,0.5,30.0,243.5
2019-05-01T07:25:45,22.0,145.9,192.2,0.4,30.0,245.4
2019-05-01T07:26:16,22.0,146.4,192.8,0.5,40.0,242.5
2019-05-01T07:26:47,22.0,167.7,215.9,0.4,40.0,243.5
2019-05-01T07:27:18,22.4,189.6,237.8,0.4,40.0,243.5
2019-05-01T07:27:49,22.4,184.3,227.7,0.4,40.0,243.5
2019-05-01T07:28:20,22.4,163.6,209.4,0.5,40.0,245.4
2019-05-01T07:28:51,22.4,166.5,231.3,0.6,40.0,242.5
2019-05-01T07:29:22,22.8,188.4,240.1,0.5,40.0,244.4
2019-05-01T07:29:53,22.8,208.5,228.9,0.4,50.0,242.5
2019-05-01T07:30:24,22.8,213.8,227.7,0.4,50.0,243.5
2019-05-01T07:30:56,22.8,215.6,234.2,0.4,50.0,244.4
2019-05-01T07:31:27,23.1,216.2,223.0,0.4,50.0,243.5
2019-05-01T07:31:58,23.1,212.0,222.4,0.4,50.0,244.4
2019-05-01T07:32:29,23.1,212.6,210.0,0.3,50.0,243.5
2019-05-01T07:33:00,23.1,207.9,225.4,0.4,50.0,244.4
2019-05-01T07:33:31,23.5,210.8,226.5,0.4,60.0,244.4
2019-05-01T07:34:02,23.5,211.4,211.2,0.4,60.0,245.4
2019-05-01T07:34:33,23.5,192.5,233.0,0.4,60.0,244.4
2019-05-01T07:35:04,23.5,170.7,239.0,0.5,60.0,244.4
2019-05-01T07:35:36,23.5,163.6,216.5,0.5,60.0,243.5
2019-05-01T07:36:08,23.5,186.0,202.3,0.5,60.0,243.5
2019-05-01T07:36:39,23.5,207.9,225.4,0.4,60.0,244.4
2019-05-01T07:37:10,23.9,222.7,246.1,0.4,70.0,243.5
2019-05-01T07:37:41,23.9,197.8,225.9,0.5,70.0,244.4
2019-05-01T07:38:12,23.9,176.6,205.2,0.6,70.0,244.4
2019-05-01T07:38:43,23.9,156.5,205.8,0.6,70.0,244.4
2019-05-01T07:39:14,23.9,150.0,231.9,0.6,70.0,243.5
2019-05-01T07:39:45,23.9,158.9,236.6,0.7,70.0,244.4
2019-05-01T07:40:16,24.2,172.4,242.5,0.6,80.0,244.4
2019-05-01T07:40:47,24.2,194.9,233.6,0.7,80.0,245.4
2019-05-01T07:41:19,24.2,217.3,212.9,0.6,80.0,244.4
2019-05-01T07:41:50,24.6,212.6,218.3,0.6,80.0,243.5
2019-05-01T07:42:21,24.6,191.9,240.1,0.7,90.0,243.5
2019-05-01T07:42:52,24.6,171.3,234.8,0.8,90.0,244.4
2019-05-01T07:43:23,24.6,179.5,237.8,0.7,90.0,245.4
2019-05-01T07:43:54,25.0,200.8,233.6,0.7,90.0,243.5
2019-05-01T07:44:25,25.0,220.9,237.2,0.6,100.0,244.4
2019-05-01T07:44:56,25.0,206.7,230.7,0.6,100.0,243.5
2019-05-01T07:45:27,25.0,214.4,234.2,0.7,100.0,243.5
2019-05-01T07:45:58,25.0,210.2,237.8,0.6,100.0,243.5
2019-05-01T07:46:30,25.0,215.0,227.7,0.6,110.0,246.4
2019-05-01T07:47:01,25.3,211.4,246.6,0.6,110.0,244.4
2019-05-01T07:47:32,25.3,206.1,226.5,0.6,110.0,242.5
2019-05-01T07:48:03,25.3,217.3,220.0,0.7,110.0,241.5
2019-05-01T07:48:34,25.3,197.8,241.3,0.7,110.0,242.5
2019-05-01T07:49:05,25.7,176.6,230.7,0.7,120.0,245.4
2019-05-01T07:49:36,25.7,177.8,228.9,0.7,120.0,243.5
2019-05-01T07:50:07,25.7,199.6,244.9,0.6,120.0,243.5
2019-05-01T07:50:38,25.7,221.5,223.0,0.6,120.0,243.5
2019-05-01T07:51:10,25.7,203.7,231.9,0.6,130.0,244.4
2019-05-01T07:51:41,26.1,219.7,240.7,0.6,130.0,243.5
2019-05-01T07:52:12,26.1,207.9,220.0,0.6,130.0,244.4
2019-05-01T07:52:43,26.1,212.0,237.8,0.6,130.0,244.4
2019-05-01T07:53:14,26.4,222.1,230.7,0.6,140.0,243.5
2019-05-01T07:53:45,26.4,210.8,226.5,0.6,140.0,243.5
2019-05-01T07:54:16,26.4,210.2,228.9,0.6,140.0,243.5
2019-05-01T07:54:47,26.4,211.4,236.0,0.6,140.0,244.4
2019-05-01T07:55:18,26.4,215.6,235.4,0.6,150.0,244.4
2019-05-01T07:55:49,26.4,207.3,214.1,0.7,150.0,245.4
2019-05-01T07:56:21,26.8,186.6,221.8,0.8,150.0,244.4
2019-05-01T07:56:52,26.8,165.9,243.7,0.8,150.0,242.5
2019-05-01T07:57:23,27.2,176.0,231.9,0.9,160.0,242.5
2019-05-01T07:57:54,27.2,199.0,211.2,0.8,160.0,243.5
2019-05-01T07:58:25,27.2,220.9,227.1,0.7,160.0,243.5
2019-05-01T07:58:56,27.5,203.7,247.8,0.8,160.0,243.5
2019-05-01T07:59:27,27.5,215.6,237.8,0.9,170.0,242.5
2019-05-01T07:59:58,27.5,209.7,230.1,0.9,170.0,242.5
2019-05-01T08:00:29,27.9,187.8,234.2,1.1,170.0,243.5
2019-05-01T08:01:00,27.9,167.7,239.0,1.2,180.0,243.5
2019-05-01T08:01:31,27.9,186.0,217.1,1.1,180.0,243.5
2019-05-01T08:02:02,27.9,207.9,241.3,1.0,180.0,244.4
2019-05-01T08:02:33,28.3,213.8,228.9,1.0,190.0,244.4
2019-05-01T08:03:04,28.3,220.9,247.8,1.0,190.0,244.4
2019-05-01T08:03:35,28.3,219.1,237.2,1.0,190.0,243.5
2019-05-01T08:04:06,28.3,207.3,234.2,1.0,200.0,244.4
2019-05-01T08:04:37,28.3,217.9,215.3,1.0,200.0,244.4
2019-05-01T08:05:08,28.6,212.0,236.0,1.0,210.0,244.4
2019-05-01T08:05:40,28.6,204.3,259.1,1.2,210.0,245.4
2019-05-01T08:06:11,28.6,177.8,240.7,1.6,210.0,245.4
2019-05-01T08:06:42,28.6,178.3,239.0,1.1,220.0,245.4
2019-05-01T08:07:13,29.0,173.0,234.2,0.9,220.0,244.4
2019-05-01T08:07:44,29.0,191.9,230.7,0.8,220.0,243.5
2019-05-01T08:08:15,29.0,190.2,238.4,0.8,230.0,243.5
2019-05-01T08:08:46,29.0,197.8,237.2,0.8,230.0,243.5
2019-05-01T08:09:17,29.4,217.9,218.3,0.6,230.0,244.4
2019-05-01T08:09:48,29.0,200.8,233.0,0.7,230.0,241.5
2019-05-01T08:10:19,29.4,215.0,237.8,0.7,240.0,242.5
2019-05-01T08:10:51,29.4,203.7,214.1,0.8,240.0,240.6
2019-05-01T08:11:22,29.4,181.3,194.0,1.0,240.0,240.6
2019-05-01T08:11:53,29.4,159.4,178.0,1.2,240.0,241.5
2019-05-01T08:12:24,29.7,186.0,207.6,1.2,250.0,241.5
2019-05-01T08:12:55,29.7,219.7,239.5,1.4,250.0,240.6
2019-05-01T08:13:26,29.7,204.9,224.2,1.7,260.0,240.6
2019-05-01T08:13:57,29.7,223.2,242.5,1.6,260.0,241.5
2019-05-01T08:14:28,29.7,218.5,241.9,1.4,270.0,240.6
2019-05-01T08:14:59,29.7,223.2,230.7,1.2,270.0,240.6
2019-05-01T08:15:30,30.1,217.9,240.1,1.2,280.0,239.6
2019-05-01T08:16:02,30.1,210.8,231.3,1.2,280.0,241.5
2019-05-01T08:16:33,30.1,214.4,233.0,1.1,290.0,240.6
2019-05-01T08:17:04,30.1,222.1,239.0,1.0,290.0,241.5
2019-05-01T08:17:35,30.2,217.9,234.8,1.0,300.0,241.5
2019-05-01T08:18:06,30.3,214.4,230.1,1.2,300.0,241.5
2019-05-01T08:18:37,30.3,210.8,238.4,1.2,310.0,241.5
2019-05-01T08:19:08,30.3,213.2,225.4,1.1,310.0,241.5
2019-05-01T08:19:39,30.4,216.2,233.0,1.1,310.0,241.5
2019-05-01T08:20:10,30.3,213.8,229.5,1.1,320.0,240.6
2019-05-01T08:20:41,30.4,208.5,239.0,1.2,320.0,241.5
2019-05-01T08:21:13,30.4,216.2,228.3,1.2,330.0,241.5
2019-05-01T08:21:44,30.4,222.7,243.1,1.1,330.0,240.6
2019-05-01T08:22:15,30.5,214.4,224.2,1.2,340.0,241.5
2019-05-01T08:22:46,30.5,208.5,244.9,1.2,340.0,241.5
2019-05-01T08:23:17,30.5,215.6,223.0,1.3,350.0,240.6
2019-05-01T08:23:48,30.7,222.7,243.1,1.2,350.0,240.6
2019-05-01T08:24:19,30.7,196.7,220.6,1.6,360.0,242.5
2019-05-01T08:24:50,30.7,159.4,185.7,3.1,360.0,244.4
2019-05-01T08:25:21,30.8,171.9,200.5,2.5,370.0,244.4
2019-05-01T08:25:52,30.8,177.8,211.7,1.8,380.0,242.5
2019-05-01T08:26:24,30.8,177.8,231.3,1.6,380.0,242.5
2019-05-01T08:26:55,30.9,180.7,230.1,1.5,390.0,243.5
2019-05-01T08:27:26,30.9,197.8,228.3,1.2,390.0,241.5
2019-05-01T08:27:57,30.9,194.3,230.1,1.4,400.0,242.5
2019-05-01T08:28:28,30.9,191.9,237.2,1.4,400.0,243.5
2019-05-01T08:28:59,31.0,190.2,234.8,1.3,410.0,242.5
2019-05-01T08:29:30,31.0,191.9,225.9,1.3,410.0,242.5
2019-05-01T08:30:01,31.0,194.3,239.0,1.2,420.0,242.5
2019-05-01T08:30:32,31.0,196.1,227.7,1.3,420.0,243.5
2019-05-01T08:31:04,31.1,197.8,234.2,1.2,430.0,244.4
2019-05-01T08:31:35,31.1,193.7,234.2,1.1,430.0,244.4
2019-05-01T08:32:06,31.1,194.9,230.1,1.2,440.0,244.4
2019-05-01T08:32:37,31.2,190.2,227.7,1.1,440.0,242.5
2019-05-01T08:33:08,31.1,191.9,225.4,1.1,440.0,244.4
2019-05-01T08:33:39,31.2,193.7,228.3,1.1,450.0,242.5
2019-05-01T08:34:10,31.2,194.9,231.3,1.0,450.0,242.5
2019-05-01T08:34:41,31.2,199.0,242.5,0.9,460.0,241.5
2019-05-01T08:35:12,31.1,196.7,228.3,1.0,460.0,243.5
2019-05-01T08:35:43,31.1,196.7,234.2,0.9,460.0,244.4
2019-05-01T08:36:15,31.1,203.2,234.2,0.9,470.0,244.4
2019-05-01T08:36:46,31.0,223.2,230.1,0.7,470.0,244.4
2019-05-01T08:37:17,31.1,205.5,240.1,0.8,470.0,245.4
2019-05-01T08:37:48,31.2,216.2,225.9,0.8,480.0,244.4
2019-05-01T08:38:19,31.2,209.7,241.3,0.9,480.0,245.4
2019-05-01T08:38:50,31.2,210.8,231.3,0.8,480.0,245.4
2019-05-01T08:39:21,31.2,222.7,230.1,0.7,490.0,245.4
2019-05-01T08:39:52,31.4,204.3,234.8,0.8,490.0,245.4
2019-05-01T08:40:23,31.4,217.9,230.7,0.8,490.0,244.4
2019-05-01T08:40:54,31.4,215.0,228.9,0.9,500.0,244.4
2019-05-01T08:41:26,31.4,210.8,231.9,0.7,500.0,244.4
2019-05-01T08:41:57,31.4,215.6,237.2,0.8,500.0,244.4
2019-05-01T08:42:28,31.4,213.2,226.5,0.8,510.0,245.4
2019-05-01T08:42:59,31.4,209.1,237.2,0.8,510.0,245.4
2019-05-01T08:43:30,31.4,212.0,228.9,0.8,510.0,245.4
2019-05-01T08:44:01,31.5,217.9,240.1,0.8,520.0,246.4
2019-05-01T08:44:32,31.5,206.1,225.9,0.9,520.0,246.4
2019-05-01T08:45:03,31.5,186.6,237.2,0.9,520.0,246.4
2019-05-01T08:45:34,31.5,165.9,221.8,1.0,530.0,246.4
2019-05-01T08:46:06,31.5,184.8,243.1,0.9,530.0,246.4
2019-05-01T08:46:37,31.5,190.2,224.8,1.0,540.0,245.4
2019-05-01T08:47:08,31.6,204.3,237.2,0.9,540.0,246.4
2019-05-01T08:47:39,31.6,222.7,217.1,0.8,540.0,246.4
2019-05-01T08:48:10,31.6,199.6,239.5,0.9,550.0,248.3
2019-05-01T08:48:41,31.6,178.3,230.1,1.1,550.0,246.4
2019-05-01T08:49:12,31.7,158.9,210.0,1.3,550.0,245.4
2019-05-01T08:49:43,31.7,183.7,237.8,1.3,560.0,247.3
2019-05-01T08:50:14,31.7,197.8,233.0,1.2,560.0,246.4
2019-05-01T08:50:46,31.7,177.2,227.7,1.3,570.0,247.3
2019-05-01T08:51:17,31.8,165.9,239.5,1.4,570.0,247.3
2019-05-01T08:51:48,31.8,189.6,233.0,1.3,580.0,246.4
2019-05-01T08:52:19,31.8,193.7,242.5,1.3,580.0,245.4
2019-05-01T08:52:50,31.9,199.0,224.8,1.5,590.0,245.4
2019-05-01T08:53:21,31.9,197.3,229.5,1.5,590.0,246.4
2019-05-01T08:53:52,31.9,180.7,231.3,1.5,600.0,245.4
2019-05-01T08:54:23,31.9,194.3,240.7,1.4,610.0,245.4
2019-05-01T08:54:54,32.0,193.1,228.3,1.6,610.0,245.4
2019-05-01T08:55:25,32.0,193.7,243.1,1.5,620.0,247.3
2019-05-01T08:55:57,32.0,190.8,233.0,1.5,620.0,247.3
2019-05-01T08:56:28,32.0,192.5,228.9,1.6,630.0,245.4
2019-05-01T08:56:59,32.2,196.1,239.0,1.6,640.0,245.4
2019-05-01T08:57:30,32.2,199.0,232.4,1.6,640.0,246.4
2019-05-01T08:58:01,32.2,190.2,237.2,1.6,650.0,246.4
2019-05-01T08:58:32,32.3,191.9,226.5,1.8,660.0,247.3
2019-05-01T08:59:03,32.3,199.0,239.5,1.8,660.0,245.4
2019-05-01T08:59:34,32.3,192.5,228.9,1.8,670.0,246.4
2019-05-01T09:00:05,32.3,198.4,234.8,1.7,680.0,246.4
2019-05-01T09:00:37,32.4,191.9,239.0,1.7,680.0,247.3
2019-05-01T09:01:08,32.4,199.0,234.8,1.6,690.0,246.4
2019-05-01T09:01:39,32.4,194.9,237.8,1.6,700.0,246.4
2019-05-01T09:02:10,32.4,194.9,233.0,1.8,700.0,246.4
2019-05-01T09:02:41,32.5,194.3,228.3,1.6,710.0,245.4
2019-05-01T09:03:12,32.5,194.9,234.8,1.8,720.0,246.4
2019-05-01T09:03:43,32.5,191.3,240.1,1.8,720.0,247.3
2019-05-01T09:04:14,32.6,190.8,224.8,1.8,730.0,246.4
2019-05-01T09:04:45,32.6,197.3,236.0,1.8,730.0,246.4
2019-05-01T09:05:16,32.6,194.9,217.7,1.9,740.0,247.3
2019-05-01T09:05:48,32.6,192.5,243.1,1.9,750.0,245.4
2019-05-01T09:06:19,32.7,175.4,221.2,2.1,760.0,246.4
2019-05-01T09:06:50,32.7,200.2,239.5,2.0,760.0,247.3
2019-05-01T09:07:21,32.9,220.9,216.5,2.1,770.0,246.4
2019-05-01T09:07:52,32.9,212.0,239.5,2.1,780.0,246.4
2019-05-01T09:08:23,32.9,186.6,225.9,2.7,790.0,246.4
2019-05-01T09:08:54,33.0,171.3,218.3,2.8,800.0,247.3
2019-05-01T09:09:25,33.0,180.1,231.3,2.4,810.0,248.3
2019-05-01T09:09:56,33.1,195.5,231.9,2.2,810.0,248.3
2019-05-01T09:10:27,33.1,191.9,239.0,2.3,820.0,246.4
2019-05-01T09:10:59,33.1,190.2,231.3,2.2,830.0,248.3
2019-05-01T09:11:30,33.0,192.5,233.0,2.2,840.0,246.4
2019-05-01T09:12:01,33.1,193.1,228.9,2.1,850.0,247.3
2019-05-01T09:12:32,33.1,190.8,227.1,2.1,850.0,246.4
2019-05-01T09:13:03,33.1,194.9,227.1,2.2,860.0,246.4
2019-05-01T09:13:34,33.2,192.5,231.9,2.1,870.0,246.4
2019-05-01T09:14:05,33.2,188.4,227.1,2.1,880.0,247.3
2019-05-01T09:14:36,33.3,197.3,227.7,2.1,890.0,246.4
2019-05-01T09:15:07,33.3,188.4,232.4,2.0,890.0,246.4
2019-05-01T09:15:39,33.3,194.9,231.9,2.1,900.0,247.3
2019-05-01T09:16:10,33.4,190.2,228.3,2.0,910.0,245.4
2019-05-01T09:16:41,33.4,194.3,224.8,2.1,920.0,244.4
2019-05-01T09:17:12,33.5,190.8,231.9,2.3,920.0,246.4
2019-05-01T09:17:43,33.5,209.7,224.2,2.2,930.0,247.3
2019-05-01T09:18:14,33.5,207.9,215.3,2.5,940.0,247.3
2019-05-01T09:18:45,33.7,171.9,232.4,3.8,950.0,248.3
2019-05-01T09:19:16,33.7,171.9,226.5,3.5,960.0,247.3
2019-05-01T09:19:47,33.8,191.3,230.7,3.0,970.0,248.3
2019-05-01T09:20:18,33.8,213.2,202.9,3.2,990.0,247.3
2019-05-01T09:20:50,33.9,214.4,211.2,2.9,1000.0,246.4
2019-05-01T09:21:21,33.9,217.9,248.4,3.6,1010.0,249.3
2019-05-01T09:21:52,34.0,201.4,239.0,3.7,1020.0,249.3
2019-05-01T09:22:23,34.0,210.8,218.8,3.6,1040.0,248.3
2019-05-01T09:22:54,34.1,215.0,223.0,2.8,1050.0,247.3
2019-05-01T09:23:25,34.1,202.6,241.3,2.8,1060.0,247.3
2019-05-01T09:23:56,34.2,205.5,236.0,2.9,1070.0,247.3
2019-05-01T09:24:27,34.2,172.4,236.0,4.1,1080.0,248.3
2019-05-01T09:24:58,34.4,142.9,199.9,5.8,1100.0,250.2
2019-05-01T09:25:29,34.4,173.6,221.8,5.7,1110.0,250.2
2019-05-01T09:26:01,34.5,181.9,220.6,5.8,1130.0,250.2
2019-05-01T09:26:32,34.6,181.9,219.4,5.7,1150.0,250.2
2019-05-01T09:27:03,34.6,189.6,230.7,5.6,1170.0,250.2
2019-05-01T09:27:34,34.7,208.5,231.9,5.3,1190.0,250.2
2019-05-01T09:28:05,34.8,207.3,218.8,5.3,1210.0,250.2
2019-05-01T09:28:36,34.8,207.9,222.4,3.2,1220.0,246.4
2019-05-01T09:29:07,34.9,211.4,225.4,2.5,1230.0,249.3
2019-05-01T09:29:38,34.9,199.6,209.4,2.7,1240.0,246.4
2019-05-01T09:30:09,34.9,185.4,238.4,4.2,1250.0,249.3
2019-05-01T09:30:40,35.0,187.2,225.4,5.3,1270.0,252.2
2019-05-01T09:31:12,35.0,178.9,217.1,5.1,1290.0,252.2
2019-05-01T09:31:43,35.2,176.0,220.0,4.7,1300.0,252.2
2019-05-01T09:32:14,35.2,187.8,225.9,4.3,1320.0,251.2
2019-05-01T09:32:45,35.2,187.2,228.3,4.3,1330.0,251.2
2019-05-01T09:33:16,35.3,183.7,226.5,3.5,1350.0,250.2
2019-05-01T09:33:47,35.4,181.9,227.1,3.4,1360.0,250.2
2019-05-01T09:34:18,35.4,202.0,207.6,3.2,1370.0,250.2
2019-05-01T09:34:49,35.4,207.3,218.3,2.9,1380.0,249.3
2019-05-01T09:35:20,35.4,210.2,221.2,2.6,1390.0,250.2
2019-05-01T09:35:51,35.5,210.2,217.7,2.5,1400.0,249.3
2019-05-01T09:36:23,35.5,209.7,232.4,2.8,1410.0,248.3
2019-05-01T09:36:54,35.5,210.8,224.2,2.6,1420.0,249.3
2019-05-01T09:37:25,35.6,209.1,221.8,2.4,1430.0,247.3
2019-05-01T09:37:56,35.5,209.7,223.6,2.1,1440.0,248.3
2019-05-01T09:38:27,35.6,208.5,221.2,2.1,1450.0,247.3
2019-05-01T09:38:58,35.6,209.7,223.0,1.9,1460.0,248.3
2019-05-01T09:39:29,35.6,213.2,218.3,1.9,1460.0,249.3
2019-05-01T09:40:00,35.7,209.7,224.8,1.8,1470.0,247.3
2019-05-01T09:40:31,35.7,211.4,227.1,1.9,1480.0,248.3
2019-05-01T09:41:03,35.7,214.4,227.7,1.9,1490.0,249.3
2019-05-01T09:41:34,35.7,216.2,217.1,1.8,1500.0,249.3
2019-05-01T09:42:05,35.7,210.8,230.1,1.9,1500.0,249.3
2019-05-01T09:42:36,35.7,209.1,228.3,1.9,1510.0,247.3
2019-05-01T09:43:07,35.7,213.8,224.8,1.8,1520.0,249.3
2019-05-01T09:43:38,35.7,214.4,220.6,1.7,1530.0,248.3
2019-05-01T09:44:09,35.7,208.5,230.1,1.8,1530.0,249.3
2019-05-01T09:44:40,35.7,210.8,231.3,1.7,1540.0,248.3
2019-05-01T09:45:11,35.7,208.5,231.9,1.8,1550.0,248.3
2019-05-01T09:45:42,35.7,215.0,225.4,1.6,1560.0,248.3
2019-05-01T09:46:14,35.7,213.2,225.9,1.6,1560.0,248.3
2019-05-01T09:46:45,35.7,215.6,227.7,1.5,1570.0,247.3
2019-05-01T09:47:16,35.9,218.5,234.2,1.4,1580.0,247.3
2019-05-01T09:47:47,35.9,213.2,228.3,1.5,1580.0,246.4
2019-05-01T09:48:18,35.9,217.9,220.6,1.5,1590.0,247.3
2019-05-01T09:48:49,35.9,211.4,237.2,1.5,1600.0,247.3
2019-05-01T09:49:20,35.9,205.5,217.1,1.7,1600.0,247.3
2019-05-01T09:49:51,35.9,213.8,237.2,1.7,1610.0,247.3
2019-05-01T09:50:22,35.9,216.7,223.0,1.6,1620.0,247.3
2019-05-01T09:50:53,36.0,200.2,229.5,1.8,1620.0,246.4
2019-05-01T09:51:25,36.0,214.4,231.9,1.8,1630.0,248.3
2019-05-01T09:51:56,36.0,210.8,227.1,1.9,1640.0,249.3
2019-05-01T09:52:27,36.0,212.0,221.2,1.9,1650.0,247.3
2019-05-01T09:52:58,36.0,216.7,234.2,1.8,1650.0,248.3
2019-05-01T09:53:29,36.0,217.9,227.1,1.9,1660.0,249.3
2019-05-01T09:54:00,36.0,215.6,227.7,2.0,1670.0,248.3
2019-05-01T09:54:31,36.1,217.3,222.4,2.0,1680.0,249.3
2019-05-01T09:55:02,36.0,218.5,230.1,1.9,1690.0,248.3
2019-05-01T09:55:33,36.0,215.0,235.4,2.0,1700.0,248.3
2019-05-01T09:56:05,36.1,217.9,221.8,1.9,1700.0,246.4
2019-05-01T09:56:36,36.1,215.6,226.5,2.0,1710.0,247.3
2019-05-01T09:57:07,36.1,214.4,227.7,1.9,1720.0,247.3
2019-05-01T09:57:38,36.1,219.1,232.4,1.8,1730.0,247.3
2019-05-01T09:58:09,36.1,220.9,225.9,1.7,1740.0,246.4
2019-05-01T09:58:40,36.1,217.9,223.0,2.0,1740.0,247.3
2019-05-01T09:59:11,36.1,215.6,235.4,1.9,1750.0,247.3
2019-05-01T09:59:42,36.1,210.8,227.1,2.1,1760.0,247.3
2019-05-01T10:00:13,36.2,221.5,220.0,1.9,1770.0,248.3
2019-05-01T10:00:44,36.2,215.0,225.9,2.0,1780.0,248.3
2019-05-01T10:01:16,36.2,217.9,236.0,2.1,1790.0,249.3
2019-05-01T10:01:47,36.2,213.2,228.9,2.1,1800.0,248.3
2019-05-01T10:02:18,36.2,218.5,230.1,1.9,1810.0,247.3
2019-05-01T10:02:49,36.1,212.0,225.9,1.9,1810.0,248.3
2019-05-01T10:03:20,36.2,219.1,223.0,1.9,1820.0,248.3
2019-05-01T10:03:51,36.2,213.8,224.8,1.9,1830.0,247.3
2019-05-01T10:04:22,36.2,215.0,225.4,2.0,1840.0,247.3
2019-05-01T10:04:53,36.3,215.6,224.8,2.0,1850.0,247.3
2019-05-01T10:05:24,36.3,206.1,227.7,2.0,1860.0,247.3
2019-05-01T10:05:56,36.3,215.6,231.9,2.1,1860.0,247.3
2019-05-01T10:06:27,36.3,218.5,227.7,2.0,1870.0,248.3
2019-05-01T10:06:58,36.4,210.2,224.2,2.0,1880.0,246.4
2019-05-01T10:07:29,36.4,209.7,229.5,2.0,1890.0,247.3
2019-05-01T10:08:00,36.4,210.8,221.8,1.9,1900.0,247.3
2019-05-01T10:08:31,36.4,212.0,224.8,1.9,1910.0,247.3
2019-05-01T10:09:02,36.4,219.7,221.2,1.9,1910.0,248.3
2019-05-01T10:09:33,36.4,217.9,223.6,1.9,1920.0,247.3
2019-05-01T10:10:04,36.3,212.6,230.1,2.0,1930.0,245.4
2019-05-01T10:10:36,36.4,217.9,230.1,1.9,1940.0,248.3
2019-05-01T10:11:07,36.4,206.1,224.8,2.0,1950.0,247.3
2019-05-01T10:11:38,36.4,215.6,227.7,1.9,1960.0,246.4
2019-05-01T10:12:09,36.4,216.7,227.7,1.8,1960.0,248.3
2019-05-01T10:12:40,36.5,216.2,228.3,1.8,1970.0,247.3
2019-05-01T10:13:11,36.5,217.9,230.1,1.6,1980.0,248.3
2019-05-01T10:13:42,36.5,213.8,227.1,1.5,1980.0,247.3
2019-05-01T10:14:13,36.5,217.3,231.9,1.4,1990.0,245.4
2019-05-01T10:14:44,36.5,217.3,228.3,1.4,2000.0,245.4
2019-05-01T10:15:15,36.7,217.9,227.7,1.3,2000.0,246.4
2019-05-01T10:15:47,36.5,217.3,224.2,1.3,2010.0,245.4
2019-05-01T10:16:18,36.7,212.0,228.3,1.2,2010.0,245.4
2019-05-01T10:16:49,36.7,215.0,230.1,1.1,2020.0,245.4
2019-05-01T10:17:20,36.5,216.2,234.2,1.1,2020.0,245.4
2019-05-01T10:17:51,36.7,216.7,224.8,1.0,2030.0,244.4
2019-05-01T10:18:22,36.7,216.2,232.4,1.0,2030.0,245.4
2019-05-01T10:18:53,36.7,212.0,228.9,1.1,2040.0,245.4
2019-05-01T10:19:24,36.7,207.9,220.6,1.0,2040.0,245.4
2019-05-01T10:19:55,36.7,204.9,230.7,1.0,2050.0,245.4
2019-05-01T10:20:26,36.7,210.8,228.9,0.9,2050.0,246.4
2019-05-01T10:20:58,36.7,213.8,220.6,1.0,2050.0,246.4
2019-05-01T10:21:29,36.7,213.2,228.3,1.0,2060.0,246.4
2019-05-01T10:22:00,36.5,207.9,234.2,0.9,2060.0,245.4
2019-05-01T10:22:31,36.7,203.7,234.8,1.0,2070.0,245.4
2019-05-01T10:23:02,36.5,206.7,235.4,0.9,2070.0,245.4
2019-05-01T10:23:33,36.7,215.0,222.4,0.9,2070.0,244.4
2019-05-01T10:24:04,36.5,207.9,233.0,0.9,2080.0,246.4
2019-05-01T10:24:35,36.5,203.7,231.3,0.9,2080.0,244.4
2019-05-01T10:25:06,36.5,210.8,224.2,0.9,2090.0,244.4
2019-05-01T10:25:38,36.5,215.6,233.0,0.8,2090.0,246.4
2019-05-01T10:26:09,36.5,204.9,224.8,0.9,2090.0,244.4
2019-05-01T10:26:40,36.5,207.9,223.6,0.8,2100.0,244.4
2019-05-01T10:27:11,36.5,205.5,224.8,0.8,2100.0,244.4
2019-05-01T10:27:42,36.5,202.6,227.7,0.9,2100.0,244.4
2019-05-01T10:28:13,36.5,210.8,220.6,0.9,2110.0,244.4
2019-05-01T10:28:44,36.5,190.8,240.1,0.9,2110.0,245.4
2019-05-01T10:29:15,36.5,168.9,216.5,1.1,2110.0,245.4
2019-05-01T10:29:46,36.5,192.5,235.4,1.0,2120.0,243.5
2019-05-01T10:30:17,36.4,214.4,221.8,0.9,2120.0,244.4
2019-05-01T10:30:49,36.4,200.8,218.3,1.0,2120.0,244.4
2019-05-01T10:31:20,36.5,217.9,237.8,0.9,2130.0,245.4
2019-05-01T10:31:51,36.4,202.0,233.0,1.1,2130.0,245.4
2019-05-01T10:32:22,36.4,196.7,235.4,1.2,2140.0,245.4
2019-05-01T10:32:53,36.4,183.1,226.5,1.3,2140.0,246.4
2019-05-01T10:33:24,36.4,162.4,228.9,1.5,2150.0,245.4
2019-05-01T10:33:55,36.4,168.9,231.3,1.4,2150.0,244.4
2019-05-01T10:34:26,36.4,166.5,230.7,1.4,2160.0,244.4
2019-05-01T10:34:57,36.4,189.6,229.5,1.4,2160.0,244.4
2019-05-01T10:35:29,36.4,206.7,227.7,1.4,2170.0,244.4
2019-05-01T10:36:00,36.4,212.0,225.9,1.4,2170.0,245.4
2019-05-01T10:36:31,36.4,220.3,227.1,1.2,2180.0,244.4
2019-05-01T10:37:02,36.4,221.5,234.2,1.2,2180.0,246.4
2019-05-01T10:37:33,36.4,205.5,228.3,1.4,2190.0,245.4
2019-05-01T10:38:04,36.4,214.4,230.1,1.3,2200.0,245.4
2019-05-01T10:38:35,36.4,220.3,224.8,1.4,2200.0,245.4
2019-05-01T10:39:06,36.4,209.1,237.2,1.5,2210.0,245.4
2019-05-01T10:39:37,36.4,215.6,223.0,1.5,2210.0,245.4
2019-05-01T10:40:08,36.4,210.8,237.2,1.4,2220.0,246.4
2019-05-01T10:40:39,36.4,217.9,228.9,1.5,2230.0,245.4
2019-05-01T10:41:11,36.4,206.1,233.6,1.6,2230.0,245.4
2019-05-01T10:41:42,36.4,213.2,223.0,1.7,2240.0,247.3
2019-05-01T10:42:13,36.5,218.5,227.7,1.5,2250.0,247.3
2019-05-01T10:42:44,36.4,217.9,234.2,1.5,2250.0,246.4
2019-05-01T10:43:15,36.5,216.2,219.4,1.8,2260.0,246.4
2019-05-01T10:43:46,36.5,220.9,234.8,1.7,2270.0,246.4
2019-05-01T10:44:17,36.5,215.0,233.0,1.7,2280.0,247.3
2019-05-01T10:44:48,36.5,213.2,226.5,1.6,2280.0,247.3
2019-05-01T10:45:19,36.5,219.7,225.9,1.6,2290.0,246.4
2019-05-01T10:45:51,36.5,213.8,227.7,1.7,2300.0,246.4
2019-05-01T10:46:22,36.5,212.6,235.4,1.7,2300.0,246.4
2019-05-01T10:46:53,36.5,215.0,233.0,1.8,2310.0,246.4
2019-05-01T10:47:24,36.5,208.5,229.5,1.8,2320.0,246.4
2019-05-01T10:47:55,36.5,209.7,224.8,1.8,2330.0,247.3
2019-05-01T10:48:26,36.7,210.2,230.7,1.7,2330.0,246.4
2019-05-01T10:48:57,36.7,215.6,234.8,1.7,2340.0,247.3
2019-05-01T10:49:28,36.5,218.5,233.0,1.6,2350.0,246.4
2019-05-01T10:49:59,36.7,215.0,228.3,1.6,2360.0,246.4
2019-05-01T10:50:30,36.5,212.6,234.8,1.6,2360.0,245.4
2019-05-01T10:51:02,36.7,210.2,223.0,1.6,2370.0,246.4
2019-05-01T10:51:33,36.7,215.0,232.4,1.6,2380.0,247.3
2019-05-01T10:52:04,36.7,216.2,231.9,1.6,2380.0,246.4
2019-05-01T10:52:35,36.7,209.7,220.0,1.7,2390.0,246.4
2019-05-01T10:53:06,36.7,208.5,233.0,1.6,2400.0,247.3
2019-05-01T10:53:37,36.7,214.4,226.5,1.6,2400.0,245.4
2019-05-01T10:54:08,36.7,215.0,227.1,1.6,2410.0,245.4
2019-05-01T10:54:39,36.7,220.3,234.8,1.5,2420.0,245.4
2019-05-01T10:55:10,36.7,216.2,231.3,1.5,2420.0,245.4
2019-05-01T10:55:41,36.7,215.0,230.1,1.5,2430.0,245.4
2019-05-01T10:56:13,36.7,215.6,233.0,1.5,2440.0,246.4
2019-05-01T10:56:44,36.7,217.9,232.4,1.5,2440.0,247.3
2019-05-01T10:57:15,36.7,212.6,234.8,1.5,2450.0,247.3
2019-05-01T10:57:46,36.7,210.8,231.9,1.4,2460.0,247.3
2019-05-01T10:58:17,36.7,208.5,220.6,1.5,2460.0,246.4
2019-05-01T10:58:48,36.7,206.7,228.9,1.4,2470.0,247.3
2019-05-01T10:59:19,36.8,210.8,230.1,1.5,2470.0,248.3
2019-05-01T10:59:50,36.8,209.7,221.2,1.5,2480.0,247.3
2019-05-01T11:00:21,36.8,212.0,232.4,1.5,2490.0,246.4
2019-05-01T11:00:52,36.8,217.3,222.4,1.3,2490.0,246.4
2019-05-01T11:01:24,36.8,206.7,225.4,1.4,2500.0,245.4
2019-05-01T11:01:55,36.8,219.1,227.7,1.4,2500.0,246.4
2019-05-01T11:02:26,36.8,218.5,230.7,1.3,2510.0,245.4
2019-05-01T11:02:57,36.8,205.5,221.8,1.6,2520.0,246.4
2019-05-01T11:03:28,36.8,207.9,211.2,1.5,2520.0,245.4
2019-05-01T11:03:59,36.8,220.3,237.2,1.5,2530.0,246.4
2019-05-01T11:04:30,36.8,222.1,220.6,1.5,2540.0,246.4
2019-05-01T11:05:01,36.8,213.2,231.9,1.7,2540.0,245.4
2019-05-01T11:05:32,36.8,215.0,231.3,1.7,2550.0,246.4
2019-05-01T11:06:04,36.8,217.9,224.2,1.7,2560.0,245.4
2019-05-01T11:06:35,36.8,217.3,234.2,1.8,2560.0,246.4
2019-05-01T11:07:06,36.8,207.3,220.6,1.9,2570.0,245.4
2019-05-01T11:07:37,36.8,212.6,240.1,1.9,2580.0,246.4
2019-05-01T11:08:08,36.8,215.6,221.8,1.9,2590.0,246.4
2019-05-01T11:08:39,36.8,220.9,225.4,1.9,2600.0,245.4
2019-05-01T11:09:10,36.9,222.1,224.8,1.8,2600.0,245.4
2019-05-01T11:09:41,36.9,215.6,225.9,2.0,2610.0,245.4
2019-05-01T11:10:12,36.9,217.3,231.3,2.0,2620.0,246.4
2019-05-01T11:10:43,36.9,220.3,225.4,2.0,2630.0,246.4
2019-05-01T11:11:15,36.9,216.7,234.8,2.2,2640.0,245.4
2019-05-01T11:11:46,36.9,215.6,217.1,2.3,2650.0,246.4
2019-05-01T11:12:17,36.9,192.5,236.0,2.8,2660.0,246.4
2019-05-01T11:12:48,37.0,193.7,227.1,2.9,2670.0,246.4
2019-05-01T11:13:19,37.0,194.3,224.2,2.7,2680.0,246.4
2019-05-01T11:13:50,37.0,197.8,222.4,2.7,2690.0,248.3
2019-05-01T11:14:21,37.1,188.4,220.6,2.9,2700.0,247.3
2019-05-01T11:14:52,37.1,196.1,230.1,2.9,2720.0,247.3
2019-05-01T11:15:23,37.1,171.9,220.0,3.5,2730.0,247.3
2019-05-01T11:15:54,37.1,165.4,228.9,3.7,2740.0,248.3
2019-05-01T11:16:26,37.2,189.0,208.8,3.9,2750.0,248.3
2019-05-01T11:16:57,37.2,189.6,228.3,3.8,2770.0,247.3
2019-05-01T11:17:28,37.2,190.2,226.5,3.3,2780.0,247.3
2019-05-01T11:17:59,37.2,187.8,227.7,3.2,2790.0,246.4
2019-05-01T11:18:30,37.4,189.0,225.4,3.2,2800.0,246.4
2019-05-01T11:19:01,37.4,180.7,215.9,3.6,2820.0,248.3
2019-05-01T11:19:32,37.4,187.8,224.2,3.8,2830.0,249.3
2019-05-01T11:20:03,37.5,187.2,233.0,3.7,2840.0,250.2
2019-05-01T11:20:34,37.5,190.8,220.0,3.7,2860.0,249.3
2019-05-01T11:21:06,37.5,178.9,241.9,4.1,2870.0,248.3
2019-05-01T11:21:37,37.6,203.7,207.6,5.0,2890.0,249.3
2019-05-01T11:22:08,37.6,209.7,201.1,6.0,2910.0,249.3
2019-05-01T11:22:39,37.7,212.0,210.6,4.4,2930.0,248.3
2019-05-01T11:23:10,37.7,194.3,230.7,4.2,2940.0,246.4
2019-05-01T11:23:41,37.8,200.8,221.8,3.5,2960.0,246.4
2019-05-01T11:24:12,37.8,206.7,241.9,4.3,2970.0,247.3
2019-05-01T11:24:43,37.8,211.4,224.8,5.5,2990.0,248.3
2019-05-01T11:25:14,37.9,183.7,197.0,8.4,3010.0,251.2
2019-05-01T11:25:46,37.9,191.9,210.0,5.6,3040.0,249.3
2019-05-01T11:26:17,37.9,204.9,190.4,6.1,3060.0,250.2
2019-05-01T11:26:48,38.0,204.9,224.2,7.4,3080.0,251.2
2019-05-01T11:27:19,38.2,196.7,216.5,7.5,3110.0,250.2
2019-05-01T11:27:50,38.2,194.9,214.7,7.4,3130.0,252.2
2019-05-01T11:28:21,38.2,196.1,215.9,7.4,3160.0,250.2
2019-05-01T11:28:52,38.2,194.9,214.7,7.4,3180.0,249.3
2019-05-01T11:29:23,38.3,199.6,214.7,7.0,3210.0,250.2
2019-05-01T11:29:54,38.4,197.3,215.9,7.1,3230.0,250.2
2019-05-01T11:30:25,38.5,194.9,215.3,7.2,3260.0,253.1
2019-05-01T11:30:57,38.6,194.9,215.3,7.1,3280.0,253.1
2019-05-01T11:31:28,38.7,191.9,212.9,7.2,3300.0,252.2
2019-05-01T11:31:59,38.9,196.7,211.2,7.1,3330.0,251.2
2019-05-01T11:32:30,38.9,192.5,208.2,7.1,3350.0,252.2
2019-05-01T11:33:01,39.0,192.5,207.0,7.1,3370.0,252.2
2019-05-01T11:33:32,39.1,193.7,206.4,7.1,3400.0,253.1
2019-05-01T11:34:03,39.1,196.7,208.8,6.8,3420.0,253.1
2019-05-01T11:34:34,39.2,187.8,210.0,7.3,3440.0,252.2
2019-05-01T11:35:05,39.2,195.5,211.7,6.9,3470.0,252.2
2019-05-01T11:35:37,39.3,191.3,213.5,7.1,3490.0,252.2
2019-05-01T11:36:08,39.3,188.4,215.3,7.2,3510.0,252.2
2019-05-01T11:36:39,39.4,194.3,211.7,6.9,3540.0,253.1
2019-05-01T11:37:10,39.4,187.8,208.8,7.1,3560.0,252.2
2019-05-01T11:37:41,39.5,187.8,214.1,7.2,3580.0,253.1
2019-05-01T11:38:12,39.5,191.9,214.7,7.0,3600.0,253.1
2019-05-01T11:38:43,39.5,187.2,211.2,7.3,3630.0,252.2
2019-05-01T11:39:14,39.7,192.5,205.2,7.1,3650.0,252.2
2019-05-01T11:39:45,39.7,186.6,205.8,7.3,3670.0,252.2
2019-05-01T11:40:16,39.8,190.8,205.2,7.4,3700.0,253.1
2019-05-01T11:40:48,39.8,188.4,207.0,7.5,3720.0,252.2
2019-05-01T11:41:19,39.9,194.9,205.8,7.1,3740.0,252.2
2019-05-01T11:41:50,39.9,187.2,211.2,7.4,3770.0,252.2
2019-05-01T11:42:21,40.0,192.5,209.4,7.2,3790.0,252.2
2019-05-01T11:42:52,40.0,186.0,203.5,7.6,3810.0,253.1
2019-05-01T11:43:23,40.1,189.6,205.2,7.3,3840.0,251.2
2019-05-01T11:43:54,40.1,191.3,206.4,7.2,3860.0,254.1
2019-05-01T11:44:25,40.1,193.7,207.0,7.1,3890.0,253.1
2019-05-01T11:44:56,40.2,187.2,209.4,7.5,3910.0,253.1
2019-05-01T11:45:27,40.2,186.6,204.6,7.4,3930.0,254.1
2019-05-01T11:45:59,40.4,191.9,204.1,7.2,3960.0,253.1
2019-05-01T11:46:30,40.4,185.4,205.8,7.4,3980.0,253.1
2019-05-01T11:47:01,40.5,190.8,204.6,7.3,4000.0,253.1
2019-05-01T11:47:32,40.5,191.9,202.3,7.1,4030.0,252.2
2019-05-01T11:48:03,40.6,183.1,201.7,7.3,4050.0,253.1
2019-05-01T11:48:34,40.6,191.3,204.6,7.1,4070.0,252.2
2019-05-01T11:49:05,40.7,187.2,208.2,7.4,4100.0,252.2
2019-05-01T11:49:36,40.7,185.4,213.5,7.4,4120.0,252.2
2019-05-01T11:50:07,40.7,189.0,201.7,7.5,4140.0,253.1
2019-05-01T11:50:39,40.7,199.0,201.1,6.9,4170.0,253.1
2019-05-01T11:51:10,40.8,179.5,182.8,6.0,4180.0,251.2
2019-05-01T11:51:41,40.8,192.5,197.5,4.4,4200.0,248.3
2019-05-01T11:52:12,40.8,213.8,220.6,4.1,4220.0,251.2
2019-05-01T11:52:43,40.8,187.2,201.1,5.5,4230.0,252.2
2019-05-01T11:53:14,40.8,173.6,187.5,7.9,4260.0,252.2
2019-05-01T11:53:45,40.8,197.8,215.9,7.3,4280.0,254.1
2019-05-01T11:54:16,40.8,189.6,214.1,7.7,4300.0,254.1
2019-05-01T11:54:47,40.8,194.3,210.6,7.4,4330.0,253.1
2019-05-01T11:55:18,40.8,189.6,204.1,7.7,4350.0,254.1
2019-05-01T11:55:50,40.9,189.6,205.2,7.7,4380.0,252.2
2019-05-01T11:56:21,40.9,190.8,208.2,7.8,4410.0,251.2
2019-05-01T11:56:52,41.0,189.6,208.2,7.8,4430.0,252.2
2019-05-01T11:57:23,41.2,191.9,202.9,7.6,4460.0,252.2
2019-05-01T11:57:54,41.2,189.6,207.0,7.8,4480.0,252.2
2019-05-01T11:58:25,41.3,187.8,198.7,8.2,4510.0,254.1
2019-05-01T11:58:56,41.3,189.6,211.7,7.0,4530.0,253.1
2019-05-01T11:59:27,41.4,187.2,202.9,8.2,4560.0,253.1
2019-05-01T11:59:58,41.4,193.1,204.1,6.7,4580.0,253.1
2019-05-01T12:00:29,41.4,183.1,188.1,6.6,4610.0,253.1
2019-05-01T12:01:01,41.5,186.0,184.5,7.3,4630.0,252.2
2019-05-01T12:01:32,41.5,171.9,168.0,7.5,4650.0,251.2
2019-05-01T12:02:03,41.6,153.5,170.3,9.6,4670.0,252.2
2019-05-01T12:02:34,41.6,155.3,178.0,5.3,4690.0,251.2
2019-05-01T12:03:05,41.6,167.1,185.1,4.0,4710.0,249.3
2019-05-01T12:03:36,41.6,167.7,202.3,3.2,4720.0,249.3
2019-05-01T12:04:07,41.6,157.1,214.1,4.1,4730.0,250.2
2019-05-01T12:04:38,41.6,193.1,230.1,4.4,4740.0,251.2
2019-05-01T12:05:09,41.5,189.0,220.0,5.3,4760.0,252.2
2019-05-01T12:05:40,41.5,163.6,198.1,7.7,4780.0,253.1
2019-05-01T12:06:12,41.5,179.5,195.8,6.4,4800.0,253.1
2019-05-01T12:06:43,41.6,199.0,207.0,5.3,4820.0,252.2
2019-05-01T12:07:14,41.6,205.5,209.4,4.1,4840.0,250.2
2019-05-01T12:07:45,41.6,203.2,211.7,5.2,4860.0,252.2
2019-05-01T12:08:16,41.6,209.7,234.2,4.7,4880.0,251.2
2019-05-01T12:08:47,41.6,178.9,199.3,7.0,4900.0,253.1
2019-05-01T12:09:18,41.6,185.4,183.3,4.8,4920.0,249.3
2019-05-01T12:09:49,41.6,202.6,202.3,3.1,4930.0,249.3
2019-05-01T12:10:20,41.6,205.5,205.2,2.2,4940.0,249.3
2019-05-01T12:10:51,41.7,205.5,211.2,2.0,4950.0,249.3
2019-05-01T12:11:23,41.6,198.4,210.0,2.0,4960.0,248.3
2019-05-01T12:11:54,41.6,200.8,207.0,1.9,4970.0,247.3
2019-05-01T12:12:25,41.5,204.9,217.7,1.9,4980.0,247.3
2019-05-01T12:12:56,41.5,196.1,204.6,2.1,4980.0,247.3
2019-05-01T12:13:27,41.5,192.5,197.5,2.5,4990.0,246.4
2019-05-01T12:13:58,41.5,201.4,213.5,2.1,5000.0,246.4
2019-05-01T12:14:29,41.4,195.5,214.1,2.4,5010.0,248.3
2019-05-01T12:15:00,41.4,157.7,178.0,4.9,5020.0,249.3
2019-05-01T12:15:31,41.4,142.9,207.6,4.2,5040.0,250.2
2019-05-01T12:16:03,41.4,158.9,221.8,3.0,5050.0,249.3
2019-05-01T12:16:34,41.4,159.4,214.7,3.1,5060.0,247.3
2019-05-01T12:17:05,41.4,164.8,221.2,2.4,5070.0,246.4
2019-05-01T12:17:36,41.3,183.1,216.5,2.3,5080.0,246.4
2019-05-01T12:18:07,41.3,184.8,218.3,2.1,5090.0,247.3
2019-05-01T12:18:38,41.3,183.7,218.8,1.8,5090.0,246.4
2019-05-01T12:19:09,41.2,184.8,220.0,1.8,5100.0,245.4
2019-05-01T12:19:40,41.2,182.5,215.3,1.6,5110.0,246.4
2019-05-01T12:20:11,41.0,186.6,218.8,1.7,5110.0,246.4
2019-05-01T12:20:42,41.0,181.9,222.4,1.6,5120.0,245.4
2019-05-01T12:21:14,41.0,182.5,218.8,1.5,5130.0,245.4
2019-05-01T12:21:45,40.9,184.8,214.7,1.6,5130.0,245.4
2019-05-01T12:22:16,40.8,189.0,225.9,1.5,5140.0,245.4
2019-05-01T12:22:47,40.8,185.4,221.2,1.5,5140.0,244.4
2019-05-01T12:23:18,40.8,186.6,219.4,1.5,5150.0,246.4
2019-05-01T12:23:49,40.7,183.7,218.3,1.5,5150.0,246.4
2019-05-01T12:24:20,40.6,190.2,228.9,1.4,5160.0,245.4
2019-05-01T12:24:51,40.6,190.8,230.1,1.5,5160.0,245.4
2019-05-01T12:25:22,40.6,187.8,212.9,1.5,5170.0,247.3
2019-05-01T12:25:53,40.5,192.5,230.7,1.4,5180.0,246.4
2019-05-01T12:26:25,40.5,191.9,218.3,1.4,5180.0,246.4
2019-05-01T12:26:56,40.4,189.6,223.6,1.4,5190.0,247.3
2019-05-01T12:27:27,40.4,194.3,229.5,1.4,5190.0,246.4
2019-05-01T12:27:58,40.4,193.1,220.6,1.4,5200.0,246.4
2019-05-01T12:28:29,40.2,194.9,233.0,1.4,5200.0,245.4
2019-05-01T12:29:00,40.2,192.5,214.7,1.6,5210.0,246.4
2019-05-01T12:29:31,40.2,187.8,231.9,1.5,5220.0,246.4
2019-05-01T12:30:02,40.2,190.8,223.0,1.5,5220.0,245.4
2019-05-01T12:30:33,40.1,190.2,229.5,1.5,5230.0,246.4
2019-05-01T12:31:05,40.1,189.0,224.8,1.7,5240.0,246.4
2019-05-01T12:31:36,40.1,197.3,222.4,1.6,5240.0,246.4
2019-05-01T12:32:07,40.0,209.1,224.8,1.5,5250.0,246.4
2019-05-01T12:32:38,40.0,213.8,217.1,1.5,5260.0,246.4
2019-05-01T12:33:09,40.0,215.6,240.7,1.6,5260.0,247.3
2019-05-01T12:33:40,40.0,192.5,222.4,1.9,5270.0,247.3
2019-05-01T12:34:11,39.9,175.4,244.9,2.4,5280.0,248.3
2019-05-01T12:34:42,39.9,165.4,236.6,2.8,5290.0,246.4
2019-05-01T12:35:13,39.9,197.8,201.7,6.0,5300.0,251.2
2019-05-01T12:35:44,39.9,199.6,207.6,6.2,5330.0,253.1
2019-05-01T12:36:16,40.0,183.7,224.2,7.0,5350.0,253.1
2019-05-01T12:36:47,40.0,171.9,221.2,8.7,5370.0,253.1
2019-05-01T12:37:18,40.1,193.1,220.0,8.4,5400.0,253.1
2019-05-01T12:37:49,40.1,193.1,217.1,7.3,5430.0,252.2
2019-05-01T12:38:20,40.2,176.6,220.6,8.5,5460.0,251.2
2019-05-01T12:38:51,40.4,181.3,221.2,8.1,5480.0,253.1
2019-05-01T12:39:22,40.5,181.3,217.1,8.0,5510.0,252.2
2019-05-01T12:39:53,40.5,176.6,215.9,8.2,5540.0,253.1
2019-05-01T12:40:24,40.6,180.1,212.3,7.6,5560.0,252.2
2019-05-01T12:40:55,40.7,180.7,215.3,7.9,5590.0,253.1
2019-05-01T12:41:27,40.8,172.4,214.1,8.3,5610.0,253.1
2019-05-01T12:41:58,40.9,177.2,211.2,8.1,5640.0,253.1
2019-05-01T12:42:29,40.9,166.5,215.9,8.2,5670.0,253.1
2019-05-01T12:43:00,41.0,175.4,214.7,7.7,5690.0,254.1
2019-05-01T12:43:31,41.2,172.4,214.1,8.3,5720.0,254.1
2019-05-01T12:44:02,41.2,180.7,212.9,8.4,5740.0,252.2
2019-05-01T12:44:33,41.3,176.6,212.3,8.2,5770.0,253.1
2019-05-01T12:45:04,41.3,168.3,211.7,8.8,5800.0,254.1
2019-05-01T12:45:35,41.4,167.7,204.1,8.1,5820.0,252.2
2019-05-01T12:46:07,41.5,169.5,197.0,6.3,5840.0,251.2
2019-05-01T12:46:38,41.5,172.4,199.3,3.0,5860.0,246.4
2019-05-01T12:47:09,41.5,191.3,223.0,2.8,5870.0,248.3
2019-05-01T12:47:40,41.5,198.4,208.2,2.4,5880.0,247.3
2019-05-01T12:48:11,41.5,187.8,215.3,2.7,5890.0,247.3
2019-05-01T12:48:42,41.4,195.5,205.8,2.7,5900.0,248.3
2019-05-01T12:49:13,41.4,170.7,183.3,3.2,5910.0,248.3
2019-05-01T12:49:44,41.4,181.9,205.8,2.9,5920.0,248.3
2019-05-01T12:50:15,41.3,186.6,212.9,2.4,5930.0,248.3
2019-05-01T12:50:47,41.3,194.3,237.2,2.6,5940.0,250.2
2019-05-01T12:51:18,41.3,201.4,224.8,2.1,5950.0,247.3
2019-05-01T12:51:49,41.3,203.7,215.9,1.9,5950.0,248.3
2019-05-01T12:52:20,41.3,202.6,215.3,1.9,5960.0,248.3
2019-05-01T12:52:51,41.2,207.3,212.9,1.6,5970.0,247.3
2019-05-01T12:53:22,41.2,202.6,214.7,1.8,5970.0,247.3
2019-05-01T12:53:53,41.2,206.1,214.7,1.6,5980.0,246.4
2019-05-01T12:54:24,41.0,209.7,217.1,1.5,5990.0,245.4
2019-05-01T12:54:55,41.0,204.3,222.4,1.6,5990.0,246.4
2019-05-01T12:55:26,40.9,200.8,221.2,1.7,6000.0,245.4
2019-05-01T12:55:58,40.9,207.9,217.7,1.6,6010.0,246.4
2019-05-01T12:56:29,40.9,207.3,227.7,1.5,6010.0,246.4
2019-05-01T12:57:00,40.9,194.9,208.8,1.8,6020.0,247.3
2019-05-01T12:57:31,40.8,170.7,186.9,2.0,6030.0,247.3
2019-05-01T12:58:02,40.8,155.3,181.0,2.4,6030.0,248.3
2019-05-01T12:58:33,40.8,163.0,198.7,2.2,6040.0,248.3
2019-05-01T12:59:04,40.7,170.7,225.4,2.1,6050.0,248.3
2019-05-01T12:59:35,40.7,147.6,212.9,2.7,6060.0,247.3
2019-05-01T13:00:06,40.6,153.5,225.9,2.5,6060.0,247.3
2019-05-01T13:00:38,40.6,172.4,233.0,2.5,6070.0,247.3
2019-05-01T13:01:09,40.6,171.3,222.4,1.9,6080.0,246.4
2019-05-01T13:01:40,40.6,170.7,219.4,1.8,6090.0,247.3
2019-05-01T13:02:11,40.5,168.9,217.7,1.8,6090.0,247.3
2019-05-01T13:02:42,40.5,194.3,199.9,1.8,6100.0,248.3
2019-05-01T13:03:13,40.5,197.8,223.6,1.8,6110.0,246.4
2019-05-01T13:03:44,40.4,225.6,189.3,1.8,6110.0,248.3
2019-05-01T13:04:15,40.4,225.6,154.9,2.2,6120.0,250.2
2019-05-01T13:04:46,40.4,196.7,150.8,6.7,6140.0,252.2
2019-05-01T13:05:17,40.4,178.9,168.6,7.3,6160.0,251.2
2019-05-01T13:05:49,40.4,173.6,175.1,3.3,6170.0,249.3
2019-05-01T13:06:20,40.5,187.8,165.0,5.9,6190.0,247.3
2019-05-01T13:06:51,40.5,194.9,156.7,5.2,6200.0,248.3
2019-05-01T13:07:22,40.5,202.6,150.2,6.1,6220.0,252.2
2019-05-01T13:07:53,40.5,199.6,186.9,6.6,6240.0,253.1
2019-05-01T13:08:24,40.6,194.3,218.3,6.3,6270.0,253.1
2019-05-01T13:08:55,40.6,194.3,215.9,6.9,6290.0,253.1
2019-05-01T13:09:26,40.6,182.5,212.9,7.0,6310.0,251.2
2019-05-01T13:09:57,40.6,182.5,213.5,6.5,6340.0,253.1
2019-05-01T13:10:28,40.7,184.3,212.3,6.7,6360.0,252.2
2019-05-01T13:11:00,40.8,174.8,212.9,6.9,6380.0,252.2
2019-05-01T13:11:31,40.8,176.6,221.2,6.5,6400.0,252.2
2019-05-01T13:12:02,40.9,183.1,214.7,6.2,6420.0,251.2
2019-05-01T13:12:33,40.9,172.4,218.8,6.6,6450.0,254.1
2019-05-01T13:13:04,41.0,168.3,212.3,6.6,6470.0,252.2
2019-05-01T13:13:35,41.0,163.6,215.9,7.2,6490.0,252.2
2019-05-01T13:14:06,41.0,163.6,216.5,7.1,6510.0,252.2
2019-05-01T13:14:37,41.2,167.7,214.1,6.8,6530.0,251.2
2019-05-01T13:15:08,41.2,161.8,212.9,7.2,6550.0,252.2
2019-05-01T13:15:39,41.3,163.0,214.1,4.8,6570.0,250.2
2019-05-01T13:16:11,41.3,173.6,185.7,5.1,6590.0,251.2
2019-05-01T13:16:42,41.3,148.8,214.1,6.7,6610.0,252.2
2019-05-01T13:17:13,41.3,163.6,220.0,7.0,6630.0,252.2
2019-05-01T13:17:44,41.4,164.2,217.1,7.1,6650.0,252.2
2019-05-01T13:18:15,41.4,155.9,210.6,7.0,6670.0,252.2
2019-05-01T13:18:46,41.4,148.2,208.8,7.3,6690.0,251.2
2019-05-01T13:19:17,41.4,149.4,208.2,7.2,6710.0,250.2
2019-05-01T13:19:48,41.5,147.0,214.7,7.3,6730.0,250.2
2019-05-01T13:20:19,41.5,152.9,210.0,7.0,6750.0,252.2
2019-05-01T13:20:50,41.6,145.3,207.0,7.3,6770.0,250.2
2019-05-01T13:21:22,41.6,147.0,210.6,7.2,6790.0,251.2
2019-05-01T13:21:53,41.6,149.4,205.8,7.3,6810.0,251.2
2019-05-01T13:22:24,41.7,146.4,204.6,7.4,6830.0,251.2
2019-05-01T13:22:55,41.7,154.1,211.7,7.0,6850.0,250.2
2019-05-01T13:23:26,41.7,155.9,208.8,6.7,6870.0,251.2
2019-05-01T13:23:57,41.7,147.0,210.0,7.1,6890.0,251.2
2019-05-01T13:24:28,41.9,147.6,202.9,7.3,6910.0,251.2
2019-05-01T13:24:59,41.9,156.5,205.2,6.7,6930.0,253.1
2019-05-01T13:25:30,41.9,154.7,214.1,6.8,6950.0,252.2
2019-05-01T13:26:01,41.9,150.6,215.3,7.2,6970.0,251.2
2019-05-01T13:26:32,41.9,145.3,210.6,7.3,6990.0,252.2
2019-05-01T13:27:03,41.9,145.9,208.8,7.4,7020.0,252.2
2019-05-01T13:27:34,41.9,150.6,209.4,7.1,7040.0,251.2
2019-05-01T13:28:05,41.9,152.9,205.2,7.1,7060.0,252.2
2019-05-01T13:28:36,41.9,153.5,208.8,6.8,7080.0,251.2
2019-05-01T13:29:07,42.0,152.9,214.1,6.9,7100.0,252.2
2019-05-01T13:29:38,42.0,151.8,217.1,7.1,7120.0,251.2
2019-05-01T13:30:09,42.0,150.6,214.1,6.8,7140.0,252.2
2019-05-01T13:30:41,42.1,141.7,215.9,6.8,7160.0,252.2
2019-05-01T13:31:12,42.1,144.1,205.8,7.1,7180.0,253.1
2019-05-01T13:31:43,42.1,140.0,205.2,7.0,7200.0,252.2
2019-05-01T13:32:14,42.1,151.8,210.6,5.6,7220.0,252.2
2019-05-01T13:32:45,42.2,152.9,205.2,5.7,7230.0,251.2
2019-05-01T13:33:16,42.2,148.8,204.6,5.6,7250.0,253.1
2019-05-01T13:33:47,42.2,126.4,205.8,7.5,7270.0,252.2
2019-05-01T13:34:18,42.2,131.7,215.9,7.2,7290.0,252.2
2019-05-01T13:34:49,42.2,127.0,213.5,7.5,7310.0,251.2
2019-05-01T13:35:20,42.3,127.5,210.0,7.4,7330.0,252.2
2019-05-01T13:35:52,42.3,132.3,211.7,7.3,7350.0,251.2
2019-05-01T13:36:23,42.3,129.9,210.6,7.4,7370.0,252.2
2019-05-01T13:36:54,42.3,126.4,201.1,7.7,7390.0,252.2
2019-05-01T13:37:25,42.3,125.8,207.0,7.7,7410.0,252.2
2019-05-01T13:37:56,42.3,129.9,208.8,7.6,7430.0,251.2
2019-05-01T13:38:27,42.3,128.7,208.2,7.6,7450.0,252.2
2019-05-01T13:38:58,42.4,129.9,215.9,7.7,7470.0,252.2
2019-05-01T13:39:29,42.4,131.1,207.6,7.6,7490.0,252.2
2019-05-01T13:40:00,42.4,134.0,207.6,7.4,7510.0,251.2
2019-05-01T13:40:32,42.4,132.3,203.5,7.6,7530.0,252.2
2019-05-01T13:41:03,42.4,125.8,204.6,8.0,7550.0,252.2
2019-05-01T13:41:34,42.5,125.8,206.4,7.9,7570.0,252.2
2019-05-01T13:42:05,42.5,126.4,206.4,7.8,7590.0,252.2
2019-05-01T13:42:36,42.5,125.8,211.2,7.9,7620.0,253.1
2019-05-01T13:43:07,42.5,126.4,211.2,7.7,7640.0,252.2
2019-05-01T13:43:38,42.5,128.1,208.8,7.6,7660.0,252.2
2019-05-01T13:44:09,42.5,125.2,214.7,7.7,7680.0,251.2
2019-05-01T13:44:40,42.7,133.5,211.7,7.4,7700.0,252.2
2019-05-01T13:45:11,42.7,134.0,211.7,7.3,7720.0,253.1
2019-05-01T13:45:43,42.7,130.5,204.6,7.6,7740.0,252.2
2019-05-01T13:46:14,42.5,133.5,208.8,7.1,7760.0,251.2
2019-05-01T13:46:45,42.5,131.1,207.6,7.5,7780.0,253.1
2019-05-01T13:47:16,42.5,125.8,210.6,7.8,7800.0,252.2
2019-05-01T13:47:47,42.7,121.6,210.0,7.6,7820.0,252.2
2019-05-01T13:48:18,42.5,131.7,211.7,7.0,7840.0,251.2
2019-05-01T13:48:49,42.7,132.9,208.8,6.9,7860.0,251.2
2019-05-01T13:49:20,42.5,129.9,205.2,7.4,7880.0,253.1
2019-05-01T13:49:51,42.5,124.0,210.6,7.6,7900.0,252.2
2019-05-01T13:50:22,42.5,115.7,218.8,4.1,7910.0,248.3
2019-05-01T13:50:54,42.5,132.9,207.6,3.3,7920.0,248.3
2019-05-01T13:51:25,42.5,130.5,214.7,5.1,7940.0,249.3
2019-05-01T13:51:56,42.5,135.2,210.0,1.9,7940.0,247.3
2019-05-01T13:52:27,42.5,118.7,186.9,5.1,7950.0,249.3
2019-05-01T13:52:58,42.4,112.2,209.4,7.2,7970.0,250.2
2019-05-01T13:53:29,42.3,118.1,204.6,7.8,7990.0,251.2
2019-05-01T13:54:00,42.3,127.5,215.3,5.4,8010.0,250.2
2019-05-01T13:54:31,42.3,119.3,227.1,2.4,8020.0,245.4
2019-05-01T13:55:02,42.3,127.5,210.0,1.4,8020.0,244.4
2019-05-01T13:55:34,42.2,107.5,231.9,2.9,8030.0,247.3
2019-05-01T13:56:05,42.2,115.1,225.4,7.5,8040.0,251.2
2019-05-01T13:56:36,42.1,113.4,218.3,7.2,8060.0,251.2
2019-05-01T13:57:07,42.0,111.6,211.2,7.2,8080.0,251.2
2019-05-01T13:57:38,41.9,118.7,214.7,6.6,8100.0,251.2
2019-05-01T13:58:09,42.0,116.9,219.4,6.6,8120.0,251.2
2019-05-01T13:58:40,42.0,122.8,208.2,6.1,8130.0,251.2
2019-05-01T13:59:11,42.1,119.3,212.9,6.2,8150.0,251.2
2019-05-01T13:59:42,42.1,111.6,214.1,6.2,8170.0,251.2
2019-05-01T14:00:13,42.1,103.9,215.3,7.1,8190.0,251.2
2019-05-01T14:00:45,42.1,109.2,208.2,7.0,8200.0,251.2
2019-05-01T14:01:16,42.1,103.9,210.0,7.2,8220.0,251.2
2019-05-01T14:01:47,42.1,115.7,214.1,6.7,8240.0,250.2
2019-05-01T14:02:18,42.1,119.9,218.3,5.8,8250.0,250.2
2019-05-01T14:02:49,42.1,118.7,217.1,4.9,8270.0,251.2
2019-05-01T14:03:20,42.1,102.1,213.5,6.8,8290.0,250.2
2019-05-01T14:03:51,42.2,102.7,210.0,6.7,8300.0,251.2
2019-05-01T14:04:22,42.2,108.1,211.7,6.3,8320.0,250.2
2019-05-01T14:04:53,42.2,104.5,206.4,6.7,8340.0,250.2
2019-05-01T14:05:24,42.2,109.8,211.2,6.3,8350.0,250.2
2019-05-01T14:05:56,42.2,103.9,212.3,6.7,8370.0,251.2
2019-05-01T14:06:27,42.1,102.7,211.2,6.7,8390.0,250.2
2019-05-01T14:06:58,42.2,106.9,208.8,6.4,8400.0,250.2
2019-05-01T14:07:29,42.2,108.1,211.7,6.3,8420.0,251.2
2019-05-01T14:08:00,42.2,103.3,208.2,6.6,8440.0,250.2
2019-05-01T14:08:31,42.2,103.9,207.0,6.5,8450.0,250.2
2019-05-01T14:09:02,42.2,102.7,206.4,6.7,8470.0,250.2
2019-05-01T14:09:33,42.2,106.9,215.3,6.4,8490.0,250.2
2019-05-01T14:10:04,42.2,106.9,211.2,6.1,8500.0,251.2
2019-05-01T14:10:36,42.2,105.1,211.7,2.2,8520.0,247.3
2019-05-01T14:11:07,42.2,118.1,210.6,1.0,8520.0,244.4
2019-05-01T14:11:38,42.2,140.5,188.1,0.9,8520.0,248.3
2019-05-01T14:12:09,42.1,165.4,156.1,1.9,8530.0,251.2
2019-05-01T14:12:40,42.1,167.1,196.4,1.6,8540.0,248.3
2019-05-01T14:13:11,42.1,171.3,214.1,2.4,8560.0,247.3
2019-05-01T14:13:42,42.1,171.9,215.9,2.4,8570.0,247.3
2019-05-01T14:14:13,42.1,168.9,218.8,2.3,8580.0,249.3
2019-05-01T14:14:44,41.9,165.9,215.3,2.1,8600.0,248.3
2019-05-01T14:15:15,41.9,162.4,212.9,2.6,8610.0,248.3
2019-05-01T14:15:47,41.9,161.8,210.0,2.1,8630.0,247.3
2019-05-01T14:16:18,41.9,160.0,210.6,2.5,8640.0,249.3
2019-05-01T14:16:49,41.9,157.1,211.7,2.3,8650.0,248.3
2019-05-01T14:17:20,41.9,168.9,212.9,1.8,8670.0,248.3
2019-05-01T14:17:51,41.9,156.5,215.9,2.7,8680.0,247.3
2019-05-01T14:18:22,41.9,161.8,212.9,1.8,8700.0,247.3
2019-05-01T14:18:53,41.9,173.0,215.3,1.7,8710.0,248.3
2019-05-01T14:19:24,41.9,172.4,214.1,1.7,8720.0,247.3
2019-05-01T14:19:55,41.9,173.0,213.5,1.6,8740.0,249.3
2019-05-01T14:20:26,41.9,168.9,211.7,1.6,8750.0,248.3
2019-05-01T14:20:58,41.9,173.6,211.2,1.5,8760.0,247.3
2019-05-01T14:21:29,41.7,176.6,208.8,1.6,8780.0,248.3
2019-05-01T14:22:00,41.7,174.2,206.4,1.3,8790.0,247.3
2019-05-01T14:22:31,41.7,181.9,205.2,1.2,8800.0,249.3
2019-05-01T14:23:02,41.7,168.9,207.0,1.2,8810.0,250.2
2019-05-01T14:23:33,41.6,181.9,210.6,1.1,8830.0,247.3
2019-05-01T14:24:04,41.6,174.2,208.8,1.1,8840.0,247.3
2019-05-01T14:24:35,41.6,177.8,208.2,1.1,8850.0,250.2
2019-05-01T14:25:06,41.6,184.3,204.6,1.1,8860.0,248.3
2019-05-01T14:25:38,41.6,199.0,205.2,0.9,8870.0,247.3
2019-05-01T14:26:09,41.6,220.9,207.6,0.9,8890.0,247.3
2019-05-01T14:26:40,41.5,218.5,211.7,0.9,8900.0,247.3
2019-05-01T14:27:11,41.5,228.0,215.9,0.9,8910.0,247.3
2019-05-01T14:27:42,41.6,209.7,213.5,1.0,8920.0,247.3
2019-05-01T14:28:13,41.5,229.2,205.8,0.8,8930.0,247.3
2019-05-01T14:28:44,41.5,214.4,204.6,0.9,8950.0,247.3
2019-05-01T14:29:15,41.5,199.6,207.0,1.0,8960.0,248.3
2019-05-01T14:29:46,41.5,177.8,211.2,1.1,8970.0,249.3
2019-05-01T14:30:17,41.5,167.1,218.8,1.4,8980.0,248.3
2019-05-01T14:30:49,41.5,168.3,213.5,1.1,8990.0,248.3
2019-05-01T14:31:21,41.5,177.8,212.9,1.1,9010.0,247.3
2019-05-01T14:31:52,41.5,196.1,212.3,1.0,9020.0,248.3
2019-05-01T14:32:23,41.4,186.6,211.2,1.1,9030.0,249.3
2019-05-01T14:32:54,41.5,205.5,208.8,1.0,9040.0,250.2
2019-05-01T14:33:25,41.4,220.3,207.0,1.0,9050.0,249.3
2019-05-01T14:33:56,41.4,216.2,202.3,0.9,9060.0,249.3
2019-05-01T14:34:27,41.4,207.3,210.0,1.0,9080.0,248.3
2019-05-01T14:34:58,41.4,213.2,218.8,1.0,9090.0,250.2
2019-05-01T14:35:29,41.4,201.4,214.1,1.0,9100.0,248.3
2019-05-01T14:36:00,41.4,200.2,211.7,1.1,9110.0,250.2
2019-05-01T14:36:31,41.4,191.3,214.1,1.1,9120.0,248.3
2019-05-01T14:37:02,41.4,177.2,218.3,1.1,9140.0,250.2
2019-05-01T14:37:33,41.3,176.0,211.7,1.1,9150.0,248.3
2019-05-01T14:38:04,41.3,160.6,208.2,1.3,9160.0,248.3
2019-05-01T14:38:35,41.3,134.6,219.4,2.0,9170.0,249.3
2019-05-01T14:39:06,41.3,112.2,217.1,5.2,9180.0,249.3
2019-05-01T14:39:37,41.3,102.7,216.5,5.2,9200.0,249.3
2019-05-01T14:40:08,41.3,111.6,214.7,4.2,9210.0,249.3
2019-05-01T14:40:40,41.3,109.8,218.3,5.3,9230.0,249.3
2019-05-01T14:41:11,41.3,102.7,215.9,5.3,9240.0,249.3
2019-05-01T14:41:42,41.3,103.9,209.4,5.0,9260.0,250.2
2019-05-01T14:42:13,41.3,103.9,214.1,4.9,9270.0,250.2
2019-05-01T14:42:44,41.3,103.9,215.9,5.0,9280.0,249.3
2019-05-01T14:43:15,41.3,102.7,210.6,5.1,9300.0,252.2
2019-05-01T14:43:46,41.4,102.7,208.2,5.1,9310.0,250.2
2019-05-01T14:44:17,41.3,102.1,208.8,6.1,9330.0,251.2
2019-05-01T14:44:48,41.4,103.9,214.7,5.0,9340.0,250.2
2019-05-01T14:45:19,41.4,102.1,208.2,5.2,9360.0,249.3
2019-05-01T14:45:51,41.4,103.3,214.1,5.5,9370.0,250.2
2019-05-01T14:46:22,41.3,102.1,218.8,5.3,9380.0,250.2
2019-05-01T14:46:53,41.3,102.7,208.8,5.3,9400.0,250.2
2019-05-01T14:47:24,41.3,103.3,210.0,5.1,9410.0,249.3
2019-05-01T14:47:55,41.4,102.7,207.0,5.1,9430.0,249.3
2019-05-01T14:48:26,41.4,103.9,210.6,5.1,9440.0,248.3
2019-05-01T14:48:57,41.3,103.9,217.1,5.9,9460.0,248.3
2019-05-01T14:49:28,41.3,102.7,215.9,5.3,9470.0,248.3
2019-05-01T14:49:59,41.4,104.5,216.5,5.0,9480.0,248.3
2019-05-01T14:50:30,41.4,102.7,211.7,5.0,9500.0,249.3
2019-05-01T14:51:02,41.4,106.9,211.2,4.7,9510.0,248.3
2019-05-01T14:51:33,41.4,110.4,208.2,3.8,9530.0,249.3
2019-05-01T14:52:04,41.4,107.5,211.7,4.0,9540.0,249.3
2019-05-01T14:52:35,41.4,107.5,214.1,4.0,9550.0,248.3
2019-05-01T14:53:06,41.4,105.7,211.7,3.7,9570.0,249.3
2019-05-01T14:53:37,41.4,108.1,218.8,4.2,9580.0,249.3
2019-05-01T14:54:08,41.4,102.7,217.7,5.3,9590.0,250.2
2019-05-01T14:54:39,41.4,102.1,206.4,4.2,9610.0,248.3
2019-05-01T14:55:10,41.4,102.7,211.7,5.1,9620.0,249.3
2019-05-01T14:55:41,41.4,108.1,218.3,4.4,9630.0,249.3
2019-05-01T14:56:13,41.3,105.1,208.8,3.1,9650.0,248.3
2019-05-01T14:56:44,41.3,102.1,215.3,3.4,9660.0,249.3
2019-05-01T14:57:15,41.3,114.0,214.1,2.1,9670.0,250.2
2019-05-01T14:57:46,41.3,121.0,217.7,2.0,9680.0,249.3
2019-05-01T14:58:17,41.3,127.0,211.7,1.8,9700.0,249.3
2019-05-01T14:58:48,41.3,126.4,212.3,2.0,9710.0,250.2
2019-05-01T14:59:19,41.3,127.5,214.1,1.8,9720.0,250.2
2019-05-01T14:59:50,41.3,124.6,220.6,1.9,9730.0,249.3
2019-05-01T15:00:21,41.2,137.0,214.7,2.0,9740.0,249.3
2019-05-01T15:00:52,41.2,135.2,217.1,1.5,9760.0,247.3
2019-05-01T15:01:24,41.2,143.5,223.0,1.2,9760.0,245.4
2019-05-01T15:01:55,41.0,163.6,211.7,1.1,9770.0,245.4
2019-05-01T15:02:26,41.0,149.4,217.7,1.1,9770.0,245.4
2019-05-01T15:02:57,41.0,134.0,231.9,1.4,9770.0,246.4
2019-05-01T15:03:28,41.0,140.0,217.1,1.2,9780.0,245.4
2019-05-01T15:03:59,40.9,161.8,208.8,1.1,9780.0,245.4
2019-05-01T15:04:30,40.9,191.3,240.1,1.3,9790.0,249.3
2019-05-01T15:05:01,40.8,216.2,220.0,1.3,9810.0,251.2
2019-05-01T15:05:32,40.8,219.1,218.8,1.3,9820.0,250.2
2019-05-01T15:06:04,40.8,219.7,217.7,1.1,9830.0,248.3
2019-05-01T15:06:35,40.8,216.2,220.0,1.2,9840.0,246.4
2019-05-01T15:07:06,40.8,215.0,244.3,1.3,9850.0,250.2
2019-05-01T15:07:37,40.8,216.2,212.9,1.3,9860.0,250.2
2019-05-01T15:08:08,40.7,221.5,214.1,1.4,9870.0,250.2
2019-05-01T15:08:39,40.7,227.4,207.6,1.2,9880.0,250.2
2019-05-01T15:09:10,40.7,220.9,220.0,1.3,9900.0,249.3
2019-05-01T15:09:41,40.7,219.1,214.7,1.2,9910.0,249.3
2019-05-01T15:10:12,40.7,220.3,215.9,1.3,9920.0,249.3
2019-05-01T15:10:43,40.7,224.4,205.8,1.1,9930.0,249.3
2019-05-01T15:11:15,40.7,214.4,206.4,1.1,9940.0,249.3
2019-05-01T15:11:46,40.7,209.1,220.0,0.9,9950.0,248.3
2019-05-01T15:12:17,40.7,220.9,219.4,1.1,9960.0,249.3
2019-05-01T15:12:48,40.7,220.9,220.6,1.1,9970.0,249.3
2019-05-01T15:13:19,40.7,212.0,218.8,1.1,9980.0,249.3
2019-05-01T15:13:50,40.7,217.9,216.5,1.0,9990.0,248.3
2019-05-01T15:14:21,40.6,225.0,222.4,0.9,10010.0,248.3
2019-05-01T15:14:52,40.7,222.7,218.3,0.9,10010.0,247.3
2019-05-01T15:15:23,40.6,205.5,234.8,0.9,10020.0,248.3
2019-05-01T15:15:54,40.6,199.0,227.1,0.9,10030.0,247.3
2019-05-01T15:16:26,40.6,200.8,225.9,0.7,10040.0,245.4
2019-05-01T15:16:57,40.6,206.1,210.6,0.5,10040.0,245.4
2019-05-01T15:17:28,40.6,191.3,228.9,0.5,10040.0,244.4
2019-05-01T15:17:59,40.5,196.1,220.0,0.5,10050.0,244.4
2019-05-01T15:18:30,40.5,188.4,211.2,0.4,10050.0,244.4
2019-05-01T15:19:01,40.4,189.6,208.2,0.4,10050.0,243.5
2019-05-01T15:19:32,40.4,204.3,207.6,0.4,10050.0,244.4
2019-05-01T15:20:03,40.4,181.3,207.6,0.4,10050.0,244.4
2019-05-01T15:20:34,40.2,185.4,212.3,0.4,10050.0,244.4
2019-05-01T15:21:06,40.1,187.8,209.4,0.4,10060.0,244.4
2019-05-01T15:21:37,40.1,197.3,208.8,0.4,10060.0,242.5
2019-05-01T15:22:08,40.0,191.3,220.6,0.4,10060.0,243.5
2019-05-01T15:22:39,40.0,170.1,198.1,0.4,10060.0,243.5
2019-05-01T15:23:10,39.9,173.6,215.3,0.4,10060.0,242.5
2019-05-01T15:23:41,39.9,196.7,214.7,0.4,10060.0,242.5
2019-05-01T15:24:12,39.8,191.3,206.4,0.4,10070.0,243.5
2019-05-01T15:24:43,39.8,206.1,191.0,0.4,10070.0,242.5
2019-05-01T15:25:14,39.7,188.4,214.1,0.4,10070.0,242.5
2019-05-01T15:25:45,39.7,208.5,226.5,0.4,10070.0,242.5
2019-05-01T15:26:17,39.5,193.1,209.4,0.4,10070.0,242.5
2019-05-01T15:26:48,39.5,172.4,188.7,0.5,10070.0,243.5
2019-05-01T15:27:19,39.4,171.3,184.5,0.4,10080.0,243.5
2019-05-01T15:27:50,39.4,193.7,210.0,0.4,10080.0,242.5
2019-05-01T15:28:21,39.4,214.4,225.9,0.4,10080.0,242.5
2019-05-01T15:28:52,39.3,193.1,215.9,0.5,10080.0,243.5
2019-05-01T15:29:23,39.3,187.2,211.2,0.6,10080.0,244.4
2019-05-01T15:29:54,39.2,206.7,231.9,0.6,10090.0,245.4
2019-05-01T15:30:25,39.1,211.4,246.1,0.7,10090.0,245.4
2019-05-01T15:30:56,39.1,226.8,228.3,0.8,10100.0,246.4
2019-05-01T15:31:28,39.1,206.7,223.6,0.8,10110.0,246.4
2019-05-01T15:31:59,39.1,228.0,229.5,0.8,10120.0,247.3
2019-05-01T15:32:30,39.1,223.2,225.9,0.8,10130.0,245.4
2019-05-01T15:33:01,39.0,210.8,214.7,0.9,10130.0,243.5
2019-05-01T15:33:32,39.1,197.8,189.9,1.0,10140.0,247.3
2019-05-01T15:34:03,39.0,220.9,207.6,0.9,10150.0,246.4
2019-05-01T15:34:34,39.0,212.0,207.0,0.7,10160.0,244.4
2019-05-01T15:35:05,39.0,194.9,231.3,1.0,10160.0,248.3
2019-05-01T15:35:36,39.0,183.7,223.0,1.1,10170.0,248.3
2019-05-01T15:36:08,39.0,208.5,220.6,1.1,10180.0,248.3
2019-05-01T15:36:39,39.0,226.2,224.8,1.0,10190.0,248.3
2019-05-01T15:37:10,39.0,214.4,230.1,1.1,10200.0,249.3
2019-05-01T15:37:41,39.0,217.3,230.1,1.0,10210.0,247.3
2019-05-01T15:38:12,39.0,207.9,227.1,1.0,10220.0,247.3
2019-05-01T15:38:43,39.0,223.2,224.2,1.0,10230.0,247.3
2019-05-01T15:39:14,39.0,215.6,220.0,1.0,10250.0,247.3
2019-05-01T15:39:45,39.0,216.7,217.7,1.0,10260.0,246.4
2019-05-01T15:40:16,39.1,217.9,220.6,0.9,10260.0,248.3
2019-05-01T15:40:47,39.1,212.6,218.3,1.0,10280.0,247.3
2019-05-01T15:41:19,39.1,223.8,218.8,1.0,10280.0,248.3
2019-05-01T15:41:50,39.1,212.0,221.2,0.9,10290.0,245.4
2019-05-01T15:42:21,39.1,206.1,218.8,0.9,10300.0,247.3
2019-05-01T15:42:52,39.1,222.7,223.0,1.0,10310.0,246.4
2019-05-01T15:43:23,39.1,220.3,225.9,0.9,10320.0,245.4
2019-05-01T15:43:54,39.1,210.2,221.8,1.0,10330.0,246.4
2019-05-01T15:44:25,39.1,210.8,228.3,1.0,10340.0,246.4
2019-05-01T15:44:56,39.1,219.1,227.1,1.0,10350.0,246.4
2019-05-01T15:45:27,39.1,212.0,224.8,1.0,10360.0,248.3
2019-05-01T15:45:59,39.1,215.6,223.6,1.0,10370.0,247.3
2019-05-01T15:46:31,39.1,225.6,224.8,0.9,10380.0,245.4
2019-05-01T15:47:02,39.1,222.7,221.8,0.9,10390.0,247.3
2019-05-01T15:47:33,39.1,204.9,219.4,0.9,10400.0,247.3
2019-05-01T15:48:04,39.1,218.5,218.3,0.8,10410.0,247.3
2019-05-01T15:48:35,39.1,215.6,224.2,0.9,10420.0,247.3
2019-05-01T15:49:06,39.1,217.3,221.2,0.8,10430.0,247.3
2019-05-01T15:49:37,39.1,222.7,220.0,0.8,10440.0,246.4
2019-05-01T15:50:08,39.1,223.2,222.4,0.9,10440.0,245.4
2019-05-01T15:50:39,39.0,210.2,221.2,0.7,10450.0,245.4
2019-05-01T15:51:11,39.0,222.7,220.6,0.8,10460.0,246.4
2019-05-01T15:51:42,39.0,214.4,223.6,0.8,10470.0,247.3
2019-05-01T15:52:13,39.0,219.7,224.2,0.7,10480.0,247.3
2019-05-01T15:52:44,39.0,225.0,220.6,0.7,10490.0,246.4
2019-05-01T15:53:15,39.0,216.7,223.0,0.7,10500.0,247.3
2019-05-01T15:53:46,39.0,217.9,220.0,0.7,10500.0,247.3
2019-05-01T15:54:17,39.0,220.3,223.6,0.6,10510.0,248.3
2019-05-01T15:54:48,38.9,217.9,220.0,0.6,10520.0,246.4
2019-05-01T15:55:19,38.9,215.6,221.2,0.7,10530.0,245.4
2019-05-01T15:55:50,38.9,225.6,227.1,0.6,10540.0,244.4
2019-05-01T15:56:22,38.9,210.2,230.1,0.7,10540.0,245.4
2019-05-01T15:56:53,38.9,219.7,225.9,0.7,10550.0,243.5
2019-05-01T15:57:24,38.7,224.4,225.4,0.6,10560.0,246.4
2019-05-01T15:57:55,38.7,212.0,224.8,0.7,10570.0,246.4
2019-05-01T15:58:26,38.7,225.0,229.5,0.7,10570.0,247.3
2019-05-01T15:58:57,38.7,219.7,220.6,0.7,10580.0,247.3
2019-05-01T15:59:28,38.7,215.0,217.7,0.7,10590.0,247.3
2019-05-01T15:59:59,38.7,210.8,225.9,0.7,10600.0,246.4
2019-05-01T16:00:30,38.7,222.7,228.9,0.7,10600.0,247.3
2019-05-01T16:01:01,38.7,217.3,222.4,0.8,10610.0,248.3
2019-05-01T16:01:32,38.7,220.9,221.8,0.7,10620.0,246.4
2019-05-01T16:02:03,38.6,219.7,220.0,0.8,10630.0,245.4
2019-05-01T16:02:34,38.7,214.4,218.8,0.7,10630.0,245.4
2019-05-01T16:03:05,38.6,216.2,221.8,0.7,10640.0,245.4
2019-05-01T16:03:36,38.6,214.4,225.9,0.8,10650.0,246.4
2019-05-01T16:04:07,38.6,220.3,227.7,0.7,10660.0,247.3
2019-05-01T16:04:38,38.7,215.6,231.3,0.7,10660.0,247.3
2019-05-01T16:05:09,38.6,224.4,228.9,0.7,10670.0,247.3
2019-05-01T16:05:41,38.6,209.7,225.4,0.8,10680.0,246.4
2019-05-01T16:06:12,38.6,223.2,222.4,0.7,10690.0,246.4
2019-05-01T16:06:43,38.6,224.4,221.8,0.7,10690.0,246.4
2019-05-01T16:07:14,38.6,215.0,225.9,0.7,10700.0,247.3
2019-05-01T16:07:45,38.6,220.9,221.2,0.7,10710.0,246.4
2019-05-01T16:08:16,38.6,227.4,221.8,0.7,10720.0,246.4
2019-05-01T16:08:47,38.5,210.2,225.4,0.7,10720.0,246.4
2019-05-01T16:09:18,38.6,217.9,230.7,0.7,10730.0,245.4
2019-05-01T16:09:49,38.5,219.7,225.9,0.7,10740.0,245.4
2019-05-01T16:10:20,38.6,199.6,223.0,0.7,10740.0,246.4
2019-05-01T16:10:52,38.5,220.3,231.3,0.6,10750.0,246.4
2019-05-01T16:11:23,38.5,220.3,220.0,0.7,10760.0,247.3
2019-05-01T16:11:54,38.5,213.2,220.6,0.6,10760.0,247.3
2019-05-01T16:12:25,38.5,206.1,227.1,0.6,10770.0,248.3
2019-05-01T16:12:56,38.5,220.9,227.1,0.6,10780.0,247.3
2019-05-01T16:13:27,38.4,206.7,225.9,0.6,10780.0,247.3
2019-05-01T16:13:58,38.4,225.6,227.7,0.6,10790.0,247.3
2019-05-01T16:14:29,38.4,210.8,228.3,0.6,10800.0,246.4
2019-05-01T16:15:00,38.4,216.2,233.6,0.6,10800.0,246.4
2019-05-01T16:15:32,38.4,223.2,231.9,0.6,10810.0,245.4
2019-05-01T16:16:03,38.4,213.2,228.3,0.7,10810.0,245.4
2019-05-01T16:16:34,38.3,224.4,224.8,0.6,10820.0,246.4
2019-05-01T16:17:05,38.3,212.6,222.4,0.6,10830.0,247.3
2019-05-01T16:17:36,38.3,212.0,222.4,0.6,10830.0,247.3
2019-05-01T16:18:07,38.3,220.3,226.5,0.6,10840.0,246.4
2019-05-01T16:18:38,38.3,210.8,234.2,0.6,10840.0,246.4
2019-05-01T16:19:09,38.3,213.8,230.1,0.6,10850.0,246.4
2019-05-01T16:19:40,38.3,222.7,229.5,0.7,10860.0,246.4
2019-05-01T16:20:11,38.2,222.7,232.4,0.7,10860.0,246.4
2019-05-01T16:20:43,38.2,224.4,231.3,0.6,10870.0,246.4
2019-05-01T16:21:14,38.2,217.9,227.7,0.6,10870.0,246.4
2019-05-01T16:21:45,38.2,208.5,223.6,0.6,10880.0,247.3
2019-05-01T16:22:16,38.2,188.4,227.1,0.6,10880.0,246.4
2019-05-01T16:22:47,38.2,208.5,236.6,0.6,10890.0,246.4
2019-05-01T16:23:18,38.0,228.6,224.8,0.6,10900.0,248.3
2019-05-01T16:23:49,38.0,209.7,224.8,0.6,10900.0,247.3
2019-05-01T16:24:20,38.0,213.2,232.4,0.6,10910.0,248.3
2019-05-01T16:24:51,38.0,220.9,227.1,0.6,10910.0,247.3
2019-05-01T16:25:22,38.0,206.1,223.0,0.6,10920.0,245.4
2019-05-01T16:25:54,38.0,228.0,224.2,0.6,10920.0,247.3
2019-05-01T16:26:25,38.0,207.3,228.9,0.6,10930.0,246.4
2019-05-01T16:26:56,38.0,227.4,231.3,0.5,10930.0,247.3
2019-05-01T16:27:27,38.0,207.3,224.8,0.6,10940.0,247.3
2019-05-01T16:27:58,37.9,228.0,225.4,0.5,10940.0,246.4
2019-05-01T16:28:29,37.9,206.1,233.0,0.6,10950.0,246.4
2019-05-01T16:29:00,37.9,219.7,227.7,0.5,10950.0,246.4
2019-05-01T16:29:31,37.9,215.0,221.8,0.6,10960.0,246.4
2019-05-01T16:30:02,37.9,216.7,227.7,0.5,10960.0,246.4
2019-05-01T16:30:34,37.9,219.7,230.7,0.5,10970.0,247.3
2019-05-01T16:31:05,37.9,208.5,234.8,0.6,10970.0,246.4
2019-05-01T16:31:36,37.8,226.8,233.0,0.5,10980.0,247.3
2019-05-01T16:32:07,37.8,211.4,225.4,0.5,10980.0,247.3
2019-05-01T16:32:38,37.8,194.3,225.4,0.6,10990.0,246.4
2019-05-01T16:33:09,37.8,216.7,233.0,0.6,10990.0,248.3
2019-05-01T16:33:40,37.8,217.3,218.8,0.5,10990.0,248.3
2019-05-01T16:34:11,37.8,204.9,234.2,0.6,11000.0,247.3
2019-05-01T16:34:42,37.8,226.8,227.1,0.5,11000.0,248.3
2019-05-01T16:35:13,37.8,207.9,224.8,0.5,11010.0,247.3
2019-05-01T16:35:45,37.7,218.5,230.1,0.5,11010.0,247.3
2019-05-01T16:36:16,37.7,214.4,222.4,0.6,11020.0,248.3
2019-05-01T16:36:47,37.7,215.0,236.0,0.5,11020.0,247.3
2019-05-01T16:37:18,37.7,222.7,228.3,0.5,11020.0,247.3
2019-05-01T16:37:49,37.7,202.0,223.6,0.5,11030.0,247.3
2019-05-01T16:38:20,37.7,196.1,236.0,0.6,11030.0,247.3
2019-05-01T16:38:51,37.7,218.5,227.1,0.5,11040.0,248.3
2019-05-01T16:39:22,37.6,222.1,228.9,0.5,11040.0,247.3
2019-05-01T16:39:53,37.6,212.0,220.0,0.5,11040.0,247.3
2019-05-01T16:40:24,37.6,219.7,237.2,0.5,11050.0,247.3
2019-05-01T16:40:56,37.6,217.3,227.1,0.5,11050.0,247.3
2019-05-01T16:41:27,37.6,206.7,224.2,0.5,11060.0,247.3
2019-05-01T16:41:58,37.6,227.4,234.8,0.4,11060.0,246.4
2019-05-01T16:42:29,37.6,207.9,218.3,0.5,11060.0,246.4
2019-05-01T16:43:00,37.5,206.1,232.4,0.5,11070.0,246.4
2019-05-01T16:43:31,37.5,226.2,228.9,0.4,11070.0,246.4
2019-05-01T16:44:02,37.5,210.2,223.0,0.5,11070.0,246.4
2019-05-01T16:44:33,37.4,206.7,227.7,0.4,11080.0,246.4
2019-05-01T16:45:04,37.4,214.4,233.0,0.4,11080.0,246.4
2019-05-01T16:45:36,37.4,204.3,227.1,0.4,11080.0,246.4
2019-05-01T16:46:07,37.4,210.8,228.9,0.5,11090.0,244.4
2019-05-01T16:46:38,37.4,228.6,233.6,0.3,11090.0,243.5
2019-05-01T16:47:09,37.2,220.3,227.7,0.4,11090.0,242.5
2019-05-01T16:47:40,37.1,201.4,228.9,0.4,11090.0,244.4
2019-05-01T16:48:11,37.2,196.1,215.9,0.4,11100.0,244.4
2019-05-01T16:48:42,37.1,216.7,227.7,0.4,11100.0,242.5
2019-05-01T16:49:13,37.1,226.2,222.4,0.4,11100.0,243.5
2019-05-01T16:49:44,37.1,210.2,210.0,0.4,11100.0,243.5
2019-05-01T16:50:15,37.1,206.7,188.1,0.4,11100.0,246.4
2019-05-01T16:50:47,37.0,227.4,188.1,0.3,11110.0,243.5
2019-05-01T16:51:18,37.0,205.5,202.9,0.4,11110.0,243.5
2019-05-01T16:51:49,37.0,207.9,194.6,0.4,11110.0,241.5
2019-05-01T16:52:20,37.0,225.6,199.3,0.3,11110.0,241.5
2019-05-01T16:52:51,37.0,203.2,190.4,0.4,11120.0,239.6
2019-05-01T16:53:22,37.0,182.5,193.4,0.6,11120.0,240.6
2019-05-01T16:53:53,36.9,174.2,193.4,0.6,11120.0,239.6
2019-05-01T16:54:24,36.9,178.3,204.1,0.5,11120.0,240.6
2019-05-01T16:54:55,36.9,168.9,187.5,0.5,11120.0,238.6
2019-05-01T16:55:26,36.8,180.7,197.5,0.5,11130.0,239.6
2019-05-01T16:55:58,36.9,159.4,192.2,0.6,11130.0,240.6
2019-05-01T16:56:29,36.9,141.1,186.9,0.6,11130.0,240.6
2019-05-01T16:57:00,36.8,158.9,192.8,0.6,11130.0,241.5
2019-05-01T16:57:31,36.8,156.5,195.2,0.6,11130.0,238.6
2019-05-01T16:58:02,36.8,177.8,194.6,0.4,11130.0,241.5
2019-05-01T16:58:33,36.8,160.6,215.3,0.5,11140.0,240.6
2019-05-01T16:59:04,36.8,140.5,198.1,0.6,11140.0,239.6
2019-05-01T16:59:35,36.7,152.9,201.1,0.5,11140.0,239.6
2019-05-01T17:00:06,36.7,167.1,221.8,0.4,11140.0,241.5
2019-05-01T17:00:38,36.7,147.0,205.2,0.5,11140.0,240.6
2019-05-01T17:01:09,36.7,142.3,201.7,0.5,11140.0,239.6
2019-05-01T17:01:40,36.7,161.8,221.2,0.4,11140.0,239.6
2019-05-01T17:02:11,36.7,165.9,230.1,0.4,11150.0,240.6
2019-05-01T17:02:42,36.7,157.1,210.0,0.3,11150.0,240.6
2019-05-01T17:03:13,36.5,155.9,218.3,0.3,11150.0,241.5
2019-05-01T17:03:44,36.5,170.1,217.7,0.2,11150.0,242.5
2019-05-01T17:04:15,36.5,178.9,212.9,0.2,11150.0,242.5
2019-05-01T17:04:46,36.4,177.2,211.2,0.1,11150.0,241.5
2019-05-01T17:05:17,36.4,179.5,210.6,0.1,11150.0,239.6
2019-05-01T17:05:49,36.4,157.1,189.9,0.1,11150.0,241.5
2019-05-01T17:06:20,36.3,135.2,166.2,0.1,11150.0,241.5
2019-05-01T17:06:51,36.3,131.1,147.9,0.1,11150.0,240.6
2019-05-01T17:07:22,36.3,151.8,147.3,0.1,11150.0,241.5
2019-05-01T17:07:53,36.2,171.9,168.0,0.1,11150.0,241.5
2019-05-01T17:08:24,36.2,193.7,159.7,0.0,11150.0,242.5
2019-05-01T17:08:55,36.2,187.2,178.6,0.0,11150.0,241.5
2019-05-01T17:09:26,36.1,165.9,200.5,0.0,11150.0,241.5
2019-05-01T17:09:57,36.1,144.7,217.1,0.1,11150.0,241.5
2019-05-01T17:10:28,36.1,124.0,194.0,0.1,11150.0,241.5
2019-05-01T17:11:00,36.0,102.1,170.9,0.0,11150.0,240.6
2019-05-01T17:11:31,36.0,121.0,153.8,0.0,11150.0,241.5
2019-05-01T17:12:02,35.9,140.5,131.9,0.0,11150.0,241.5
2019-05-01T17:12:33,35.7,163.0,111.8,0.1,11150.0,241.5
2019-05-01T17:13:04,35.7,184.3,111.2,0.0,11150.0,240.6
2019-05-01T17:13:35,35.6,190.2,224.8,0.0,11150.0,240.6
2019-05-01T17:14:06,35.6,189.6,210.6,0.0,11150.0,239.6
2019-05-01T17:14:37,35.5,188.4,207.6,0.0,11150.0,241.5
2019-05-01T17:15:08,35.5,187.2,204.1,0.0,11150.0,240.6
2019-05-01T17:15:39,35.4,186.0,199.9,0.0,11150.0,240.6
2019-05-01T17:16:11,35.4,184.8,194.6,0.0,11150.0,238.6
2019-05-01T17:16:42,35.3,183.1,191.0,0.0,11150.0,238.6
2019-05-01T17:17:13,35.3,154.7,188.1,0.0,11150.0,239.6
2019-05-01T17:17:44,35.3,176.0,176.2,0.0,11150.0,239.6
2019-05-01T17:18:15,35.2,172.4,172.7,0.0,11150.0,240.6
2019-05-01T17:18:46,35.0,166.5,166.8,0.0,11150.0,241.5
2019-05-01T17:19:17,35.0,141.7,159.7,0.0,11150.0,241.5
2019-05-01T17:19:48,35.0,144.1,144.3,0.0,11150.0,242.5
2019-05-01T17:20:19,34.9,119.9,120.0,0.0,11150.0,240.6
