2019-05-02T06:35:28,18.0,181.3,180.4,0.1,0.0,241.5
2019-05-02T06:35:59,18.0,161.2,200.5,0.1,0.0,239.6
2019-05-02T06:36:31,18.4,139.4,224.8,0.1,0.0,241.5
2019-05-02T06:37:02,18.4,130.5,244.9,0.1,0.0,241.5
2019-05-02T06:37:33,18.4,152.4,226.5,0.1,0.0,243.5
2019-05-02T06:38:04,18.4,172.4,206.4,0.1,0.0,244.4
2019-05-02T06:38:35,18.4,194.9,185.7,0.1,0.0,242.5
2019-05-02T06:39:06,18.4,215.6,164.4,0.0,0.0,242.5
2019-05-02T06:39:37,18.4,194.3,149.0,0.1,0.0,241.5
2019-05-02T06:40:08,18.4,173.0,169.7,0.1,0.0,241.5
2019-05-02T06:40:39,18.4,152.4,193.4,0.2,0.0,240.6
2019-05-02T06:41:11,18.4,145.3,213.5,0.2,0.0,242.5
2019-05-02T06:41:42,18.7,167.7,236.0,0.2,0.0,241.5
2019-05-02T06:42:13,18.7,189.0,227.7,0.2,0.0,242.5
2019-05-02T06:42:44,18.7,209.1,205.8,0.2,0.0,241.5
2019-05-02T06:43:15,18.7,205.5,184.5,0.2,0.0,241.5
2019-05-02T06:43:46,18.7,186.0,165.6,0.2,0.0,241.5
2019-05-02T06:44:17,18.7,164.8,144.3,0.2,0.0,241.5
2019-05-02T06:44:48,18.7,143.5,147.9,0.2,0.0,241.5
2019-05-02T06:45:19,18.7,161.2,169.7,0.2,0.0,241.5
2019-05-02T06:45:50,18.7,183.7,191.0,0.2,0.0,240.6
2019-05-02T06:46:22,19.1,204.3,213.5,0.2,0.0,241.5
2019-05-02T06:46:53,19.1,209.7,235.4,0.2,0.0,240.6
2019-05-02T06:47:24,19.1,194.3,228.9,0.2,0.0,241.5
2019-05-02T06:47:55,19.5,206.7,209.4,0.2,0.0,240.6
2019-05-02T06:48:26,19.1,183.7,188.7,0.2,0.0,240.6
2019-05-02T06:48:57,19.1,176.0,167.4,0.2,10.0,241.5
2019-05-02T06:49:28,19.5,197.3,178.0,0.2,10.0,241.5
2019-05-02T06:49:59,19.5,218.5,201.1,0.2,10.0,240.6
2019-05-02T06:50:30,19.5,195.5,223.6,0.2,10.0,240.6
2019-05-02T06:51:01,19.5,174.8,243.1,0.3,10.0,240.6
2019-05-02T06:51:32,19.5,154.1,225.4,0.3,10.0,240.6
2019-05-02T06:52:03,19.5,177.2,204.6,0.3,10.0,239.6
2019-05-02T06:52:34,19.8,199.0,201.7,0.2,10.0,240.6
2019-05-02T06:53:05,19.8,213.2,222.4,0.2,10.0,241.5
2019-05-02T06:53:36,19.8,190.8,243.1,0.2,10.0,239.6
2019-05-02T06:54:07,19.8,170.1,225.4,0.3,10.0,240.6
2019-05-02T06:54:38,19.8,172.4,204.1,0.3,10.0,241.5
2019-05-02T06:55:09,20.2,193.7,183.3,0.3,10.0,240.6
2019-05-02T06:55:41,20.2,216.2,178.0,0.2,10.0,242.5
2019-05-02T06:56:12,20.2,193.7,199.3,0.3,10.0,241.5
2019-05-02T06:56:43,20.2,172.4,221.2,0.3,10.0,242.5
2019-05-02T06:57:14,20.2,176.0,243.1,0.3,20.0,241.5
2019-05-02T06:57:45,20.6,197.3,218.3,0.3,20.0,238.6
2019-05-02T06:58:16,20.2,213.2,199.3,0.3,20.0,239.6
2019-05-02T06:58:47,20.2,191.3,199.3,0.3,20.0,240.6
2019-05-02T06:59:18,20.6,170.7,221.8,0.3,20.0,240.6
2019-05-02T06:59:49,20.6,193.7,242.5,0.3,20.0,239.6
2019-05-02T07:00:20,20.6,213.8,235.4,0.3,20.0,239.6
2019-05-02T07:00:52,20.6,202.0,212.3,0.3,20.0,241.5
2019-05-02T07:01:23,20.6,180.7,191.0,0.3,20.0,241.5
2019-05-02T07:01:54,20.9,161.2,215.3,0.3,20.0,240.6
2019-05-02T07:02:25,20.9,179.5,236.0,0.3,20.0,241.5
2019-05-02T07:02:56,20.9,202.0,239.0,0.3,20.0,240.6
2019-05-02T07:03:27,20.9,219.1,218.3,0.2,20.0,240.6
2019-05-02T07:03:58,20.9,196.1,197.0,0.3,30.0,242.5
2019-05-02T07:04:29,21.3,184.8,214.1,0.3,30.0,240.6
2019-05-02T07:05:00,21.3,206.7,233.0,0.4,30.0,242.5
2019-05-02T07:05:32,21.3,209.7,244.9,0.3,30.0,240.6
2019-05-02T07:06:03,21.3,188.4,223.0,0.4,30.0,240.6
2019-05-02T07:06:34,21.3,167.7,202.3,0.4,30.0,239.6
2019-05-02T07:07:05,21.7,183.1,183.3,0.4,30.0,240.6
2019-05-02T07:07:36,21.7,205.5,204.1,0.4,30.0,240.6
2019-05-02T07:08:07,21.7,213.8,225.9,0.3,30.0,242.5
2019-05-02T07:08:38,21.7,191.9,243.7,0.4,30.0,241.5
2019-05-02T07:09:09,21.7,172.4,222.4,0.4,40.0,241.5
2019-05-02T07:09:40,21.7,184.8,202.3,0.4,40.0,241.5
2019-05-02T07:10:11,22.0,206.1,210.0,0.4,40.0,241.5
2019-05-02T07:10:43,22.0,213.2,232.4,0.4,40.0,241.5
2019-05-02T07:11:14,22.0,190.8,237.8,0.5,40.0,242.5
2019-05-02T07:11:45,22.0,200.8,215.3,0.4,40.0,243.5
2019-05-02T07:12:16,22.0,184.8,236.0,0.5,40.0,244.4
2019-05-02T07:12:47,22.4,207.9,236.6,0.5,40.0,244.4
2019-05-02T07:13:18,22.4,209.1,228.3,0.4,50.0,244.4
2019-05-02T07:13:49,22.4,187.8,249.0,0.5,50.0,244.4
2019-05-02T07:14:20,22.4,183.1,230.1,0.6,50.0,245.4
2019-05-02T07:14:51,22.4,206.1,217.7,0.5,50.0,244.4
2019-05-02T07:15:22,22.4,212.6,240.1,0.5,50.0,244.4
2019-05-02T07:15:54,22.8,202.0,228.3,0.6,50.0,244.4
2019-05-02T07:16:25,22.4,220.3,208.2,0.5,50.0,246.4
2019-05-02T07:16:56,22.8,197.3,231.3,0.6,60.0,246.4
2019-05-02T07:17:27,22.8,181.3,241.9,0.6,60.0,246.4
2019-05-02T07:17:58,23.1,204.3,220.6,0.6,60.0,249.3
2019-05-02T07:18:29,23.1,215.0,215.9,0.6,60.0,247.3
2019-05-02T07:19:00,23.1,194.3,238.4,0.7,60.0,247.3
2019-05-02T07:19:31,23.1,187.2,243.7,0.7,70.0,247.3
2019-05-02T07:20:02,23.1,210.8,221.8,0.7,70.0,246.4
2019-05-02T07:20:34,23.5,220.9,244.3,0.7,70.0,247.3
2019-05-02T07:21:05,23.5,206.1,239.5,0.7,70.0,247.3
2019-05-02T07:21:36,23.5,217.3,218.8,0.7,80.0,248.3
2019-05-02T07:22:07,23.5,212.0,240.7,0.7,80.0,247.3
2019-05-02T07:22:38,23.9,213.8,237.2,0.7,80.0,248.3
2019-05-02T07:23:09,23.9,193.1,215.9,0.8,80.0,248.3
2019-05-02T07:23:40,23.9,172.4,211.7,0.9,80.0,248.3
2019-05-02T07:24:11,24.2,169.5,236.0,1.0,90.0,249.3
2019-05-02T07:24:42,24.2,192.5,244.3,0.9,90.0,248.3
2019-05-02T07:25:13,24.2,216.2,222.4,0.9,90.0,248.3
2019-05-02T07:25:45,24.6,212.0,235.4,0.8,100.0,248.3
2019-05-02T07:26:16,24.6,206.7,241.9,0.9,100.0,249.3
2019-05-02T07:26:47,24.6,219.7,223.0,0.8,100.0,249.3
2019-05-02T07:27:18,24.6,205.5,245.5,0.9,110.0,248.3
2019-05-02T07:27:49,25.0,227.4,232.4,0.8,110.0,250.2
2019-05-02T07:28:20,25.0,205.5,225.9,0.9,110.0,248.3
2019-05-02T07:28:51,25.0,185.4,249.0,1.0,110.0,247.3
2019-05-02T07:29:22,25.3,163.6,230.1,1.1,120.0,247.3
2019-05-02T07:29:53,25.3,186.6,231.3,1.1,120.0,246.4
2019-05-02T07:30:24,25.3,207.9,250.2,1.0,120.0,247.3
2019-05-02T07:30:56,25.7,222.1,225.9,0.9,130.0,248.3
2019-05-02T07:31:27,25.7,220.3,237.2,1.0,130.0,246.4
2019-05-02T07:31:58,25.7,213.2,244.9,1.0,140.0,248.3
2019-05-02T07:32:29,26.1,220.9,222.4,1.1,140.0,245.4
2019-05-02T07:33:00,26.1,228.0,240.1,1.0,140.0,244.4
2019-05-02T07:33:31,26.1,223.8,244.3,1.0,150.0,246.4
2019-05-02T07:34:02,26.4,220.3,233.6,1.2,150.0,246.4
2019-05-02T07:34:33,26.4,227.4,244.3,1.0,160.0,245.4
2019-05-02T07:35:04,26.4,227.4,248.4,1.0,160.0,246.4
2019-05-02T07:35:36,26.8,223.8,243.7,1.1,160.0,246.4
2019-05-02T07:36:08,26.8,223.2,239.0,0.9,170.0,247.3
2019-05-02T07:36:39,26.8,211.4,237.2,1.0,170.0,245.4
2019-05-02T07:37:10,27.2,219.7,236.6,0.9,180.0,246.4
2019-05-02T07:37:41,27.2,217.3,247.2,0.9,180.0,246.4
2019-05-02T07:38:12,27.2,230.3,226.5,1.0,180.0,247.3
2019-05-02T07:38:43,27.5,224.4,232.4,1.1,190.0,248.3
2019-05-02T07:39:14,27.5,221.5,244.3,1.1,190.0,247.3
2019-05-02T07:39:45,27.5,219.1,228.3,1.0,200.0,247.3
2019-05-02T07:40:16,27.5,228.0,239.0,1.0,200.0,246.4
2019-05-02T07:40:47,27.9,221.5,241.9,0.9,200.0,246.4
2019-05-02T07:41:19,27.9,215.6,238.4,0.8,210.0,247.3
2019-05-02T07:41:50,27.9,222.1,214.1,1.0,210.0,248.3
2019-05-02T07:42:21,28.3,222.1,241.9,1.0,220.0,246.4
2019-05-02T07:42:52,28.3,219.7,250.2,1.3,220.0,248.3
2019-05-02T07:43:23,28.3,219.1,234.8,1.2,220.0,248.3
2019-05-02T07:43:54,28.3,219.1,241.3,1.1,230.0,248.3
2019-05-02T07:44:25,28.3,228.6,232.4,1.0,230.0,247.3
2019-05-02T07:44:56,28.6,216.2,220.0,1.2,240.0,248.3
2019-05-02T07:45:27,28.6,219.1,228.3,0.8,240.0,247.3
2019-05-02T07:45:58,29.0,206.1,246.1,0.8,240.0,247.3
2019-05-02T07:46:30,29.0,184.8,228.3,0.8,250.0,247.3
2019-05-02T07:47:01,29.0,179.5,236.6,0.9,250.0,245.4
2019-05-02T07:47:32,29.0,159.4,241.3,1.1,250.0,245.4
2019-05-02T07:48:03,29.4,146.4,224.8,1.3,260.0,246.4
2019-05-02T07:48:34,29.7,179.5,199.9,1.6,260.0,248.3
2019-05-02T07:49:05,29.4,184.3,224.2,1.5,270.0,248.3
2019-05-02T07:49:36,29.7,182.5,234.8,1.1,270.0,247.3
2019-05-02T07:50:07,29.7,168.3,221.2,1.1,270.0,246.4
2019-05-02T07:50:38,29.7,183.7,239.5,0.9,280.0,246.4
2019-05-02T07:51:10,29.7,162.4,217.7,1.0,280.0,247.3
2019-05-02T07:51:41,30.1,176.0,239.5,1.1,280.0,249.3
2019-05-02T07:52:12,30.1,209.1,253.2,1.4,290.0,248.3
2019-05-02T07:52:43,30.1,228.6,228.3,1.4,290.0,249.3
2019-05-02T07:53:14,30.2,222.1,239.5,1.5,300.0,249.3
2019-05-02T07:53:45,30.2,220.3,237.2,1.5,310.0,249.3
2019-05-02T07:54:16,30.2,216.2,234.2,1.6,310.0,250.2
2019-05-02T07:54:47,30.2,215.0,229.5,1.5,320.0,249.3
2019-05-02T07:55:18,30.3,214.4,246.6,1.6,320.0,250.2
2019-05-02T07:55:49,30.3,220.9,238.4,1.5,330.0,249.3
2019-05-02T07:56:21,30.4,198.4,217.1,1.8,340.0,249.3
2019-05-02T07:56:52,30.4,203.2,232.4,1.5,340.0,248.3
2019-05-02T07:57:23,30.3,213.8,236.0,1.8,350.0,248.3
2019-05-02T07:57:54,30.3,219.1,234.2,1.7,350.0,248.3
2019-05-02T07:58:25,30.3,220.3,236.6,1.5,360.0,248.3
2019-05-02T07:58:56,30.2,218.5,235.4,1.2,370.0,248.3
2019-05-02T07:59:27,30.2,194.9,212.3,1.5,370.0,249.3
2019-05-02T07:59:58,30.3,223.2,243.1,1.7,380.0,249.3
2019-05-02T08:00:29,30.3,217.9,235.4,1.7,380.0,248.3
2019-05-02T08:01:00,30.3,220.3,237.8,1.6,390.0,249.3
2019-05-02T08:01:31,30.4,218.5,237.8,1.4,390.0,246.4
2019-05-02T08:02:02,30.5,216.7,234.8,1.0,400.0,247.3
2019-05-02T08:02:33,30.5,216.7,237.2,0.9,400.0,248.3
2019-05-02T08:03:04,30.5,208.5,229.5,0.9,410.0,247.3
2019-05-02T08:03:35,30.7,206.7,232.4,0.9,410.0,247.3
2019-05-02T08:04:06,30.7,217.3,234.2,0.9,410.0,247.3
2019-05-02T08:04:37,30.7,215.0,229.5,0.9,420.0,247.3
2019-05-02T08:05:08,30.8,214.4,232.4,0.9,420.0,247.3
2019-05-02T08:05:40,30.8,224.4,252.0,1.0,420.0,248.3
2019-05-02T08:06:11,30.7,206.1,231.9,1.0,430.0,249.3
2019-05-02T08:06:42,30.7,183.1,209.4,1.2,430.0,247.3
2019-05-02T08:07:13,30.7,167.7,204.6,1.3,430.0,248.3
2019-05-02T08:07:44,30.8,177.8,220.6,1.2,440.0,246.4
2019-05-02T08:08:15,30.8,191.3,231.9,1.0,440.0,246.4
2019-05-02T08:08:46,30.9,215.6,249.0,1.0,440.0,246.4
2019-05-02T08:09:17,30.9,217.9,227.7,1.0,450.0,246.4
2019-05-02T08:09:48,30.9,195.5,206.4,1.1,450.0,246.4
2019-05-02T08:10:19,31.0,167.1,183.3,1.7,460.0,246.4
2019-05-02T08:10:51,31.0,174.2,194.6,1.1,460.0,246.4
2019-05-02T08:11:22,31.0,189.6,216.5,1.0,460.0,245.4
2019-05-02T08:11:53,31.0,209.7,228.3,0.9,470.0,244.4
2019-05-02T08:12:24,31.1,205.5,230.7,0.9,470.0,244.4
2019-05-02T08:12:55,31.1,215.0,232.4,0.9,470.0,245.4
2019-05-02T08:13:26,31.1,197.3,238.4,1.0,480.0,247.3
2019-05-02T08:13:57,31.2,176.0,215.3,1.0,480.0,244.4
2019-05-02T08:14:28,31.2,154.7,234.8,1.3,480.0,245.4
2019-05-02T08:14:59,31.2,176.6,222.4,1.2,490.0,245.4
2019-05-02T08:15:30,31.2,185.4,234.2,1.1,490.0,244.4
2019-05-02T08:16:02,31.4,208.5,244.3,1.0,500.0,244.4
2019-05-02T08:16:33,31.4,210.2,220.0,1.1,500.0,245.4
2019-05-02T08:17:04,31.4,228.0,196.4,1.2,500.0,246.4
2019-05-02T08:17:35,31.5,194.3,227.1,1.9,510.0,246.4
2019-05-02T08:18:06,31.5,183.1,218.8,1.6,510.0,246.4
2019-05-02T08:18:37,31.5,161.2,244.3,2.2,520.0,247.3
2019-05-02T08:19:08,31.5,182.5,225.9,2.3,530.0,247.3
2019-05-02T08:19:39,31.5,168.9,241.9,2.7,540.0,248.3
2019-05-02T08:20:10,31.6,184.8,236.0,2.8,540.0,246.4
2019-05-02T08:20:41,31.6,183.7,241.3,2.7,550.0,246.4
2019-05-02T08:21:13,31.7,207.9,231.3,2.6,560.0,247.3
2019-05-02T08:21:44,31.7,220.3,243.7,2.6,570.0,247.3
2019-05-02T08:22:15,31.8,214.4,240.1,2.6,580.0,247.3
2019-05-02T08:22:46,31.8,217.9,231.9,2.7,590.0,248.3
2019-05-02T08:23:17,31.8,207.9,246.1,2.7,600.0,249.3
2019-05-02T08:23:48,31.9,215.6,231.3,2.6,610.0,249.3
2019-05-02T08:24:19,31.9,215.0,234.2,2.8,620.0,249.3
2019-05-02T08:24:50,31.9,216.2,240.1,2.7,630.0,249.3
2019-05-02T08:25:21,31.9,216.7,241.3,2.7,640.0,249.3
2019-05-02T08:25:52,32.0,217.9,241.3,2.9,650.0,246.4
2019-05-02T08:26:24,32.2,213.8,231.3,2.9,660.0,248.3
2019-05-02T08:26:55,32.2,216.7,236.0,2.7,670.0,246.4
2019-05-02T08:27:26,32.3,216.7,232.4,2.4,680.0,247.3
2019-05-02T08:27:57,32.3,216.7,228.9,2.4,690.0,246.4
2019-05-02T08:28:28,32.3,205.5,240.1,1.9,700.0,247.3
2019-05-02T08:28:59,32.4,219.1,237.2,1.7,710.0,247.3
2019-05-02T08:29:30,32.4,214.4,223.0,1.6,710.0,247.3
2019-05-02T08:30:01,32.4,211.4,246.6,1.8,720.0,246.4
2019-05-02T08:30:32,32.5,218.5,234.2,1.6,730.0,246.4
2019-05-02T08:31:04,32.5,188.4,202.3,2.5,730.0,247.3
2019-05-02T08:31:35,32.5,179.5,204.1,2.8,740.0,248.3
2019-05-02T08:32:06,32.6,189.6,220.6,2.2,750.0,246.4
2019-05-02T08:32:37,32.6,167.1,221.8,2.8,760.0,248.3
2019-05-02T08:33:08,32.6,191.9,246.6,2.8,770.0,246.4
2019-05-02T08:33:39,32.7,204.9,243.1,2.1,780.0,245.4
2019-05-02T08:34:10,32.6,190.2,227.1,2.2,780.0,245.4
2019-05-02T08:34:41,32.7,205.5,233.6,1.7,790.0,245.4
2019-05-02T08:35:12,32.7,199.6,240.1,1.6,800.0,245.4
2019-05-02T08:35:43,32.7,210.8,232.4,1.2,800.0,244.4
2019-05-02T08:36:15,32.7,213.2,228.3,1.1,810.0,244.4
2019-05-02T08:36:46,32.9,206.1,226.5,1.1,810.0,243.5
2019-05-02T08:37:17,32.9,203.7,231.3,1.1,810.0,244.4
2019-05-02T08:37:48,32.9,211.4,230.1,0.9,820.0,244.4
2019-05-02T08:38:19,32.9,214.4,237.2,0.9,820.0,244.4
2019-05-02T08:38:50,32.9,210.2,216.5,1.0,820.0,243.5
2019-05-02T08:39:21,32.9,206.1,227.7,1.0,830.0,244.4
2019-05-02T08:39:52,32.9,202.6,227.1,1.0,830.0,244.4
2019-05-02T08:40:23,32.9,209.1,233.0,0.9,830.0,243.5
2019-05-02T08:40:55,32.9,211.4,228.3,0.8,840.0,243.5
2019-05-02T08:41:26,32.7,210.8,220.6,0.8,840.0,244.4
2019-05-02T08:41:57,32.9,197.3,231.9,0.9,840.0,244.4
2019-05-02T08:42:28,32.9,212.0,225.4,0.7,850.0,246.4
2019-05-02T08:42:59,32.9,206.7,233.0,0.8,850.0,243.5
2019-05-02T08:43:30,32.9,199.0,211.7,0.8,850.0,245.4
2019-05-02T08:44:01,33.0,200.2,209.4,0.8,850.0,243.5
2019-05-02T08:44:32,32.9,206.1,233.0,1.0,860.0,245.4
2019-05-02T08:45:03,33.0,215.6,225.4,0.8,860.0,245.4
2019-05-02T08:45:35,33.0,207.3,220.6,0.9,860.0,244.4
2019-05-02T08:46:06,33.0,200.8,241.3,0.9,870.0,246.4
2019-05-02T08:46:37,33.0,178.9,222.4,1.0,870.0,244.4
2019-05-02T08:47:08,33.0,163.0,202.9,1.5,870.0,245.4
2019-05-02T08:47:39,33.1,168.9,212.3,1.0,880.0,244.4
2019-05-02T08:48:10,33.1,189.6,229.5,0.8,880.0,243.5
2019-05-02T08:48:41,33.1,212.6,222.4,0.8,880.0,244.4
2019-05-02T08:49:12,33.1,234.5,201.1,1.3,890.0,247.3
2019-05-02T08:49:43,33.1,217.9,207.0,3.0,900.0,247.3
2019-05-02T08:50:14,33.1,216.7,238.4,3.2,910.0,249.3
2019-05-02T08:50:46,33.2,220.3,230.1,3.0,920.0,247.3
2019-05-02T08:51:17,33.2,214.4,236.6,3.2,930.0,248.3
2019-05-02T08:51:48,33.2,213.2,227.7,3.2,940.0,248.3
2019-05-02T08:52:19,33.3,213.2,233.0,3.0,950.0,249.3
2019-05-02T08:52:50,33.3,211.4,235.4,3.0,960.0,248.3
2019-05-02T08:53:21,33.4,212.6,229.5,3.2,970.0,248.3
2019-05-02T08:53:52,33.3,216.2,230.1,3.0,980.0,248.3
2019-05-02T08:54:23,33.4,213.8,233.6,3.2,1000.0,249.3
2019-05-02T08:54:54,33.4,212.6,238.4,3.1,1010.0,250.2
2019-05-02T08:55:25,33.5,209.1,233.0,3.1,1020.0,249.3
2019-05-02T08:55:57,33.5,212.6,234.2,3.1,1030.0,249.3
2019-05-02T08:56:28,33.7,204.9,225.4,3.0,1040.0,249.3
2019-05-02T08:56:59,33.7,203.7,218.3,2.5,1050.0,248.3
2019-05-02T08:57:30,33.7,206.7,241.9,3.2,1060.0,248.3
2019-05-02T08:58:01,33.8,200.8,220.0,3.3,1070.0,248.3
2019-05-02T08:58:32,33.8,216.7,222.4,2.9,1080.0,249.3
2019-05-02T08:59:03,33.8,210.2,213.5,3.4,1090.0,249.3
2019-05-02T08:59:34,33.8,207.9,235.4,3.2,1100.0,247.3
2019-05-02T09:00:05,33.9,209.7,231.3,3.3,1120.0,248.3
2019-05-02T09:00:37,33.9,212.0,223.0,3.2,1130.0,249.3
2019-05-02T09:01:08,34.0,212.6,239.0,3.2,1140.0,248.3
2019-05-02T09:01:39,34.0,210.2,225.4,3.1,1150.0,248.3
2019-05-02T09:02:10,34.1,211.4,235.4,3.3,1160.0,248.3
2019-05-02T09:02:41,34.1,210.2,228.3,3.3,1170.0,248.3
2019-05-02T09:03:12,34.1,211.4,230.1,3.1,1180.0,247.3
2019-05-02T09:03:43,34.2,206.1,230.1,3.2,1190.0,249.3
2019-05-02T09:04:14,34.2,208.5,221.8,3.3,1210.0,249.3
2019-05-02T09:04:45,34.4,207.9,232.4,3.3,1220.0,249.3
2019-05-02T09:05:16,34.4,213.2,233.0,3.1,1230.0,251.2
2019-05-02T09:05:48,34.4,209.1,227.7,3.2,1240.0,249.3
2019-05-02T09:06:19,34.5,194.3,242.5,3.4,1250.0,249.3
2019-05-02T09:06:50,34.5,203.7,224.8,2.8,1260.0,248.3
2019-05-02T09:07:21,34.5,189.0,232.4,2.5,1270.0,249.3
2019-05-02T09:07:52,34.5,202.0,240.1,3.0,1280.0,249.3
2019-05-02T09:08:23,34.6,208.5,241.9,1.4,1290.0,247.3
2019-05-02T09:08:54,34.6,209.7,235.4,1.2,1290.0,246.4
2019-05-02T09:09:25,34.6,194.9,218.8,1.3,1300.0,245.4
2019-05-02T09:09:56,34.6,157.7,220.6,3.7,1310.0,247.3
2019-05-02T09:10:27,34.6,171.9,215.3,3.5,1320.0,250.2
2019-05-02T09:10:59,34.5,159.4,205.8,4.6,1330.0,250.2
2019-05-02T09:11:30,34.5,168.9,220.0,2.2,1340.0,247.3
2019-05-02T09:12:01,34.6,197.3,247.2,3.8,1350.0,249.3
2019-05-02T09:12:32,34.6,211.4,231.3,3.8,1360.0,250.2
2019-05-02T09:13:03,34.7,206.7,230.1,3.7,1370.0,250.2
2019-05-02T09:13:34,34.7,223.8,233.0,3.6,1390.0,251.2
2019-05-02T09:14:05,34.7,206.1,230.7,4.4,1400.0,250.2
2019-05-02T09:14:36,34.8,210.8,239.5,3.3,1420.0,250.2
2019-05-02T09:15:07,34.9,186.0,213.5,4.2,1430.0,251.2
2019-05-02T09:15:39,34.9,199.0,208.2,4.1,1440.0,251.2
2019-05-02T09:16:10,35.0,207.9,232.4,4.2,1460.0,251.2
2019-05-02T09:16:41,35.0,206.1,227.1,2.6,1470.0,250.2
2019-05-02T09:17:12,35.0,203.2,226.5,2.3,1480.0,249.3
2019-05-02T09:17:43,35.2,196.7,231.3,2.0,1490.0,248.3
2019-05-02T09:18:14,35.2,203.7,214.7,1.9,1500.0,247.3
2019-05-02T09:18:45,35.2,211.4,232.4,1.6,1500.0,248.3
2019-05-02T09:19:16,35.2,201.4,225.4,2.3,1510.0,250.2
2019-05-02T09:19:47,35.3,209.1,229.5,1.7,1520.0,247.3
2019-05-02T09:20:18,35.3,210.8,211.2,1.9,1520.0,246.4
2019-05-02T09:20:50,35.3,199.6,224.8,1.8,1530.0,248.3
2019-05-02T09:21:21,35.3,213.2,214.1,1.8,1540.0,248.3
2019-05-02T09:21:52,35.3,210.8,243.7,4.2,1540.0,250.2
2019-05-02T09:22:23,35.3,207.3,230.7,2.0,1550.0,247.3
2019-05-02T09:22:54,35.3,189.0,211.2,2.5,1560.0,247.3
2019-05-02T09:23:25,35.3,158.3,244.3,4.4,1570.0,250.2
2019-05-02T09:23:56,35.4,155.3,227.7,5.7,1590.0,251.2
2019-05-02T09:24:27,35.4,177.2,224.8,4.1,1600.0,251.2
2019-05-02T09:24:58,35.4,196.7,206.4,3.9,1620.0,249.3
2019-05-02T09:25:29,35.5,217.9,188.1,2.8,1630.0,249.3
2019-05-02T09:26:01,35.5,198.4,203.5,3.5,1640.0,249.3
2019-05-02T09:26:32,35.5,184.3,220.6,2.9,1650.0,248.3
2019-05-02T09:27:03,35.6,207.3,234.8,2.7,1660.0,247.3
2019-05-02T09:27:34,35.6,207.3,230.1,1.6,1670.0,244.4
2019-05-02T09:28:05,35.6,194.9,237.8,1.7,1680.0,245.4
2019-05-02T09:28:36,35.6,204.3,223.6,1.4,1680.0,243.5
2019-05-02T09:29:07,35.6,210.8,224.8,1.4,1690.0,244.4
2019-05-02T09:29:38,35.6,187.2,246.1,1.7,1690.0,245.4
2019-05-02T09:30:33,35.6,204.3,236.0,1.4,1700.0,244.4
2019-05-02T09:31:04,35.6,204.3,222.4,1.4,1710.0,242.5
2019-05-02T09:31:35,35.6,201.4,212.3,1.8,1710.0,244.4
2019-05-02T09:32:06,35.6,203.7,215.3,1.3,1720.0,243.5
2019-05-02T09:32:37,35.6,205.5,225.9,1.4,1720.0,243.5
2019-05-02T09:33:08,35.5,216.2,206.4,1.2,1730.0,243.5
2019-05-02T09:33:39,35.5,215.6,227.1,1.3,1730.0,243.5
2019-05-02T09:34:10,35.5,207.3,228.3,1.4,1740.0,243.5
2019-05-02T09:34:41,35.5,196.1,223.0,1.3,1740.0,244.4
2019-05-02T09:35:12,35.5,203.2,222.4,1.2,1740.0,242.5
2019-05-02T09:35:44,35.5,201.4,228.9,1.2,1750.0,243.5
2019-05-02T09:36:15,35.5,173.6,198.7,4.4,1760.0,248.3
2019-05-02T09:36:46,35.5,186.6,210.6,5.1,1770.0,248.3
2019-05-02T09:37:17,35.5,210.2,234.2,5.0,1790.0,249.3
2019-05-02T09:37:48,35.6,202.6,222.4,5.1,1810.0,250.2
2019-05-02T09:38:19,35.6,207.9,230.7,5.2,1820.0,248.3
2019-05-02T09:38:50,35.7,209.1,231.3,3.3,1840.0,247.3
2019-05-02T09:39:21,35.7,206.1,223.6,3.2,1850.0,244.4
2019-05-02T09:39:52,35.9,187.8,240.1,3.6,1860.0,245.4
2019-05-02T09:40:23,35.9,183.7,228.3,3.1,1880.0,245.4
2019-05-02T09:40:55,35.9,203.2,210.6,3.4,1890.0,246.4
2019-05-02T09:41:26,35.9,193.1,208.8,2.9,1900.0,247.3
2019-05-02T09:41:57,36.0,170.1,192.2,3.3,1910.0,246.4
2019-05-02T09:42:28,36.0,181.9,211.7,2.7,1920.0,246.4
2019-05-02T09:42:59,36.0,184.3,215.3,2.2,1920.0,246.4
2019-05-02T09:43:30,36.0,184.3,225.4,2.2,1930.0,245.4
2019-05-02T09:44:01,36.0,194.9,213.5,2.1,1940.0,245.4
2019-05-02T09:44:32,36.1,222.7,243.1,2.4,1950.0,246.4
2019-05-02T09:45:03,36.1,203.2,225.9,3.2,1960.0,244.4
2019-05-02T09:45:35,36.1,211.4,231.3,1.9,1970.0,244.4
2019-05-02T09:46:06,36.1,195.5,210.0,2.2,1970.0,244.4
2019-05-02T09:46:37,36.1,216.2,238.4,2.4,1980.0,246.4
2019-05-02T09:47:08,36.1,199.6,225.4,2.5,1990.0,245.4
2019-05-02T09:47:39,36.1,223.2,247.8,1.8,2000.0,245.4
2019-05-02T09:48:10,36.2,206.1,233.0,2.7,2010.0,246.4
2019-05-02T09:48:41,36.2,215.6,236.6,4.5,2020.0,247.3
2019-05-02T09:49:12,36.2,196.1,252.0,4.4,2040.0,247.3
2019-05-02T09:49:43,36.2,191.3,243.1,2.1,2050.0,242.5
2019-05-02T09:50:14,36.2,204.9,220.0,2.3,2050.0,242.5
2019-05-02T09:50:46,36.2,189.6,232.4,2.5,2060.0,245.4
2019-05-02T09:51:17,36.2,196.1,215.9,5.5,2070.0,248.3
2019-05-02T09:51:48,36.3,183.1,232.4,4.0,2090.0,245.4
2019-05-02T09:52:19,36.3,208.5,229.5,5.9,2110.0,247.3
2019-05-02T09:52:50,36.3,194.3,217.1,5.2,2130.0,245.4
2019-05-02T09:53:21,36.4,175.4,234.2,3.3,2140.0,245.4
2019-05-02T09:53:52,36.4,155.3,221.2,6.4,2160.0,248.3
2019-05-02T09:54:23,36.5,183.7,225.4,5.7,2180.0,249.3
2019-05-02T09:54:54,36.5,196.1,237.2,4.8,2190.0,249.3
2019-05-02T09:55:25,36.5,210.8,239.5,3.2,2210.0,247.3
2019-05-02T09:55:57,36.7,207.3,236.6,3.0,2220.0,246.4
2019-05-02T09:56:28,36.7,189.0,247.2,3.9,2230.0,248.3
2019-05-02T09:56:59,36.7,192.5,237.8,3.4,2240.0,246.4
2019-05-02T09:57:30,36.7,209.1,211.2,5.5,2260.0,250.2
2019-05-02T09:58:01,36.8,208.5,222.4,4.0,2280.0,249.3
2019-05-02T09:58:32,36.8,211.4,199.3,4.6,2300.0,247.3
2019-05-02T09:59:03,36.9,215.0,221.8,3.9,2310.0,250.2
2019-05-02T09:59:34,36.9,200.2,227.7,5.7,2330.0,251.2
2019-05-02T10:00:05,36.9,192.5,237.8,6.1,2350.0,249.3
2019-05-02T10:00:37,36.9,192.5,227.7,2.2,2360.0,247.3
2019-05-02T10:01:08,36.9,204.3,218.8,1.6,2370.0,244.4
2019-05-02T10:01:39,36.9,206.1,217.7,1.4,2370.0,245.4
2019-05-02T10:02:10,36.9,218.5,243.1,1.4,2380.0,246.4
2019-05-02T10:02:41,37.0,211.4,221.8,5.3,2390.0,249.3
2019-05-02T10:03:12,37.0,196.7,231.3,3.9,2410.0,248.3
2019-05-02T10:03:43,37.0,207.9,222.4,4.1,2430.0,249.3
2019-05-02T10:04:14,37.0,219.1,234.2,2.2,2440.0,247.3
2019-05-02T10:04:45,37.1,204.9,224.2,5.7,2460.0,250.2
2019-05-02T10:05:16,37.1,205.5,218.3,5.6,2480.0,251.2
2019-05-02T10:05:48,37.1,202.0,216.5,5.8,2490.0,249.3
2019-05-02T10:06:19,37.1,205.5,225.9,1.5,2510.0,246.4
2019-05-02T10:06:50,37.0,195.5,236.6,4.8,2510.0,248.3
2019-05-02T10:07:21,37.0,212.6,216.5,5.2,2530.0,249.3
2019-05-02T10:07:52,36.5,204.9,215.3,5.4,2550.0,250.2
2019-05-02T10:08:23,36.5,199.6,225.4,6.0,2570.0,250.2
2019-05-02T10:08:54,36.8,201.4,222.4,5.8,2590.0,251.2
2019-05-02T10:09:25,36.9,203.2,220.0,5.7,2610.0,250.2
2019-05-02T10:09:56,37.0,199.6,223.6,5.5,2630.0,251.2
2019-05-02T10:10:27,37.1,203.2,223.0,5.6,2650.0,250.2
2019-05-02T10:10:59,37.2,202.6,221.2,5.5,2670.0,250.2
2019-05-02T10:11:30,37.2,198.4,224.8,5.7,2690.0,250.2
2019-05-02T10:12:01,37.4,199.6,223.0,5.7,2710.0,250.2
2019-05-02T10:12:32,37.5,197.8,215.9,5.6,2730.0,248.3
2019-05-02T10:13:03,37.6,199.6,217.7,5.7,2750.0,250.2
2019-05-02T10:13:34,37.6,203.7,211.2,5.5,2770.0,250.2
2019-05-02T10:14:05,37.7,202.6,215.3,5.6,2790.0,250.2
2019-05-02T10:14:36,37.7,192.5,224.8,5.9,2810.0,249.3
2019-05-02T10:15:07,37.8,196.7,225.4,5.7,2820.0,250.2
2019-05-02T10:15:39,37.8,203.2,214.1,1.7,2840.0,245.4
2019-05-02T10:16:10,37.8,197.3,217.7,5.8,2850.0,251.2
2019-05-02T10:16:41,37.8,211.4,219.4,3.6,2870.0,248.3
2019-05-02T10:17:12,37.9,196.7,210.0,5.9,2890.0,251.2
2019-05-02T10:17:43,37.9,199.0,218.8,5.8,2910.0,251.2
2019-05-02T10:18:14,38.0,199.6,221.8,5.8,2930.0,251.2
2019-05-02T10:18:45,38.0,199.0,219.4,5.7,2950.0,252.2
2019-05-02T10:19:16,38.2,199.0,224.2,5.7,2960.0,251.2
2019-05-02T10:19:47,38.2,195.5,220.0,5.8,2980.0,251.2
2019-05-02T10:20:18,38.2,197.3,224.2,5.7,3000.0,250.2
2019-05-02T10:20:50,38.2,200.2,218.3,5.7,3020.0,251.2
2019-05-02T10:21:21,38.3,197.3,210.0,5.9,3040.0,250.2
2019-05-02T10:21:52,38.3,199.0,217.7,5.8,3060.0,250.2
2019-05-02T10:22:23,38.4,198.4,223.6,5.9,3080.0,250.2
2019-05-02T10:22:54,38.4,200.2,212.9,5.8,3100.0,250.2
2019-05-02T10:23:25,38.4,194.9,208.8,4.0,3120.0,245.4
2019-05-02T10:23:56,38.4,203.7,200.5,1.0,3130.0,243.5
2019-05-02T10:24:27,38.4,202.0,209.4,1.1,3130.0,243.5
2019-05-02T10:24:58,38.4,180.1,241.3,1.8,3140.0,245.4
2019-05-02T10:25:29,38.4,183.7,229.5,6.4,3150.0,250.2
2019-05-02T10:26:01,38.4,203.2,227.7,6.4,3180.0,250.2
2019-05-02T10:26:32,38.4,200.8,219.4,5.3,3200.0,249.3
2019-05-02T10:27:03,38.4,211.4,220.0,3.7,3210.0,247.3
2019-05-02T10:27:34,38.4,205.5,215.9,3.4,3230.0,248.3
2019-05-02T10:28:05,38.4,208.5,220.6,2.9,3240.0,246.4
2019-05-02T10:28:36,38.5,204.9,228.3,2.5,3250.0,246.4
2019-05-02T10:29:07,38.4,206.7,222.4,2.5,3260.0,247.3
2019-05-02T10:29:38,38.4,205.5,223.0,2.5,3270.0,246.4
2019-05-02T10:30:09,38.4,201.4,228.3,2.5,3270.0,246.4
2019-05-02T10:30:40,38.4,203.2,218.8,2.4,3280.0,248.3
2019-05-02T10:31:12,38.4,202.0,215.9,2.5,3290.0,247.3
2019-05-02T10:31:43,38.4,184.8,217.1,2.8,3300.0,247.3
2019-05-02T10:32:14,38.4,188.4,215.3,2.8,3310.0,248.3
2019-05-02T10:32:45,38.4,196.1,225.9,3.0,3320.0,247.3
2019-05-02T10:33:16,38.5,210.2,225.4,2.9,3340.0,247.3
2019-05-02T10:33:47,38.5,213.8,220.6,2.6,3350.0,247.3
2019-05-02T10:34:18,38.5,210.8,230.1,2.8,3360.0,247.3
2019-05-02T10:34:49,38.5,209.1,223.0,2.7,3370.0,248.3
2019-05-02T10:35:20,38.5,196.7,214.7,3.0,3380.0,246.4
2019-05-02T10:35:51,38.5,199.0,224.8,3.0,3390.0,247.3
2019-05-02T10:36:24,38.4,210.2,211.2,3.2,3400.0,247.3
2019-05-02T10:36:55,38.5,215.0,214.1,3.4,3420.0,250.2
2019-05-02T10:37:26,38.5,212.6,215.9,4.0,3430.0,249.3
2019-05-02T10:37:57,38.5,194.3,228.9,3.8,3450.0,250.2
2019-05-02T10:38:28,38.5,191.9,215.3,4.1,3460.0,250.2
2019-05-02T10:38:59,38.6,207.3,208.2,4.6,3480.0,249.3
2019-05-02T10:39:30,38.6,209.7,225.9,3.8,3500.0,249.3
2019-05-02T10:40:01,38.6,213.2,214.7,3.4,3510.0,248.3
2019-05-02T10:40:32,38.7,207.3,212.3,5.9,3530.0,250.2
2019-05-02T10:41:04,38.7,209.1,224.2,4.5,3550.0,248.3
2019-05-02T10:41:35,38.7,206.7,218.8,3.8,3570.0,248.3
2019-05-02T10:42:06,38.9,207.9,220.6,2.5,3580.0,245.4
2019-05-02T10:42:37,38.9,208.5,218.8,2.3,3590.0,245.4
2019-05-02T10:43:08,38.9,207.9,219.4,2.2,3600.0,246.4
2019-05-02T10:43:39,38.9,207.3,216.5,2.1,3600.0,246.4
2019-05-02T10:44:10,38.9,209.1,217.1,2.1,3610.0,245.4
2019-05-02T10:44:41,38.9,210.8,223.0,2.0,3620.0,245.4
2019-05-02T10:45:12,38.7,209.1,225.9,2.1,3630.0,246.4
2019-05-02T10:45:43,38.7,211.4,211.2,2.1,3640.0,245.4
2019-05-02T10:46:15,38.7,179.5,206.4,3.0,3650.0,246.4
2019-05-02T10:46:46,38.7,184.3,223.6,3.6,3660.0,246.4
2019-05-02T10:47:17,38.7,191.9,211.2,2.6,3670.0,246.4
2019-05-02T10:47:48,38.7,168.3,238.4,3.3,3680.0,246.4
2019-05-02T10:48:19,38.9,169.5,220.6,3.1,3690.0,245.4
2019-05-02T10:48:50,38.9,169.5,205.8,8.4,3720.0,249.3
2019-05-02T10:49:21,38.9,186.0,222.4,3.7,3730.0,247.3
2019-05-02T10:49:52,38.9,189.0,201.1,5.3,3750.0,249.3
2019-05-02T10:50:23,39.0,193.7,209.4,3.3,3760.0,244.4
2019-05-02T10:50:54,39.0,203.7,220.0,2.2,3770.0,245.4
2019-05-02T10:51:26,39.0,206.1,227.7,2.3,3780.0,244.4
2019-05-02T10:51:57,39.0,224.4,227.7,4.5,3800.0,248.3
2019-05-02T10:52:28,39.0,197.8,223.0,7.5,3820.0,250.2
2019-05-02T10:52:59,39.1,214.4,207.6,4.8,3840.0,247.3
2019-05-02T10:53:30,39.1,209.1,198.1,4.0,3860.0,248.3
2019-05-02T10:54:01,39.2,197.8,210.0,5.8,3870.0,249.3
2019-05-02T10:54:32,39.2,189.6,230.1,6.8,3900.0,250.2
2019-05-02T10:55:03,39.2,196.1,226.5,6.5,3920.0,247.3
2019-05-02T10:55:34,39.3,196.1,223.0,2.6,3940.0,243.5
2019-05-02T10:56:06,39.3,197.3,220.0,2.0,3950.0,243.5
2019-05-02T10:56:37,39.3,203.7,216.5,1.8,3950.0,242.5
2019-05-02T10:57:08,39.3,211.4,212.3,1.6,3960.0,243.5
2019-05-02T10:57:39,39.3,200.8,222.4,1.8,3970.0,242.5
2019-05-02T10:58:10,39.3,197.8,218.8,1.7,3980.0,242.5
2019-05-02T10:58:41,39.2,213.8,211.2,1.5,3980.0,243.5
2019-05-02T10:59:12,39.2,190.8,234.8,1.9,3990.0,243.5
2019-05-02T10:59:43,39.2,167.1,240.7,2.6,4000.0,242.5
2019-05-02T11:00:14,39.2,158.9,220.6,2.4,4010.0,243.5
2019-05-02T11:00:45,39.2,184.8,198.7,2.4,4020.0,243.5
2019-05-02T11:01:17,39.1,185.4,215.3,2.3,4030.0,244.4
2019-05-02T11:01:48,39.1,189.6,217.7,2.2,4030.0,243.5
2019-05-02T11:02:19,39.1,186.0,225.4,2.2,4040.0,242.5
2019-05-02T11:02:50,39.1,186.0,217.1,2.2,4050.0,243.5
2019-05-02T11:03:21,39.1,191.9,237.2,2.2,4060.0,242.5
2019-05-02T11:03:52,39.0,204.3,237.8,2.5,4070.0,244.4
2019-05-02T11:04:23,39.0,186.0,230.1,2.6,4080.0,244.4
2019-05-02T11:04:54,39.0,186.0,223.0,2.5,4090.0,243.5
2019-05-02T11:05:25,39.0,187.8,218.3,2.5,4100.0,243.5
2019-05-02T11:05:56,39.0,192.5,240.1,2.6,4110.0,242.5
2019-05-02T11:06:28,39.0,189.6,220.6,2.5,4120.0,243.5
2019-05-02T11:06:59,39.0,184.8,216.5,2.6,4130.0,243.5
2019-05-02T11:07:30,38.9,171.3,237.2,2.7,4140.0,243.5
2019-05-02T11:08:01,38.9,181.9,234.2,6.6,4150.0,249.3
2019-05-02T11:08:32,38.9,173.6,231.9,3.2,4170.0,243.5
2019-05-02T11:09:03,38.9,166.5,224.8,2.1,4180.0,244.4
2019-05-02T11:09:34,38.9,158.3,225.4,2.1,4190.0,243.5
2019-05-02T11:10:05,38.9,160.0,223.6,2.0,4200.0,242.5
2019-05-02T11:10:36,38.9,177.8,231.3,1.9,4210.0,243.5
2019-05-02T11:11:08,38.9,188.4,220.0,1.8,4210.0,245.4
2019-05-02T11:11:39,38.7,193.7,218.8,1.6,4220.0,243.5
2019-05-02T11:12:10,38.7,189.0,227.1,1.6,4230.0,244.4
2019-05-02T11:12:41,38.7,193.1,230.1,1.7,4230.0,244.4
2019-05-02T11:13:12,38.7,189.0,218.8,1.6,4240.0,244.4
2019-05-02T11:13:43,38.7,189.0,225.4,1.6,4250.0,244.4
2019-05-02T11:14:14,38.6,194.9,234.2,1.6,4250.0,243.5
2019-05-02T11:14:45,38.6,187.2,225.4,1.6,4260.0,244.4
2019-05-02T11:15:16,38.6,194.9,221.8,1.5,4270.0,245.4
2019-05-02T11:15:47,38.5,189.6,224.8,1.5,4270.0,244.4
2019-05-02T11:16:19,38.5,176.0,233.6,1.5,4280.0,243.5
2019-05-02T11:16:50,38.5,162.4,228.3,1.7,4290.0,245.4
2019-05-02T11:17:21,38.5,163.0,231.9,1.8,4290.0,244.4
2019-05-02T11:17:52,38.5,185.4,235.4,1.6,4300.0,245.4
2019-05-02T11:18:23,38.5,183.1,220.0,1.7,4300.0,245.4
2019-05-02T11:18:54,38.4,189.0,225.9,1.7,4310.0,244.4
2019-05-02T11:19:25,38.4,191.9,231.3,1.7,4320.0,245.4
2019-05-02T11:19:56,38.4,196.1,227.7,1.6,4330.0,246.4
2019-05-02T11:20:27,38.4,188.4,225.4,1.7,4330.0,245.4
2019-05-02T11:20:59,38.4,191.9,224.8,1.8,4340.0,246.4
2019-05-02T11:21:30,38.4,194.3,221.2,1.8,4350.0,245.4
2019-05-02T11:22:01,38.4,194.9,231.9,1.7,4350.0,245.4
2019-05-02T11:22:32,38.4,187.2,227.1,1.6,4360.0,245.4
2019-05-02T11:23:03,38.4,190.2,229.5,1.7,4370.0,245.4
2019-05-02T11:23:34,38.4,184.8,233.0,1.6,4370.0,246.4
2019-05-02T11:24:05,38.4,191.9,220.6,1.6,4380.0,245.4
2019-05-02T11:24:36,38.4,187.2,224.8,1.8,4390.0,245.4
2019-05-02T11:25:07,38.3,193.7,230.7,2.0,4400.0,246.4
2019-05-02T11:25:39,38.3,193.7,226.5,1.9,4400.0,246.4
2019-05-02T11:26:10,38.3,197.8,239.5,2.0,4410.0,247.3
2019-05-02T11:26:41,38.3,199.0,236.6,2.1,4420.0,246.4
2019-05-02T11:27:12,38.3,216.2,240.1,2.5,4430.0,248.3
2019-05-02T11:27:43,38.3,215.0,232.4,1.9,4440.0,246.4
2019-05-02T11:28:14,38.3,215.6,232.4,1.7,4450.0,246.4
2019-05-02T11:28:45,38.3,218.5,230.7,1.7,4460.0,246.4
2019-05-02T11:29:16,38.3,209.7,228.3,1.8,4460.0,246.4
2019-05-02T11:29:47,38.3,217.3,225.4,1.9,4470.0,245.4
2019-05-02T11:30:18,38.3,215.0,234.8,1.9,4480.0,246.4
2019-05-02T11:30:50,38.2,211.4,234.2,2.0,4490.0,246.4
2019-05-02T11:31:21,38.3,211.4,227.7,1.8,4500.0,245.4
2019-05-02T11:31:52,38.2,216.2,226.5,1.8,4510.0,246.4
2019-05-02T11:32:23,38.2,214.4,223.0,1.8,4510.0,245.4
2019-05-02T11:32:54,38.2,209.7,222.4,1.8,4520.0,246.4
2019-05-02T11:33:25,38.2,208.5,228.3,1.7,4530.0,245.4
2019-05-02T11:33:56,38.2,216.2,228.9,1.7,4540.0,246.4
2019-05-02T11:34:27,38.2,219.1,231.9,1.7,4540.0,244.4
2019-05-02T11:34:58,38.2,215.0,232.4,1.5,4550.0,245.4
2019-05-02T11:35:29,38.0,217.9,231.3,1.5,4560.0,244.4
2019-05-02T11:36:01,38.2,216.2,224.8,1.4,4570.0,245.4
2019-05-02T11:36:32,38.2,220.3,227.7,1.3,4570.0,245.4
2019-05-02T11:37:03,38.2,219.7,224.2,1.3,4580.0,245.4
2019-05-02T11:37:34,38.2,213.2,231.3,1.5,4590.0,244.4
2019-05-02T11:38:05,38.2,211.4,225.9,1.4,4590.0,243.5
2019-05-02T11:38:36,38.2,219.7,235.4,1.4,4600.0,243.5
2019-05-02T11:39:07,38.2,214.4,218.3,1.4,4600.0,244.4
2019-05-02T11:39:38,38.2,216.2,232.4,1.6,4610.0,244.4
2019-05-02T11:40:09,38.0,215.6,225.4,1.5,4620.0,244.4
2019-05-02T11:40:40,38.0,213.8,224.8,1.6,4620.0,244.4
2019-05-02T11:41:12,38.0,215.6,225.9,1.6,4630.0,244.4
2019-05-02T11:41:43,38.0,210.8,234.2,1.7,4640.0,244.4
2019-05-02T11:42:14,38.0,213.8,225.9,1.6,4650.0,244.4
2019-05-02T11:42:45,38.0,207.3,227.1,1.7,4650.0,244.4
2019-05-02T11:43:16,38.0,211.4,236.0,1.8,4660.0,244.4
2019-05-02T11:43:47,38.0,215.6,221.2,1.9,4670.0,244.4
2019-05-02T11:44:18,38.0,208.5,224.8,2.0,4680.0,245.4
2019-05-02T11:44:49,38.0,188.4,224.8,2.3,4680.0,245.4
2019-05-02T11:45:20,38.0,179.5,227.1,2.3,4690.0,244.4
2019-05-02T11:45:51,38.0,181.9,230.7,2.1,4700.0,244.4
2019-05-02T11:46:23,38.0,186.6,221.2,2.0,4710.0,245.4
2019-05-02T11:46:54,38.0,191.9,227.1,1.9,4720.0,244.4
2019-05-02T11:47:25,38.0,184.3,234.8,2.1,4720.0,244.4
2019-05-02T11:47:56,38.0,193.7,223.0,1.9,4730.0,243.5
2019-05-02T11:48:27,38.0,195.5,228.3,1.7,4740.0,244.4
2019-05-02T11:48:58,37.9,190.2,225.9,1.6,4750.0,244.4
2019-05-02T11:49:29,38.0,189.6,231.3,1.8,4750.0,244.4
2019-05-02T11:50:00,37.9,197.3,223.6,1.6,4760.0,243.5
2019-05-02T11:50:31,37.9,189.6,232.4,1.6,4770.0,243.5
2019-05-02T11:51:03,37.9,188.4,232.4,1.6,4770.0,243.5
2019-05-02T11:51:34,37.9,196.1,227.1,1.6,4780.0,245.4
2019-05-02T11:52:05,37.9,191.9,222.4,1.6,4790.0,245.4
2019-05-02T11:52:36,37.9,192.5,230.1,1.5,4790.0,246.4
2019-05-02T11:53:07,37.9,190.2,223.0,1.5,4800.0,245.4
2019-05-02T11:53:38,37.9,191.3,228.3,1.5,4810.0,243.5
2019-05-02T11:54:09,37.9,189.0,234.8,1.7,4810.0,245.4
2019-05-02T11:54:40,37.9,186.0,227.1,1.6,4820.0,245.4
2019-05-02T11:55:11,37.9,165.4,227.1,1.9,4830.0,245.4
2019-05-02T11:55:42,37.8,177.2,233.0,2.0,4830.0,245.4
2019-05-02T11:56:14,37.8,194.9,230.1,1.9,4840.0,245.4
2019-05-02T11:56:45,37.8,184.8,237.2,2.0,4850.0,246.4
2019-05-02T11:57:16,37.8,178.3,227.1,2.2,4860.0,247.3
2019-05-02T11:57:47,37.8,158.3,218.3,2.5,4860.0,246.4
2019-05-02T11:58:18,37.8,177.2,236.0,2.4,4870.0,246.4
2019-05-02T11:58:49,37.8,196.1,225.4,2.2,4880.0,245.4
2019-05-02T11:59:20,37.8,194.3,228.9,2.2,4890.0,245.4
2019-05-02T11:59:51,37.8,194.9,233.6,2.2,4900.0,247.3
2019-05-02T12:00:22,37.8,184.3,223.0,2.3,4910.0,245.4
2019-05-02T12:00:53,37.8,196.1,225.9,2.4,4920.0,245.4
2019-05-02T12:01:25,37.9,194.3,232.4,2.4,4930.0,245.4
2019-05-02T12:01:56,37.9,192.5,236.0,2.5,4940.0,246.4
2019-05-02T12:02:27,37.9,196.1,229.5,2.6,4950.0,246.4
2019-05-02T12:02:58,37.9,191.9,222.4,2.6,4960.0,245.4
2019-05-02T12:03:29,37.9,194.3,225.4,2.5,4970.0,246.4
2019-05-02T12:04:00,37.9,196.1,227.1,2.4,4980.0,246.4
2019-05-02T12:04:31,37.9,195.5,231.9,2.5,4990.0,246.4
2019-05-02T12:05:02,37.9,191.9,225.9,2.3,5000.0,246.4
2019-05-02T12:05:33,37.9,196.1,228.3,2.3,5010.0,247.3
2019-05-02T12:06:05,38.0,194.3,228.3,2.3,5020.0,245.4
2019-05-02T12:06:36,37.9,195.5,232.4,2.1,5030.0,244.4
2019-05-02T12:07:07,38.0,189.6,233.0,2.1,5040.0,245.4
2019-05-02T12:07:38,38.0,193.1,227.7,2.1,5050.0,245.4
2019-05-02T12:08:09,38.0,194.3,225.9,1.9,5050.0,243.5
2019-05-02T12:08:40,38.0,191.9,229.5,2.0,5060.0,245.4
2019-05-02T12:09:11,38.0,189.0,228.3,1.9,5070.0,244.4
2019-05-02T12:09:42,38.0,185.4,226.5,2.0,5080.0,244.4
2019-05-02T12:10:13,38.0,187.2,225.9,1.9,5090.0,244.4
2019-05-02T12:10:44,38.0,191.9,225.9,1.9,5090.0,244.4
2019-05-02T12:11:16,38.0,197.3,225.4,1.8,5100.0,244.4
2019-05-02T12:11:47,38.0,210.8,228.9,1.9,5110.0,243.5
2019-05-02T12:12:18,38.0,212.0,231.3,1.9,5120.0,243.5
2019-05-02T12:12:49,38.0,214.4,218.3,2.0,5120.0,245.4
2019-05-02T12:13:20,38.0,199.0,238.4,2.1,5130.0,245.4
2019-05-02T12:13:51,38.0,196.7,224.2,2.3,5140.0,245.4
2019-05-02T12:14:22,38.0,209.7,230.7,2.2,5150.0,245.4
2019-05-02T12:14:53,38.2,214.4,231.9,2.3,5160.0,246.4
2019-05-02T12:15:24,38.2,207.3,217.1,2.5,5170.0,244.4
2019-05-02T12:15:55,38.0,218.5,235.4,2.4,5180.0,246.4
2019-05-02T12:16:27,38.0,210.8,228.3,2.7,5190.0,245.4
2019-05-02T12:16:58,38.2,220.3,228.3,2.7,5200.0,246.4
2019-05-02T12:17:29,38.2,217.9,221.2,2.8,5210.0,246.4
2019-05-02T12:18:00,38.2,220.9,226.5,2.7,5230.0,247.3
2019-05-02T12:18:31,38.2,208.5,230.1,2.9,5240.0,247.3
2019-05-02T12:19:02,38.2,217.9,224.2,2.7,5250.0,245.4
2019-05-02T12:19:33,38.2,213.2,223.0,2.7,5260.0,247.3
2019-05-02T12:20:04,38.2,214.4,225.9,2.7,5270.0,247.3
2019-05-02T12:20:35,38.2,219.7,218.8,2.7,5290.0,247.3
2019-05-02T12:21:07,38.2,210.2,225.4,2.6,5300.0,247.3
2019-05-02T12:21:38,38.2,215.0,235.4,2.8,5310.0,246.4
2019-05-02T12:22:09,38.3,209.1,241.3,2.9,5320.0,247.3
2019-05-02T12:22:40,38.3,215.6,219.4,3.1,5330.0,248.3
2019-05-02T12:23:11,38.3,206.1,240.1,3.2,5350.0,246.4
2019-05-02T12:23:42,38.3,204.9,223.0,2.8,5360.0,245.4
2019-05-02T12:24:13,38.3,212.6,218.8,2.8,5370.0,246.4
2019-05-02T12:24:44,38.4,214.4,221.2,2.8,5380.0,246.4
2019-05-02T12:25:15,38.4,218.5,224.8,2.7,5400.0,245.4
2019-05-02T12:25:46,38.4,215.0,233.6,2.8,5410.0,245.4
2019-05-02T12:26:18,38.4,205.5,221.2,2.8,5420.0,245.4
2019-05-02T12:26:49,38.4,205.5,224.2,2.6,5430.0,245.4
2019-05-02T12:27:20,38.5,215.0,228.3,2.4,5440.0,246.4
2019-05-02T12:27:51,38.5,215.0,225.9,2.5,5450.0,245.4
2019-05-02T12:28:22,38.5,210.8,220.6,2.3,5470.0,245.4
2019-05-02T12:28:53,38.5,217.3,221.8,2.2,5480.0,245.4
2019-05-02T12:29:24,38.5,214.4,219.4,2.3,5490.0,245.4
2019-05-02T12:29:55,38.6,212.6,224.8,2.3,5500.0,245.4
2019-05-02T12:30:26,38.6,216.2,225.9,2.2,5510.0,244.4
2019-05-02T12:30:57,38.6,214.4,222.4,2.4,5520.0,245.4
2019-05-02T12:31:29,38.6,207.9,226.5,2.3,5530.0,245.4
2019-05-02T12:32:00,38.6,213.2,223.0,2.4,5540.0,247.3
2019-05-02T12:32:31,38.6,213.2,225.4,2.6,5550.0,247.3
2019-05-02T12:33:02,38.6,212.6,230.7,2.7,5560.0,247.3
2019-05-02T12:33:33,38.6,217.9,218.8,2.6,5570.0,247.3
2019-05-02T12:34:04,38.6,210.8,229.5,2.7,5580.0,248.3
2019-05-02T12:34:35,38.6,185.4,228.3,3.4,5600.0,248.3
2019-05-02T12:35:06,38.6,187.8,226.5,3.7,5610.0,248.3
2019-05-02T12:35:37,38.6,197.3,212.9,3.7,5620.0,247.3
2019-05-02T12:36:09,38.7,210.8,221.8,4.9,5640.0,249.3
2019-05-02T12:36:40,38.7,207.9,219.4,3.0,5660.0,249.3
2019-05-02T12:37:11,38.7,203.7,213.5,3.0,5670.0,246.4
2019-05-02T12:37:42,38.7,190.2,222.4,3.1,5680.0,247.3
2019-05-02T12:38:13,38.7,181.3,210.0,3.3,5690.0,248.3
2019-05-02T12:38:44,38.7,191.9,228.3,3.3,5710.0,248.3
2019-05-02T12:39:15,38.9,192.5,217.1,3.3,5720.0,249.3
2019-05-02T12:39:46,38.9,178.9,236.0,3.4,5730.0,248.3
2019-05-02T12:40:17,38.9,183.7,221.2,3.1,5740.0,247.3
2019-05-02T12:40:49,38.9,186.0,220.6,3.0,5760.0,247.3
2019-05-02T12:41:21,38.9,190.8,217.7,2.9,5770.0,245.4
2019-05-02T12:41:52,39.0,179.5,208.2,2.6,5780.0,246.4
2019-05-02T12:42:23,39.0,190.2,218.8,2.3,5790.0,246.4
2019-05-02T12:42:54,39.0,189.6,222.4,2.2,5800.0,246.4
2019-05-02T12:43:25,39.0,190.2,221.2,2.2,5810.0,246.4
2019-05-02T12:43:56,39.0,189.6,225.4,2.0,5820.0,246.4
2019-05-02T12:44:27,39.0,188.4,224.2,1.9,5820.0,245.4
2019-05-02T12:44:58,39.0,190.2,223.0,1.8,5830.0,243.5
2019-05-02T12:45:29,39.0,190.8,225.4,1.6,5840.0,244.4
2019-05-02T12:46:00,39.0,187.2,223.0,1.6,5850.0,244.4
2019-05-02T12:46:31,39.0,191.3,224.2,1.5,5850.0,244.4
2019-05-02T12:47:02,39.0,184.3,223.6,1.6,5860.0,244.4
2019-05-02T12:47:33,38.9,187.8,229.5,1.6,5860.0,244.4
2019-05-02T12:48:04,38.9,189.6,223.6,1.5,5870.0,245.4
2019-05-02T12:48:35,38.9,185.4,225.4,1.4,5880.0,244.4
2019-05-02T12:49:06,38.9,185.4,225.4,1.3,5880.0,244.4
2019-05-02T12:49:37,38.9,189.6,224.2,1.2,5890.0,243.5
2019-05-02T12:50:08,38.7,189.6,224.8,1.1,5890.0,245.4
2019-05-02T12:50:40,38.7,185.4,223.0,1.2,5900.0,244.4
2019-05-02T12:51:11,38.7,182.5,225.4,1.1,5900.0,244.4
2019-05-02T12:51:42,38.6,186.0,225.4,1.1,5910.0,243.5
2019-05-02T12:52:13,38.7,183.1,220.0,0.9,5910.0,244.4
2019-05-02T12:52:44,38.6,204.9,225.4,0.8,5910.0,243.5
2019-05-02T12:53:15,38.6,199.0,225.9,0.9,5920.0,244.4
2019-05-02T12:53:46,38.6,203.7,225.9,0.9,5920.0,244.4
2019-05-02T12:54:17,38.5,211.4,225.9,0.7,5920.0,243.5
2019-05-02T12:54:48,38.5,198.4,221.2,0.7,5930.0,244.4
2019-05-02T12:55:19,38.5,206.7,219.4,0.7,5930.0,243.5
2019-05-02T12:55:51,38.4,212.0,225.4,0.7,5930.0,244.4
2019-05-02T12:56:22,38.4,208.5,217.1,0.7,5940.0,243.5
2019-05-02T12:56:53,38.4,200.8,233.0,0.7,5940.0,243.5
2019-05-02T12:57:24,38.4,212.6,214.7,0.7,5940.0,243.5
2019-05-02T12:57:55,38.4,207.3,233.0,0.7,5950.0,244.4
2019-05-02T12:58:26,38.3,209.1,227.7,0.7,5950.0,243.5
2019-05-02T12:58:57,38.3,200.8,219.4,0.7,5950.0,243.5
2019-05-02T12:59:28,38.3,215.6,221.2,0.6,5960.0,244.4
2019-05-02T12:59:59,38.3,202.6,227.7,0.6,5960.0,244.4
2019-05-02T13:00:30,38.2,202.6,217.7,0.6,5960.0,244.4
2019-05-02T13:01:02,38.2,203.7,217.1,0.6,5960.0,244.4
2019-05-02T13:01:33,38.2,208.5,221.2,0.6,5970.0,243.5
2019-05-02T13:02:04,38.2,210.2,230.7,0.6,5970.0,244.4
2019-05-02T13:02:35,38.2,203.7,216.5,0.6,5970.0,244.4
2019-05-02T13:03:06,38.0,213.2,239.0,0.6,5980.0,245.4
2019-05-02T13:03:37,38.0,201.4,219.4,0.7,5980.0,244.4
2019-05-02T13:04:08,38.0,180.7,237.2,0.7,5980.0,245.4
2019-05-02T13:04:39,38.0,158.9,222.4,0.9,5980.0,245.4
2019-05-02T13:05:10,38.0,158.3,225.9,0.9,5990.0,245.4
2019-05-02T13:05:41,37.9,175.4,232.4,0.8,5990.0,245.4
2019-05-02T13:06:13,37.9,172.4,235.4,0.8,5990.0,246.4
2019-05-02T13:06:44,37.9,176.0,225.4,0.8,6000.0,245.4
2019-05-02T13:07:15,37.9,197.8,230.1,0.7,6000.0,245.4
2019-05-02T13:07:46,37.8,212.6,237.2,0.7,6000.0,243.5
2019-05-02T13:08:17,37.8,201.4,225.9,0.7,6010.0,243.5
2019-05-02T13:08:48,37.8,181.3,232.4,0.8,6010.0,243.5
2019-05-02T13:09:19,37.8,159.4,226.5,1.0,6010.0,243.5
2019-05-02T13:09:50,37.8,171.3,231.9,0.9,6020.0,241.5
2019-05-02T13:10:21,37.8,192.5,223.6,0.8,6020.0,243.5
2019-05-02T13:10:52,37.7,178.9,236.0,1.0,6020.0,242.5
2019-05-02T13:11:24,37.7,168.9,238.4,1.0,6030.0,242.5
2019-05-02T13:11:55,37.7,170.1,218.8,1.0,6030.0,242.5
2019-05-02T13:12:26,37.7,191.3,239.5,0.8,6030.0,243.5
2019-05-02T13:12:57,37.7,212.6,219.4,0.7,6040.0,244.4
2019-05-02T13:13:28,37.6,207.3,238.4,0.7,6040.0,243.5
2019-05-02T13:13:59,37.6,217.9,234.2,0.7,6040.0,243.5
2019-05-02T13:14:30,37.6,212.6,233.0,0.7,6050.0,245.4
2019-05-02T13:15:01,37.6,213.2,234.2,0.8,6050.0,245.4
2019-05-02T13:15:32,37.5,218.5,233.0,0.6,6060.0,245.4
2019-05-02T13:16:04,37.5,205.5,228.9,0.7,6060.0,244.4
2019-05-02T13:16:35,37.5,211.4,229.5,0.7,6060.0,244.4
2019-05-02T13:17:06,37.4,213.8,230.7,0.7,6060.0,245.4
2019-05-02T13:17:37,37.4,202.6,229.5,0.6,6070.0,245.4
2019-05-02T13:18:08,37.4,212.0,234.2,0.6,6070.0,245.4
2019-05-02T13:18:39,37.2,206.7,235.4,0.6,6070.0,245.4
2019-05-02T13:19:10,37.2,206.7,224.2,0.6,6080.0,244.4
2019-05-02T13:19:41,37.2,207.3,239.0,0.5,6080.0,245.4
2019-05-02T13:20:12,37.1,193.1,223.0,0.5,6080.0,243.5
2019-05-02T13:20:43,37.1,179.5,235.4,0.6,6080.0,244.4
2019-05-02T13:21:15,37.1,174.8,223.0,0.6,6090.0,244.4
2019-05-02T13:21:46,37.0,196.7,235.4,0.6,6090.0,244.4
2019-05-02T13:22:17,36.9,217.3,226.5,0.6,6090.0,244.4
2019-05-02T13:22:48,36.9,198.4,227.7,0.6,6090.0,245.4
2019-05-02T13:23:19,36.9,177.2,234.2,0.7,6100.0,244.4
2019-05-02T13:23:50,36.8,156.5,228.3,0.8,6100.0,244.4
2019-05-02T13:24:21,36.8,178.3,237.8,0.8,6100.0,244.4
2019-05-02T13:24:52,36.8,199.6,215.9,0.7,6100.0,244.4
2019-05-02T13:25:23,36.8,220.9,233.0,0.6,6110.0,244.4
2019-05-02T13:25:54,36.7,198.4,231.9,0.7,6110.0,245.4
2019-05-02T13:26:26,36.7,177.2,223.0,0.8,6110.0,246.4
2019-05-02T13:26:57,36.7,155.9,241.9,1.0,6110.0,244.4
2019-05-02T13:27:28,36.7,169.5,218.3,0.9,6120.0,245.4
2019-05-02T13:27:59,36.7,191.9,234.8,0.9,6120.0,243.5
2019-05-02T13:28:30,36.7,184.3,243.1,0.9,6120.0,245.4
2019-05-02T13:29:01,36.5,167.7,228.9,1.1,6130.0,245.4
2019-05-02T13:29:32,36.5,184.8,226.5,1.0,6130.0,245.4
2019-05-02T13:30:03,36.5,191.9,234.2,1.0,6140.0,244.4
2019-05-02T13:30:34,36.5,171.3,232.4,1.1,6140.0,245.4
2019-05-02T13:31:06,36.4,165.4,235.4,1.2,6140.0,245.4
2019-05-02T13:31:37,36.5,188.4,230.1,1.1,6150.0,244.4
2019-05-02T13:32:08,36.4,186.6,237.2,1.1,6150.0,245.4
2019-05-02T13:32:39,36.4,189.0,233.0,1.1,6160.0,244.4
2019-05-02T13:33:10,36.4,183.1,236.0,1.2,6160.0,245.4
2019-05-02T13:33:41,36.4,196.1,227.7,1.2,6170.0,246.4
2019-05-02T13:34:12,36.4,197.3,234.2,1.3,6170.0,245.4
2019-05-02T13:34:43,36.3,200.2,223.0,1.2,6180.0,245.4
2019-05-02T13:35:14,36.3,180.1,243.1,1.3,6180.0,245.4
2019-05-02T13:35:45,36.3,163.0,223.0,1.5,6190.0,245.4
2019-05-02T13:36:17,36.3,185.4,238.4,1.3,6190.0,246.4
2019-05-02T13:36:48,36.3,194.3,224.8,1.3,6200.0,246.4
2019-05-02T13:37:19,36.3,198.4,235.4,1.4,6200.0,246.4
2019-05-02T13:37:50,36.3,185.4,228.3,1.4,6210.0,245.4
2019-05-02T13:38:21,36.3,205.5,230.1,1.4,6210.0,245.4
2019-05-02T13:38:52,36.3,203.2,231.3,1.3,6220.0,246.4
2019-05-02T13:39:23,36.3,223.2,233.0,1.3,6230.0,246.4
2019-05-02T13:39:54,36.3,225.0,231.3,1.3,6230.0,247.3
2019-05-02T13:40:25,36.3,216.2,228.9,1.3,6240.0,246.4
2019-05-02T13:40:57,36.3,224.4,232.4,1.4,6240.0,245.4
2019-05-02T13:41:28,36.3,211.4,224.8,1.4,6250.0,247.3
2019-05-02T13:41:59,36.3,225.0,237.8,1.3,6260.0,246.4
2019-05-02T13:42:30,36.3,220.3,239.5,1.4,6270.0,247.3
2019-05-02T13:43:01,36.3,219.1,234.2,1.4,6270.0,246.4
2019-05-02T13:43:32,36.2,220.9,225.4,1.3,6280.0,247.3
2019-05-02T13:44:03,36.2,215.0,238.4,1.5,6290.0,246.4
2019-05-02T13:44:34,36.2,221.5,236.0,1.4,6290.0,246.4
2019-05-02T13:45:05,36.2,225.6,230.7,1.3,6300.0,245.4
2019-05-02T13:45:37,36.2,221.5,237.2,1.4,6310.0,245.4
2019-05-02T13:46:08,36.2,222.1,229.5,1.3,6310.0,245.4
2019-05-02T13:46:39,36.2,213.2,228.3,1.3,6320.0,246.4
2019-05-02T13:47:10,36.3,214.4,228.3,1.5,6330.0,245.4
2019-05-02T13:47:41,36.3,215.6,234.8,1.4,6330.0,244.4
2019-05-02T13:48:12,36.3,218.5,234.8,1.3,6340.0,246.4
2019-05-02T13:48:43,36.3,209.1,237.2,1.3,6350.0,245.4
2019-05-02T13:49:14,36.3,216.7,231.3,1.3,6350.0,246.4
2019-05-02T13:49:45,36.3,221.5,227.1,1.3,6360.0,245.4
2019-05-02T13:50:16,36.3,220.3,230.1,1.3,6370.0,245.4
2019-05-02T13:50:48,36.3,208.5,228.3,1.3,6370.0,245.4
2019-05-02T13:51:19,36.3,216.2,230.1,1.4,6380.0,246.4
2019-05-02T13:51:50,36.3,215.0,230.1,1.3,6390.0,245.4
2019-05-02T13:52:21,36.3,217.9,230.7,1.3,6390.0,246.4
2019-05-02T13:52:52,36.3,222.7,239.0,1.4,6400.0,246.4
2019-05-02T13:53:23,36.3,208.5,225.4,1.4,6410.0,245.4
2019-05-02T13:53:54,36.3,186.6,230.1,1.6,6410.0,245.4
2019-05-02T13:54:25,36.3,187.8,240.1,1.6,6420.0,246.4
2019-05-02T13:54:56,36.3,188.4,228.3,1.9,6430.0,244.4
2019-05-02T13:55:27,36.4,170.7,232.4,1.9,6440.0,245.4
2019-05-02T13:55:59,36.4,172.4,229.5,1.7,6440.0,245.4
2019-05-02T13:56:30,36.4,173.6,226.5,1.5,6450.0,244.4
2019-05-02T13:57:01,36.4,168.3,231.9,1.5,6460.0,244.4
2019-05-02T13:57:32,36.4,171.3,229.5,1.3,6460.0,244.4
2019-05-02T13:58:03,36.4,181.3,233.0,1.1,6470.0,243.5
2019-05-02T13:58:34,36.4,190.2,235.4,1.2,6470.0,245.4
2019-05-02T13:59:05,36.5,187.2,227.7,1.1,6480.0,244.4
2019-05-02T13:59:36,36.5,191.9,229.5,1.0,6480.0,243.5
2019-05-02T14:00:07,36.5,191.3,233.0,0.9,6480.0,242.5
2019-05-02T14:00:39,36.5,191.3,230.7,0.9,6490.0,243.5
2019-05-02T14:01:10,36.5,212.6,224.2,0.9,6490.0,244.4
2019-05-02T14:01:41,36.5,207.3,232.4,0.9,6500.0,243.5
2019-05-02T14:02:12,36.4,208.5,230.1,0.8,6500.0,243.5
2019-05-02T14:02:43,36.4,211.4,230.1,0.9,6500.0,243.5
2019-05-02T14:03:14,36.5,205.5,227.7,1.0,6510.0,243.5
2019-05-02T14:03:45,36.5,188.4,221.8,1.0,6510.0,243.5
2019-05-02T14:04:16,36.5,195.5,228.3,1.1,6520.0,244.4
2019-05-02T14:04:47,36.4,199.0,228.3,1.1,6520.0,242.5
2019-05-02T14:05:18,36.4,220.9,220.0,1.0,6530.0,243.5
2019-05-02T14:05:50,36.4,201.4,236.6,1.2,6530.0,244.4
2019-05-02T14:06:21,36.4,178.9,230.1,1.3,6540.0,244.4
2019-05-02T14:06:52,36.4,161.2,230.1,1.6,6540.0,245.4
2019-05-02T14:07:23,36.4,160.6,235.4,1.6,6550.0,246.4
2019-05-02T14:07:54,36.4,164.8,233.6,1.6,6560.0,244.4
2019-05-02T14:08:25,36.4,157.1,229.5,1.7,6560.0,245.4
2019-05-02T14:08:56,36.4,171.3,231.9,1.7,6570.0,245.4
2019-05-02T14:09:27,36.5,194.3,226.5,1.5,6580.0,246.4
2019-05-02T14:09:58,36.4,194.9,233.6,1.6,6580.0,245.4
2019-05-02T14:10:29,36.4,182.5,239.0,1.6,6590.0,246.4
2019-05-02T14:11:01,36.5,204.9,230.7,1.5,6600.0,246.4
2019-05-02T14:11:32,36.4,220.3,228.3,1.4,6600.0,246.4
2019-05-02T14:12:03,36.5,216.2,230.7,1.4,6610.0,245.4
2019-05-02T14:12:34,36.5,211.4,238.4,1.5,6620.0,245.4
2019-05-02T14:13:05,36.5,211.4,230.7,1.5,6620.0,244.4
2019-05-02T14:13:36,36.5,212.0,225.4,1.4,6630.0,246.4
2019-05-02T14:14:07,36.5,212.6,230.1,1.5,6640.0,246.4
2019-05-02T14:14:38,36.5,216.2,239.0,1.5,6640.0,245.4
2019-05-02T14:15:09,36.5,213.2,220.6,1.4,6650.0,245.4
2019-05-02T14:15:40,36.5,220.3,225.9,1.4,6660.0,246.4
2019-05-02T14:16:12,36.5,216.2,236.0,1.5,6660.0,246.4
2019-05-02T14:16:43,36.5,223.2,230.1,1.4,6670.0,247.3
2019-05-02T14:17:14,36.7,220.3,231.9,1.6,6680.0,247.3
2019-05-02T14:17:45,36.5,222.7,230.7,1.4,6690.0,247.3
2019-05-02T14:18:16,36.7,222.7,232.4,1.4,6690.0,246.4
2019-05-02T14:18:47,36.7,220.9,230.1,1.4,6700.0,244.4
2019-05-02T14:19:18,36.7,220.9,228.3,1.2,6710.0,245.4
2019-05-02T14:19:49,36.7,217.9,233.0,1.2,6710.0,244.4
2019-05-02T14:20:20,36.7,214.4,231.3,1.2,6720.0,244.4
2019-05-02T14:20:51,36.7,216.2,228.3,1.2,6720.0,245.4
2019-05-02T14:21:23,36.7,214.4,228.3,1.1,6730.0,246.4
2019-05-02T14:21:54,36.7,216.2,224.8,1.1,6730.0,244.4
2019-05-02T14:22:25,36.7,218.5,231.9,1.0,6740.0,245.4
2019-05-02T14:22:56,36.7,218.5,227.1,0.9,6740.0,243.5
2019-05-02T14:23:27,36.7,220.3,223.6,0.8,6750.0,244.4
2019-05-02T14:23:58,36.7,219.7,225.4,0.9,6750.0,244.4
2019-05-02T14:24:29,36.7,216.7,233.0,0.9,6760.0,243.5
2019-05-02T14:25:00,36.7,207.3,233.0,0.9,6760.0,245.4
2019-05-02T14:25:31,36.7,214.4,225.4,0.8,6760.0,244.4
2019-05-02T14:26:03,36.7,220.3,211.7,0.8,6770.0,244.4
2019-05-02T14:26:34,36.7,216.2,218.3,0.7,6770.0,243.5
2019-05-02T14:27:05,36.7,211.4,232.4,0.6,6780.0,244.4
2019-05-02T14:27:36,36.7,210.8,225.9,0.6,6780.0,245.4
2019-05-02T14:28:07,36.7,212.0,231.3,0.6,6780.0,243.5
2019-05-02T14:28:38,36.7,203.2,225.9,0.5,6780.0,243.5
2019-05-02T14:29:09,36.7,206.7,228.3,0.5,6790.0,244.4
2019-05-02T14:29:40,36.7,206.7,230.1,0.5,6790.0,242.5
2019-05-02T14:30:11,36.7,199.6,227.7,0.5,6790.0,241.5
2019-05-02T14:30:42,36.7,213.2,215.3,0.4,6790.0,241.5
2019-05-02T14:31:14,36.7,194.3,234.2,0.5,6790.0,243.5
2019-05-02T14:31:45,36.7,174.8,220.0,0.5,6800.0,242.5
2019-05-02T14:32:16,36.7,154.7,209.4,0.6,6800.0,242.5
2019-05-02T14:32:47,36.7,147.0,233.0,0.6,6800.0,241.5
2019-05-02T14:33:18,36.5,169.5,225.4,0.6,6800.0,240.6
2019-05-02T14:33:49,36.7,192.5,209.4,0.5,6800.0,240.6
2019-05-02T14:34:20,36.5,214.4,234.8,0.5,6810.0,241.5
2019-05-02T14:34:51,36.5,206.7,236.0,0.5,6810.0,241.5
2019-05-02T14:35:22,36.5,203.2,224.2,0.5,6810.0,241.5
2019-05-02T14:35:53,36.5,206.7,228.3,0.6,6810.0,242.5
2019-05-02T14:36:25,36.5,190.8,223.6,0.6,6820.0,243.5
2019-05-02T14:36:56,36.5,183.1,212.3,0.6,6820.0,243.5
2019-05-02T14:37:27,36.5,184.8,223.0,0.6,6820.0,243.5
2019-05-02T14:37:58,36.5,197.8,227.7,0.6,6820.0,243.5
2019-05-02T14:38:29,36.4,214.4,234.2,0.6,6830.0,243.5
2019-05-02T14:39:00,36.4,204.3,213.5,0.6,6830.0,244.4
2019-05-02T14:39:31,36.4,183.7,234.8,0.6,6830.0,244.4
2019-05-02T14:40:02,36.4,181.9,225.9,0.7,6830.0,245.4
2019-05-02T14:40:33,36.4,202.0,223.0,0.6,6840.0,245.4
2019-05-02T14:41:05,36.4,212.6,238.4,0.6,6840.0,245.4
2019-05-02T14:41:36,36.3,197.8,221.2,0.6,6840.0,244.4
2019-05-02T14:42:07,36.4,216.2,240.7,0.6,6840.0,244.4
2019-05-02T14:42:38,36.4,197.3,218.8,0.6,6850.0,245.4
2019-05-02T14:43:09,36.4,219.1,237.2,0.5,6850.0,245.4
2019-05-02T14:43:40,36.3,200.8,223.0,0.6,6850.0,245.4
2019-05-02T14:44:11,36.3,213.8,230.7,0.6,6850.0,244.4
2019-05-02T14:44:42,36.3,201.4,227.7,0.6,6860.0,245.4
2019-05-02T14:45:13,36.3,211.4,233.6,0.6,6860.0,244.4
2019-05-02T14:45:44,36.3,207.3,227.1,0.6,6860.0,245.4
2019-05-02T14:46:16,36.3,209.1,230.1,0.6,6870.0,244.4
2019-05-02T14:46:47,36.3,202.0,227.1,0.6,6870.0,244.4
2019-05-02T14:47:18,36.3,210.2,225.9,0.5,6870.0,245.4
2019-05-02T14:47:49,36.3,213.2,232.4,0.5,6870.0,245.4
2019-05-02T14:48:20,36.3,200.8,232.4,0.5,6880.0,244.4
2019-05-02T14:48:51,36.2,180.7,223.0,0.6,6880.0,244.4
2019-05-02T14:49:22,36.2,197.3,236.0,0.5,6880.0,244.4
2019-05-02T14:49:53,36.2,212.0,219.4,0.6,6880.0,243.5
2019-05-02T14:50:24,36.2,203.7,231.9,0.5,6880.0,244.4
2019-05-02T14:50:55,36.2,206.7,221.8,0.5,6890.0,244.4
2019-05-02T14:51:27,36.2,197.8,231.9,0.5,6890.0,244.4
2019-05-02T14:51:58,36.2,209.1,225.4,0.5,6890.0,244.4
2019-05-02T14:52:29,36.2,202.0,232.4,0.6,6890.0,244.4
2019-05-02T14:53:00,36.2,204.3,224.8,0.6,6890.0,244.4
2019-05-02T14:53:31,36.1,205.5,222.4,0.5,6900.0,243.5
2019-05-02T14:54:02,36.1,204.3,234.8,0.5,6900.0,245.4
2019-05-02T14:54:33,36.1,202.0,229.5,0.5,6900.0,244.4
2019-05-02T14:55:04,36.1,210.2,228.9,0.5,6900.0,245.4
2019-05-02T14:55:35,36.1,197.3,208.2,0.5,6900.0,244.4
2019-05-02T14:56:07,36.1,216.7,228.3,0.4,6910.0,245.4
2019-05-02T14:56:38,36.0,196.1,230.1,0.5,6910.0,245.4
2019-05-02T14:57:09,36.0,175.4,210.0,0.5,6910.0,243.5
2019-05-02T14:57:40,36.0,154.7,234.2,0.5,6910.0,243.5
2019-05-02T14:58:11,36.0,160.6,233.0,0.6,6910.0,244.4
2019-05-02T14:58:42,36.0,182.5,211.2,0.6,6920.0,245.4
2019-05-02T14:59:13,36.0,205.5,218.8,0.5,6920.0,245.4
2019-05-02T14:59:44,36.0,211.4,241.3,0.5,6920.0,245.4
2019-05-02T15:00:15,36.0,189.6,224.2,0.6,6920.0,244.4
2019-05-02T15:00:46,36.0,180.1,220.0,0.6,6930.0,244.4
2019-05-02T15:01:18,36.0,201.4,241.3,0.6,6930.0,245.4
2019-05-02T15:01:49,35.9,219.1,219.4,0.6,6930.0,245.4
2019-05-02T15:02:20,35.9,196.7,233.0,0.6,6930.0,244.4
2019-05-02T15:02:51,35.9,175.4,228.3,0.7,6940.0,245.4
2019-05-02T15:03:22,35.9,155.3,223.6,0.8,6940.0,245.4
2019-05-02T15:03:53,35.9,168.3,234.8,0.8,6940.0,245.4
2019-05-02T15:04:24,35.9,190.2,222.4,0.6,6950.0,245.4
2019-05-02T15:04:55,35.9,212.0,237.2,0.6,6950.0,245.4
2019-05-02T15:05:26,35.9,209.7,237.2,0.7,6950.0,245.4
2019-05-02T15:05:57,35.9,207.3,240.1,0.7,6960.0,245.4
2019-05-02T15:06:29,35.9,213.2,227.1,0.6,6960.0,245.4
2019-05-02T15:07:00,35.9,210.2,230.7,0.6,6960.0,246.4
2019-05-02T15:07:31,35.9,216.7,232.4,0.6,6970.0,244.4
2019-05-02T15:08:02,35.9,202.0,230.1,0.6,6970.0,245.4
2019-05-02T15:08:33,35.9,218.5,231.3,0.5,6970.0,245.4
2019-05-02T15:09:04,35.7,198.4,234.2,0.6,6970.0,245.4
2019-05-02T15:09:35,35.7,212.0,233.0,0.5,6980.0,245.4
2019-05-02T15:10:06,35.7,205.5,222.4,0.6,6980.0,245.4
2019-05-02T15:10:37,35.7,206.1,236.0,0.5,6980.0,243.5
2019-05-02T15:11:09,35.7,213.2,231.3,0.5,6980.0,243.5
2019-05-02T15:11:40,35.7,201.4,236.0,0.5,6990.0,242.5
2019-05-02T15:12:11,35.7,206.7,235.4,0.5,6990.0,241.5
2019-05-02T15:12:42,35.7,199.0,223.0,0.5,6990.0,244.4
2019-05-02T15:13:13,35.7,218.5,232.4,0.4,6990.0,242.5
2019-05-02T15:13:44,35.7,198.4,228.3,0.4,7000.0,242.5
2019-05-02T15:14:15,35.7,177.8,231.3,0.5,7000.0,244.4
2019-05-02T15:14:46,35.7,199.0,228.9,0.5,7000.0,244.4
2019-05-02T15:15:17,35.6,217.9,236.0,0.4,7000.0,244.4
2019-05-02T15:15:48,35.6,196.7,218.8,0.5,7000.0,243.5
2019-05-02T15:16:20,35.6,212.0,238.4,0.4,7010.0,242.5
2019-05-02T15:16:51,35.6,210.2,231.3,0.4,7010.0,244.4
2019-05-02T15:17:22,35.6,201.4,226.5,0.4,7010.0,243.5
2019-05-02T15:17:53,35.6,203.2,230.7,0.4,7010.0,244.4
2019-05-02T15:18:24,35.6,211.4,232.4,0.4,7010.0,244.4
2019-05-02T15:18:55,35.6,203.7,226.5,0.4,7010.0,243.5
2019-05-02T15:19:26,35.6,199.0,225.4,0.4,7020.0,244.4
2019-05-02T15:19:57,35.5,217.3,234.2,0.3,7020.0,244.4
2019-05-02T15:20:28,35.5,192.5,217.1,0.4,7020.0,244.4
2019-05-02T15:20:59,35.5,186.0,239.0,0.5,7020.0,243.5
2019-05-02T15:21:31,35.5,207.9,221.2,0.4,7020.0,245.4
2019-05-02T15:22:02,35.5,202.6,215.9,0.4,7020.0,242.5
2019-05-02T15:22:33,35.5,181.3,206.4,0.5,7030.0,243.5
2019-05-02T15:23:04,35.5,180.7,230.1,0.5,7030.0,243.5
2019-05-02T15:23:35,35.5,181.3,230.1,0.5,7030.0,243.5
2019-05-02T15:24:06,35.5,161.2,211.2,0.5,7030.0,244.4
2019-05-02T15:24:37,35.5,175.4,235.4,0.5,7030.0,244.4
2019-05-02T15:25:08,35.5,187.8,239.5,0.5,7040.0,244.4
2019-05-02T15:25:39,35.5,200.8,235.4,0.5,7040.0,244.4
2019-05-02T15:26:11,35.4,218.5,216.5,0.4,7040.0,243.5
2019-05-02T15:26:42,35.5,194.9,239.5,0.5,7040.0,245.4
2019-05-02T15:27:13,35.4,181.9,226.5,0.6,7050.0,245.4
2019-05-02T15:27:44,35.4,203.2,230.1,0.6,7050.0,244.4
2019-05-02T15:28:15,35.4,214.4,235.4,0.6,7050.0,242.5
2019-05-02T15:28:46,35.4,199.6,222.4,0.5,7050.0,244.4
2019-05-02T15:29:17,35.4,220.3,243.7,0.5,7060.0,245.4
2019-05-02T15:29:48,35.4,199.6,223.0,0.6,7060.0,245.4
2019-05-02T15:30:19,35.4,220.3,242.5,0.5,7060.0,245.4
2019-05-02T15:30:51,35.4,209.1,221.8,0.6,7060.0,245.4
2019-05-02T15:31:22,35.4,211.4,240.1,0.6,7070.0,245.4
2019-05-02T15:31:53,35.4,212.0,239.0,0.6,7070.0,245.4
2019-05-02T15:32:24,35.4,211.4,220.6,0.6,7070.0,243.5
2019-05-02T15:32:55,35.4,210.8,222.4,0.6,7080.0,244.4
2019-05-02T15:33:26,35.4,203.7,237.2,0.7,7080.0,246.4
2019-05-02T15:33:57,35.4,195.5,237.2,0.7,7080.0,244.4
2019-05-02T15:34:28,35.4,215.0,231.3,0.6,7080.0,246.4
2019-05-02T15:34:59,35.4,207.3,228.9,0.7,7090.0,245.4
2019-05-02T15:35:30,35.4,210.8,238.4,0.6,7090.0,245.4
2019-05-02T15:36:02,35.4,208.5,230.1,0.6,7090.0,245.4
2019-05-02T15:36:33,35.4,208.5,234.8,0.6,7100.0,245.4
2019-05-02T15:37:04,35.4,206.7,229.5,0.6,7100.0,245.4
2019-05-02T15:37:35,35.4,216.2,229.5,0.6,7100.0,243.5
2019-05-02T15:38:06,35.4,208.5,232.4,0.5,7100.0,244.4
2019-05-02T15:38:37,35.4,211.4,227.7,0.6,7110.0,245.4
2019-05-02T15:39:08,35.4,215.0,236.0,0.6,7110.0,244.4
2019-05-02T15:39:39,35.4,201.4,223.6,0.6,7110.0,243.5
2019-05-02T15:40:10,35.4,219.7,238.4,0.5,7110.0,245.4
2019-05-02T15:40:41,35.4,203.7,221.2,0.6,7120.0,244.4
2019-05-02T15:41:13,35.4,182.5,228.3,0.7,7120.0,244.4
2019-05-02T15:41:44,35.4,196.1,232.4,0.6,7120.0,245.4
2019-05-02T15:42:15,35.4,217.9,221.2,0.6,7130.0,244.4
2019-05-02T15:42:46,35.4,203.7,237.2,0.6,7130.0,246.4
2019-05-02T15:43:17,35.4,213.8,227.7,0.6,7130.0,245.4
2019-05-02T15:43:48,35.4,193.1,225.9,0.6,7130.0,245.4
2019-05-02T15:44:19,35.4,192.5,234.8,0.6,7140.0,245.4
2019-05-02T15:44:50,35.4,213.8,217.7,0.6,7140.0,244.4
2019-05-02T15:45:21,35.4,204.3,241.3,0.7,7140.0,245.4
2019-05-02T15:45:52,35.4,183.7,218.8,0.7,7150.0,244.4
2019-05-02T15:46:24,35.4,201.4,240.1,0.6,7150.0,245.4
2019-05-02T15:46:55,35.4,212.6,217.1,0.7,7150.0,244.4
2019-05-02T15:47:26,35.4,191.3,195.2,0.8,7160.0,246.4
2019-05-02T15:47:57,35.4,170.1,188.1,0.9,7160.0,246.4
2019-05-02T15:48:28,35.4,172.4,218.3,1.0,7160.0,246.4
2019-05-02T15:48:59,35.4,194.3,229.5,0.9,7170.0,246.4
2019-05-02T15:49:30,35.4,215.0,239.0,0.7,7170.0,246.4
2019-05-02T15:50:01,35.4,204.3,232.4,0.7,7170.0,245.4
2019-05-02T15:50:32,35.4,209.1,228.3,0.8,7180.0,245.4
2019-05-02T15:51:04,35.4,210.2,234.2,0.7,7180.0,246.4
2019-05-02T15:51:35,35.4,217.3,237.2,0.7,7190.0,246.4
2019-05-02T15:52:06,35.4,203.7,225.4,0.8,7190.0,245.4
2019-05-02T15:52:37,35.4,210.8,232.4,0.7,7190.0,245.4
2019-05-02T15:53:08,35.4,215.6,229.5,0.7,7200.0,245.4
2019-05-02T15:53:39,35.4,202.0,234.2,0.8,7200.0,244.4
2019-05-02T15:54:10,35.4,212.6,225.9,0.7,7200.0,244.4
2019-05-02T15:54:41,35.4,201.4,247.2,0.8,7210.0,245.4
2019-05-02T15:55:12,35.4,184.8,220.0,0.9,7210.0,244.4
2019-05-02T15:55:43,35.4,208.5,231.9,0.9,7210.0,246.4
2019-05-02T15:56:15,35.4,217.9,238.4,0.9,7220.0,247.3
2019-05-02T15:56:46,35.4,210.2,236.0,0.9,7220.0,245.4
2019-05-02T15:57:17,35.4,214.4,221.2,1.0,7230.0,247.3
2019-05-02T15:57:48,35.4,222.1,237.2,0.9,7240.0,246.4
2019-05-02T15:58:19,35.4,215.6,225.4,1.0,7240.0,245.4
2019-05-02T15:58:50,35.4,209.1,224.2,0.9,7250.0,245.4
2019-05-02T15:59:21,35.4,220.9,234.2,0.9,7250.0,246.4
2019-05-02T15:59:52,35.4,219.1,230.7,0.9,7260.0,244.4
2019-05-02T16:00:23,35.5,217.3,229.5,0.8,7260.0,246.4
2019-05-02T16:00:54,35.5,203.2,230.1,1.0,7260.0,246.4
2019-05-02T16:01:26,35.5,219.1,238.4,0.8,7270.0,246.4
2019-05-02T16:01:57,35.5,202.0,225.9,1.0,7270.0,246.4
2019-05-02T16:02:28,35.5,224.4,238.4,0.8,7280.0,247.3
2019-05-02T16:02:59,35.5,211.4,224.2,0.9,7280.0,247.3
2019-05-02T16:03:30,35.5,214.4,243.7,0.9,7290.0,246.4
2019-05-02T16:04:01,35.5,224.4,220.0,0.9,7290.0,246.4
2019-05-02T16:04:32,35.5,208.5,218.3,0.9,7300.0,245.4
2019-05-02T16:05:03,35.5,227.4,246.6,0.9,7310.0,248.3
2019-05-02T16:05:34,35.5,220.3,224.2,0.9,7310.0,247.3
2019-05-02T16:06:06,35.6,222.1,253.2,1.0,7320.0,248.3
2019-05-02T16:06:37,35.6,229.2,233.0,0.9,7330.0,247.3
2019-05-02T16:07:08,35.6,223.2,238.4,0.9,7340.0,247.3
2019-05-02T16:07:39,35.6,220.9,237.2,1.0,7340.0,247.3
2019-05-02T16:08:10,35.6,228.0,233.0,0.9,7350.0,248.3
2019-05-02T16:08:41,35.7,217.3,225.4,0.9,7360.0,247.3
2019-05-02T16:09:12,35.7,226.2,230.1,0.9,7370.0,247.3
2019-05-02T16:09:43,35.7,224.4,225.4,0.9,7380.0,247.3
2019-05-02T16:10:14,35.7,220.3,212.9,0.9,7380.0,248.3
2019-05-02T16:10:45,35.9,221.5,228.9,0.9,7390.0,246.4
2019-05-02T16:11:17,35.9,229.2,227.1,0.9,7400.0,245.4
2019-05-02T16:11:48,35.9,220.3,228.9,0.8,7410.0,245.4
2019-05-02T16:12:19,35.9,220.3,229.5,0.7,7410.0,245.4
2019-05-02T16:12:50,35.9,218.5,239.5,0.7,7420.0,243.5
2019-05-02T16:13:21,36.0,202.0,217.1,0.7,7420.0,242.5
2019-05-02T16:13:52,36.0,203.7,186.9,0.8,7430.0,245.4
2019-05-02T16:14:23,36.0,225.6,184.5,0.7,7430.0,243.5
2019-05-02T16:14:54,36.0,228.0,212.3,0.7,7440.0,243.5
2019-05-02T16:15:25,36.0,216.2,222.4,0.7,7440.0,242.5
2019-05-02T16:15:56,36.0,217.3,235.4,0.8,7450.0,244.4
2019-05-02T16:16:28,36.0,204.3,227.1,0.8,7450.0,243.5
2019-05-02T16:16:59,36.0,228.0,204.6,0.7,7460.0,245.4
2019-05-02T16:17:30,36.0,210.2,201.1,0.8,7460.0,245.4
2019-05-02T16:18:01,36.0,228.6,230.7,0.8,7470.0,246.4
2019-05-02T16:18:32,36.0,223.2,229.5,0.8,7480.0,245.4
2019-05-02T16:19:03,36.0,226.8,234.8,0.8,7480.0,246.4
2019-05-02T16:19:34,36.0,213.2,227.1,0.9,7490.0,246.4
2019-05-02T16:20:05,36.0,229.7,225.9,0.9,7500.0,247.3
2019-05-02T16:20:36,36.0,218.5,226.5,0.8,7500.0,246.4
2019-05-02T16:21:08,36.1,222.1,233.0,0.9,7510.0,248.3
2019-05-02T16:21:39,36.1,219.1,235.4,0.8,7520.0,245.4
2019-05-02T16:22:10,36.1,219.7,225.4,0.9,7530.0,247.3
2019-05-02T16:22:41,36.1,219.1,223.0,0.9,7530.0,245.4
2019-05-02T16:23:12,36.1,218.5,229.5,0.8,7540.0,248.3
2019-05-02T16:23:43,36.1,219.7,235.4,0.8,7550.0,246.4
2019-05-02T16:24:14,36.1,225.6,228.3,0.9,7550.0,247.3
2019-05-02T16:24:45,36.1,223.2,223.0,0.9,7560.0,246.4
2019-05-02T16:25:16,36.1,209.7,227.1,0.9,7570.0,247.3
2019-05-02T16:25:47,36.1,223.2,225.4,0.9,7570.0,245.4
2019-05-02T16:26:19,36.1,215.0,225.4,0.9,7580.0,247.3
2019-05-02T16:26:50,36.1,212.0,230.1,0.9,7590.0,246.4
2019-05-02T16:27:21,36.1,223.8,231.9,0.9,7590.0,246.4
2019-05-02T16:27:52,36.1,220.3,227.1,0.8,7600.0,245.4
2019-05-02T16:28:23,36.1,208.5,224.2,0.9,7610.0,247.3
2019-05-02T16:28:54,36.1,227.4,233.6,0.8,7610.0,246.4
2019-05-02T16:29:25,36.1,211.4,229.5,0.8,7620.0,245.4
2019-05-02T16:29:56,36.1,221.5,230.1,0.7,7630.0,247.3
2019-05-02T16:30:27,36.2,218.5,231.9,0.7,7630.0,247.3
2019-05-02T16:30:58,36.1,217.3,225.9,0.7,7640.0,246.4
2019-05-02T16:31:30,36.1,226.2,232.4,0.6,7640.0,245.4
2019-05-02T16:32:01,36.1,221.5,225.4,0.6,7650.0,245.4
2019-05-02T16:32:32,36.2,221.5,228.3,0.5,7650.0,243.5
2019-05-02T16:33:03,36.1,220.3,227.1,0.5,7660.0,244.4
2019-05-02T16:33:34,36.1,205.5,227.1,0.6,7660.0,246.4
2019-05-02T16:34:05,36.1,224.4,241.9,0.4,7660.0,245.4
2019-05-02T16:34:36,36.1,212.0,227.7,0.5,7670.0,245.4
2019-05-02T16:35:07,36.1,206.7,227.1,0.5,7670.0,246.4
2019-05-02T16:35:38,36.1,201.4,225.9,0.4,7670.0,244.4
2019-05-02T16:36:10,36.1,201.4,228.3,0.4,7670.0,244.4
2019-05-02T16:36:41,36.1,179.5,243.1,0.5,7670.0,243.5
2019-05-02T16:37:12,36.0,180.1,236.6,0.5,7680.0,246.4
2019-05-02T16:37:43,36.1,203.7,218.3,0.5,7680.0,245.4
2019-05-02T16:38:14,36.0,225.0,216.5,0.5,7680.0,247.3
2019-05-02T16:38:45,36.0,204.3,221.2,0.6,7690.0,245.4
2019-05-02T16:39:16,36.1,194.9,214.7,0.6,7690.0,247.3
2019-05-02T16:39:47,36.0,196.7,225.4,0.7,7690.0,247.3
2019-05-02T16:40:18,36.0,219.1,212.3,0.7,7700.0,247.3
2019-05-02T16:40:49,36.0,218.5,225.4,0.6,7700.0,248.3
2019-05-02T16:41:21,36.0,216.2,229.5,0.6,7710.0,248.3
2019-05-02T16:41:52,36.0,221.5,236.0,0.6,7710.0,248.3
2019-05-02T16:42:23,35.9,205.5,234.8,0.6,7710.0,248.3
2019-05-02T16:42:54,35.9,215.6,229.5,0.5,7720.0,248.3
2019-05-02T16:43:25,35.9,211.4,227.1,0.5,7720.0,247.3
2019-05-02T16:43:56,35.9,211.4,231.9,0.5,7720.0,247.3
2019-05-02T16:44:27,35.9,190.8,204.6,0.5,7730.0,248.3
2019-05-02T16:44:58,35.9,169.5,181.6,0.6,7730.0,247.3
2019-05-02T16:45:29,35.9,186.0,208.2,0.6,7730.0,248.3
2019-05-02T16:46:00,35.9,209.1,212.3,0.6,7740.0,247.3
2019-05-02T16:46:31,35.9,229.2,197.0,0.5,7740.0,246.4
2019-05-02T16:47:02,35.9,211.4,207.0,0.5,7740.0,246.4
2019-05-02T16:47:33,35.9,229.7,210.6,0.4,7750.0,246.4
2019-05-02T16:48:04,35.7,209.1,205.8,0.6,7750.0,246.4
2019-05-02T16:48:35,35.7,219.7,207.0,0.4,7750.0,246.4
2019-05-02T16:49:06,35.7,216.2,207.0,0.4,7750.0,247.3
2019-05-02T16:49:37,35.6,204.9,208.8,0.4,7750.0,245.4
2019-05-02T16:50:08,35.7,195.5,213.5,0.3,7750.0,246.4
2019-05-02T16:50:40,35.7,189.6,223.0,0.3,7760.0,246.4
2019-05-02T16:51:11,35.6,212.0,201.1,0.3,7760.0,245.4
2019-05-02T16:51:42,35.6,199.0,176.2,0.4,7760.0,245.4
2019-05-02T16:52:13,35.6,178.3,154.9,0.5,7760.0,245.4
2019-05-02T16:52:44,35.6,158.3,133.7,0.6,7760.0,246.4
2019-05-02T16:53:15,35.6,136.4,159.7,0.6,7760.0,246.4
2019-05-02T16:53:46,35.5,127.5,183.9,0.7,7760.0,246.4
2019-05-02T16:54:17,35.5,130.5,182.8,0.6,7770.0,246.4
2019-05-02T16:54:48,35.5,121.0,176.8,0.7,7770.0,244.4
2019-05-02T16:55:19,35.5,141.7,194.0,0.6,7770.0,246.4
2019-05-02T16:55:51,35.5,163.6,186.9,0.5,7770.0,246.4
2019-05-02T16:56:22,35.5,163.6,186.3,0.4,7770.0,246.4
2019-05-02T16:56:53,35.5,172.4,189.9,0.4,7770.0,245.4
2019-05-02T16:57:24,35.4,177.8,201.7,0.2,7780.0,245.4
2019-05-02T16:57:55,35.4,197.8,199.3,0.2,7780.0,244.4
2019-05-02T16:58:26,35.4,184.8,220.6,0.2,7780.0,244.4
2019-05-02T16:58:57,35.4,190.2,205.8,0.2,7780.0,245.4
2019-05-02T16:59:28,35.3,195.5,218.8,0.1,7780.0,245.4
2019-05-02T16:59:59,35.3,175.4,205.2,0.1,7780.0,245.4
2019-05-02T17:00:30,35.3,181.9,210.6,0.1,7780.0,245.4
2019-05-02T17:01:02,35.3,197.8,219.4,0.0,7780.0,244.4
2019-05-02T17:01:33,35.3,174.2,197.0,0.1,7780.0,245.4
2019-05-02T17:02:04,35.2,154.7,194.6,0.1,7780.0,245.4
2019-05-02T17:02:35,35.2,158.9,217.7,0.1,7780.0,246.4
2019-05-02T17:03:06,35.2,178.9,223.6,0.1,7780.0,245.4
2019-05-02T17:03:37,35.0,200.2,200.5,0.0,7780.0,245.4
2019-05-02T17:04:08,35.0,182.5,180.4,0.1,7780.0,245.4
2019-05-02T17:04:39,35.0,164.2,158.5,0.1,7780.0,245.4
2019-05-02T17:05:10,34.9,142.3,138.4,0.1,7780.0,244.4
2019-05-02T17:05:41,35.0,121.6,117.1,0.1,7780.0,246.4
2019-05-02T17:06:13,34.9,111.0,107.0,0.1,7780.0,245.4
2019-05-02T17:06:44,34.8,132.3,127.7,0.1,7780.0,245.4
2019-05-02T17:07:15,34.8,154.1,149.0,0.1,7780.0,245.4
2019-05-02T17:07:46,34.8,175.4,169.1,0.1,7780.0,245.4
2019-05-02T17:08:17,34.7,194.3,189.3,0.1,7780.0,244.4
2019-05-02T17:08:48,34.7,184.3,210.0,0.1,7780.0,246.4
2019-05-02T17:09:19,34.6,164.8,224.2,0.1,7780.0,245.4
2019-05-02T17:09:50,34.6,144.1,205.8,0.1,7780.0,245.4
2019-05-02T17:10:21,34.6,134.0,183.3,0.1,7780.0,246.4
2019-05-02T17:10:52,34.6,155.3,161.5,0.1,7780.0,245.4
2019-05-02T17:11:24,34.5,177.2,157.3,0.0,7780.0,247.3
2019-05-02T17:11:55,34.5,194.3,179.8,0.0,7780.0,246.4
2019-05-02T17:12:26,34.4,196.7,196.4,0.0,7780.0,245.4
2019-05-02T17:12:57,34.4,178.9,216.5,0.1,7780.0,246.4
2019-05-02T17:13:28,34.4,157.7,190.4,0.0,7780.0,245.4
2019-05-02T17:13:59,34.4,138.2,170.3,0.0,7780.0,244.4
2019-05-02T17:14:30,34.2,116.9,152.6,0.0,7780.0,246.4
2019-05-02T17:15:01,34.2,116.3,130.1,0.0,7780.0,244.4
2019-05-02T17:15:32,34.1,173.6,215.3,0.0,7780.0,244.4
2019-05-02T17:16:04,34.0,178.3,199.3,0.0,7780.0,243.5
2019-05-02T17:16:35,34.0,100.4,193.4,0.1,7780.0,245.4
2019-05-02T17:17:06,34.0,181.3,182.2,0.0,7780.0,243.5
2019-05-02T17:17:37,33.9,179.5,179.8,0.0,7780.0,244.4
2019-05-02T17:18:08,33.9,163.6,179.2,0.0,7780.0,241.5
2019-05-02T17:18:39,33.8,119.3,175.7,0.1,7780.0,241.5
2019-05-02T17:19:10,33.8,164.8,165.0,0.0,7780.0,242.5
2019-05-02T17:19:41,33.8,155.9,156.1,0.0,7780.0,241.5
2019-05-02T17:20:12,33.7,144.1,144.3,0.0,7780.0,242.5
2019-05-02T17:20:43,33.7,138.2,138.4,0.0,7780.0,241.5
2019-05-02T17:21:15,33.5,138.2,138.4,0.0,7780.0,242.5
2019-05-02T17:21:46,33.5,132.9,133.1,0.0,7780.0,241.5
2019-05-02T17:22:17,33.5,108.6,108.8,0.0,7780.0,243.5
