2019-05-07T06:35:28,9.6,154.7,150.2,0.1,0.0,238.6
2019-05-07T06:36:00,9.6,176.6,130.7,0.2,0.0,238.6
2019-05-07T06:36:31,9.6,198.4,144.3,0.2,0.0,241.5
2019-05-07T06:37:02,9.6,216.7,165.6,0.1,0.0,241.5
2019-05-07T06:37:33,9.6,203.7,186.9,0.1,0.0,241.5
2019-05-07T06:38:04,9.6,180.7,208.8,0.2,0.0,241.5
2019-05-07T06:38:35,10.0,171.9,227.7,0.2,0.0,241.5
2019-05-07T06:39:06,10.0,194.9,247.2,0.2,0.0,242.5
2019-05-07T06:39:37,10.0,214.4,230.1,0.2,0.0,242.5
2019-05-07T06:40:08,10.0,205.5,212.9,0.2,0.0,241.5
2019-05-07T06:40:39,10.0,184.8,191.0,0.2,0.0,240.6
2019-05-07T06:41:11,10.0,163.0,169.7,0.2,0.0,240.6
2019-05-07T06:41:42,10.0,165.9,159.7,0.2,0.0,240.6
2019-05-07T06:42:13,10.0,186.6,181.6,0.2,0.0,240.6
2019-05-07T06:42:44,10.3,207.9,202.9,0.2,0.0,240.6
2019-05-07T06:43:15,10.0,209.1,224.8,0.2,0.0,240.6
2019-05-07T06:43:46,10.3,189.6,244.9,0.2,0.0,241.5
2019-05-07T06:44:17,10.3,171.3,233.0,0.2,0.0,241.5
2019-05-07T06:44:48,10.3,193.1,211.7,0.2,0.0,241.5
2019-05-07T06:45:19,10.3,214.4,192.2,0.2,0.0,241.5
2019-05-07T06:45:50,10.3,196.7,171.5,0.2,0.0,240.6
2019-05-07T06:46:22,10.3,176.0,177.4,0.2,0.0,241.5
2019-05-07T06:46:53,10.3,192.5,199.3,0.2,0.0,240.6
2019-05-07T06:47:24,10.7,213.8,220.6,0.2,0.0,240.6
2019-05-07T06:47:55,10.7,208.5,241.3,0.2,0.0,240.6
2019-05-07T06:48:26,10.7,187.2,237.2,0.2,0.0,241.5
2019-05-07T06:48:57,10.7,167.7,218.3,0.2,0.0,240.6
2019-05-07T06:49:28,10.7,173.6,197.0,0.2,0.0,241.5
2019-05-07T06:49:59,10.7,195.5,176.2,0.2,10.0,240.6
2019-05-07T06:50:30,10.7,215.0,165.6,0.2,10.0,241.5
2019-05-07T06:51:02,10.7,214.4,186.9,0.2,10.0,240.6
2019-05-07T06:51:33,11.1,191.9,208.2,0.2,10.0,241.5
2019-05-07T06:52:04,11.1,171.3,230.7,0.2,10.0,241.5
2019-05-07T06:52:35,11.1,194.3,249.6,0.2,10.0,241.5
2019-05-07T06:53:06,11.1,213.8,228.9,0.2,10.0,240.6
2019-05-07T06:53:37,11.1,209.7,208.8,0.2,10.0,241.5
2019-05-07T06:54:08,11.1,188.4,187.5,0.2,10.0,242.5
2019-05-07T06:54:39,11.1,168.3,169.7,0.3,10.0,242.5
2019-05-07T06:55:10,11.1,183.7,191.0,0.3,10.0,243.5
2019-05-07T06:55:41,11.4,204.3,214.1,0.2,10.0,242.5
2019-05-07T06:56:13,11.4,224.4,235.4,0.2,10.0,242.5
2019-05-07T06:56:44,11.4,206.1,245.5,0.2,10.0,241.5
2019-05-07T06:57:15,11.4,185.4,224.2,0.3,10.0,242.5
2019-05-07T06:57:46,11.8,190.2,202.9,0.2,10.0,241.5
2019-05-07T06:58:17,11.4,172.4,212.3,0.3,10.0,240.6
2019-05-07T06:58:48,11.8,187.2,233.0,0.3,10.0,242.5
2019-05-07T06:59:19,11.8,207.9,253.2,0.2,10.0,242.5
2019-05-07T06:59:50,11.8,211.4,232.4,0.3,10.0,242.5
2019-05-07T07:00:21,11.8,189.6,212.3,0.3,20.0,241.5
2019-05-07T07:00:52,11.8,193.1,190.4,0.3,20.0,242.5
2019-05-07T07:01:24,11.8,215.6,170.9,0.2,20.0,244.4
2019-05-07T07:01:55,12.1,210.2,193.4,0.3,20.0,243.5
2019-05-07T07:02:26,12.1,190.2,215.3,0.3,20.0,243.5
2019-05-07T07:02:57,12.1,170.1,236.0,0.3,20.0,245.4
2019-05-07T07:03:28,12.1,191.3,247.2,0.3,20.0,243.5
2019-05-07T07:03:59,12.1,214.4,225.9,0.3,20.0,243.5
2019-05-07T07:04:30,12.1,210.2,204.6,0.3,20.0,243.5
2019-05-07T07:05:01,12.1,211.4,183.3,0.3,20.0,244.4
2019-05-07T07:05:32,12.1,190.2,201.7,0.3,20.0,243.5
2019-05-07T07:06:04,12.1,202.0,223.0,0.3,20.0,245.4
2019-05-07T07:06:35,12.1,223.2,243.7,0.2,20.0,243.5
2019-05-07T07:07:06,12.5,202.0,235.4,0.3,20.0,246.4
2019-05-07T07:07:37,12.5,180.7,214.7,0.3,20.0,246.4
2019-05-07T07:08:08,12.5,204.3,195.2,0.3,30.0,245.4
2019-05-07T07:08:39,12.5,223.2,213.5,0.3,30.0,245.4
2019-05-07T07:09:10,12.5,201.4,235.4,0.3,30.0,244.4
2019-05-07T07:09:41,12.5,181.3,248.4,0.3,30.0,244.4
2019-05-07T07:10:12,12.5,194.3,225.4,0.3,30.0,244.4
2019-05-07T07:10:43,12.5,216.2,204.6,0.3,30.0,245.4
2019-05-07T07:11:15,12.5,207.3,193.4,0.3,30.0,245.4
2019-05-07T07:11:46,12.9,186.6,215.3,0.3,30.0,246.4
2019-05-07T07:12:17,12.9,200.2,235.4,0.3,30.0,246.4
2019-05-07T07:12:48,12.9,220.3,242.5,0.3,30.0,245.4
2019-05-07T07:13:19,12.9,209.1,220.6,0.4,30.0,244.4
2019-05-07T07:13:50,12.9,187.8,200.5,0.4,30.0,245.4
2019-05-07T07:14:21,12.9,173.0,214.1,0.4,30.0,243.5
2019-05-07T07:14:52,12.9,196.1,236.6,0.4,40.0,242.5
2019-05-07T07:15:23,12.9,216.7,249.0,0.3,40.0,245.4
2019-05-07T07:15:54,12.9,213.2,226.5,0.4,40.0,244.4
2019-05-07T07:16:26,13.2,190.8,206.4,0.4,40.0,242.5
2019-05-07T07:16:57,13.2,173.0,192.2,0.4,40.0,245.4
2019-05-07T07:17:28,13.2,194.9,214.7,0.4,40.0,244.4
2019-05-07T07:17:59,13.2,216.2,235.4,0.4,40.0,244.4
2019-05-07T07:18:30,13.2,214.4,256.1,0.4,40.0,244.4
2019-05-07T07:19:01,13.2,194.3,232.4,0.4,40.0,245.4
2019-05-07T07:19:32,13.2,199.6,211.2,0.4,40.0,245.4
2019-05-07T07:20:03,13.2,220.3,217.7,0.4,40.0,244.4
2019-05-07T07:20:34,13.6,214.4,240.7,0.4,50.0,244.4
2019-05-07T07:21:06,13.6,194.3,254.3,0.4,50.0,245.4
2019-05-07T07:21:37,13.6,198.4,230.1,0.4,50.0,244.4
2019-05-07T07:22:08,13.6,219.7,209.4,0.4,50.0,245.4
2019-05-07T07:22:39,13.6,210.2,221.2,0.4,50.0,245.4
2019-05-07T07:23:10,13.6,190.2,244.3,0.5,50.0,245.4
2019-05-07T07:23:41,13.6,207.9,243.1,0.5,50.0,245.4
2019-05-07T07:24:12,13.6,227.4,223.6,0.3,50.0,245.4
2019-05-07T07:24:43,13.6,226.2,230.7,0.4,50.0,246.4
2019-05-07T07:25:14,14.0,202.6,212.3,0.4,60.0,245.4
2019-05-07T07:25:45,14.0,222.1,220.0,0.4,60.0,245.4
2019-05-07T07:26:17,14.0,209.7,242.5,0.5,60.0,245.4
2019-05-07T07:26:48,14.0,189.0,246.6,0.5,60.0,244.4
2019-05-07T07:27:19,14.0,204.9,225.9,0.5,60.0,245.4
2019-05-07T07:27:50,14.0,225.6,206.4,0.5,60.0,246.4
2019-05-07T07:28:21,14.3,207.3,202.9,0.6,60.0,246.4
2019-05-07T07:28:52,14.3,216.2,198.1,0.5,60.0,245.4
2019-05-07T07:29:23,14.3,218.5,220.6,0.5,70.0,246.4
2019-05-07T07:29:54,14.3,197.8,243.7,0.6,70.0,247.3
2019-05-07T07:30:25,14.3,203.7,250.2,0.5,70.0,246.4
2019-05-07T07:30:56,14.3,225.6,229.5,0.5,70.0,246.4
2019-05-07T07:31:28,14.3,210.2,212.3,0.6,70.0,246.4
2019-05-07T07:31:59,14.3,225.6,204.6,0.5,70.0,246.4
2019-05-07T07:32:30,14.7,203.2,227.7,0.6,70.0,246.4
2019-05-07T07:33:01,14.7,211.4,250.8,0.6,80.0,246.4
2019-05-07T07:33:32,14.7,222.7,239.5,0.5,80.0,247.3
2019-05-07T07:34:03,14.7,202.0,218.3,0.6,80.0,246.4
2019-05-07T07:34:34,14.3,224.4,239.5,0.6,80.0,246.4
2019-05-07T07:35:05,14.7,210.8,255.5,0.6,80.0,246.4
2019-05-07T07:35:36,14.7,216.7,232.4,0.6,80.0,244.4
2019-05-07T07:36:08,14.7,220.3,213.5,0.6,90.0,245.4
2019-05-07T07:36:39,14.7,203.7,214.7,0.7,90.0,246.4
2019-05-07T07:37:10,14.7,227.4,237.2,0.6,90.0,245.4
2019-05-07T07:37:41,15.1,204.3,256.7,0.7,90.0,245.4
2019-05-07T07:38:12,15.1,217.3,235.4,0.6,90.0,246.4
2019-05-07T07:38:43,15.1,219.1,218.8,0.7,100.0,246.4
2019-05-07T07:39:14,15.1,213.8,241.3,0.7,100.0,246.4
2019-05-07T07:39:45,15.1,222.1,259.7,0.7,100.0,244.4
2019-05-07T07:40:16,15.4,200.8,236.6,0.7,100.0,245.4
2019-05-07T07:40:47,15.4,213.2,222.4,0.7,100.0,245.4
2019-05-07T07:41:19,15.4,223.8,243.7,0.7,110.0,245.4
2019-05-07T07:41:50,15.4,216.2,254.3,0.7,110.0,245.4
2019-05-07T07:42:21,15.4,220.3,233.6,0.7,110.0,246.4
2019-05-07T07:42:52,15.8,199.0,230.7,0.8,110.0,246.4
2019-05-07T07:43:23,15.8,220.3,252.0,0.7,120.0,246.4
2019-05-07T07:43:54,15.8,217.3,248.4,0.8,120.0,245.4
2019-05-07T07:44:25,15.4,201.4,225.9,0.8,120.0,246.4
2019-05-07T07:44:56,15.8,225.0,239.0,0.8,120.0,245.4
2019-05-07T07:45:27,15.8,211.4,259.7,0.8,130.0,247.3
2019-05-07T07:45:58,15.8,210.8,240.1,0.8,130.0,246.4
2019-05-07T07:46:30,15.8,225.0,218.3,0.7,130.0,247.3
2019-05-07T07:47:01,15.8,203.7,239.0,0.8,130.0,245.4
2019-05-07T07:47:32,16.2,223.2,259.7,0.8,140.0,246.4
2019-05-07T07:48:03,16.2,212.6,241.9,0.9,140.0,245.4
2019-05-07T07:48:34,16.2,212.0,220.6,0.8,140.0,246.4
2019-05-07T07:49:05,16.5,223.2,241.9,0.9,140.0,247.3
2019-05-07T07:49:36,16.5,206.1,260.8,0.9,150.0,246.4
2019-05-07T07:50:07,16.5,227.4,239.0,0.9,150.0,247.3
2019-05-07T07:50:38,16.5,209.7,227.7,0.9,150.0,246.4
2019-05-07T07:51:10,16.5,217.9,250.8,0.9,150.0,245.4
2019-05-07T07:51:41,16.9,216.2,254.3,1.0,160.0,245.4
2019-05-07T07:52:12,16.9,210.8,232.4,1.0,160.0,246.4
2019-05-07T07:52:43,16.9,224.4,234.2,0.9,160.0,246.4
2019-05-07T07:53:14,16.9,203.7,234.8,0.9,170.0,247.3
2019-05-07T07:53:45,16.9,227.4,234.8,0.9,170.0,247.3
2019-05-07T07:54:16,17.3,213.2,256.1,1.0,170.0,245.4
2019-05-07T07:54:47,17.3,224.4,247.8,1.0,180.0,245.4
2019-05-07T07:55:18,17.3,223.2,225.4,1.0,180.0,245.4
2019-05-07T07:55:49,17.6,213.2,241.3,1.0,180.0,244.4
2019-05-07T07:56:21,17.6,222.1,262.0,1.0,190.0,245.4
2019-05-07T07:56:52,17.6,213.8,238.4,1.0,190.0,243.5
2019-05-07T07:57:23,17.6,219.7,240.7,1.1,190.0,244.4
2019-05-07T07:57:54,17.6,216.2,262.0,1.0,200.0,245.4
2019-05-07T07:58:25,18.0,225.6,240.1,1.1,200.0,245.4
2019-05-07T07:58:56,18.0,217.9,219.4,1.1,200.0,245.4
2019-05-07T07:59:27,18.0,216.2,240.1,1.2,210.0,245.4
2019-05-07T07:59:58,18.0,217.3,261.4,1.1,210.0,245.4
2019-05-07T08:00:29,18.0,218.5,240.1,1.1,220.0,244.4
2019-05-07T08:01:00,18.0,220.3,249.6,1.2,220.0,245.4
2019-05-07T08:01:31,18.4,216.2,247.8,1.2,220.0,247.3
2019-05-07T08:02:02,18.4,225.0,256.7,1.2,230.0,244.4
2019-05-07T08:02:33,18.4,219.1,246.1,1.2,230.0,246.4
2019-05-07T08:03:04,18.4,216.2,251.4,1.1,240.0,246.4
2019-05-07T08:03:35,18.4,226.8,255.5,1.1,240.0,246.4
2019-05-07T08:04:06,18.7,222.1,243.1,1.2,240.0,247.3
2019-05-07T08:04:37,18.7,213.2,251.4,1.3,250.0,246.4
2019-05-07T08:05:08,18.7,225.6,253.7,1.2,250.0,246.4
2019-05-07T08:05:40,19.1,220.3,244.3,1.2,260.0,246.4
2019-05-07T08:06:11,19.1,216.7,247.8,1.2,260.0,246.4
2019-05-07T08:06:42,19.1,217.9,246.1,1.2,270.0,248.3
2019-05-07T08:07:13,19.1,228.6,256.1,1.2,270.0,247.3
2019-05-07T08:07:44,19.1,225.0,247.8,1.3,270.0,247.3
2019-05-07T08:08:15,19.5,216.7,247.8,1.3,280.0,247.3
2019-05-07T08:08:46,19.5,220.3,256.7,1.3,280.0,247.3
2019-05-07T08:09:17,19.5,225.0,242.5,1.4,290.0,245.4
2019-05-07T08:09:48,19.8,224.4,253.2,1.3,290.0,246.4
2019-05-07T08:10:19,19.8,216.2,247.2,1.4,300.0,247.3
2019-05-07T08:10:51,19.8,219.1,243.7,1.5,300.0,246.4
2019-05-07T08:11:22,19.8,220.3,256.7,1.4,310.0,247.3
2019-05-07T08:11:53,19.8,225.6,247.2,1.3,310.0,246.4
2019-05-07T08:12:24,19.8,220.9,246.1,1.4,320.0,247.3
2019-05-07T08:12:55,19.8,214.4,256.1,1.5,320.0,246.4
2019-05-07T08:13:26,19.8,223.2,236.0,1.4,330.0,246.4
2019-05-07T08:13:57,19.8,226.2,257.9,1.5,330.0,247.3
2019-05-07T08:14:28,19.8,217.3,240.1,1.5,340.0,246.4
2019-05-07T08:14:59,19.8,217.9,249.6,1.5,340.0,247.3
2019-05-07T08:15:30,20.2,216.7,250.2,1.5,350.0,246.4
2019-05-07T08:16:02,20.2,216.7,242.5,1.6,350.0,247.3
2019-05-07T08:16:33,20.2,223.8,252.0,1.5,360.0,247.3
2019-05-07T08:17:04,20.6,220.3,250.8,1.6,370.0,247.3
2019-05-07T08:17:35,20.6,224.4,256.7,1.6,370.0,246.4
2019-05-07T08:18:06,20.6,224.4,253.2,1.6,380.0,247.3
2019-05-07T08:18:37,20.6,226.2,244.3,1.5,380.0,247.3
2019-05-07T08:19:08,20.6,221.5,250.2,1.6,390.0,246.4
2019-05-07T08:19:39,20.6,223.8,249.6,1.6,390.0,247.3
2019-05-07T08:20:10,20.6,214.4,243.7,1.8,400.0,248.3
2019-05-07T08:20:41,20.9,216.7,249.6,1.7,410.0,247.3
2019-05-07T08:21:13,20.9,217.3,250.2,1.8,410.0,246.4
2019-05-07T08:21:44,21.3,222.7,242.5,1.8,420.0,248.3
2019-05-07T08:22:15,21.3,217.3,253.7,1.8,430.0,247.3
2019-05-07T08:22:46,21.3,217.9,248.4,1.8,430.0,247.3
2019-05-07T08:23:17,21.3,217.3,240.1,1.9,440.0,248.3
2019-05-07T08:23:48,21.7,220.9,254.3,1.8,440.0,247.3
2019-05-07T08:24:19,21.7,217.3,236.6,1.9,450.0,248.3
2019-05-07T08:24:50,21.7,220.3,249.0,1.8,460.0,249.3
2019-05-07T08:25:21,21.7,218.5,247.2,1.9,460.0,249.3
2019-05-07T08:25:52,21.7,224.4,241.9,1.8,470.0,248.3
2019-05-07T08:26:24,21.7,225.0,244.9,1.9,480.0,249.3
2019-05-07T08:26:55,21.7,225.0,251.4,1.8,480.0,248.3
2019-05-07T08:27:26,22.0,223.2,239.0,1.8,490.0,248.3
2019-05-07T08:27:57,22.0,217.9,246.6,2.0,500.0,249.3
2019-05-07T08:28:28,21.7,219.7,252.0,2.0,500.0,249.3
2019-05-07T08:28:59,22.0,222.7,241.3,1.9,510.0,248.3
2019-05-07T08:29:30,22.0,223.8,243.7,2.0,520.0,250.2
2019-05-07T08:30:01,22.4,218.5,250.8,2.0,530.0,248.3
2019-05-07T08:30:32,22.4,220.9,241.9,1.9,530.0,249.3
2019-05-07T08:31:04,22.4,217.9,239.5,2.0,540.0,249.3
2019-05-07T08:31:35,22.4,218.5,248.4,2.1,550.0,249.3
2019-05-07T08:32:06,22.8,222.7,248.4,2.1,550.0,249.3
2019-05-07T08:32:37,22.4,222.1,239.0,2.1,560.0,248.3
2019-05-07T08:33:08,22.4,216.2,249.6,2.0,570.0,249.3
2019-05-07T08:33:39,22.4,218.5,247.8,2.0,580.0,248.3
2019-05-07T08:34:10,22.8,218.5,244.3,2.1,580.0,250.2
2019-05-07T08:34:41,22.8,217.9,247.2,2.2,590.0,249.3
2019-05-07T08:35:12,23.1,220.9,239.0,2.2,600.0,248.3
2019-05-07T08:35:43,23.1,220.3,241.3,2.1,610.0,249.3
2019-05-07T08:36:15,23.5,219.1,237.2,2.1,620.0,250.2
2019-05-07T08:36:46,23.5,223.2,247.8,2.1,620.0,250.2
2019-05-07T08:37:17,23.5,217.9,244.3,2.2,630.0,248.3
2019-05-07T08:37:48,23.9,216.7,237.8,2.2,640.0,251.2
2019-05-07T08:38:19,23.9,222.1,250.8,2.2,650.0,249.3
2019-05-07T08:38:50,24.2,217.9,241.9,2.3,650.0,250.2
2019-05-07T08:39:21,24.2,219.1,244.9,2.3,660.0,250.2
2019-05-07T08:39:52,24.6,222.7,249.0,2.3,670.0,248.3
2019-05-07T08:40:23,24.6,217.3,247.8,2.4,680.0,251.2
2019-05-07T08:40:54,24.6,219.1,241.3,2.3,690.0,249.3
2019-05-07T08:41:26,25.0,222.1,238.4,2.3,700.0,250.2
2019-05-07T08:41:57,25.0,217.3,246.6,2.4,710.0,249.3
2019-05-07T08:42:28,25.3,220.3,247.8,2.3,710.0,251.2
2019-05-07T08:42:59,25.3,219.1,243.1,2.4,720.0,250.2
2019-05-07T08:43:30,25.7,218.5,244.9,2.4,730.0,250.2
2019-05-07T08:44:01,25.3,217.9,241.9,2.4,740.0,249.3
2019-05-07T08:44:32,25.7,217.3,244.3,2.5,750.0,249.3
2019-05-07T08:45:03,25.7,220.3,247.8,2.5,760.0,250.2
2019-05-07T08:45:34,25.7,220.9,250.2,2.5,770.0,249.3
2019-05-07T08:46:06,25.7,216.7,243.1,2.6,780.0,250.2
2019-05-07T08:46:37,25.7,222.1,236.0,2.4,780.0,249.3
2019-05-07T08:47:08,26.1,215.0,240.1,2.5,790.0,251.2
2019-05-07T08:47:39,26.1,222.1,249.0,2.4,800.0,250.2
2019-05-07T08:48:10,26.4,216.2,246.1,2.7,810.0,249.3
2019-05-07T08:48:41,26.4,221.5,246.1,2.5,820.0,249.3
2019-05-07T08:49:12,26.8,216.7,240.1,2.7,830.0,248.3
2019-05-07T08:49:43,26.8,220.3,243.7,2.7,840.0,248.3
2019-05-07T08:50:14,27.2,213.8,234.8,2.6,850.0,248.3
2019-05-07T08:50:45,27.2,216.2,237.8,2.6,860.0,247.3
2019-05-07T08:51:17,27.2,220.3,244.9,2.5,870.0,248.3
2019-05-07T08:51:48,27.2,218.5,241.3,2.6,880.0,250.2
2019-05-07T08:52:19,27.2,214.4,244.9,2.7,890.0,249.3
2019-05-07T08:52:50,27.5,220.3,241.9,2.7,900.0,250.2
2019-05-07T08:53:21,27.5,213.8,234.8,2.7,910.0,250.2
2019-05-07T08:53:52,27.5,216.2,236.0,2.7,920.0,251.2
2019-05-07T08:54:23,27.9,215.6,236.6,2.8,930.0,248.3
2019-05-07T08:54:54,27.9,220.9,241.9,2.7,940.0,249.3
2019-05-07T08:55:25,27.9,216.2,243.7,2.9,950.0,249.3
2019-05-07T08:55:56,28.3,219.1,232.4,2.8,960.0,248.3
2019-05-07T08:56:28,28.3,220.3,234.8,2.7,970.0,251.2
2019-05-07T08:56:59,27.9,214.4,241.3,2.8,980.0,251.2
2019-05-07T08:57:30,27.9,214.4,243.1,2.9,990.0,251.2
2019-05-07T08:58:01,28.3,219.7,237.8,2.8,1000.0,250.2
2019-05-07T08:58:32,28.6,213.8,246.1,3.0,1010.0,249.3
2019-05-07T08:59:03,28.6,218.5,235.4,2.9,1020.0,251.2
2019-05-07T08:59:34,28.3,213.2,243.1,3.0,1030.0,249.3
2019-05-07T09:00:05,28.3,212.0,241.9,3.0,1040.0,251.2
2019-05-07T09:00:36,28.3,216.2,236.0,2.9,1050.0,251.2
2019-05-07T09:01:08,28.6,211.4,239.5,3.0,1060.0,250.2
2019-05-07T09:01:39,28.6,214.4,240.7,3.1,1070.0,250.2
2019-05-07T09:02:10,29.0,219.1,232.4,3.0,1080.0,248.3
2019-05-07T09:02:41,29.0,215.0,231.9,3.1,1090.0,249.3
2019-05-07T09:03:12,29.4,220.3,239.5,2.9,1100.0,250.2
2019-05-07T09:03:43,29.4,214.4,231.9,3.1,1110.0,249.3
2019-05-07T09:04:14,29.7,213.8,241.9,3.1,1130.0,250.2
2019-05-07T09:04:45,29.7,212.6,232.4,3.0,1140.0,250.2
2019-05-07T09:05:16,30.1,214.4,227.1,3.1,1150.0,249.3
2019-05-07T09:05:47,30.1,216.2,231.9,3.1,1160.0,250.2
2019-05-07T09:06:19,30.1,215.6,237.8,3.1,1170.0,251.2
2019-05-07T09:06:50,30.2,217.3,232.4,3.2,1180.0,249.3
2019-05-07T09:07:21,30.2,211.4,230.1,3.2,1190.0,249.3
2019-05-07T09:07:52,30.2,213.2,237.8,3.3,1200.0,250.2
2019-05-07T09:08:23,30.3,217.3,236.6,3.2,1220.0,250.2
2019-05-07T09:08:54,30.3,213.8,237.8,3.2,1230.0,249.3
2019-05-07T09:09:25,30.4,214.4,230.1,3.2,1240.0,251.2
2019-05-07T09:09:56,30.4,217.9,235.4,3.2,1250.0,250.2
2019-05-07T09:10:27,30.4,216.2,241.3,3.3,1260.0,249.3
2019-05-07T09:10:58,30.5,209.1,238.4,3.4,1270.0,251.2
2019-05-07T09:11:30,30.7,214.4,231.9,3.2,1290.0,250.2
2019-05-07T09:12:01,30.7,215.6,231.9,3.2,1300.0,249.3
2019-05-07T09:12:32,30.8,213.2,237.8,3.4,1310.0,250.2
2019-05-07T09:13:03,30.8,214.4,242.5,3.3,1320.0,249.3
2019-05-07T09:13:34,30.9,210.2,230.7,3.5,1330.0,250.2
2019-05-07T09:14:05,30.8,217.3,230.7,3.3,1340.0,249.3
2019-05-07T09:14:36,30.7,212.0,237.2,3.4,1360.0,249.3
2019-05-07T09:15:07,30.8,212.0,242.5,3.4,1370.0,248.3
2019-05-07T09:15:38,30.8,215.6,234.2,3.4,1380.0,252.2
2019-05-07T09:16:10,30.8,212.0,230.7,3.4,1390.0,251.2
2019-05-07T09:16:41,30.9,211.4,231.9,3.5,1410.0,251.2
2019-05-07T09:17:12,30.9,211.4,240.1,3.5,1420.0,252.2
2019-05-07T09:17:43,31.0,213.8,229.5,3.6,1430.0,249.3
2019-05-07T09:18:14,31.0,210.2,243.1,3.6,1440.0,250.2
2019-05-07T09:18:45,31.0,210.8,228.9,3.6,1460.0,251.2
2019-05-07T09:19:16,31.0,210.8,230.7,3.5,1470.0,252.2
2019-05-07T09:19:47,31.1,214.4,241.9,3.5,1480.0,250.2
2019-05-07T09:20:18,31.1,209.1,237.8,3.7,1490.0,250.2
2019-05-07T09:20:49,31.1,213.8,227.7,3.6,1510.0,251.2
2019-05-07T09:21:21,31.1,210.8,231.3,3.7,1520.0,250.2
2019-05-07T09:21:52,31.2,213.8,240.7,3.6,1530.0,249.3
2019-05-07T09:22:23,31.4,210.2,234.8,3.7,1540.0,248.3
2019-05-07T09:22:54,31.4,213.2,230.1,3.7,1560.0,248.3
2019-05-07T09:23:25,31.5,212.6,230.7,3.6,1570.0,249.3
2019-05-07T09:23:56,31.5,210.8,237.2,3.8,1580.0,250.2
2019-05-07T09:24:27,31.5,210.8,238.4,3.8,1600.0,248.3
2019-05-07T09:24:58,31.5,210.8,230.7,3.7,1610.0,249.3
2019-05-07T09:25:29,31.5,209.1,225.9,3.8,1620.0,250.2
2019-05-07T09:26:00,31.6,210.8,233.0,3.7,1640.0,249.3
2019-05-07T09:26:31,31.6,209.1,227.7,3.8,1650.0,250.2
2019-05-07T09:27:02,31.7,215.0,237.2,3.7,1660.0,249.3
2019-05-07T09:27:33,31.7,214.4,239.5,3.7,1680.0,249.3
2019-05-07T09:28:04,31.7,209.1,234.8,3.9,1690.0,249.3
2019-05-07T09:28:35,31.7,209.1,227.1,3.8,1700.0,248.3
2019-05-07T09:29:06,31.7,209.7,228.9,3.9,1720.0,249.3
2019-05-07T09:29:37,31.8,207.9,236.6,4.0,1730.0,249.3
2019-05-07T09:30:08,31.8,213.2,235.4,3.8,1750.0,250.2
2019-05-07T09:30:40,31.7,206.1,231.3,3.9,1760.0,250.2
2019-05-07T09:31:11,31.8,212.6,225.4,3.9,1770.0,249.3
2019-05-07T09:31:42,31.8,207.9,235.4,3.9,1790.0,250.2
2019-05-07T09:32:13,31.8,206.7,236.6,3.9,1800.0,248.3
2019-05-07T09:32:44,31.8,207.9,232.4,4.0,1810.0,249.3
2019-05-07T09:33:15,31.9,210.8,225.4,3.9,1830.0,248.3
2019-05-07T09:33:46,31.7,207.3,233.6,4.0,1840.0,249.3
2019-05-07T09:34:17,31.7,210.2,236.6,4.1,1860.0,249.3
2019-05-07T09:34:48,31.7,207.9,233.0,4.0,1870.0,249.3
2019-05-07T09:35:19,31.7,207.9,227.1,4.1,1880.0,250.2
2019-05-07T09:35:51,31.8,213.2,227.7,4.0,1900.0,248.3
2019-05-07T09:36:22,31.8,204.9,233.6,4.2,1910.0,249.3
2019-05-07T09:36:53,31.9,212.0,234.2,4.0,1930.0,248.3
2019-05-07T09:37:24,32.0,206.7,230.1,4.1,1940.0,250.2
2019-05-07T09:37:55,32.2,212.0,226.5,4.1,1960.0,252.2
2019-05-07T09:38:26,32.3,213.8,236.6,4.0,1970.0,252.2
2019-05-07T09:38:57,32.3,209.1,237.2,4.1,1990.0,251.2
2019-05-07T09:39:28,32.4,206.7,222.4,4.1,2000.0,251.2
2019-05-07T09:39:59,32.4,208.5,226.5,4.2,2010.0,252.2
2019-05-07T09:40:30,32.3,204.3,239.0,4.2,2030.0,252.2
2019-05-07T09:41:02,32.3,210.8,240.1,4.3,2040.0,251.2
2019-05-07T09:41:33,32.3,207.9,238.4,4.3,2060.0,251.2
2019-05-07T09:42:04,32.3,210.8,229.5,4.2,2070.0,251.2
2019-05-07T09:42:35,32.4,212.0,237.2,4.2,2090.0,249.3
2019-05-07T09:43:06,32.4,210.2,228.3,4.4,2100.0,251.2
2019-05-07T09:43:37,32.4,205.5,225.4,4.4,2120.0,250.2
2019-05-07T09:44:08,32.2,206.1,227.7,4.3,2130.0,250.2
2019-05-07T09:44:39,32.0,211.4,236.6,4.2,2150.0,249.3
2019-05-07T09:45:10,32.2,209.7,227.1,4.3,2160.0,250.2
2019-05-07T09:45:41,32.2,206.7,232.4,4.4,2180.0,250.2
2019-05-07T09:46:13,32.3,210.2,236.0,4.5,2190.0,250.2
2019-05-07T09:46:44,32.4,213.2,228.9,4.3,2210.0,249.3
2019-05-07T09:47:15,32.4,206.7,223.0,4.5,2230.0,249.3
2019-05-07T09:47:46,32.5,211.4,227.1,4.4,2240.0,249.3
2019-05-07T09:48:17,32.5,211.4,234.8,4.3,2260.0,249.3
2019-05-07T09:48:48,32.3,208.5,232.4,4.5,2270.0,250.2
2019-05-07T09:49:19,32.2,209.1,227.1,4.4,2290.0,250.2
2019-05-07T09:49:50,32.2,208.5,224.2,4.5,2300.0,250.2
2019-05-07T09:50:21,32.2,209.7,228.3,4.5,2320.0,249.3
2019-05-07T09:50:53,32.3,204.9,230.7,4.6,2330.0,250.2
2019-05-07T09:51:25,32.3,206.7,231.3,4.5,2350.0,248.3
2019-05-07T09:51:56,32.4,210.2,234.8,4.5,2370.0,250.2
2019-05-07T09:52:27,32.5,209.7,236.6,4.5,2380.0,249.3
2019-05-07T09:52:58,32.4,210.8,236.6,4.5,2400.0,249.3
2019-05-07T09:53:29,32.4,206.1,233.0,4.7,2410.0,249.3
2019-05-07T09:54:00,32.4,210.8,230.7,4.5,2430.0,249.3
2019-05-07T09:54:31,32.6,207.9,220.6,4.6,2450.0,249.3
2019-05-07T09:55:02,32.6,208.5,233.0,4.6,2460.0,249.3
2019-05-07T09:55:33,32.5,210.2,231.9,4.6,2480.0,248.3
2019-05-07T09:56:05,32.6,210.8,223.6,4.5,2490.0,248.3
2019-05-07T09:56:36,32.5,209.7,229.5,4.7,2510.0,248.3
2019-05-07T09:57:07,32.5,207.9,230.1,4.8,2530.0,248.3
2019-05-07T09:57:38,32.5,204.3,225.4,4.8,2540.0,250.2
2019-05-07T09:58:09,32.5,210.8,233.6,4.6,2560.0,248.3
2019-05-07T09:58:40,32.6,204.9,225.9,4.7,2580.0,250.2
2019-05-07T09:59:11,32.6,205.5,222.4,4.7,2590.0,248.3
2019-05-07T09:59:42,32.5,206.7,229.5,4.8,2610.0,248.3
2019-05-07T10:00:13,32.6,204.9,231.3,4.8,2630.0,247.3
2019-05-07T10:00:44,32.7,210.2,224.8,4.8,2640.0,249.3
2019-05-07T10:01:16,32.7,202.6,228.3,4.8,2660.0,250.2
2019-05-07T10:01:47,32.9,206.7,227.7,4.8,2680.0,248.3
2019-05-07T10:02:18,33.0,209.1,231.9,4.9,2690.0,249.3
2019-05-07T10:02:49,33.1,206.7,225.9,4.9,2710.0,248.3
2019-05-07T10:03:20,33.2,206.1,230.1,5.0,2730.0,249.3
2019-05-07T10:03:51,33.2,207.3,230.1,4.8,2740.0,247.3
2019-05-07T10:04:22,33.3,207.3,231.9,4.8,2760.0,248.3
2019-05-07T10:04:53,33.3,208.5,229.5,5.0,2780.0,248.3
2019-05-07T10:05:24,33.3,208.5,224.8,4.8,2790.0,248.3
2019-05-07T10:05:55,33.3,206.1,234.8,4.9,2810.0,247.3
2019-05-07T10:06:27,33.3,208.5,230.7,4.9,2830.0,248.3
2019-05-07T10:06:58,33.3,208.5,229.5,5.0,2850.0,249.3
2019-05-07T10:07:29,33.3,206.1,225.9,4.9,2860.0,248.3
2019-05-07T10:08:00,33.4,203.2,233.6,5.0,2880.0,248.3
2019-05-07T10:08:31,33.5,211.4,232.4,4.9,2900.0,249.3
2019-05-07T10:09:02,33.5,207.3,230.1,5.0,2910.0,247.3
2019-05-07T10:09:33,33.7,203.7,221.8,5.1,2930.0,248.3
2019-05-07T10:10:04,33.7,208.5,225.9,5.0,2950.0,248.3
2019-05-07T10:10:35,33.8,207.9,233.0,5.1,2970.0,248.3
2019-05-07T10:11:07,33.8,205.5,233.6,5.0,2980.0,249.3
2019-05-07T10:11:38,33.8,207.3,230.7,5.1,3000.0,249.3
2019-05-07T10:12:09,33.8,203.7,225.4,5.2,3020.0,248.3
2019-05-07T10:12:40,33.9,208.5,223.6,5.1,3040.0,248.3
2019-05-07T10:13:11,33.9,202.0,225.9,5.2,3060.0,249.3
2019-05-07T10:13:42,33.9,210.2,231.9,4.9,3070.0,248.3
2019-05-07T10:14:13,33.9,203.2,233.0,5.2,3090.0,249.3
2019-05-07T10:14:44,33.8,207.9,234.2,5.1,3110.0,249.3
2019-05-07T10:15:15,33.7,201.4,230.7,5.3,3130.0,250.2
2019-05-07T10:15:46,33.7,206.1,228.3,5.2,3140.0,248.3
2019-05-07T10:16:18,33.8,208.5,220.0,5.1,3160.0,249.3
2019-05-07T10:16:49,33.9,200.8,223.6,5.3,3180.0,249.3
2019-05-07T10:17:20,33.9,208.5,230.1,5.2,3200.0,248.3
2019-05-07T10:17:51,34.0,202.6,229.5,5.3,3220.0,249.3
2019-05-07T10:18:22,34.1,204.3,228.9,5.3,3230.0,251.2
2019-05-07T10:18:53,34.2,202.6,218.3,5.3,3250.0,249.3
2019-05-07T10:19:24,34.4,202.0,226.5,5.3,3270.0,248.3
2019-05-07T10:19:55,34.4,206.1,233.0,5.3,3290.0,249.3
2019-05-07T10:20:26,34.5,205.5,231.3,5.3,3300.0,249.3
2019-05-07T10:20:57,34.5,199.0,232.4,5.4,3320.0,249.3
2019-05-07T10:21:29,34.5,200.8,222.4,5.4,3340.0,250.2
2019-05-07T10:22:00,34.4,203.2,222.4,5.4,3360.0,250.2
2019-05-07T10:22:31,34.4,206.1,221.8,5.3,3380.0,250.2
2019-05-07T10:23:02,34.2,200.2,228.9,5.4,3400.0,249.3
2019-05-07T10:23:33,34.1,204.3,227.1,5.2,3410.0,250.2
2019-05-07T10:24:04,34.1,203.7,223.6,5.3,3430.0,249.3
2019-05-07T10:24:35,34.2,200.8,226.5,5.5,3450.0,250.2
2019-05-07T10:25:06,34.2,199.0,226.5,5.6,3470.0,249.3
2019-05-07T10:25:37,34.4,204.9,219.4,5.3,3490.0,250.2
2019-05-07T10:26:09,34.4,199.6,218.3,5.5,3510.0,249.3
2019-05-07T10:26:40,34.4,206.1,224.2,5.4,3520.0,251.2
2019-05-07T10:27:11,34.2,204.3,232.4,5.4,3540.0,250.2
2019-05-07T10:27:42,34.5,206.1,228.9,5.4,3560.0,250.2
2019-05-07T10:28:13,34.4,202.0,219.4,5.4,3580.0,250.2
2019-05-07T10:28:44,34.2,203.7,230.7,5.5,3600.0,251.2
2019-05-07T10:29:15,34.2,200.2,223.6,5.6,3620.0,251.2
2019-05-07T10:29:46,34.2,203.7,223.0,5.4,3640.0,250.2
2019-05-07T10:30:17,34.2,199.0,225.9,5.7,3650.0,251.2
2019-05-07T10:30:48,34.1,206.1,221.8,5.4,3670.0,249.3
2019-05-07T10:31:20,34.2,199.0,221.8,5.7,3690.0,251.2
2019-05-07T10:31:51,34.4,200.2,225.4,5.7,3710.0,250.2
2019-05-07T10:32:22,34.5,206.7,228.3,5.4,3730.0,250.2
2019-05-07T10:32:53,34.6,204.9,225.4,5.5,3750.0,249.3
2019-05-07T10:33:24,34.7,203.2,220.6,5.5,3770.0,249.3
2019-05-07T10:33:55,34.7,200.2,230.1,5.8,3790.0,248.3
2019-05-07T10:34:26,34.8,202.0,230.7,5.7,3810.0,249.3
2019-05-07T10:34:57,34.8,203.2,227.7,5.7,3830.0,250.2
2019-05-07T10:35:28,34.9,204.9,221.2,5.6,3840.0,249.3
2019-05-07T10:35:59,35.0,201.4,223.0,5.7,3860.0,250.2
2019-05-07T10:36:31,35.0,201.4,230.7,5.7,3880.0,250.2
2019-05-07T10:37:02,34.9,207.3,230.1,5.5,3900.0,250.2
2019-05-07T10:37:33,34.8,201.4,229.5,5.8,3920.0,249.3
2019-05-07T10:38:04,34.7,203.2,228.3,5.7,3940.0,249.3
2019-05-07T10:38:35,34.7,202.0,221.2,5.7,3960.0,250.2
2019-05-07T10:39:06,34.8,203.7,222.4,5.8,3980.0,248.3
2019-05-07T10:39:37,34.8,201.4,231.9,5.8,4000.0,249.3
2019-05-07T10:40:08,34.8,204.3,228.3,5.7,4020.0,251.2
2019-05-07T10:40:39,34.9,204.3,223.6,5.7,4040.0,249.3
2019-05-07T10:41:11,35.0,200.2,218.8,5.9,4060.0,250.2
2019-05-07T10:41:42,35.2,207.3,225.9,5.6,4080.0,251.2
2019-05-07T10:42:13,35.2,200.2,231.9,5.9,4100.0,250.2
2019-05-07T10:42:44,35.3,200.8,230.1,5.9,4120.0,250.2
2019-05-07T10:43:15,35.4,202.0,222.4,5.8,4140.0,250.2
2019-05-07T10:43:46,35.4,206.7,221.8,5.7,4160.0,249.3
2019-05-07T10:44:17,35.4,202.0,228.9,5.9,4180.0,249.3
2019-05-07T10:44:48,35.5,202.0,220.0,6.0,4200.0,250.2
2019-05-07T10:45:19,35.5,203.7,221.8,5.8,4220.0,250.2
2019-05-07T10:45:50,35.6,201.4,226.5,5.8,4240.0,250.2
2019-05-07T10:46:22,35.6,202.0,220.0,5.9,4260.0,250.2
2019-05-07T10:46:53,35.7,200.8,226.5,5.9,4280.0,251.2
2019-05-07T10:47:24,35.7,200.2,229.5,6.0,4300.0,250.2
2019-05-07T10:47:55,35.9,204.9,230.1,5.7,4320.0,251.2
2019-05-07T10:48:26,35.9,201.4,228.9,5.9,4340.0,250.2
2019-05-07T10:48:57,35.7,203.2,225.9,5.8,4360.0,250.2
2019-05-07T10:49:28,35.7,203.7,222.4,5.8,4380.0,249.3
2019-05-07T10:49:59,35.9,197.3,218.8,6.1,4400.0,251.2
2019-05-07T10:50:30,35.9,204.3,223.0,5.7,4410.0,250.2
2019-05-07T10:51:01,36.0,197.3,225.4,6.0,4440.0,250.2
2019-05-07T10:51:32,35.9,200.2,228.9,5.9,4460.0,250.2
2019-05-07T10:52:03,35.6,202.6,218.8,5.9,4480.0,250.2
2019-05-07T10:52:34,35.6,199.0,217.1,6.1,4500.0,250.2
2019-05-07T10:53:05,35.6,199.0,220.0,6.0,4520.0,250.2
2019-05-07T10:53:36,35.7,203.2,230.7,5.9,4540.0,251.2
2019-05-07T10:54:08,35.9,201.4,229.5,6.0,4560.0,250.2
2019-05-07T10:54:39,35.9,200.8,227.7,6.0,4580.0,249.3
2019-05-07T10:55:10,36.0,199.0,217.1,6.1,4600.0,249.3
2019-05-07T10:55:41,36.1,202.6,220.0,5.9,4620.0,248.3
2019-05-07T10:56:13,36.1,202.6,221.2,6.1,4640.0,249.3
2019-05-07T10:56:44,36.2,196.7,227.1,6.2,4660.0,249.3
2019-05-07T10:57:15,36.2,204.3,227.1,6.1,4680.0,250.2
2019-05-07T10:57:46,36.2,197.8,228.9,6.2,4700.0,248.3
2019-05-07T10:58:17,36.3,203.7,220.0,5.9,4720.0,250.2
2019-05-07T10:58:48,36.3,196.7,219.4,6.1,4740.0,250.2
2019-05-07T10:59:19,36.3,202.6,224.8,6.2,4760.0,250.2
2019-05-07T10:59:50,36.3,199.0,225.4,6.2,4780.0,252.2
2019-05-07T11:00:21,36.4,197.3,230.1,6.2,4800.0,251.2
2019-05-07T11:00:52,36.4,202.0,227.1,6.2,4820.0,250.2
2019-05-07T11:01:24,36.4,198.4,223.0,6.3,4840.0,250.2
2019-05-07T11:01:55,36.4,203.7,218.8,6.1,4870.0,252.2
2019-05-07T11:02:26,36.5,200.2,218.3,6.2,4890.0,250.2
2019-05-07T11:02:57,36.5,203.7,220.0,6.1,4910.0,251.2
2019-05-07T11:03:28,36.5,197.3,220.0,6.3,4930.0,252.2
2019-05-07T11:03:59,36.5,201.4,223.6,6.2,4950.0,251.2
2019-05-07T11:04:30,36.7,202.6,217.1,6.2,4970.0,251.2
2019-05-07T11:05:01,36.7,197.3,224.2,6.3,4990.0,250.2
2019-05-07T11:05:32,36.7,200.8,224.8,6.2,5010.0,251.2
2019-05-07T11:06:04,36.7,202.0,220.0,6.1,5030.0,251.2
2019-05-07T11:06:35,36.7,202.6,225.4,6.1,5050.0,252.2
2019-05-07T11:07:06,36.8,195.5,227.7,6.4,5070.0,251.2
2019-05-07T11:07:37,36.8,199.0,227.1,6.2,5090.0,250.2
2019-05-07T11:08:08,36.8,197.8,223.0,6.3,5120.0,252.2
2019-05-07T11:08:39,36.8,203.2,220.0,6.1,5140.0,250.2
2019-05-07T11:09:10,36.8,194.3,215.3,6.4,5160.0,250.2
2019-05-07T11:09:41,36.8,202.0,220.0,6.2,5180.0,251.2
2019-05-07T11:10:12,36.8,196.1,223.6,6.5,5200.0,250.2
2019-05-07T11:10:43,36.9,194.9,227.7,6.5,5220.0,249.3
2019-05-07T11:11:15,37.0,200.8,221.8,6.2,5240.0,251.2
2019-05-07T11:11:46,37.0,197.8,217.1,6.3,5260.0,251.2
2019-05-07T11:12:17,37.0,195.5,225.4,6.4,5280.0,250.2
2019-05-07T11:12:48,37.1,199.6,224.8,6.3,5300.0,252.2
2019-05-07T11:13:19,37.1,194.9,226.5,6.5,5330.0,251.2
2019-05-07T11:13:50,37.2,196.1,222.4,6.5,5350.0,251.2
2019-05-07T11:14:21,37.2,199.6,223.6,6.4,5370.0,249.3
2019-05-07T11:14:52,37.2,197.3,227.1,6.5,5390.0,251.2
2019-05-07T11:15:23,37.2,196.7,225.9,6.5,5410.0,251.2
2019-05-07T11:15:54,37.2,199.0,224.8,6.3,5430.0,251.2
2019-05-07T11:16:26,37.1,196.1,220.0,6.5,5450.0,251.2
2019-05-07T11:16:57,37.0,200.2,223.0,6.3,5470.0,250.2
2019-05-07T11:17:28,37.1,201.4,217.7,6.2,5500.0,250.2
2019-05-07T11:17:59,37.2,193.7,215.9,6.5,5520.0,251.2
2019-05-07T11:18:30,37.2,200.2,212.3,6.3,5540.0,252.2
2019-05-07T11:19:01,37.2,194.9,215.9,6.6,5560.0,252.2
2019-05-07T11:19:32,37.2,197.3,217.1,6.4,5580.0,251.2
2019-05-07T11:20:03,37.1,194.9,215.9,6.5,5600.0,250.2
2019-05-07T11:20:34,37.2,195.5,220.0,6.5,5620.0,251.2
2019-05-07T11:21:06,37.4,200.2,212.9,6.4,5640.0,250.2
2019-05-07T11:21:37,37.2,199.0,221.2,6.3,5670.0,251.2
2019-05-07T11:22:08,37.0,194.9,217.7,6.7,5690.0,250.2
2019-05-07T11:22:39,36.9,193.1,224.2,6.6,5710.0,251.2
2019-05-07T11:23:10,36.9,200.2,221.8,6.4,5730.0,252.2
2019-05-07T11:23:41,36.9,195.5,221.2,6.6,5750.0,252.2
2019-05-07T11:24:12,37.0,195.5,215.9,6.6,5770.0,251.2
2019-05-07T11:24:43,37.2,196.7,218.8,6.5,5790.0,252.2
2019-05-07T11:25:14,37.4,191.3,213.5,6.7,5820.0,252.2
2019-05-07T11:25:45,37.4,194.3,221.2,6.7,5840.0,251.2
2019-05-07T11:26:17,37.4,199.0,223.0,6.3,5860.0,251.2
2019-05-07T11:26:48,37.5,191.9,214.1,6.7,5880.0,251.2
2019-05-07T11:27:19,37.6,192.5,221.2,6.6,5900.0,251.2
2019-05-07T11:27:50,37.6,196.1,215.3,6.5,5920.0,252.2
2019-05-07T11:28:21,37.7,196.1,212.9,6.7,5950.0,251.2
2019-05-07T11:28:52,37.8,191.9,212.9,6.8,5970.0,250.2
2019-05-07T11:29:23,37.8,197.8,216.5,6.5,5990.0,250.2
2019-05-07T11:29:54,37.8,192.5,217.1,6.7,6010.0,251.2
2019-05-07T11:30:25,37.8,197.8,217.7,6.7,6030.0,251.2
2019-05-07T11:30:56,37.8,196.7,214.7,6.6,6050.0,251.2
2019-05-07T11:31:28,37.8,193.7,218.3,6.8,6080.0,251.2
2019-05-07T11:31:59,37.8,194.9,219.4,6.7,6100.0,250.2
2019-05-07T11:32:30,37.6,193.7,223.0,6.7,6120.0,251.2
2019-05-07T11:33:01,37.6,201.4,221.8,6.5,6140.0,251.2
2019-05-07T11:33:32,37.6,194.3,215.3,6.7,6160.0,250.2
2019-05-07T11:34:03,37.6,197.3,220.0,6.7,6190.0,251.2
2019-05-07T11:34:34,37.7,200.2,219.4,6.5,6210.0,250.2
2019-05-07T11:35:05,37.7,197.8,220.6,6.5,6230.0,250.2
2019-05-07T11:35:36,37.7,196.1,223.0,6.7,6250.0,251.2
2019-05-07T11:36:08,37.8,197.8,220.0,6.7,6270.0,251.2
2019-05-07T11:36:39,37.9,193.1,214.1,6.9,6300.0,250.2
2019-05-07T11:37:10,37.9,198.4,217.1,6.6,6320.0,251.2
2019-05-07T11:37:41,37.9,194.3,220.0,6.8,6340.0,251.2
2019-05-07T11:38:12,37.9,198.4,224.8,6.7,6360.0,250.2
2019-05-07T11:38:43,38.0,194.3,224.8,6.8,6380.0,249.3
2019-05-07T11:39:14,38.2,199.6,225.4,6.6,6410.0,250.2
2019-05-07T11:39:45,38.2,194.9,221.8,6.8,6430.0,249.3
2019-05-07T11:40:16,38.3,196.1,223.0,6.8,6450.0,253.1
2019-05-07T11:40:47,38.3,198.4,218.3,6.7,6470.0,253.1
2019-05-07T11:41:19,38.4,197.3,217.1,6.6,6500.0,253.1
2019-05-07T11:41:50,38.3,194.3,217.1,6.8,6520.0,253.1
2019-05-07T11:42:21,38.2,197.8,215.9,6.6,6540.0,251.2
2019-05-07T11:42:52,38.3,195.5,213.5,6.8,6560.0,254.1
2019-05-07T11:43:23,38.3,197.3,215.3,6.7,6580.0,254.1
2019-05-07T11:43:54,38.4,196.7,215.9,6.6,6610.0,254.1
2019-05-07T11:44:25,38.2,193.7,210.6,6.7,6630.0,254.1
2019-05-07T11:44:56,37.9,198.4,212.3,6.3,6650.0,253.1
2019-05-07T11:45:27,37.8,191.3,217.7,6.8,6670.0,254.1
2019-05-07T11:45:58,37.9,206.7,217.1,6.0,6690.0,254.1
2019-05-07T11:46:30,37.7,191.3,218.3,6.8,6720.0,253.1
2019-05-07T11:47:01,37.8,194.9,214.7,6.7,6740.0,253.1
2019-05-07T11:47:32,37.9,196.7,214.1,6.7,6760.0,252.2
2019-05-07T11:48:03,38.0,192.5,217.1,6.7,6780.0,251.2
2019-05-07T11:48:34,38.2,196.7,218.3,6.1,6800.0,252.2
2019-05-07T11:49:05,37.8,189.0,221.8,6.6,6830.0,251.2
2019-05-07T11:49:36,37.6,183.1,220.6,7.0,6850.0,251.2
2019-05-07T11:50:07,37.4,189.0,220.6,6.9,6870.0,250.2
2019-05-07T11:50:38,37.6,197.3,221.8,6.8,6890.0,251.2
2019-05-07T11:51:10,37.7,190.2,218.8,7.0,6920.0,252.2
2019-05-07T11:51:41,37.8,197.3,220.0,6.3,6940.0,251.2
2019-05-07T11:52:12,37.9,196.1,218.8,6.2,6960.0,251.2
2019-05-07T11:52:43,37.8,187.2,220.0,7.1,6980.0,252.2
2019-05-07T11:53:14,37.7,181.9,220.0,6.9,7000.0,252.2
2019-05-07T11:53:45,37.7,187.8,218.8,7.1,7020.0,252.2
2019-05-07T11:54:16,37.8,189.6,217.1,6.6,7050.0,252.2
2019-05-07T11:54:47,38.0,200.2,218.8,6.3,7070.0,252.2
2019-05-07T11:55:18,38.0,195.5,220.0,6.5,7090.0,253.1
2019-05-07T11:55:49,38.2,196.1,222.4,6.8,7110.0,253.1
2019-05-07T11:56:21,38.0,200.8,220.6,6.6,7140.0,252.2
2019-05-07T11:56:52,38.2,204.3,220.0,6.3,7160.0,252.2
2019-05-07T11:57:23,38.2,191.3,220.0,7.0,7180.0,253.1
2019-05-07T11:57:54,38.3,191.9,217.1,7.0,7200.0,252.2
2019-05-07T11:58:25,38.4,190.8,217.1,7.1,7220.0,252.2
2019-05-07T11:58:56,38.5,193.1,215.3,7.0,7250.0,254.1
2019-05-07T11:59:27,38.5,195.5,223.0,6.8,7270.0,251.2
2019-05-07T11:59:58,38.6,190.8,222.4,7.0,7290.0,252.2
2019-05-07T12:00:29,38.7,190.2,210.6,7.1,7310.0,252.2
2019-05-07T12:01:00,38.9,190.2,212.3,6.8,7340.0,251.2
2019-05-07T12:01:31,38.9,193.7,216.5,7.1,7360.0,253.1
2019-05-07T12:02:02,38.9,199.0,215.9,6.8,7380.0,253.1
2019-05-07T12:02:33,39.0,192.5,219.4,7.0,7400.0,253.1
2019-05-07T12:03:04,39.0,191.3,219.4,7.2,7430.0,254.1
2019-05-07T12:03:35,39.0,197.3,224.8,6.9,7450.0,253.1
2019-05-07T12:04:06,39.1,198.4,223.6,6.9,7470.0,253.1
2019-05-07T12:04:37,39.1,194.9,218.3,7.0,7500.0,253.1
2019-05-07T12:05:08,39.1,197.3,218.8,6.4,7520.0,254.1
2019-05-07T12:05:40,39.1,193.1,222.4,7.0,7540.0,254.1
2019-05-07T12:06:11,39.1,190.2,224.2,6.7,7560.0,253.1
2019-05-07T12:06:42,39.1,196.1,220.0,7.0,7590.0,254.1
2019-05-07T12:07:13,39.2,197.8,220.0,6.8,7610.0,253.1
2019-05-07T12:07:44,39.1,202.0,219.4,6.7,7630.0,253.1
2019-05-07T12:08:15,39.1,192.5,219.4,6.8,7650.0,253.1
2019-05-07T12:08:46,38.9,190.8,215.3,6.9,7680.0,252.2
2019-05-07T12:09:17,38.9,183.1,215.3,7.1,7700.0,251.2
2019-05-07T12:09:48,39.0,184.3,223.6,7.2,7720.0,253.1
2019-05-07T12:10:19,39.0,183.1,217.7,7.1,7750.0,251.2
2019-05-07T12:10:51,39.1,187.8,217.1,6.9,7770.0,251.2
2019-05-07T12:11:22,39.1,196.7,215.9,6.9,7790.0,254.1
2019-05-07T12:11:53,39.1,193.7,217.7,7.2,7810.0,252.2
2019-05-07T12:12:24,39.2,196.7,213.5,7.0,7840.0,253.1
2019-05-07T12:12:55,39.2,193.1,214.7,7.2,7860.0,253.1
2019-05-07T12:13:26,39.2,191.3,217.1,6.9,7880.0,254.1
2019-05-07T12:13:57,39.2,186.0,214.7,7.3,7910.0,254.1
2019-05-07T12:14:28,39.2,188.4,217.7,6.9,7930.0,252.2
2019-05-07T12:14:59,39.2,184.8,214.1,7.2,7950.0,253.1
2019-05-07T12:15:30,39.2,189.0,214.1,7.0,7970.0,254.1
2019-05-07T12:16:02,39.2,191.3,217.1,6.8,8000.0,254.1
2019-05-07T12:16:33,39.2,184.3,217.7,7.0,8020.0,253.1
2019-05-07T12:17:04,39.0,185.4,217.7,7.0,8040.0,252.2
2019-05-07T12:17:35,39.0,189.0,217.1,7.0,8060.0,253.1
2019-05-07T12:18:06,38.7,193.7,219.4,6.5,8090.0,253.1
2019-05-07T12:18:37,38.6,189.6,218.8,7.0,8110.0,253.1
2019-05-07T12:19:08,38.6,186.6,214.7,7.0,8130.0,253.1
2019-05-07T12:19:39,38.7,190.8,215.9,6.8,8150.0,251.2
2019-05-07T12:20:10,38.9,184.8,215.3,7.1,8180.0,250.2
2019-05-07T12:20:41,39.0,185.4,216.5,7.0,8200.0,251.2
2019-05-07T12:21:13,39.1,187.8,217.7,6.8,8220.0,252.2
2019-05-07T12:21:44,39.2,177.8,214.7,6.9,8240.0,252.2
2019-05-07T12:22:15,39.1,173.0,221.8,7.3,8270.0,252.2
2019-05-07T12:22:46,39.1,178.9,220.0,7.0,8290.0,253.1
2019-05-07T12:23:17,39.1,174.2,217.7,7.2,8310.0,251.2
2019-05-07T12:23:48,39.1,175.4,220.6,7.1,8330.0,252.2
2019-05-07T12:24:19,39.1,173.6,217.7,7.2,8350.0,252.2
2019-05-07T12:24:50,39.1,172.4,217.7,7.2,8380.0,252.2
2019-05-07T12:25:21,39.2,171.3,212.9,7.3,8400.0,251.2
2019-05-07T12:25:53,39.3,177.2,214.1,7.1,8420.0,252.2
2019-05-07T12:26:24,39.4,173.6,212.9,7.1,8440.0,252.2
2019-05-07T12:26:55,39.5,176.0,214.1,7.0,8460.0,251.2
2019-05-07T12:27:26,39.5,171.3,210.0,7.2,8490.0,252.2
2019-05-07T12:27:57,39.7,170.7,211.2,7.3,8510.0,251.2
2019-05-07T12:28:28,39.7,173.0,214.1,7.1,8530.0,254.1
2019-05-07T12:28:59,39.4,176.6,213.5,7.0,8550.0,252.2
2019-05-07T12:29:30,39.4,172.4,214.1,7.1,8570.0,253.1
2019-05-07T12:30:01,39.5,173.6,216.5,7.2,8590.0,253.1
2019-05-07T12:30:33,39.5,173.6,219.4,7.1,8620.0,252.2
2019-05-07T12:31:04,39.5,170.1,210.0,7.2,8640.0,254.1
2019-05-07T12:31:35,39.5,178.3,217.1,7.0,8660.0,253.1
2019-05-07T12:32:06,39.5,173.0,219.4,7.2,8680.0,253.1
2019-05-07T12:32:37,39.5,172.4,218.8,7.2,8710.0,253.1
2019-05-07T12:33:08,39.5,176.6,217.7,7.0,8730.0,253.1
2019-05-07T12:33:39,39.5,177.8,214.7,7.0,8750.0,254.1
2019-05-07T12:34:10,39.7,171.3,210.0,7.4,8770.0,255.1
2019-05-07T12:34:41,39.7,171.3,210.6,7.2,8790.0,253.1
2019-05-07T12:35:12,39.8,179.5,211.7,7.2,8820.0,253.1
2019-05-07T12:35:44,39.8,189.0,214.1,6.6,8840.0,252.2
2019-05-07T12:36:15,39.8,192.5,217.1,6.5,8860.0,252.2
2019-05-07T12:36:46,39.9,194.9,217.7,6.5,8880.0,252.2
2019-05-07T12:37:17,39.9,206.7,214.7,6.1,8910.0,251.2
2019-05-07T12:37:48,39.9,192.5,216.5,6.5,8930.0,251.2
2019-05-07T12:38:19,39.9,190.8,214.1,6.7,8950.0,253.1
2019-05-07T12:38:50,40.0,184.8,211.7,6.7,8970.0,251.2
2019-05-07T12:39:21,40.0,194.3,212.9,6.5,8990.0,252.2
2019-05-07T12:39:52,40.0,189.0,214.1,6.8,9020.0,253.1
2019-05-07T12:40:23,40.0,196.1,221.2,6.4,9040.0,253.1
2019-05-07T12:40:55,40.0,194.3,221.2,6.4,9060.0,254.1
2019-05-07T12:41:26,40.0,190.2,214.7,6.5,9080.0,253.1
2019-05-07T12:41:57,40.0,191.9,214.1,6.4,9110.0,254.1
2019-05-07T12:42:28,40.0,192.5,213.5,6.6,9130.0,253.1
2019-05-07T12:42:59,40.0,192.5,217.1,6.5,9150.0,253.1
2019-05-07T12:43:30,39.9,194.9,215.9,6.5,9170.0,253.1
2019-05-07T12:44:01,39.9,194.9,217.1,6.5,9190.0,253.1
2019-05-07T12:44:32,40.0,191.3,212.3,6.5,9220.0,254.1
2019-05-07T12:45:03,40.0,191.3,213.5,6.7,9240.0,253.1
2019-05-07T12:45:35,40.0,191.3,212.9,6.4,9260.0,253.1
2019-05-07T12:46:06,40.1,194.3,220.0,6.5,9280.0,253.1
2019-05-07T12:46:37,40.1,191.3,219.4,6.5,9310.0,252.2
2019-05-07T12:47:08,40.1,189.6,223.6,6.6,9330.0,253.1
2019-05-07T12:47:39,40.1,194.3,220.0,6.5,9350.0,253.1
2019-05-07T12:48:10,40.2,193.1,215.3,6.4,9370.0,251.2
2019-05-07T12:48:41,40.1,194.3,212.9,6.4,9390.0,251.2
2019-05-07T12:49:12,40.0,193.1,214.7,6.4,9420.0,252.2
2019-05-07T12:49:43,40.0,190.2,217.7,6.7,9440.0,252.2
2019-05-07T12:50:14,40.0,189.0,217.7,6.7,9460.0,253.1
2019-05-07T12:50:46,40.0,190.2,218.8,6.7,9480.0,253.1
2019-05-07T12:51:18,40.1,189.0,218.3,6.5,9510.0,253.1
2019-05-07T12:51:49,40.1,192.5,221.2,6.5,9530.0,253.1
2019-05-07T12:52:20,40.2,193.1,214.1,6.4,9550.0,253.1
2019-05-07T12:52:51,40.2,189.0,210.0,6.4,9570.0,254.1
2019-05-07T12:53:22,40.4,190.8,217.1,6.4,9590.0,253.1
2019-05-07T12:53:53,40.4,189.0,215.3,6.4,9620.0,253.1
2019-05-07T12:54:24,40.5,188.4,217.1,6.1,9640.0,253.1
2019-05-07T12:54:55,40.2,181.9,218.8,6.5,9660.0,252.2
2019-05-07T12:55:26,40.0,189.6,217.7,6.3,9680.0,252.2
2019-05-07T12:55:57,40.1,193.1,215.9,6.2,9700.0,254.1
2019-05-07T12:56:29,40.2,189.0,212.9,6.5,9720.0,255.1
2019-05-07T12:57:00,40.2,190.2,211.2,6.3,9750.0,253.1
2019-05-07T12:57:31,40.2,174.8,212.9,7.0,9770.0,255.1
2019-05-07T12:58:02,40.2,174.8,212.9,6.9,9790.0,256.0
2019-05-07T12:58:33,40.2,180.7,214.7,6.8,9810.0,253.1
2019-05-07T12:59:04,40.4,179.5,214.1,6.9,9830.0,254.1
2019-05-07T12:59:35,40.4,176.0,214.7,7.0,9860.0,254.1
2019-05-07T13:00:06,40.4,183.1,217.1,6.5,9880.0,254.1
2019-05-07T13:00:37,40.4,176.6,210.6,7.0,9900.0,253.1
2019-05-07T13:01:09,40.5,174.8,217.1,7.2,9920.0,253.1
2019-05-07T13:01:40,40.5,170.7,214.1,7.1,9940.0,252.2
2019-05-07T13:02:11,40.5,173.0,218.3,7.1,9970.0,254.1
2019-05-07T13:02:42,40.5,177.8,214.1,6.9,9990.0,253.1
2019-05-07T13:03:13,40.5,174.2,218.3,7.0,10010.0,253.1
2019-05-07T13:03:44,40.5,178.3,218.3,6.9,10030.0,252.2
2019-05-07T13:04:15,40.5,180.1,220.0,6.6,10050.0,252.2
2019-05-07T13:04:46,40.4,171.3,220.0,6.8,10070.0,252.2
2019-05-07T13:05:17,40.0,164.2,215.3,6.8,10100.0,252.2
2019-05-07T13:05:48,39.9,172.4,220.0,6.9,10120.0,252.2
2019-05-07T13:06:20,39.9,176.6,221.2,6.9,10140.0,252.2
2019-05-07T13:06:51,39.8,176.0,218.8,7.0,10160.0,253.1
2019-05-07T13:07:22,39.7,184.8,215.9,6.4,10180.0,252.2
2019-05-07T13:07:53,39.7,172.4,214.1,7.1,10200.0,251.2
2019-05-07T13:08:24,39.8,178.3,217.7,6.8,10230.0,253.1
2019-05-07T13:08:55,39.8,170.1,214.7,7.1,10250.0,253.1
2019-05-07T13:09:26,39.9,163.6,215.9,7.2,10270.0,254.1
2019-05-07T13:09:57,39.9,164.8,217.1,7.1,10290.0,254.1
2019-05-07T13:10:28,40.0,164.8,215.3,6.7,10310.0,253.1
2019-05-07T13:10:59,40.0,163.0,214.7,7.2,10330.0,255.1
2019-05-07T13:11:31,40.0,161.8,215.3,6.7,10350.0,254.1
2019-05-07T13:12:02,39.7,154.7,217.7,7.3,10370.0,253.1
2019-05-07T13:12:33,39.8,158.9,217.1,6.9,10400.0,252.2
2019-05-07T13:13:04,39.8,158.3,214.7,7.0,10420.0,252.2
2019-05-07T13:13:35,39.8,149.4,215.3,7.4,10440.0,252.2
2019-05-07T13:14:06,39.8,156.5,216.5,7.0,10460.0,253.1
2019-05-07T13:14:37,39.9,163.0,217.1,7.3,10480.0,252.2
2019-05-07T13:15:08,40.0,168.9,224.2,6.8,10500.0,253.1
2019-05-07T13:15:39,40.1,173.6,215.9,6.2,10520.0,253.1
2019-05-07T13:16:11,40.1,178.3,216.5,5.8,10540.0,253.1
2019-05-07T13:16:42,40.2,178.3,214.1,5.4,10560.0,252.2
2019-05-07T13:17:13,40.1,184.3,211.2,4.8,10580.0,254.1
2019-05-07T13:17:44,40.1,185.4,217.7,4.8,10600.0,253.1
2019-05-07T13:18:15,40.2,185.4,216.5,4.0,10620.0,252.2
2019-05-07T13:18:46,40.1,162.4,215.3,6.5,10640.0,253.1
2019-05-07T13:19:17,40.0,154.7,214.1,7.2,10660.0,252.2
2019-05-07T13:19:48,40.0,149.4,217.7,7.3,10680.0,252.2
2019-05-07T13:20:19,40.1,154.1,217.1,7.1,10700.0,254.1
2019-05-07T13:20:50,40.1,158.9,212.9,6.9,10720.0,253.1
2019-05-07T13:21:22,40.2,155.9,210.6,7.0,10740.0,252.2
2019-05-07T13:21:53,40.2,153.5,213.5,7.2,10760.0,251.2
2019-05-07T13:22:24,40.2,151.2,215.9,7.2,10780.0,253.1
2019-05-07T13:22:55,40.4,150.6,218.8,7.4,10800.0,253.1
2019-05-07T13:23:26,40.4,150.0,224.2,7.4,10830.0,252.2
2019-05-07T13:23:57,40.4,155.9,223.0,6.2,10850.0,253.1
2019-05-07T13:24:28,40.1,153.5,221.8,7.1,10870.0,252.2
2019-05-07T13:24:59,40.1,152.9,223.6,7.2,10890.0,252.2
2019-05-07T13:25:30,39.9,151.8,223.0,7.3,10910.0,252.2
2019-05-07T13:26:01,39.9,151.8,220.0,7.3,10930.0,251.2
2019-05-07T13:26:32,40.0,151.8,221.8,7.2,10950.0,252.2
2019-05-07T13:27:03,39.9,153.5,221.8,7.2,10970.0,253.1
2019-05-07T13:27:34,39.9,152.4,220.6,7.2,10990.0,251.2
2019-05-07T13:28:05,39.8,156.5,220.0,6.9,11010.0,253.1
2019-05-07T13:28:36,39.8,148.8,215.3,7.3,11030.0,252.2
2019-05-07T13:29:07,39.9,155.3,217.1,7.0,11050.0,252.2
2019-05-07T13:29:38,40.0,154.7,216.5,7.0,11070.0,252.2
2019-05-07T13:30:09,40.1,154.7,217.7,7.0,11090.0,252.2
2019-05-07T13:30:41,40.1,150.6,219.4,7.2,11110.0,252.2
2019-05-07T13:31:12,40.2,155.3,214.7,6.7,11140.0,252.2
2019-05-07T13:31:43,40.2,140.0,217.7,7.2,11150.0,253.1
2019-05-07T13:32:14,40.0,147.0,213.5,6.9,11170.0,253.1
2019-05-07T13:32:45,39.9,140.5,212.9,7.2,11190.0,252.2
2019-05-07T13:33:16,40.0,144.7,220.0,7.1,11210.0,252.2
2019-05-07T13:33:47,40.0,147.0,218.8,6.8,11230.0,251.2
2019-05-07T13:34:18,40.0,147.0,215.9,6.8,11250.0,252.2
2019-05-07T13:34:49,40.0,148.2,215.9,6.6,11270.0,250.2
2019-05-07T13:35:20,39.9,127.5,211.2,7.0,11290.0,251.2
2019-05-07T13:35:52,39.8,138.2,211.7,6.8,11310.0,251.2
2019-05-07T13:36:23,39.8,131.1,214.1,7.2,11330.0,252.2
2019-05-07T13:36:54,39.7,135.8,215.9,7.0,11350.0,251.2
2019-05-07T13:37:25,39.8,130.5,214.7,7.3,11370.0,252.2
2019-05-07T13:37:56,39.9,138.8,221.8,6.7,11390.0,253.1
2019-05-07T13:38:27,40.0,133.5,218.3,7.0,11410.0,253.1
2019-05-07T13:38:58,40.1,136.4,217.7,6.3,11430.0,253.1
2019-05-07T13:39:29,40.1,128.7,221.2,7.0,11440.0,255.1
2019-05-07T13:40:00,40.2,127.5,220.0,7.3,11460.0,252.2
2019-05-07T13:40:32,40.1,131.7,216.5,7.1,11480.0,253.1
2019-05-07T13:41:03,40.1,131.7,214.1,7.2,11500.0,252.2
2019-05-07T13:41:34,40.1,134.0,211.2,7.1,11520.0,251.2
2019-05-07T13:42:05,40.1,132.9,214.7,7.2,11540.0,251.2
2019-05-07T13:42:36,40.0,131.1,220.0,7.1,11560.0,251.2
2019-05-07T13:43:07,39.9,132.9,220.0,7.1,11580.0,251.2
2019-05-07T13:43:38,39.7,131.7,220.0,7.1,11600.0,250.2
2019-05-07T13:44:09,39.8,134.0,212.9,7.0,11620.0,251.2
2019-05-07T13:44:40,39.9,134.0,214.7,7.0,11630.0,252.2
2019-05-07T13:45:11,39.9,128.7,213.5,7.0,11650.0,251.2
2019-05-07T13:45:43,40.0,126.4,214.7,7.3,11670.0,251.2
2019-05-07T13:46:14,40.1,122.2,214.1,7.1,11690.0,252.2
2019-05-07T13:46:45,39.9,127.0,209.4,6.7,11710.0,251.2
2019-05-07T13:47:16,39.8,121.0,210.0,7.1,11730.0,250.2
2019-05-07T13:47:47,39.7,125.8,212.9,6.8,11750.0,252.2
2019-05-07T13:48:18,39.7,127.5,214.7,6.8,11760.0,250.2
2019-05-07T13:48:49,39.7,122.2,215.3,7.0,11780.0,251.2
2019-05-07T13:49:20,39.7,123.4,215.9,7.0,11800.0,250.2
2019-05-07T13:49:51,39.5,126.4,214.7,6.8,11820.0,251.2
2019-05-07T13:50:22,39.7,127.5,215.9,6.6,11840.0,251.2
2019-05-07T13:50:54,39.8,121.0,215.3,7.1,11860.0,251.2
2019-05-07T13:51:25,39.9,124.0,211.2,6.9,11870.0,252.2
2019-05-07T13:51:56,40.0,127.0,207.0,6.6,11890.0,252.2
2019-05-07T13:52:27,40.1,118.7,207.6,6.5,11910.0,251.2
2019-05-07T13:52:58,40.2,110.4,206.4,7.0,11930.0,252.2
2019-05-07T13:53:29,40.1,116.3,210.0,6.7,11940.0,251.2
2019-05-07T13:54:00,40.2,118.1,210.0,6.6,11960.0,251.2
2019-05-07T13:54:31,40.2,116.3,210.0,6.6,11980.0,250.2
2019-05-07T13:55:02,40.4,109.8,212.9,7.0,12000.0,250.2
2019-05-07T13:55:34,40.4,116.9,214.1,6.7,12010.0,251.2
2019-05-07T13:56:05,40.5,109.8,211.7,7.1,12030.0,249.3
2019-05-07T13:56:36,40.5,115.7,216.5,6.8,12050.0,250.2
2019-05-07T13:57:07,40.5,118.1,217.1,6.6,12070.0,251.2
2019-05-07T13:57:38,40.5,114.6,217.7,6.7,12080.0,251.2
2019-05-07T13:58:09,40.5,111.6,212.9,6.9,12100.0,251.2
2019-05-07T13:58:40,40.5,111.0,214.1,7.1,12120.0,251.2
2019-05-07T13:59:11,40.6,111.6,220.6,6.9,12140.0,250.2
2019-05-07T13:59:42,40.6,114.0,219.4,6.8,12150.0,251.2
2019-05-07T14:00:13,40.6,111.6,219.4,6.9,12170.0,249.3
2019-05-07T14:00:45,40.6,115.7,221.2,6.7,12190.0,250.2
2019-05-07T14:01:16,40.6,115.1,219.4,6.7,12210.0,250.2
2019-05-07T14:01:47,40.6,112.2,220.0,6.9,12220.0,249.3
2019-05-07T14:02:18,40.6,115.1,213.5,6.8,12240.0,250.2
2019-05-07T14:02:49,40.7,118.7,212.3,6.6,12260.0,250.2
2019-05-07T14:03:20,40.7,115.7,213.5,6.7,12280.0,250.2
2019-05-07T14:03:51,40.7,113.4,221.8,6.7,12290.0,251.2
2019-05-07T14:04:22,40.7,116.3,214.1,6.6,12310.0,250.2
2019-05-07T14:04:53,40.7,109.2,211.7,6.9,12330.0,250.2
2019-05-07T14:05:24,40.7,119.3,213.5,6.3,12350.0,251.2
2019-05-07T14:05:56,40.7,112.8,210.0,6.7,12360.0,251.2
2019-05-07T14:06:27,40.7,119.3,212.9,6.2,12380.0,252.2
2019-05-07T14:06:58,40.7,115.7,214.1,6.3,12400.0,251.2
2019-05-07T14:07:29,40.7,119.9,211.2,5.9,12410.0,251.2
2019-05-07T14:08:00,40.7,124.0,215.3,5.8,12430.0,251.2
2019-05-07T14:08:31,40.6,112.8,217.1,6.2,12450.0,253.1
2019-05-07T14:09:02,40.6,122.8,216.5,5.9,12460.0,251.2
2019-05-07T14:09:33,40.6,127.5,214.1,5.2,12480.0,251.2
2019-05-07T14:10:04,40.6,115.1,218.3,5.7,12500.0,251.2
2019-05-07T14:10:36,40.6,103.3,217.1,5.8,12510.0,250.2
2019-05-07T14:11:07,40.5,102.7,214.7,6.2,12530.0,251.2
2019-05-07T14:11:38,40.4,103.9,218.8,6.7,12550.0,251.2
2019-05-07T14:12:09,40.2,109.8,223.6,6.4,12560.0,249.3
2019-05-07T14:12:40,40.2,106.9,219.4,6.5,12580.0,250.2
2019-05-07T14:13:11,40.2,108.6,219.4,6.4,12600.0,250.2
2019-05-07T14:13:42,40.2,105.1,223.0,6.5,12610.0,251.2
2019-05-07T14:14:13,40.4,108.1,218.3,6.4,12630.0,251.2
2019-05-07T14:14:44,40.4,107.5,221.2,6.4,12640.0,249.3
2019-05-07T14:15:15,40.4,105.7,219.4,6.4,12660.0,250.2
2019-05-07T14:15:47,40.4,111.0,221.2,6.2,12680.0,249.3
2019-05-07T14:16:18,40.2,109.8,214.1,6.3,12690.0,250.2
2019-05-07T14:16:49,40.1,106.9,217.1,6.4,12710.0,250.2
2019-05-07T14:17:20,39.9,109.2,218.8,6.3,12730.0,249.3
2019-05-07T14:17:51,40.0,105.7,218.8,6.3,12740.0,250.2
2019-05-07T14:18:22,40.1,109.8,216.5,6.1,12760.0,250.2
2019-05-07T14:18:53,40.2,122.2,213.5,5.8,12780.0,250.2
2019-05-07T14:19:24,40.2,121.0,215.9,6.1,12790.0,250.2
2019-05-07T14:19:55,40.4,125.2,214.1,5.6,12810.0,251.2
2019-05-07T14:20:26,40.4,119.9,218.8,6.1,12820.0,250.2
2019-05-07T14:20:58,40.4,120.5,215.9,6.1,12840.0,250.2
2019-05-07T14:21:29,40.5,121.6,214.7,6.1,12860.0,249.3
2019-05-07T14:22:00,40.5,120.5,210.0,6.1,12870.0,250.2
2019-05-07T14:22:31,40.5,121.0,214.1,6.0,12890.0,251.2
2019-05-07T14:23:02,40.5,119.9,215.3,6.1,12910.0,251.2
2019-05-07T14:23:33,40.4,118.1,214.1,6.1,12920.0,251.2
2019-05-07T14:24:04,40.4,123.4,215.3,5.8,12940.0,250.2
2019-05-07T14:24:35,40.5,117.5,218.8,6.1,12960.0,251.2
2019-05-07T14:25:06,40.4,118.7,218.3,6.2,12970.0,251.2
2019-05-07T14:25:38,40.1,116.9,220.6,6.1,12990.0,251.2
2019-05-07T14:26:09,40.1,118.7,214.7,6.2,13010.0,251.2
2019-05-07T14:26:40,40.1,121.0,214.1,6.0,13020.0,250.2
2019-05-07T14:27:11,40.1,119.9,214.1,6.0,13040.0,251.2
2019-05-07T14:27:42,40.2,121.6,215.9,6.0,13060.0,251.2
2019-05-07T14:28:13,40.2,121.0,217.7,5.9,13070.0,251.2
2019-05-07T14:28:44,40.2,117.5,217.7,6.2,13090.0,251.2
2019-05-07T14:29:15,40.2,121.0,220.6,5.9,13110.0,252.2
2019-05-07T14:29:46,40.2,119.9,224.2,6.1,13120.0,252.2
2019-05-07T14:30:17,40.2,116.9,221.2,6.1,13140.0,252.2
2019-05-07T14:30:49,40.2,119.9,215.9,6.0,13150.0,252.2
2019-05-07T14:31:20,40.2,121.6,221.8,5.9,13170.0,251.2
2019-05-07T14:31:51,40.2,117.5,217.7,6.2,13190.0,251.2
2019-05-07T14:32:22,40.2,119.3,212.9,6.1,13200.0,252.2
2019-05-07T14:32:53,40.2,117.5,220.6,6.2,13220.0,250.2
2019-05-07T14:33:24,40.2,118.1,224.8,6.1,13240.0,251.2
2019-05-07T14:33:55,40.2,121.6,224.8,5.9,13250.0,250.2
2019-05-07T14:34:26,40.2,118.7,221.2,5.9,13270.0,250.2
2019-05-07T14:34:57,40.2,127.5,221.2,5.3,13280.0,249.3
2019-05-07T14:35:28,40.1,125.8,218.8,5.5,13300.0,250.2
2019-05-07T14:36:00,40.1,127.5,224.8,4.9,13320.0,250.2
2019-05-07T14:36:31,40.1,131.7,216.5,4.5,13330.0,250.2
2019-05-07T14:37:02,40.1,129.9,215.9,4.6,13350.0,250.2
2019-05-07T14:37:33,40.1,131.7,220.6,4.4,13360.0,251.2
2019-05-07T14:38:04,40.1,128.1,221.8,3.5,13380.0,252.2
2019-05-07T14:38:35,40.1,114.0,225.4,5.7,13390.0,251.2
2019-05-07T14:39:06,40.1,113.4,224.8,5.7,13410.0,250.2
2019-05-07T14:39:37,40.1,104.5,218.8,5.7,13420.0,250.2
2019-05-07T14:40:08,40.1,114.6,214.7,5.1,13440.0,250.2
2019-05-07T14:40:39,40.1,117.5,215.3,5.0,13450.0,249.3
2019-05-07T14:41:11,40.1,116.3,217.1,5.0,13470.0,250.2
2019-05-07T14:41:42,39.9,114.0,214.1,5.0,13480.0,249.3
2019-05-07T14:42:13,40.0,103.3,212.3,5.5,13500.0,250.2
2019-05-07T14:42:44,40.0,102.7,217.7,5.6,13510.0,250.2
2019-05-07T14:43:15,40.0,102.7,222.4,5.7,13530.0,250.2
2019-05-07T14:43:46,40.0,102.7,221.2,5.6,13540.0,250.2
2019-05-07T14:44:17,40.0,102.7,223.0,5.6,13560.0,250.2
2019-05-07T14:44:48,40.0,102.7,224.8,5.6,13570.0,251.2
2019-05-07T14:45:19,39.9,102.7,223.0,5.5,13590.0,250.2
2019-05-07T14:45:50,39.9,102.7,221.8,5.6,13600.0,249.3
2019-05-07T14:46:22,39.8,102.7,210.0,5.5,13620.0,250.2
2019-05-07T14:46:53,39.9,102.7,214.1,5.6,13630.0,248.3
2019-05-07T14:47:24,39.9,102.7,214.1,5.5,13640.0,249.3
2019-05-07T14:47:55,39.9,102.7,217.7,5.5,13660.0,249.3
2019-05-07T14:48:26,40.0,102.7,221.2,5.5,13670.0,247.3
2019-05-07T14:48:57,40.0,102.7,223.0,5.5,13690.0,247.3
2019-05-07T14:49:28,40.0,102.7,224.2,5.6,13700.0,247.3
2019-05-07T14:49:59,40.0,103.9,223.0,5.5,13720.0,246.4
2019-05-07T14:50:30,40.0,103.9,222.4,5.5,13730.0,247.3
2019-05-07T14:51:01,40.0,103.9,214.1,5.4,13750.0,249.3
2019-05-07T14:51:33,40.0,102.7,218.8,5.5,13760.0,248.3
2019-05-07T14:52:04,40.0,102.7,220.6,5.5,13770.0,248.3
2019-05-07T14:52:35,40.0,104.5,217.1,5.4,13790.0,249.3
2019-05-07T14:53:06,39.9,102.7,214.7,5.3,13800.0,248.3
2019-05-07T14:53:37,39.9,104.5,218.3,5.3,13820.0,248.3
2019-05-07T14:54:08,39.9,103.3,218.8,5.5,13830.0,250.2
2019-05-07T14:54:39,39.9,101.6,220.0,4.6,13850.0,249.3
2019-05-07T14:55:10,39.9,105.7,224.8,5.2,13860.0,247.3
2019-05-07T14:55:41,39.9,103.9,225.4,5.4,13870.0,247.3
2019-05-07T14:56:13,39.8,102.1,228.9,5.6,13890.0,248.3
2019-05-07T14:56:44,39.8,102.1,224.2,5.3,13900.0,248.3
2019-05-07T14:57:15,39.9,102.7,221.8,5.5,13920.0,247.3
2019-05-07T14:57:46,39.9,104.5,220.0,5.2,13930.0,247.3
2019-05-07T14:58:17,39.8,103.3,221.2,4.8,13950.0,247.3
2019-05-07T14:58:48,39.8,104.5,218.3,5.2,13960.0,247.3
2019-05-07T14:59:19,39.8,109.8,224.8,4.7,13970.0,248.3
2019-05-07T14:59:50,39.9,106.3,221.8,5.1,13990.0,246.4
2019-05-07T15:00:21,39.8,105.7,218.3,4.5,14000.0,247.3
2019-05-07T15:00:52,39.8,104.5,224.8,4.6,14010.0,246.4
2019-05-07T15:01:24,39.8,103.3,227.7,4.9,14030.0,247.3
2019-05-07T15:01:55,39.9,111.0,223.0,3.2,14040.0,247.3
2019-05-07T15:02:26,39.9,104.5,220.6,3.7,14050.0,248.3
2019-05-07T15:02:57,39.9,102.1,220.6,4.2,14070.0,249.3
2019-05-07T15:03:28,39.8,102.7,221.2,3.7,14080.0,249.3
2019-05-07T15:03:59,39.8,103.9,221.2,4.0,14090.0,249.3
2019-05-07T15:04:30,39.8,111.6,218.8,3.6,14110.0,250.2
2019-05-07T15:05:01,39.8,102.7,221.2,2.9,14120.0,249.3
2019-05-07T15:05:32,39.8,102.7,220.6,2.8,14130.0,249.3
2019-05-07T15:06:04,39.7,106.9,222.4,2.5,14140.0,249.3
2019-05-07T15:06:35,39.5,102.1,217.7,2.5,14150.0,249.3
2019-05-07T15:07:06,39.5,111.6,218.3,2.4,14160.0,248.3
2019-05-07T15:07:37,39.5,106.3,215.9,2.7,14180.0,249.3
2019-05-07T15:08:08,39.5,116.9,221.2,1.4,14190.0,249.3
2019-05-07T15:08:39,39.5,121.0,221.2,1.4,14200.0,249.3
2019-05-07T15:09:10,39.5,122.2,227.1,1.2,14210.0,248.3
2019-05-07T15:09:41,39.4,111.6,220.6,1.4,14220.0,249.3
2019-05-07T15:10:12,39.4,109.8,227.7,1.4,14230.0,247.3
2019-05-07T15:10:43,39.4,103.9,228.9,2.3,14240.0,247.3
2019-05-07T15:11:15,39.4,107.5,217.7,1.7,14250.0,248.3
2019-05-07T15:11:46,39.4,105.1,220.6,2.4,14260.0,249.3
2019-05-07T15:12:17,39.3,103.9,225.4,2.3,14270.0,249.3
2019-05-07T15:12:48,39.3,102.7,228.9,2.6,14290.0,249.3
2019-05-07T15:13:19,39.3,103.9,227.7,2.5,14300.0,250.2
2019-05-07T15:13:50,39.3,105.1,223.0,0.3,14310.0,248.3
2019-05-07T15:14:21,39.3,102.1,221.8,3.7,14320.0,247.3
2019-05-07T15:14:52,39.3,103.3,223.0,3.9,14330.0,247.3
2019-05-07T15:15:23,39.3,103.9,220.0,4.1,14340.0,249.3
2019-05-07T15:15:54,39.3,103.3,218.8,4.5,14350.0,248.3
2019-05-07T15:16:26,39.2,103.3,218.8,4.1,14360.0,248.3
2019-05-07T15:16:57,39.3,92.1,217.1,3.3,14370.0,248.3
2019-05-07T15:17:28,39.2,101.0,218.8,0.3,14380.0,248.3
2019-05-07T15:17:59,39.2,93.3,221.8,2.9,14390.0,248.3
2019-05-07T15:18:30,39.2,103.3,225.4,0.2,14400.0,248.3
2019-05-07T15:19:01,39.2,105.7,219.4,2.9,14410.0,248.3
2019-05-07T15:19:32,39.2,102.7,223.6,0.2,14430.0,249.3
2019-05-07T15:20:03,39.2,93.9,225.4,0.2,14440.0,249.3
2019-05-07T15:20:34,39.2,103.3,224.2,2.3,14450.0,249.3
2019-05-07T15:21:06,39.2,102.7,225.4,3.1,14460.0,248.3
2019-05-07T15:21:37,39.1,93.3,220.0,2.1,14470.0,248.3
2019-05-07T15:22:08,39.1,89.7,217.7,0.0,14480.0,248.3
2019-05-07T15:22:39,39.1,119.3,216.5,1.5,14490.0,248.3
2019-05-07T15:23:10,39.1,122.8,215.9,0.0,14500.0,249.3
2019-05-07T15:23:41,39.1,121.0,218.3,1.5,14510.0,249.3
2019-05-07T15:24:12,39.1,101.6,217.7,3.7,14510.0,248.3
2019-05-07T15:24:43,39.1,111.0,225.4,0.8,14520.0,247.3
2019-05-07T15:25:14,39.1,110.4,218.8,0.8,14530.0,247.3
2019-05-07T15:25:45,39.0,101.0,224.2,0.7,14540.0,246.4
2019-05-07T15:26:17,39.0,111.6,216.5,1.1,14550.0,247.3
2019-05-07T15:26:48,39.0,108.1,219.4,0.9,14560.0,248.3
2019-05-07T15:27:19,38.9,108.6,225.9,0.8,14570.0,247.3
2019-05-07T15:27:50,38.7,121.6,225.9,0.7,14580.0,248.3
2019-05-07T15:28:21,38.7,131.7,231.3,0.6,14590.0,247.3
2019-05-07T15:28:52,38.7,132.3,220.0,0.5,14600.0,246.4
2019-05-07T15:29:23,38.6,128.7,225.9,0.6,14610.0,246.4
2019-05-07T15:29:54,38.6,109.8,230.7,0.8,14620.0,246.4
2019-05-07T15:30:25,38.6,105.1,229.5,0.8,14630.0,245.4
2019-05-07T15:30:56,38.6,109.8,230.1,0.8,14630.0,247.3
2019-05-07T15:31:28,38.6,105.7,224.8,0.7,14640.0,247.3
2019-05-07T15:31:59,38.6,97.4,221.8,0.1,14650.0,247.3
2019-05-07T15:32:30,38.6,98.0,225.4,1.4,14660.0,247.3
2019-05-07T15:33:01,38.6,105.7,221.2,0.7,14670.0,246.4
2019-05-07T15:33:32,38.6,116.9,220.6,0.5,14680.0,248.3
2019-05-07T15:34:03,38.6,137.6,225.4,0.5,14690.0,247.3
2019-05-07T15:34:34,38.6,158.9,222.4,0.5,14700.0,248.3
2019-05-07T15:35:05,38.6,181.9,221.8,0.4,14700.0,248.3
2019-05-07T15:35:36,38.6,203.2,225.9,0.4,14710.0,247.3
2019-05-07T15:36:08,38.5,225.6,217.1,0.4,14720.0,248.3
2019-05-07T15:36:39,38.5,219.7,223.0,0.4,14730.0,247.3
2019-05-07T15:37:10,38.5,208.5,225.9,0.4,14740.0,247.3
2019-05-07T15:37:41,38.5,229.7,231.3,0.4,14750.0,246.4
2019-05-07T15:38:12,38.4,219.7,218.3,0.4,14760.0,244.4
2019-05-07T15:38:43,38.4,231.5,228.9,0.4,14770.0,245.4
2019-05-07T15:39:14,38.4,211.4,223.0,0.4,14770.0,245.4
2019-05-07T15:39:45,38.4,217.3,217.7,0.4,14780.0,245.4
2019-05-07T15:40:16,38.4,230.9,223.0,0.4,14790.0,246.4
2019-05-07T15:40:47,38.4,229.7,222.4,0.4,14800.0,246.4
2019-05-07T15:41:19,38.4,206.7,224.8,0.4,14810.0,247.3
2019-05-07T15:41:50,38.3,218.5,226.5,0.4,14820.0,247.3
2019-05-07T15:42:21,38.3,225.6,227.7,0.4,14820.0,245.4
2019-05-07T15:42:52,38.3,204.9,225.9,0.4,14830.0,247.3
2019-05-07T15:43:23,38.3,207.3,220.0,0.4,14840.0,247.3
2019-05-07T15:43:54,38.3,228.6,227.7,0.4,14850.0,246.4
2019-05-07T15:44:25,38.3,214.4,223.0,0.4,14860.0,247.3
2019-05-07T15:44:56,38.3,194.3,221.2,0.5,14870.0,246.4
2019-05-07T15:45:27,38.3,199.0,223.0,0.4,14870.0,247.3
2019-05-07T15:45:58,38.2,215.6,230.1,0.4,14880.0,247.3
2019-05-07T15:46:30,38.2,234.5,227.1,0.2,14890.0,246.4
2019-05-07T15:47:01,38.2,211.4,220.6,0.4,14900.0,245.4
2019-05-07T15:47:32,38.2,211.4,223.0,0.4,14910.0,245.4
2019-05-07T15:48:03,38.2,231.5,225.9,0.3,14910.0,245.4
2019-05-07T15:48:34,38.2,210.2,233.0,0.4,14920.0,245.4
2019-05-07T15:49:05,38.2,189.0,230.1,0.5,14930.0,245.4
2019-05-07T15:49:36,38.0,191.3,227.7,0.5,14940.0,245.4
2019-05-07T15:50:07,38.0,212.0,224.8,0.4,14950.0,245.4
2019-05-07T15:50:38,38.0,230.9,218.3,0.3,14950.0,245.4
2019-05-07T15:51:10,38.0,208.5,221.8,0.4,14960.0,246.4
2019-05-07T15:51:41,38.0,187.8,223.6,0.4,14970.0,245.4
2019-05-07T15:52:12,38.0,204.9,231.9,0.4,14980.0,246.4
2019-05-07T15:52:43,38.0,225.0,225.9,0.4,14980.0,246.4
2019-05-07T15:53:14,38.0,218.5,221.8,0.4,14990.0,247.3
2019-05-07T15:53:45,37.9,199.0,223.6,0.4,15000.0,246.4
2019-05-07T15:54:16,37.9,178.3,227.1,0.5,15010.0,245.4
2019-05-07T15:54:47,37.9,191.3,228.9,0.4,15010.0,246.4
2019-05-07T15:55:18,37.9,212.0,221.2,0.4,15020.0,246.4
2019-05-07T15:55:50,37.9,231.5,225.9,0.3,15030.0,245.4
2019-05-07T15:56:21,37.9,210.2,218.8,0.4,15040.0,245.4
2019-05-07T15:56:52,37.9,189.6,221.2,0.4,15040.0,245.4
2019-05-07T15:57:23,37.9,171.9,227.1,0.5,15050.0,246.4
2019-05-07T15:57:54,37.9,193.1,220.0,0.4,15060.0,244.4
2019-05-07T15:58:25,37.9,215.0,221.2,0.4,15070.0,245.4
2019-05-07T15:58:56,37.9,230.9,230.1,0.3,15070.0,245.4
2019-05-07T15:59:27,37.9,207.9,228.3,0.4,15080.0,245.4
2019-05-07T15:59:58,37.9,187.2,227.7,0.4,15090.0,245.4
2019-05-07T16:00:29,37.9,169.5,224.8,0.5,15100.0,245.4
2019-05-07T16:01:01,37.9,191.3,228.9,0.4,15100.0,246.4
2019-05-07T16:01:32,37.9,212.6,221.2,0.4,15110.0,246.4
2019-05-07T16:02:03,37.9,231.5,227.7,0.3,15120.0,246.4
2019-05-07T16:02:34,37.9,208.5,223.0,0.4,15120.0,245.4
2019-05-07T16:03:05,37.9,196.1,220.6,0.4,15130.0,245.4
2019-05-07T16:03:36,37.9,215.6,225.4,0.4,15140.0,245.4
2019-05-07T16:04:07,37.8,227.4,232.4,0.4,15140.0,246.4
2019-05-07T16:04:38,37.9,206.7,221.2,0.4,15150.0,245.4
2019-05-07T16:05:09,37.9,186.0,220.6,0.4,15160.0,245.4
2019-05-07T16:05:40,37.9,197.8,224.2,0.4,15160.0,247.3
2019-05-07T16:06:12,37.9,220.3,234.2,0.4,15170.0,246.4
2019-05-07T16:06:43,37.8,223.2,223.0,0.4,15180.0,246.4
2019-05-07T16:07:14,37.8,203.7,220.0,0.4,15180.0,246.4
2019-05-07T16:07:45,37.8,185.4,227.7,0.4,15190.0,246.4
2019-05-07T16:08:16,37.8,206.7,229.5,0.4,15200.0,247.3
2019-05-07T16:08:47,37.8,228.0,223.0,0.3,15200.0,246.4
2019-05-07T16:09:18,37.8,228.0,233.6,0.4,15210.0,246.4
2019-05-07T16:09:49,37.8,223.8,223.0,0.3,15220.0,246.4
2019-05-07T16:10:20,37.8,222.1,227.1,0.4,15220.0,246.4
2019-05-07T16:10:51,37.8,200.2,228.3,0.4,15230.0,245.4
2019-05-07T16:11:23,37.7,187.8,225.4,0.4,15240.0,245.4
2019-05-07T16:11:54,37.7,209.1,222.4,0.4,15240.0,246.4
2019-05-07T16:12:25,37.7,212.0,223.0,0.4,15250.0,246.4
2019-05-07T16:12:56,37.7,192.5,221.2,0.4,15260.0,245.4
2019-05-07T16:13:27,37.6,180.7,225.9,0.4,15260.0,246.4
2019-05-07T16:13:58,37.6,196.7,231.3,0.4,15270.0,245.4
2019-05-07T16:14:29,37.6,218.5,231.9,0.4,15270.0,245.4
2019-05-07T16:15:00,37.6,231.5,231.9,0.4,15280.0,246.4
2019-05-07T16:15:31,37.6,207.9,230.1,0.4,15290.0,246.4
2019-05-07T16:16:03,37.6,199.0,227.1,0.4,15290.0,246.4
2019-05-07T16:16:34,37.6,219.1,223.6,0.4,15300.0,245.4
2019-05-07T16:17:05,37.6,225.6,234.8,0.4,15300.0,244.4
2019-05-07T16:17:36,37.6,210.8,220.0,0.4,15310.0,246.4
2019-05-07T16:18:07,37.5,232.1,223.0,0.3,15320.0,245.4
2019-05-07T16:18:38,37.5,215.6,231.3,0.4,15320.0,245.4
2019-05-07T16:19:09,37.5,203.7,232.4,0.4,15330.0,245.4
2019-05-07T16:19:40,37.5,226.2,224.8,0.4,15330.0,244.4
2019-05-07T16:20:11,37.5,218.5,227.1,0.4,15340.0,244.4
2019-05-07T16:20:42,37.5,197.3,236.6,0.4,15350.0,245.4
2019-05-07T16:21:14,37.5,176.0,233.6,0.5,15350.0,243.5
2019-05-07T16:21:45,37.5,180.7,228.3,0.4,15360.0,244.4
2019-05-07T16:22:16,37.4,202.0,227.7,0.4,15360.0,245.4
2019-05-07T16:22:47,37.4,222.7,223.6,0.4,15370.0,244.4
2019-05-07T16:23:18,37.4,223.8,228.3,0.4,15370.0,242.5
2019-05-07T16:23:49,37.4,232.7,234.8,0.3,15380.0,242.5
2019-05-07T16:24:20,37.4,210.8,228.3,0.4,15380.0,243.5
2019-05-07T16:24:51,37.4,202.6,225.4,0.4,15390.0,243.5
2019-05-07T16:25:22,37.4,224.4,226.5,0.4,15390.0,243.5
2019-05-07T16:25:53,37.4,217.3,234.8,0.3,15400.0,243.5
2019-05-07T16:26:25,37.4,229.7,230.7,0.4,15410.0,242.5
2019-05-07T16:26:56,37.2,215.6,231.9,0.4,15410.0,241.5
2019-05-07T16:27:27,37.2,194.3,223.0,0.4,15420.0,243.5
2019-05-07T16:27:58,37.2,191.3,231.9,0.4,15420.0,242.5
2019-05-07T16:28:29,37.2,199.0,234.8,0.4,15430.0,242.5
2019-05-07T16:29:00,37.2,209.7,225.9,0.4,15430.0,242.5
2019-05-07T16:29:31,37.2,231.5,224.2,0.3,15440.0,242.5
2019-05-07T16:30:02,37.1,215.6,237.2,0.4,15440.0,242.5
2019-05-07T16:30:33,37.1,202.0,228.9,0.4,15450.0,243.5
2019-05-07T16:31:05,37.1,222.7,225.9,0.3,15450.0,243.5
2019-05-07T16:31:36,37.1,217.9,230.1,0.4,15460.0,243.5
2019-05-07T16:32:07,37.1,196.7,235.4,0.4,15460.0,243.5
2019-05-07T16:32:38,37.0,207.3,223.6,0.3,15460.0,243.5
2019-05-07T16:33:09,37.0,230.3,230.1,0.3,15470.0,243.5
2019-05-07T16:33:40,37.0,216.2,232.4,0.3,15470.0,243.5
2019-05-07T16:34:11,37.0,194.9,234.2,0.3,15480.0,242.5
2019-05-07T16:34:42,37.0,194.3,228.9,0.3,15480.0,243.5
2019-05-07T16:35:13,36.9,215.6,228.3,0.3,15490.0,242.5
2019-05-07T16:35:44,36.9,228.6,236.0,0.3,15490.0,244.4
2019-05-07T16:36:16,36.9,207.9,239.0,0.4,15500.0,244.4
2019-05-07T16:36:47,36.9,216.7,232.4,0.3,15500.0,245.4
2019-05-07T16:37:18,36.9,231.5,221.2,0.3,15500.0,244.4
2019-05-07T16:37:49,36.9,210.8,230.1,0.3,15510.0,244.4
2019-05-07T16:38:20,36.8,198.4,228.3,0.4,15510.0,244.4
2019-05-07T16:38:51,36.8,220.9,234.8,0.3,15520.0,245.4
2019-05-07T16:39:22,36.8,226.8,227.1,0.3,15520.0,244.4
2019-05-07T16:39:53,36.8,204.9,234.2,0.4,15520.0,244.4
2019-05-07T16:40:24,36.8,184.8,232.4,0.4,15530.0,244.4
2019-05-07T16:40:55,36.8,178.3,228.3,0.4,15530.0,244.4
2019-05-07T16:41:27,36.7,176.6,230.7,0.4,15530.0,244.4
2019-05-07T16:41:58,36.7,161.8,225.4,0.6,15540.0,244.4
2019-05-07T16:42:29,36.7,165.4,214.7,0.5,15540.0,244.4
2019-05-07T16:43:00,36.7,170.7,204.6,0.5,15540.0,243.5
2019-05-07T16:43:31,36.7,187.2,203.5,0.4,15540.0,245.4
2019-05-07T16:44:02,36.7,186.6,202.3,0.4,15540.0,244.4
2019-05-07T16:44:33,36.5,167.7,192.2,0.5,15540.0,243.5
2019-05-07T16:45:04,36.5,163.0,192.8,0.5,15550.0,244.4
2019-05-07T16:45:35,36.4,167.7,196.4,0.5,15550.0,243.5
2019-05-07T16:46:07,36.5,158.9,192.8,0.5,15550.0,243.5
2019-05-07T16:46:38,36.4,158.9,194.0,0.6,15550.0,243.5
2019-05-07T16:47:09,36.4,149.4,175.7,0.6,15550.0,242.5
2019-05-07T16:47:40,36.4,125.2,141.9,1.0,15550.0,243.5
2019-05-07T16:48:11,36.3,122.2,149.6,1.1,15550.0,243.5
2019-05-07T16:48:42,36.3,112.2,153.8,1.0,15560.0,244.4
2019-05-07T16:49:13,36.3,112.2,152.6,1.1,15560.0,244.4
2019-05-07T16:49:44,36.3,120.5,157.9,1.0,15560.0,242.5
2019-05-07T16:50:15,36.2,102.7,159.7,1.2,15560.0,243.5
2019-05-07T16:50:46,36.2,122.2,130.7,1.0,15560.0,243.5
2019-05-07T16:51:18,36.2,128.7,134.8,1.0,15570.0,243.5
2019-05-07T16:51:49,36.2,133.5,120.0,1.0,15570.0,242.5
2019-05-07T16:52:20,36.2,136.4,136.0,0.9,15570.0,242.5
2019-05-07T16:52:51,36.1,154.7,117.7,0.9,15570.0,243.5
2019-05-07T16:53:22,36.1,147.6,140.8,0.9,15570.0,244.4
2019-05-07T16:53:53,36.1,148.2,136.0,0.9,15580.0,243.5
2019-05-07T16:54:24,36.1,143.5,140.8,0.8,15580.0,242.5
2019-05-07T16:54:55,36.1,152.9,131.9,0.7,15580.0,243.5
2019-05-07T16:55:26,36.0,146.4,138.4,0.9,15580.0,242.5
2019-05-07T16:55:58,36.0,152.9,144.3,0.7,15580.0,242.5
2019-05-07T16:56:30,36.0,151.8,149.0,0.7,15580.0,244.4
2019-05-07T16:57:01,36.0,146.4,154.4,0.8,15590.0,243.5
2019-05-07T16:57:32,36.0,144.7,161.5,0.7,15590.0,243.5
2019-05-07T16:58:03,35.9,152.4,152.0,0.6,15590.0,243.5
2019-05-07T16:58:34,35.9,163.0,172.1,0.6,15590.0,241.5
2019-05-07T16:59:05,35.9,160.6,161.5,0.6,15590.0,241.5
2019-05-07T16:59:36,35.9,158.9,168.0,0.6,15590.0,242.5
2019-05-07T17:00:07,35.9,138.2,188.1,0.7,15600.0,242.5
2019-05-07T17:00:38,35.9,135.2,210.6,0.7,15600.0,242.5
2019-05-07T17:01:10,35.7,156.5,207.0,0.5,15600.0,242.5
2019-05-07T17:01:41,35.7,148.8,209.4,0.6,15600.0,243.5
2019-05-07T17:02:12,35.7,135.2,223.0,0.6,15600.0,242.5
2019-05-07T17:02:43,35.7,132.3,221.2,0.5,15600.0,241.5
2019-05-07T17:03:14,35.7,152.4,226.5,0.5,15610.0,241.5
2019-05-07T17:03:45,35.7,165.4,225.9,0.4,15610.0,241.5
2019-05-07T17:04:16,35.6,159.4,228.3,0.3,15610.0,243.5
2019-05-07T17:04:47,35.6,161.8,228.3,0.3,15610.0,240.6
2019-05-07T17:05:18,35.6,164.2,221.8,0.2,15610.0,242.5
2019-05-07T17:05:49,35.6,165.4,225.4,0.1,15610.0,242.5
2019-05-07T17:06:21,35.6,184.3,207.6,0.1,15610.0,243.5
2019-05-07T17:06:52,35.5,180.1,182.8,0.1,15610.0,242.5
2019-05-07T17:07:23,35.5,157.7,175.7,0.1,15610.0,242.5
2019-05-07T17:07:54,35.5,137.6,201.1,0.1,15610.0,243.5
2019-05-07T17:08:25,35.4,152.4,219.4,0.1,15610.0,242.5
2019-05-07T17:08:56,35.4,173.0,215.3,0.0,15610.0,243.5
2019-05-07T17:09:27,35.4,192.5,192.8,0.1,15610.0,243.5
2019-05-07T17:09:58,35.3,198.4,169.1,0.0,15610.0,242.5
2019-05-07T17:10:29,35.3,187.8,151.4,0.0,15610.0,243.5
2019-05-07T17:11:00,35.3,163.6,143.7,0.0,15610.0,242.5
2019-05-07T17:11:31,35.2,142.9,162.0,0.0,15610.0,243.5
2019-05-07T17:12:02,35.2,124.6,183.9,0.0,15610.0,242.5
2019-05-07T17:12:33,35.0,133.5,205.2,0.0,15610.0,241.5
2019-05-07T17:13:04,34.9,152.9,225.9,0.1,15610.0,241.5
2019-05-07T17:13:35,34.9,191.9,225.9,0.0,15610.0,240.6
2019-05-07T17:14:06,34.8,190.8,209.4,0.0,15610.0,241.5
2019-05-07T17:14:37,34.8,189.6,205.2,0.0,15610.0,241.5
2019-05-07T17:15:08,34.7,188.4,201.1,0.0,15610.0,241.5
2019-05-07T17:15:40,34.7,186.6,195.8,0.0,15610.0,242.5
2019-05-07T17:16:11,34.6,185.4,191.0,0.0,15610.0,240.6
2019-05-07T17:16:42,34.6,183.7,186.9,0.0,15610.0,241.5
2019-05-07T17:17:13,34.6,167.1,183.3,0.0,15610.0,239.6
2019-05-07T17:17:44,34.5,130.5,177.4,0.1,15610.0,238.6
2019-05-07T17:18:15,34.5,167.1,167.4,0.0,15610.0,239.6
2019-05-07T17:18:46,34.4,158.9,159.1,0.0,15610.0,240.6
2019-05-07T17:19:17,34.4,145.3,145.5,0.0,15610.0,241.5
2019-05-07T17:19:48,34.2,121.6,121.8,0.0,15610.0,240.6
