2019-05-26T06:35:30,14.0,142.3,142.5,0.0,0.0,242.5
2019-05-26T06:36:02,14.0,200.8,218.3,0.0,0.0,242.5
2019-05-26T06:36:33,14.0,202.0,222.4,0.0,0.0,242.5
2019-05-26T06:37:04,14.0,203.2,226.5,0.0,0.0,242.5
2019-05-26T06:37:35,14.0,204.3,228.9,0.0,0.0,241.5
2019-05-26T06:38:06,14.0,205.5,231.3,0.0,0.0,242.5
2019-05-26T06:38:37,14.0,206.7,233.0,0.0,0.0,243.5
2019-05-26T06:39:08,14.0,207.3,234.8,0.0,0.0,243.5
2019-05-26T06:39:39,14.0,208.5,237.2,0.0,0.0,243.5
2019-05-26T06:40:10,14.0,209.1,239.5,0.0,0.0,243.5
2019-05-26T06:40:42,14.0,210.2,242.5,0.0,0.0,240.6
2019-05-26T06:41:13,14.0,211.4,246.1,0.0,0.0,239.6
2019-05-26T06:41:44,14.0,211.4,246.6,0.0,0.0,240.6
2019-05-26T06:42:15,14.0,206.7,220.6,0.0,0.0,239.6
2019-05-26T06:42:46,14.0,213.8,244.3,0.0,0.0,239.6
2019-05-26T06:43:17,14.0,214.4,249.6,0.0,0.0,239.6
2019-05-26T06:43:48,14.0,215.6,250.2,0.0,0.0,238.6
2019-05-26T06:44:19,14.0,216.2,249.0,0.0,0.0,239.6
2019-05-26T06:44:50,14.0,217.3,252.0,0.0,0.0,238.6
2019-05-26T06:45:21,14.0,218.5,252.6,0.0,0.0,238.6
2019-05-26T06:45:53,14.0,213.8,253.7,0.0,0.0,238.6
2019-05-26T06:46:24,14.0,213.8,253.7,0.0,0.0,238.6
2019-05-26T06:46:55,14.3,197.3,236.0,0.1,0.0,239.6
2019-05-26T06:47:26,14.3,178.3,220.0,0.1,0.0,239.6
2019-05-26T06:47:57,14.3,160.0,198.7,0.1,0.0,239.6
2019-05-26T06:48:28,14.3,138.8,177.4,0.1,0.0,238.6
2019-05-26T06:48:59,14.3,117.5,157.9,0.1,0.0,242.5
2019-05-26T06:49:30,14.3,126.4,136.6,0.1,0.0,241.5
2019-05-26T06:50:01,14.3,148.2,145.5,0.1,0.0,242.5
2019-05-26T06:50:33,14.3,170.1,167.4,0.1,0.0,241.5
2019-05-26T06:51:04,14.3,191.3,188.1,0.2,0.0,242.5
2019-05-26T06:51:35,14.3,210.2,208.2,0.1,0.0,241.5
2019-05-26T06:52:06,14.3,192.5,229.5,0.1,0.0,240.6
2019-05-26T06:52:37,14.7,172.4,244.9,0.2,0.0,241.5
2019-05-26T06:53:08,14.7,152.9,223.0,0.2,0.0,241.5
2019-05-26T06:53:39,14.7,131.1,201.7,0.2,0.0,243.5
2019-05-26T06:54:10,15.1,115.1,185.7,0.2,0.0,242.5
2019-05-26T06:54:41,14.7,135.2,204.6,0.2,0.0,241.5
2019-05-26T06:55:12,14.7,157.1,225.9,0.2,0.0,242.5
2019-05-26T06:55:44,14.7,180.7,244.3,0.2,0.0,242.5
2019-05-26T06:56:15,14.7,201.4,220.6,0.2,0.0,241.5
2019-05-26T06:56:46,14.7,213.8,199.9,0.2,0.0,241.5
2019-05-26T06:57:17,14.7,192.5,178.6,0.2,0.0,241.5
2019-05-26T06:57:48,15.4,170.7,185.7,0.2,0.0,243.5
2019-05-26T06:58:19,15.1,174.8,207.0,0.2,0.0,241.5
2019-05-26T06:58:50,15.1,196.7,228.3,0.2,0.0,241.5
2019-05-26T06:59:21,15.1,202.6,237.2,0.2,0.0,241.5
2019-05-26T06:59:52,15.1,183.1,215.3,0.2,0.0,240.6
2019-05-26T07:00:23,15.4,161.8,195.8,0.3,10.0,241.5
2019-05-26T07:00:55,15.1,141.7,191.6,0.3,10.0,242.5
2019-05-26T07:01:26,15.4,149.4,213.5,0.3,10.0,243.5
2019-05-26T07:01:57,15.4,172.4,234.8,0.3,10.0,243.5
2019-05-26T07:02:28,15.4,193.7,236.6,0.3,10.0,242.5
2019-05-26T07:02:59,15.4,209.7,215.9,0.2,10.0,242.5
2019-05-26T07:03:30,15.4,188.4,217.7,0.2,10.0,241.5
2019-05-26T07:04:01,15.8,206.7,238.4,0.2,10.0,241.5
2019-05-26T07:04:32,15.8,212.0,225.9,0.2,10.0,243.5
2019-05-26T07:05:03,15.8,189.0,204.1,0.3,10.0,240.6
2019-05-26T07:05:35,15.8,185.4,184.5,0.3,10.0,242.5
2019-05-26T07:06:06,15.8,207.9,203.5,0.3,10.0,241.5
2019-05-26T07:06:37,15.8,213.8,211.2,0.3,10.0,241.5
2019-05-26T07:07:08,15.8,192.5,191.0,0.3,10.0,240.6
2019-05-26T07:07:39,16.2,171.9,181.6,0.3,10.0,242.5
2019-05-26T07:08:10,16.2,184.8,203.5,0.3,10.0,242.5
2019-05-26T07:08:41,16.2,205.5,224.2,0.3,20.0,242.5
2019-05-26T07:09:12,16.2,212.6,244.9,0.3,20.0,243.5
2019-05-26T07:09:43,16.2,190.2,225.9,0.3,20.0,242.5
2019-05-26T07:10:14,16.2,196.1,216.5,0.2,20.0,241.5
2019-05-26T07:10:46,16.5,203.2,231.3,0.2,20.0,242.5
2019-05-26T07:11:17,16.5,182.5,210.6,0.2,20.0,241.5
2019-05-26T07:11:48,16.5,193.1,197.0,0.2,20.0,241.5
2019-05-26T07:12:19,16.5,213.2,218.8,0.1,20.0,241.5
2019-05-26T07:12:50,16.5,201.4,237.8,0.2,20.0,240.6
2019-05-26T07:13:21,16.5,180.1,234.8,0.2,20.0,241.5
2019-05-26T07:13:52,16.9,159.4,214.1,0.2,20.0,240.6
2019-05-26T07:14:23,16.9,173.0,194.6,0.2,20.0,241.5
2019-05-26T07:14:54,16.9,193.7,173.3,0.2,20.0,243.5
2019-05-26T07:15:25,16.9,214.4,186.9,0.1,20.0,242.5
2019-05-26T07:15:57,16.9,203.7,207.0,0.2,20.0,242.5
2019-05-26T07:16:28,17.3,182.5,229.5,0.2,20.0,242.5
2019-05-26T07:16:59,17.3,162.4,242.5,0.2,20.0,242.5
2019-05-26T07:17:30,17.3,164.2,221.2,0.2,30.0,243.5
2019-05-26T07:18:01,17.3,186.0,199.3,0.2,30.0,241.5
2019-05-26T07:18:32,17.3,206.7,179.8,0.2,30.0,241.5
2019-05-26T07:19:03,17.3,215.0,183.3,0.2,30.0,242.5
2019-05-26T07:19:34,17.6,193.7,207.0,0.2,30.0,241.5
2019-05-26T07:20:05,17.6,173.0,227.7,0.2,30.0,242.5
2019-05-26T07:20:37,17.6,158.9,225.9,0.2,30.0,242.5
2019-05-26T07:21:08,17.6,181.3,204.6,0.3,30.0,242.5
2019-05-26T07:21:39,17.6,203.7,183.3,0.2,30.0,241.5
2019-05-26T07:22:10,17.6,223.2,207.0,0.2,30.0,241.5
2019-05-26T07:22:41,17.6,196.7,231.3,0.4,30.0,241.5
2019-05-26T07:23:12,18.0,176.0,251.4,0.5,30.0,241.5
2019-05-26T07:23:43,18.0,159.4,228.3,0.4,30.0,242.5
2019-05-26T07:24:14,18.0,181.9,208.2,0.5,40.0,240.6
2019-05-26T07:24:45,18.0,204.9,195.2,0.5,40.0,242.5
2019-05-26T07:25:16,18.0,213.8,190.4,0.4,40.0,241.5
2019-05-26T07:25:48,18.4,206.7,212.9,0.4,40.0,240.6
2019-05-26T07:26:19,18.4,189.6,236.0,0.5,40.0,240.6
2019-05-26T07:26:50,18.4,210.8,241.9,0.4,40.0,240.6
2019-05-26T07:27:21,18.4,212.0,219.4,0.5,40.0,240.6
2019-05-26T07:27:52,18.4,213.2,230.7,0.4,50.0,240.6
2019-05-26T07:28:23,18.7,207.3,239.0,0.3,50.0,241.5
2019-05-26T07:28:54,18.7,201.4,236.0,0.3,50.0,241.5
2019-05-26T07:29:25,18.7,180.7,242.5,0.3,50.0,241.5
2019-05-26T07:29:56,18.7,164.8,220.6,0.4,50.0,240.6
2019-05-26T07:30:27,19.1,188.4,199.9,0.4,50.0,240.6
2019-05-26T07:30:59,19.1,209.1,201.1,0.3,50.0,240.6
2019-05-26T07:31:30,18.7,206.7,223.0,0.3,50.0,240.6
2019-05-26T07:32:01,19.1,193.1,239.5,0.3,50.0,239.6
2019-05-26T07:32:32,19.1,213.8,217.7,0.3,60.0,237.7
2019-05-26T07:33:03,19.1,211.4,199.3,0.3,60.0,237.7
2019-05-26T07:33:34,19.1,193.1,221.2,0.4,60.0,239.6
2019-05-26T07:34:05,19.1,212.0,233.0,0.4,60.0,240.6
2019-05-26T07:34:36,19.5,215.0,247.8,0.3,60.0,240.6
2019-05-26T07:35:07,19.5,194.9,225.9,0.4,60.0,240.6
2019-05-26T07:35:39,19.5,173.0,205.2,0.5,60.0,242.5
2019-05-26T07:36:10,19.5,151.8,198.7,0.5,70.0,243.5
2019-05-26T07:36:41,19.8,144.7,223.0,0.6,70.0,242.5
2019-05-26T07:37:12,19.8,166.5,244.3,0.6,70.0,240.6
2019-05-26T07:37:43,19.8,189.0,234.2,0.5,70.0,240.6
2019-05-26T07:38:14,19.8,211.4,230.1,0.5,70.0,241.5
2019-05-26T07:38:45,19.8,223.2,250.8,0.4,70.0,243.5
2019-05-26T07:39:16,20.2,199.0,228.3,0.5,80.0,244.4
2019-05-26T07:39:47,20.2,178.9,234.8,0.5,80.0,244.4
2019-05-26T07:40:18,20.2,196.7,245.5,0.5,80.0,243.5
2019-05-26T07:40:50,20.2,182.5,227.1,0.5,80.0,243.5
2019-05-26T07:41:21,20.6,193.1,244.3,0.5,80.0,243.5
2019-05-26T07:41:52,20.6,213.8,225.4,0.5,90.0,241.5
2019-05-26T07:42:23,20.6,209.7,246.6,0.5,90.0,242.5
2019-05-26T07:42:54,20.6,217.9,225.4,0.4,90.0,241.5
2019-05-26T07:43:25,20.6,209.1,205.8,0.4,90.0,241.5
2019-05-26T07:43:56,20.9,187.8,219.4,0.5,90.0,241.5
2019-05-26T07:44:27,20.9,169.5,241.9,0.5,90.0,242.5
2019-05-26T07:44:58,20.9,189.6,239.5,0.5,100.0,242.5
2019-05-26T07:45:29,20.9,210.8,223.0,0.4,100.0,242.5
2019-05-26T07:46:01,20.9,217.3,244.9,0.5,100.0,241.5
2019-05-26T07:46:32,21.3,197.3,235.4,0.5,100.0,242.5
2019-05-26T07:47:03,21.3,176.6,215.9,0.5,100.0,243.5
2019-05-26T07:47:34,21.3,155.3,235.4,0.6,100.0,242.5
2019-05-26T07:48:05,21.3,177.2,250.2,0.6,110.0,241.5
2019-05-26T07:48:36,21.3,197.3,228.3,0.5,110.0,243.5
2019-05-26T07:49:07,21.7,222.1,207.0,0.6,110.0,242.5
2019-05-26T07:49:38,21.7,206.7,230.1,0.6,110.0,241.5
2019-05-26T07:50:09,21.7,186.6,252.6,0.7,120.0,241.5
2019-05-26T07:50:40,21.7,165.9,231.3,0.7,120.0,242.5
2019-05-26T07:51:12,21.7,177.8,235.4,0.7,120.0,242.5
2019-05-26T07:51:43,21.7,189.0,240.1,0.7,120.0,242.5
2019-05-26T07:52:14,22.0,194.9,223.6,0.7,130.0,242.5
2019-05-26T07:52:45,22.0,215.0,244.9,0.6,130.0,243.5
2019-05-26T07:53:16,22.0,213.2,232.4,0.6,130.0,242.5
2019-05-26T07:53:47,22.4,217.3,245.5,0.6,130.0,242.5
2019-05-26T07:54:18,22.4,212.0,234.8,0.7,140.0,241.5
2019-05-26T07:54:49,22.4,218.5,244.3,0.6,140.0,240.6
2019-05-26T07:55:20,22.4,209.1,235.4,0.6,140.0,241.5
2019-05-26T07:55:51,22.8,225.0,224.8,0.6,140.0,241.5
2019-05-26T07:56:23,22.8,202.0,248.4,0.7,150.0,241.5
2019-05-26T07:56:54,22.8,222.7,231.9,0.6,150.0,241.5
2019-05-26T07:57:25,22.8,204.3,236.6,0.7,150.0,241.5
2019-05-26T07:57:56,23.1,173.6,264.4,1.4,160.0,243.5
2019-05-26T07:58:27,23.1,187.8,248.4,1.5,160.0,244.4
2019-05-26T07:58:58,23.1,181.3,237.8,1.7,170.0,243.5
2019-05-26T07:59:29,23.1,189.0,232.4,1.5,170.0,244.4
2019-05-26T08:00:00,23.5,197.3,245.5,1.3,180.0,242.5
2019-05-26T08:00:31,23.5,199.0,247.8,1.2,180.0,243.5
2019-05-26T08:01:03,23.5,181.3,230.1,1.3,180.0,242.5
2019-05-26T08:01:34,23.9,159.4,246.1,1.6,190.0,243.5
2019-05-26T08:02:05,23.9,184.8,244.3,1.5,190.0,242.5
2019-05-26T08:02:36,23.9,205.5,244.3,1.4,200.0,240.6
2019-05-26T08:03:07,23.9,222.1,245.5,1.3,200.0,241.5
2019-05-26T08:03:38,23.9,219.7,241.9,0.9,210.0,240.6
2019-05-26T08:04:09,23.9,212.0,234.8,0.9,210.0,241.5
2019-05-26T08:04:40,23.9,214.4,237.8,0.8,220.0,241.5
2019-05-26T08:05:11,23.9,217.9,250.8,0.7,220.0,240.6
2019-05-26T08:05:42,23.9,217.3,230.7,0.8,220.0,239.6
2019-05-26T08:06:14,23.9,219.1,237.8,0.8,220.0,241.5
2019-05-26T08:06:45,23.9,204.9,244.3,0.8,230.0,241.5
2019-05-26T08:07:16,23.9,177.2,218.8,1.3,230.0,242.5
2019-05-26T08:07:47,23.9,187.8,239.5,1.2,240.0,242.5
2019-05-26T08:08:18,23.9,187.8,239.5,0.9,240.0,241.5
2019-05-26T08:08:49,23.9,191.9,234.2,0.8,240.0,240.6
2019-05-26T08:09:20,23.9,193.1,225.9,0.8,250.0,239.6
2019-05-26T08:09:51,24.2,173.6,248.4,0.9,250.0,240.6
2019-05-26T08:10:22,24.2,185.4,240.1,0.9,250.0,240.6
2019-05-26T08:10:54,24.2,196.1,233.6,0.9,260.0,241.5
2019-05-26T08:11:25,24.6,173.6,241.3,0.9,260.0,241.5
2019-05-26T08:11:56,24.6,176.0,231.9,0.9,260.0,242.5
2019-05-26T08:12:27,24.6,196.7,245.5,0.8,260.0,241.5
2019-05-26T08:12:58,24.6,218.5,231.9,0.8,270.0,240.6
2019-05-26T08:13:29,24.6,209.7,234.8,0.7,270.0,240.6
2019-05-26T08:14:00,24.6,219.7,243.7,0.8,270.0,241.5
2019-05-26T08:14:31,25.0,215.6,225.9,0.7,280.0,241.5
2019-05-26T08:15:02,25.0,213.8,248.4,0.8,280.0,240.6
2019-05-26T08:15:34,25.0,213.8,228.3,0.8,280.0,240.6
2019-05-26T08:16:05,25.3,215.0,231.9,0.7,290.0,241.5
2019-05-26T08:16:36,25.3,204.3,232.4,0.8,290.0,240.6
2019-05-26T08:17:07,25.3,217.9,246.6,0.8,290.0,240.6
2019-05-26T08:17:38,25.3,223.2,230.7,0.7,300.0,241.5
2019-05-26T08:18:09,25.3,220.9,243.7,0.8,300.0,241.5
2019-05-26T08:18:40,25.3,209.7,228.3,0.8,300.0,242.5
2019-05-26T08:19:11,25.3,217.9,249.6,0.8,310.0,241.5
2019-05-26T08:19:42,25.7,214.4,228.3,0.8,310.0,243.5
2019-05-26T08:20:13,25.7,216.2,241.3,0.9,310.0,243.5
2019-05-26T08:20:45,25.7,213.8,230.7,0.9,320.0,244.4
2019-05-26T08:21:16,25.3,207.9,250.2,0.9,320.0,243.5
2019-05-26T08:21:47,25.7,220.3,234.2,0.9,320.0,242.5
2019-05-26T08:22:18,25.7,209.1,239.5,0.9,330.0,243.5
2019-05-26T08:22:49,25.7,225.0,225.4,0.8,330.0,243.5
2019-05-26T08:23:20,25.7,222.7,246.6,0.9,340.0,244.4
2019-05-26T08:23:51,25.7,222.1,241.3,0.8,340.0,244.4
2019-05-26T08:24:22,25.7,213.2,235.4,0.9,340.0,243.5
2019-05-26T08:24:53,25.3,218.5,241.3,0.9,350.0,243.5
2019-05-26T08:25:24,25.3,209.7,224.2,0.9,350.0,243.5
2019-05-26T08:25:56,25.3,217.3,243.1,1.0,350.0,243.5
2019-05-26T08:26:27,25.3,218.5,230.7,0.9,360.0,243.5
2019-05-26T08:26:58,25.7,210.8,240.1,0.9,360.0,244.4
2019-05-26T08:27:29,25.7,213.8,235.4,0.9,360.0,244.4
2019-05-26T08:28:00,25.7,211.4,251.4,0.9,370.0,244.4
2019-05-26T08:28:31,25.7,213.8,244.3,1.0,370.0,245.4
2019-05-26T08:29:02,26.1,215.6,221.2,0.9,380.0,245.4
2019-05-26T08:29:33,26.1,217.3,241.9,0.9,380.0,244.4
2019-05-26T08:30:04,26.1,219.1,234.2,1.0,380.0,245.4
2019-05-26T08:30:36,25.7,210.2,233.0,0.9,390.0,244.4
2019-05-26T08:31:07,26.1,219.7,240.7,0.9,390.0,244.4
2019-05-26T08:31:38,26.1,223.2,224.8,0.9,400.0,245.4
2019-05-26T08:32:09,26.1,212.0,237.8,1.0,400.0,245.4
2019-05-26T08:32:40,26.4,217.9,233.0,0.9,400.0,244.4
2019-05-26T08:33:11,26.4,217.9,244.9,0.9,410.0,243.5
2019-05-26T08:33:42,26.8,213.2,228.3,1.0,410.0,243.5
2019-05-26T08:34:13,26.8,215.6,242.5,0.9,410.0,245.4
2019-05-26T08:34:44,26.8,222.1,234.8,0.9,420.0,245.4
2019-05-26T08:35:15,27.2,209.1,239.5,1.0,420.0,244.4
2019-05-26T08:35:47,27.2,219.7,225.4,1.0,430.0,243.5
2019-05-26T08:36:18,27.2,217.9,248.4,0.9,430.0,244.4
2019-05-26T08:36:49,26.8,210.8,228.9,1.0,430.0,244.4
2019-05-26T08:37:20,26.8,224.4,241.3,0.9,440.0,243.5
2019-05-26T08:37:51,26.8,213.2,234.2,1.0,440.0,243.5
2019-05-26T08:38:22,26.8,216.7,257.9,1.1,450.0,245.4
2019-05-26T08:38:53,26.8,212.0,246.1,1.0,450.0,244.4
2019-05-26T08:39:24,26.8,225.0,243.7,0.9,460.0,243.5
2019-05-26T08:39:55,27.2,225.0,228.9,1.0,460.0,243.5
2019-05-26T08:40:26,27.2,220.9,247.8,1.0,460.0,240.6
2019-05-26T08:40:58,27.2,216.2,225.9,1.0,470.0,242.5
2019-05-26T08:41:29,27.5,214.4,246.1,0.9,470.0,242.5
2019-05-26T08:42:00,27.5,219.7,246.1,1.0,480.0,240.6
2019-05-26T08:42:31,27.9,212.0,227.1,1.1,480.0,241.5
2019-05-26T08:43:02,27.9,225.6,241.3,1.0,480.0,242.5
2019-05-26T08:43:33,27.9,219.7,239.5,1.0,490.0,241.5
2019-05-26T08:44:04,27.9,215.0,237.2,1.0,490.0,240.6
2019-05-26T08:44:35,27.9,216.7,236.0,1.1,500.0,241.5
2019-05-26T08:45:06,27.9,223.2,240.1,1.0,500.0,241.5
2019-05-26T08:45:38,28.3,210.2,233.6,1.0,510.0,241.5
2019-05-26T08:46:09,28.3,220.9,239.0,1.1,510.0,242.5
2019-05-26T08:46:40,28.3,226.2,237.2,1.0,520.0,242.5
2019-05-26T08:47:11,28.3,213.8,234.2,1.1,520.0,242.5
2019-05-26T08:47:42,28.3,215.0,241.3,1.0,520.0,243.5
2019-05-26T08:48:13,28.3,214.4,232.4,1.0,530.0,241.5
2019-05-26T08:48:44,28.3,221.5,239.0,1.1,530.0,242.5
2019-05-26T08:49:15,27.9,219.1,241.3,1.1,540.0,242.5
2019-05-26T08:49:46,27.9,224.4,233.0,1.1,540.0,241.5
2019-05-26T08:50:17,27.9,217.9,239.5,1.1,550.0,243.5
2019-05-26T08:50:49,28.3,216.7,234.2,1.1,550.0,242.5
2019-05-26T08:51:20,28.3,216.2,238.4,1.1,560.0,242.5
2019-05-26T08:51:51,27.9,225.6,235.4,1.1,560.0,241.5
2019-05-26T08:52:22,27.9,224.4,237.2,1.1,570.0,242.5
2019-05-26T08:52:53,27.9,216.2,237.2,1.2,570.0,239.6
2019-05-26T08:53:24,27.9,218.5,235.4,1.2,580.0,241.5
2019-05-26T08:53:55,27.9,219.7,237.2,1.3,580.0,240.6
2019-05-26T08:54:26,27.9,222.7,248.4,1.1,590.0,241.5
2019-05-26T08:54:57,27.9,222.1,225.9,1.3,590.0,240.6
2019-05-26T08:55:28,27.9,214.4,249.6,1.3,600.0,241.5
2019-05-26T08:56:00,27.9,226.8,241.3,1.1,600.0,242.5
2019-05-26T08:56:31,28.3,225.6,232.4,1.3,610.0,239.6
2019-05-26T08:57:02,28.3,223.2,244.3,1.3,610.0,239.6
2019-05-26T08:57:33,28.3,211.4,228.3,1.4,620.0,241.5
2019-05-26T08:58:04,28.6,220.9,241.3,1.4,620.0,239.6
2019-05-26T08:58:35,28.6,219.7,239.5,1.5,630.0,238.6
2019-05-26T08:59:06,28.6,223.2,226.5,1.4,640.0,241.5
2019-05-26T08:59:37,28.6,215.0,248.4,1.6,640.0,239.6
2019-05-26T09:00:08,29.0,184.3,216.5,2.5,650.0,242.5
2019-05-26T09:00:39,29.0,183.1,227.1,1.8,660.0,239.6
2019-05-26T09:01:11,29.4,174.8,243.7,1.8,660.0,238.6
2019-05-26T09:01:42,29.4,192.5,236.0,1.6,670.0,240.6
2019-05-26T09:02:13,29.7,193.7,238.4,1.5,670.0,240.6
2019-05-26T09:02:44,29.7,192.5,232.4,1.6,680.0,239.6
2019-05-26T09:03:15,30.1,193.1,243.7,1.5,680.0,239.6
2019-05-26T09:03:46,30.1,192.5,225.9,1.5,690.0,236.7
2019-05-26T09:04:17,30.1,193.7,240.1,1.5,690.0,239.6
2019-05-26T09:04:48,30.1,194.9,227.7,1.6,700.0,238.6
2019-05-26T09:05:19,30.1,200.2,244.3,1.5,710.0,238.6
2019-05-26T09:05:50,30.1,200.2,227.1,1.5,710.0,238.6
2019-05-26T09:06:22,30.1,201.4,244.9,1.5,720.0,238.6
2019-05-26T09:06:53,30.2,180.7,223.0,1.8,720.0,239.6
2019-05-26T09:07:24,30.2,176.0,228.3,1.7,730.0,239.6
2019-05-26T09:07:55,30.2,197.8,243.1,1.6,730.0,240.6
2019-05-26T09:08:26,30.3,203.2,243.7,1.5,740.0,239.6
2019-05-26T09:08:57,30.3,225.0,232.4,1.5,750.0,238.6
2019-05-26T09:09:28,30.3,223.8,234.8,1.5,750.0,238.6
2019-05-26T09:09:59,30.4,216.2,239.0,1.5,760.0,239.6
2019-05-26T09:10:30,30.4,212.0,233.6,1.5,760.0,239.6
2019-05-26T09:11:01,30.4,211.4,250.8,1.8,770.0,240.6
2019-05-26T09:11:32,30.5,217.9,237.8,1.6,770.0,238.6
2019-05-26T09:12:03,30.5,217.3,233.0,1.5,780.0,241.5
2019-05-26T09:12:34,30.5,217.9,231.9,1.5,790.0,241.5
2019-05-26T09:13:05,30.5,217.9,233.0,1.4,790.0,241.5
2019-05-26T09:13:36,30.7,219.7,239.0,1.3,800.0,239.6
2019-05-26T09:14:07,30.7,223.2,245.5,1.3,800.0,241.5
2019-05-26T09:14:38,30.7,218.5,234.2,1.3,810.0,241.5
2019-05-26T09:15:09,30.8,216.2,231.9,1.4,810.0,240.6
2019-05-26T09:15:41,30.8,211.4,234.8,1.3,820.0,240.6
2019-05-26T09:16:12,30.8,215.0,233.6,1.2,820.0,242.5
2019-05-26T09:16:43,30.8,217.9,238.4,1.2,830.0,241.5
2019-05-26T09:17:14,30.8,216.2,228.3,1.2,830.0,241.5
2019-05-26T09:17:45,30.8,218.5,241.3,1.2,830.0,242.5
2019-05-26T09:18:16,30.9,213.8,235.4,1.2,840.0,242.5
2019-05-26T09:18:47,30.9,222.1,244.9,1.0,840.0,241.5
2019-05-26T09:19:18,30.9,209.7,225.9,1.1,850.0,240.6
2019-05-26T09:19:49,30.9,204.9,249.6,1.1,850.0,241.5
2019-05-26T09:20:20,30.9,207.3,241.9,0.9,850.0,240.6
2019-05-26T09:20:52,30.9,206.1,219.4,1.1,860.0,239.6
2019-05-26T09:21:23,30.9,201.4,216.5,1.2,860.0,240.6
2019-05-26T09:21:54,31.0,228.6,251.4,1.1,870.0,240.6
2019-05-26T09:22:25,31.0,219.7,247.8,1.1,870.0,240.6
2019-05-26T09:22:56,31.0,193.1,218.8,2.2,870.0,242.5
2019-05-26T09:23:27,31.0,179.5,206.4,1.9,880.0,240.6
2019-05-26T09:23:58,31.0,149.4,239.5,3.0,890.0,242.5
2019-05-26T09:24:29,31.1,152.4,244.9,4.0,900.0,243.5
2019-05-26T09:25:00,31.1,185.4,239.0,3.6,910.0,242.5
2019-05-26T09:25:32,31.1,217.3,239.5,3.5,920.0,243.5
2019-05-26T09:26:03,31.1,215.6,237.8,3.4,940.0,244.4
2019-05-26T09:26:34,31.1,219.1,244.3,3.3,950.0,242.5
2019-05-26T09:27:05,31.2,217.9,235.4,3.3,960.0,244.4
2019-05-26T09:27:36,31.2,218.5,235.4,3.3,970.0,244.4
2019-05-26T09:28:07,31.4,217.9,239.5,3.3,990.0,243.5
2019-05-26T09:28:38,31.2,210.8,244.9,3.5,1000.0,245.4
2019-05-26T09:29:09,31.2,214.4,238.4,3.4,1010.0,243.5
2019-05-26T09:29:41,31.2,210.8,230.1,3.5,1020.0,243.5
2019-05-26T09:30:12,31.4,217.9,234.2,3.4,1030.0,243.5
2019-05-26T09:30:43,31.4,213.8,234.8,3.5,1050.0,244.4
2019-05-26T09:31:15,31.5,213.2,237.2,3.4,1060.0,242.5
2019-05-26T09:31:46,31.5,209.1,242.5,3.5,1070.0,243.5
2019-05-26T09:32:17,31.6,215.0,236.0,3.4,1080.0,243.5
2019-05-26T09:32:48,31.7,210.2,228.9,3.5,1100.0,244.4
2019-05-26T09:33:19,31.6,213.8,233.0,3.5,1110.0,243.5
2019-05-26T09:33:50,31.6,209.7,235.4,3.5,1120.0,244.4
2019-05-26T09:34:21,31.7,214.4,238.4,3.5,1130.0,243.5
2019-05-26T09:34:52,31.7,206.7,231.3,3.6,1150.0,243.5
2019-05-26T09:35:23,31.7,215.0,227.1,3.5,1160.0,244.4
2019-05-26T09:35:54,31.7,210.2,234.2,3.5,1170.0,243.5
2019-05-26T09:36:26,31.6,209.7,236.0,3.7,1180.0,244.4
2019-05-26T09:36:57,31.6,210.8,237.8,3.7,1200.0,243.5
2019-05-26T09:37:28,31.5,210.8,238.4,3.6,1210.0,242.5
2019-05-26T09:37:59,31.5,215.0,234.2,3.7,1220.0,243.5
2019-05-26T09:38:30,31.5,213.2,240.1,3.7,1240.0,242.5
2019-05-26T09:39:01,31.4,216.7,239.5,3.5,1250.0,245.4
2019-05-26T09:39:32,31.4,213.2,239.0,3.6,1260.0,244.4
2019-05-26T09:40:03,31.4,210.2,239.0,3.7,1280.0,242.5
2019-05-26T09:40:34,31.4,210.2,233.0,3.8,1290.0,242.5
2019-05-26T09:41:06,31.5,215.6,232.4,3.6,1300.0,243.5
2019-05-26T09:41:37,31.5,211.4,227.7,3.7,1310.0,244.4
2019-05-26T09:42:08,31.6,213.2,228.9,3.7,1330.0,243.5
2019-05-26T09:42:39,31.7,209.1,225.9,3.8,1340.0,245.4
2019-05-26T09:43:10,31.8,213.2,228.9,3.7,1350.0,244.4
2019-05-26T09:43:41,31.8,213.2,236.6,3.7,1370.0,244.4
2019-05-26T09:44:12,31.9,205.5,239.0,3.8,1380.0,244.4
2019-05-26T09:44:43,32.0,214.4,233.6,3.8,1390.0,244.4
2019-05-26T09:45:14,32.0,210.2,225.9,3.8,1410.0,244.4
2019-05-26T09:45:45,32.2,206.7,237.2,4.0,1420.0,244.4
2019-05-26T09:46:17,32.2,207.3,227.1,3.9,1440.0,244.4
2019-05-26T09:46:48,32.2,209.1,234.8,3.8,1450.0,243.5
2019-05-26T09:47:19,32.2,215.0,227.7,3.8,1460.0,243.5
2019-05-26T09:47:50,32.2,212.6,228.3,3.9,1480.0,244.4
2019-05-26T09:48:21,32.3,206.7,231.3,3.9,1490.0,244.4
2019-05-26T09:48:52,32.3,209.7,233.0,4.0,1500.0,243.5
2019-05-26T09:49:23,32.3,208.5,237.2,4.0,1520.0,243.5
2019-05-26T09:49:54,32.4,206.7,230.7,4.0,1530.0,245.4
2019-05-26T09:50:25,32.4,212.6,234.2,4.0,1550.0,243.5
2019-05-26T09:50:56,32.4,209.7,224.8,4.0,1560.0,244.4
2019-05-26T09:51:28,32.5,210.8,223.6,3.9,1580.0,243.5
2019-05-26T09:51:59,32.5,205.5,231.3,4.0,1590.0,245.4
2019-05-26T09:52:30,32.6,208.5,228.9,4.0,1600.0,243.5
2019-05-26T09:53:01,32.7,213.8,232.4,3.9,1620.0,245.4
2019-05-26T09:53:32,32.7,205.5,236.6,4.1,1630.0,245.4
2019-05-26T09:54:03,32.9,207.3,227.7,4.0,1650.0,243.5
2019-05-26T09:54:34,32.9,210.2,222.4,4.1,1660.0,244.4
2019-05-26T09:55:05,32.9,205.5,230.1,4.1,1670.0,243.5
2019-05-26T09:55:36,32.7,210.2,227.7,4.1,1690.0,246.4
2019-05-26T09:56:08,32.6,208.5,237.2,4.1,1700.0,246.4
2019-05-26T09:56:39,32.7,204.9,233.0,4.1,1720.0,244.4
2019-05-26T09:57:10,32.7,209.1,225.9,4.2,1730.0,245.4
2019-05-26T09:57:41,32.7,210.8,231.9,4.0,1750.0,245.4
2019-05-26T09:58:12,32.9,210.8,223.0,4.1,1760.0,244.4
2019-05-26T09:58:43,32.9,206.7,228.9,4.2,1780.0,246.4
2019-05-26T09:59:14,32.9,210.8,228.3,4.2,1790.0,246.4
2019-05-26T09:59:45,32.9,207.9,233.0,4.2,1810.0,246.4
2019-05-26T10:00:16,32.9,209.7,233.0,4.3,1820.0,245.4
2019-05-26T10:00:47,33.0,210.8,224.8,4.3,1840.0,245.4
2019-05-26T10:01:19,33.0,204.9,231.3,4.2,1850.0,245.4
2019-05-26T10:01:50,33.1,206.1,222.4,4.3,1870.0,245.4
2019-05-26T10:02:21,33.2,210.8,224.8,4.3,1880.0,244.4
2019-05-26T10:02:52,33.2,207.3,227.7,4.4,1900.0,244.4
2019-05-26T10:03:23,33.3,210.8,233.6,4.3,1910.0,245.4
2019-05-26T10:03:54,33.3,209.1,234.2,4.4,1930.0,243.5
2019-05-26T10:04:25,33.4,212.6,236.0,4.3,1940.0,244.4
2019-05-26T10:04:56,33.4,206.7,231.3,4.4,1960.0,244.4
2019-05-26T10:05:27,33.5,207.3,231.3,4.3,1970.0,244.4
2019-05-26T10:05:58,33.5,209.7,224.8,4.4,1990.0,242.5
2019-05-26T10:06:30,33.4,202.6,232.4,4.5,2000.0,244.4
2019-05-26T10:07:01,33.4,206.1,231.9,4.5,2020.0,244.4
2019-05-26T10:07:32,33.5,203.7,230.1,4.4,2030.0,243.5
2019-05-26T10:08:03,33.5,207.9,234.8,4.5,2050.0,243.5
2019-05-26T10:08:34,33.5,204.9,232.4,4.5,2060.0,244.4
2019-05-26T10:09:05,33.5,209.1,231.9,4.4,2080.0,245.4
2019-05-26T10:09:36,33.5,204.3,232.4,4.5,2090.0,242.5
2019-05-26T10:10:07,33.5,209.1,233.0,4.4,2110.0,244.4
2019-05-26T10:10:38,33.5,204.3,224.2,4.6,2120.0,243.5
2019-05-26T10:11:10,33.4,207.3,223.0,4.5,2140.0,244.4
2019-05-26T10:11:41,33.5,209.1,226.5,4.5,2160.0,243.5
2019-05-26T10:12:12,33.7,207.9,232.4,4.5,2170.0,244.4
2019-05-26T10:12:43,33.8,202.0,228.9,4.5,2190.0,244.4
2019-05-26T10:13:14,33.8,209.1,234.2,4.6,2200.0,243.5
2019-05-26T10:13:45,33.9,206.1,228.3,4.5,2220.0,245.4
2019-05-26T10:14:16,33.9,203.2,227.7,4.6,2230.0,246.4
2019-05-26T10:14:47,33.9,204.3,220.6,4.6,2250.0,242.5
2019-05-26T10:15:18,34.0,206.7,221.8,4.6,2270.0,243.5
2019-05-26T10:15:49,34.0,206.1,227.1,4.7,2280.0,245.4
2019-05-26T10:16:21,34.0,207.3,232.4,4.5,2300.0,244.4
2019-05-26T10:16:52,34.0,209.7,227.7,4.4,2310.0,245.4
2019-05-26T10:17:23,34.0,202.6,218.8,4.7,2330.0,246.4
2019-05-26T10:17:54,34.1,208.5,228.3,4.7,2350.0,246.4
2019-05-26T10:18:25,34.0,204.3,228.3,4.6,2360.0,244.4
2019-05-26T10:18:56,34.0,209.1,224.2,4.5,2380.0,244.4
2019-05-26T10:19:27,34.1,207.9,220.0,4.7,2390.0,245.4
2019-05-26T10:19:58,34.1,207.9,227.1,4.6,2410.0,244.4
2019-05-26T10:20:29,34.1,204.9,233.0,4.7,2430.0,244.4
2019-05-26T10:21:00,34.2,206.7,225.9,4.8,2440.0,245.4
2019-05-26T10:21:31,34.2,208.5,220.0,4.7,2460.0,245.4
2019-05-26T10:22:02,34.1,202.0,231.9,4.7,2480.0,246.4
2019-05-26T10:22:33,34.2,211.4,221.2,4.6,2490.0,244.4
2019-05-26T10:23:04,34.2,207.3,223.0,4.7,2510.0,243.5
2019-05-26T10:23:35,34.2,202.6,224.8,4.9,2530.0,243.5
2019-05-26T10:24:06,34.2,207.9,225.4,4.8,2540.0,243.5
2019-05-26T10:24:37,34.2,207.3,232.4,4.8,2560.0,244.4
2019-05-26T10:25:08,34.2,207.9,230.7,4.8,2580.0,243.5
2019-05-26T10:25:40,34.4,206.1,226.5,4.8,2590.0,243.5
2019-05-26T10:26:11,34.5,204.3,219.4,4.9,2610.0,244.4
2019-05-26T10:26:42,34.5,206.1,233.0,4.8,2630.0,243.5
2019-05-26T10:27:13,34.5,209.1,220.6,4.7,2640.0,245.4
2019-05-26T10:27:44,34.4,203.2,224.2,4.9,2660.0,245.4
2019-05-26T10:28:15,34.4,205.5,231.9,5.0,2680.0,243.5
2019-05-26T10:28:46,34.4,202.6,228.3,4.9,2690.0,243.5
2019-05-26T10:29:17,34.4,209.1,223.6,4.8,2710.0,246.4
2019-05-26T10:29:48,34.4,207.9,231.3,4.8,2730.0,245.4
2019-05-26T10:30:19,34.5,204.9,224.8,4.9,2740.0,245.4
2019-05-26T10:30:51,34.5,207.9,221.2,4.9,2760.0,246.4
2019-05-26T10:31:22,34.4,200.2,227.7,4.9,2780.0,247.3
2019-05-26T10:31:53,34.4,203.7,231.9,5.1,2800.0,246.4
2019-05-26T10:32:24,34.6,206.7,231.3,5.0,2810.0,247.3
2019-05-26T10:32:55,34.7,205.5,224.8,5.0,2830.0,246.4
2019-05-26T10:33:26,34.7,205.5,225.4,5.0,2850.0,247.3
2019-05-26T10:33:57,34.7,206.7,220.0,5.0,2860.0,247.3
2019-05-26T10:34:28,34.8,204.9,227.1,5.0,2880.0,245.4
2019-05-26T10:34:59,34.8,202.6,224.8,5.1,2900.0,247.3
2019-05-26T10:35:30,34.8,209.1,234.8,5.0,2920.0,247.3
2019-05-26T10:36:03,34.7,204.9,227.1,5.0,2930.0,245.4
2019-05-26T10:36:34,34.6,204.9,220.0,5.0,2950.0,246.4
2019-05-26T10:37:05,34.7,205.5,225.4,5.1,2970.0,245.4
2019-05-26T10:37:36,34.8,206.1,227.1,5.0,2990.0,245.4
2019-05-26T10:38:07,34.7,204.3,231.3,5.0,3000.0,245.4
2019-05-26T10:38:38,34.6,201.4,221.2,5.1,3020.0,243.5
2019-05-26T10:39:09,34.6,202.6,221.8,5.1,3040.0,245.4
2019-05-26T10:39:40,34.8,207.3,232.4,5.1,3060.0,245.4
2019-05-26T10:40:11,34.8,206.7,228.9,5.1,3070.0,246.4
2019-05-26T10:40:42,34.8,200.8,224.2,5.2,3090.0,247.3
2019-05-26T10:41:14,34.7,200.8,225.4,5.1,3110.0,246.4
2019-05-26T10:41:45,34.7,209.1,221.2,5.1,3130.0,247.3
2019-05-26T10:42:16,34.7,206.1,222.4,5.2,3150.0,247.3
2019-05-26T10:42:47,34.8,202.0,230.1,5.1,3160.0,247.3
2019-05-26T10:43:18,35.0,206.7,230.7,5.1,3180.0,247.3
2019-05-26T10:43:49,35.0,203.2,231.3,5.2,3200.0,247.3
2019-05-26T10:44:20,35.2,205.5,231.9,5.3,3220.0,246.4
2019-05-26T10:44:51,35.0,202.0,230.1,5.3,3230.0,245.4
2019-05-26T10:45:22,35.0,208.5,230.1,5.1,3250.0,242.5
2019-05-26T10:45:53,35.0,206.7,224.8,5.1,3270.0,243.5
2019-05-26T10:46:25,35.2,203.2,230.1,5.3,3290.0,245.4
2019-05-26T10:46:56,35.2,209.7,230.1,5.0,3310.0,243.5
2019-05-26T10:47:27,34.9,202.6,231.3,5.3,3330.0,245.4
2019-05-26T10:47:58,35.0,203.2,231.3,5.3,3340.0,245.4
2019-05-26T10:48:29,34.9,202.6,231.3,5.4,3360.0,244.4
2019-05-26T10:49:00,34.8,208.5,229.5,5.1,3380.0,244.4
2019-05-26T10:49:31,34.8,201.4,232.4,5.4,3400.0,244.4
2019-05-26T10:50:02,34.8,202.0,224.8,5.4,3420.0,244.4
2019-05-26T10:50:33,34.8,203.2,231.3,5.5,3440.0,245.4
2019-05-26T10:51:05,34.8,206.1,228.9,5.4,3450.0,244.4
2019-05-26T10:51:36,34.6,202.6,232.4,5.4,3470.0,244.4
2019-05-26T10:52:07,34.5,207.3,228.9,5.3,3490.0,246.4
2019-05-26T10:52:38,34.6,203.7,219.4,5.4,3510.0,246.4
2019-05-26T10:53:09,34.4,206.7,223.0,5.3,3530.0,245.4
2019-05-26T10:53:40,34.4,203.7,225.4,5.5,3550.0,245.4
2019-05-26T10:54:11,34.5,202.6,228.9,5.5,3570.0,246.4
2019-05-26T10:54:42,34.7,202.6,223.0,5.4,3580.0,245.4
2019-05-26T10:55:13,34.8,206.1,223.6,5.5,3600.0,245.4
2019-05-26T10:55:44,34.9,202.6,224.2,5.5,3620.0,247.3
2019-05-26T10:56:16,35.0,204.3,231.9,5.5,3640.0,246.4
2019-05-26T10:56:47,34.9,208.5,231.9,5.4,3660.0,247.3
2019-05-26T10:57:18,35.0,206.1,224.2,5.5,3680.0,247.3
2019-05-26T10:57:49,35.0,201.4,222.4,5.6,3700.0,247.3
2019-05-26T10:58:20,35.0,209.1,228.3,5.4,3720.0,245.4
2019-05-26T10:58:51,34.9,204.9,233.0,5.4,3730.0,247.3
2019-05-26T10:59:22,34.8,199.6,225.4,5.6,3750.0,245.4
2019-05-26T10:59:53,34.9,204.3,222.4,5.5,3770.0,246.4
2019-05-26T11:00:24,35.0,202.6,221.2,5.6,3790.0,246.4
2019-05-26T11:00:55,35.2,207.3,223.0,5.5,3810.0,245.4
2019-05-26T11:01:27,35.3,200.8,224.2,5.6,3830.0,246.4
2019-05-26T11:01:58,35.0,202.6,228.9,5.5,3850.0,244.4
2019-05-26T11:02:29,35.2,206.1,233.0,5.4,3870.0,245.4
2019-05-26T11:03:00,35.0,199.0,228.3,5.7,3890.0,245.4
2019-05-26T11:03:31,35.2,202.6,223.6,5.7,3910.0,246.4
2019-05-26T11:04:02,34.9,205.5,223.0,5.6,3930.0,245.4
2019-05-26T11:04:33,34.9,201.4,224.8,5.6,3940.0,245.4
2019-05-26T11:05:04,34.9,207.9,221.2,5.4,3960.0,245.4
2019-05-26T11:05:35,34.8,200.8,227.1,5.8,3980.0,245.4
2019-05-26T11:06:07,35.0,206.7,223.0,5.6,4000.0,246.4
2019-05-26T11:06:38,35.3,203.7,218.3,5.7,4020.0,247.3
2019-05-26T11:07:09,35.4,203.7,223.0,5.7,4040.0,245.4
2019-05-26T11:07:40,35.4,204.9,228.9,5.6,4060.0,245.4
2019-05-26T11:08:11,35.5,206.1,221.8,5.5,4080.0,246.4
2019-05-26T11:08:42,35.6,205.5,230.7,5.6,4100.0,246.4
2019-05-26T11:09:13,35.7,200.8,217.7,5.8,4120.0,246.4
2019-05-26T11:09:44,35.6,197.8,218.8,5.7,4140.0,247.3
2019-05-26T11:10:15,35.6,206.1,224.2,5.6,4160.0,245.4
2019-05-26T11:10:46,35.6,198.4,230.7,5.8,4180.0,248.3
2019-05-26T11:11:18,35.6,201.4,226.5,5.8,4200.0,245.4
2019-05-26T11:11:49,35.6,200.2,221.8,5.7,4220.0,248.3
2019-05-26T11:12:20,35.7,203.2,222.4,5.7,4240.0,248.3
2019-05-26T11:12:51,35.7,197.8,223.0,5.8,4250.0,247.3
2019-05-26T11:13:22,35.7,198.4,225.4,5.9,4270.0,247.3
2019-05-26T11:13:53,35.7,198.4,224.8,5.8,4290.0,247.3
2019-05-26T11:14:24,35.7,199.6,220.0,5.7,4310.0,248.3
2019-05-26T11:14:55,35.9,201.4,217.7,5.8,4330.0,247.3
2019-05-26T11:15:26,36.0,202.0,221.8,5.7,4350.0,248.3
2019-05-26T11:15:58,36.1,199.6,230.1,5.9,4370.0,249.3
2019-05-26T11:16:29,36.1,203.7,228.3,5.7,4390.0,248.3
2019-05-26T11:17:00,36.1,204.3,225.4,5.8,4410.0,247.3
2019-05-26T11:17:31,36.2,199.0,225.9,5.9,4430.0,246.4
2019-05-26T11:18:02,36.2,204.3,217.7,5.6,4450.0,245.4
2019-05-26T11:18:33,36.3,196.1,221.8,5.9,4470.0,245.4
2019-05-26T11:19:04,36.4,204.3,217.1,5.6,4490.0,246.4
2019-05-26T11:19:35,36.4,202.6,228.3,5.7,4510.0,247.3
2019-05-26T11:20:06,36.4,198.4,221.8,5.9,4530.0,248.3
2019-05-26T11:20:38,36.5,199.0,219.4,5.8,4550.0,246.4
2019-05-26T11:21:09,36.4,202.6,223.6,5.8,4570.0,246.4
2019-05-26T11:21:40,36.2,202.6,223.0,5.7,4590.0,246.4
2019-05-26T11:22:11,36.1,200.2,217.1,5.9,4610.0,247.3
2019-05-26T11:22:42,36.0,197.8,218.8,5.9,4630.0,245.4
2019-05-26T11:23:13,36.0,204.3,220.6,5.7,4650.0,246.4
2019-05-26T11:23:44,36.0,197.8,227.7,5.9,4670.0,245.4
2019-05-26T11:24:15,36.1,196.1,224.2,6.0,4690.0,245.4
2019-05-26T11:24:46,36.2,198.4,224.8,5.9,4710.0,244.4
2019-05-26T11:25:17,36.4,196.7,221.8,6.0,4730.0,246.4
2019-05-26T11:25:49,36.5,202.6,224.8,5.8,4750.0,246.4
2019-05-26T11:26:20,36.5,203.2,228.3,5.8,4770.0,244.4
2019-05-26T11:26:51,36.4,200.2,227.1,6.0,4790.0,245.4
2019-05-26T11:27:22,36.5,199.0,225.4,5.9,4810.0,245.4
2019-05-26T11:27:53,36.7,202.0,221.8,5.9,4830.0,245.4
2019-05-26T11:28:24,36.8,202.0,221.2,5.9,4850.0,247.3
2019-05-26T11:28:55,36.5,200.2,215.9,5.9,4870.0,245.4
2019-05-26T11:29:26,36.7,203.2,217.1,5.9,4890.0,246.4
2019-05-26T11:29:57,36.8,198.4,218.3,6.0,4910.0,245.4
2019-05-26T11:30:28,36.9,203.2,224.2,5.9,4930.0,245.4
2019-05-26T11:31:00,36.8,204.3,228.9,5.9,4950.0,246.4
2019-05-26T11:31:31,36.8,199.0,224.8,6.1,4970.0,246.4
2019-05-26T11:32:02,36.9,197.8,223.6,6.0,4990.0,246.4
2019-05-26T11:32:33,37.0,202.6,217.1,6.0,5010.0,246.4
2019-05-26T11:33:04,36.8,200.2,218.3,6.0,5030.0,246.4
2019-05-26T11:33:35,36.7,204.9,218.8,5.9,5050.0,245.4
2019-05-26T11:34:06,36.7,197.3,214.7,6.0,5070.0,245.4
2019-05-26T11:34:37,36.8,199.0,218.3,6.1,5090.0,246.4
2019-05-26T11:35:08,36.8,202.0,224.2,5.9,5110.0,245.4
2019-05-26T11:35:39,36.8,197.8,224.8,6.1,5130.0,244.4
2019-05-26T11:36:11,36.9,197.3,225.9,6.1,5150.0,246.4
2019-05-26T11:36:42,37.0,203.2,222.4,5.9,5170.0,246.4
2019-05-26T11:37:13,37.1,200.8,221.8,6.1,5190.0,245.4
2019-05-26T11:37:44,37.1,198.4,220.0,6.0,5210.0,246.4
2019-05-26T11:38:15,37.1,202.0,215.9,6.0,5230.0,246.4
2019-05-26T11:38:46,37.0,200.2,216.5,6.1,5250.0,247.3
2019-05-26T11:39:17,36.9,195.5,217.7,6.1,5270.0,246.4
2019-05-26T11:39:48,36.9,199.0,220.0,6.1,5290.0,245.4
2019-05-26T11:40:19,37.0,203.2,220.0,5.9,5310.0,244.4
2019-05-26T11:40:50,37.1,203.2,226.5,6.0,5330.0,245.4
2019-05-26T11:41:22,37.2,198.4,223.0,6.2,5350.0,245.4
2019-05-26T11:41:53,37.4,199.0,216.5,6.1,5370.0,245.4
2019-05-26T11:42:24,37.4,198.4,218.3,6.2,5390.0,246.4
2019-05-26T11:42:55,37.4,200.8,214.1,6.0,5410.0,245.4
2019-05-26T11:43:26,37.2,197.3,213.5,6.2,5430.0,246.4
2019-05-26T11:43:57,37.2,196.1,213.5,6.1,5460.0,247.3
2019-05-26T11:44:28,37.2,203.2,217.7,6.0,5480.0,247.3
2019-05-26T11:44:59,37.4,196.1,222.4,6.2,5500.0,245.4
2019-05-26T11:45:30,37.5,196.1,218.3,6.2,5520.0,245.4
2019-05-26T11:46:01,37.6,196.7,215.9,6.2,5540.0,246.4
2019-05-26T11:46:32,37.6,200.8,215.9,6.1,5560.0,246.4
2019-05-26T11:47:03,37.7,196.7,218.8,6.1,5580.0,246.4
2019-05-26T11:47:34,37.8,200.2,217.1,6.1,5600.0,246.4
2019-05-26T11:48:05,37.8,193.7,215.9,6.3,5620.0,247.3
2019-05-26T11:48:36,37.9,200.8,221.2,6.2,5640.0,246.4
2019-05-26T11:49:07,37.9,198.4,220.0,6.3,5660.0,246.4
2019-05-26T11:49:38,38.0,200.2,223.6,6.1,5680.0,246.4
2019-05-26T11:50:09,38.0,194.3,218.3,6.2,5700.0,247.3
2019-05-26T11:50:42,37.9,200.2,214.1,6.1,5720.0,245.4
2019-05-26T11:51:13,38.0,200.2,218.3,6.2,5740.0,246.4
2019-05-26T11:51:44,38.2,198.4,217.1,6.3,5770.0,244.4
2019-05-26T11:52:15,38.2,194.3,218.8,6.4,5790.0,245.4
2019-05-26T11:52:46,38.2,199.6,212.3,6.2,5810.0,244.4
2019-05-26T11:53:17,38.3,197.8,215.9,6.3,5830.0,245.4
2019-05-26T11:53:48,38.2,196.1,217.1,6.3,5850.0,245.4
2019-05-26T11:54:19,38.2,200.2,218.3,6.2,5870.0,246.4
2019-05-26T11:54:50,38.3,196.7,221.8,6.3,5890.0,246.4
2019-05-26T11:55:21,38.3,202.0,223.6,6.0,5910.0,245.4
2019-05-26T11:55:53,38.4,194.9,221.2,6.3,5930.0,246.4
2019-05-26T11:56:25,38.4,194.9,221.2,6.3,5950.0,244.4
2019-05-26T11:56:56,38.4,200.8,220.0,6.1,5970.0,245.4
2019-05-26T11:57:27,38.5,194.9,222.4,6.4,5990.0,245.4
2019-05-26T11:57:58,38.5,193.7,221.2,6.3,6010.0,247.3
2019-05-26T11:58:29,38.5,200.2,218.8,6.2,6030.0,245.4
2019-05-26T11:59:00,38.6,197.3,219.4,6.3,6060.0,245.4
2019-05-26T11:59:31,38.6,196.1,221.2,6.3,6080.0,244.4
2019-05-26T12:00:02,38.7,194.9,220.0,6.4,6100.0,243.5
2019-05-26T12:00:33,38.6,196.7,219.4,6.3,6120.0,243.5
2019-05-26T12:01:05,38.6,196.7,218.3,6.3,6140.0,242.5
2019-05-26T12:01:36,38.6,194.9,221.8,6.4,6160.0,243.5
2019-05-26T12:02:07,38.7,199.0,224.2,6.2,6180.0,242.5
2019-05-26T12:02:38,38.6,192.5,222.4,6.5,6200.0,242.5
2019-05-26T12:03:09,38.7,200.2,225.9,6.2,6220.0,242.5
2019-05-26T12:03:40,38.7,200.8,223.6,6.2,6240.0,243.5
2019-05-26T12:04:11,38.9,200.8,217.1,6.3,6260.0,246.4
2019-05-26T12:04:42,38.9,194.9,216.5,6.3,6290.0,245.4
2019-05-26T12:05:13,38.9,198.4,220.6,6.3,6310.0,245.4
2019-05-26T12:05:44,39.0,200.8,223.0,6.3,6330.0,245.4
2019-05-26T12:06:16,39.0,200.8,215.9,6.3,6350.0,241.5
2019-05-26T12:06:47,39.1,194.9,215.3,6.3,6370.0,242.5
2019-05-26T12:07:18,39.1,197.8,214.1,6.4,6390.0,243.5
2019-05-26T12:07:49,39.1,194.9,215.9,6.5,6410.0,244.4
2019-05-26T12:08:20,39.1,197.8,223.0,6.3,6430.0,244.4
2019-05-26T12:08:51,39.0,196.1,210.0,6.3,6450.0,243.5
2019-05-26T12:09:22,39.0,197.3,218.8,6.3,6470.0,242.5
2019-05-26T12:09:53,39.1,199.0,221.8,6.2,6490.0,243.5
2019-05-26T12:10:24,39.1,197.8,215.9,6.3,6520.0,243.5
2019-05-26T12:10:55,39.2,196.1,214.7,6.4,6540.0,244.4
2019-05-26T12:11:27,39.2,196.7,215.9,6.4,6560.0,243.5
2019-05-26T12:11:58,39.2,195.5,211.2,6.4,6580.0,243.5
2019-05-26T12:12:29,39.2,194.9,215.3,6.4,6600.0,243.5
2019-05-26T12:13:00,39.3,196.7,220.0,6.3,6620.0,242.5
2019-05-26T12:13:31,39.2,196.1,223.6,6.3,6640.0,243.5
2019-05-26T12:14:02,39.3,195.5,222.4,6.4,6660.0,245.4
2019-05-26T12:14:33,39.3,196.7,218.3,6.4,6680.0,244.4
2019-05-26T12:15:04,39.3,198.4,215.9,6.3,6710.0,246.4
2019-05-26T12:15:35,39.3,200.8,217.7,6.3,6730.0,246.4
2019-05-26T12:16:07,39.3,197.8,218.8,6.3,6750.0,246.4
2019-05-26T12:16:38,39.3,194.9,222.4,6.4,6770.0,246.4
2019-05-26T12:17:09,39.3,194.3,225.4,6.5,6790.0,245.4
2019-05-26T12:17:40,39.4,193.1,219.4,6.5,6810.0,246.4
2019-05-26T12:18:11,39.4,201.4,220.0,6.1,6830.0,245.4
2019-05-26T12:18:42,39.4,199.0,224.8,6.3,6860.0,245.4
2019-05-26T12:19:13,39.4,200.8,217.1,6.2,6880.0,247.3
2019-05-26T12:19:44,39.4,199.6,214.1,6.2,6900.0,246.4
2019-05-26T12:20:15,39.4,197.8,215.3,6.4,6920.0,247.3
2019-05-26T12:20:46,39.4,196.7,224.2,6.4,6940.0,246.4
2019-05-26T12:21:18,39.4,193.1,223.0,6.1,6960.0,246.4
2019-05-26T12:21:49,39.4,200.8,225.9,6.3,6980.0,246.4
2019-05-26T12:22:20,39.5,199.6,223.6,6.2,7000.0,245.4
2019-05-26T12:22:51,39.4,194.3,220.6,6.5,7020.0,247.3
2019-05-26T12:23:22,39.4,196.7,214.1,6.5,7050.0,246.4
2019-05-26T12:23:53,39.4,196.7,218.3,6.5,7070.0,246.4
2019-05-26T12:24:24,39.4,196.1,226.5,6.1,7090.0,246.4
2019-05-26T12:24:55,39.5,200.8,219.4,6.2,7110.0,245.4
2019-05-26T12:25:26,39.5,198.4,220.6,6.1,7130.0,246.4
2019-05-26T12:25:57,39.5,184.8,220.0,6.4,7150.0,247.3
2019-05-26T12:26:29,39.5,186.6,219.4,6.5,7170.0,247.3
2019-05-26T12:27:00,39.5,189.0,217.1,6.5,7190.0,249.3
2019-05-26T12:27:31,39.5,187.8,219.4,6.5,7210.0,248.3
2019-05-26T12:28:02,39.5,185.4,218.8,6.5,7240.0,248.3
2019-05-26T12:28:33,39.5,193.7,221.2,6.5,7260.0,248.3
2019-05-26T12:29:04,39.7,191.3,214.7,6.4,7280.0,248.3
2019-05-26T12:29:35,39.7,201.4,223.0,6.2,7300.0,249.3
2019-05-26T12:30:06,39.8,193.7,219.4,6.3,7320.0,247.3
2019-05-26T12:30:37,39.8,191.9,221.2,6.5,7340.0,247.3
2019-05-26T12:31:09,39.8,189.0,212.3,6.4,7360.0,249.3
2019-05-26T12:31:40,39.9,202.0,215.9,6.1,7380.0,249.3
2019-05-26T12:32:11,39.9,195.5,222.4,6.3,7400.0,248.3
2019-05-26T12:32:42,39.9,193.7,208.8,6.5,7420.0,247.3
2019-05-26T12:33:13,39.9,190.2,207.6,6.7,7450.0,248.3
2019-05-26T12:33:44,40.0,193.7,211.7,5.7,7470.0,248.3
2019-05-26T12:34:15,40.0,188.4,213.5,5.5,7480.0,246.4
2019-05-26T12:34:46,40.0,192.5,214.7,6.7,7500.0,249.3
2019-05-26T12:35:17,40.0,193.1,212.3,6.6,7530.0,249.3
2019-05-26T12:35:48,40.1,183.7,215.3,5.8,7550.0,249.3
2019-05-26T12:36:20,40.0,192.5,213.5,6.6,7570.0,248.3
2019-05-26T12:36:51,40.0,186.6,207.6,6.5,7590.0,249.3
2019-05-26T12:37:22,39.9,188.4,223.6,6.3,7610.0,247.3
2019-05-26T12:37:53,40.0,186.0,215.3,6.5,7630.0,250.2
2019-05-26T12:38:24,40.0,191.3,218.3,6.6,7650.0,248.3
2019-05-26T12:38:55,40.0,191.9,215.9,6.7,7670.0,247.3
2019-05-26T12:39:26,40.0,193.7,211.7,6.3,7690.0,249.3
2019-05-26T12:39:57,40.1,194.9,220.0,6.4,7710.0,250.2
2019-05-26T12:40:28,40.2,191.3,210.6,6.5,7730.0,248.3
2019-05-26T12:40:59,40.2,194.9,221.2,6.3,7760.0,249.3
2019-05-26T12:41:31,40.2,205.5,215.9,5.9,7780.0,249.3
2019-05-26T12:42:02,40.2,197.8,212.9,6.4,7800.0,248.3
2019-05-26T12:42:33,40.4,193.1,217.7,6.6,7820.0,247.3
2019-05-26T12:43:04,40.4,192.5,218.3,6.1,7840.0,246.4
2019-05-26T12:43:35,40.4,194.9,218.8,6.5,7860.0,246.4
2019-05-26T12:44:06,40.5,196.1,219.4,6.4,7880.0,247.3
2019-05-26T12:44:37,40.5,192.5,215.9,6.5,7900.0,247.3
2019-05-26T12:45:08,40.5,189.0,214.1,6.2,7930.0,247.3
2019-05-26T12:45:39,40.6,195.5,215.3,6.4,7950.0,248.3
2019-05-26T12:46:11,40.6,193.1,212.3,6.4,7970.0,247.3
2019-05-26T12:46:42,40.7,196.7,211.2,6.4,7990.0,249.3
2019-05-26T12:47:13,40.7,193.1,208.8,6.3,8010.0,249.3
2019-05-26T12:47:44,40.7,197.3,219.4,6.2,8030.0,248.3
2019-05-26T12:48:15,40.7,194.9,215.3,6.1,8050.0,248.3
2019-05-26T12:48:46,40.8,194.3,214.7,6.2,8070.0,249.3
2019-05-26T12:49:17,40.8,190.8,214.1,6.5,8100.0,249.3
2019-05-26T12:49:48,40.8,195.5,215.3,5.8,8120.0,249.3
2019-05-26T12:50:19,40.8,183.1,213.5,6.4,8140.0,249.3
2019-05-26T12:50:50,40.8,183.1,211.2,6.5,8160.0,248.3
2019-05-26T12:51:22,40.7,180.1,214.7,6.6,8180.0,248.3
2019-05-26T12:51:53,40.7,184.8,210.0,6.4,8200.0,248.3
2019-05-26T12:52:24,40.7,182.5,213.5,6.5,8220.0,248.3
2019-05-26T12:52:55,40.8,189.0,214.7,6.6,8240.0,249.3
2019-05-26T12:53:26,40.8,180.7,215.9,6.6,8260.0,247.3
2019-05-26T12:53:57,40.9,177.8,220.0,6.8,8280.0,248.3
2019-05-26T12:54:28,40.9,197.8,214.7,5.8,8300.0,247.3
2019-05-26T12:54:59,40.9,198.4,208.8,6.0,8320.0,246.4
2019-05-26T12:55:30,41.0,202.6,215.9,5.7,8350.0,247.3
2019-05-26T12:56:01,41.0,207.3,211.2,5.5,8370.0,247.3
2019-05-26T12:56:32,41.0,193.7,211.2,5.9,8390.0,245.4
2019-05-26T12:57:03,41.2,189.0,208.2,6.3,8410.0,245.4
2019-05-26T12:57:34,41.2,186.0,210.6,6.6,8430.0,245.4
2019-05-26T12:58:05,41.2,190.2,218.8,6.9,8450.0,247.3
2019-05-26T12:58:36,41.2,193.1,218.8,6.1,8470.0,247.3
2019-05-26T12:59:07,41.3,188.4,214.1,6.6,8490.0,247.3
2019-05-26T12:59:38,41.3,172.4,220.6,5.8,8510.0,245.4
2019-05-26T13:00:09,41.3,178.9,211.2,2.0,8530.0,242.5
2019-05-26T13:00:41,41.3,170.7,185.1,2.9,8540.0,242.5
2019-05-26T13:01:12,41.2,160.6,195.8,1.8,8550.0,241.5
2019-05-26T13:01:43,41.2,179.5,207.0,1.5,8550.0,240.6
2019-05-26T13:02:14,41.0,202.0,221.2,1.4,8560.0,240.6
2019-05-26T13:02:45,41.0,196.7,227.7,1.8,8570.0,241.5
2019-05-26T13:03:16,41.0,199.0,225.9,1.5,8570.0,242.5
2019-05-26T13:03:47,40.9,200.2,221.2,1.7,8580.0,241.5
2019-05-26T13:04:18,40.8,209.7,220.0,1.3,8590.0,244.4
2019-05-26T13:04:49,40.6,202.6,228.3,1.4,8590.0,243.5
2019-05-26T13:05:20,40.4,180.7,212.3,1.5,8600.0,246.4
2019-05-26T13:05:52,40.4,186.0,225.9,1.6,8600.0,246.4
2019-05-26T13:06:23,40.4,190.2,214.7,1.5,8610.0,246.4
2019-05-26T13:06:54,40.4,168.3,217.7,1.8,8620.0,247.3
2019-05-26T13:07:25,40.4,154.1,230.1,2.0,8630.0,246.4
2019-05-26T13:07:56,40.4,173.0,218.3,3.1,8630.0,248.3
2019-05-26T13:08:27,40.4,166.5,220.0,1.8,8640.0,246.4
2019-05-26T13:08:58,40.4,156.5,234.2,2.0,8650.0,245.4
2019-05-26T13:09:29,40.2,165.9,226.5,3.0,8650.0,246.4
2019-05-26T13:10:00,40.2,168.9,223.0,1.6,8660.0,245.4
2019-05-26T13:10:32,40.2,146.4,233.6,2.0,8670.0,247.3
2019-05-26T13:11:03,40.2,157.7,223.0,1.8,8670.0,246.4
2019-05-26T13:11:34,40.1,164.8,236.0,1.7,8680.0,246.4
2019-05-26T13:12:05,40.1,151.2,213.5,1.9,8690.0,246.4
2019-05-26T13:12:36,40.1,140.5,199.9,1.9,8690.0,246.4
2019-05-26T13:13:07,40.1,159.4,223.0,1.6,8700.0,245.4
2019-05-26T13:13:38,40.1,184.8,228.9,1.6,8700.0,247.3
2019-05-26T13:14:09,40.0,189.6,227.7,1.4,8710.0,245.4
2019-05-26T13:14:40,39.9,182.5,220.0,1.3,8720.0,245.4
2019-05-26T13:15:11,39.8,187.2,220.6,1.3,8720.0,244.4
2019-05-26T13:15:43,39.8,189.0,223.6,1.3,8730.0,245.4
2019-05-26T13:16:14,39.8,188.4,230.1,1.2,8730.0,244.4
2019-05-26T13:16:45,39.8,187.2,223.0,1.3,8740.0,244.4
2019-05-26T13:17:16,39.8,182.5,221.2,1.3,8740.0,243.5
2019-05-26T13:17:47,39.8,185.4,234.2,1.2,8750.0,244.4
2019-05-26T13:18:18,39.7,184.8,218.8,1.2,8750.0,242.5
2019-05-26T13:18:49,39.4,185.4,228.9,1.2,8760.0,244.4
2019-05-26T13:19:20,39.2,191.9,233.6,1.3,8760.0,243.5
2019-05-26T13:19:51,39.1,191.9,230.1,1.3,8770.0,245.4
2019-05-26T13:20:22,39.2,190.8,223.0,1.2,8770.0,244.4
2019-05-26T13:20:54,39.2,180.7,237.2,1.2,8780.0,245.4
2019-05-26T13:21:26,39.2,183.1,233.0,1.2,8780.0,243.5
2019-05-26T13:21:57,39.2,183.1,232.4,1.3,8780.0,245.4
2019-05-26T13:22:28,39.2,184.3,225.9,1.3,8790.0,243.5
2019-05-26T13:22:59,39.1,184.8,225.4,1.1,8790.0,244.4
2019-05-26T13:23:30,39.1,194.3,225.9,1.2,8800.0,244.4
2019-05-26T13:24:01,39.1,193.7,236.6,1.1,8800.0,244.4
2019-05-26T13:24:32,39.1,191.9,230.1,1.1,8810.0,245.4
2019-05-26T13:25:03,39.0,181.3,235.4,1.1,8810.0,243.5
2019-05-26T13:25:34,39.0,193.7,225.9,1.1,8820.0,243.5
2019-05-26T13:26:06,39.0,191.9,230.1,1.1,8820.0,244.4
2019-05-26T13:26:37,39.0,193.7,227.1,1.1,8830.0,244.4
2019-05-26T13:27:08,38.9,182.5,234.2,1.2,8830.0,245.4
2019-05-26T13:27:39,38.9,190.8,223.0,1.2,8840.0,245.4
2019-05-26T13:28:10,38.9,190.8,223.0,1.1,8840.0,245.4
2019-05-26T13:28:41,38.7,194.3,225.4,1.1,8850.0,244.4
2019-05-26T13:29:12,38.9,192.5,223.0,1.1,8850.0,244.4
2019-05-26T13:29:43,38.6,188.4,224.8,1.0,8850.0,244.4
2019-05-26T13:30:14,38.6,188.4,232.4,0.9,8860.0,245.4
2019-05-26T13:30:45,38.5,186.6,228.9,1.0,8860.0,244.4
2019-05-26T13:31:17,38.3,189.6,234.2,1.0,8860.0,245.4
2019-05-26T13:31:48,38.3,185.4,222.4,0.9,8870.0,245.4
2019-05-26T13:32:19,38.3,185.4,230.1,0.9,8870.0,245.4
2019-05-26T13:32:50,38.3,186.0,225.9,0.8,8880.0,244.4
2019-05-26T13:33:21,38.3,186.0,228.9,0.9,8880.0,244.4
2019-05-26T13:33:52,38.4,201.4,225.9,0.7,8880.0,245.4
2019-05-26T13:34:23,38.3,215.0,227.7,0.7,8880.0,244.4
2019-05-26T13:34:54,38.4,212.0,225.4,0.7,8890.0,244.4
2019-05-26T13:35:25,38.4,203.2,226.5,0.7,8890.0,243.5
2019-05-26T13:35:56,38.4,216.2,235.4,0.6,8890.0,242.5
2019-05-26T13:36:28,38.4,196.7,217.7,0.7,8900.0,243.5
2019-05-26T13:36:59,38.4,213.8,237.2,0.7,8900.0,242.5
2019-05-26T13:37:30,38.3,203.2,215.3,0.7,8900.0,242.5
2019-05-26T13:38:01,38.3,205.5,230.1,0.6,8900.0,242.5
2019-05-26T13:38:32,38.3,201.4,231.9,0.6,8910.0,241.5
2019-05-26T13:39:03,38.3,210.2,223.0,0.6,8910.0,241.5
2019-05-26T13:39:34,38.3,206.7,231.3,0.6,8910.0,240.6
2019-05-26T13:40:05,38.3,206.7,225.4,0.5,8920.0,239.6
2019-05-26T13:40:36,38.2,202.0,234.2,0.6,8920.0,242.5
2019-05-26T13:41:08,38.2,208.5,231.9,0.6,8920.0,241.5
2019-05-26T13:41:39,38.0,208.5,225.9,0.6,8920.0,241.5
2019-05-26T13:42:10,37.9,204.3,223.0,0.5,8920.0,239.6
2019-05-26T13:42:41,37.9,201.4,231.3,0.6,8930.0,241.5
2019-05-26T13:43:12,37.9,215.6,215.3,0.5,8930.0,239.6
2019-05-26T13:43:43,37.9,197.3,232.4,0.5,8930.0,241.5
2019-05-26T13:44:14,37.9,195.5,237.8,0.6,8930.0,240.6
2019-05-26T13:44:45,37.9,205.5,228.3,0.5,8940.0,243.5
2019-05-26T13:45:16,37.9,206.7,223.0,0.6,8940.0,243.5
2019-05-26T13:45:47,37.9,210.2,230.1,0.5,8940.0,242.5
2019-05-26T13:46:19,37.8,200.2,223.6,0.5,8940.0,243.5
2019-05-26T13:46:50,37.8,179.5,232.4,0.5,8940.0,244.4
2019-05-26T13:47:21,37.9,178.3,220.6,0.6,8950.0,242.5
2019-05-26T13:47:52,37.8,189.6,211.7,0.5,8950.0,241.5
2019-05-26T13:48:23,37.8,210.8,235.4,0.5,8950.0,242.5
2019-05-26T13:48:54,37.8,204.9,228.3,0.5,8950.0,242.5
2019-05-26T13:49:25,37.7,204.9,225.4,0.6,8960.0,241.5
2019-05-26T13:49:56,37.7,206.7,234.8,0.5,8960.0,241.5
2019-05-26T13:50:27,37.7,213.8,237.2,0.5,8960.0,239.6
2019-05-26T13:50:58,37.7,197.8,222.4,0.6,8960.0,242.5
2019-05-26T13:51:30,37.6,191.9,208.2,0.6,8960.0,242.5
2019-05-26T13:52:01,37.6,185.4,201.1,0.6,8970.0,243.5
2019-05-26T13:52:32,37.6,165.4,224.2,0.7,8970.0,242.5
2019-05-26T13:53:03,37.6,152.9,243.1,0.7,8970.0,243.5
2019-05-26T13:53:34,37.6,175.4,218.8,0.7,8970.0,243.5
2019-05-26T13:54:05,37.5,187.2,220.0,0.6,8980.0,243.5
2019-05-26T13:54:36,37.6,209.1,212.3,0.7,8980.0,243.5
2019-05-26T13:55:07,37.6,216.2,223.0,0.6,8980.0,243.5
2019-05-26T13:55:38,37.6,201.4,241.3,0.6,8990.0,243.5
2019-05-26T13:56:10,37.5,182.5,215.9,0.7,8990.0,242.5
2019-05-26T13:56:41,37.5,200.8,218.3,0.7,8990.0,244.4
2019-05-26T13:57:12,37.5,187.2,238.4,0.9,9000.0,244.4
2019-05-26T13:57:43,37.5,196.1,228.3,0.8,9000.0,243.5
2019-05-26T13:58:14,37.5,217.9,228.3,0.7,9010.0,242.5
2019-05-26T13:58:45,37.5,202.0,234.2,0.9,9010.0,242.5
2019-05-26T13:59:16,37.5,180.7,227.1,0.9,9010.0,242.5
2019-05-26T13:59:47,37.5,199.0,234.8,0.9,9020.0,241.5
2019-05-26T14:00:18,37.4,177.2,222.4,1.0,9020.0,242.5
2019-05-26T14:00:49,37.4,155.9,236.0,1.2,9030.0,241.5
2019-05-26T14:01:21,37.4,176.0,225.4,1.2,9030.0,241.5
2019-05-26T14:01:52,37.4,199.6,240.1,1.0,9040.0,241.5
2019-05-26T14:02:23,37.4,193.7,238.4,1.2,9040.0,241.5
2019-05-26T14:02:54,37.4,170.7,227.1,1.5,9050.0,243.5
2019-05-26T14:03:25,37.4,159.4,215.9,1.5,9050.0,242.5
2019-05-26T14:03:56,37.2,171.9,239.0,1.6,9060.0,242.5
2019-05-26T14:04:27,37.1,166.5,224.2,1.5,9060.0,243.5
2019-05-26T14:04:58,37.0,190.8,228.3,1.5,9070.0,241.5
2019-05-26T14:05:29,37.0,168.9,241.3,1.7,9070.0,242.5
2019-05-26T14:06:00,37.1,158.9,231.3,2.0,9080.0,243.5
2019-05-26T14:06:31,37.1,161.2,232.4,2.2,9090.0,243.5
2019-05-26T14:07:02,37.1,150.0,230.1,3.2,9100.0,245.4
2019-05-26T14:07:33,37.2,159.4,240.7,2.3,9110.0,243.5
2019-05-26T14:08:04,37.1,143.5,223.6,2.0,9110.0,243.5
2019-05-26T14:08:35,37.1,148.8,237.2,2.3,9120.0,242.5
2019-05-26T14:09:06,37.2,157.1,230.1,1.7,9130.0,242.5
2019-05-26T14:09:37,37.2,144.7,244.9,2.0,9130.0,244.4
2019-05-26T14:10:08,37.2,165.9,221.8,1.9,9140.0,243.5
2019-05-26T14:10:40,37.2,157.1,215.9,2.9,9150.0,245.4
2019-05-26T14:11:11,37.2,154.1,223.6,1.6,9150.0,244.4
2019-05-26T14:11:42,37.2,153.5,231.9,1.4,9160.0,244.4
2019-05-26T14:12:13,37.4,162.4,239.5,1.2,9160.0,243.5
2019-05-26T14:12:44,37.4,183.1,228.3,1.0,9170.0,244.4
2019-05-26T14:13:15,37.4,198.4,233.0,0.9,9170.0,243.5
2019-05-26T14:13:46,37.4,188.4,231.9,0.9,9180.0,243.5
2019-05-26T14:14:17,37.4,189.0,231.3,1.1,9180.0,243.5
2019-05-26T14:14:48,37.2,207.9,251.4,0.9,9180.0,243.5
2019-05-26T14:15:19,37.2,210.8,225.9,0.8,9190.0,244.4
2019-05-26T14:15:51,37.2,208.5,235.4,0.9,9190.0,243.5
2019-05-26T14:16:23,37.2,203.7,225.9,0.9,9200.0,244.4
2019-05-26T14:16:54,37.2,211.4,225.9,0.7,9200.0,242.5
2019-05-26T14:17:25,37.1,206.1,232.4,0.8,9200.0,244.4
2019-05-26T14:17:56,37.1,206.7,228.3,0.8,9210.0,242.5
2019-05-26T14:18:27,37.1,215.0,221.2,0.7,9210.0,243.5
2019-05-26T14:18:58,37.1,217.3,227.7,0.6,9210.0,242.5
2019-05-26T14:19:29,37.0,206.1,232.4,0.7,9220.0,244.4
2019-05-26T14:20:00,37.0,200.2,214.7,0.7,9220.0,242.5
2019-05-26T14:20:31,37.1,209.1,224.2,0.7,9220.0,243.5
2019-05-26T14:21:03,37.1,211.4,228.3,0.7,9220.0,242.5
2019-05-26T14:21:34,37.0,205.5,223.0,0.6,9230.0,243.5
2019-05-26T14:22:05,37.1,209.1,232.4,0.6,9230.0,243.5
2019-05-26T14:22:36,37.1,204.9,217.1,0.6,9230.0,244.4
2019-05-26T14:23:07,37.0,205.5,230.1,0.6,9230.0,245.4
2019-05-26T14:23:38,37.0,216.2,221.8,0.5,9240.0,243.5
2019-05-26T14:24:09,37.0,199.6,230.1,0.6,9240.0,243.5
2019-05-26T14:24:40,37.0,178.9,220.6,0.7,9240.0,243.5
2019-05-26T14:25:11,37.0,187.8,220.0,0.6,9240.0,243.5
2019-05-26T14:25:42,37.0,209.1,233.0,0.6,9250.0,244.4
2019-05-26T14:26:14,37.0,202.0,216.5,0.6,9250.0,243.5
2019-05-26T14:26:45,37.0,208.5,234.8,0.6,9250.0,244.4
2019-05-26T14:27:16,37.0,204.3,213.5,0.5,9250.0,243.5
2019-05-26T14:27:47,36.9,183.1,225.9,0.6,9260.0,244.4
2019-05-26T14:28:18,36.9,190.2,221.2,0.5,9260.0,243.5
2019-05-26T14:28:49,36.9,210.2,218.3,0.6,9260.0,244.4
2019-05-26T14:29:20,36.9,200.8,233.6,0.5,9260.0,242.5
2019-05-26T14:29:51,36.9,209.1,212.3,0.5,9260.0,244.4
2019-05-26T14:30:22,36.9,202.6,228.3,0.5,9270.0,241.5
2019-05-26T14:30:54,36.8,180.1,223.6,0.5,9270.0,242.5
2019-05-26T14:31:25,36.8,183.7,208.8,0.5,9270.0,239.6
2019-05-26T14:31:56,36.8,205.5,228.3,0.5,9270.0,242.5
2019-05-26T14:32:27,36.8,204.3,224.2,0.5,9270.0,242.5
2019-05-26T14:32:58,36.8,183.1,204.1,0.5,9280.0,242.5
2019-05-26T14:33:29,36.8,189.6,224.8,0.5,9280.0,242.5
2019-05-26T14:34:00,36.8,211.4,228.3,0.5,9280.0,243.5
2019-05-26T14:34:31,36.8,197.3,211.7,0.5,9280.0,241.5
2019-05-26T14:35:02,36.8,210.8,231.9,0.5,9280.0,244.4
2019-05-26T14:35:34,36.8,199.0,221.8,0.5,9290.0,243.5
2019-05-26T14:36:05,36.8,209.1,221.2,0.5,9290.0,244.4
2019-05-26T14:36:36,36.7,198.4,234.2,0.4,9290.0,243.5
2019-05-26T14:37:07,36.7,213.2,211.7,0.5,9290.0,243.5
2019-05-26T14:37:38,36.7,197.8,230.1,0.5,9290.0,243.5
2019-05-26T14:38:09,36.7,178.3,223.0,0.5,9300.0,243.5
2019-05-26T14:38:40,36.7,190.8,222.4,0.5,9300.0,243.5
2019-05-26T14:39:11,36.7,212.6,230.7,0.4,9300.0,243.5
2019-05-26T14:39:42,36.7,195.5,211.2,0.5,9300.0,243.5
2019-05-26T14:40:13,36.5,178.9,224.2,0.5,9300.0,243.5
2019-05-26T14:40:45,36.5,200.8,241.3,0.5,9300.0,243.5
2019-05-26T14:41:16,36.5,210.8,217.1,0.4,9310.0,244.4
2019-05-26T14:41:47,36.5,190.2,220.6,0.5,9310.0,243.5
2019-05-26T14:42:18,36.5,170.1,240.7,0.6,9310.0,245.4
2019-05-26T14:42:49,36.5,148.8,224.2,0.7,9310.0,243.5
2019-05-26T14:43:20,36.5,160.0,202.3,0.6,9320.0,244.4
2019-05-26T14:43:51,36.5,181.9,223.0,0.6,9320.0,244.4
2019-05-26T14:44:22,36.5,206.7,252.0,0.7,9320.0,245.4
2019-05-26T14:44:53,36.5,225.6,233.0,0.9,9330.0,246.4
2019-05-26T14:45:24,36.5,212.0,236.6,0.6,9340.0,244.4
2019-05-26T14:45:56,36.5,190.2,224.2,0.7,9340.0,245.4
2019-05-26T14:46:27,36.5,190.8,232.4,0.7,9340.0,244.4
2019-05-26T14:46:58,36.5,171.3,237.8,0.8,9350.0,245.4
2019-05-26T14:47:29,36.5,150.0,231.3,1.0,9350.0,244.4
2019-05-26T14:48:00,36.5,153.5,228.3,1.0,9350.0,244.4
2019-05-26T14:48:31,36.5,174.2,232.4,0.9,9360.0,245.4
2019-05-26T14:49:02,36.5,177.8,237.8,0.9,9360.0,246.4
2019-05-26T14:49:33,36.4,198.4,220.0,0.8,9360.0,245.4
2019-05-26T14:50:04,36.5,219.7,233.0,0.7,9370.0,244.4
2019-05-26T14:50:36,36.4,220.3,231.9,0.7,9370.0,245.4
2019-05-26T14:51:07,36.4,199.6,237.2,0.8,9370.0,245.4
2019-05-26T14:51:38,36.5,218.5,225.9,0.8,9380.0,245.4
2019-05-26T14:52:09,36.4,220.9,230.1,0.6,9380.0,244.4
2019-05-26T14:52:40,36.4,199.0,231.9,0.7,9390.0,246.4
2019-05-26T14:53:11,36.4,180.1,224.2,0.9,9390.0,245.4
2019-05-26T14:53:42,36.4,200.8,237.8,0.8,9390.0,244.4
2019-05-26T14:54:13,36.5,217.3,226.5,0.8,9400.0,245.4
2019-05-26T14:54:44,36.4,196.7,232.4,0.8,9400.0,244.4
2019-05-26T14:55:15,36.4,189.0,224.8,0.9,9400.0,244.4
2019-05-26T14:55:47,36.5,194.3,226.5,0.9,9410.0,243.5
2019-05-26T14:56:18,36.4,185.4,228.3,0.9,9410.0,244.4
2019-05-26T14:56:49,36.4,189.0,228.3,0.8,9410.0,243.5
2019-05-26T14:57:20,36.5,183.7,227.1,0.8,9420.0,244.4
2019-05-26T14:57:51,36.4,186.0,232.4,0.7,9420.0,243.5
2019-05-26T14:58:22,36.4,187.8,220.0,0.7,9420.0,244.4
2019-05-26T14:58:53,36.4,194.3,218.8,0.8,9430.0,243.5
2019-05-26T14:59:24,36.4,189.0,217.7,0.8,9430.0,243.5
2019-05-26T14:59:55,36.4,198.4,234.8,0.6,9430.0,244.4
2019-05-26T15:00:26,36.4,217.9,218.3,0.6,9430.0,244.4
2019-05-26T15:00:58,36.4,203.7,237.2,0.6,9440.0,244.4
2019-05-26T15:01:29,36.4,211.4,215.9,0.6,9440.0,243.5
2019-05-26T15:02:00,36.4,197.8,232.4,0.7,9440.0,245.4
2019-05-26T15:02:31,36.4,213.8,224.2,0.6,9440.0,243.5
2019-05-26T15:03:02,36.4,216.2,230.7,0.5,9450.0,245.4
2019-05-26T15:03:33,36.4,194.3,210.6,0.6,9450.0,243.5
2019-05-26T15:04:04,36.3,215.6,233.6,0.5,9450.0,244.4
2019-05-26T15:04:35,36.4,209.7,228.3,0.5,9450.0,243.5
2019-05-26T15:05:06,36.3,207.9,228.3,0.5,9460.0,241.5
2019-05-26T15:05:38,36.2,204.9,226.5,0.6,9460.0,242.5
2019-05-26T15:06:09,36.3,213.8,225.9,0.5,9460.0,243.5
2019-05-26T15:06:40,36.3,199.6,232.4,0.6,9460.0,242.5
2019-05-26T15:07:11,36.3,180.1,221.2,0.6,9470.0,243.5
2019-05-26T15:07:42,36.3,178.9,237.8,0.6,9470.0,242.5
2019-05-26T15:08:13,36.3,201.4,223.0,0.5,9470.0,242.5
2019-05-26T15:08:44,36.3,183.7,228.3,0.5,9470.0,244.4
2019-05-26T15:09:15,36.3,182.5,223.6,0.6,9470.0,243.5
2019-05-26T15:09:46,36.2,204.9,224.8,0.5,9480.0,242.5
2019-05-26T15:10:17,36.3,210.2,218.8,0.5,9480.0,242.5
2019-05-26T15:10:49,36.2,189.0,228.3,0.6,9480.0,243.5
2019-05-26T15:11:20,36.2,178.9,231.9,0.6,9480.0,242.5
2019-05-26T15:11:51,36.2,201.4,216.5,0.5,9490.0,243.5
2019-05-26T15:12:22,36.3,213.2,222.4,0.5,9490.0,242.5
2019-05-26T15:12:53,36.2,192.5,233.0,0.5,9490.0,243.5
2019-05-26T15:13:24,36.2,193.1,231.9,0.5,9490.0,242.5
2019-05-26T15:13:55,36.2,207.9,221.2,0.6,9490.0,242.5
2019-05-26T15:14:26,36.2,211.4,217.7,0.5,9500.0,242.5
2019-05-26T15:14:57,36.2,197.3,234.2,0.5,9500.0,242.5
2019-05-26T15:15:28,36.2,213.2,221.2,0.5,9500.0,241.5
2019-05-26T15:16:00,36.1,196.1,218.8,0.6,9500.0,240.6
2019-05-26T15:16:31,36.1,213.8,239.0,0.5,9500.0,242.5
2019-05-26T15:17:02,36.1,196.1,218.3,0.5,9510.0,242.5
2019-05-26T15:17:33,36.1,186.6,204.6,0.5,9510.0,243.5
2019-05-26T15:18:04,36.1,209.1,221.2,0.5,9510.0,242.5
2019-05-26T15:18:35,36.1,213.2,250.2,0.6,9510.0,243.5
2019-05-26T15:19:06,36.1,193.7,257.9,0.6,9520.0,244.4
2019-05-26T15:19:37,36.1,180.1,232.4,0.7,9520.0,242.5
2019-05-26T15:20:08,36.1,157.1,233.6,0.8,9520.0,243.5
2019-05-26T15:20:40,36.1,167.7,225.4,0.7,9530.0,243.5
2019-05-26T15:21:11,36.1,157.1,230.1,0.7,9530.0,241.5
2019-05-26T15:21:42,36.1,178.9,220.6,0.7,9530.0,245.4
2019-05-26T15:22:13,36.1,201.4,241.9,0.6,9540.0,241.5
2019-05-26T15:22:44,36.1,220.9,221.2,0.6,9540.0,241.5
2019-05-26T15:23:15,36.1,203.7,241.9,0.7,9540.0,241.5
2019-05-26T15:23:46,36.1,216.7,227.7,0.6,9550.0,241.5
2019-05-26T15:24:17,36.1,212.6,223.6,0.6,9550.0,243.5
2019-05-26T15:24:48,36.1,195.5,209.4,0.7,9550.0,242.5
2019-05-26T15:25:19,36.1,178.9,232.4,0.7,9560.0,243.5
2019-05-26T15:25:51,36.1,201.4,242.5,0.6,9560.0,241.5
2019-05-26T15:26:22,36.1,217.9,231.9,0.6,9560.0,244.4
2019-05-26T15:26:53,36.1,210.8,234.8,0.6,9560.0,242.5
2019-05-26T15:27:24,36.0,216.2,224.8,0.5,9570.0,243.5
2019-05-26T15:27:55,36.1,196.7,258.5,0.8,9570.0,246.4
2019-05-26T15:28:26,36.1,174.8,228.3,0.9,9580.0,246.4
2019-05-26T15:28:57,36.1,180.7,228.3,0.9,9590.0,247.3
2019-05-26T15:29:28,36.1,201.4,228.9,0.7,9600.0,249.3
2019-05-26T15:29:59,36.1,223.2,224.2,0.7,9610.0,247.3
2019-05-26T15:30:30,36.1,227.4,230.1,0.7,9620.0,247.3
2019-05-26T15:31:02,36.1,232.7,228.9,0.6,9630.0,246.4
2019-05-26T15:31:33,36.2,230.9,231.9,0.6,9640.0,248.3
2019-05-26T15:32:04,36.2,223.8,234.2,0.6,9640.0,245.4
2019-05-26T15:32:35,36.2,224.4,228.3,0.5,9650.0,243.5
2019-05-26T15:33:06,36.2,206.7,221.2,0.4,9660.0,238.6
2019-05-26T15:33:37,36.2,196.7,228.3,0.4,9660.0,242.5
2019-05-26T15:34:08,36.2,175.4,246.6,0.4,9660.0,240.6
2019-05-26T15:34:39,36.2,168.3,225.4,0.4,9660.0,242.5
2019-05-26T15:35:10,36.2,176.6,230.1,0.4,9660.0,241.5
2019-05-26T15:35:41,36.2,197.8,225.4,0.3,9670.0,241.5
2019-05-26T15:36:13,36.2,202.0,211.7,0.3,9670.0,241.5
2019-05-26T15:36:44,36.2,185.4,215.9,0.3,9670.0,242.5
2019-05-26T15:37:15,36.1,206.7,223.0,0.3,9670.0,242.5
2019-05-26T15:37:46,36.1,215.0,241.3,0.4,9670.0,245.4
2019-05-26T15:38:17,36.1,190.2,220.6,0.5,9680.0,246.4
2019-05-26T15:38:48,36.1,187.8,231.9,0.5,9690.0,246.4
2019-05-26T15:39:19,36.1,208.5,235.4,0.4,9690.0,245.4
2019-05-26T15:39:50,36.1,230.9,234.8,0.5,9700.0,247.3
2019-05-26T15:40:21,36.1,223.2,231.9,0.5,9710.0,244.4
2019-05-26T15:40:52,36.1,225.0,225.4,0.4,9720.0,247.3
2019-05-26T15:41:24,36.1,211.4,232.4,0.5,9720.0,245.4
2019-05-26T15:41:55,36.1,223.2,226.5,0.3,9730.0,244.4
2019-05-26T15:42:26,36.1,228.0,247.2,0.0,9730.0,243.5
2019-05-26T15:42:57,36.1,241.0,217.1,0.0,9730.0,245.4
2019-05-26T15:43:28,36.1,223.2,225.9,0.3,9740.0,244.4
2019-05-26T15:43:59,36.1,219.7,223.0,0.0,9740.0,242.5
2019-05-26T15:44:30,36.1,195.5,192.2,0.3,9740.0,242.5
2019-05-26T15:45:01,36.1,183.1,198.7,0.3,9740.0,242.5
2019-05-26T15:45:32,36.0,196.7,218.8,0.2,9740.0,240.6
2019-05-26T15:46:04,36.0,192.5,207.6,0.2,9750.0,242.5
2019-05-26T15:46:35,36.0,180.7,220.6,0.2,9750.0,242.5
2019-05-26T15:47:06,36.0,200.8,212.3,0.2,9750.0,243.5
2019-05-26T15:47:37,36.0,195.5,212.3,0.2,9750.0,241.5
2019-05-26T15:48:08,35.9,173.6,212.3,0.2,9750.0,242.5
2019-05-26T15:48:39,35.9,162.4,193.4,0.2,9750.0,241.5
2019-05-26T15:49:10,35.9,184.3,206.4,0.2,9750.0,242.5
2019-05-26T15:49:41,35.7,206.1,227.7,0.2,9750.0,241.5
2019-05-26T15:50:12,35.7,187.8,213.5,0.2,9750.0,242.5
2019-05-26T15:50:43,35.7,166.5,192.2,0.2,9750.0,242.5
2019-05-26T15:51:15,35.7,146.4,171.5,0.2,9750.0,243.5
2019-05-26T15:51:46,35.6,158.3,192.2,0.2,9750.0,242.5
2019-05-26T15:52:17,35.6,178.9,214.1,0.2,9750.0,242.5
2019-05-26T15:52:48,35.6,200.8,231.9,0.2,9750.0,241.5
2019-05-26T15:53:19,35.6,203.2,219.4,0.2,9750.0,242.5
2019-05-26T15:53:50,35.5,182.5,199.9,0.2,9760.0,242.5
2019-05-26T15:54:21,35.5,161.8,201.7,0.3,9760.0,241.5
2019-05-26T15:54:52,35.5,141.1,180.4,0.3,9760.0,241.5
2019-05-26T15:55:23,35.4,131.1,200.5,0.3,9760.0,241.5
2019-05-26T15:55:54,35.4,154.1,221.2,0.2,9760.0,239.6
2019-05-26T15:56:26,35.4,174.8,208.2,0.2,9760.0,241.5
2019-05-26T15:56:57,35.3,196.7,211.7,0.2,9760.0,241.5
2019-05-26T15:57:28,35.3,199.6,232.4,0.2,9760.0,241.5
2019-05-26T15:57:59,35.3,179.5,214.1,0.2,9760.0,240.6
2019-05-26T15:58:30,35.3,157.7,193.4,0.2,9760.0,241.5
2019-05-26T15:59:01,35.2,144.7,212.9,0.2,9760.0,241.5
2019-05-26T15:59:32,35.2,164.2,233.6,0.2,9760.0,240.6
2019-05-26T16:00:03,35.2,186.0,217.7,0.2,9760.0,240.6
2019-05-26T16:00:34,35.0,206.1,196.4,0.1,9760.0,241.5
2019-05-26T16:01:06,35.0,190.2,220.6,0.2,9760.0,240.6
2019-05-26T16:01:37,35.0,169.5,210.6,0.2,9770.0,241.5
2019-05-26T16:02:08,35.0,162.4,189.9,0.2,9770.0,241.5
2019-05-26T16:02:39,34.9,183.1,192.2,0.2,9770.0,239.6
2019-05-26T16:03:10,34.9,204.3,204.6,0.2,9770.0,240.6
2019-05-26T16:03:41,34.8,195.5,214.1,0.2,9770.0,242.5
2019-05-26T16:04:12,34.8,174.2,217.7,0.2,9770.0,240.6
2019-05-26T16:04:43,34.8,154.1,197.0,0.2,9770.0,240.6
2019-05-26T16:05:14,34.8,156.5,187.5,0.2,9770.0,240.6
2019-05-26T16:05:45,34.7,177.8,210.0,0.2,9770.0,241.5
2019-05-26T16:06:17,34.7,199.6,230.7,0.2,9770.0,241.5
2019-05-26T16:06:48,34.7,204.3,223.6,0.2,9770.0,240.6
2019-05-26T16:07:19,34.7,183.1,202.3,0.2,9770.0,241.5
2019-05-26T16:07:50,34.6,162.4,191.0,0.2,9770.0,242.5
2019-05-26T16:08:21,34.6,146.4,213.5,0.2,9770.0,241.5
2019-05-26T16:08:52,34.6,167.7,234.8,0.2,9770.0,241.5
2019-05-26T16:09:23,34.5,189.0,212.9,0.2,9770.0,241.5
2019-05-26T16:09:54,34.5,209.1,192.2,0.1,9770.0,241.5
2019-05-26T16:10:25,34.5,189.0,183.3,0.2,9780.0,241.5
2019-05-26T16:10:56,34.5,168.3,204.6,0.2,9780.0,242.5
2019-05-26T16:11:28,34.4,157.7,225.9,0.2,9780.0,241.5
2019-05-26T16:11:59,34.4,179.5,233.0,0.2,9780.0,241.5
2019-05-26T16:12:30,34.4,200.2,212.3,0.2,9780.0,241.5
2019-05-26T16:13:01,34.4,203.7,189.3,0.2,9780.0,241.5
2019-05-26T16:13:32,34.2,183.1,183.3,0.2,9780.0,241.5
2019-05-26T16:14:03,34.2,170.1,205.8,0.2,9780.0,241.5
2019-05-26T16:14:34,34.2,192.5,226.5,0.2,9780.0,242.5
2019-05-26T16:15:05,34.2,210.2,228.9,0.1,9780.0,241.5
2019-05-26T16:15:36,34.1,187.2,206.4,0.2,9780.0,242.5
2019-05-26T16:16:08,34.1,167.1,183.3,0.3,9780.0,242.5
2019-05-26T16:16:39,34.1,167.7,192.8,0.2,9780.0,242.5
2019-05-26T16:17:10,34.1,190.8,213.5,0.2,9780.0,243.5
2019-05-26T16:17:41,34.0,213.2,246.1,0.3,9790.0,243.5
2019-05-26T16:18:12,34.0,207.9,239.5,0.2,9790.0,241.5
2019-05-26T16:18:43,34.0,185.4,216.5,0.2,9790.0,241.5
2019-05-26T16:19:14,34.0,164.8,196.4,0.2,9790.0,241.5
2019-05-26T16:19:45,34.0,151.8,186.3,0.2,9790.0,241.5
2019-05-26T16:20:16,33.9,172.4,208.2,0.2,9790.0,241.5
2019-05-26T16:20:47,33.9,196.1,236.0,0.2,9790.0,242.5
2019-05-26T16:21:19,33.9,217.9,250.8,0.2,9790.0,241.5
2019-05-26T16:21:50,33.9,196.1,218.8,0.3,9790.0,242.5
2019-05-26T16:22:21,33.9,174.8,241.3,0.4,9790.0,241.5
2019-05-26T16:22:52,33.8,181.9,239.5,0.4,9800.0,242.5
2019-05-26T16:23:23,33.9,178.3,227.1,0.4,9800.0,245.4
2019-05-26T16:23:54,33.8,199.6,242.5,0.4,9810.0,244.4
2019-05-26T16:24:25,33.8,207.3,236.0,0.4,9810.0,244.4
2019-05-26T16:24:56,33.8,226.8,235.4,0.3,9810.0,243.5
2019-05-26T16:25:27,33.8,217.3,237.2,0.2,9820.0,241.5
2019-05-26T16:25:58,33.8,199.0,212.9,0.3,9820.0,241.5
2019-05-26T16:26:30,33.8,177.8,193.4,0.3,9820.0,242.5
2019-05-26T16:27:01,33.8,163.6,205.8,0.3,9820.0,242.5
2019-05-26T16:27:32,33.8,184.3,192.8,0.3,9820.0,242.5
2019-05-26T16:28:03,33.8,201.4,202.3,0.2,9820.0,240.6
2019-05-26T16:28:34,33.8,205.5,186.9,0.2,9820.0,240.6
2019-05-26T16:29:05,33.8,182.5,166.2,0.2,9830.0,241.5
2019-05-26T16:29:36,33.8,176.6,176.2,0.2,9830.0,239.6
2019-05-26T16:30:07,33.8,196.1,198.1,0.3,9830.0,242.5
2019-05-26T16:30:38,33.8,219.7,221.8,0.2,9830.0,241.5
2019-05-26T16:31:10,33.8,202.0,231.3,0.3,9830.0,241.5
2019-05-26T16:31:41,33.7,181.3,249.6,0.3,9830.0,240.6
2019-05-26T16:32:12,33.7,203.2,229.5,0.2,9830.0,240.6
2019-05-26T16:32:43,33.7,203.2,214.7,0.2,9830.0,240.6
2019-05-26T16:33:14,33.7,182.5,194.6,0.2,9830.0,242.5
2019-05-26T16:33:45,33.7,160.0,183.3,0.3,9830.0,240.6
2019-05-26T16:34:16,33.7,138.8,204.6,0.4,9830.0,239.6
2019-05-26T16:34:47,33.7,128.1,225.4,0.6,9830.0,239.6
2019-05-26T16:35:18,33.7,132.3,242.5,0.7,9830.0,240.6
2019-05-26T16:35:49,33.5,111.6,220.6,0.8,9840.0,241.5
2019-05-26T16:36:21,33.5,104.5,199.9,0.8,9840.0,241.5
2019-05-26T16:36:52,33.5,123.4,208.8,0.6,9840.0,240.6
2019-05-26T16:37:23,33.5,102.7,202.3,0.9,9840.0,239.6
2019-05-26T16:37:54,33.5,116.3,181.6,0.8,9840.0,239.6
2019-05-26T16:38:25,33.5,110.4,192.2,0.7,9840.0,238.6
2019-05-26T16:38:56,33.5,106.9,212.3,0.8,9840.0,239.6
2019-05-26T16:39:27,33.5,116.3,233.6,0.6,9840.0,240.6
2019-05-26T16:39:58,33.5,107.5,230.7,0.8,9840.0,239.6
2019-05-26T16:40:29,33.5,88.6,210.0,0.0,9840.0,238.6
2019-05-26T16:41:00,33.5,112.8,201.7,0.5,9840.0,239.6
2019-05-26T16:41:31,33.4,111.0,224.2,0.6,9850.0,239.6
2019-05-26T16:42:02,33.5,112.8,237.2,0.6,9850.0,239.6
2019-05-26T16:42:33,33.4,110.4,215.9,0.8,9850.0,240.6
2019-05-26T16:43:04,33.4,114.0,207.6,0.8,9850.0,240.6
2019-05-26T16:43:35,33.4,109.2,227.7,0.8,9850.0,237.7
2019-05-26T16:44:06,33.4,118.7,231.3,0.8,9850.0,238.6
2019-05-26T16:44:37,33.4,118.7,209.4,0.8,9850.0,238.6
2019-05-26T16:45:08,33.4,137.6,192.2,0.6,9850.0,238.6
2019-05-26T16:45:40,33.4,132.9,199.9,0.6,9850.0,239.6
2019-05-26T16:46:11,33.4,118.7,178.6,0.6,9850.0,239.6
2019-05-26T16:46:42,33.3,138.8,197.0,0.5,9850.0,237.7
2019-05-26T16:47:13,33.3,131.1,216.5,0.5,9860.0,238.6
2019-05-26T16:47:44,33.3,132.3,237.8,0.4,9860.0,238.6
2019-05-26T16:48:15,33.3,132.3,230.1,0.3,9860.0,238.6
2019-05-26T16:48:46,33.3,144.1,211.2,0.3,9860.0,237.7
2019-05-26T16:49:17,33.3,164.2,189.3,0.2,9860.0,237.7
2019-05-26T16:49:48,33.3,156.5,200.5,0.2,9860.0,237.7
2019-05-26T16:50:19,33.3,141.7,221.2,0.2,9860.0,237.7
2019-05-26T16:50:51,33.3,163.0,241.9,0.2,9860.0,236.7
2019-05-26T16:51:22,33.2,182.5,218.8,0.2,9860.0,237.7
2019-05-26T16:51:53,33.2,203.2,198.7,0.1,9860.0,236.7
2019-05-26T16:52:24,33.2,202.6,214.7,0.2,9860.0,238.6
2019-05-26T16:52:55,33.2,181.9,236.6,0.2,9860.0,238.6
2019-05-26T16:53:26,33.2,178.3,225.4,0.1,9860.0,238.6
2019-05-26T16:53:57,33.1,201.4,205.8,0.0,9860.0,237.7
2019-05-26T16:54:28,33.1,180.7,208.2,0.1,9860.0,238.6
2019-05-26T16:54:59,33.1,189.0,217.7,0.0,9860.0,240.6
2019-05-26T16:55:30,33.1,188.4,201.1,0.0,9860.0,241.5
2019-05-26T16:56:02,33.1,167.1,175.7,0.1,9860.0,237.7
2019-05-26T16:56:33,33.0,145.3,157.3,0.1,9860.0,237.7
2019-05-26T16:57:04,33.0,125.8,135.4,0.0,9860.0,236.7
2019-05-26T16:57:35,33.0,137.0,127.7,0.0,9860.0,238.6
2019-05-26T16:58:06,32.9,157.1,149.0,0.1,9860.0,240.6
2019-05-26T16:58:37,32.9,178.3,168.0,0.0,9860.0,242.5
2019-05-26T16:59:08,32.7,197.8,191.0,0.0,9860.0,239.6
2019-05-26T16:59:39,32.9,196.7,208.8,0.0,9860.0,241.5
2019-05-26T17:00:10,32.7,195.5,230.7,0.0,9860.0,239.6
2019-05-26T17:00:41,32.6,194.3,217.7,0.0,9860.0,237.7
2019-05-26T17:01:13,32.6,193.1,214.7,0.0,9860.0,238.6
2019-05-26T17:01:44,32.6,191.9,212.3,0.0,9860.0,238.6
2019-05-26T17:02:15,32.6,190.8,209.4,0.0,9860.0,237.7
2019-05-26T17:02:46,32.5,189.6,205.8,0.0,9860.0,236.7
2019-05-26T17:03:17,32.5,188.4,202.3,0.0,9860.0,236.7
2019-05-26T17:03:48,32.4,187.2,197.5,0.0,9860.0,236.7
2019-05-26T17:04:19,32.4,186.0,191.6,0.0,9860.0,237.7
2019-05-26T17:04:50,32.4,184.8,190.4,0.0,9860.0,238.6
2019-05-26T17:05:21,32.4,176.6,185.7,0.0,9860.0,236.7
2019-05-26T17:05:52,32.3,102.1,183.3,0.0,9860.0,236.7
2019-05-26T17:06:24,32.3,171.3,171.5,0.0,9860.0,238.6
2019-05-26T17:06:55,32.3,165.9,166.2,0.0,9860.0,237.7
2019-05-26T17:07:26,32.2,157.7,157.9,0.0,9860.0,239.6
2019-05-26T17:07:57,32.2,144.1,144.3,0.0,9860.0,237.7
2019-05-26T17:08:28,32.0,118.1,118.3,0.0,9860.0,237.7
